# #x[m], y[m], z[m], pressure[Pa], gas saturation[-], mass fraction of CO2 in liquid[-], mass fraction of H2O in vapor[-], phase mass density gas[kg/m3], phase mass density water [kg/m3], total mass CO2[kg]
# 
5.000e-03, 5.000e-01, -1.195e+00, 1.202e+05, 0.000e+00, 1.002e-13, 0.000e+00, 2.184e+00, 9.983e+02, 2.000e-17
5.000e-03, 5.000e-01, -1.185e+00, 1.201e+05, 0.000e+00, 1.002e-13, 0.000e+00, 2.182e+00, 9.983e+02, 2.000e-17
5.000e-03, 5.000e-01, -1.175e+00, 1.200e+05, 0.000e+00, 1.002e-13, 0.000e+00, 2.181e+00, 9.983e+02, 2.000e-17
5.000e-03, 5.000e-01, -1.165e+00, 1.199e+05, 0.000e+00, 1.002e-13, 0.000e+00, 2.179e+00, 9.983e+02, 2.000e-17
5.000e-03, 5.000e-01, -1.155e+00, 1.198e+05, 0.000e+00, 1.002e-13, 0.000e+00, 2.177e+00, 9.983e+02, 2.000e-17
5.000e-03, 5.000e-01, -1.145e+00, 1.197e+05, 0.000e+00, 1.002e-13, 0.000e+00, 2.175e+00, 9.983e+02, 2.000e-17
5.000e-03, 5.000e-01, -1.135e+00, 1.196e+05, 0.000e+00, 1.002e-13, 0.000e+00, 2.173e+00, 9.983e+02, 2.000e-17
5.000e-03, 5.000e-01, -1.125e+00, 1.195e+05, 0.000e+00, 1.002e-13, 0.000e+00, 2.172e+00, 9.983e+02, 2.000e-17
5.000e-03, 5.000e-01, -1.115e+00, 1.194e+05, 0.000e+00, 1.002e-13, 0.000e+00, 2.170e+00, 9.983e+02, 2.000e-17
5.000e-03, 5.000e-01, -1.105e+00, 1.193e+05, 0.000e+00, 9.429e-10, 0.000e+00, 2.168e+00, 9.983e+02, 4.044e-13
5.000e-03, 5.000e-01, -1.095e+00, 1.192e+05, 0.000e+00, 4.933e-04, 0.000e+00, 2.167e+00, 9.984e+02, 2.118e-07
5.000e-03, 5.000e-01, -1.085e+00, 1.191e+05, 0.000e+00, 4.961e-04, 0.000e+00, 2.165e+00, 9.984e+02, 2.130e-07
5.000e-03, 5.000e-01, -1.075e+00, 1.190e+05, 0.000e+00, 4.908e-04, 0.000e+00, 2.163e+00, 9.984e+02, 2.107e-07
5.000e-03, 5.000e-01, -1.065e+00, 1.189e+05, 0.000e+00, 4.814e-04, 0.000e+00, 2.161e+00, 9.984e+02, 2.066e-07
5.000e-03, 5.000e-01, -1.055e+00, 1.188e+05, 0.000e+00, 4.687e-04, 0.000e+00, 2.159e+00, 9.983e+02, 2.012e-07
5.000e-03, 5.000e-01, -1.045e+00, 1.187e+05, 0.000e+00, 4.504e-04, 0.000e+00, 2.158e+00, 9.983e+02, 1.933e-07
5.000e-03, 5.000e-01, -1.035e+00, 1.186e+05, 0.000e+00, 4.233e-04, 0.000e+00, 2.156e+00, 9.983e+02, 1.817e-07
5.000e-03, 5.000e-01, -1.025e+00, 1.185e+05, 0.000e+00, 3.845e-04, 0.000e+00, 2.154e+00, 9.983e+02, 1.651e-07
5.000e-03, 5.000e-01, -1.015e+00, 1.185e+05, 0.000e+00, 3.337e-04, 0.000e+00, 2.152e+00, 9.983e+02, 1.432e-07
5.000e-03, 5.000e-01, -1.005e+00, 1.184e+05, 0.000e+00, 2.743e-04, 0.000e+00, 2.150e+00, 9.983e+02, 1.178e-07
5.000e-03, 5.000e-01, -9.950e-01, 1.183e+05, 0.000e+00, 2.122e-04, 0.000e+00, 2.149e+00, 9.983e+02, 9.109e-08
5.000e-03, 5.000e-01, -9.850e-01, 1.182e+05, 0.000e+00, 1.535e-04, 0.000e+00, 2.147e+00, 9.983e+02, 6.588e-08
5.000e-03, 5.000e-01, -9.750e-01, 1.181e+05, 0.000e+00, 1.030e-04, 0.000e+00, 2.145e+00, 9.983e+02, 4.422e-08
5.000e-03, 5.000e-01, -9.650e-01, 1.180e+05, 0.000e+00, 6.363e-05, 0.000e+00, 2.143e+00, 9.983e+02, 2.732e-08
5.000e-03, 5.000e-01, -9.550e-01, 1.179e+05, 0.000e+00, 3.585e-05, 0.000e+00, 2.141e+00, 9.983e+02, 1.539e-08
5.000e-03, 5.000e-01, -9.450e-01, 1.178e+05, 0.000e+00, 1.824e-05, 0.000e+00, 2.140e+00, 9.983e+02, 7.828e-09
5.000e-03, 5.000e-01, -9.350e-01, 1.177e+05, 0.000e+00, 8.281e-06, 0.000e+00, 2.138e+00, 9.983e+02, 3.555e-09
5.000e-03, 5.000e-01, -9.250e-01, 1.176e+05, 0.000e+00, 3.311e-06, 0.000e+00, 2.136e+00, 9.983e+02, 1.421e-09
5.000e-03, 5.000e-01, -9.150e-01, 1.175e+05, 0.000e+00, 1.146e-06, 0.000e+00, 2.134e+00, 9.983e+02, 4.918e-10
5.000e-03, 5.000e-01, -9.050e-01, 1.174e+05, 0.000e+00, 3.340e-07, 0.000e+00, 2.132e+00, 9.983e+02, 1.434e-10
5.000e-03, 5.000e-01, -8.950e-01, 1.188e+05, 0.000e+00, 7.808e-08, 0.000e+00, 2.158e+00, 9.983e+02, 3.395e-11
5.000e-03, 5.000e-01, -8.850e-01, 1.187e+05, 0.000e+00, 1.737e-08, 0.000e+00, 2.156e+00, 9.983e+02, 7.628e-12
5.000e-03, 5.000e-01, -8.750e-01, 1.186e+05, 0.000e+00, 3.668e-09, 0.000e+00, 2.154e+00, 9.983e+02, 1.611e-12
5.000e-03, 5.000e-01, -8.650e-01, 1.185e+05, 0.000e+00, 9.372e-10, 0.000e+00, 2.153e+00, 9.983e+02, 4.116e-13
5.000e-03, 5.000e-01, -8.550e-01, 1.184e+05, 0.000e+00, 1.222e-09, 0.000e+00, 2.151e+00, 9.983e+02, 5.365e-13
5.000e-03, 5.000e-01, -8.450e-01, 1.183e+05, 0.000e+00, 4.851e-09, 0.000e+00, 2.149e+00, 9.983e+02, 2.131e-12
5.000e-03, 5.000e-01, -8.350e-01, 1.182e+05, 0.000e+00, 1.992e-08, 0.000e+00, 2.147e+00, 9.983e+02, 8.749e-12
5.000e-03, 5.000e-01, -8.250e-01, 1.181e+05, 0.000e+00, 7.630e-08, 0.000e+00, 2.145e+00, 9.983e+02, 3.352e-11
5.000e-03, 5.000e-01, -8.150e-01, 1.180e+05, 0.000e+00, 2.702e-07, 0.000e+00, 2.144e+00, 9.983e+02, 1.187e-10
5.000e-03, 5.000e-01, -8.050e-01, 1.179e+05, 0.000e+00, 8.790e-07, 0.000e+00, 2.142e+00, 9.983e+02, 3.861e-10
5.000e-03, 5.000e-01, -7.950e-01, 1.178e+05, 0.000e+00, 2.611e-06, 0.000e+00, 2.140e+00, 9.983e+02, 1.147e-09
5.000e-03, 5.000e-01, -7.850e-01, 1.177e+05, 0.000e+00, 7.031e-06, 0.000e+00, 2.138e+00, 9.983e+02, 3.088e-09
5.000e-03, 5.000e-01, -7.750e-01, 1.176e+05, 0.000e+00, 1.703e-05, 0.000e+00, 2.136e+00, 9.983e+02, 7.482e-09
5.000e-03, 5.000e-01, -7.650e-01, 1.175e+05, 0.000e+00, 3.683e-05, 0.000e+00, 2.135e+00, 9.983e+02, 1.618e-08
5.000e-03, 5.000e-01, -7.550e-01, 1.174e+05, 0.000e+00, 7.052e-05, 0.000e+00, 2.133e+00, 9.983e+02, 3.097e-08
5.000e-03, 5.000e-01, -7.450e-01, 1.173e+05, 0.000e+00, 1.186e-04, 0.000e+00, 2.131e+00, 9.983e+02, 5.240e-08
5.000e-03, 5.000e-01, -7.350e-01, 1.157e+05, 0.000e+00, 1.751e-04, 0.000e+00, 2.102e+00, 9.983e+02, 7.867e-08
5.000e-03, 5.000e-01, -7.250e-01, 1.156e+05, 0.000e+00, 2.120e-04, 0.000e+00, 2.101e+00, 9.983e+02, 9.525e-08
5.000e-03, 5.000e-01, -7.150e-01, 1.155e+05, 0.000e+00, 2.386e-04, 0.000e+00, 2.099e+00, 9.983e+02, 1.072e-07
5.000e-03, 5.000e-01, -7.050e-01, 1.154e+05, 0.000e+00, 2.583e-04, 0.000e+00, 2.097e+00, 9.983e+02, 1.160e-07
5.000e-03, 5.000e-01, -6.950e-01, 1.153e+05, 0.000e+00, 2.738e-04, 0.000e+00, 2.095e+00, 9.983e+02, 1.230e-07
5.000e-03, 5.000e-01, -6.850e-01, 1.152e+05, 0.000e+00, 2.869e-04, 0.000e+00, 2.093e+00, 9.983e+02, 1.289e-07
5.000e-03, 5.000e-01, -6.750e-01, 1.151e+05, 0.000e+00, 2.988e-04, 0.000e+00, 2.092e+00, 9.983e+02, 1.342e-07
5.000e-03, 5.000e-01, -6.650e-01, 1.150e+05, 0.000e+00, 3.096e-04, 0.000e+00, 2.090e+00, 9.983e+02, 1.391e-07
5.000e-03, 5.000e-01, -6.550e-01, 1.149e+05, 0.000e+00, 3.192e-04, 0.000e+00, 2.088e+00, 9.983e+02, 1.434e-07
5.000e-03, 5.000e-01, -6.450e-01, 1.148e+05, 0.000e+00, 3.274e-04, 0.000e+00, 2.086e+00, 9.983e+02, 1.471e-07
5.000e-03, 5.000e-01, -6.350e-01, 1.147e+05, 0.000e+00, 3.338e-04, 0.000e+00, 2.084e+00, 9.983e+02, 1.499e-07
5.000e-03, 5.000e-01, -6.250e-01, 1.146e+05, 0.000e+00, 3.380e-04, 0.000e+00, 2.083e+00, 9.983e+02, 1.519e-07
5.000e-03, 5.000e-01, -6.150e-01, 1.145e+05, 0.000e+00, 3.400e-04, 0.000e+00, 2.081e+00, 9.983e+02, 1.527e-07
5.000e-03, 5.000e-01, -6.050e-01, 1.144e+05, 0.000e+00, 3.397e-04, 0.000e+00, 2.079e+00, 9.983e+02, 1.518e-07
5.000e-03, 5.000e-01, -5.950e-01, 1.144e+05, 0.000e+00, 3.376e-04, 0.000e+00, 2.079e+00, 9.983e+02, 1.483e-07
5.000e-03, 5.000e-01, -5.850e-01, 1.143e+05, 0.000e+00, 3.347e-04, 0.000e+00, 2.077e+00, 9.983e+02, 1.470e-07
5.000e-03, 5.000e-01, -5.750e-01, 1.142e+05, 0.000e+00, 3.315e-04, 0.000e+00, 2.075e+00, 9.983e+02, 1.456e-07
5.000e-03, 5.000e-01, -5.650e-01, 1.141e+05, 0.000e+00, 3.279e-04, 0.000e+00, 2.073e+00, 9.983e+02, 1.440e-07
5.000e-03, 5.000e-01, -5.550e-01, 1.140e+05, 0.000e+00, 3.232e-04, 0.000e+00, 2.071e+00, 9.983e+02, 1.420e-07
5.000e-03, 5.000e-01, -5.450e-01, 1.139e+05, 0.000e+00, 3.167e-04, 0.000e+00, 2.070e+00, 9.983e+02, 1.391e-07
5.000e-03, 5.000e-01, -5.350e-01, 1.138e+05, 0.000e+00, 3.074e-04, 0.000e+00, 2.068e+00, 9.983e+02, 1.350e-07
5.000e-03, 5.000e-01, -5.250e-01, 1.137e+05, 0.000e+00, 2.947e-04, 0.000e+00, 2.066e+00, 9.983e+02, 1.295e-07
5.000e-03, 5.000e-01, -5.150e-01, 1.136e+05, 0.000e+00, 2.786e-04, 0.000e+00, 2.064e+00, 9.983e+02, 1.224e-07
5.000e-03, 5.000e-01, -5.050e-01, 1.135e+05, 0.000e+00, 2.598e-04, 0.000e+00, 2.063e+00, 9.983e+02, 1.136e-07
5.000e-03, 5.000e-01, -4.950e-01, 1.136e+05, 0.000e+00, 2.409e-04, 0.000e+00, 2.064e+00, 9.983e+02, 1.034e-07
5.000e-03, 5.000e-01, -4.850e-01, 1.135e+05, 0.000e+00, 2.254e-04, 0.000e+00, 2.063e+00, 9.983e+02, 9.674e-08
5.000e-03, 5.000e-01, -4.750e-01, 1.135e+05, 0.000e+00, 2.163e-04, 0.000e+00, 2.061e+00, 9.983e+02, 9.285e-08
5.000e-03, 5.000e-01, -4.650e-01, 1.131e+05, 0.000e+00, 2.171e-04, 0.000e+00, 2.054e+00, 9.983e+02, 9.320e-08
5.000e-03, 5.000e-01, -4.550e-01, 1.130e+05, 0.000e+00, 2.155e-04, 0.000e+00, 2.052e+00, 9.983e+02, 9.253e-08
5.000e-03, 5.000e-01, -4.450e-01, 1.129e+05, 0.000e+00, 2.123e-04, 0.000e+00, 2.050e+00, 9.983e+02, 9.112e-08
5.000e-03, 5.000e-01, -4.350e-01, 1.128e+05, 0.000e+00, 2.082e-04, 0.000e+00, 2.048e+00, 9.983e+02, 8.938e-08
5.000e-03, 5.000e-01, -4.250e-01, 1.127e+05, 0.000e+00, 2.034e-04, 0.000e+00, 2.047e+00, 9.983e+02, 8.732e-08
5.000e-03, 5.000e-01, -4.150e-01, 1.126e+05, 0.000e+00, 1.979e-04, 0.000e+00, 2.045e+00, 9.983e+02, 8.495e-08
5.000e-03, 5.000e-01, -4.050e-01, 1.125e+05, 0.000e+00, 1.917e-04, 0.000e+00, 2.043e+00, 9.983e+02, 8.229e-08
5.000e-03, 5.000e-01, -3.950e-01, 1.124e+05, 0.000e+00, 1.848e-04, 0.000e+00, 2.041e+00, 9.983e+02, 7.935e-08
5.000e-03, 5.000e-01, -3.850e-01, 1.123e+05, 0.000e+00, 1.771e-04, 0.000e+00, 2.039e+00, 9.983e+02, 7.601e-08
5.000e-03, 5.000e-01, -3.750e-01, 1.122e+05, 0.000e+00, 1.676e-04, 0.000e+00, 2.038e+00, 9.983e+02, 7.193e-08
5.000e-03, 5.000e-01, -3.650e-01, 1.121e+05, 0.000e+00, 1.548e-04, 0.000e+00, 2.036e+00, 9.983e+02, 6.843e-08
5.000e-03, 5.000e-01, -3.550e-01, 1.120e+05, 0.000e+00, 1.383e-04, 0.000e+00, 2.034e+00, 9.983e+02, 6.211e-08
5.000e-03, 5.000e-01, -3.450e-01, 1.119e+05, 0.000e+00, 1.185e-04, 0.000e+00, 2.033e+00, 9.983e+02, 5.322e-08
5.000e-03, 5.000e-01, -3.350e-01, 1.118e+05, 0.000e+00, 9.639e-05, 0.000e+00, 2.031e+00, 9.983e+02, 4.330e-08
5.000e-03, 5.000e-01, -3.250e-01, 1.117e+05, 0.000e+00, 7.387e-05, 0.000e+00, 2.029e+00, 9.983e+02, 3.318e-08
5.000e-03, 5.000e-01, -3.150e-01, 1.116e+05, 0.000e+00, 5.294e-05, 0.000e+00, 2.027e+00, 9.983e+02, 2.378e-08
5.000e-03, 5.000e-01, -3.050e-01, 1.115e+05, 0.000e+00, 3.519e-05, 0.000e+00, 2.025e+00, 9.983e+02, 1.581e-08
5.000e-03, 5.000e-01, -2.950e-01, 1.114e+05, 0.000e+00, 2.149e-05, 0.000e+00, 2.024e+00, 9.983e+02, 9.652e-09
5.000e-03, 5.000e-01, -2.850e-01, 1.113e+05, 0.000e+00, 1.194e-05, 0.000e+00, 2.022e+00, 9.983e+02, 5.331e-09
5.000e-03, 5.000e-01, -2.750e-01, 1.113e+05, 0.000e+00, 6.057e-06, 0.000e+00, 2.021e+00, 9.983e+02, 2.660e-09
5.000e-03, 5.000e-01, -2.650e-01, 1.112e+05, 0.000e+00, 2.820e-06, 0.000e+00, 2.020e+00, 9.983e+02, 1.238e-09
5.000e-03, 5.000e-01, -2.550e-01, 1.111e+05, 0.000e+00, 1.207e-06, 0.000e+00, 2.018e+00, 9.983e+02, 5.302e-10
5.000e-03, 5.000e-01, -2.450e-01, 1.110e+05, 0.000e+00, 4.741e-07, 0.000e+00, 2.016e+00, 9.983e+02, 2.082e-10
5.000e-03, 5.000e-01, -2.350e-01, 1.109e+05, 0.000e+00, 1.703e-07, 0.000e+00, 2.014e+00, 9.983e+02, 7.480e-11
5.000e-03, 5.000e-01, -2.250e-01, 1.108e+05, 0.000e+00, 5.574e-08, 0.000e+00, 2.012e+00, 9.983e+02, 2.448e-11
5.000e-03, 5.000e-01, -2.150e-01, 1.107e+05, 0.000e+00, 1.655e-08, 0.000e+00, 2.011e+00, 9.983e+02, 7.269e-12
5.000e-03, 5.000e-01, -2.050e-01, 1.106e+05, 0.000e+00, 4.440e-09, 0.000e+00, 2.009e+00, 9.983e+02, 1.943e-12
5.000e-03, 5.000e-01, -1.950e-01, 1.107e+05, 0.000e+00, 1.091e-09, 0.000e+00, 2.011e+00, 9.983e+02, 4.681e-13
5.000e-03, 5.000e-01, -1.850e-01, 1.106e+05, 0.000e+00, 2.485e-10, 0.000e+00, 2.009e+00, 9.983e+02, 1.067e-13
5.000e-03, 5.000e-01, -1.750e-01, 1.105e+05, 0.000e+00, 5.422e-11, 0.000e+00, 2.007e+00, 9.983e+02, 2.327e-14
5.000e-03, 5.000e-01, -1.650e-01, 1.104e+05, 0.000e+00, 1.190e-11, 0.000e+00, 2.005e+00, 9.983e+02, 5.110e-15
5.000e-03, 5.000e-01, -1.550e-01, 1.103e+05, 0.000e+00, 2.935e-12, 0.000e+00, 2.004e+00, 9.983e+02, 1.260e-15
5.000e-03, 5.000e-01, -1.450e-01, 1.102e+05, 0.000e+00, 9.398e-13, 0.000e+00, 2.002e+00, 9.983e+02, 4.039e-16
5.000e-03, 5.000e-01, -1.350e-01, 1.113e+05, 0.000e+00, 4.161e-13, 0.000e+00, 2.022e+00, 9.983e+02, 1.828e-16
5.000e-03, 5.000e-01, -1.250e-01, 1.112e+05, 0.000e+00, 2.447e-13, 0.000e+00, 2.020e+00, 9.983e+02, 1.075e-16
5.000e-03, 5.000e-01, -1.150e-01, 1.111e+05, 0.000e+00, 1.721e-13, 0.000e+00, 2.018e+00, 9.983e+02, 7.561e-17
5.000e-03, 5.000e-01, -1.050e-01, 1.110e+05, 0.000e+00, 1.368e-13, 0.000e+00, 2.017e+00, 9.983e+02, 6.008e-17
5.000e-03, 5.000e-01, -9.500e-02, 1.109e+05, 0.000e+00, 1.184e-13, 0.000e+00, 2.015e+00, 9.983e+02, 5.202e-17
5.000e-03, 5.000e-01, -8.500e-02, 1.108e+05, 0.000e+00, 1.089e-13, 0.000e+00, 2.013e+00, 9.983e+02, 4.783e-17
5.000e-03, 5.000e-01, -7.500e-02, 1.107e+05, 0.000e+00, 1.041e-13, 0.000e+00, 2.011e+00, 9.983e+02, 4.572e-17
5.000e-03, 5.000e-01, -6.500e-02, 1.106e+05, 0.000e+00, 1.018e-13, 0.000e+00, 2.009e+00, 9.983e+02, 4.472e-17
5.000e-03, 5.000e-01, -5.500e-02, 1.105e+05, 0.000e+00, 1.008e-13, 0.000e+00, 2.008e+00, 9.983e+02, 4.429e-17
5.000e-03, 5.000e-01, -4.500e-02, 1.104e+05, 0.000e+00, 1.004e-13, 0.000e+00, 2.006e+00, 9.983e+02, 4.410e-17
5.000e-03, 5.000e-01, -3.500e-02, 1.103e+05, 0.000e+00, 1.003e-13, 0.000e+00, 2.004e+00, 9.983e+02, 4.404e-17
5.000e-03, 5.000e-01, -2.500e-02, 1.102e+05, 0.000e+00, 1.002e-13, 0.000e+00, 2.002e+00, 9.983e+02, 4.401e-17
5.000e-03, 5.000e-01, -1.500e-02, 1.101e+05, 0.000e+00, 1.002e-13, 0.000e+00, 2.000e+00, 9.983e+02, 4.400e-17
5.000e-03, 5.000e-01, -5.000e-03, 1.100e+05, 0.000e+00, 1.002e-13, 0.000e+00, 1.999e+00, 9.983e+02, 4.400e-17
1.500e-02, 5.000e-01, -1.195e+00, 1.202e+05, 0.000e+00, 1.002e-13, 0.000e+00, 2.184e+00, 9.983e+02, 2.000e-17
1.500e-02, 5.000e-01, -1.185e+00, 1.201e+05, 0.000e+00, 1.002e-13, 0.000e+00, 2.182e+00, 9.983e+02, 2.000e-17
1.500e-02, 5.000e-01, -1.175e+00, 1.200e+05, 0.000e+00, 1.002e-13, 0.000e+00, 2.181e+00, 9.983e+02, 2.000e-17
1.500e-02, 5.000e-01, -1.165e+00, 1.199e+05, 0.000e+00, 1.002e-13, 0.000e+00, 2.179e+00, 9.983e+02, 2.000e-17
1.500e-02, 5.000e-01, -1.155e+00, 1.198e+05, 0.000e+00, 1.002e-13, 0.000e+00, 2.177e+00, 9.983e+02, 2.000e-17
1.500e-02, 5.000e-01, -1.145e+00, 1.197e+05, 0.000e+00, 1.002e-13, 0.000e+00, 2.175e+00, 9.983e+02, 2.000e-17
1.500e-02, 5.000e-01, -1.135e+00, 1.196e+05, 0.000e+00, 1.002e-13, 0.000e+00, 2.173e+00, 9.983e+02, 2.000e-17
1.500e-02, 5.000e-01, -1.125e+00, 1.195e+05, 0.000e+00, 1.002e-13, 0.000e+00, 2.172e+00, 9.983e+02, 2.000e-17
1.500e-02, 5.000e-01, -1.115e+00, 1.194e+05, 0.000e+00, 1.002e-13, 0.000e+00, 2.170e+00, 9.983e+02, 2.000e-17
1.500e-02, 5.000e-01, -1.105e+00, 1.193e+05, 0.000e+00, 9.715e-10, 0.000e+00, 2.168e+00, 9.983e+02, 4.167e-13
1.500e-02, 5.000e-01, -1.095e+00, 1.192e+05, 0.000e+00, 5.084e-04, 0.000e+00, 2.167e+00, 9.984e+02, 2.182e-07
1.500e-02, 5.000e-01, -1.085e+00, 1.191e+05, 0.000e+00, 5.216e-04, 0.000e+00, 2.165e+00, 9.984e+02, 2.239e-07
1.500e-02, 5.000e-01, -1.075e+00, 1.190e+05, 0.000e+00, 5.141e-04, 0.000e+00, 2.163e+00, 9.984e+02, 2.207e-07
1.500e-02, 5.000e-01, -1.065e+00, 1.189e+05, 0.000e+00, 4.959e-04, 0.000e+00, 2.161e+00, 9.984e+02, 2.129e-07
1.500e-02, 5.000e-01, -1.055e+00, 1.188e+05, 0.000e+00, 4.763e-04, 0.000e+00, 2.159e+00, 9.984e+02, 2.045e-07
1.500e-02, 5.000e-01, -1.045e+00, 1.187e+05, 0.000e+00, 4.532e-04, 0.000e+00, 2.158e+00, 9.983e+02, 1.945e-07
1.500e-02, 5.000e-01, -1.035e+00, 1.186e+05, 0.000e+00, 4.233e-04, 0.000e+00, 2.156e+00, 9.983e+02, 1.817e-07
1.500e-02, 5.000e-01, -1.025e+00, 1.185e+05, 0.000e+00, 3.835e-04, 0.000e+00, 2.154e+00, 9.983e+02, 1.646e-07
1.500e-02, 5.000e-01, -1.015e+00, 1.185e+05, 0.000e+00, 3.327e-04, 0.000e+00, 2.152e+00, 9.983e+02, 1.428e-07
1.500e-02, 5.000e-01, -1.005e+00, 1.184e+05, 0.000e+00, 2.738e-04, 0.000e+00, 2.150e+00, 9.983e+02, 1.175e-07
1.500e-02, 5.000e-01, -9.950e-01, 1.183e+05, 0.000e+00, 2.120e-04, 0.000e+00, 2.149e+00, 9.983e+02, 9.099e-08
1.500e-02, 5.000e-01, -9.850e-01, 1.182e+05, 0.000e+00, 1.534e-04, 0.000e+00, 2.147e+00, 9.983e+02, 6.585e-08
1.500e-02, 5.000e-01, -9.750e-01, 1.181e+05, 0.000e+00, 1.030e-04, 0.000e+00, 2.145e+00, 9.983e+02, 4.422e-08
1.500e-02, 5.000e-01, -9.650e-01, 1.180e+05, 0.000e+00, 6.366e-05, 0.000e+00, 2.143e+00, 9.983e+02, 2.732e-08
1.500e-02, 5.000e-01, -9.550e-01, 1.179e+05, 0.000e+00, 3.588e-05, 0.000e+00, 2.141e+00, 9.983e+02, 1.540e-08
1.500e-02, 5.000e-01, -9.450e-01, 1.178e+05, 0.000e+00, 1.827e-05, 0.000e+00, 2.140e+00, 9.983e+02, 7.842e-09
1.500e-02, 5.000e-01, -9.350e-01, 1.177e+05, 0.000e+00, 8.313e-06, 0.000e+00, 2.138e+00, 9.983e+02, 3.568e-09
1.500e-02, 5.000e-01, -9.250e-01, 1.176e+05, 0.000e+00, 3.339e-06, 0.000e+00, 2.136e+00, 9.983e+02, 1.433e-09
1.500e-02, 5.000e-01, -9.150e-01, 1.175e+05, 0.000e+00, 1.167e-06, 0.000e+00, 2.134e+00, 9.983e+02, 5.010e-10
1.500e-02, 5.000e-01, -9.050e-01, 1.174e+05, 0.000e+00, 3.488e-07, 0.000e+00, 2.132e+00, 9.983e+02, 1.497e-10
1.500e-02, 5.000e-01, -8.950e-01, 1.173e+05, 0.000e+00, 8.733e-08, 0.000e+00, 2.131e+00, 9.983e+02, 3.781e-11
1.500e-02, 5.000e-01, -8.850e-01, 1.187e+05, 0.000e+00, 1.935e-08, 0.000e+00, 2.156e+00, 9.983e+02, 8.498e-12
1.500e-02, 5.000e-01, -8.750e-01, 1.186e+05, 0.000e+00, 4.065e-09, 0.000e+00, 2.154e+00, 9.983e+02, 1.785e-12
1.500e-02, 5.000e-01, -8.650e-01, 1.185e+05, 0.000e+00, 1.031e-09, 0.000e+00, 2.153e+00, 9.983e+02, 4.530e-13
1.500e-02, 5.000e-01, -8.550e-01, 1.184e+05, 0.000e+00, 1.319e-09, 0.000e+00, 2.151e+00, 9.983e+02, 5.793e-13
1.500e-02, 5.000e-01, -8.450e-01, 1.183e+05, 0.000e+00, 5.198e-09, 0.000e+00, 2.149e+00, 9.983e+02, 2.283e-12
1.500e-02, 5.000e-01, -8.350e-01, 1.182e+05, 0.000e+00, 2.125e-08, 0.000e+00, 2.147e+00, 9.983e+02, 9.333e-12
1.500e-02, 5.000e-01, -8.250e-01, 1.181e+05, 0.000e+00, 8.105e-08, 0.000e+00, 2.145e+00, 9.983e+02, 3.560e-11
1.500e-02, 5.000e-01, -8.150e-01, 1.180e+05, 0.000e+00, 2.858e-07, 0.000e+00, 2.144e+00, 9.983e+02, 1.255e-10
1.500e-02, 5.000e-01, -8.050e-01, 1.179e+05, 0.000e+00, 9.263e-07, 0.000e+00, 2.142e+00, 9.983e+02, 4.069e-10
1.500e-02, 5.000e-01, -7.950e-01, 1.178e+05, 0.000e+00, 2.742e-06, 0.000e+00, 2.140e+00, 9.983e+02, 1.204e-09
1.500e-02, 5.000e-01, -7.850e-01, 1.177e+05, 0.000e+00, 7.359e-06, 0.000e+00, 2.138e+00, 9.983e+02, 3.232e-09
1.500e-02, 5.000e-01, -7.750e-01, 1.176e+05, 0.000e+00, 1.778e-05, 0.000e+00, 2.136e+00, 9.983e+02, 7.809e-09
1.500e-02, 5.000e-01, -7.650e-01, 1.175e+05, 0.000e+00, 3.836e-05, 0.000e+00, 2.135e+00, 9.983e+02, 1.685e-08
1.500e-02, 5.000e-01, -7.550e-01, 1.174e+05, 0.000e+00, 7.341e-05, 0.000e+00, 2.133e+00, 9.983e+02, 3.224e-08
1.500e-02, 5.000e-01, -7.450e-01, 1.173e+05, 0.000e+00, 1.240e-04, 0.000e+00, 2.131e+00, 9.983e+02, 5.470e-08
1.500e-02, 5.000e-01, -7.350e-01, 1.157e+05, 0.000e+00, 1.864e-04, 0.000e+00, 2.102e+00, 9.983e+02, 8.374e-08
1.500e-02, 5.000e-01, -7.250e-01, 1.156e+05, 0.000e+00, 2.407e-04, 0.000e+00, 2.101e+00, 9.983e+02, 1.082e-07
1.500e-02, 5.000e-01, -7.150e-01, 1.155e+05, 0.000e+00, 2.775e-04, 0.000e+00, 2.099e+00, 9.983e+02, 1.246e-07
1.500e-02, 5.000e-01, -7.050e-01, 1.154e+05, 0.000e+00, 3.002e-04, 0.000e+00, 2.097e+00, 9.983e+02, 1.349e-07
1.500e-02, 5.000e-01, -6.950e-01, 1.153e+05, 0.000e+00, 3.155e-04, 0.000e+00, 2.095e+00, 9.983e+02, 1.417e-07
1.500e-02, 5.000e-01, -6.850e-01, 1.152e+05, 0.000e+00, 3.274e-04, 0.000e+00, 2.093e+00, 9.983e+02, 1.471e-07
1.500e-02, 5.000e-01, -6.750e-01, 1.151e+05, 0.000e+00, 3.370e-04, 0.000e+00, 2.092e+00, 9.983e+02, 1.514e-07
1.500e-02, 5.000e-01, -6.650e-01, 1.150e+05, 0.000e+00, 3.446e-04, 0.000e+00, 2.090e+00, 9.983e+02, 1.548e-07
1.500e-02, 5.000e-01, -6.550e-01, 1.149e+05, 0.000e+00, 3.502e-04, 0.000e+00, 2.088e+00, 9.983e+02, 1.573e-07
1.500e-02, 5.000e-01, -6.450e-01, 1.148e+05, 0.000e+00, 3.540e-04, 0.000e+00, 2.086e+00, 9.983e+02, 1.590e-07
1.500e-02, 5.000e-01, -6.350e-01, 1.147e+05, 0.000e+00, 3.561e-04, 0.000e+00, 2.084e+00, 9.983e+02, 1.600e-07
1.500e-02, 5.000e-01, -6.250e-01, 1.146e+05, 0.000e+00, 3.565e-04, 0.000e+00, 2.083e+00, 9.983e+02, 1.602e-07
1.500e-02, 5.000e-01, -6.150e-01, 1.145e+05, 0.000e+00, 3.552e-04, 0.000e+00, 2.081e+00, 9.983e+02, 1.596e-07
1.500e-02, 5.000e-01, -6.050e-01, 1.144e+05, 0.000e+00, 3.530e-04, 0.000e+00, 2.079e+00, 9.983e+02, 1.583e-07
1.500e-02, 5.000e-01, -5.950e-01, 1.144e+05, 0.000e+00, 3.515e-04, 0.000e+00, 2.079e+00, 9.983e+02, 1.544e-07
1.500e-02, 5.000e-01, -5.850e-01, 1.143e+05, 0.000e+00, 3.505e-04, 0.000e+00, 2.077e+00, 9.983e+02, 1.540e-07
1.500e-02, 5.000e-01, -5.750e-01, 1.142e+05, 0.000e+00, 3.501e-04, 0.000e+00, 2.075e+00, 9.983e+02, 1.538e-07
1.500e-02, 5.000e-01, -5.650e-01, 1.141e+05, 0.000e+00, 3.489e-04, 0.000e+00, 2.073e+00, 9.983e+02, 1.532e-07
1.500e-02, 5.000e-01, -5.550e-01, 1.140e+05, 0.000e+00, 3.449e-04, 0.000e+00, 2.071e+00, 9.983e+02, 1.515e-07
1.500e-02, 5.000e-01, -5.450e-01, 1.139e+05, 0.000e+00, 3.371e-04, 0.000e+00, 2.070e+00, 9.983e+02, 1.481e-07
1.500e-02, 5.000e-01, -5.350e-01, 1.138e+05, 0.000e+00, 3.249e-04, 0.000e+00, 2.068e+00, 9.983e+02, 1.427e-07
1.500e-02, 5.000e-01, -5.250e-01, 1.137e+05, 0.000e+00, 3.087e-04, 0.000e+00, 2.066e+00, 9.983e+02, 1.356e-07
1.500e-02, 5.000e-01, -5.150e-01, 1.136e+05, 0.000e+00, 2.893e-04, 0.000e+00, 2.064e+00, 9.983e+02, 1.271e-07
1.500e-02, 5.000e-01, -5.050e-01, 1.135e+05, 0.000e+00, 2.687e-04, 0.000e+00, 2.063e+00, 9.983e+02, 1.178e-07
1.500e-02, 5.000e-01, -4.950e-01, 1.136e+05, 0.000e+00, 2.495e-04, 0.000e+00, 2.064e+00, 9.983e+02, 1.071e-07
1.500e-02, 5.000e-01, -4.850e-01, 1.135e+05, 0.000e+00, 2.351e-04, 0.000e+00, 2.063e+00, 9.983e+02, 1.009e-07
1.500e-02, 5.000e-01, -4.750e-01, 1.135e+05, 0.000e+00, 2.284e-04, 0.000e+00, 2.061e+00, 9.983e+02, 9.805e-08
1.500e-02, 5.000e-01, -4.650e-01, 1.131e+05, 0.000e+00, 2.336e-04, 0.000e+00, 2.054e+00, 9.983e+02, 1.003e-07
1.500e-02, 5.000e-01, -4.550e-01, 1.130e+05, 0.000e+00, 2.326e-04, 0.000e+00, 2.052e+00, 9.983e+02, 9.984e-08
1.500e-02, 5.000e-01, -4.450e-01, 1.129e+05, 0.000e+00, 2.273e-04, 0.000e+00, 2.050e+00, 9.983e+02, 9.757e-08
1.500e-02, 5.000e-01, -4.350e-01, 1.128e+05, 0.000e+00, 2.198e-04, 0.000e+00, 2.048e+00, 9.983e+02, 9.435e-08
1.500e-02, 5.000e-01, -4.250e-01, 1.127e+05, 0.000e+00, 2.119e-04, 0.000e+00, 2.047e+00, 9.983e+02, 9.096e-08
1.500e-02, 5.000e-01, -4.150e-01, 1.126e+05, 0.000e+00, 2.039e-04, 0.000e+00, 2.045e+00, 9.983e+02, 8.752e-08
1.500e-02, 5.000e-01, -4.050e-01, 1.125e+05, 0.000e+00, 1.958e-04, 0.000e+00, 2.043e+00, 9.983e+02, 8.405e-08
1.500e-02, 5.000e-01, -3.950e-01, 1.124e+05, 0.000e+00, 1.875e-04, 0.000e+00, 2.041e+00, 9.983e+02, 8.050e-08
1.500e-02, 5.000e-01, -3.850e-01, 1.123e+05, 0.000e+00, 1.787e-04, 0.000e+00, 2.039e+00, 9.983e+02, 7.671e-08
1.500e-02, 5.000e-01, -3.750e-01, 1.122e+05, 0.000e+00, 1.684e-04, 0.000e+00, 2.038e+00, 9.983e+02, 7.229e-08
1.500e-02, 5.000e-01, -3.650e-01, 1.121e+05, 0.000e+00, 1.552e-04, 0.000e+00, 2.036e+00, 9.983e+02, 6.837e-08
1.500e-02, 5.000e-01, -3.550e-01, 1.120e+05, 0.000e+00, 1.383e-04, 0.000e+00, 2.034e+00, 9.983e+02, 6.214e-08
1.500e-02, 5.000e-01, -3.450e-01, 1.119e+05, 0.000e+00, 1.184e-04, 0.000e+00, 2.033e+00, 9.983e+02, 5.319e-08
1.500e-02, 5.000e-01, -3.350e-01, 1.118e+05, 0.000e+00, 9.634e-05, 0.000e+00, 2.031e+00, 9.983e+02, 4.328e-08
1.500e-02, 5.000e-01, -3.250e-01, 1.117e+05, 0.000e+00, 7.391e-05, 0.000e+00, 2.029e+00, 9.983e+02, 3.320e-08
1.500e-02, 5.000e-01, -3.150e-01, 1.116e+05, 0.000e+00, 5.307e-05, 0.000e+00, 2.027e+00, 9.983e+02, 2.384e-08
1.500e-02, 5.000e-01, -3.050e-01, 1.115e+05, 0.000e+00, 3.538e-05, 0.000e+00, 2.025e+00, 9.983e+02, 1.589e-08
1.500e-02, 5.000e-01, -2.950e-01, 1.114e+05, 0.000e+00, 2.171e-05, 0.000e+00, 2.024e+00, 9.983e+02, 9.751e-09
1.500e-02, 5.000e-01, -2.850e-01, 1.113e+05, 0.000e+00, 1.216e-05, 0.000e+00, 2.022e+00, 9.983e+02, 5.451e-09
1.500e-02, 5.000e-01, -2.750e-01, 1.113e+05, 0.000e+00, 6.209e-06, 0.000e+00, 2.021e+00, 9.983e+02, 2.727e-09
1.500e-02, 5.000e-01, -2.650e-01, 1.112e+05, 0.000e+00, 2.898e-06, 0.000e+00, 2.020e+00, 9.983e+02, 1.273e-09
1.500e-02, 5.000e-01, -2.550e-01, 1.111e+05, 0.000e+00, 1.245e-06, 0.000e+00, 2.018e+00, 9.983e+02, 5.468e-10
1.500e-02, 5.000e-01, -2.450e-01, 1.110e+05, 0.000e+00, 4.909e-07, 0.000e+00, 2.016e+00, 9.983e+02, 2.156e-10
1.500e-02, 5.000e-01, -2.350e-01, 1.109e+05, 0.000e+00, 1.770e-07, 0.000e+00, 2.014e+00, 9.983e+02, 7.776e-11
1.500e-02, 5.000e-01, -2.250e-01, 1.108e+05, 0.000e+00, 5.820e-08, 0.000e+00, 2.012e+00, 9.983e+02, 2.557e-11
1.500e-02, 5.000e-01, -2.150e-01, 1.107e+05, 0.000e+00, 1.739e-08, 0.000e+00, 2.011e+00, 9.983e+02, 7.636e-12
1.500e-02, 5.000e-01, -2.050e-01, 1.106e+05, 0.000e+00, 4.712e-09, 0.000e+00, 2.009e+00, 9.983e+02, 2.068e-12
1.500e-02, 5.000e-01, -1.950e-01, 1.107e+05, 0.000e+00, 1.175e-09, 0.000e+00, 2.011e+00, 9.983e+02, 5.045e-13
1.500e-02, 5.000e-01, -1.850e-01, 1.106e+05, 0.000e+00, 2.748e-10, 0.000e+00, 2.009e+00, 9.983e+02, 1.179e-13
1.500e-02, 5.000e-01, -1.750e-01, 1.105e+05, 0.000e+00, 6.398e-11, 0.000e+00, 2.007e+00, 9.983e+02, 2.746e-14
1.500e-02, 5.000e-01, -1.650e-01, 1.104e+05, 0.000e+00, 1.623e-11, 0.000e+00, 2.005e+00, 9.983e+02, 6.966e-15
1.500e-02, 5.000e-01, -1.550e-01, 1.103e+05, 0.000e+00, 5.028e-12, 0.000e+00, 2.004e+00, 9.983e+02, 2.158e-15
1.500e-02, 5.000e-01, -1.450e-01, 1.102e+05, 0.000e+00, 1.981e-12, 0.000e+00, 2.002e+00, 9.983e+02, 8.504e-16
1.500e-02, 5.000e-01, -1.350e-01, 1.113e+05, 0.000e+00, 9.495e-13, 0.000e+00, 2.022e+00, 9.983e+02, 4.163e-16
1.500e-02, 5.000e-01, -1.250e-01, 1.112e+05, 0.000e+00, 5.284e-13, 0.000e+00, 2.020e+00, 9.983e+02, 2.321e-16
1.500e-02, 5.000e-01, -1.150e-01, 1.111e+05, 0.000e+00, 3.253e-13, 0.000e+00, 2.018e+00, 9.983e+02, 1.429e-16
1.500e-02, 5.000e-01, -1.050e-01, 1.110e+05, 0.000e+00, 2.185e-13, 0.000e+00, 2.017e+00, 9.983e+02, 9.596e-17
1.500e-02, 5.000e-01, -9.500e-02, 1.109e+05, 0.000e+00, 1.604e-13, 0.000e+00, 2.015e+00, 9.983e+02, 7.047e-17
1.500e-02, 5.000e-01, -8.500e-02, 1.108e+05, 0.000e+00, 1.293e-13, 0.000e+00, 2.013e+00, 9.983e+02, 5.679e-17
1.500e-02, 5.000e-01, -7.500e-02, 1.107e+05, 0.000e+00, 1.134e-13, 0.000e+00, 2.011e+00, 9.983e+02, 4.979e-17
1.500e-02, 5.000e-01, -6.500e-02, 1.106e+05, 0.000e+00, 1.058e-13, 0.000e+00, 2.009e+00, 9.983e+02, 4.645e-17
1.500e-02, 5.000e-01, -5.500e-02, 1.105e+05, 0.000e+00, 1.024e-13, 0.000e+00, 2.008e+00, 9.983e+02, 4.497e-17
1.500e-02, 5.000e-01, -4.500e-02, 1.104e+05, 0.000e+00, 1.010e-13, 0.000e+00, 2.006e+00, 9.983e+02, 4.436e-17
1.500e-02, 5.000e-01, -3.500e-02, 1.103e+05, 0.000e+00, 1.005e-13, 0.000e+00, 2.004e+00, 9.983e+02, 4.412e-17
1.500e-02, 5.000e-01, -2.500e-02, 1.102e+05, 0.000e+00, 1.003e-13, 0.000e+00, 2.002e+00, 9.983e+02, 4.404e-17
1.500e-02, 5.000e-01, -1.500e-02, 1.101e+05, 0.000e+00, 1.002e-13, 0.000e+00, 2.000e+00, 9.983e+02, 4.401e-17
1.500e-02, 5.000e-01, -5.000e-03, 1.100e+05, 0.000e+00, 1.002e-13, 0.000e+00, 1.999e+00, 9.983e+02, 4.400e-17
2.500e-02, 5.000e-01, -1.195e+00, 1.202e+05, 0.000e+00, 1.002e-13, 0.000e+00, 2.184e+00, 9.983e+02, 2.000e-17
2.500e-02, 5.000e-01, -1.185e+00, 1.201e+05, 0.000e+00, 1.002e-13, 0.000e+00, 2.182e+00, 9.983e+02, 2.000e-17
2.500e-02, 5.000e-01, -1.175e+00, 1.200e+05, 0.000e+00, 1.002e-13, 0.000e+00, 2.181e+00, 9.983e+02, 2.000e-17
2.500e-02, 5.000e-01, -1.165e+00, 1.199e+05, 0.000e+00, 1.002e-13, 0.000e+00, 2.179e+00, 9.983e+02, 2.000e-17
2.500e-02, 5.000e-01, -1.155e+00, 1.198e+05, 0.000e+00, 1.002e-13, 0.000e+00, 2.177e+00, 9.983e+02, 2.000e-17
2.500e-02, 5.000e-01, -1.145e+00, 1.197e+05, 0.000e+00, 1.002e-13, 0.000e+00, 2.175e+00, 9.983e+02, 2.000e-17
2.500e-02, 5.000e-01, -1.135e+00, 1.196e+05, 0.000e+00, 1.002e-13, 0.000e+00, 2.173e+00, 9.983e+02, 2.000e-17
2.500e-02, 5.000e-01, -1.125e+00, 1.195e+05, 0.000e+00, 1.002e-13, 0.000e+00, 2.172e+00, 9.983e+02, 2.000e-17
2.500e-02, 5.000e-01, -1.115e+00, 1.194e+05, 0.000e+00, 1.002e-13, 0.000e+00, 2.170e+00, 9.983e+02, 2.000e-17
2.500e-02, 5.000e-01, -1.105e+00, 1.193e+05, 0.000e+00, 9.970e-10, 0.000e+00, 2.168e+00, 9.983e+02, 4.258e-13
2.500e-02, 5.000e-01, -1.095e+00, 1.192e+05, 0.000e+00, 5.222e-04, 0.000e+00, 2.167e+00, 9.984e+02, 2.231e-07
2.500e-02, 5.000e-01, -1.085e+00, 1.191e+05, 0.000e+00, 5.432e-04, 0.000e+00, 2.165e+00, 9.984e+02, 2.332e-07
2.500e-02, 5.000e-01, -1.075e+00, 1.190e+05, 0.000e+00, 5.380e-04, 0.000e+00, 2.163e+00, 9.984e+02, 2.309e-07
2.500e-02, 5.000e-01, -1.065e+00, 1.189e+05, 0.000e+00, 5.133e-04, 0.000e+00, 2.161e+00, 9.984e+02, 2.204e-07
2.500e-02, 5.000e-01, -1.055e+00, 1.188e+05, 0.000e+00, 4.851e-04, 0.000e+00, 2.159e+00, 9.984e+02, 2.083e-07
2.500e-02, 5.000e-01, -1.045e+00, 1.187e+05, 0.000e+00, 4.565e-04, 0.000e+00, 2.158e+00, 9.983e+02, 1.960e-07
2.500e-02, 5.000e-01, -1.035e+00, 1.186e+05, 0.000e+00, 4.233e-04, 0.000e+00, 2.156e+00, 9.983e+02, 1.817e-07
2.500e-02, 5.000e-01, -1.025e+00, 1.185e+05, 0.000e+00, 3.820e-04, 0.000e+00, 2.154e+00, 9.983e+02, 1.640e-07
2.500e-02, 5.000e-01, -1.015e+00, 1.185e+05, 0.000e+00, 3.312e-04, 0.000e+00, 2.152e+00, 9.983e+02, 1.422e-07
2.500e-02, 5.000e-01, -1.005e+00, 1.184e+05, 0.000e+00, 2.728e-04, 0.000e+00, 2.150e+00, 9.983e+02, 1.171e-07
2.500e-02, 5.000e-01, -9.950e-01, 1.183e+05, 0.000e+00, 2.115e-04, 0.000e+00, 2.149e+00, 9.983e+02, 9.079e-08
2.500e-02, 5.000e-01, -9.850e-01, 1.182e+05, 0.000e+00, 1.532e-04, 0.000e+00, 2.147e+00, 9.983e+02, 6.578e-08
2.500e-02, 5.000e-01, -9.750e-01, 1.181e+05, 0.000e+00, 1.030e-04, 0.000e+00, 2.145e+00, 9.983e+02, 4.421e-08
2.500e-02, 5.000e-01, -9.650e-01, 1.180e+05, 0.000e+00, 6.369e-05, 0.000e+00, 2.143e+00, 9.983e+02, 2.734e-08
2.500e-02, 5.000e-01, -9.550e-01, 1.179e+05, 0.000e+00, 3.594e-05, 0.000e+00, 2.141e+00, 9.983e+02, 1.543e-08
2.500e-02, 5.000e-01, -9.450e-01, 1.178e+05, 0.000e+00, 1.833e-05, 0.000e+00, 2.140e+00, 9.983e+02, 7.867e-09
2.500e-02, 5.000e-01, -9.350e-01, 1.177e+05, 0.000e+00, 8.366e-06, 0.000e+00, 2.138e+00, 9.983e+02, 3.591e-09
2.500e-02, 5.000e-01, -9.250e-01, 1.176e+05, 0.000e+00, 3.383e-06, 0.000e+00, 2.136e+00, 9.983e+02, 1.452e-09
2.500e-02, 5.000e-01, -9.150e-01, 1.175e+05, 0.000e+00, 1.200e-06, 0.000e+00, 2.134e+00, 9.983e+02, 5.149e-10
2.500e-02, 5.000e-01, -9.050e-01, 1.174e+05, 0.000e+00, 3.695e-07, 0.000e+00, 2.132e+00, 9.983e+02, 1.586e-10
2.500e-02, 5.000e-01, -8.950e-01, 1.173e+05, 0.000e+00, 9.871e-08, 0.000e+00, 2.131e+00, 9.983e+02, 4.256e-11
2.500e-02, 5.000e-01, -8.850e-01, 1.187e+05, 0.000e+00, 2.165e-08, 0.000e+00, 2.156e+00, 9.983e+02, 9.509e-12
2.500e-02, 5.000e-01, -8.750e-01, 1.186e+05, 0.000e+00, 4.551e-09, 0.000e+00, 2.154e+00, 9.983e+02, 1.999e-12
2.500e-02, 5.000e-01, -8.650e-01, 1.185e+05, 0.000e+00, 1.156e-09, 0.000e+00, 2.153e+00, 9.983e+02, 5.076e-13
2.500e-02, 5.000e-01, -8.550e-01, 1.184e+05, 0.000e+00, 1.440e-09, 0.000e+00, 2.151e+00, 9.983e+02, 6.323e-13
2.500e-02, 5.000e-01, -8.450e-01, 1.183e+05, 0.000e+00, 5.606e-09, 0.000e+00, 2.149e+00, 9.983e+02, 2.462e-12
2.500e-02, 5.000e-01, -8.350e-01, 1.182e+05, 0.000e+00, 2.276e-08, 0.000e+00, 2.147e+00, 9.983e+02, 9.996e-12
2.500e-02, 5.000e-01, -8.250e-01, 1.181e+05, 0.000e+00, 8.625e-08, 0.000e+00, 2.145e+00, 9.983e+02, 3.788e-11
2.500e-02, 5.000e-01, -8.150e-01, 1.180e+05, 0.000e+00, 3.023e-07, 0.000e+00, 2.144e+00, 9.983e+02, 1.328e-10
2.500e-02, 5.000e-01, -8.050e-01, 1.179e+05, 0.000e+00, 9.736e-07, 0.000e+00, 2.142e+00, 9.983e+02, 4.276e-10
2.500e-02, 5.000e-01, -7.950e-01, 1.178e+05, 0.000e+00, 2.865e-06, 0.000e+00, 2.140e+00, 9.983e+02, 1.258e-09
2.500e-02, 5.000e-01, -7.850e-01, 1.177e+05, 0.000e+00, 7.646e-06, 0.000e+00, 2.138e+00, 9.983e+02, 3.358e-09
2.500e-02, 5.000e-01, -7.750e-01, 1.176e+05, 0.000e+00, 1.838e-05, 0.000e+00, 2.136e+00, 9.983e+02, 8.071e-09
2.500e-02, 5.000e-01, -7.650e-01, 1.175e+05, 0.000e+00, 3.948e-05, 0.000e+00, 2.135e+00, 9.983e+02, 1.734e-08
2.500e-02, 5.000e-01, -7.550e-01, 1.174e+05, 0.000e+00, 7.538e-05, 0.000e+00, 2.133e+00, 9.983e+02, 3.311e-08
2.500e-02, 5.000e-01, -7.450e-01, 1.173e+05, 0.000e+00, 1.278e-04, 0.000e+00, 2.131e+00, 9.983e+02, 5.628e-08
2.500e-02, 5.000e-01, -7.350e-01, 1.157e+05, 0.000e+00, 1.956e-04, 0.000e+00, 2.102e+00, 9.983e+02, 8.787e-08
2.500e-02, 5.000e-01, -7.250e-01, 1.156e+05, 0.000e+00, 2.679e-04, 0.000e+00, 2.101e+00, 9.983e+02, 1.204e-07
2.500e-02, 5.000e-01, -7.150e-01, 1.155e+05, 0.000e+00, 3.156e-04, 0.000e+00, 2.099e+00, 9.983e+02, 1.418e-07
2.500e-02, 5.000e-01, -7.050e-01, 1.154e+05, 0.000e+00, 3.407e-04, 0.000e+00, 2.097e+00, 9.983e+02, 1.530e-07
2.500e-02, 5.000e-01, -6.950e-01, 1.153e+05, 0.000e+00, 3.541e-04, 0.000e+00, 2.095e+00, 9.983e+02, 1.591e-07
2.500e-02, 5.000e-01, -6.850e-01, 1.152e+05, 0.000e+00, 3.652e-04, 0.000e+00, 2.093e+00, 9.983e+02, 1.641e-07
2.500e-02, 5.000e-01, -6.750e-01, 1.151e+05, 0.000e+00, 3.750e-04, 0.000e+00, 2.092e+00, 9.983e+02, 1.685e-07
2.500e-02, 5.000e-01, -6.650e-01, 1.150e+05, 0.000e+00, 3.811e-04, 0.000e+00, 2.090e+00, 9.983e+02, 1.712e-07
2.500e-02, 5.000e-01, -6.550e-01, 1.149e+05, 0.000e+00, 3.833e-04, 0.000e+00, 2.088e+00, 9.983e+02, 1.722e-07
2.500e-02, 5.000e-01, -6.450e-01, 1.148e+05, 0.000e+00, 3.831e-04, 0.000e+00, 2.086e+00, 9.983e+02, 1.721e-07
2.500e-02, 5.000e-01, -6.350e-01, 1.147e+05, 0.000e+00, 3.814e-04, 0.000e+00, 2.084e+00, 9.983e+02, 1.713e-07
2.500e-02, 5.000e-01, -6.250e-01, 1.146e+05, 0.000e+00, 3.786e-04, 0.000e+00, 2.083e+00, 9.983e+02, 1.701e-07
2.500e-02, 5.000e-01, -6.150e-01, 1.145e+05, 0.000e+00, 3.750e-04, 0.000e+00, 2.081e+00, 9.983e+02, 1.685e-07
2.500e-02, 5.000e-01, -6.050e-01, 1.144e+05, 0.000e+00, 3.723e-04, 0.000e+00, 2.079e+00, 9.983e+02, 1.672e-07
2.500e-02, 5.000e-01, -5.950e-01, 1.144e+05, 0.000e+00, 3.744e-04, 0.000e+00, 2.079e+00, 9.983e+02, 1.646e-07
2.500e-02, 5.000e-01, -5.850e-01, 1.143e+05, 0.000e+00, 3.788e-04, 0.000e+00, 2.077e+00, 9.983e+02, 1.664e-07
2.500e-02, 5.000e-01, -5.750e-01, 1.142e+05, 0.000e+00, 3.830e-04, 0.000e+00, 2.075e+00, 9.983e+02, 1.682e-07
2.500e-02, 5.000e-01, -5.650e-01, 1.141e+05, 0.000e+00, 3.846e-04, 0.000e+00, 2.073e+00, 9.983e+02, 1.689e-07
2.500e-02, 5.000e-01, -5.550e-01, 1.140e+05, 0.000e+00, 3.804e-04, 0.000e+00, 2.071e+00, 9.983e+02, 1.671e-07
2.500e-02, 5.000e-01, -5.450e-01, 1.139e+05, 0.000e+00, 3.686e-04, 0.000e+00, 2.070e+00, 9.983e+02, 1.619e-07
2.500e-02, 5.000e-01, -5.350e-01, 1.138e+05, 0.000e+00, 3.506e-04, 0.000e+00, 2.068e+00, 9.983e+02, 1.540e-07
2.500e-02, 5.000e-01, -5.250e-01, 1.137e+05, 0.000e+00, 3.285e-04, 0.000e+00, 2.066e+00, 9.983e+02, 1.443e-07
2.500e-02, 5.000e-01, -5.150e-01, 1.136e+05, 0.000e+00, 3.045e-04, 0.000e+00, 2.064e+00, 9.983e+02, 1.338e-07
2.500e-02, 5.000e-01, -5.050e-01, 1.135e+05, 0.000e+00, 2.816e-04, 0.000e+00, 2.063e+00, 9.983e+02, 1.237e-07
2.500e-02, 5.000e-01, -4.950e-01, 1.136e+05, 0.000e+00, 2.633e-04, 0.000e+00, 2.064e+00, 9.983e+02, 1.132e-07
2.500e-02, 5.000e-01, -4.850e-01, 1.135e+05, 0.000e+00, 2.510e-04, 0.000e+00, 2.063e+00, 9.983e+02, 1.078e-07
2.500e-02, 5.000e-01, -4.750e-01, 1.135e+05, 0.000e+00, 2.465e-04, 0.000e+00, 2.061e+00, 9.983e+02, 1.058e-07
2.500e-02, 5.000e-01, -4.650e-01, 1.131e+05, 0.000e+00, 2.508e-04, 0.000e+00, 2.054e+00, 9.983e+02, 1.077e-07
2.500e-02, 5.000e-01, -4.550e-01, 1.130e+05, 0.000e+00, 2.493e-04, 0.000e+00, 2.052e+00, 9.983e+02, 1.070e-07
2.500e-02, 5.000e-01, -4.450e-01, 1.129e+05, 0.000e+00, 2.416e-04, 0.000e+00, 2.050e+00, 9.983e+02, 1.037e-07
2.500e-02, 5.000e-01, -4.350e-01, 1.128e+05, 0.000e+00, 2.315e-04, 0.000e+00, 2.048e+00, 9.983e+02, 9.937e-08
2.500e-02, 5.000e-01, -4.250e-01, 1.127e+05, 0.000e+00, 2.205e-04, 0.000e+00, 2.047e+00, 9.983e+02, 9.467e-08
2.500e-02, 5.000e-01, -4.150e-01, 1.126e+05, 0.000e+00, 2.102e-04, 0.000e+00, 2.045e+00, 9.983e+02, 9.022e-08
2.500e-02, 5.000e-01, -4.050e-01, 1.125e+05, 0.000e+00, 2.003e-04, 0.000e+00, 2.043e+00, 9.983e+02, 8.597e-08
2.500e-02, 5.000e-01, -3.950e-01, 1.124e+05, 0.000e+00, 1.906e-04, 0.000e+00, 2.041e+00, 9.983e+02, 8.181e-08
2.500e-02, 5.000e-01, -3.850e-01, 1.123e+05, 0.000e+00, 1.806e-04, 0.000e+00, 2.039e+00, 9.983e+02, 7.753e-08
2.500e-02, 5.000e-01, -3.750e-01, 1.122e+05, 0.000e+00, 1.694e-04, 0.000e+00, 2.038e+00, 9.983e+02, 7.272e-08
2.500e-02, 5.000e-01, -3.650e-01, 1.121e+05, 0.000e+00, 1.555e-04, 0.000e+00, 2.036e+00, 9.983e+02, 6.831e-08
2.500e-02, 5.000e-01, -3.550e-01, 1.120e+05, 0.000e+00, 1.383e-04, 0.000e+00, 2.034e+00, 9.983e+02, 6.213e-08
2.500e-02, 5.000e-01, -3.450e-01, 1.119e+05, 0.000e+00, 1.182e-04, 0.000e+00, 2.033e+00, 9.983e+02, 5.312e-08
2.500e-02, 5.000e-01, -3.350e-01, 1.118e+05, 0.000e+00, 9.627e-05, 0.000e+00, 2.031e+00, 9.983e+02, 4.325e-08
2.500e-02, 5.000e-01, -3.250e-01, 1.117e+05, 0.000e+00, 7.402e-05, 0.000e+00, 2.029e+00, 9.983e+02, 3.325e-08
2.500e-02, 5.000e-01, -3.150e-01, 1.116e+05, 0.000e+00, 5.333e-05, 0.000e+00, 2.027e+00, 9.983e+02, 2.396e-08
2.500e-02, 5.000e-01, -3.050e-01, 1.115e+05, 0.000e+00, 3.573e-05, 0.000e+00, 2.025e+00, 9.983e+02, 1.605e-08
2.500e-02, 5.000e-01, -2.950e-01, 1.114e+05, 0.000e+00, 2.207e-05, 0.000e+00, 2.024e+00, 9.983e+02, 9.914e-09
2.500e-02, 5.000e-01, -2.850e-01, 1.113e+05, 0.000e+00, 1.248e-05, 0.000e+00, 2.022e+00, 9.983e+02, 5.608e-09
2.500e-02, 5.000e-01, -2.750e-01, 1.113e+05, 0.000e+00, 6.446e-06, 0.000e+00, 2.021e+00, 9.983e+02, 2.835e-09
2.500e-02, 5.000e-01, -2.650e-01, 1.112e+05, 0.000e+00, 3.034e-06, 0.000e+00, 2.020e+00, 9.983e+02, 1.332e-09
2.500e-02, 5.000e-01, -2.550e-01, 1.111e+05, 0.000e+00, 1.314e-06, 0.000e+00, 2.018e+00, 9.983e+02, 5.773e-10
2.500e-02, 5.000e-01, -2.450e-01, 1.110e+05, 0.000e+00, 5.225e-07, 0.000e+00, 2.016e+00, 9.983e+02, 2.295e-10
2.500e-02, 5.000e-01, -2.350e-01, 1.109e+05, 0.000e+00, 1.900e-07, 0.000e+00, 2.014e+00, 9.983e+02, 8.344e-11
2.500e-02, 5.000e-01, -2.250e-01, 1.108e+05, 0.000e+00, 6.299e-08, 0.000e+00, 2.012e+00, 9.983e+02, 2.767e-11
2.500e-02, 5.000e-01, -2.150e-01, 1.107e+05, 0.000e+00, 1.902e-08, 0.000e+00, 2.011e+00, 9.983e+02, 8.355e-12
2.500e-02, 5.000e-01, -2.050e-01, 1.106e+05, 0.000e+00, 5.243e-09, 0.000e+00, 2.009e+00, 9.983e+02, 2.303e-12
2.500e-02, 5.000e-01, -1.950e-01, 1.107e+05, 0.000e+00, 1.355e-09, 0.000e+00, 2.011e+00, 9.983e+02, 5.833e-13
2.500e-02, 5.000e-01, -1.850e-01, 1.106e+05, 0.000e+00, 3.411e-10, 0.000e+00, 2.009e+00, 9.983e+02, 1.464e-13
2.500e-02, 5.000e-01, -1.750e-01, 1.105e+05, 0.000e+00, 9.268e-11, 0.000e+00, 2.007e+00, 9.983e+02, 3.979e-14
2.500e-02, 5.000e-01, -1.650e-01, 1.104e+05, 0.000e+00, 3.026e-11, 0.000e+00, 2.005e+00, 9.983e+02, 1.299e-14
2.500e-02, 5.000e-01, -1.550e-01, 1.103e+05, 0.000e+00, 1.217e-11, 0.000e+00, 2.004e+00, 9.983e+02, 5.226e-15
2.500e-02, 5.000e-01, -1.450e-01, 1.102e+05, 0.000e+00, 5.635e-12, 0.000e+00, 2.002e+00, 9.983e+02, 2.419e-15
2.500e-02, 5.000e-01, -1.350e-01, 1.113e+05, 0.000e+00, 2.892e-12, 0.000e+00, 2.022e+00, 9.983e+02, 1.264e-15
2.500e-02, 5.000e-01, -1.250e-01, 1.112e+05, 0.000e+00, 1.594e-12, 0.000e+00, 2.020e+00, 9.983e+02, 7.001e-16
2.500e-02, 5.000e-01, -1.150e-01, 1.111e+05, 0.000e+00, 9.162e-13, 0.000e+00, 2.018e+00, 9.983e+02, 4.024e-16
2.500e-02, 5.000e-01, -1.050e-01, 1.110e+05, 0.000e+00, 5.401e-13, 0.000e+00, 2.017e+00, 9.983e+02, 2.372e-16
2.500e-02, 5.000e-01, -9.500e-02, 1.109e+05, 0.000e+00, 3.279e-13, 0.000e+00, 2.015e+00, 9.983e+02, 1.440e-16
2.500e-02, 5.000e-01, -8.500e-02, 1.108e+05, 0.000e+00, 2.112e-13, 0.000e+00, 2.013e+00, 9.983e+02, 9.279e-17
2.500e-02, 5.000e-01, -7.500e-02, 1.107e+05, 0.000e+00, 1.508e-13, 0.000e+00, 2.011e+00, 9.983e+02, 6.622e-17
2.500e-02, 5.000e-01, -6.500e-02, 1.106e+05, 0.000e+00, 1.216e-13, 0.000e+00, 2.009e+00, 9.983e+02, 5.343e-17
2.500e-02, 5.000e-01, -5.500e-02, 1.105e+05, 0.000e+00, 1.087e-13, 0.000e+00, 2.008e+00, 9.983e+02, 4.772e-17
2.500e-02, 5.000e-01, -4.500e-02, 1.104e+05, 0.000e+00, 1.033e-13, 0.000e+00, 2.006e+00, 9.983e+02, 4.537e-17
2.500e-02, 5.000e-01, -3.500e-02, 1.103e+05, 0.000e+00, 1.013e-13, 0.000e+00, 2.004e+00, 9.983e+02, 4.447e-17
2.500e-02, 5.000e-01, -2.500e-02, 1.102e+05, 0.000e+00, 1.005e-13, 0.000e+00, 2.002e+00, 9.983e+02, 4.415e-17
2.500e-02, 5.000e-01, -1.500e-02, 1.101e+05, 0.000e+00, 1.003e-13, 0.000e+00, 2.000e+00, 9.983e+02, 4.403e-17
2.500e-02, 5.000e-01, -5.000e-03, 1.100e+05, 0.000e+00, 1.002e-13, 0.000e+00, 1.999e+00, 9.983e+02, 4.400e-17
3.500e-02, 5.000e-01, -1.195e+00, 1.202e+05, 0.000e+00, 1.002e-13, 0.000e+00, 2.184e+00, 9.983e+02, 2.000e-17
3.500e-02, 5.000e-01, -1.185e+00, 1.201e+05, 0.000e+00, 1.002e-13, 0.000e+00, 2.182e+00, 9.983e+02, 2.000e-17
3.500e-02, 5.000e-01, -1.175e+00, 1.200e+05, 0.000e+00, 1.002e-13, 0.000e+00, 2.181e+00, 9.983e+02, 2.000e-17
3.500e-02, 5.000e-01, -1.165e+00, 1.199e+05, 0.000e+00, 1.002e-13, 0.000e+00, 2.179e+00, 9.983e+02, 2.000e-17
3.500e-02, 5.000e-01, -1.155e+00, 1.198e+05, 0.000e+00, 1.002e-13, 0.000e+00, 2.177e+00, 9.983e+02, 2.000e-17
3.500e-02, 5.000e-01, -1.145e+00, 1.197e+05, 0.000e+00, 1.002e-13, 0.000e+00, 2.175e+00, 9.983e+02, 2.000e-17
3.500e-02, 5.000e-01, -1.135e+00, 1.196e+05, 0.000e+00, 1.002e-13, 0.000e+00, 2.173e+00, 9.983e+02, 2.000e-17
3.500e-02, 5.000e-01, -1.125e+00, 1.195e+05, 0.000e+00, 1.002e-13, 0.000e+00, 2.172e+00, 9.983e+02, 2.000e-17
3.500e-02, 5.000e-01, -1.115e+00, 1.194e+05, 0.000e+00, 1.002e-13, 0.000e+00, 2.170e+00, 9.983e+02, 2.000e-17
3.500e-02, 5.000e-01, -1.105e+00, 1.193e+05, 0.000e+00, 9.969e-10, 0.000e+00, 2.168e+00, 9.983e+02, 4.090e-13
3.500e-02, 5.000e-01, -1.095e+00, 1.192e+05, 0.000e+00, 5.224e-04, 0.000e+00, 2.167e+00, 9.984e+02, 2.148e-07
3.500e-02, 5.000e-01, -1.085e+00, 1.191e+05, 0.000e+00, 5.566e-04, 0.000e+00, 2.165e+00, 9.984e+02, 2.389e-07
3.500e-02, 5.000e-01, -1.075e+00, 1.190e+05, 0.000e+00, 5.573e-04, 0.000e+00, 2.163e+00, 9.984e+02, 2.393e-07
3.500e-02, 5.000e-01, -1.065e+00, 1.189e+05, 0.000e+00, 5.302e-04, 0.000e+00, 2.161e+00, 9.984e+02, 2.276e-07
3.500e-02, 5.000e-01, -1.055e+00, 1.188e+05, 0.000e+00, 4.951e-04, 0.000e+00, 2.159e+00, 9.984e+02, 2.125e-07
3.500e-02, 5.000e-01, -1.045e+00, 1.187e+05, 0.000e+00, 4.608e-04, 0.000e+00, 2.158e+00, 9.983e+02, 1.978e-07
3.500e-02, 5.000e-01, -1.035e+00, 1.186e+05, 0.000e+00, 4.239e-04, 0.000e+00, 2.156e+00, 9.983e+02, 1.820e-07
3.500e-02, 5.000e-01, -1.025e+00, 1.185e+05, 0.000e+00, 3.807e-04, 0.000e+00, 2.154e+00, 9.983e+02, 1.634e-07
3.500e-02, 5.000e-01, -1.015e+00, 1.185e+05, 0.000e+00, 3.295e-04, 0.000e+00, 2.152e+00, 9.983e+02, 1.415e-07
3.500e-02, 5.000e-01, -1.005e+00, 1.184e+05, 0.000e+00, 2.715e-04, 0.000e+00, 2.150e+00, 9.983e+02, 1.166e-07
3.500e-02, 5.000e-01, -9.950e-01, 1.183e+05, 0.000e+00, 2.108e-04, 0.000e+00, 2.149e+00, 9.983e+02, 9.050e-08
3.500e-02, 5.000e-01, -9.850e-01, 1.182e+05, 0.000e+00, 1.530e-04, 0.000e+00, 2.147e+00, 9.983e+02, 6.567e-08
3.500e-02, 5.000e-01, -9.750e-01, 1.181e+05, 0.000e+00, 1.029e-04, 0.000e+00, 2.145e+00, 9.983e+02, 4.419e-08
3.500e-02, 5.000e-01, -9.650e-01, 1.180e+05, 0.000e+00, 6.374e-05, 0.000e+00, 2.143e+00, 9.983e+02, 2.736e-08
3.500e-02, 5.000e-01, -9.550e-01, 1.179e+05, 0.000e+00, 3.600e-05, 0.000e+00, 2.141e+00, 9.983e+02, 1.545e-08
3.500e-02, 5.000e-01, -9.450e-01, 1.178e+05, 0.000e+00, 1.840e-05, 0.000e+00, 2.140e+00, 9.983e+02, 7.897e-09
3.500e-02, 5.000e-01, -9.350e-01, 1.177e+05, 0.000e+00, 8.428e-06, 0.000e+00, 2.138e+00, 9.983e+02, 3.618e-09
3.500e-02, 5.000e-01, -9.250e-01, 1.176e+05, 0.000e+00, 3.432e-06, 0.000e+00, 2.136e+00, 9.983e+02, 1.473e-09
3.500e-02, 5.000e-01, -9.150e-01, 1.175e+05, 0.000e+00, 1.233e-06, 0.000e+00, 2.134e+00, 9.983e+02, 5.292e-10
3.500e-02, 5.000e-01, -9.050e-01, 1.174e+05, 0.000e+00, 3.894e-07, 0.000e+00, 2.132e+00, 9.983e+02, 1.671e-10
3.500e-02, 5.000e-01, -8.950e-01, 1.173e+05, 0.000e+00, 1.090e-07, 0.000e+00, 2.131e+00, 9.983e+02, 4.682e-11
3.500e-02, 5.000e-01, -8.850e-01, 1.187e+05, 0.000e+00, 2.372e-08, 0.000e+00, 2.156e+00, 9.983e+02, 1.041e-11
3.500e-02, 5.000e-01, -8.750e-01, 1.186e+05, 0.000e+00, 5.038e-09, 0.000e+00, 2.154e+00, 9.983e+02, 2.213e-12
3.500e-02, 5.000e-01, -8.650e-01, 1.185e+05, 0.000e+00, 1.276e-09, 0.000e+00, 2.153e+00, 9.983e+02, 5.604e-13
3.500e-02, 5.000e-01, -8.550e-01, 1.184e+05, 0.000e+00, 1.494e-09, 0.000e+00, 2.151e+00, 9.983e+02, 6.561e-13
3.500e-02, 5.000e-01, -8.450e-01, 1.183e+05, 0.000e+00, 5.706e-09, 0.000e+00, 2.149e+00, 9.983e+02, 2.506e-12
3.500e-02, 5.000e-01, -8.350e-01, 1.182e+05, 0.000e+00, 2.300e-08, 0.000e+00, 2.147e+00, 9.983e+02, 1.010e-11
3.500e-02, 5.000e-01, -8.250e-01, 1.181e+05, 0.000e+00, 8.659e-08, 0.000e+00, 2.145e+00, 9.983e+02, 3.803e-11
3.500e-02, 5.000e-01, -8.150e-01, 1.180e+05, 0.000e+00, 3.015e-07, 0.000e+00, 2.144e+00, 9.983e+02, 1.324e-10
3.500e-02, 5.000e-01, -8.050e-01, 1.179e+05, 0.000e+00, 9.650e-07, 0.000e+00, 2.142e+00, 9.983e+02, 4.239e-10
3.500e-02, 5.000e-01, -7.950e-01, 1.178e+05, 0.000e+00, 2.822e-06, 0.000e+00, 2.140e+00, 9.983e+02, 1.240e-09
3.500e-02, 5.000e-01, -7.850e-01, 1.177e+05, 0.000e+00, 7.491e-06, 0.000e+00, 2.138e+00, 9.983e+02, 3.290e-09
3.500e-02, 5.000e-01, -7.750e-01, 1.176e+05, 0.000e+00, 1.792e-05, 0.000e+00, 2.136e+00, 9.983e+02, 7.871e-09
3.500e-02, 5.000e-01, -7.650e-01, 1.175e+05, 0.000e+00, 3.841e-05, 0.000e+00, 2.135e+00, 9.983e+02, 1.687e-08
3.500e-02, 5.000e-01, -7.550e-01, 1.174e+05, 0.000e+00, 7.355e-05, 0.000e+00, 2.133e+00, 9.983e+02, 3.231e-08
3.500e-02, 5.000e-01, -7.450e-01, 1.173e+05, 0.000e+00, 1.268e-04, 0.000e+00, 2.131e+00, 9.983e+02, 5.569e-08
3.500e-02, 5.000e-01, -7.350e-01, 1.157e+05, 0.000e+00, 2.036e-04, 0.000e+00, 2.102e+00, 9.983e+02, 9.119e-08
3.500e-02, 5.000e-01, -7.250e-01, 1.156e+05, 0.000e+00, 2.834e-04, 0.000e+00, 2.101e+00, 9.983e+02, 1.273e-07
3.500e-02, 5.000e-01, -7.150e-01, 1.155e+05, 0.000e+00, 3.419e-04, 0.000e+00, 2.099e+00, 9.983e+02, 1.536e-07
3.500e-02, 5.000e-01, -7.050e-01, 1.154e+05, 0.000e+00, 3.714e-04, 0.000e+00, 2.097e+00, 9.983e+02, 1.669e-07
3.500e-02, 5.000e-01, -6.950e-01, 1.153e+05, 0.000e+00, 3.814e-04, 0.000e+00, 2.095e+00, 9.983e+02, 1.713e-07
3.500e-02, 5.000e-01, -6.850e-01, 1.152e+05, 0.000e+00, 3.889e-04, 0.000e+00, 2.093e+00, 9.983e+02, 1.747e-07
3.500e-02, 5.000e-01, -6.750e-01, 1.151e+05, 0.000e+00, 3.989e-04, 0.000e+00, 2.092e+00, 9.983e+02, 1.792e-07
3.500e-02, 5.000e-01, -6.650e-01, 1.150e+05, 0.000e+00, 4.053e-04, 0.000e+00, 2.090e+00, 9.983e+02, 1.821e-07
3.500e-02, 5.000e-01, -6.550e-01, 1.149e+05, 0.000e+00, 4.066e-04, 0.000e+00, 2.088e+00, 9.983e+02, 1.827e-07
3.500e-02, 5.000e-01, -6.450e-01, 1.148e+05, 0.000e+00, 4.046e-04, 0.000e+00, 2.086e+00, 9.983e+02, 1.818e-07
3.500e-02, 5.000e-01, -6.350e-01, 1.147e+05, 0.000e+00, 4.013e-04, 0.000e+00, 2.084e+00, 9.983e+02, 1.803e-07
3.500e-02, 5.000e-01, -6.250e-01, 1.146e+05, 0.000e+00, 3.976e-04, 0.000e+00, 2.083e+00, 9.983e+02, 1.786e-07
3.500e-02, 5.000e-01, -6.150e-01, 1.145e+05, 0.000e+00, 3.943e-04, 0.000e+00, 2.081e+00, 9.983e+02, 1.771e-07
3.500e-02, 5.000e-01, -6.050e-01, 1.144e+05, 0.000e+00, 3.936e-04, 0.000e+00, 2.079e+00, 9.983e+02, 1.768e-07
3.500e-02, 5.000e-01, -5.950e-01, 1.144e+05, 0.000e+00, 4.006e-04, 0.000e+00, 2.079e+00, 9.983e+02, 1.767e-07
3.500e-02, 5.000e-01, -5.850e-01, 1.143e+05, 0.000e+00, 4.087e-04, 0.000e+00, 2.077e+00, 9.983e+02, 1.795e-07
3.500e-02, 5.000e-01, -5.750e-01, 1.142e+05, 0.000e+00, 4.147e-04, 0.000e+00, 2.075e+00, 9.983e+02, 1.822e-07
3.500e-02, 5.000e-01, -5.650e-01, 1.141e+05, 0.000e+00, 4.168e-04, 0.000e+00, 2.073e+00, 9.983e+02, 1.831e-07
3.500e-02, 5.000e-01, -5.550e-01, 1.140e+05, 0.000e+00, 4.127e-04, 0.000e+00, 2.071e+00, 9.983e+02, 1.813e-07
3.500e-02, 5.000e-01, -5.450e-01, 1.139e+05, 0.000e+00, 3.989e-04, 0.000e+00, 2.070e+00, 9.983e+02, 1.752e-07
3.500e-02, 5.000e-01, -5.350e-01, 1.138e+05, 0.000e+00, 3.757e-04, 0.000e+00, 2.068e+00, 9.983e+02, 1.650e-07
3.500e-02, 5.000e-01, -5.250e-01, 1.137e+05, 0.000e+00, 3.481e-04, 0.000e+00, 2.066e+00, 9.983e+02, 1.529e-07
3.500e-02, 5.000e-01, -5.150e-01, 1.136e+05, 0.000e+00, 3.204e-04, 0.000e+00, 2.064e+00, 9.983e+02, 1.407e-07
3.500e-02, 5.000e-01, -5.050e-01, 1.135e+05, 0.000e+00, 2.964e-04, 0.000e+00, 2.063e+00, 9.983e+02, 1.302e-07
3.500e-02, 5.000e-01, -4.950e-01, 1.136e+05, 0.000e+00, 2.799e-04, 0.000e+00, 2.064e+00, 9.983e+02, 1.207e-07
3.500e-02, 5.000e-01, -4.850e-01, 1.135e+05, 0.000e+00, 2.698e-04, 0.000e+00, 2.063e+00, 9.983e+02, 1.158e-07
3.500e-02, 5.000e-01, -4.750e-01, 1.135e+05, 0.000e+00, 2.653e-04, 0.000e+00, 2.061e+00, 9.983e+02, 1.139e-07
3.500e-02, 5.000e-01, -4.650e-01, 1.131e+05, 0.000e+00, 2.645e-04, 0.000e+00, 2.054e+00, 9.983e+02, 1.135e-07
3.500e-02, 5.000e-01, -4.550e-01, 1.130e+05, 0.000e+00, 2.603e-04, 0.000e+00, 2.052e+00, 9.983e+02, 1.117e-07
3.500e-02, 5.000e-01, -4.450e-01, 1.129e+05, 0.000e+00, 2.509e-04, 0.000e+00, 2.050e+00, 9.983e+02, 1.077e-07
3.500e-02, 5.000e-01, -4.350e-01, 1.128e+05, 0.000e+00, 2.398e-04, 0.000e+00, 2.048e+00, 9.983e+02, 1.029e-07
3.500e-02, 5.000e-01, -4.250e-01, 1.127e+05, 0.000e+00, 2.278e-04, 0.000e+00, 2.047e+00, 9.983e+02, 9.780e-08
3.500e-02, 5.000e-01, -4.150e-01, 1.126e+05, 0.000e+00, 2.158e-04, 0.000e+00, 2.045e+00, 9.983e+02, 9.262e-08
3.500e-02, 5.000e-01, -4.050e-01, 1.125e+05, 0.000e+00, 2.044e-04, 0.000e+00, 2.043e+00, 9.983e+02, 8.776e-08
3.500e-02, 5.000e-01, -3.950e-01, 1.124e+05, 0.000e+00, 1.935e-04, 0.000e+00, 2.041e+00, 9.983e+02, 8.307e-08
3.500e-02, 5.000e-01, -3.850e-01, 1.123e+05, 0.000e+00, 1.825e-04, 0.000e+00, 2.039e+00, 9.983e+02, 7.833e-08
3.500e-02, 5.000e-01, -3.750e-01, 1.122e+05, 0.000e+00, 1.704e-04, 0.000e+00, 2.038e+00, 9.983e+02, 7.313e-08
3.500e-02, 5.000e-01, -3.650e-01, 1.121e+05, 0.000e+00, 1.559e-04, 0.000e+00, 2.036e+00, 9.983e+02, 6.824e-08
3.500e-02, 5.000e-01, -3.550e-01, 1.120e+05, 0.000e+00, 1.382e-04, 0.000e+00, 2.034e+00, 9.983e+02, 6.211e-08
3.500e-02, 5.000e-01, -3.450e-01, 1.119e+05, 0.000e+00, 1.181e-04, 0.000e+00, 2.033e+00, 9.983e+02, 5.306e-08
3.500e-02, 5.000e-01, -3.350e-01, 1.118e+05, 0.000e+00, 9.626e-05, 0.000e+00, 2.031e+00, 9.983e+02, 4.324e-08
3.500e-02, 5.000e-01, -3.250e-01, 1.117e+05, 0.000e+00, 7.423e-05, 0.000e+00, 2.029e+00, 9.983e+02, 3.335e-08
3.500e-02, 5.000e-01, -3.150e-01, 1.116e+05, 0.000e+00, 5.373e-05, 0.000e+00, 2.027e+00, 9.983e+02, 2.414e-08
3.500e-02, 5.000e-01, -3.050e-01, 1.115e+05, 0.000e+00, 3.622e-05, 0.000e+00, 2.025e+00, 9.983e+02, 1.627e-08
3.500e-02, 5.000e-01, -2.950e-01, 1.114e+05, 0.000e+00, 2.255e-05, 0.000e+00, 2.024e+00, 9.983e+02, 1.013e-08
3.500e-02, 5.000e-01, -2.850e-01, 1.113e+05, 0.000e+00, 1.288e-05, 0.000e+00, 2.022e+00, 9.983e+02, 5.785e-09
3.500e-02, 5.000e-01, -2.750e-01, 1.113e+05, 0.000e+00, 6.754e-06, 0.000e+00, 2.021e+00, 9.983e+02, 2.981e-09
3.500e-02, 5.000e-01, -2.650e-01, 1.112e+05, 0.000e+00, 3.226e-06, 0.000e+00, 2.020e+00, 9.983e+02, 1.417e-09
3.500e-02, 5.000e-01, -2.550e-01, 1.111e+05, 0.000e+00, 1.415e-06, 0.000e+00, 2.018e+00, 9.983e+02, 6.215e-10
3.500e-02, 5.000e-01, -2.450e-01, 1.110e+05, 0.000e+00, 5.689e-07, 0.000e+00, 2.016e+00, 9.983e+02, 2.499e-10
3.500e-02, 5.000e-01, -2.350e-01, 1.109e+05, 0.000e+00, 2.092e-07, 0.000e+00, 2.014e+00, 9.983e+02, 9.190e-11
3.500e-02, 5.000e-01, -2.250e-01, 1.108e+05, 0.000e+00, 7.031e-08, 0.000e+00, 2.012e+00, 9.983e+02, 3.088e-11
3.500e-02, 5.000e-01, -2.150e-01, 1.107e+05, 0.000e+00, 2.163e-08, 0.000e+00, 2.011e+00, 9.983e+02, 9.499e-12
3.500e-02, 5.000e-01, -2.050e-01, 1.106e+05, 0.000e+00, 6.154e-09, 0.000e+00, 2.009e+00, 9.983e+02, 2.703e-12
3.500e-02, 5.000e-01, -1.950e-01, 1.107e+05, 0.000e+00, 1.704e-09, 0.000e+00, 2.011e+00, 9.983e+02, 7.361e-13
3.500e-02, 5.000e-01, -1.850e-01, 1.106e+05, 0.000e+00, 4.951e-10, 0.000e+00, 2.009e+00, 9.983e+02, 2.125e-13
3.500e-02, 5.000e-01, -1.750e-01, 1.105e+05, 0.000e+00, 1.697e-10, 0.000e+00, 2.007e+00, 9.983e+02, 7.283e-14
3.500e-02, 5.000e-01, -1.650e-01, 1.104e+05, 0.000e+00, 7.116e-11, 0.000e+00, 2.005e+00, 9.983e+02, 3.055e-14
3.500e-02, 5.000e-01, -1.550e-01, 1.103e+05, 0.000e+00, 3.390e-11, 0.000e+00, 2.004e+00, 9.983e+02, 1.455e-14
3.500e-02, 5.000e-01, -1.450e-01, 1.102e+05, 0.000e+00, 1.705e-11, 0.000e+00, 2.002e+00, 9.983e+02, 7.319e-15
3.500e-02, 5.000e-01, -1.350e-01, 1.113e+05, 0.000e+00, 9.194e-12, 0.000e+00, 2.022e+00, 9.983e+02, 4.007e-15
3.500e-02, 5.000e-01, -1.250e-01, 1.112e+05, 0.000e+00, 5.173e-12, 0.000e+00, 2.020e+00, 9.983e+02, 2.272e-15
3.500e-02, 5.000e-01, -1.150e-01, 1.111e+05, 0.000e+00, 2.959e-12, 0.000e+00, 2.018e+00, 9.983e+02, 1.300e-15
3.500e-02, 5.000e-01, -1.050e-01, 1.110e+05, 0.000e+00, 1.674e-12, 0.000e+00, 2.017e+00, 9.983e+02, 7.352e-16
3.500e-02, 5.000e-01, -9.500e-02, 1.109e+05, 0.000e+00, 9.252e-13, 0.000e+00, 2.015e+00, 9.983e+02, 4.064e-16
3.500e-02, 5.000e-01, -8.500e-02, 1.108e+05, 0.000e+00, 5.056e-13, 0.000e+00, 2.013e+00, 9.983e+02, 2.221e-16
3.500e-02, 5.000e-01, -7.500e-02, 1.107e+05, 0.000e+00, 2.856e-13, 0.000e+00, 2.011e+00, 9.983e+02, 1.255e-16
3.500e-02, 5.000e-01, -6.500e-02, 1.106e+05, 0.000e+00, 1.790e-13, 0.000e+00, 2.009e+00, 9.983e+02, 7.862e-17
3.500e-02, 5.000e-01, -5.500e-02, 1.105e+05, 0.000e+00, 1.314e-13, 0.000e+00, 2.008e+00, 9.983e+02, 5.770e-17
3.500e-02, 5.000e-01, -4.500e-02, 1.104e+05, 0.000e+00, 1.117e-13, 0.000e+00, 2.006e+00, 9.983e+02, 4.906e-17
3.500e-02, 5.000e-01, -3.500e-02, 1.103e+05, 0.000e+00, 1.041e-13, 0.000e+00, 2.004e+00, 9.983e+02, 4.575e-17
3.500e-02, 5.000e-01, -2.500e-02, 1.102e+05, 0.000e+00, 1.014e-13, 0.000e+00, 2.002e+00, 9.983e+02, 4.456e-17
3.500e-02, 5.000e-01, -1.500e-02, 1.101e+05, 0.000e+00, 1.005e-13, 0.000e+00, 2.000e+00, 9.983e+02, 4.414e-17
3.500e-02, 5.000e-01, -5.000e-03, 1.100e+05, 0.000e+00, 1.002e-13, 0.000e+00, 1.999e+00, 9.983e+02, 4.400e-17
4.500e-02, 5.000e-01, -1.195e+00, 1.202e+05, 0.000e+00, 1.002e-13, 0.000e+00, 2.184e+00, 9.983e+02, 2.000e-17
4.500e-02, 5.000e-01, -1.185e+00, 1.201e+05, 0.000e+00, 1.002e-13, 0.000e+00, 2.182e+00, 9.983e+02, 2.000e-17
4.500e-02, 5.000e-01, -1.175e+00, 1.200e+05, 0.000e+00, 1.002e-13, 0.000e+00, 2.181e+00, 9.983e+02, 2.000e-17
4.500e-02, 5.000e-01, -1.165e+00, 1.199e+05, 0.000e+00, 1.002e-13, 0.000e+00, 2.179e+00, 9.983e+02, 2.000e-17
4.500e-02, 5.000e-01, -1.155e+00, 1.198e+05, 0.000e+00, 1.002e-13, 0.000e+00, 2.177e+00, 9.983e+02, 2.000e-17
4.500e-02, 5.000e-01, -1.145e+00, 1.197e+05, 0.000e+00, 1.002e-13, 0.000e+00, 2.175e+00, 9.983e+02, 2.000e-17
4.500e-02, 5.000e-01, -1.135e+00, 1.196e+05, 0.000e+00, 1.002e-13, 0.000e+00, 2.173e+00, 9.983e+02, 2.000e-17
4.500e-02, 5.000e-01, -1.125e+00, 1.195e+05, 0.000e+00, 1.002e-13, 0.000e+00, 2.172e+00, 9.983e+02, 2.000e-17
4.500e-02, 5.000e-01, -1.115e+00, 1.194e+05, 0.000e+00, 1.002e-13, 0.000e+00, 2.170e+00, 9.983e+02, 2.000e-17
4.500e-02, 5.000e-01, -1.105e+00, 1.193e+05, 0.000e+00, 9.844e-10, 0.000e+00, 2.168e+00, 9.983e+02, 3.861e-13
4.500e-02, 5.000e-01, -1.095e+00, 1.192e+05, 0.000e+00, 5.155e-04, 0.000e+00, 2.167e+00, 9.984e+02, 2.024e-07
4.500e-02, 5.000e-01, -1.085e+00, 1.191e+05, 0.000e+00, 5.680e-04, 0.000e+00, 2.165e+00, 9.984e+02, 2.439e-07
4.500e-02, 5.000e-01, -1.075e+00, 1.190e+05, 0.000e+00, 5.729e-04, 0.000e+00, 2.163e+00, 9.984e+02, 2.460e-07
4.500e-02, 5.000e-01, -1.065e+00, 1.189e+05, 0.000e+00, 5.463e-04, 0.000e+00, 2.161e+00, 9.984e+02, 2.345e-07
4.500e-02, 5.000e-01, -1.055e+00, 1.188e+05, 0.000e+00, 5.071e-04, 0.000e+00, 2.159e+00, 9.984e+02, 2.177e-07
4.500e-02, 5.000e-01, -1.045e+00, 1.187e+05, 0.000e+00, 4.664e-04, 0.000e+00, 2.158e+00, 9.983e+02, 2.002e-07
4.500e-02, 5.000e-01, -1.035e+00, 1.186e+05, 0.000e+00, 4.253e-04, 0.000e+00, 2.156e+00, 9.983e+02, 1.826e-07
4.500e-02, 5.000e-01, -1.025e+00, 1.185e+05, 0.000e+00, 3.799e-04, 0.000e+00, 2.154e+00, 9.983e+02, 1.631e-07
4.500e-02, 5.000e-01, -1.015e+00, 1.185e+05, 0.000e+00, 3.279e-04, 0.000e+00, 2.152e+00, 9.983e+02, 1.408e-07
4.500e-02, 5.000e-01, -1.005e+00, 1.184e+05, 0.000e+00, 2.701e-04, 0.000e+00, 2.150e+00, 9.983e+02, 1.160e-07
4.500e-02, 5.000e-01, -9.950e-01, 1.183e+05, 0.000e+00, 2.100e-04, 0.000e+00, 2.149e+00, 9.983e+02, 9.015e-08
4.500e-02, 5.000e-01, -9.850e-01, 1.182e+05, 0.000e+00, 1.526e-04, 0.000e+00, 2.147e+00, 9.983e+02, 6.552e-08
4.500e-02, 5.000e-01, -9.750e-01, 1.181e+05, 0.000e+00, 1.029e-04, 0.000e+00, 2.145e+00, 9.983e+02, 4.416e-08
4.500e-02, 5.000e-01, -9.650e-01, 1.180e+05, 0.000e+00, 6.378e-05, 0.000e+00, 2.143e+00, 9.983e+02, 2.738e-08
4.500e-02, 5.000e-01, -9.550e-01, 1.179e+05, 0.000e+00, 3.607e-05, 0.000e+00, 2.141e+00, 9.983e+02, 1.549e-08
4.500e-02, 5.000e-01, -9.450e-01, 1.178e+05, 0.000e+00, 1.847e-05, 0.000e+00, 2.140e+00, 9.983e+02, 7.927e-09
4.500e-02, 5.000e-01, -9.350e-01, 1.177e+05, 0.000e+00, 8.486e-06, 0.000e+00, 2.138e+00, 9.983e+02, 3.643e-09
4.500e-02, 5.000e-01, -9.250e-01, 1.176e+05, 0.000e+00, 3.475e-06, 0.000e+00, 2.136e+00, 9.983e+02, 1.492e-09
4.500e-02, 5.000e-01, -9.150e-01, 1.175e+05, 0.000e+00, 1.259e-06, 0.000e+00, 2.134e+00, 9.983e+02, 5.406e-10
4.500e-02, 5.000e-01, -9.050e-01, 1.174e+05, 0.000e+00, 4.022e-07, 0.000e+00, 2.132e+00, 9.983e+02, 1.727e-10
4.500e-02, 5.000e-01, -8.950e-01, 1.173e+05, 0.000e+00, 1.127e-07, 0.000e+00, 2.131e+00, 9.983e+02, 4.838e-11
4.500e-02, 5.000e-01, -8.850e-01, 1.187e+05, 0.000e+00, 2.580e-08, 0.000e+00, 2.156e+00, 9.983e+02, 1.128e-11
4.500e-02, 5.000e-01, -8.750e-01, 1.186e+05, 0.000e+00, 5.669e-09, 0.000e+00, 2.154e+00, 9.983e+02, 2.490e-12
4.500e-02, 5.000e-01, -8.650e-01, 1.185e+05, 0.000e+00, 1.403e-09, 0.000e+00, 2.153e+00, 9.983e+02, 6.162e-13
4.500e-02, 5.000e-01, -8.550e-01, 1.184e+05, 0.000e+00, 1.431e-09, 0.000e+00, 2.151e+00, 9.983e+02, 6.287e-13
4.500e-02, 5.000e-01, -8.450e-01, 1.183e+05, 0.000e+00, 5.286e-09, 0.000e+00, 2.149e+00, 9.983e+02, 2.322e-12
4.500e-02, 5.000e-01, -8.350e-01, 1.182e+05, 0.000e+00, 2.116e-08, 0.000e+00, 2.147e+00, 9.983e+02, 9.295e-12
4.500e-02, 5.000e-01, -8.250e-01, 1.181e+05, 0.000e+00, 7.925e-08, 0.000e+00, 2.145e+00, 9.983e+02, 3.481e-11
4.500e-02, 5.000e-01, -8.150e-01, 1.180e+05, 0.000e+00, 2.746e-07, 0.000e+00, 2.144e+00, 9.983e+02, 1.206e-10
4.500e-02, 5.000e-01, -8.050e-01, 1.179e+05, 0.000e+00, 8.750e-07, 0.000e+00, 2.142e+00, 9.983e+02, 3.843e-10
4.500e-02, 5.000e-01, -7.950e-01, 1.178e+05, 0.000e+00, 2.550e-06, 0.000e+00, 2.140e+00, 9.983e+02, 1.120e-09
4.500e-02, 5.000e-01, -7.850e-01, 1.177e+05, 0.000e+00, 6.754e-06, 0.000e+00, 2.138e+00, 9.983e+02, 2.966e-09
4.500e-02, 5.000e-01, -7.750e-01, 1.176e+05, 0.000e+00, 1.616e-05, 0.000e+00, 2.136e+00, 9.983e+02, 7.098e-09
4.500e-02, 5.000e-01, -7.650e-01, 1.175e+05, 0.000e+00, 3.477e-05, 0.000e+00, 2.135e+00, 9.983e+02, 1.527e-08
4.500e-02, 5.000e-01, -7.550e-01, 1.174e+05, 0.000e+00, 6.727e-05, 0.000e+00, 2.133e+00, 9.983e+02, 2.955e-08
4.500e-02, 5.000e-01, -7.450e-01, 1.173e+05, 0.000e+00, 1.181e-04, 0.000e+00, 2.131e+00, 9.983e+02, 5.186e-08
4.500e-02, 5.000e-01, -7.350e-01, 1.157e+05, 0.000e+00, 1.932e-04, 0.000e+00, 2.102e+00, 9.983e+02, 8.595e-08
4.500e-02, 5.000e-01, -7.250e-01, 1.156e+05, 0.000e+00, 2.915e-04, 0.000e+00, 2.101e+00, 9.983e+02, 1.310e-07
4.500e-02, 5.000e-01, -7.150e-01, 1.155e+05, 0.000e+00, 3.606e-04, 0.000e+00, 2.099e+00, 9.983e+02, 1.620e-07
4.500e-02, 5.000e-01, -7.050e-01, 1.154e+05, 0.000e+00, 3.954e-04, 0.000e+00, 2.097e+00, 9.983e+02, 1.776e-07
4.500e-02, 5.000e-01, -6.950e-01, 1.153e+05, 0.000e+00, 4.036e-04, 0.000e+00, 2.095e+00, 9.983e+02, 1.813e-07
4.500e-02, 5.000e-01, -6.850e-01, 1.152e+05, 0.000e+00, 4.038e-04, 0.000e+00, 2.093e+00, 9.983e+02, 1.814e-07
4.500e-02, 5.000e-01, -6.750e-01, 1.151e+05, 0.000e+00, 4.087e-04, 0.000e+00, 2.092e+00, 9.983e+02, 1.836e-07
4.500e-02, 5.000e-01, -6.650e-01, 1.150e+05, 0.000e+00, 4.141e-04, 0.000e+00, 2.090e+00, 9.983e+02, 1.861e-07
4.500e-02, 5.000e-01, -6.550e-01, 1.149e+05, 0.000e+00, 4.160e-04, 0.000e+00, 2.088e+00, 9.983e+02, 1.869e-07
4.500e-02, 5.000e-01, -6.450e-01, 1.148e+05, 0.000e+00, 4.144e-04, 0.000e+00, 2.086e+00, 9.983e+02, 1.862e-07
4.500e-02, 5.000e-01, -6.350e-01, 1.147e+05, 0.000e+00, 4.112e-04, 0.000e+00, 2.084e+00, 9.983e+02, 1.847e-07
4.500e-02, 5.000e-01, -6.250e-01, 1.146e+05, 0.000e+00, 4.079e-04, 0.000e+00, 2.083e+00, 9.983e+02, 1.832e-07
4.500e-02, 5.000e-01, -6.150e-01, 1.145e+05, 0.000e+00, 4.058e-04, 0.000e+00, 2.081e+00, 9.983e+02, 1.823e-07
4.500e-02, 5.000e-01, -6.050e-01, 1.144e+05, 0.000e+00, 4.066e-04, 0.000e+00, 2.079e+00, 9.983e+02, 1.827e-07
4.500e-02, 5.000e-01, -5.950e-01, 1.144e+05, 0.000e+00, 4.122e-04, 0.000e+00, 2.079e+00, 9.983e+02, 1.823e-07
4.500e-02, 5.000e-01, -5.850e-01, 1.143e+05, 0.000e+00, 4.187e-04, 0.000e+00, 2.077e+00, 9.983e+02, 1.839e-07
4.500e-02, 5.000e-01, -5.750e-01, 1.142e+05, 0.000e+00, 4.243e-04, 0.000e+00, 2.075e+00, 9.983e+02, 1.864e-07
4.500e-02, 5.000e-01, -5.650e-01, 1.141e+05, 0.000e+00, 4.279e-04, 0.000e+00, 2.073e+00, 9.983e+02, 1.880e-07
4.500e-02, 5.000e-01, -5.550e-01, 1.140e+05, 0.000e+00, 4.274e-04, 0.000e+00, 2.071e+00, 9.983e+02, 1.877e-07
4.500e-02, 5.000e-01, -5.450e-01, 1.139e+05, 0.000e+00, 4.178e-04, 0.000e+00, 2.070e+00, 9.983e+02, 1.835e-07
4.500e-02, 5.000e-01, -5.350e-01, 1.138e+05, 0.000e+00, 3.962e-04, 0.000e+00, 2.068e+00, 9.983e+02, 1.741e-07
4.500e-02, 5.000e-01, -5.250e-01, 1.137e+05, 0.000e+00, 3.665e-04, 0.000e+00, 2.066e+00, 9.983e+02, 1.610e-07
4.500e-02, 5.000e-01, -5.150e-01, 1.136e+05, 0.000e+00, 3.366e-04, 0.000e+00, 2.064e+00, 9.983e+02, 1.479e-07
4.500e-02, 5.000e-01, -5.050e-01, 1.135e+05, 0.000e+00, 3.125e-04, 0.000e+00, 2.063e+00, 9.983e+02, 1.373e-07
4.500e-02, 5.000e-01, -4.950e-01, 1.136e+05, 0.000e+00, 2.972e-04, 0.000e+00, 2.064e+00, 9.983e+02, 1.285e-07
4.500e-02, 5.000e-01, -4.850e-01, 1.135e+05, 0.000e+00, 2.873e-04, 0.000e+00, 2.063e+00, 9.983e+02, 1.233e-07
4.500e-02, 5.000e-01, -4.750e-01, 1.135e+05, 0.000e+00, 2.797e-04, 0.000e+00, 2.061e+00, 9.983e+02, 1.201e-07
4.500e-02, 5.000e-01, -4.650e-01, 1.131e+05, 0.000e+00, 2.730e-04, 0.000e+00, 2.054e+00, 9.983e+02, 1.172e-07
4.500e-02, 5.000e-01, -4.550e-01, 1.130e+05, 0.000e+00, 2.667e-04, 0.000e+00, 2.052e+00, 9.983e+02, 1.145e-07
4.500e-02, 5.000e-01, -4.450e-01, 1.129e+05, 0.000e+00, 2.573e-04, 0.000e+00, 2.050e+00, 9.983e+02, 1.105e-07
4.500e-02, 5.000e-01, -4.350e-01, 1.128e+05, 0.000e+00, 2.460e-04, 0.000e+00, 2.048e+00, 9.983e+02, 1.056e-07
4.500e-02, 5.000e-01, -4.250e-01, 1.127e+05, 0.000e+00, 2.338e-04, 0.000e+00, 2.047e+00, 9.983e+02, 1.004e-07
4.500e-02, 5.000e-01, -4.150e-01, 1.126e+05, 0.000e+00, 2.211e-04, 0.000e+00, 2.045e+00, 9.983e+02, 9.490e-08
4.500e-02, 5.000e-01, -4.050e-01, 1.125e+05, 0.000e+00, 2.085e-04, 0.000e+00, 2.043e+00, 9.983e+02, 8.950e-08
4.500e-02, 5.000e-01, -3.950e-01, 1.124e+05, 0.000e+00, 1.964e-04, 0.000e+00, 2.041e+00, 9.983e+02, 8.433e-08
4.500e-02, 5.000e-01, -3.850e-01, 1.123e+05, 0.000e+00, 1.844e-04, 0.000e+00, 2.039e+00, 9.983e+02, 7.914e-08
4.500e-02, 5.000e-01, -3.750e-01, 1.122e+05, 0.000e+00, 1.714e-04, 0.000e+00, 2.038e+00, 9.983e+02, 7.358e-08
4.500e-02, 5.000e-01, -3.650e-01, 1.121e+05, 0.000e+00, 1.564e-04, 0.000e+00, 2.036e+00, 9.983e+02, 6.820e-08
4.500e-02, 5.000e-01, -3.550e-01, 1.120e+05, 0.000e+00, 1.383e-04, 0.000e+00, 2.034e+00, 9.983e+02, 6.214e-08
4.500e-02, 5.000e-01, -3.450e-01, 1.119e+05, 0.000e+00, 1.181e-04, 0.000e+00, 2.033e+00, 9.983e+02, 5.306e-08
4.500e-02, 5.000e-01, -3.350e-01, 1.118e+05, 0.000e+00, 9.642e-05, 0.000e+00, 2.031e+00, 9.983e+02, 4.332e-08
4.500e-02, 5.000e-01, -3.250e-01, 1.117e+05, 0.000e+00, 7.462e-05, 0.000e+00, 2.029e+00, 9.983e+02, 3.352e-08
4.500e-02, 5.000e-01, -3.150e-01, 1.116e+05, 0.000e+00, 5.430e-05, 0.000e+00, 2.027e+00, 9.983e+02, 2.439e-08
4.500e-02, 5.000e-01, -3.050e-01, 1.115e+05, 0.000e+00, 3.686e-05, 0.000e+00, 2.025e+00, 9.983e+02, 1.656e-08
4.500e-02, 5.000e-01, -2.950e-01, 1.114e+05, 0.000e+00, 2.315e-05, 0.000e+00, 2.024e+00, 9.983e+02, 1.040e-08
4.500e-02, 5.000e-01, -2.850e-01, 1.113e+05, 0.000e+00, 1.337e-05, 0.000e+00, 2.022e+00, 9.983e+02, 6.005e-09
4.500e-02, 5.000e-01, -2.750e-01, 1.113e+05, 0.000e+00, 7.120e-06, 0.000e+00, 2.021e+00, 9.983e+02, 3.154e-09
4.500e-02, 5.000e-01, -2.650e-01, 1.112e+05, 0.000e+00, 3.462e-06, 0.000e+00, 2.020e+00, 9.983e+02, 1.521e-09
4.500e-02, 5.000e-01, -2.550e-01, 1.111e+05, 0.000e+00, 1.541e-06, 0.000e+00, 2.018e+00, 9.983e+02, 6.770e-10
4.500e-02, 5.000e-01, -2.450e-01, 1.110e+05, 0.000e+00, 6.291e-07, 0.000e+00, 2.016e+00, 9.983e+02, 2.763e-10
4.500e-02, 5.000e-01, -2.350e-01, 1.109e+05, 0.000e+00, 2.352e-07, 0.000e+00, 2.014e+00, 9.983e+02, 1.033e-10
4.500e-02, 5.000e-01, -2.250e-01, 1.108e+05, 0.000e+00, 8.073e-08, 0.000e+00, 2.012e+00, 9.983e+02, 3.546e-11
4.500e-02, 5.000e-01, -2.150e-01, 1.107e+05, 0.000e+00, 2.564e-08, 0.000e+00, 2.011e+00, 9.983e+02, 1.126e-11
4.500e-02, 5.000e-01, -2.050e-01, 1.106e+05, 0.000e+00, 7.733e-09, 0.000e+00, 2.009e+00, 9.983e+02, 3.397e-12
4.500e-02, 5.000e-01, -1.950e-01, 1.107e+05, 0.000e+00, 2.412e-09, 0.000e+00, 2.011e+00, 9.983e+02, 1.045e-12
4.500e-02, 5.000e-01, -1.850e-01, 1.106e+05, 0.000e+00, 8.628e-10, 0.000e+00, 2.009e+00, 9.983e+02, 3.703e-13
4.500e-02, 5.000e-01, -1.750e-01, 1.105e+05, 0.000e+00, 3.739e-10, 0.000e+00, 2.007e+00, 9.983e+02, 1.605e-13
4.500e-02, 5.000e-01, -1.650e-01, 1.104e+05, 0.000e+00, 1.857e-10, 0.000e+00, 2.005e+00, 9.983e+02, 7.973e-14
4.500e-02, 5.000e-01, -1.550e-01, 1.103e+05, 0.000e+00, 9.650e-11, 0.000e+00, 2.004e+00, 9.983e+02, 4.142e-14
4.500e-02, 5.000e-01, -1.450e-01, 1.102e+05, 0.000e+00, 5.073e-11, 0.000e+00, 2.002e+00, 9.983e+02, 2.178e-14
4.500e-02, 5.000e-01, -1.350e-01, 1.113e+05, 0.000e+00, 2.848e-11, 0.000e+00, 2.022e+00, 9.983e+02, 1.237e-14
4.500e-02, 5.000e-01, -1.250e-01, 1.112e+05, 0.000e+00, 1.654e-11, 0.000e+00, 2.020e+00, 9.983e+02, 7.263e-15
4.500e-02, 5.000e-01, -1.150e-01, 1.111e+05, 0.000e+00, 9.620e-12, 0.000e+00, 2.018e+00, 9.983e+02, 4.225e-15
4.500e-02, 5.000e-01, -1.050e-01, 1.110e+05, 0.000e+00, 5.435e-12, 0.000e+00, 2.017e+00, 9.983e+02, 2.387e-15
4.500e-02, 5.000e-01, -9.500e-02, 1.109e+05, 0.000e+00, 2.926e-12, 0.000e+00, 2.015e+00, 9.983e+02, 1.285e-15
4.500e-02, 5.000e-01, -8.500e-02, 1.108e+05, 0.000e+00, 1.497e-12, 0.000e+00, 2.013e+00, 9.983e+02, 6.576e-16
4.500e-02, 5.000e-01, -7.500e-02, 1.107e+05, 0.000e+00, 7.412e-13, 0.000e+00, 2.011e+00, 9.983e+02, 3.255e-16
4.500e-02, 5.000e-01, -6.500e-02, 1.106e+05, 0.000e+00, 3.731e-13, 0.000e+00, 2.009e+00, 9.983e+02, 1.639e-16
4.500e-02, 5.000e-01, -5.500e-02, 1.105e+05, 0.000e+00, 2.082e-13, 0.000e+00, 2.008e+00, 9.983e+02, 9.146e-17
4.500e-02, 5.000e-01, -4.500e-02, 1.104e+05, 0.000e+00, 1.401e-13, 0.000e+00, 2.006e+00, 9.983e+02, 6.154e-17
4.500e-02, 5.000e-01, -3.500e-02, 1.103e+05, 0.000e+00, 1.140e-13, 0.000e+00, 2.004e+00, 9.983e+02, 5.006e-17
4.500e-02, 5.000e-01, -2.500e-02, 1.102e+05, 0.000e+00, 1.046e-13, 0.000e+00, 2.002e+00, 9.983e+02, 4.595e-17
4.500e-02, 5.000e-01, -1.500e-02, 1.101e+05, 0.000e+00, 1.014e-13, 0.000e+00, 2.000e+00, 9.983e+02, 4.454e-17
4.500e-02, 5.000e-01, -5.000e-03, 1.100e+05, 0.000e+00, 1.002e-13, 0.000e+00, 1.999e+00, 9.983e+02, 4.400e-17
5.500e-02, 5.000e-01, -1.195e+00, 1.202e+05, 0.000e+00, 1.002e-13, 0.000e+00, 2.184e+00, 9.983e+02, 2.000e-17
5.500e-02, 5.000e-01, -1.185e+00, 1.201e+05, 0.000e+00, 1.002e-13, 0.000e+00, 2.182e+00, 9.983e+02, 2.000e-17
5.500e-02, 5.000e-01, -1.175e+00, 1.200e+05, 0.000e+00, 1.002e-13, 0.000e+00, 2.181e+00, 9.983e+02, 2.000e-17
5.500e-02, 5.000e-01, -1.165e+00, 1.199e+05, 0.000e+00, 1.002e-13, 0.000e+00, 2.179e+00, 9.983e+02, 2.000e-17
5.500e-02, 5.000e-01, -1.155e+00, 1.198e+05, 0.000e+00, 1.002e-13, 0.000e+00, 2.177e+00, 9.983e+02, 2.000e-17
5.500e-02, 5.000e-01, -1.145e+00, 1.197e+05, 0.000e+00, 1.002e-13, 0.000e+00, 2.175e+00, 9.983e+02, 2.000e-17
5.500e-02, 5.000e-01, -1.135e+00, 1.196e+05, 0.000e+00, 1.002e-13, 0.000e+00, 2.173e+00, 9.983e+02, 2.000e-17
5.500e-02, 5.000e-01, -1.125e+00, 1.195e+05, 0.000e+00, 1.002e-13, 0.000e+00, 2.172e+00, 9.983e+02, 2.000e-17
5.500e-02, 5.000e-01, -1.115e+00, 1.194e+05, 0.000e+00, 1.002e-13, 0.000e+00, 2.170e+00, 9.983e+02, 2.000e-17
5.500e-02, 5.000e-01, -1.105e+00, 1.193e+05, 0.000e+00, 9.899e-10, 0.000e+00, 2.168e+00, 9.983e+02, 3.698e-13
5.500e-02, 5.000e-01, -1.095e+00, 1.192e+05, 0.000e+00, 5.184e-04, 0.000e+00, 2.167e+00, 9.984e+02, 1.938e-07
5.500e-02, 5.000e-01, -1.085e+00, 1.191e+05, 0.000e+00, 5.805e-04, 0.000e+00, 2.165e+00, 9.984e+02, 2.492e-07
5.500e-02, 5.000e-01, -1.075e+00, 1.190e+05, 0.000e+00, 5.866e-04, 0.000e+00, 2.163e+00, 9.984e+02, 2.518e-07
5.500e-02, 5.000e-01, -1.065e+00, 1.189e+05, 0.000e+00, 5.609e-04, 0.000e+00, 2.161e+00, 9.984e+02, 2.408e-07
5.500e-02, 5.000e-01, -1.055e+00, 1.188e+05, 0.000e+00, 5.193e-04, 0.000e+00, 2.159e+00, 9.984e+02, 2.229e-07
5.500e-02, 5.000e-01, -1.045e+00, 1.187e+05, 0.000e+00, 4.734e-04, 0.000e+00, 2.158e+00, 9.983e+02, 2.032e-07
5.500e-02, 5.000e-01, -1.035e+00, 1.186e+05, 0.000e+00, 4.279e-04, 0.000e+00, 2.156e+00, 9.983e+02, 1.837e-07
5.500e-02, 5.000e-01, -1.025e+00, 1.185e+05, 0.000e+00, 3.798e-04, 0.000e+00, 2.154e+00, 9.983e+02, 1.630e-07
5.500e-02, 5.000e-01, -1.015e+00, 1.185e+05, 0.000e+00, 3.267e-04, 0.000e+00, 2.152e+00, 9.983e+02, 1.402e-07
5.500e-02, 5.000e-01, -1.005e+00, 1.184e+05, 0.000e+00, 2.688e-04, 0.000e+00, 2.150e+00, 9.983e+02, 1.154e-07
5.500e-02, 5.000e-01, -9.950e-01, 1.183e+05, 0.000e+00, 2.091e-04, 0.000e+00, 2.149e+00, 9.983e+02, 8.976e-08
5.500e-02, 5.000e-01, -9.850e-01, 1.182e+05, 0.000e+00, 1.522e-04, 0.000e+00, 2.147e+00, 9.983e+02, 6.534e-08
5.500e-02, 5.000e-01, -9.750e-01, 1.181e+05, 0.000e+00, 1.028e-04, 0.000e+00, 2.145e+00, 9.983e+02, 4.411e-08
5.500e-02, 5.000e-01, -9.650e-01, 1.180e+05, 0.000e+00, 6.380e-05, 0.000e+00, 2.143e+00, 9.983e+02, 2.739e-08
5.500e-02, 5.000e-01, -9.550e-01, 1.179e+05, 0.000e+00, 3.614e-05, 0.000e+00, 2.141e+00, 9.983e+02, 1.551e-08
5.500e-02, 5.000e-01, -9.450e-01, 1.178e+05, 0.000e+00, 1.853e-05, 0.000e+00, 2.140e+00, 9.983e+02, 7.953e-09
5.500e-02, 5.000e-01, -9.350e-01, 1.177e+05, 0.000e+00, 8.535e-06, 0.000e+00, 2.138e+00, 9.983e+02, 3.664e-09
5.500e-02, 5.000e-01, -9.250e-01, 1.176e+05, 0.000e+00, 3.508e-06, 0.000e+00, 2.136e+00, 9.983e+02, 1.506e-09
5.500e-02, 5.000e-01, -9.150e-01, 1.175e+05, 0.000e+00, 1.280e-06, 0.000e+00, 2.134e+00, 9.983e+02, 5.492e-10
5.500e-02, 5.000e-01, -9.050e-01, 1.174e+05, 0.000e+00, 4.119e-07, 0.000e+00, 2.132e+00, 9.983e+02, 1.768e-10
5.500e-02, 5.000e-01, -8.950e-01, 1.173e+05, 0.000e+00, 1.162e-07, 0.000e+00, 2.131e+00, 9.983e+02, 4.986e-11
5.500e-02, 5.000e-01, -8.850e-01, 1.187e+05, 0.000e+00, 2.788e-08, 0.000e+00, 2.156e+00, 9.983e+02, 1.215e-11
5.500e-02, 5.000e-01, -8.750e-01, 1.186e+05, 0.000e+00, 6.238e-09, 0.000e+00, 2.154e+00, 9.983e+02, 2.740e-12
5.500e-02, 5.000e-01, -8.650e-01, 1.185e+05, 0.000e+00, 1.495e-09, 0.000e+00, 2.153e+00, 9.983e+02, 6.568e-13
5.500e-02, 5.000e-01, -8.550e-01, 1.184e+05, 0.000e+00, 1.257e-09, 0.000e+00, 2.151e+00, 9.983e+02, 5.520e-13
5.500e-02, 5.000e-01, -8.450e-01, 1.183e+05, 0.000e+00, 4.400e-09, 0.000e+00, 2.149e+00, 9.983e+02, 1.933e-12
5.500e-02, 5.000e-01, -8.350e-01, 1.182e+05, 0.000e+00, 1.751e-08, 0.000e+00, 2.147e+00, 9.983e+02, 7.691e-12
5.500e-02, 5.000e-01, -8.250e-01, 1.181e+05, 0.000e+00, 6.539e-08, 0.000e+00, 2.145e+00, 9.983e+02, 2.872e-11
5.500e-02, 5.000e-01, -8.150e-01, 1.180e+05, 0.000e+00, 2.261e-07, 0.000e+00, 2.144e+00, 9.983e+02, 9.933e-11
5.500e-02, 5.000e-01, -8.050e-01, 1.179e+05, 0.000e+00, 7.204e-07, 0.000e+00, 2.142e+00, 9.983e+02, 3.164e-10
5.500e-02, 5.000e-01, -7.950e-01, 1.178e+05, 0.000e+00, 2.103e-06, 0.000e+00, 2.140e+00, 9.983e+02, 9.238e-10
5.500e-02, 5.000e-01, -7.850e-01, 1.177e+05, 0.000e+00, 5.598e-06, 0.000e+00, 2.138e+00, 9.983e+02, 2.459e-09
5.500e-02, 5.000e-01, -7.750e-01, 1.176e+05, 0.000e+00, 1.353e-05, 0.000e+00, 2.136e+00, 9.983e+02, 5.942e-09
5.500e-02, 5.000e-01, -7.650e-01, 1.175e+05, 0.000e+00, 2.961e-05, 0.000e+00, 2.135e+00, 9.983e+02, 1.301e-08
5.500e-02, 5.000e-01, -7.550e-01, 1.174e+05, 0.000e+00, 5.887e-05, 0.000e+00, 2.133e+00, 9.983e+02, 2.586e-08
5.500e-02, 5.000e-01, -7.450e-01, 1.173e+05, 0.000e+00, 1.073e-04, 0.000e+00, 2.131e+00, 9.983e+02, 4.713e-08
5.500e-02, 5.000e-01, -7.350e-01, 1.172e+05, 0.000e+00, 1.821e-04, 0.000e+00, 2.129e+00, 9.983e+02, 8.043e-08
5.500e-02, 5.000e-01, -7.250e-01, 1.156e+05, 0.000e+00, 2.933e-04, 0.000e+00, 2.101e+00, 9.983e+02, 1.318e-07
5.500e-02, 5.000e-01, -7.150e-01, 1.155e+05, 0.000e+00, 3.708e-04, 0.000e+00, 2.099e+00, 9.983e+02, 1.666e-07
5.500e-02, 5.000e-01, -7.050e-01, 1.154e+05, 0.000e+00, 4.133e-04, 0.000e+00, 2.097e+00, 9.983e+02, 1.857e-07
5.500e-02, 5.000e-01, -6.950e-01, 1.153e+05, 0.000e+00, 4.237e-04, 0.000e+00, 2.095e+00, 9.983e+02, 1.904e-07
5.500e-02, 5.000e-01, -6.850e-01, 1.152e+05, 0.000e+00, 4.183e-04, 0.000e+00, 2.093e+00, 9.983e+02, 1.879e-07
5.500e-02, 5.000e-01, -6.750e-01, 1.151e+05, 0.000e+00, 4.145e-04, 0.000e+00, 2.092e+00, 9.983e+02, 1.862e-07
5.500e-02, 5.000e-01, -6.650e-01, 1.150e+05, 0.000e+00, 4.155e-04, 0.000e+00, 2.090e+00, 9.983e+02, 1.867e-07
5.500e-02, 5.000e-01, -6.550e-01, 1.149e+05, 0.000e+00, 4.160e-04, 0.000e+00, 2.088e+00, 9.983e+02, 1.869e-07
5.500e-02, 5.000e-01, -6.450e-01, 1.148e+05, 0.000e+00, 4.143e-04, 0.000e+00, 2.086e+00, 9.983e+02, 1.861e-07
5.500e-02, 5.000e-01, -6.350e-01, 1.147e+05, 0.000e+00, 4.109e-04, 0.000e+00, 2.084e+00, 9.983e+02, 1.846e-07
5.500e-02, 5.000e-01, -6.250e-01, 1.146e+05, 0.000e+00, 4.070e-04, 0.000e+00, 2.083e+00, 9.983e+02, 1.828e-07
5.500e-02, 5.000e-01, -6.150e-01, 1.145e+05, 0.000e+00, 4.036e-04, 0.000e+00, 2.081e+00, 9.983e+02, 1.813e-07
5.500e-02, 5.000e-01, -6.050e-01, 1.144e+05, 0.000e+00, 4.018e-04, 0.000e+00, 2.079e+00, 9.983e+02, 1.805e-07
5.500e-02, 5.000e-01, -5.950e-01, 1.144e+05, 0.000e+00, 4.018e-04, 0.000e+00, 2.079e+00, 9.983e+02, 1.783e-07
5.500e-02, 5.000e-01, -5.850e-01, 1.143e+05, 0.000e+00, 4.050e-04, 0.000e+00, 2.077e+00, 9.983e+02, 1.779e-07
5.500e-02, 5.000e-01, -5.750e-01, 1.142e+05, 0.000e+00, 4.116e-04, 0.000e+00, 2.075e+00, 9.983e+02, 1.808e-07
5.500e-02, 5.000e-01, -5.650e-01, 1.141e+05, 0.000e+00, 4.205e-04, 0.000e+00, 2.073e+00, 9.983e+02, 1.847e-07
5.500e-02, 5.000e-01, -5.550e-01, 1.140e+05, 0.000e+00, 4.279e-04, 0.000e+00, 2.071e+00, 9.983e+02, 1.880e-07
5.500e-02, 5.000e-01, -5.450e-01, 1.139e+05, 0.000e+00, 4.253e-04, 0.000e+00, 2.070e+00, 9.983e+02, 1.868e-07
5.500e-02, 5.000e-01, -5.350e-01, 1.138e+05, 0.000e+00, 4.080e-04, 0.000e+00, 2.068e+00, 9.983e+02, 1.792e-07
5.500e-02, 5.000e-01, -5.250e-01, 1.137e+05, 0.000e+00, 3.807e-04, 0.000e+00, 2.066e+00, 9.983e+02, 1.672e-07
5.500e-02, 5.000e-01, -5.150e-01, 1.136e+05, 0.000e+00, 3.520e-04, 0.000e+00, 2.064e+00, 9.983e+02, 1.546e-07
5.500e-02, 5.000e-01, -5.050e-01, 1.135e+05, 0.000e+00, 3.283e-04, 0.000e+00, 2.063e+00, 9.983e+02, 1.442e-07
5.500e-02, 5.000e-01, -4.950e-01, 1.136e+05, 0.000e+00, 3.117e-04, 0.000e+00, 2.064e+00, 9.983e+02, 1.352e-07
5.500e-02, 5.000e-01, -4.850e-01, 1.135e+05, 0.000e+00, 2.991e-04, 0.000e+00, 2.063e+00, 9.983e+02, 1.284e-07
5.500e-02, 5.000e-01, -4.750e-01, 1.135e+05, 0.000e+00, 2.876e-04, 0.000e+00, 2.061e+00, 9.983e+02, 1.235e-07
5.500e-02, 5.000e-01, -4.650e-01, 1.134e+05, 0.000e+00, 2.777e-04, 0.000e+00, 2.059e+00, 9.983e+02, 1.192e-07
5.500e-02, 5.000e-01, -4.550e-01, 1.130e+05, 0.000e+00, 2.707e-04, 0.000e+00, 2.052e+00, 9.983e+02, 1.162e-07
5.500e-02, 5.000e-01, -4.450e-01, 1.129e+05, 0.000e+00, 2.620e-04, 0.000e+00, 2.050e+00, 9.983e+02, 1.125e-07
5.500e-02, 5.000e-01, -4.350e-01, 1.128e+05, 0.000e+00, 2.513e-04, 0.000e+00, 2.048e+00, 9.983e+02, 1.079e-07
5.500e-02, 5.000e-01, -4.250e-01, 1.127e+05, 0.000e+00, 2.391e-04, 0.000e+00, 2.047e+00, 9.983e+02, 1.026e-07
5.500e-02, 5.000e-01, -4.150e-01, 1.126e+05, 0.000e+00, 2.262e-04, 0.000e+00, 2.045e+00, 9.983e+02, 9.710e-08
5.500e-02, 5.000e-01, -4.050e-01, 1.125e+05, 0.000e+00, 2.128e-04, 0.000e+00, 2.043e+00, 9.983e+02, 9.133e-08
5.500e-02, 5.000e-01, -3.950e-01, 1.124e+05, 0.000e+00, 1.996e-04, 0.000e+00, 2.041e+00, 9.983e+02, 8.568e-08
5.500e-02, 5.000e-01, -3.850e-01, 1.123e+05, 0.000e+00, 1.865e-04, 0.000e+00, 2.039e+00, 9.983e+02, 8.005e-08
5.500e-02, 5.000e-01, -3.750e-01, 1.122e+05, 0.000e+00, 1.727e-04, 0.000e+00, 2.038e+00, 9.983e+02, 7.412e-08
5.500e-02, 5.000e-01, -3.650e-01, 1.121e+05, 0.000e+00, 1.570e-04, 0.000e+00, 2.036e+00, 9.983e+02, 6.825e-08
5.500e-02, 5.000e-01, -3.550e-01, 1.120e+05, 0.000e+00, 1.387e-04, 0.000e+00, 2.034e+00, 9.983e+02, 6.229e-08
5.500e-02, 5.000e-01, -3.450e-01, 1.119e+05, 0.000e+00, 1.184e-04, 0.000e+00, 2.033e+00, 9.983e+02, 5.319e-08
5.500e-02, 5.000e-01, -3.350e-01, 1.118e+05, 0.000e+00, 9.682e-05, 0.000e+00, 2.031e+00, 9.983e+02, 4.350e-08
5.500e-02, 5.000e-01, -3.250e-01, 1.117e+05, 0.000e+00, 7.522e-05, 0.000e+00, 2.029e+00, 9.983e+02, 3.379e-08
5.500e-02, 5.000e-01, -3.150e-01, 1.116e+05, 0.000e+00, 5.506e-05, 0.000e+00, 2.027e+00, 9.983e+02, 2.474e-08
5.500e-02, 5.000e-01, -3.050e-01, 1.115e+05, 0.000e+00, 3.767e-05, 0.000e+00, 2.025e+00, 9.983e+02, 1.692e-08
5.500e-02, 5.000e-01, -2.950e-01, 1.114e+05, 0.000e+00, 2.388e-05, 0.000e+00, 2.024e+00, 9.983e+02, 1.073e-08
5.500e-02, 5.000e-01, -2.850e-01, 1.113e+05, 0.000e+00, 1.394e-05, 0.000e+00, 2.022e+00, 9.983e+02, 6.264e-09
5.500e-02, 5.000e-01, -2.750e-01, 1.113e+05, 0.000e+00, 7.520e-06, 0.000e+00, 2.021e+00, 9.983e+02, 3.336e-09
5.500e-02, 5.000e-01, -2.650e-01, 1.112e+05, 0.000e+00, 3.722e-06, 0.000e+00, 2.020e+00, 9.983e+02, 1.635e-09
5.500e-02, 5.000e-01, -2.550e-01, 1.111e+05, 0.000e+00, 1.688e-06, 0.000e+00, 2.018e+00, 9.983e+02, 7.416e-10
5.500e-02, 5.000e-01, -2.450e-01, 1.110e+05, 0.000e+00, 7.035e-07, 0.000e+00, 2.016e+00, 9.983e+02, 3.090e-10
5.500e-02, 5.000e-01, -2.350e-01, 1.109e+05, 0.000e+00, 2.696e-07, 0.000e+00, 2.014e+00, 9.983e+02, 1.184e-10
5.500e-02, 5.000e-01, -2.250e-01, 1.108e+05, 0.000e+00, 9.574e-08, 0.000e+00, 2.012e+00, 9.983e+02, 4.205e-11
5.500e-02, 5.000e-01, -2.150e-01, 1.107e+05, 0.000e+00, 3.211e-08, 0.000e+00, 2.011e+00, 9.983e+02, 1.410e-11
5.500e-02, 5.000e-01, -2.050e-01, 1.106e+05, 0.000e+00, 1.066e-08, 0.000e+00, 2.009e+00, 9.983e+02, 4.684e-12
5.500e-02, 5.000e-01, -1.950e-01, 1.107e+05, 0.000e+00, 3.935e-09, 0.000e+00, 2.011e+00, 9.983e+02, 1.705e-12
5.500e-02, 5.000e-01, -1.850e-01, 1.106e+05, 0.000e+00, 1.751e-09, 0.000e+00, 2.009e+00, 9.983e+02, 7.516e-13
5.500e-02, 5.000e-01, -1.750e-01, 1.105e+05, 0.000e+00, 9.021e-10, 0.000e+00, 2.007e+00, 9.983e+02, 3.872e-13
5.500e-02, 5.000e-01, -1.650e-01, 1.104e+05, 0.000e+00, 4.925e-10, 0.000e+00, 2.005e+00, 9.983e+02, 2.114e-13
5.500e-02, 5.000e-01, -1.550e-01, 1.103e+05, 0.000e+00, 2.676e-10, 0.000e+00, 2.004e+00, 9.983e+02, 1.148e-13
5.500e-02, 5.000e-01, -1.450e-01, 1.102e+05, 0.000e+00, 1.447e-10, 0.000e+00, 2.002e+00, 9.983e+02, 6.211e-14
5.500e-02, 5.000e-01, -1.350e-01, 1.101e+05, 0.000e+00, 8.426e-11, 0.000e+00, 2.000e+00, 9.983e+02, 3.651e-14
5.500e-02, 5.000e-01, -1.250e-01, 1.112e+05, 0.000e+00, 5.061e-11, 0.000e+00, 2.020e+00, 9.983e+02, 2.223e-14
5.500e-02, 5.000e-01, -1.150e-01, 1.111e+05, 0.000e+00, 3.009e-11, 0.000e+00, 2.018e+00, 9.983e+02, 1.322e-14
5.500e-02, 5.000e-01, -1.050e-01, 1.110e+05, 0.000e+00, 1.716e-11, 0.000e+00, 2.017e+00, 9.983e+02, 7.539e-15
5.500e-02, 5.000e-01, -9.500e-02, 1.109e+05, 0.000e+00, 9.217e-12, 0.000e+00, 2.015e+00, 9.983e+02, 4.048e-15
5.500e-02, 5.000e-01, -8.500e-02, 1.108e+05, 0.000e+00, 4.627e-12, 0.000e+00, 2.013e+00, 9.983e+02, 2.032e-15
5.500e-02, 5.000e-01, -7.500e-02, 1.107e+05, 0.000e+00, 2.182e-12, 0.000e+00, 2.011e+00, 9.983e+02, 9.584e-16
5.500e-02, 5.000e-01, -6.500e-02, 1.106e+05, 0.000e+00, 9.875e-13, 0.000e+00, 2.009e+00, 9.983e+02, 4.337e-16
5.500e-02, 5.000e-01, -5.500e-02, 1.105e+05, 0.000e+00, 4.517e-13, 0.000e+00, 2.008e+00, 9.983e+02, 1.984e-16
5.500e-02, 5.000e-01, -4.500e-02, 1.104e+05, 0.000e+00, 2.301e-13, 0.000e+00, 2.006e+00, 9.983e+02, 1.011e-16
5.500e-02, 5.000e-01, -3.500e-02, 1.103e+05, 0.000e+00, 1.451e-13, 0.000e+00, 2.004e+00, 9.983e+02, 6.374e-17
5.500e-02, 5.000e-01, -2.500e-02, 1.102e+05, 0.000e+00, 1.147e-13, 0.000e+00, 2.002e+00, 9.983e+02, 5.037e-17
5.500e-02, 5.000e-01, -1.500e-02, 1.101e+05, 0.000e+00, 1.043e-13, 0.000e+00, 2.000e+00, 9.983e+02, 4.582e-17
5.500e-02, 5.000e-01, -5.000e-03, 1.100e+05, 0.000e+00, 1.002e-13, 0.000e+00, 1.999e+00, 9.983e+02, 4.400e-17
6.500e-02, 5.000e-01, -1.195e+00, 1.202e+05, 0.000e+00, 1.002e-13, 0.000e+00, 2.184e+00, 9.983e+02, 2.000e-17
6.500e-02, 5.000e-01, -1.185e+00, 1.201e+05, 0.000e+00, 1.002e-13, 0.000e+00, 2.182e+00, 9.983e+02, 2.000e-17
6.500e-02, 5.000e-01, -1.175e+00, 1.200e+05, 0.000e+00, 1.002e-13, 0.000e+00, 2.181e+00, 9.983e+02, 2.000e-17
6.500e-02, 5.000e-01, -1.165e+00, 1.199e+05, 0.000e+00, 1.002e-13, 0.000e+00, 2.179e+00, 9.983e+02, 2.000e-17
6.500e-02, 5.000e-01, -1.155e+00, 1.198e+05, 0.000e+00, 1.002e-13, 0.000e+00, 2.177e+00, 9.983e+02, 2.000e-17
6.500e-02, 5.000e-01, -1.145e+00, 1.197e+05, 0.000e+00, 1.002e-13, 0.000e+00, 2.175e+00, 9.983e+02, 2.000e-17
6.500e-02, 5.000e-01, -1.135e+00, 1.196e+05, 0.000e+00, 1.002e-13, 0.000e+00, 2.173e+00, 9.983e+02, 2.000e-17
6.500e-02, 5.000e-01, -1.125e+00, 1.195e+05, 0.000e+00, 1.002e-13, 0.000e+00, 2.172e+00, 9.983e+02, 2.000e-17
6.500e-02, 5.000e-01, -1.115e+00, 1.194e+05, 0.000e+00, 1.002e-13, 0.000e+00, 2.170e+00, 9.983e+02, 2.000e-17
6.500e-02, 5.000e-01, -1.105e+00, 1.193e+05, 0.000e+00, 1.016e-09, 0.000e+00, 2.168e+00, 9.983e+02, 3.600e-13
6.500e-02, 5.000e-01, -1.095e+00, 1.192e+05, 0.000e+00, 5.315e-04, 0.000e+00, 2.167e+00, 9.984e+02, 1.887e-07
6.500e-02, 5.000e-01, -1.085e+00, 1.191e+05, 0.000e+00, 5.934e-04, 0.000e+00, 2.165e+00, 9.984e+02, 2.548e-07
6.500e-02, 5.000e-01, -1.075e+00, 1.190e+05, 0.000e+00, 5.986e-04, 0.000e+00, 2.163e+00, 9.984e+02, 2.570e-07
6.500e-02, 5.000e-01, -1.065e+00, 1.189e+05, 0.000e+00, 5.741e-04, 0.000e+00, 2.161e+00, 9.984e+02, 2.464e-07
6.500e-02, 5.000e-01, -1.055e+00, 1.188e+05, 0.000e+00, 5.314e-04, 0.000e+00, 2.159e+00, 9.984e+02, 2.281e-07
6.500e-02, 5.000e-01, -1.045e+00, 1.187e+05, 0.000e+00, 4.815e-04, 0.000e+00, 2.158e+00, 9.984e+02, 2.067e-07
6.500e-02, 5.000e-01, -1.035e+00, 1.186e+05, 0.000e+00, 4.317e-04, 0.000e+00, 2.156e+00, 9.983e+02, 1.853e-07
6.500e-02, 5.000e-01, -1.025e+00, 1.185e+05, 0.000e+00, 3.805e-04, 0.000e+00, 2.154e+00, 9.983e+02, 1.633e-07
6.500e-02, 5.000e-01, -1.015e+00, 1.185e+05, 0.000e+00, 3.258e-04, 0.000e+00, 2.152e+00, 9.983e+02, 1.399e-07
6.500e-02, 5.000e-01, -1.005e+00, 1.184e+05, 0.000e+00, 2.676e-04, 0.000e+00, 2.150e+00, 9.983e+02, 1.149e-07
6.500e-02, 5.000e-01, -9.950e-01, 1.183e+05, 0.000e+00, 2.082e-04, 0.000e+00, 2.149e+00, 9.983e+02, 8.938e-08
6.500e-02, 5.000e-01, -9.850e-01, 1.182e+05, 0.000e+00, 1.518e-04, 0.000e+00, 2.147e+00, 9.983e+02, 6.515e-08
6.500e-02, 5.000e-01, -9.750e-01, 1.181e+05, 0.000e+00, 1.026e-04, 0.000e+00, 2.145e+00, 9.983e+02, 4.405e-08
6.500e-02, 5.000e-01, -9.650e-01, 1.180e+05, 0.000e+00, 6.381e-05, 0.000e+00, 2.143e+00, 9.983e+02, 2.739e-08
6.500e-02, 5.000e-01, -9.550e-01, 1.179e+05, 0.000e+00, 3.619e-05, 0.000e+00, 2.141e+00, 9.983e+02, 1.553e-08
6.500e-02, 5.000e-01, -9.450e-01, 1.178e+05, 0.000e+00, 1.857e-05, 0.000e+00, 2.140e+00, 9.983e+02, 7.972e-09
6.500e-02, 5.000e-01, -9.350e-01, 1.177e+05, 0.000e+00, 8.567e-06, 0.000e+00, 2.138e+00, 9.983e+02, 3.678e-09
6.500e-02, 5.000e-01, -9.250e-01, 1.176e+05, 0.000e+00, 3.530e-06, 0.000e+00, 2.136e+00, 9.983e+02, 1.515e-09
6.500e-02, 5.000e-01, -9.150e-01, 1.175e+05, 0.000e+00, 1.293e-06, 0.000e+00, 2.134e+00, 9.983e+02, 5.552e-10
6.500e-02, 5.000e-01, -9.050e-01, 1.174e+05, 0.000e+00, 4.200e-07, 0.000e+00, 2.132e+00, 9.983e+02, 1.803e-10
6.500e-02, 5.000e-01, -8.950e-01, 1.173e+05, 0.000e+00, 1.206e-07, 0.000e+00, 2.131e+00, 9.983e+02, 5.175e-11
6.500e-02, 5.000e-01, -8.850e-01, 1.172e+05, 0.000e+00, 3.049e-08, 0.000e+00, 2.129e+00, 9.983e+02, 1.322e-11
6.500e-02, 5.000e-01, -8.750e-01, 1.186e+05, 0.000e+00, 6.791e-09, 0.000e+00, 2.154e+00, 9.983e+02, 2.983e-12
6.500e-02, 5.000e-01, -8.650e-01, 1.185e+05, 0.000e+00, 1.562e-09, 0.000e+00, 2.153e+00, 9.983e+02, 6.862e-13
6.500e-02, 5.000e-01, -8.550e-01, 1.184e+05, 0.000e+00, 1.026e-09, 0.000e+00, 2.151e+00, 9.983e+02, 4.507e-13
6.500e-02, 5.000e-01, -8.450e-01, 1.183e+05, 0.000e+00, 3.299e-09, 0.000e+00, 2.149e+00, 9.983e+02, 1.449e-12
6.500e-02, 5.000e-01, -8.350e-01, 1.182e+05, 0.000e+00, 1.306e-08, 0.000e+00, 2.147e+00, 9.983e+02, 5.737e-12
6.500e-02, 5.000e-01, -8.250e-01, 1.181e+05, 0.000e+00, 4.883e-08, 0.000e+00, 2.145e+00, 9.983e+02, 2.145e-11
6.500e-02, 5.000e-01, -8.150e-01, 1.180e+05, 0.000e+00, 1.694e-07, 0.000e+00, 2.144e+00, 9.983e+02, 7.443e-11
6.500e-02, 5.000e-01, -8.050e-01, 1.179e+05, 0.000e+00, 5.432e-07, 0.000e+00, 2.142e+00, 9.983e+02, 2.386e-10
6.500e-02, 5.000e-01, -7.950e-01, 1.178e+05, 0.000e+00, 1.602e-06, 0.000e+00, 2.140e+00, 9.983e+02, 7.035e-10
6.500e-02, 5.000e-01, -7.850e-01, 1.177e+05, 0.000e+00, 4.330e-06, 0.000e+00, 2.138e+00, 9.983e+02, 1.902e-09
6.500e-02, 5.000e-01, -7.750e-01, 1.176e+05, 0.000e+00, 1.070e-05, 0.000e+00, 2.136e+00, 9.983e+02, 4.701e-09
6.500e-02, 5.000e-01, -7.650e-01, 1.175e+05, 0.000e+00, 2.419e-05, 0.000e+00, 2.135e+00, 9.983e+02, 1.063e-08
6.500e-02, 5.000e-01, -7.550e-01, 1.174e+05, 0.000e+00, 5.018e-05, 0.000e+00, 2.133e+00, 9.983e+02, 2.204e-08
6.500e-02, 5.000e-01, -7.450e-01, 1.173e+05, 0.000e+00, 9.622e-05, 0.000e+00, 2.131e+00, 9.983e+02, 4.226e-08
6.500e-02, 5.000e-01, -7.350e-01, 1.172e+05, 0.000e+00, 1.718e-04, 0.000e+00, 2.129e+00, 9.983e+02, 7.548e-08
6.500e-02, 5.000e-01, -7.250e-01, 1.156e+05, 0.000e+00, 2.841e-04, 0.000e+00, 2.101e+00, 9.983e+02, 1.274e-07
6.500e-02, 5.000e-01, -7.150e-01, 1.155e+05, 0.000e+00, 3.692e-04, 0.000e+00, 2.099e+00, 9.983e+02, 1.658e-07
6.500e-02, 5.000e-01, -7.050e-01, 1.154e+05, 0.000e+00, 4.236e-04, 0.000e+00, 2.097e+00, 9.983e+02, 1.903e-07
6.500e-02, 5.000e-01, -6.950e-01, 1.153e+05, 0.000e+00, 4.399e-04, 0.000e+00, 2.095e+00, 9.983e+02, 1.976e-07
6.500e-02, 5.000e-01, -6.850e-01, 1.152e+05, 0.000e+00, 4.340e-04, 0.000e+00, 2.093e+00, 9.983e+02, 1.950e-07
6.500e-02, 5.000e-01, -6.750e-01, 1.151e+05, 0.000e+00, 4.227e-04, 0.000e+00, 2.092e+00, 9.983e+02, 1.899e-07
6.500e-02, 5.000e-01, -6.650e-01, 1.150e+05, 0.000e+00, 4.170e-04, 0.000e+00, 2.090e+00, 9.983e+02, 1.873e-07
6.500e-02, 5.000e-01, -6.550e-01, 1.149e+05, 0.000e+00, 4.137e-04, 0.000e+00, 2.088e+00, 9.983e+02, 1.859e-07
6.500e-02, 5.000e-01, -6.450e-01, 1.148e+05, 0.000e+00, 4.102e-04, 0.000e+00, 2.086e+00, 9.983e+02, 1.843e-07
6.500e-02, 5.000e-01, -6.350e-01, 1.147e+05, 0.000e+00, 4.056e-04, 0.000e+00, 2.084e+00, 9.983e+02, 1.822e-07
6.500e-02, 5.000e-01, -6.250e-01, 1.146e+05, 0.000e+00, 4.002e-04, 0.000e+00, 2.083e+00, 9.983e+02, 1.798e-07
6.500e-02, 5.000e-01, -6.150e-01, 1.145e+05, 0.000e+00, 3.945e-04, 0.000e+00, 2.081e+00, 9.983e+02, 1.772e-07
6.500e-02, 5.000e-01, -6.050e-01, 1.144e+05, 0.000e+00, 3.887e-04, 0.000e+00, 2.079e+00, 9.983e+02, 1.746e-07
6.500e-02, 5.000e-01, -5.950e-01, 1.144e+05, 0.000e+00, 3.828e-04, 0.000e+00, 2.077e+00, 9.983e+02, 1.704e-07
6.500e-02, 5.000e-01, -5.850e-01, 1.143e+05, 0.000e+00, 3.808e-04, 0.000e+00, 2.077e+00, 9.983e+02, 1.673e-07
6.500e-02, 5.000e-01, -5.750e-01, 1.142e+05, 0.000e+00, 3.868e-04, 0.000e+00, 2.075e+00, 9.983e+02, 1.699e-07
6.500e-02, 5.000e-01, -5.650e-01, 1.141e+05, 0.000e+00, 4.019e-04, 0.000e+00, 2.073e+00, 9.983e+02, 1.765e-07
6.500e-02, 5.000e-01, -5.550e-01, 1.140e+05, 0.000e+00, 4.199e-04, 0.000e+00, 2.071e+00, 9.983e+02, 1.844e-07
6.500e-02, 5.000e-01, -5.450e-01, 1.139e+05, 0.000e+00, 4.267e-04, 0.000e+00, 2.070e+00, 9.983e+02, 1.874e-07
6.500e-02, 5.000e-01, -5.350e-01, 1.138e+05, 0.000e+00, 4.143e-04, 0.000e+00, 2.068e+00, 9.983e+02, 1.820e-07
6.500e-02, 5.000e-01, -5.250e-01, 1.137e+05, 0.000e+00, 3.896e-04, 0.000e+00, 2.066e+00, 9.983e+02, 1.711e-07
6.500e-02, 5.000e-01, -5.150e-01, 1.136e+05, 0.000e+00, 3.626e-04, 0.000e+00, 2.064e+00, 9.983e+02, 1.593e-07
6.500e-02, 5.000e-01, -5.050e-01, 1.135e+05, 0.000e+00, 3.391e-04, 0.000e+00, 2.063e+00, 9.983e+02, 1.490e-07
6.500e-02, 5.000e-01, -4.950e-01, 1.134e+05, 0.000e+00, 3.203e-04, 0.000e+00, 2.061e+00, 9.983e+02, 1.394e-07
6.500e-02, 5.000e-01, -4.850e-01, 1.135e+05, 0.000e+00, 3.046e-04, 0.000e+00, 2.063e+00, 9.983e+02, 1.307e-07
6.500e-02, 5.000e-01, -4.750e-01, 1.135e+05, 0.000e+00, 2.910e-04, 0.000e+00, 2.061e+00, 9.983e+02, 1.249e-07
6.500e-02, 5.000e-01, -4.650e-01, 1.134e+05, 0.000e+00, 2.804e-04, 0.000e+00, 2.059e+00, 9.983e+02, 1.204e-07
6.500e-02, 5.000e-01, -4.550e-01, 1.130e+05, 0.000e+00, 2.737e-04, 0.000e+00, 2.052e+00, 9.983e+02, 1.175e-07
6.500e-02, 5.000e-01, -4.450e-01, 1.129e+05, 0.000e+00, 2.658e-04, 0.000e+00, 2.050e+00, 9.983e+02, 1.141e-07
6.500e-02, 5.000e-01, -4.350e-01, 1.128e+05, 0.000e+00, 2.557e-04, 0.000e+00, 2.048e+00, 9.983e+02, 1.098e-07
6.500e-02, 5.000e-01, -4.250e-01, 1.127e+05, 0.000e+00, 2.439e-04, 0.000e+00, 2.047e+00, 9.983e+02, 1.047e-07
6.500e-02, 5.000e-01, -4.150e-01, 1.126e+05, 0.000e+00, 2.310e-04, 0.000e+00, 2.045e+00, 9.983e+02, 9.917e-08
6.500e-02, 5.000e-01, -4.050e-01, 1.125e+05, 0.000e+00, 2.174e-04, 0.000e+00, 2.043e+00, 9.983e+02, 9.330e-08
6.500e-02, 5.000e-01, -3.950e-01, 1.124e+05, 0.000e+00, 2.032e-04, 0.000e+00, 2.041e+00, 9.983e+02, 8.721e-08
6.500e-02, 5.000e-01, -3.850e-01, 1.123e+05, 0.000e+00, 1.890e-04, 0.000e+00, 2.039e+00, 9.983e+02, 8.113e-08
6.500e-02, 5.000e-01, -3.750e-01, 1.122e+05, 0.000e+00, 1.743e-04, 0.000e+00, 2.038e+00, 9.983e+02, 7.482e-08
6.500e-02, 5.000e-01, -3.650e-01, 1.121e+05, 0.000e+00, 1.581e-04, 0.000e+00, 2.036e+00, 9.983e+02, 6.847e-08
6.500e-02, 5.000e-01, -3.550e-01, 1.120e+05, 0.000e+00, 1.394e-04, 0.000e+00, 2.034e+00, 9.983e+02, 6.261e-08
6.500e-02, 5.000e-01, -3.450e-01, 1.119e+05, 0.000e+00, 1.190e-04, 0.000e+00, 2.033e+00, 9.983e+02, 5.346e-08
6.500e-02, 5.000e-01, -3.350e-01, 1.118e+05, 0.000e+00, 9.753e-05, 0.000e+00, 2.031e+00, 9.983e+02, 4.381e-08
6.500e-02, 5.000e-01, -3.250e-01, 1.117e+05, 0.000e+00, 7.609e-05, 0.000e+00, 2.029e+00, 9.983e+02, 3.418e-08
6.500e-02, 5.000e-01, -3.150e-01, 1.116e+05, 0.000e+00, 5.605e-05, 0.000e+00, 2.027e+00, 9.983e+02, 2.518e-08
6.500e-02, 5.000e-01, -3.050e-01, 1.115e+05, 0.000e+00, 3.866e-05, 0.000e+00, 2.025e+00, 9.983e+02, 1.737e-08
6.500e-02, 5.000e-01, -2.950e-01, 1.114e+05, 0.000e+00, 2.477e-05, 0.000e+00, 2.024e+00, 9.983e+02, 1.113e-08
6.500e-02, 5.000e-01, -2.850e-01, 1.113e+05, 0.000e+00, 1.463e-05, 0.000e+00, 2.022e+00, 9.983e+02, 6.571e-09
6.500e-02, 5.000e-01, -2.750e-01, 1.113e+05, 0.000e+00, 7.990e-06, 0.000e+00, 2.021e+00, 9.983e+02, 3.545e-09
6.500e-02, 5.000e-01, -2.650e-01, 1.112e+05, 0.000e+00, 4.028e-06, 0.000e+00, 2.020e+00, 9.983e+02, 1.769e-09
6.500e-02, 5.000e-01, -2.550e-01, 1.111e+05, 0.000e+00, 1.869e-06, 0.000e+00, 2.018e+00, 9.983e+02, 8.208e-10
6.500e-02, 5.000e-01, -2.450e-01, 1.110e+05, 0.000e+00, 7.999e-07, 0.000e+00, 2.016e+00, 9.983e+02, 3.514e-10
6.500e-02, 5.000e-01, -2.350e-01, 1.109e+05, 0.000e+00, 3.177e-07, 0.000e+00, 2.014e+00, 9.983e+02, 1.396e-10
6.500e-02, 5.000e-01, -2.250e-01, 1.108e+05, 0.000e+00, 1.189e-07, 0.000e+00, 2.012e+00, 9.983e+02, 5.224e-11
6.500e-02, 5.000e-01, -2.150e-01, 1.107e+05, 0.000e+00, 4.341e-08, 0.000e+00, 2.011e+00, 9.983e+02, 1.907e-11
6.500e-02, 5.000e-01, -2.050e-01, 1.106e+05, 0.000e+00, 1.648e-08, 0.000e+00, 2.009e+00, 9.983e+02, 7.237e-12
6.500e-02, 5.000e-01, -1.950e-01, 1.107e+05, 0.000e+00, 7.328e-09, 0.000e+00, 2.011e+00, 9.983e+02, 3.172e-12
6.500e-02, 5.000e-01, -1.850e-01, 1.106e+05, 0.000e+00, 3.873e-09, 0.000e+00, 2.009e+00, 9.983e+02, 1.663e-12
6.500e-02, 5.000e-01, -1.750e-01, 1.105e+05, 0.000e+00, 2.215e-09, 0.000e+00, 2.007e+00, 9.983e+02, 9.509e-13
6.500e-02, 5.000e-01, -1.650e-01, 1.104e+05, 0.000e+00, 1.273e-09, 0.000e+00, 2.005e+00, 9.983e+02, 5.462e-13
6.500e-02, 5.000e-01, -1.550e-01, 1.103e+05, 0.000e+00, 7.096e-10, 0.000e+00, 2.004e+00, 9.983e+02, 3.046e-13
6.500e-02, 5.000e-01, -1.450e-01, 1.102e+05, 0.000e+00, 3.922e-10, 0.000e+00, 2.002e+00, 9.983e+02, 1.683e-13
6.500e-02, 5.000e-01, -1.350e-01, 1.101e+05, 0.000e+00, 2.363e-10, 0.000e+00, 2.000e+00, 9.983e+02, 1.024e-13
6.500e-02, 5.000e-01, -1.250e-01, 1.112e+05, 0.000e+00, 1.468e-10, 0.000e+00, 2.020e+00, 9.983e+02, 6.449e-14
6.500e-02, 5.000e-01, -1.150e-01, 1.111e+05, 0.000e+00, 8.919e-11, 0.000e+00, 2.018e+00, 9.983e+02, 3.918e-14
6.500e-02, 5.000e-01, -1.050e-01, 1.110e+05, 0.000e+00, 5.143e-11, 0.000e+00, 2.017e+00, 9.983e+02, 2.259e-14
6.500e-02, 5.000e-01, -9.500e-02, 1.109e+05, 0.000e+00, 2.771e-11, 0.000e+00, 2.015e+00, 9.983e+02, 1.217e-14
6.500e-02, 5.000e-01, -8.500e-02, 1.108e+05, 0.000e+00, 1.385e-11, 0.000e+00, 2.013e+00, 9.983e+02, 6.085e-15
6.500e-02, 5.000e-01, -7.500e-02, 1.107e+05, 0.000e+00, 6.435e-12, 0.000e+00, 2.011e+00, 9.983e+02, 2.826e-15
6.500e-02, 5.000e-01, -6.500e-02, 1.106e+05, 0.000e+00, 2.802e-12, 0.000e+00, 2.009e+00, 9.983e+02, 1.231e-15
6.500e-02, 5.000e-01, -5.500e-02, 1.105e+05, 0.000e+00, 1.171e-12, 0.000e+00, 2.008e+00, 9.983e+02, 5.142e-16
6.500e-02, 5.000e-01, -4.500e-02, 1.104e+05, 0.000e+00, 4.959e-13, 0.000e+00, 2.006e+00, 9.983e+02, 2.178e-16
6.500e-02, 5.000e-01, -3.500e-02, 1.103e+05, 0.000e+00, 2.371e-13, 0.000e+00, 2.004e+00, 9.983e+02, 1.041e-16
6.500e-02, 5.000e-01, -2.500e-02, 1.102e+05, 0.000e+00, 1.445e-13, 0.000e+00, 2.002e+00, 9.983e+02, 6.347e-17
6.500e-02, 5.000e-01, -1.500e-02, 1.101e+05, 0.000e+00, 1.131e-13, 0.000e+00, 2.000e+00, 9.983e+02, 4.970e-17
6.500e-02, 5.000e-01, -5.000e-03, 1.100e+05, 0.000e+00, 1.012e-13, 0.000e+00, 1.999e+00, 9.983e+02, 4.443e-17
7.500e-02, 5.000e-01, -1.195e+00, 1.202e+05, 0.000e+00, 1.002e-13, 0.000e+00, 2.184e+00, 9.983e+02, 2.000e-17
7.500e-02, 5.000e-01, -1.185e+00, 1.201e+05, 0.000e+00, 1.002e-13, 0.000e+00, 2.182e+00, 9.983e+02, 2.000e-17
7.500e-02, 5.000e-01, -1.175e+00, 1.200e+05, 0.000e+00, 1.002e-13, 0.000e+00, 2.181e+00, 9.983e+02, 2.000e-17
7.500e-02, 5.000e-01, -1.165e+00, 1.199e+05, 0.000e+00, 1.002e-13, 0.000e+00, 2.179e+00, 9.983e+02, 2.000e-17
7.500e-02, 5.000e-01, -1.155e+00, 1.198e+05, 0.000e+00, 1.002e-13, 0.000e+00, 2.177e+00, 9.983e+02, 2.000e-17
7.500e-02, 5.000e-01, -1.145e+00, 1.197e+05, 0.000e+00, 1.002e-13, 0.000e+00, 2.175e+00, 9.983e+02, 2.000e-17
7.500e-02, 5.000e-01, -1.135e+00, 1.196e+05, 0.000e+00, 1.002e-13, 0.000e+00, 2.173e+00, 9.983e+02, 2.000e-17
7.500e-02, 5.000e-01, -1.125e+00, 1.195e+05, 0.000e+00, 1.002e-13, 0.000e+00, 2.172e+00, 9.983e+02, 2.000e-17
7.500e-02, 5.000e-01, -1.115e+00, 1.194e+05, 0.000e+00, 1.002e-13, 0.000e+00, 2.170e+00, 9.983e+02, 2.000e-17
7.500e-02, 5.000e-01, -1.105e+00, 1.193e+05, 0.000e+00, 1.052e-09, 0.000e+00, 2.168e+00, 9.983e+02, 3.536e-13
7.500e-02, 5.000e-01, -1.095e+00, 1.192e+05, 0.000e+00, 5.509e-04, 0.000e+00, 2.167e+00, 9.984e+02, 1.853e-07
7.500e-02, 5.000e-01, -1.085e+00, 1.191e+05, 0.000e+00, 6.059e-04, 0.000e+00, 2.165e+00, 9.984e+02, 2.601e-07
7.500e-02, 5.000e-01, -1.075e+00, 1.190e+05, 0.000e+00, 6.091e-04, 0.000e+00, 2.163e+00, 9.984e+02, 2.615e-07
7.500e-02, 5.000e-01, -1.065e+00, 1.189e+05, 0.000e+00, 5.858e-04, 0.000e+00, 2.161e+00, 9.984e+02, 2.515e-07
7.500e-02, 5.000e-01, -1.055e+00, 1.188e+05, 0.000e+00, 5.432e-04, 0.000e+00, 2.159e+00, 9.984e+02, 2.332e-07
7.500e-02, 5.000e-01, -1.045e+00, 1.187e+05, 0.000e+00, 4.909e-04, 0.000e+00, 2.158e+00, 9.984e+02, 2.107e-07
7.500e-02, 5.000e-01, -1.035e+00, 1.186e+05, 0.000e+00, 4.365e-04, 0.000e+00, 2.156e+00, 9.983e+02, 1.874e-07
7.500e-02, 5.000e-01, -1.025e+00, 1.185e+05, 0.000e+00, 3.820e-04, 0.000e+00, 2.154e+00, 9.983e+02, 1.640e-07
7.500e-02, 5.000e-01, -1.015e+00, 1.185e+05, 0.000e+00, 3.256e-04, 0.000e+00, 2.152e+00, 9.983e+02, 1.398e-07
7.500e-02, 5.000e-01, -1.005e+00, 1.184e+05, 0.000e+00, 2.667e-04, 0.000e+00, 2.150e+00, 9.983e+02, 1.145e-07
7.500e-02, 5.000e-01, -9.950e-01, 1.183e+05, 0.000e+00, 2.074e-04, 0.000e+00, 2.149e+00, 9.983e+02, 8.904e-08
7.500e-02, 5.000e-01, -9.850e-01, 1.182e+05, 0.000e+00, 1.513e-04, 0.000e+00, 2.147e+00, 9.983e+02, 6.496e-08
7.500e-02, 5.000e-01, -9.750e-01, 1.181e+05, 0.000e+00, 1.025e-04, 0.000e+00, 2.145e+00, 9.983e+02, 4.399e-08
7.500e-02, 5.000e-01, -9.650e-01, 1.180e+05, 0.000e+00, 6.381e-05, 0.000e+00, 2.143e+00, 9.983e+02, 2.739e-08
7.500e-02, 5.000e-01, -9.550e-01, 1.179e+05, 0.000e+00, 3.622e-05, 0.000e+00, 2.141e+00, 9.983e+02, 1.555e-08
7.500e-02, 5.000e-01, -9.450e-01, 1.178e+05, 0.000e+00, 1.860e-05, 0.000e+00, 2.140e+00, 9.983e+02, 7.982e-09
7.500e-02, 5.000e-01, -9.350e-01, 1.177e+05, 0.000e+00, 8.579e-06, 0.000e+00, 2.138e+00, 9.983e+02, 3.683e-09
7.500e-02, 5.000e-01, -9.250e-01, 1.176e+05, 0.000e+00, 3.536e-06, 0.000e+00, 2.136e+00, 9.983e+02, 1.518e-09
7.500e-02, 5.000e-01, -9.150e-01, 1.175e+05, 0.000e+00, 1.298e-06, 0.000e+00, 2.134e+00, 9.983e+02, 5.571e-10
7.500e-02, 5.000e-01, -9.050e-01, 1.174e+05, 0.000e+00, 4.241e-07, 0.000e+00, 2.132e+00, 9.983e+02, 1.820e-10
7.500e-02, 5.000e-01, -8.950e-01, 1.173e+05, 0.000e+00, 1.240e-07, 0.000e+00, 2.131e+00, 9.983e+02, 5.322e-11
7.500e-02, 5.000e-01, -8.850e-01, 1.172e+05, 0.000e+00, 3.292e-08, 0.000e+00, 2.129e+00, 9.983e+02, 1.422e-11
7.500e-02, 5.000e-01, -8.750e-01, 1.186e+05, 0.000e+00, 7.213e-09, 0.000e+00, 2.154e+00, 9.983e+02, 3.168e-12
7.500e-02, 5.000e-01, -8.650e-01, 1.185e+05, 0.000e+00, 1.593e-09, 0.000e+00, 2.153e+00, 9.983e+02, 6.998e-13
7.500e-02, 5.000e-01, -8.550e-01, 1.184e+05, 0.000e+00, 8.006e-10, 0.000e+00, 2.151e+00, 9.983e+02, 3.517e-13
7.500e-02, 5.000e-01, -8.450e-01, 1.183e+05, 0.000e+00, 2.269e-09, 0.000e+00, 2.149e+00, 9.983e+02, 9.966e-13
7.500e-02, 5.000e-01, -8.350e-01, 1.182e+05, 0.000e+00, 8.954e-09, 0.000e+00, 2.147e+00, 9.983e+02, 3.933e-12
7.500e-02, 5.000e-01, -8.250e-01, 1.181e+05, 0.000e+00, 3.371e-08, 0.000e+00, 2.145e+00, 9.983e+02, 1.481e-11
7.500e-02, 5.000e-01, -8.150e-01, 1.180e+05, 0.000e+00, 1.183e-07, 0.000e+00, 2.144e+00, 9.983e+02, 5.194e-11
7.500e-02, 5.000e-01, -8.050e-01, 1.179e+05, 0.000e+00, 3.849e-07, 0.000e+00, 2.142e+00, 9.983e+02, 1.691e-10
7.500e-02, 5.000e-01, -7.950e-01, 1.178e+05, 0.000e+00, 1.159e-06, 0.000e+00, 2.140e+00, 9.983e+02, 5.091e-10
7.500e-02, 5.000e-01, -7.850e-01, 1.177e+05, 0.000e+00, 3.221e-06, 0.000e+00, 2.138e+00, 9.983e+02, 1.415e-09
7.500e-02, 5.000e-01, -7.750e-01, 1.176e+05, 0.000e+00, 8.247e-06, 0.000e+00, 2.136e+00, 9.983e+02, 3.622e-09
7.500e-02, 5.000e-01, -7.650e-01, 1.175e+05, 0.000e+00, 1.945e-05, 0.000e+00, 2.135e+00, 9.983e+02, 8.542e-09
7.500e-02, 5.000e-01, -7.550e-01, 1.174e+05, 0.000e+00, 4.225e-05, 0.000e+00, 2.133e+00, 9.983e+02, 1.856e-08
7.500e-02, 5.000e-01, -7.450e-01, 1.173e+05, 0.000e+00, 8.446e-05, 0.000e+00, 2.131e+00, 9.983e+02, 3.710e-08
7.500e-02, 5.000e-01, -7.350e-01, 1.172e+05, 0.000e+00, 1.545e-04, 0.000e+00, 2.129e+00, 9.983e+02, 6.784e-08
7.500e-02, 5.000e-01, -7.250e-01, 1.156e+05, 0.000e+00, 2.530e-04, 0.000e+00, 2.101e+00, 9.983e+02, 1.127e-07
7.500e-02, 5.000e-01, -7.150e-01, 1.155e+05, 0.000e+00, 3.575e-04, 0.000e+00, 2.099e+00, 9.983e+02, 1.606e-07
7.500e-02, 5.000e-01, -7.050e-01, 1.154e+05, 0.000e+00, 4.277e-04, 0.000e+00, 2.097e+00, 9.983e+02, 1.921e-07
7.500e-02, 5.000e-01, -6.950e-01, 1.153e+05, 0.000e+00, 4.515e-04, 0.000e+00, 2.095e+00, 9.983e+02, 2.028e-07
7.500e-02, 5.000e-01, -6.850e-01, 1.152e+05, 0.000e+00, 4.479e-04, 0.000e+00, 2.093e+00, 9.983e+02, 2.012e-07
7.500e-02, 5.000e-01, -6.750e-01, 1.151e+05, 0.000e+00, 4.345e-04, 0.000e+00, 2.092e+00, 9.983e+02, 1.952e-07
7.500e-02, 5.000e-01, -6.650e-01, 1.150e+05, 0.000e+00, 4.222e-04, 0.000e+00, 2.090e+00, 9.983e+02, 1.897e-07
7.500e-02, 5.000e-01, -6.550e-01, 1.149e+05, 0.000e+00, 4.140e-04, 0.000e+00, 2.088e+00, 9.983e+02, 1.860e-07
7.500e-02, 5.000e-01, -6.450e-01, 1.148e+05, 0.000e+00, 4.073e-04, 0.000e+00, 2.086e+00, 9.983e+02, 1.830e-07
7.500e-02, 5.000e-01, -6.350e-01, 1.147e+05, 0.000e+00, 4.007e-04, 0.000e+00, 2.084e+00, 9.983e+02, 1.800e-07
7.500e-02, 5.000e-01, -6.250e-01, 1.146e+05, 0.000e+00, 3.936e-04, 0.000e+00, 2.083e+00, 9.983e+02, 1.768e-07
7.500e-02, 5.000e-01, -6.150e-01, 1.145e+05, 0.000e+00, 3.860e-04, 0.000e+00, 2.081e+00, 9.983e+02, 1.734e-07
7.500e-02, 5.000e-01, -6.050e-01, 1.144e+05, 0.000e+00, 3.781e-04, 0.000e+00, 2.079e+00, 9.983e+02, 1.699e-07
7.500e-02, 5.000e-01, -5.950e-01, 1.144e+05, 0.000e+00, 3.702e-04, 0.000e+00, 2.077e+00, 9.983e+02, 1.653e-07
7.500e-02, 5.000e-01, -5.850e-01, 1.143e+05, 0.000e+00, 3.659e-04, 0.000e+00, 2.077e+00, 9.983e+02, 1.607e-07
7.500e-02, 5.000e-01, -5.750e-01, 1.142e+05, 0.000e+00, 3.701e-04, 0.000e+00, 2.075e+00, 9.983e+02, 1.626e-07
7.500e-02, 5.000e-01, -5.650e-01, 1.141e+05, 0.000e+00, 3.856e-04, 0.000e+00, 2.073e+00, 9.983e+02, 1.694e-07
7.500e-02, 5.000e-01, -5.550e-01, 1.140e+05, 0.000e+00, 4.104e-04, 0.000e+00, 2.071e+00, 9.983e+02, 1.803e-07
7.500e-02, 5.000e-01, -5.450e-01, 1.139e+05, 0.000e+00, 4.256e-04, 0.000e+00, 2.070e+00, 9.983e+02, 1.869e-07
7.500e-02, 5.000e-01, -5.350e-01, 1.138e+05, 0.000e+00, 4.170e-04, 0.000e+00, 2.068e+00, 9.983e+02, 1.832e-07
7.500e-02, 5.000e-01, -5.250e-01, 1.137e+05, 0.000e+00, 3.936e-04, 0.000e+00, 2.066e+00, 9.983e+02, 1.729e-07
7.500e-02, 5.000e-01, -5.150e-01, 1.136e+05, 0.000e+00, 3.669e-04, 0.000e+00, 2.064e+00, 9.983e+02, 1.612e-07
7.500e-02, 5.000e-01, -5.050e-01, 1.135e+05, 0.000e+00, 3.428e-04, 0.000e+00, 2.063e+00, 9.983e+02, 1.506e-07
7.500e-02, 5.000e-01, -4.950e-01, 1.134e+05, 0.000e+00, 3.225e-04, 0.000e+00, 2.061e+00, 9.983e+02, 1.408e-07
7.500e-02, 5.000e-01, -4.850e-01, 1.135e+05, 0.000e+00, 3.055e-04, 0.000e+00, 2.063e+00, 9.983e+02, 1.312e-07
7.500e-02, 5.000e-01, -4.750e-01, 1.135e+05, 0.000e+00, 2.920e-04, 0.000e+00, 2.061e+00, 9.983e+02, 1.254e-07
7.500e-02, 5.000e-01, -4.650e-01, 1.134e+05, 0.000e+00, 2.822e-04, 0.000e+00, 2.059e+00, 9.983e+02, 1.212e-07
7.500e-02, 5.000e-01, -4.550e-01, 1.130e+05, 0.000e+00, 2.762e-04, 0.000e+00, 2.052e+00, 9.983e+02, 1.186e-07
7.500e-02, 5.000e-01, -4.450e-01, 1.129e+05, 0.000e+00, 2.693e-04, 0.000e+00, 2.050e+00, 9.983e+02, 1.156e-07
7.500e-02, 5.000e-01, -4.350e-01, 1.128e+05, 0.000e+00, 2.596e-04, 0.000e+00, 2.048e+00, 9.983e+02, 1.114e-07
7.500e-02, 5.000e-01, -4.250e-01, 1.127e+05, 0.000e+00, 2.481e-04, 0.000e+00, 2.047e+00, 9.983e+02, 1.065e-07
7.500e-02, 5.000e-01, -4.150e-01, 1.126e+05, 0.000e+00, 2.354e-04, 0.000e+00, 2.045e+00, 9.983e+02, 1.011e-07
7.500e-02, 5.000e-01, -4.050e-01, 1.125e+05, 0.000e+00, 2.218e-04, 0.000e+00, 2.043e+00, 9.983e+02, 9.521e-08
7.500e-02, 5.000e-01, -3.950e-01, 1.124e+05, 0.000e+00, 2.073e-04, 0.000e+00, 2.041e+00, 9.983e+02, 8.898e-08
7.500e-02, 5.000e-01, -3.850e-01, 1.123e+05, 0.000e+00, 1.921e-04, 0.000e+00, 2.039e+00, 9.983e+02, 8.245e-08
7.500e-02, 5.000e-01, -3.750e-01, 1.122e+05, 0.000e+00, 1.765e-04, 0.000e+00, 2.038e+00, 9.983e+02, 7.575e-08
7.500e-02, 5.000e-01, -3.650e-01, 1.121e+05, 0.000e+00, 1.596e-04, 0.000e+00, 2.036e+00, 9.983e+02, 6.889e-08
7.500e-02, 5.000e-01, -3.550e-01, 1.120e+05, 0.000e+00, 1.405e-04, 0.000e+00, 2.034e+00, 9.983e+02, 6.314e-08
7.500e-02, 5.000e-01, -3.450e-01, 1.119e+05, 0.000e+00, 1.200e-04, 0.000e+00, 2.033e+00, 9.983e+02, 5.393e-08
7.500e-02, 5.000e-01, -3.350e-01, 1.118e+05, 0.000e+00, 9.859e-05, 0.000e+00, 2.031e+00, 9.983e+02, 4.429e-08
7.500e-02, 5.000e-01, -3.250e-01, 1.117e+05, 0.000e+00, 7.726e-05, 0.000e+00, 2.029e+00, 9.983e+02, 3.471e-08
7.500e-02, 5.000e-01, -3.150e-01, 1.116e+05, 0.000e+00, 5.729e-05, 0.000e+00, 2.027e+00, 9.983e+02, 2.574e-08
7.500e-02, 5.000e-01, -3.050e-01, 1.115e+05, 0.000e+00, 3.988e-05, 0.000e+00, 2.025e+00, 9.983e+02, 1.791e-08
7.500e-02, 5.000e-01, -2.950e-01, 1.114e+05, 0.000e+00, 2.583e-05, 0.000e+00, 2.024e+00, 9.983e+02, 1.160e-08
7.500e-02, 5.000e-01, -2.850e-01, 1.113e+05, 0.000e+00, 1.546e-05, 0.000e+00, 2.022e+00, 9.983e+02, 6.944e-09
7.500e-02, 5.000e-01, -2.750e-01, 1.113e+05, 0.000e+00, 8.582e-06, 0.000e+00, 2.021e+00, 9.983e+02, 3.807e-09
7.500e-02, 5.000e-01, -2.650e-01, 1.112e+05, 0.000e+00, 4.420e-06, 0.000e+00, 2.020e+00, 9.983e+02, 1.941e-09
7.500e-02, 5.000e-01, -2.550e-01, 1.111e+05, 0.000e+00, 2.106e-06, 0.000e+00, 2.018e+00, 9.983e+02, 9.252e-10
7.500e-02, 5.000e-01, -2.450e-01, 1.110e+05, 0.000e+00, 9.341e-07, 0.000e+00, 2.016e+00, 9.983e+02, 4.103e-10
7.500e-02, 5.000e-01, -2.350e-01, 1.109e+05, 0.000e+00, 3.901e-07, 0.000e+00, 2.014e+00, 9.983e+02, 1.713e-10
7.500e-02, 5.000e-01, -2.250e-01, 1.108e+05, 0.000e+00, 1.574e-07, 0.000e+00, 2.012e+00, 9.983e+02, 6.915e-11
7.500e-02, 5.000e-01, -2.150e-01, 1.107e+05, 0.000e+00, 6.427e-08, 0.000e+00, 2.011e+00, 9.983e+02, 2.823e-11
7.500e-02, 5.000e-01, -2.050e-01, 1.106e+05, 0.000e+00, 2.827e-08, 0.000e+00, 2.009e+00, 9.983e+02, 1.242e-11
7.500e-02, 5.000e-01, -1.950e-01, 1.107e+05, 0.000e+00, 1.479e-08, 0.000e+00, 2.011e+00, 9.983e+02, 6.395e-12
7.500e-02, 5.000e-01, -1.850e-01, 1.106e+05, 0.000e+00, 8.758e-09, 0.000e+00, 2.009e+00, 9.983e+02, 3.759e-12
7.500e-02, 5.000e-01, -1.750e-01, 1.105e+05, 0.000e+00, 5.319e-09, 0.000e+00, 2.007e+00, 9.983e+02, 2.283e-12
7.500e-02, 5.000e-01, -1.650e-01, 1.104e+05, 0.000e+00, 3.148e-09, 0.000e+00, 2.005e+00, 9.983e+02, 1.351e-12
7.500e-02, 5.000e-01, -1.550e-01, 1.103e+05, 0.000e+00, 1.788e-09, 0.000e+00, 2.004e+00, 9.983e+02, 7.674e-13
7.500e-02, 5.000e-01, -1.450e-01, 1.102e+05, 0.000e+00, 1.007e-09, 0.000e+00, 2.002e+00, 9.983e+02, 4.324e-13
7.500e-02, 5.000e-01, -1.350e-01, 1.101e+05, 0.000e+00, 6.289e-10, 0.000e+00, 2.000e+00, 9.983e+02, 2.729e-13
7.500e-02, 5.000e-01, -1.250e-01, 1.112e+05, 0.000e+00, 4.025e-10, 0.000e+00, 2.020e+00, 9.983e+02, 1.768e-13
7.500e-02, 5.000e-01, -1.150e-01, 1.111e+05, 0.000e+00, 2.490e-10, 0.000e+00, 2.018e+00, 9.983e+02, 1.094e-13
7.500e-02, 5.000e-01, -1.050e-01, 1.110e+05, 0.000e+00, 1.449e-10, 0.000e+00, 2.017e+00, 9.983e+02, 6.365e-14
7.500e-02, 5.000e-01, -9.500e-02, 1.109e+05, 0.000e+00, 7.836e-11, 0.000e+00, 2.015e+00, 9.983e+02, 3.442e-14
7.500e-02, 5.000e-01, -8.500e-02, 1.108e+05, 0.000e+00, 3.917e-11, 0.000e+00, 2.013e+00, 9.983e+02, 1.721e-14
7.500e-02, 5.000e-01, -7.500e-02, 1.107e+05, 0.000e+00, 1.811e-11, 0.000e+00, 2.011e+00, 9.983e+02, 7.955e-15
7.500e-02, 5.000e-01, -6.500e-02, 1.106e+05, 0.000e+00, 7.783e-12, 0.000e+00, 2.009e+00, 9.983e+02, 3.418e-15
7.500e-02, 5.000e-01, -5.500e-02, 1.105e+05, 0.000e+00, 3.144e-12, 0.000e+00, 2.008e+00, 9.983e+02, 1.381e-15
7.500e-02, 5.000e-01, -4.500e-02, 1.104e+05, 0.000e+00, 1.225e-12, 0.000e+00, 2.006e+00, 9.983e+02, 5.381e-16
7.500e-02, 5.000e-01, -3.500e-02, 1.103e+05, 0.000e+00, 4.894e-13, 0.000e+00, 2.004e+00, 9.983e+02, 2.150e-16
7.500e-02, 5.000e-01, -2.500e-02, 1.102e+05, 0.000e+00, 2.264e-13, 0.000e+00, 2.002e+00, 9.983e+02, 9.942e-17
7.500e-02, 5.000e-01, -1.500e-02, 1.101e+05, 0.000e+00, 1.377e-13, 0.000e+00, 2.000e+00, 9.983e+02, 6.046e-17
7.500e-02, 5.000e-01, -5.000e-03, 1.100e+05, 0.000e+00, 1.079e-13, 0.000e+00, 1.999e+00, 9.983e+02, 4.738e-17
8.500e-02, 5.000e-01, -1.195e+00, 1.202e+05, 0.000e+00, 1.002e-13, 0.000e+00, 2.184e+00, 9.983e+02, 2.000e-17
8.500e-02, 5.000e-01, -1.185e+00, 1.201e+05, 0.000e+00, 1.002e-13, 0.000e+00, 2.182e+00, 9.983e+02, 2.000e-17
8.500e-02, 5.000e-01, -1.175e+00, 1.200e+05, 0.000e+00, 1.002e-13, 0.000e+00, 2.181e+00, 9.983e+02, 2.000e-17
8.500e-02, 5.000e-01, -1.165e+00, 1.199e+05, 0.000e+00, 1.002e-13, 0.000e+00, 2.179e+00, 9.983e+02, 2.000e-17
8.500e-02, 5.000e-01, -1.155e+00, 1.198e+05, 0.000e+00, 1.002e-13, 0.000e+00, 2.177e+00, 9.983e+02, 2.000e-17
8.500e-02, 5.000e-01, -1.145e+00, 1.197e+05, 0.000e+00, 1.002e-13, 0.000e+00, 2.175e+00, 9.983e+02, 2.000e-17
8.500e-02, 5.000e-01, -1.135e+00, 1.196e+05, 0.000e+00, 1.002e-13, 0.000e+00, 2.173e+00, 9.983e+02, 2.000e-17
8.500e-02, 5.000e-01, -1.125e+00, 1.195e+05, 0.000e+00, 1.002e-13, 0.000e+00, 2.172e+00, 9.983e+02, 2.000e-17
8.500e-02, 5.000e-01, -1.115e+00, 1.194e+05, 0.000e+00, 1.002e-13, 0.000e+00, 2.170e+00, 9.983e+02, 2.000e-17
8.500e-02, 5.000e-01, -1.105e+00, 1.193e+05, 0.000e+00, 1.093e-09, 0.000e+00, 2.168e+00, 9.983e+02, 3.480e-13
8.500e-02, 5.000e-01, -1.095e+00, 1.192e+05, 0.000e+00, 5.735e-04, 0.000e+00, 2.167e+00, 9.984e+02, 1.822e-07
8.500e-02, 5.000e-01, -1.085e+00, 1.191e+05, 0.000e+00, 6.172e-04, 0.000e+00, 2.165e+00, 9.984e+02, 2.650e-07
8.500e-02, 5.000e-01, -1.075e+00, 1.190e+05, 0.000e+00, 6.180e-04, 0.000e+00, 2.163e+00, 9.984e+02, 2.653e-07
8.500e-02, 5.000e-01, -1.065e+00, 1.189e+05, 0.000e+00, 5.963e-04, 0.000e+00, 2.161e+00, 9.984e+02, 2.560e-07
8.500e-02, 5.000e-01, -1.055e+00, 1.188e+05, 0.000e+00, 5.545e-04, 0.000e+00, 2.159e+00, 9.984e+02, 2.381e-07
8.500e-02, 5.000e-01, -1.045e+00, 1.187e+05, 0.000e+00, 5.004e-04, 0.000e+00, 2.158e+00, 9.984e+02, 2.148e-07
8.500e-02, 5.000e-01, -1.035e+00, 1.186e+05, 0.000e+00, 4.423e-04, 0.000e+00, 2.156e+00, 9.983e+02, 1.899e-07
8.500e-02, 5.000e-01, -1.025e+00, 1.185e+05, 0.000e+00, 3.845e-04, 0.000e+00, 2.154e+00, 9.983e+02, 1.651e-07
8.500e-02, 5.000e-01, -1.015e+00, 1.185e+05, 0.000e+00, 3.260e-04, 0.000e+00, 2.152e+00, 9.983e+02, 1.399e-07
8.500e-02, 5.000e-01, -1.005e+00, 1.184e+05, 0.000e+00, 2.662e-04, 0.000e+00, 2.150e+00, 9.983e+02, 1.143e-07
8.500e-02, 5.000e-01, -9.950e-01, 1.183e+05, 0.000e+00, 2.068e-04, 0.000e+00, 2.149e+00, 9.983e+02, 8.879e-08
8.500e-02, 5.000e-01, -9.850e-01, 1.182e+05, 0.000e+00, 1.510e-04, 0.000e+00, 2.147e+00, 9.983e+02, 6.480e-08
8.500e-02, 5.000e-01, -9.750e-01, 1.181e+05, 0.000e+00, 1.023e-04, 0.000e+00, 2.145e+00, 9.983e+02, 4.393e-08
8.500e-02, 5.000e-01, -9.650e-01, 1.180e+05, 0.000e+00, 6.380e-05, 0.000e+00, 2.143e+00, 9.983e+02, 2.738e-08
8.500e-02, 5.000e-01, -9.550e-01, 1.179e+05, 0.000e+00, 3.623e-05, 0.000e+00, 2.141e+00, 9.983e+02, 1.555e-08
8.500e-02, 5.000e-01, -9.450e-01, 1.178e+05, 0.000e+00, 1.860e-05, 0.000e+00, 2.140e+00, 9.983e+02, 7.982e-09
8.500e-02, 5.000e-01, -9.350e-01, 1.177e+05, 0.000e+00, 8.567e-06, 0.000e+00, 2.138e+00, 9.983e+02, 3.677e-09
8.500e-02, 5.000e-01, -9.250e-01, 1.176e+05, 0.000e+00, 3.522e-06, 0.000e+00, 2.136e+00, 9.983e+02, 1.512e-09
8.500e-02, 5.000e-01, -9.150e-01, 1.175e+05, 0.000e+00, 1.289e-06, 0.000e+00, 2.134e+00, 9.983e+02, 5.531e-10
8.500e-02, 5.000e-01, -9.050e-01, 1.174e+05, 0.000e+00, 4.201e-07, 0.000e+00, 2.132e+00, 9.983e+02, 1.803e-10
8.500e-02, 5.000e-01, -8.950e-01, 1.173e+05, 0.000e+00, 1.235e-07, 0.000e+00, 2.131e+00, 9.983e+02, 5.300e-11
8.500e-02, 5.000e-01, -8.850e-01, 1.172e+05, 0.000e+00, 3.367e-08, 0.000e+00, 2.129e+00, 9.983e+02, 1.448e-11
8.500e-02, 5.000e-01, -8.750e-01, 1.186e+05, 0.000e+00, 7.237e-09, 0.000e+00, 2.154e+00, 9.983e+02, 3.179e-12
8.500e-02, 5.000e-01, -8.650e-01, 1.185e+05, 0.000e+00, 1.547e-09, 0.000e+00, 2.153e+00, 9.983e+02, 6.795e-13
8.500e-02, 5.000e-01, -8.550e-01, 1.184e+05, 0.000e+00, 6.189e-10, 0.000e+00, 2.151e+00, 9.983e+02, 2.719e-13
8.500e-02, 5.000e-01, -8.450e-01, 1.183e+05, 0.000e+00, 1.508e-09, 0.000e+00, 2.149e+00, 9.983e+02, 6.625e-13
8.500e-02, 5.000e-01, -8.350e-01, 1.182e+05, 0.000e+00, 5.953e-09, 0.000e+00, 2.147e+00, 9.983e+02, 2.615e-12
8.500e-02, 5.000e-01, -8.250e-01, 1.181e+05, 0.000e+00, 2.275e-08, 0.000e+00, 2.145e+00, 9.983e+02, 9.994e-12
8.500e-02, 5.000e-01, -8.150e-01, 1.180e+05, 0.000e+00, 8.148e-08, 0.000e+00, 2.144e+00, 9.983e+02, 3.579e-11
8.500e-02, 5.000e-01, -8.050e-01, 1.179e+05, 0.000e+00, 2.722e-07, 0.000e+00, 2.142e+00, 9.983e+02, 1.196e-10
8.500e-02, 5.000e-01, -7.950e-01, 1.178e+05, 0.000e+00, 8.466e-07, 0.000e+00, 2.140e+00, 9.983e+02, 3.718e-10
8.500e-02, 5.000e-01, -7.850e-01, 1.177e+05, 0.000e+00, 2.444e-06, 0.000e+00, 2.138e+00, 9.983e+02, 1.073e-09
8.500e-02, 5.000e-01, -7.750e-01, 1.176e+05, 0.000e+00, 6.532e-06, 0.000e+00, 2.136e+00, 9.983e+02, 2.869e-09
8.500e-02, 5.000e-01, -7.650e-01, 1.175e+05, 0.000e+00, 1.612e-05, 0.000e+00, 2.135e+00, 9.983e+02, 7.080e-09
8.500e-02, 5.000e-01, -7.550e-01, 1.174e+05, 0.000e+00, 3.656e-05, 0.000e+00, 2.133e+00, 9.983e+02, 1.606e-08
8.500e-02, 5.000e-01, -7.450e-01, 1.173e+05, 0.000e+00, 7.574e-05, 0.000e+00, 2.131e+00, 9.983e+02, 3.327e-08
8.500e-02, 5.000e-01, -7.350e-01, 1.172e+05, 0.000e+00, 1.419e-04, 0.000e+00, 2.129e+00, 9.983e+02, 6.232e-08
8.500e-02, 5.000e-01, -7.250e-01, 1.171e+05, 0.000e+00, 2.366e-04, 0.000e+00, 2.127e+00, 9.983e+02, 1.047e-07
8.500e-02, 5.000e-01, -7.150e-01, 1.155e+05, 0.000e+00, 3.488e-04, 0.000e+00, 2.099e+00, 9.983e+02, 1.567e-07
8.500e-02, 5.000e-01, -7.050e-01, 1.154e+05, 0.000e+00, 4.304e-04, 0.000e+00, 2.097e+00, 9.983e+02, 1.934e-07
8.500e-02, 5.000e-01, -6.950e-01, 1.153e+05, 0.000e+00, 4.599e-04, 0.000e+00, 2.095e+00, 9.983e+02, 2.066e-07
8.500e-02, 5.000e-01, -6.850e-01, 1.152e+05, 0.000e+00, 4.586e-04, 0.000e+00, 2.093e+00, 9.983e+02, 2.060e-07
8.500e-02, 5.000e-01, -6.750e-01, 1.151e+05, 0.000e+00, 4.463e-04, 0.000e+00, 2.092e+00, 9.983e+02, 2.005e-07
8.500e-02, 5.000e-01, -6.650e-01, 1.150e+05, 0.000e+00, 4.314e-04, 0.000e+00, 2.090e+00, 9.983e+02, 1.938e-07
8.500e-02, 5.000e-01, -6.550e-01, 1.149e+05, 0.000e+00, 4.191e-04, 0.000e+00, 2.088e+00, 9.983e+02, 1.883e-07
8.500e-02, 5.000e-01, -6.450e-01, 1.148e+05, 0.000e+00, 4.092e-04, 0.000e+00, 2.086e+00, 9.983e+02, 1.838e-07
8.500e-02, 5.000e-01, -6.350e-01, 1.147e+05, 0.000e+00, 4.004e-04, 0.000e+00, 2.084e+00, 9.983e+02, 1.799e-07
8.500e-02, 5.000e-01, -6.250e-01, 1.146e+05, 0.000e+00, 3.919e-04, 0.000e+00, 2.083e+00, 9.983e+02, 1.761e-07
8.500e-02, 5.000e-01, -6.150e-01, 1.145e+05, 0.000e+00, 3.834e-04, 0.000e+00, 2.081e+00, 9.983e+02, 1.722e-07
8.500e-02, 5.000e-01, -6.050e-01, 1.144e+05, 0.000e+00, 3.751e-04, 0.000e+00, 2.079e+00, 9.983e+02, 1.685e-07
8.500e-02, 5.000e-01, -5.950e-01, 1.144e+05, 0.000e+00, 3.683e-04, 0.000e+00, 2.077e+00, 9.983e+02, 1.649e-07
8.500e-02, 5.000e-01, -5.850e-01, 1.143e+05, 0.000e+00, 3.662e-04, 0.000e+00, 2.077e+00, 9.983e+02, 1.609e-07
8.500e-02, 5.000e-01, -5.750e-01, 1.142e+05, 0.000e+00, 3.729e-04, 0.000e+00, 2.075e+00, 9.983e+02, 1.638e-07
8.500e-02, 5.000e-01, -5.650e-01, 1.141e+05, 0.000e+00, 3.909e-04, 0.000e+00, 2.073e+00, 9.983e+02, 1.717e-07
8.500e-02, 5.000e-01, -5.550e-01, 1.140e+05, 0.000e+00, 4.155e-04, 0.000e+00, 2.071e+00, 9.983e+02, 1.825e-07
8.500e-02, 5.000e-01, -5.450e-01, 1.139e+05, 0.000e+00, 4.276e-04, 0.000e+00, 2.070e+00, 9.983e+02, 1.878e-07
8.500e-02, 5.000e-01, -5.350e-01, 1.138e+05, 0.000e+00, 4.172e-04, 0.000e+00, 2.068e+00, 9.983e+02, 1.832e-07
8.500e-02, 5.000e-01, -5.250e-01, 1.137e+05, 0.000e+00, 3.930e-04, 0.000e+00, 2.066e+00, 9.983e+02, 1.726e-07
8.500e-02, 5.000e-01, -5.150e-01, 1.136e+05, 0.000e+00, 3.656e-04, 0.000e+00, 2.064e+00, 9.983e+02, 1.606e-07
8.500e-02, 5.000e-01, -5.050e-01, 1.135e+05, 0.000e+00, 3.407e-04, 0.000e+00, 2.063e+00, 9.983e+02, 1.496e-07
8.500e-02, 5.000e-01, -4.950e-01, 1.134e+05, 0.000e+00, 3.202e-04, 0.000e+00, 2.061e+00, 9.983e+02, 1.402e-07
8.500e-02, 5.000e-01, -4.850e-01, 1.135e+05, 0.000e+00, 3.041e-04, 0.000e+00, 2.063e+00, 9.983e+02, 1.306e-07
8.500e-02, 5.000e-01, -4.750e-01, 1.135e+05, 0.000e+00, 2.921e-04, 0.000e+00, 2.061e+00, 9.983e+02, 1.254e-07
8.500e-02, 5.000e-01, -4.650e-01, 1.134e+05, 0.000e+00, 2.838e-04, 0.000e+00, 2.059e+00, 9.983e+02, 1.218e-07
8.500e-02, 5.000e-01, -4.550e-01, 1.130e+05, 0.000e+00, 2.788e-04, 0.000e+00, 2.052e+00, 9.983e+02, 1.197e-07
8.500e-02, 5.000e-01, -4.450e-01, 1.129e+05, 0.000e+00, 2.730e-04, 0.000e+00, 2.050e+00, 9.983e+02, 1.172e-07
8.500e-02, 5.000e-01, -4.350e-01, 1.128e+05, 0.000e+00, 2.632e-04, 0.000e+00, 2.048e+00, 9.983e+02, 1.130e-07
8.500e-02, 5.000e-01, -4.250e-01, 1.127e+05, 0.000e+00, 2.517e-04, 0.000e+00, 2.047e+00, 9.983e+02, 1.081e-07
8.500e-02, 5.000e-01, -4.150e-01, 1.126e+05, 0.000e+00, 2.393e-04, 0.000e+00, 2.045e+00, 9.983e+02, 1.027e-07
8.500e-02, 5.000e-01, -4.050e-01, 1.125e+05, 0.000e+00, 2.259e-04, 0.000e+00, 2.043e+00, 9.983e+02, 9.697e-08
8.500e-02, 5.000e-01, -3.950e-01, 1.124e+05, 0.000e+00, 2.114e-04, 0.000e+00, 2.041e+00, 9.983e+02, 9.075e-08
8.500e-02, 5.000e-01, -3.850e-01, 1.123e+05, 0.000e+00, 1.958e-04, 0.000e+00, 2.039e+00, 9.983e+02, 8.404e-08
8.500e-02, 5.000e-01, -3.750e-01, 1.122e+05, 0.000e+00, 1.793e-04, 0.000e+00, 2.038e+00, 9.983e+02, 7.695e-08
8.500e-02, 5.000e-01, -3.650e-01, 1.121e+05, 0.000e+00, 1.618e-04, 0.000e+00, 2.036e+00, 9.983e+02, 6.956e-08
8.500e-02, 5.000e-01, -3.550e-01, 1.120e+05, 0.000e+00, 1.423e-04, 0.000e+00, 2.034e+00, 9.983e+02, 6.392e-08
8.500e-02, 5.000e-01, -3.450e-01, 1.119e+05, 0.000e+00, 1.216e-04, 0.000e+00, 2.033e+00, 9.983e+02, 5.461e-08
8.500e-02, 5.000e-01, -3.350e-01, 1.118e+05, 0.000e+00, 1.001e-04, 0.000e+00, 2.031e+00, 9.983e+02, 4.496e-08
8.500e-02, 5.000e-01, -3.250e-01, 1.117e+05, 0.000e+00, 7.878e-05, 0.000e+00, 2.029e+00, 9.983e+02, 3.539e-08
8.500e-02, 5.000e-01, -3.150e-01, 1.116e+05, 0.000e+00, 5.884e-05, 0.000e+00, 2.027e+00, 9.983e+02, 2.643e-08
8.500e-02, 5.000e-01, -3.050e-01, 1.115e+05, 0.000e+00, 4.135e-05, 0.000e+00, 2.025e+00, 9.983e+02, 1.858e-08
8.500e-02, 5.000e-01, -2.950e-01, 1.114e+05, 0.000e+00, 2.712e-05, 0.000e+00, 2.024e+00, 9.983e+02, 1.218e-08
8.500e-02, 5.000e-01, -2.850e-01, 1.113e+05, 0.000e+00, 1.647e-05, 0.000e+00, 2.022e+00, 9.983e+02, 7.400e-09
8.500e-02, 5.000e-01, -2.750e-01, 1.113e+05, 0.000e+00, 9.330e-06, 0.000e+00, 2.021e+00, 9.983e+02, 4.139e-09
8.500e-02, 5.000e-01, -2.650e-01, 1.112e+05, 0.000e+00, 4.933e-06, 0.000e+00, 2.020e+00, 9.983e+02, 2.167e-09
8.500e-02, 5.000e-01, -2.550e-01, 1.111e+05, 0.000e+00, 2.432e-06, 0.000e+00, 2.018e+00, 9.983e+02, 1.068e-09
8.500e-02, 5.000e-01, -2.450e-01, 1.110e+05, 0.000e+00, 1.130e-06, 0.000e+00, 2.016e+00, 9.983e+02, 4.962e-10
8.500e-02, 5.000e-01, -2.350e-01, 1.109e+05, 0.000e+00, 5.042e-07, 0.000e+00, 2.014e+00, 9.983e+02, 2.215e-10
8.500e-02, 5.000e-01, -2.250e-01, 1.108e+05, 0.000e+00, 2.239e-07, 0.000e+00, 2.012e+00, 9.983e+02, 9.835e-11
8.500e-02, 5.000e-01, -2.150e-01, 1.107e+05, 0.000e+00, 1.034e-07, 0.000e+00, 2.011e+00, 9.983e+02, 4.542e-11
8.500e-02, 5.000e-01, -2.050e-01, 1.106e+05, 0.000e+00, 5.193e-08, 0.000e+00, 2.009e+00, 9.983e+02, 2.281e-11
8.500e-02, 5.000e-01, -1.950e-01, 1.107e+05, 0.000e+00, 3.060e-08, 0.000e+00, 2.011e+00, 9.983e+02, 1.322e-11
8.500e-02, 5.000e-01, -1.850e-01, 1.106e+05, 0.000e+00, 1.945e-08, 0.000e+00, 2.009e+00, 9.983e+02, 8.349e-12
8.500e-02, 5.000e-01, -1.750e-01, 1.105e+05, 0.000e+00, 1.225e-08, 0.000e+00, 2.007e+00, 9.983e+02, 5.260e-12
8.500e-02, 5.000e-01, -1.650e-01, 1.104e+05, 0.000e+00, 7.403e-09, 0.000e+00, 2.005e+00, 9.983e+02, 3.178e-12
8.500e-02, 5.000e-01, -1.550e-01, 1.103e+05, 0.000e+00, 4.268e-09, 0.000e+00, 2.004e+00, 9.983e+02, 1.832e-12
8.500e-02, 5.000e-01, -1.450e-01, 1.102e+05, 0.000e+00, 2.450e-09, 0.000e+00, 2.002e+00, 9.983e+02, 1.052e-12
8.500e-02, 5.000e-01, -1.350e-01, 1.113e+05, 0.000e+00, 1.585e-09, 0.000e+00, 2.022e+00, 9.983e+02, 6.889e-13
8.500e-02, 5.000e-01, -1.250e-01, 1.112e+05, 0.000e+00, 1.040e-09, 0.000e+00, 2.020e+00, 9.983e+02, 4.566e-13
8.500e-02, 5.000e-01, -1.150e-01, 1.111e+05, 0.000e+00, 6.519e-10, 0.000e+00, 2.018e+00, 9.983e+02, 2.863e-13
8.500e-02, 5.000e-01, -1.050e-01, 1.110e+05, 0.000e+00, 3.821e-10, 0.000e+00, 2.017e+00, 9.983e+02, 1.678e-13
8.500e-02, 5.000e-01, -9.500e-02, 1.109e+05, 0.000e+00, 2.072e-10, 0.000e+00, 2.015e+00, 9.983e+02, 9.100e-14
8.500e-02, 5.000e-01, -8.500e-02, 1.108e+05, 0.000e+00, 1.036e-10, 0.000e+00, 2.013e+00, 9.983e+02, 4.550e-14
8.500e-02, 5.000e-01, -7.500e-02, 1.107e+05, 0.000e+00, 4.781e-11, 0.000e+00, 2.011e+00, 9.983e+02, 2.100e-14
8.500e-02, 5.000e-01, -6.500e-02, 1.106e+05, 0.000e+00, 2.045e-11, 0.000e+00, 2.009e+00, 9.983e+02, 8.982e-15
8.500e-02, 5.000e-01, -5.500e-02, 1.105e+05, 0.000e+00, 8.160e-12, 0.000e+00, 2.008e+00, 9.983e+02, 3.584e-15
8.500e-02, 5.000e-01, -4.500e-02, 1.104e+05, 0.000e+00, 3.078e-12, 0.000e+00, 2.006e+00, 9.983e+02, 1.352e-15
8.500e-02, 5.000e-01, -3.500e-02, 1.103e+05, 0.000e+00, 1.130e-12, 0.000e+00, 2.004e+00, 9.983e+02, 4.965e-16
8.500e-02, 5.000e-01, -2.500e-02, 1.102e+05, 0.000e+00, 4.345e-13, 0.000e+00, 2.002e+00, 9.983e+02, 1.908e-16
8.500e-02, 5.000e-01, -1.500e-02, 1.101e+05, 0.000e+00, 2.006e-13, 0.000e+00, 2.000e+00, 9.983e+02, 8.812e-17
8.500e-02, 5.000e-01, -5.000e-03, 1.100e+05, 0.000e+00, 1.263e-13, 0.000e+00, 1.999e+00, 9.983e+02, 5.546e-17
9.500e-02, 5.000e-01, -1.195e+00, 1.202e+05, 0.000e+00, 1.002e-13, 0.000e+00, 2.184e+00, 9.983e+02, 2.000e-17
9.500e-02, 5.000e-01, -1.185e+00, 1.201e+05, 0.000e+00, 1.002e-13, 0.000e+00, 2.182e+00, 9.983e+02, 2.000e-17
9.500e-02, 5.000e-01, -1.175e+00, 1.200e+05, 0.000e+00, 1.002e-13, 0.000e+00, 2.181e+00, 9.983e+02, 2.000e-17
9.500e-02, 5.000e-01, -1.165e+00, 1.199e+05, 0.000e+00, 1.002e-13, 0.000e+00, 2.179e+00, 9.983e+02, 2.000e-17
9.500e-02, 5.000e-01, -1.155e+00, 1.198e+05, 0.000e+00, 1.002e-13, 0.000e+00, 2.177e+00, 9.983e+02, 2.000e-17
9.500e-02, 5.000e-01, -1.145e+00, 1.197e+05, 0.000e+00, 1.002e-13, 0.000e+00, 2.175e+00, 9.983e+02, 2.000e-17
9.500e-02, 5.000e-01, -1.135e+00, 1.196e+05, 0.000e+00, 1.002e-13, 0.000e+00, 2.173e+00, 9.983e+02, 2.000e-17
9.500e-02, 5.000e-01, -1.125e+00, 1.195e+05, 0.000e+00, 1.002e-13, 0.000e+00, 2.172e+00, 9.983e+02, 2.000e-17
9.500e-02, 5.000e-01, -1.115e+00, 1.194e+05, 0.000e+00, 1.002e-13, 0.000e+00, 2.170e+00, 9.983e+02, 2.000e-17
9.500e-02, 5.000e-01, -1.105e+00, 1.193e+05, 0.000e+00, 1.138e-09, 0.000e+00, 2.168e+00, 9.983e+02, 3.858e-13
9.500e-02, 5.000e-01, -1.095e+00, 1.192e+05, 0.000e+00, 5.961e-04, 0.000e+00, 2.167e+00, 9.984e+02, 2.021e-07
9.500e-02, 5.000e-01, -1.085e+00, 1.191e+05, 0.000e+00, 6.266e-04, 0.000e+00, 2.165e+00, 9.984e+02, 2.690e-07
9.500e-02, 5.000e-01, -1.075e+00, 1.190e+05, 0.000e+00, 6.255e-04, 0.000e+00, 2.163e+00, 9.984e+02, 2.685e-07
9.500e-02, 5.000e-01, -1.065e+00, 1.189e+05, 0.000e+00, 6.054e-04, 0.000e+00, 2.161e+00, 9.984e+02, 2.599e-07
9.500e-02, 5.000e-01, -1.055e+00, 1.188e+05, 0.000e+00, 5.651e-04, 0.000e+00, 2.159e+00, 9.984e+02, 2.426e-07
9.500e-02, 5.000e-01, -1.045e+00, 1.187e+05, 0.000e+00, 5.100e-04, 0.000e+00, 2.158e+00, 9.984e+02, 2.189e-07
9.500e-02, 5.000e-01, -1.035e+00, 1.186e+05, 0.000e+00, 4.489e-04, 0.000e+00, 2.156e+00, 9.983e+02, 1.927e-07
9.500e-02, 5.000e-01, -1.025e+00, 1.185e+05, 0.000e+00, 3.879e-04, 0.000e+00, 2.154e+00, 9.983e+02, 1.665e-07
9.500e-02, 5.000e-01, -1.015e+00, 1.185e+05, 0.000e+00, 3.271e-04, 0.000e+00, 2.152e+00, 9.983e+02, 1.404e-07
9.500e-02, 5.000e-01, -1.005e+00, 1.184e+05, 0.000e+00, 2.662e-04, 0.000e+00, 2.150e+00, 9.983e+02, 1.143e-07
9.500e-02, 5.000e-01, -9.950e-01, 1.183e+05, 0.000e+00, 2.065e-04, 0.000e+00, 2.149e+00, 9.983e+02, 8.865e-08
9.500e-02, 5.000e-01, -9.850e-01, 1.182e+05, 0.000e+00, 1.507e-04, 0.000e+00, 2.147e+00, 9.983e+02, 6.470e-08
9.500e-02, 5.000e-01, -9.750e-01, 1.181e+05, 0.000e+00, 1.023e-04, 0.000e+00, 2.145e+00, 9.983e+02, 4.390e-08
9.500e-02, 5.000e-01, -9.650e-01, 1.180e+05, 0.000e+00, 6.379e-05, 0.000e+00, 2.143e+00, 9.983e+02, 2.738e-08
9.500e-02, 5.000e-01, -9.550e-01, 1.179e+05, 0.000e+00, 3.623e-05, 0.000e+00, 2.141e+00, 9.983e+02, 1.555e-08
9.500e-02, 5.000e-01, -9.450e-01, 1.178e+05, 0.000e+00, 1.857e-05, 0.000e+00, 2.140e+00, 9.983e+02, 7.973e-09
9.500e-02, 5.000e-01, -9.350e-01, 1.177e+05, 0.000e+00, 8.530e-06, 0.000e+00, 2.138e+00, 9.983e+02, 3.661e-09
9.500e-02, 5.000e-01, -9.250e-01, 1.176e+05, 0.000e+00, 3.487e-06, 0.000e+00, 2.136e+00, 9.983e+02, 1.497e-09
9.500e-02, 5.000e-01, -9.150e-01, 1.175e+05, 0.000e+00, 1.264e-06, 0.000e+00, 2.134e+00, 9.983e+02, 5.424e-10
9.500e-02, 5.000e-01, -9.050e-01, 1.174e+05, 0.000e+00, 4.055e-07, 0.000e+00, 2.132e+00, 9.983e+02, 1.741e-10
9.500e-02, 5.000e-01, -8.950e-01, 1.173e+05, 0.000e+00, 1.157e-07, 0.000e+00, 2.131e+00, 9.983e+02, 4.966e-11
9.500e-02, 5.000e-01, -8.850e-01, 1.172e+05, 0.000e+00, 2.959e-08, 0.000e+00, 2.129e+00, 9.983e+02, 1.270e-11
9.500e-02, 5.000e-01, -8.750e-01, 1.186e+05, 0.000e+00, 6.489e-09, 0.000e+00, 2.154e+00, 9.983e+02, 2.848e-12
9.500e-02, 5.000e-01, -8.650e-01, 1.185e+05, 0.000e+00, 1.384e-09, 0.000e+00, 2.153e+00, 9.983e+02, 6.077e-13
9.500e-02, 5.000e-01, -8.550e-01, 1.184e+05, 0.000e+00, 5.000e-10, 0.000e+00, 2.151e+00, 9.983e+02, 2.196e-13
9.500e-02, 5.000e-01, -8.450e-01, 1.183e+05, 0.000e+00, 1.117e-09, 0.000e+00, 2.149e+00, 9.983e+02, 4.905e-13
9.500e-02, 5.000e-01, -8.350e-01, 1.182e+05, 0.000e+00, 4.425e-09, 0.000e+00, 2.147e+00, 9.983e+02, 1.944e-12
9.500e-02, 5.000e-01, -8.250e-01, 1.181e+05, 0.000e+00, 1.720e-08, 0.000e+00, 2.145e+00, 9.983e+02, 7.553e-12
9.500e-02, 5.000e-01, -8.150e-01, 1.180e+05, 0.000e+00, 6.297e-08, 0.000e+00, 2.144e+00, 9.983e+02, 2.766e-11
9.500e-02, 5.000e-01, -8.050e-01, 1.179e+05, 0.000e+00, 2.163e-07, 0.000e+00, 2.142e+00, 9.983e+02, 9.499e-11
9.500e-02, 5.000e-01, -7.950e-01, 1.178e+05, 0.000e+00, 6.942e-07, 0.000e+00, 2.140e+00, 9.983e+02, 3.049e-10
9.500e-02, 5.000e-01, -7.850e-01, 1.177e+05, 0.000e+00, 2.075e-06, 0.000e+00, 2.138e+00, 9.983e+02, 9.112e-10
9.500e-02, 5.000e-01, -7.750e-01, 1.176e+05, 0.000e+00, 5.744e-06, 0.000e+00, 2.136e+00, 9.983e+02, 2.523e-09
9.500e-02, 5.000e-01, -7.650e-01, 1.175e+05, 0.000e+00, 1.466e-05, 0.000e+00, 2.135e+00, 9.983e+02, 6.438e-09
9.500e-02, 5.000e-01, -7.550e-01, 1.174e+05, 0.000e+00, 3.423e-05, 0.000e+00, 2.133e+00, 9.983e+02, 1.504e-08
9.500e-02, 5.000e-01, -7.450e-01, 1.173e+05, 0.000e+00, 7.259e-05, 0.000e+00, 2.131e+00, 9.983e+02, 3.188e-08
9.500e-02, 5.000e-01, -7.350e-01, 1.172e+05, 0.000e+00, 1.385e-04, 0.000e+00, 2.129e+00, 9.983e+02, 6.085e-08
9.500e-02, 5.000e-01, -7.250e-01, 1.171e+05, 0.000e+00, 2.357e-04, 0.000e+00, 2.127e+00, 9.983e+02, 1.038e-07
9.500e-02, 5.000e-01, -7.150e-01, 1.155e+05, 0.000e+00, 3.542e-04, 0.000e+00, 2.099e+00, 9.983e+02, 1.591e-07
9.500e-02, 5.000e-01, -7.050e-01, 1.154e+05, 0.000e+00, 4.376e-04, 0.000e+00, 2.097e+00, 9.983e+02, 1.966e-07
9.500e-02, 5.000e-01, -6.950e-01, 1.153e+05, 0.000e+00, 4.671e-04, 0.000e+00, 2.095e+00, 9.983e+02, 2.098e-07
9.500e-02, 5.000e-01, -6.850e-01, 1.152e+05, 0.000e+00, 4.664e-04, 0.000e+00, 2.093e+00, 9.983e+02, 2.095e-07
9.500e-02, 5.000e-01, -6.750e-01, 1.151e+05, 0.000e+00, 4.555e-04, 0.000e+00, 2.092e+00, 9.983e+02, 2.046e-07
9.500e-02, 5.000e-01, -6.650e-01, 1.150e+05, 0.000e+00, 4.421e-04, 0.000e+00, 2.090e+00, 9.983e+02, 1.986e-07
9.500e-02, 5.000e-01, -6.550e-01, 1.149e+05, 0.000e+00, 4.291e-04, 0.000e+00, 2.088e+00, 9.983e+02, 1.928e-07
9.500e-02, 5.000e-01, -6.450e-01, 1.148e+05, 0.000e+00, 4.175e-04, 0.000e+00, 2.086e+00, 9.983e+02, 1.876e-07
9.500e-02, 5.000e-01, -6.350e-01, 1.147e+05, 0.000e+00, 4.074e-04, 0.000e+00, 2.084e+00, 9.983e+02, 1.830e-07
9.500e-02, 5.000e-01, -6.250e-01, 1.146e+05, 0.000e+00, 3.983e-04, 0.000e+00, 2.083e+00, 9.983e+02, 1.789e-07
9.500e-02, 5.000e-01, -6.150e-01, 1.145e+05, 0.000e+00, 3.900e-04, 0.000e+00, 2.081e+00, 9.983e+02, 1.752e-07
9.500e-02, 5.000e-01, -6.050e-01, 1.144e+05, 0.000e+00, 3.828e-04, 0.000e+00, 2.079e+00, 9.983e+02, 1.720e-07
9.500e-02, 5.000e-01, -5.950e-01, 1.144e+05, 0.000e+00, 3.788e-04, 0.000e+00, 2.077e+00, 9.983e+02, 1.701e-07
9.500e-02, 5.000e-01, -5.850e-01, 1.143e+05, 0.000e+00, 3.835e-04, 0.000e+00, 2.077e+00, 9.983e+02, 1.685e-07
9.500e-02, 5.000e-01, -5.750e-01, 1.142e+05, 0.000e+00, 3.951e-04, 0.000e+00, 2.075e+00, 9.983e+02, 1.736e-07
9.500e-02, 5.000e-01, -5.650e-01, 1.141e+05, 0.000e+00, 4.120e-04, 0.000e+00, 2.073e+00, 9.983e+02, 1.810e-07
9.500e-02, 5.000e-01, -5.550e-01, 1.140e+05, 0.000e+00, 4.276e-04, 0.000e+00, 2.071e+00, 9.983e+02, 1.878e-07
9.500e-02, 5.000e-01, -5.450e-01, 1.139e+05, 0.000e+00, 4.301e-04, 0.000e+00, 2.070e+00, 9.983e+02, 1.889e-07
9.500e-02, 5.000e-01, -5.350e-01, 1.138e+05, 0.000e+00, 4.147e-04, 0.000e+00, 2.068e+00, 9.983e+02, 1.822e-07
9.500e-02, 5.000e-01, -5.250e-01, 1.137e+05, 0.000e+00, 3.887e-04, 0.000e+00, 2.066e+00, 9.983e+02, 1.708e-07
9.500e-02, 5.000e-01, -5.150e-01, 1.136e+05, 0.000e+00, 3.605e-04, 0.000e+00, 2.064e+00, 9.983e+02, 1.584e-07
9.500e-02, 5.000e-01, -5.050e-01, 1.135e+05, 0.000e+00, 3.357e-04, 0.000e+00, 2.063e+00, 9.983e+02, 1.474e-07
9.500e-02, 5.000e-01, -4.950e-01, 1.134e+05, 0.000e+00, 3.162e-04, 0.000e+00, 2.061e+00, 9.983e+02, 1.388e-07
9.500e-02, 5.000e-01, -4.850e-01, 1.135e+05, 0.000e+00, 3.020e-04, 0.000e+00, 2.063e+00, 9.983e+02, 1.297e-07
9.500e-02, 5.000e-01, -4.750e-01, 1.135e+05, 0.000e+00, 2.920e-04, 0.000e+00, 2.061e+00, 9.983e+02, 1.254e-07
9.500e-02, 5.000e-01, -4.650e-01, 1.134e+05, 0.000e+00, 2.856e-04, 0.000e+00, 2.059e+00, 9.983e+02, 1.226e-07
9.500e-02, 5.000e-01, -4.550e-01, 1.130e+05, 0.000e+00, 2.820e-04, 0.000e+00, 2.052e+00, 9.983e+02, 1.211e-07
9.500e-02, 5.000e-01, -4.450e-01, 1.129e+05, 0.000e+00, 2.773e-04, 0.000e+00, 2.050e+00, 9.983e+02, 1.190e-07
9.500e-02, 5.000e-01, -4.350e-01, 1.128e+05, 0.000e+00, 2.671e-04, 0.000e+00, 2.048e+00, 9.983e+02, 1.147e-07
9.500e-02, 5.000e-01, -4.250e-01, 1.127e+05, 0.000e+00, 2.551e-04, 0.000e+00, 2.047e+00, 9.983e+02, 1.095e-07
9.500e-02, 5.000e-01, -4.150e-01, 1.126e+05, 0.000e+00, 2.426e-04, 0.000e+00, 2.045e+00, 9.983e+02, 1.041e-07
9.500e-02, 5.000e-01, -4.050e-01, 1.125e+05, 0.000e+00, 2.294e-04, 0.000e+00, 2.043e+00, 9.983e+02, 9.848e-08
9.500e-02, 5.000e-01, -3.950e-01, 1.124e+05, 0.000e+00, 2.153e-04, 0.000e+00, 2.041e+00, 9.983e+02, 9.242e-08
9.500e-02, 5.000e-01, -3.850e-01, 1.123e+05, 0.000e+00, 1.998e-04, 0.000e+00, 2.039e+00, 9.983e+02, 8.575e-08
9.500e-02, 5.000e-01, -3.750e-01, 1.122e+05, 0.000e+00, 1.827e-04, 0.000e+00, 2.038e+00, 9.983e+02, 7.843e-08
9.500e-02, 5.000e-01, -3.650e-01, 1.121e+05, 0.000e+00, 1.645e-04, 0.000e+00, 2.036e+00, 9.983e+02, 7.063e-08
9.500e-02, 5.000e-01, -3.550e-01, 1.120e+05, 0.000e+00, 1.447e-04, 0.000e+00, 2.034e+00, 9.983e+02, 6.490e-08
9.500e-02, 5.000e-01, -3.450e-01, 1.119e+05, 0.000e+00, 1.237e-04, 0.000e+00, 2.033e+00, 9.983e+02, 5.557e-08
9.500e-02, 5.000e-01, -3.350e-01, 1.118e+05, 0.000e+00, 1.021e-04, 0.000e+00, 2.031e+00, 9.983e+02, 4.585e-08
9.500e-02, 5.000e-01, -3.250e-01, 1.117e+05, 0.000e+00, 8.072e-05, 0.000e+00, 2.029e+00, 9.983e+02, 3.626e-08
9.500e-02, 5.000e-01, -3.150e-01, 1.116e+05, 0.000e+00, 6.073e-05, 0.000e+00, 2.027e+00, 9.983e+02, 2.728e-08
9.500e-02, 5.000e-01, -3.050e-01, 1.115e+05, 0.000e+00, 4.313e-05, 0.000e+00, 2.025e+00, 9.983e+02, 1.937e-08
9.500e-02, 5.000e-01, -2.950e-01, 1.114e+05, 0.000e+00, 2.867e-05, 0.000e+00, 2.024e+00, 9.983e+02, 1.288e-08
9.500e-02, 5.000e-01, -2.850e-01, 1.113e+05, 0.000e+00, 1.772e-05, 0.000e+00, 2.022e+00, 9.983e+02, 7.958e-09
9.500e-02, 5.000e-01, -2.750e-01, 1.113e+05, 0.000e+00, 1.027e-05, 0.000e+00, 2.021e+00, 9.983e+02, 4.558e-09
9.500e-02, 5.000e-01, -2.650e-01, 1.112e+05, 0.000e+00, 5.609e-06, 0.000e+00, 2.020e+00, 9.983e+02, 2.464e-09
9.500e-02, 5.000e-01, -2.550e-01, 1.111e+05, 0.000e+00, 2.885e-06, 0.000e+00, 2.018e+00, 9.983e+02, 1.267e-09
9.500e-02, 5.000e-01, -2.450e-01, 1.110e+05, 0.000e+00, 1.421e-06, 0.000e+00, 2.016e+00, 9.983e+02, 6.243e-10
9.500e-02, 5.000e-01, -2.350e-01, 1.109e+05, 0.000e+00, 6.884e-07, 0.000e+00, 2.014e+00, 9.983e+02, 3.024e-10
9.500e-02, 5.000e-01, -2.250e-01, 1.108e+05, 0.000e+00, 3.396e-07, 0.000e+00, 2.012e+00, 9.983e+02, 1.492e-10
9.500e-02, 5.000e-01, -2.150e-01, 1.107e+05, 0.000e+00, 1.760e-07, 0.000e+00, 2.011e+00, 9.983e+02, 7.729e-11
9.500e-02, 5.000e-01, -2.050e-01, 1.106e+05, 0.000e+00, 9.789e-08, 0.000e+00, 2.009e+00, 9.983e+02, 4.300e-11
9.500e-02, 5.000e-01, -1.950e-01, 1.107e+05, 0.000e+00, 6.258e-08, 0.000e+00, 2.011e+00, 9.983e+02, 2.702e-11
9.500e-02, 5.000e-01, -1.850e-01, 1.106e+05, 0.000e+00, 4.160e-08, 0.000e+00, 2.009e+00, 9.983e+02, 1.786e-11
9.500e-02, 5.000e-01, -1.750e-01, 1.105e+05, 0.000e+00, 2.688e-08, 0.000e+00, 2.007e+00, 9.983e+02, 1.154e-11
9.500e-02, 5.000e-01, -1.650e-01, 1.104e+05, 0.000e+00, 1.651e-08, 0.000e+00, 2.005e+00, 9.983e+02, 7.086e-12
9.500e-02, 5.000e-01, -1.550e-01, 1.103e+05, 0.000e+00, 9.650e-09, 0.000e+00, 2.004e+00, 9.983e+02, 4.142e-12
9.500e-02, 5.000e-01, -1.450e-01, 1.102e+05, 0.000e+00, 5.640e-09, 0.000e+00, 2.002e+00, 9.983e+02, 2.421e-12
9.500e-02, 5.000e-01, -1.350e-01, 1.113e+05, 0.000e+00, 3.774e-09, 0.000e+00, 2.022e+00, 9.983e+02, 1.644e-12
9.500e-02, 5.000e-01, -1.250e-01, 1.112e+05, 0.000e+00, 2.523e-09, 0.000e+00, 2.020e+00, 9.983e+02, 1.108e-12
9.500e-02, 5.000e-01, -1.150e-01, 1.111e+05, 0.000e+00, 1.597e-09, 0.000e+00, 2.018e+00, 9.983e+02, 7.016e-13
9.500e-02, 5.000e-01, -1.050e-01, 1.110e+05, 0.000e+00, 9.400e-10, 0.000e+00, 2.017e+00, 9.983e+02, 4.129e-13
9.500e-02, 5.000e-01, -9.500e-02, 1.109e+05, 0.000e+00, 5.104e-10, 0.000e+00, 2.015e+00, 9.983e+02, 2.242e-13
9.500e-02, 5.000e-01, -8.500e-02, 1.108e+05, 0.000e+00, 2.551e-10, 0.000e+00, 2.013e+00, 9.983e+02, 1.121e-13
9.500e-02, 5.000e-01, -7.500e-02, 1.107e+05, 0.000e+00, 1.176e-10, 0.000e+00, 2.011e+00, 9.983e+02, 5.165e-14
9.500e-02, 5.000e-01, -6.500e-02, 1.106e+05, 0.000e+00, 5.018e-11, 0.000e+00, 2.009e+00, 9.983e+02, 2.204e-14
9.500e-02, 5.000e-01, -5.500e-02, 1.105e+05, 0.000e+00, 1.992e-11, 0.000e+00, 2.008e+00, 9.983e+02, 8.750e-15
9.500e-02, 5.000e-01, -4.500e-02, 1.104e+05, 0.000e+00, 7.419e-12, 0.000e+00, 2.006e+00, 9.983e+02, 3.259e-15
9.500e-02, 5.000e-01, -3.500e-02, 1.103e+05, 0.000e+00, 2.631e-12, 0.000e+00, 2.004e+00, 9.983e+02, 1.156e-15
9.500e-02, 5.000e-01, -2.500e-02, 1.102e+05, 0.000e+00, 9.225e-13, 0.000e+00, 2.002e+00, 9.983e+02, 4.052e-16
9.500e-02, 5.000e-01, -1.500e-02, 1.101e+05, 0.000e+00, 3.504e-13, 0.000e+00, 2.000e+00, 9.983e+02, 1.539e-16
9.500e-02, 5.000e-01, -5.000e-03, 1.100e+05, 0.000e+00, 1.740e-13, 0.000e+00, 1.999e+00, 9.983e+02, 7.641e-17
1.050e-01, 5.000e-01, -1.195e+00, 1.202e+05, 0.000e+00, 1.002e-13, 0.000e+00, 2.184e+00, 9.983e+02, 2.000e-17
1.050e-01, 5.000e-01, -1.185e+00, 1.201e+05, 0.000e+00, 1.002e-13, 0.000e+00, 2.182e+00, 9.983e+02, 2.000e-17
1.050e-01, 5.000e-01, -1.175e+00, 1.200e+05, 0.000e+00, 1.002e-13, 0.000e+00, 2.181e+00, 9.983e+02, 2.000e-17
1.050e-01, 5.000e-01, -1.165e+00, 1.199e+05, 0.000e+00, 1.002e-13, 0.000e+00, 2.179e+00, 9.983e+02, 2.000e-17
1.050e-01, 5.000e-01, -1.155e+00, 1.198e+05, 0.000e+00, 1.002e-13, 0.000e+00, 2.177e+00, 9.983e+02, 2.000e-17
1.050e-01, 5.000e-01, -1.145e+00, 1.197e+05, 0.000e+00, 1.002e-13, 0.000e+00, 2.175e+00, 9.983e+02, 2.000e-17
1.050e-01, 5.000e-01, -1.135e+00, 1.196e+05, 0.000e+00, 1.002e-13, 0.000e+00, 2.173e+00, 9.983e+02, 2.000e-17
1.050e-01, 5.000e-01, -1.125e+00, 1.195e+05, 0.000e+00, 1.002e-13, 0.000e+00, 2.172e+00, 9.983e+02, 2.000e-17
1.050e-01, 5.000e-01, -1.115e+00, 1.194e+05, 0.000e+00, 1.002e-13, 0.000e+00, 2.170e+00, 9.983e+02, 2.000e-17
1.050e-01, 5.000e-01, -1.105e+00, 1.193e+05, 0.000e+00, 1.186e-09, 0.000e+00, 2.168e+00, 9.983e+02, 4.862e-13
1.050e-01, 5.000e-01, -1.095e+00, 1.192e+05, 0.000e+00, 6.210e-04, 0.000e+00, 2.167e+00, 9.984e+02, 2.548e-07
1.050e-01, 5.000e-01, -1.085e+00, 1.191e+05, 0.000e+00, 6.337e-04, 0.000e+00, 2.165e+00, 9.984e+02, 2.721e-07
1.050e-01, 5.000e-01, -1.075e+00, 1.190e+05, 0.000e+00, 6.318e-04, 0.000e+00, 2.163e+00, 9.984e+02, 2.712e-07
1.050e-01, 5.000e-01, -1.065e+00, 1.189e+05, 0.000e+00, 6.132e-04, 0.000e+00, 2.161e+00, 9.984e+02, 2.632e-07
1.050e-01, 5.000e-01, -1.055e+00, 1.188e+05, 0.000e+00, 5.745e-04, 0.000e+00, 2.159e+00, 9.984e+02, 2.466e-07
1.050e-01, 5.000e-01, -1.045e+00, 1.187e+05, 0.000e+00, 5.193e-04, 0.000e+00, 2.158e+00, 9.984e+02, 2.229e-07
1.050e-01, 5.000e-01, -1.035e+00, 1.186e+05, 0.000e+00, 4.563e-04, 0.000e+00, 2.156e+00, 9.983e+02, 1.959e-07
1.050e-01, 5.000e-01, -1.025e+00, 1.185e+05, 0.000e+00, 3.921e-04, 0.000e+00, 2.154e+00, 9.983e+02, 1.683e-07
1.050e-01, 5.000e-01, -1.015e+00, 1.185e+05, 0.000e+00, 3.290e-04, 0.000e+00, 2.152e+00, 9.983e+02, 1.412e-07
1.050e-01, 5.000e-01, -1.005e+00, 1.184e+05, 0.000e+00, 2.668e-04, 0.000e+00, 2.150e+00, 9.983e+02, 1.145e-07
1.050e-01, 5.000e-01, -9.950e-01, 1.183e+05, 0.000e+00, 2.066e-04, 0.000e+00, 2.149e+00, 9.983e+02, 8.867e-08
1.050e-01, 5.000e-01, -9.850e-01, 1.182e+05, 0.000e+00, 1.507e-04, 0.000e+00, 2.147e+00, 9.983e+02, 6.468e-08
1.050e-01, 5.000e-01, -9.750e-01, 1.181e+05, 0.000e+00, 1.023e-04, 0.000e+00, 2.145e+00, 9.983e+02, 4.390e-08
1.050e-01, 5.000e-01, -9.650e-01, 1.180e+05, 0.000e+00, 6.382e-05, 0.000e+00, 2.143e+00, 9.983e+02, 2.739e-08
1.050e-01, 5.000e-01, -9.550e-01, 1.179e+05, 0.000e+00, 3.623e-05, 0.000e+00, 2.141e+00, 9.983e+02, 1.555e-08
1.050e-01, 5.000e-01, -9.450e-01, 1.178e+05, 0.000e+00, 1.854e-05, 0.000e+00, 2.140e+00, 9.983e+02, 7.957e-09
1.050e-01, 5.000e-01, -9.350e-01, 1.177e+05, 0.000e+00, 8.474e-06, 0.000e+00, 2.138e+00, 9.983e+02, 3.637e-09
1.050e-01, 5.000e-01, -9.250e-01, 1.176e+05, 0.000e+00, 3.436e-06, 0.000e+00, 2.136e+00, 9.983e+02, 1.475e-09
1.050e-01, 5.000e-01, -9.150e-01, 1.175e+05, 0.000e+00, 1.227e-06, 0.000e+00, 2.134e+00, 9.983e+02, 5.269e-10
1.050e-01, 5.000e-01, -9.050e-01, 1.174e+05, 0.000e+00, 3.841e-07, 0.000e+00, 2.132e+00, 9.983e+02, 1.649e-10
1.050e-01, 5.000e-01, -8.950e-01, 1.173e+05, 0.000e+00, 1.041e-07, 0.000e+00, 2.131e+00, 9.983e+02, 4.470e-11
1.050e-01, 5.000e-01, -8.850e-01, 1.172e+05, 0.000e+00, 2.362e-08, 0.000e+00, 2.129e+00, 9.983e+02, 1.016e-11
1.050e-01, 5.000e-01, -8.750e-01, 1.186e+05, 0.000e+00, 5.188e-09, 0.000e+00, 2.154e+00, 9.983e+02, 2.279e-12
1.050e-01, 5.000e-01, -8.650e-01, 1.185e+05, 0.000e+00, 1.125e-09, 0.000e+00, 2.153e+00, 9.983e+02, 4.940e-13
1.050e-01, 5.000e-01, -8.550e-01, 1.184e+05, 0.000e+00, 4.724e-10, 0.000e+00, 2.151e+00, 9.983e+02, 2.075e-13
1.050e-01, 5.000e-01, -8.450e-01, 1.183e+05, 0.000e+00, 1.176e-09, 0.000e+00, 2.149e+00, 9.983e+02, 5.167e-13
1.050e-01, 5.000e-01, -8.350e-01, 1.182e+05, 0.000e+00, 4.629e-09, 0.000e+00, 2.147e+00, 9.983e+02, 2.033e-12
1.050e-01, 5.000e-01, -8.250e-01, 1.181e+05, 0.000e+00, 1.781e-08, 0.000e+00, 2.145e+00, 9.983e+02, 7.822e-12
1.050e-01, 5.000e-01, -8.150e-01, 1.180e+05, 0.000e+00, 6.490e-08, 0.000e+00, 2.144e+00, 9.983e+02, 2.851e-11
1.050e-01, 5.000e-01, -8.050e-01, 1.179e+05, 0.000e+00, 2.228e-07, 0.000e+00, 2.142e+00, 9.983e+02, 9.784e-11
1.050e-01, 5.000e-01, -7.950e-01, 1.178e+05, 0.000e+00, 7.167e-07, 0.000e+00, 2.140e+00, 9.983e+02, 3.148e-10
1.050e-01, 5.000e-01, -7.850e-01, 1.177e+05, 0.000e+00, 2.150e-06, 0.000e+00, 2.138e+00, 9.983e+02, 9.442e-10
1.050e-01, 5.000e-01, -7.750e-01, 1.176e+05, 0.000e+00, 5.974e-06, 0.000e+00, 2.136e+00, 9.983e+02, 2.624e-09
1.050e-01, 5.000e-01, -7.650e-01, 1.175e+05, 0.000e+00, 1.528e-05, 0.000e+00, 2.135e+00, 9.983e+02, 6.711e-09
1.050e-01, 5.000e-01, -7.550e-01, 1.174e+05, 0.000e+00, 3.570e-05, 0.000e+00, 2.133e+00, 9.983e+02, 1.568e-08
1.050e-01, 5.000e-01, -7.450e-01, 1.173e+05, 0.000e+00, 7.563e-05, 0.000e+00, 2.131e+00, 9.983e+02, 3.322e-08
1.050e-01, 5.000e-01, -7.350e-01, 1.172e+05, 0.000e+00, 1.441e-04, 0.000e+00, 2.129e+00, 9.983e+02, 6.328e-08
1.050e-01, 5.000e-01, -7.250e-01, 1.171e+05, 0.000e+00, 2.450e-04, 0.000e+00, 2.127e+00, 9.983e+02, 1.076e-07
1.050e-01, 5.000e-01, -7.150e-01, 1.155e+05, 0.000e+00, 3.675e-04, 0.000e+00, 2.099e+00, 9.983e+02, 1.650e-07
1.050e-01, 5.000e-01, -7.050e-01, 1.154e+05, 0.000e+00, 4.486e-04, 0.000e+00, 2.097e+00, 9.983e+02, 2.015e-07
1.050e-01, 5.000e-01, -6.950e-01, 1.153e+05, 0.000e+00, 4.739e-04, 0.000e+00, 2.095e+00, 9.983e+02, 2.129e-07
1.050e-01, 5.000e-01, -6.850e-01, 1.152e+05, 0.000e+00, 4.722e-04, 0.000e+00, 2.093e+00, 9.983e+02, 2.121e-07
1.050e-01, 5.000e-01, -6.750e-01, 1.151e+05, 0.000e+00, 4.623e-04, 0.000e+00, 2.092e+00, 9.983e+02, 2.077e-07
1.050e-01, 5.000e-01, -6.650e-01, 1.150e+05, 0.000e+00, 4.512e-04, 0.000e+00, 2.090e+00, 9.983e+02, 2.027e-07
1.050e-01, 5.000e-01, -6.550e-01, 1.149e+05, 0.000e+00, 4.406e-04, 0.000e+00, 2.088e+00, 9.983e+02, 1.980e-07
1.050e-01, 5.000e-01, -6.450e-01, 1.148e+05, 0.000e+00, 4.309e-04, 0.000e+00, 2.086e+00, 9.983e+02, 1.936e-07
1.050e-01, 5.000e-01, -6.350e-01, 1.147e+05, 0.000e+00, 4.221e-04, 0.000e+00, 2.084e+00, 9.983e+02, 1.896e-07
1.050e-01, 5.000e-01, -6.250e-01, 1.146e+05, 0.000e+00, 4.145e-04, 0.000e+00, 2.083e+00, 9.983e+02, 1.862e-07
1.050e-01, 5.000e-01, -6.150e-01, 1.145e+05, 0.000e+00, 4.080e-04, 0.000e+00, 2.081e+00, 9.983e+02, 1.833e-07
1.050e-01, 5.000e-01, -6.050e-01, 1.144e+05, 0.000e+00, 4.035e-04, 0.000e+00, 2.079e+00, 9.983e+02, 1.813e-07
1.050e-01, 5.000e-01, -5.950e-01, 1.144e+05, 0.000e+00, 4.037e-04, 0.000e+00, 2.077e+00, 9.983e+02, 1.814e-07
1.050e-01, 5.000e-01, -5.850e-01, 1.143e+05, 0.000e+00, 4.137e-04, 0.000e+00, 2.077e+00, 9.983e+02, 1.823e-07
1.050e-01, 5.000e-01, -5.750e-01, 1.142e+05, 0.000e+00, 4.241e-04, 0.000e+00, 2.075e+00, 9.983e+02, 1.863e-07
1.050e-01, 5.000e-01, -5.650e-01, 1.141e+05, 0.000e+00, 4.335e-04, 0.000e+00, 2.073e+00, 9.983e+02, 1.904e-07
1.050e-01, 5.000e-01, -5.550e-01, 1.140e+05, 0.000e+00, 4.376e-04, 0.000e+00, 2.071e+00, 9.983e+02, 1.922e-07
1.050e-01, 5.000e-01, -5.450e-01, 1.139e+05, 0.000e+00, 4.301e-04, 0.000e+00, 2.070e+00, 9.983e+02, 1.889e-07
1.050e-01, 5.000e-01, -5.350e-01, 1.138e+05, 0.000e+00, 4.096e-04, 0.000e+00, 2.068e+00, 9.983e+02, 1.799e-07
1.050e-01, 5.000e-01, -5.250e-01, 1.137e+05, 0.000e+00, 3.818e-04, 0.000e+00, 2.066e+00, 9.983e+02, 1.677e-07
1.050e-01, 5.000e-01, -5.150e-01, 1.136e+05, 0.000e+00, 3.537e-04, 0.000e+00, 2.064e+00, 9.983e+02, 1.553e-07
1.050e-01, 5.000e-01, -5.050e-01, 1.135e+05, 0.000e+00, 3.300e-04, 0.000e+00, 2.063e+00, 9.983e+02, 1.449e-07
1.050e-01, 5.000e-01, -4.950e-01, 1.134e+05, 0.000e+00, 3.123e-04, 0.000e+00, 2.061e+00, 9.983e+02, 1.372e-07
1.050e-01, 5.000e-01, -4.850e-01, 1.135e+05, 0.000e+00, 3.003e-04, 0.000e+00, 2.063e+00, 9.983e+02, 1.292e-07
1.050e-01, 5.000e-01, -4.750e-01, 1.135e+05, 0.000e+00, 2.924e-04, 0.000e+00, 2.061e+00, 9.983e+02, 1.255e-07
1.050e-01, 5.000e-01, -4.650e-01, 1.134e+05, 0.000e+00, 2.878e-04, 0.000e+00, 2.059e+00, 9.983e+02, 1.235e-07
1.050e-01, 5.000e-01, -4.550e-01, 1.130e+05, 0.000e+00, 2.861e-04, 0.000e+00, 2.052e+00, 9.983e+02, 1.228e-07
1.050e-01, 5.000e-01, -4.450e-01, 1.129e+05, 0.000e+00, 2.824e-04, 0.000e+00, 2.050e+00, 9.983e+02, 1.212e-07
1.050e-01, 5.000e-01, -4.350e-01, 1.128e+05, 0.000e+00, 2.715e-04, 0.000e+00, 2.048e+00, 9.983e+02, 1.165e-07
1.050e-01, 5.000e-01, -4.250e-01, 1.127e+05, 0.000e+00, 2.585e-04, 0.000e+00, 2.047e+00, 9.983e+02, 1.110e-07
1.050e-01, 5.000e-01, -4.150e-01, 1.126e+05, 0.000e+00, 2.455e-04, 0.000e+00, 2.045e+00, 9.983e+02, 1.054e-07
1.050e-01, 5.000e-01, -4.050e-01, 1.125e+05, 0.000e+00, 2.324e-04, 0.000e+00, 2.043e+00, 9.983e+02, 9.975e-08
1.050e-01, 5.000e-01, -3.950e-01, 1.124e+05, 0.000e+00, 2.186e-04, 0.000e+00, 2.041e+00, 9.983e+02, 9.385e-08
1.050e-01, 5.000e-01, -3.850e-01, 1.123e+05, 0.000e+00, 2.036e-04, 0.000e+00, 2.039e+00, 9.983e+02, 8.739e-08
1.050e-01, 5.000e-01, -3.750e-01, 1.122e+05, 0.000e+00, 1.867e-04, 0.000e+00, 2.038e+00, 9.983e+02, 8.016e-08
1.050e-01, 5.000e-01, -3.650e-01, 1.121e+05, 0.000e+00, 1.680e-04, 0.000e+00, 2.036e+00, 9.983e+02, 7.212e-08
1.050e-01, 5.000e-01, -3.550e-01, 1.120e+05, 0.000e+00, 1.478e-04, 0.000e+00, 2.034e+00, 9.983e+02, 6.609e-08
1.050e-01, 5.000e-01, -3.450e-01, 1.119e+05, 0.000e+00, 1.265e-04, 0.000e+00, 2.033e+00, 9.983e+02, 5.683e-08
1.050e-01, 5.000e-01, -3.350e-01, 1.118e+05, 0.000e+00, 1.046e-04, 0.000e+00, 2.031e+00, 9.983e+02, 4.700e-08
1.050e-01, 5.000e-01, -3.250e-01, 1.117e+05, 0.000e+00, 8.314e-05, 0.000e+00, 2.029e+00, 9.983e+02, 3.735e-08
1.050e-01, 5.000e-01, -3.150e-01, 1.116e+05, 0.000e+00, 6.305e-05, 0.000e+00, 2.027e+00, 9.983e+02, 2.832e-08
1.050e-01, 5.000e-01, -3.050e-01, 1.115e+05, 0.000e+00, 4.527e-05, 0.000e+00, 2.025e+00, 9.983e+02, 2.034e-08
1.050e-01, 5.000e-01, -2.950e-01, 1.114e+05, 0.000e+00, 3.054e-05, 0.000e+00, 2.024e+00, 9.983e+02, 1.372e-08
1.050e-01, 5.000e-01, -2.850e-01, 1.113e+05, 0.000e+00, 1.924e-05, 0.000e+00, 2.022e+00, 9.983e+02, 8.642e-09
1.050e-01, 5.000e-01, -2.750e-01, 1.113e+05, 0.000e+00, 1.147e-05, 0.000e+00, 2.021e+00, 9.983e+02, 5.088e-09
1.050e-01, 5.000e-01, -2.650e-01, 1.112e+05, 0.000e+00, 6.506e-06, 0.000e+00, 2.020e+00, 9.983e+02, 2.858e-09
1.050e-01, 5.000e-01, -2.550e-01, 1.111e+05, 0.000e+00, 3.524e-06, 0.000e+00, 2.018e+00, 9.983e+02, 1.548e-09
1.050e-01, 5.000e-01, -2.450e-01, 1.110e+05, 0.000e+00, 1.861e-06, 0.000e+00, 2.016e+00, 9.983e+02, 8.174e-10
1.050e-01, 5.000e-01, -2.350e-01, 1.109e+05, 0.000e+00, 9.859e-07, 0.000e+00, 2.014e+00, 9.983e+02, 4.330e-10
1.050e-01, 5.000e-01, -2.250e-01, 1.108e+05, 0.000e+00, 5.384e-07, 0.000e+00, 2.012e+00, 9.983e+02, 2.365e-10
1.050e-01, 5.000e-01, -2.150e-01, 1.107e+05, 0.000e+00, 3.066e-07, 0.000e+00, 2.011e+00, 9.983e+02, 1.347e-10
1.050e-01, 5.000e-01, -2.050e-01, 1.106e+05, 0.000e+00, 1.835e-07, 0.000e+00, 2.009e+00, 9.983e+02, 8.058e-11
1.050e-01, 5.000e-01, -1.950e-01, 1.107e+05, 0.000e+00, 1.240e-07, 0.000e+00, 2.011e+00, 9.983e+02, 5.349e-11
1.050e-01, 5.000e-01, -1.850e-01, 1.106e+05, 0.000e+00, 8.495e-08, 0.000e+00, 2.009e+00, 9.983e+02, 3.647e-11
1.050e-01, 5.000e-01, -1.750e-01, 1.105e+05, 0.000e+00, 5.597e-08, 0.000e+00, 2.007e+00, 9.983e+02, 2.402e-11
1.050e-01, 5.000e-01, -1.650e-01, 1.104e+05, 0.000e+00, 3.489e-08, 0.000e+00, 2.005e+00, 9.983e+02, 1.498e-11
1.050e-01, 5.000e-01, -1.550e-01, 1.103e+05, 0.000e+00, 2.067e-08, 0.000e+00, 2.004e+00, 9.983e+02, 8.873e-12
1.050e-01, 5.000e-01, -1.450e-01, 1.102e+05, 0.000e+00, 1.229e-08, 0.000e+00, 2.002e+00, 9.983e+02, 5.276e-12
1.050e-01, 5.000e-01, -1.350e-01, 1.113e+05, 0.000e+00, 8.470e-09, 0.000e+00, 2.022e+00, 9.983e+02, 3.695e-12
1.050e-01, 5.000e-01, -1.250e-01, 1.112e+05, 0.000e+00, 5.740e-09, 0.000e+00, 2.020e+00, 9.983e+02, 2.521e-12
1.050e-01, 5.000e-01, -1.150e-01, 1.111e+05, 0.000e+00, 3.654e-09, 0.000e+00, 2.018e+00, 9.983e+02, 1.605e-12
1.050e-01, 5.000e-01, -1.050e-01, 1.110e+05, 0.000e+00, 2.154e-09, 0.000e+00, 2.017e+00, 9.983e+02, 9.459e-13
1.050e-01, 5.000e-01, -9.500e-02, 1.109e+05, 0.000e+00, 1.169e-09, 0.000e+00, 2.015e+00, 9.983e+02, 5.133e-13
1.050e-01, 5.000e-01, -8.500e-02, 1.108e+05, 0.000e+00, 5.835e-10, 0.000e+00, 2.013e+00, 9.983e+02, 2.563e-13
1.050e-01, 5.000e-01, -7.500e-02, 1.107e+05, 0.000e+00, 2.686e-10, 0.000e+00, 2.011e+00, 9.983e+02, 1.180e-13
1.050e-01, 5.000e-01, -6.500e-02, 1.106e+05, 0.000e+00, 1.144e-10, 0.000e+00, 2.009e+00, 9.983e+02, 5.024e-14
1.050e-01, 5.000e-01, -5.500e-02, 1.105e+05, 0.000e+00, 4.528e-11, 0.000e+00, 2.008e+00, 9.983e+02, 1.989e-14
1.050e-01, 5.000e-01, -4.500e-02, 1.104e+05, 0.000e+00, 1.677e-11, 0.000e+00, 2.006e+00, 9.983e+02, 7.366e-15
1.050e-01, 5.000e-01, -3.500e-02, 1.103e+05, 0.000e+00, 5.862e-12, 0.000e+00, 2.004e+00, 9.983e+02, 2.575e-15
1.050e-01, 5.000e-01, -2.500e-02, 1.102e+05, 0.000e+00, 1.973e-12, 0.000e+00, 2.002e+00, 9.983e+02, 8.668e-16
1.050e-01, 5.000e-01, -1.500e-02, 1.101e+05, 0.000e+00, 6.763e-13, 0.000e+00, 2.000e+00, 9.983e+02, 2.971e-16
1.050e-01, 5.000e-01, -5.000e-03, 1.100e+05, 0.000e+00, 2.850e-13, 0.000e+00, 1.999e+00, 9.983e+02, 1.252e-16
1.150e-01, 5.000e-01, -1.195e+00, 1.202e+05, 0.000e+00, 1.002e-13, 0.000e+00, 2.184e+00, 9.983e+02, 2.000e-17
1.150e-01, 5.000e-01, -1.185e+00, 1.201e+05, 0.000e+00, 1.002e-13, 0.000e+00, 2.182e+00, 9.983e+02, 2.000e-17
1.150e-01, 5.000e-01, -1.175e+00, 1.200e+05, 0.000e+00, 1.002e-13, 0.000e+00, 2.181e+00, 9.983e+02, 2.000e-17
1.150e-01, 5.000e-01, -1.165e+00, 1.199e+05, 0.000e+00, 1.002e-13, 0.000e+00, 2.179e+00, 9.983e+02, 2.000e-17
1.150e-01, 5.000e-01, -1.155e+00, 1.198e+05, 0.000e+00, 1.002e-13, 0.000e+00, 2.177e+00, 9.983e+02, 2.000e-17
1.150e-01, 5.000e-01, -1.145e+00, 1.197e+05, 0.000e+00, 1.002e-13, 0.000e+00, 2.175e+00, 9.983e+02, 2.000e-17
1.150e-01, 5.000e-01, -1.135e+00, 1.196e+05, 0.000e+00, 1.002e-13, 0.000e+00, 2.173e+00, 9.983e+02, 2.000e-17
1.150e-01, 5.000e-01, -1.125e+00, 1.195e+05, 0.000e+00, 1.002e-13, 0.000e+00, 2.172e+00, 9.983e+02, 2.000e-17
1.150e-01, 5.000e-01, -1.115e+00, 1.194e+05, 0.000e+00, 1.005e-13, 0.000e+00, 2.170e+00, 9.983e+02, 2.008e-17
1.150e-01, 5.000e-01, -1.105e+00, 1.193e+05, 0.000e+00, 1.636e-09, 0.000e+00, 2.168e+00, 9.983e+02, 6.382e-13
1.150e-01, 5.000e-01, -1.095e+00, 1.192e+05, 0.000e+00, 6.376e-04, 0.000e+00, 2.167e+00, 9.984e+02, 2.737e-07
1.150e-01, 5.000e-01, -1.085e+00, 1.191e+05, 0.000e+00, 6.405e-04, 0.000e+00, 2.165e+00, 9.984e+02, 2.750e-07
1.150e-01, 5.000e-01, -1.075e+00, 1.190e+05, 0.000e+00, 6.373e-04, 0.000e+00, 2.163e+00, 9.984e+02, 2.736e-07
1.150e-01, 5.000e-01, -1.065e+00, 1.189e+05, 0.000e+00, 6.195e-04, 0.000e+00, 2.161e+00, 9.984e+02, 2.659e-07
1.150e-01, 5.000e-01, -1.055e+00, 1.188e+05, 0.000e+00, 5.824e-04, 0.000e+00, 2.159e+00, 9.984e+02, 2.500e-07
1.150e-01, 5.000e-01, -1.045e+00, 1.187e+05, 0.000e+00, 5.280e-04, 0.000e+00, 2.158e+00, 9.984e+02, 2.267e-07
1.150e-01, 5.000e-01, -1.035e+00, 1.186e+05, 0.000e+00, 4.638e-04, 0.000e+00, 2.156e+00, 9.983e+02, 1.991e-07
1.150e-01, 5.000e-01, -1.025e+00, 1.185e+05, 0.000e+00, 3.970e-04, 0.000e+00, 2.154e+00, 9.983e+02, 1.704e-07
1.150e-01, 5.000e-01, -1.015e+00, 1.185e+05, 0.000e+00, 3.316e-04, 0.000e+00, 2.152e+00, 9.983e+02, 1.423e-07
1.150e-01, 5.000e-01, -1.005e+00, 1.184e+05, 0.000e+00, 2.679e-04, 0.000e+00, 2.150e+00, 9.983e+02, 1.150e-07
1.150e-01, 5.000e-01, -9.950e-01, 1.183e+05, 0.000e+00, 2.070e-04, 0.000e+00, 2.149e+00, 9.983e+02, 8.885e-08
1.150e-01, 5.000e-01, -9.850e-01, 1.182e+05, 0.000e+00, 1.509e-04, 0.000e+00, 2.147e+00, 9.983e+02, 6.476e-08
1.150e-01, 5.000e-01, -9.750e-01, 1.181e+05, 0.000e+00, 1.024e-04, 0.000e+00, 2.145e+00, 9.983e+02, 4.395e-08
1.150e-01, 5.000e-01, -9.650e-01, 1.180e+05, 0.000e+00, 6.390e-05, 0.000e+00, 2.143e+00, 9.983e+02, 2.743e-08
1.150e-01, 5.000e-01, -9.550e-01, 1.179e+05, 0.000e+00, 3.625e-05, 0.000e+00, 2.141e+00, 9.983e+02, 1.556e-08
1.150e-01, 5.000e-01, -9.450e-01, 1.178e+05, 0.000e+00, 1.849e-05, 0.000e+00, 2.140e+00, 9.983e+02, 7.938e-09
1.150e-01, 5.000e-01, -9.350e-01, 1.177e+05, 0.000e+00, 8.406e-06, 0.000e+00, 2.138e+00, 9.983e+02, 3.608e-09
1.150e-01, 5.000e-01, -9.250e-01, 1.176e+05, 0.000e+00, 3.374e-06, 0.000e+00, 2.136e+00, 9.983e+02, 1.448e-09
1.150e-01, 5.000e-01, -9.150e-01, 1.175e+05, 0.000e+00, 1.187e-06, 0.000e+00, 2.134e+00, 9.983e+02, 5.094e-10
1.150e-01, 5.000e-01, -9.050e-01, 1.174e+05, 0.000e+00, 3.624e-07, 0.000e+00, 2.132e+00, 9.983e+02, 1.556e-10
1.150e-01, 5.000e-01, -8.950e-01, 1.173e+05, 0.000e+00, 9.466e-08, 0.000e+00, 2.131e+00, 9.983e+02, 4.063e-11
1.150e-01, 5.000e-01, -8.850e-01, 1.172e+05, 0.000e+00, 2.020e-08, 0.000e+00, 2.129e+00, 9.983e+02, 8.725e-12
1.150e-01, 5.000e-01, -8.750e-01, 1.186e+05, 0.000e+00, 4.423e-09, 0.000e+00, 2.154e+00, 9.983e+02, 1.943e-12
1.150e-01, 5.000e-01, -8.650e-01, 1.185e+05, 0.000e+00, 1.005e-09, 0.000e+00, 2.153e+00, 9.983e+02, 4.415e-13
1.150e-01, 5.000e-01, -8.550e-01, 1.184e+05, 0.000e+00, 6.277e-10, 0.000e+00, 2.151e+00, 9.983e+02, 2.757e-13
1.150e-01, 5.000e-01, -8.450e-01, 1.183e+05, 0.000e+00, 1.882e-09, 0.000e+00, 2.149e+00, 9.983e+02, 8.268e-13
1.150e-01, 5.000e-01, -8.350e-01, 1.182e+05, 0.000e+00, 7.175e-09, 0.000e+00, 2.147e+00, 9.983e+02, 3.152e-12
1.150e-01, 5.000e-01, -8.250e-01, 1.181e+05, 0.000e+00, 2.643e-08, 0.000e+00, 2.145e+00, 9.983e+02, 1.161e-11
1.150e-01, 5.000e-01, -8.150e-01, 1.180e+05, 0.000e+00, 9.236e-08, 0.000e+00, 2.144e+00, 9.983e+02, 4.057e-11
1.150e-01, 5.000e-01, -8.050e-01, 1.179e+05, 0.000e+00, 3.048e-07, 0.000e+00, 2.142e+00, 9.983e+02, 1.339e-10
1.150e-01, 5.000e-01, -7.950e-01, 1.178e+05, 0.000e+00, 9.452e-07, 0.000e+00, 2.140e+00, 9.983e+02, 4.152e-10
1.150e-01, 5.000e-01, -7.850e-01, 1.177e+05, 0.000e+00, 2.738e-06, 0.000e+00, 2.138e+00, 9.983e+02, 1.202e-09
1.150e-01, 5.000e-01, -7.750e-01, 1.176e+05, 0.000e+00, 7.359e-06, 0.000e+00, 2.136e+00, 9.983e+02, 3.232e-09
1.150e-01, 5.000e-01, -7.650e-01, 1.175e+05, 0.000e+00, 1.823e-05, 0.000e+00, 2.135e+00, 9.983e+02, 8.008e-09
1.150e-01, 5.000e-01, -7.550e-01, 1.174e+05, 0.000e+00, 4.134e-05, 0.000e+00, 2.133e+00, 9.983e+02, 1.816e-08
1.150e-01, 5.000e-01, -7.450e-01, 1.173e+05, 0.000e+00, 8.512e-05, 0.000e+00, 2.131e+00, 9.983e+02, 3.739e-08
1.150e-01, 5.000e-01, -7.350e-01, 1.172e+05, 0.000e+00, 1.580e-04, 0.000e+00, 2.129e+00, 9.983e+02, 6.940e-08
1.150e-01, 5.000e-01, -7.250e-01, 1.171e+05, 0.000e+00, 2.623e-04, 0.000e+00, 2.127e+00, 9.983e+02, 1.152e-07
1.150e-01, 5.000e-01, -7.150e-01, 1.155e+05, 0.000e+00, 3.843e-04, 0.000e+00, 2.099e+00, 9.983e+02, 1.723e-07
1.150e-01, 5.000e-01, -7.050e-01, 1.154e+05, 0.000e+00, 4.589e-04, 0.000e+00, 2.097e+00, 9.983e+02, 2.062e-07
1.150e-01, 5.000e-01, -6.950e-01, 1.153e+05, 0.000e+00, 4.799e-04, 0.000e+00, 2.095e+00, 9.983e+02, 2.156e-07
1.150e-01, 5.000e-01, -6.850e-01, 1.152e+05, 0.000e+00, 4.765e-04, 0.000e+00, 2.093e+00, 9.983e+02, 2.141e-07
1.150e-01, 5.000e-01, -6.750e-01, 1.151e+05, 0.000e+00, 4.673e-04, 0.000e+00, 2.092e+00, 9.983e+02, 2.100e-07
1.150e-01, 5.000e-01, -6.650e-01, 1.150e+05, 0.000e+00, 4.587e-04, 0.000e+00, 2.090e+00, 9.983e+02, 2.061e-07
1.150e-01, 5.000e-01, -6.550e-01, 1.149e+05, 0.000e+00, 4.515e-04, 0.000e+00, 2.088e+00, 9.983e+02, 2.028e-07
1.150e-01, 5.000e-01, -6.450e-01, 1.148e+05, 0.000e+00, 4.455e-04, 0.000e+00, 2.086e+00, 9.983e+02, 2.001e-07
1.150e-01, 5.000e-01, -6.350e-01, 1.147e+05, 0.000e+00, 4.405e-04, 0.000e+00, 2.084e+00, 9.983e+02, 1.979e-07
1.150e-01, 5.000e-01, -6.250e-01, 1.146e+05, 0.000e+00, 4.364e-04, 0.000e+00, 2.083e+00, 9.983e+02, 1.961e-07
1.150e-01, 5.000e-01, -6.150e-01, 1.145e+05, 0.000e+00, 4.335e-04, 0.000e+00, 2.081e+00, 9.983e+02, 1.947e-07
1.150e-01, 5.000e-01, -6.050e-01, 1.144e+05, 0.000e+00, 4.323e-04, 0.000e+00, 2.079e+00, 9.983e+02, 1.942e-07
1.150e-01, 5.000e-01, -5.950e-01, 1.144e+05, 0.000e+00, 4.345e-04, 0.000e+00, 2.077e+00, 9.983e+02, 1.952e-07
1.150e-01, 5.000e-01, -5.850e-01, 1.143e+05, 0.000e+00, 4.429e-04, 0.000e+00, 2.077e+00, 9.983e+02, 1.956e-07
1.150e-01, 5.000e-01, -5.750e-01, 1.142e+05, 0.000e+00, 4.480e-04, 0.000e+00, 2.075e+00, 9.983e+02, 1.968e-07
1.150e-01, 5.000e-01, -5.650e-01, 1.141e+05, 0.000e+00, 4.486e-04, 0.000e+00, 2.073e+00, 9.983e+02, 1.970e-07
1.150e-01, 5.000e-01, -5.550e-01, 1.140e+05, 0.000e+00, 4.424e-04, 0.000e+00, 2.071e+00, 9.983e+02, 1.943e-07
1.150e-01, 5.000e-01, -5.450e-01, 1.139e+05, 0.000e+00, 4.268e-04, 0.000e+00, 2.070e+00, 9.983e+02, 1.875e-07
1.150e-01, 5.000e-01, -5.350e-01, 1.138e+05, 0.000e+00, 4.022e-04, 0.000e+00, 2.068e+00, 9.983e+02, 1.767e-07
1.150e-01, 5.000e-01, -5.250e-01, 1.137e+05, 0.000e+00, 3.734e-04, 0.000e+00, 2.066e+00, 9.983e+02, 1.640e-07
1.150e-01, 5.000e-01, -5.150e-01, 1.136e+05, 0.000e+00, 3.466e-04, 0.000e+00, 2.064e+00, 9.983e+02, 1.522e-07
1.150e-01, 5.000e-01, -5.050e-01, 1.135e+05, 0.000e+00, 3.249e-04, 0.000e+00, 2.063e+00, 9.983e+02, 1.427e-07
1.150e-01, 5.000e-01, -4.950e-01, 1.134e+05, 0.000e+00, 3.095e-04, 0.000e+00, 2.061e+00, 9.983e+02, 1.359e-07
1.150e-01, 5.000e-01, -4.850e-01, 1.135e+05, 0.000e+00, 2.995e-04, 0.000e+00, 2.063e+00, 9.983e+02, 1.289e-07
1.150e-01, 5.000e-01, -4.750e-01, 1.135e+05, 0.000e+00, 2.936e-04, 0.000e+00, 2.061e+00, 9.983e+02, 1.260e-07
1.150e-01, 5.000e-01, -4.650e-01, 1.134e+05, 0.000e+00, 2.908e-04, 0.000e+00, 2.059e+00, 9.983e+02, 1.248e-07
1.150e-01, 5.000e-01, -4.550e-01, 1.130e+05, 0.000e+00, 2.912e-04, 0.000e+00, 2.052e+00, 9.983e+02, 1.250e-07
1.150e-01, 5.000e-01, -4.450e-01, 1.129e+05, 0.000e+00, 2.882e-04, 0.000e+00, 2.050e+00, 9.983e+02, 1.237e-07
1.150e-01, 5.000e-01, -4.350e-01, 1.128e+05, 0.000e+00, 2.766e-04, 0.000e+00, 2.048e+00, 9.983e+02, 1.187e-07
1.150e-01, 5.000e-01, -4.250e-01, 1.127e+05, 0.000e+00, 2.623e-04, 0.000e+00, 2.047e+00, 9.983e+02, 1.126e-07
1.150e-01, 5.000e-01, -4.150e-01, 1.126e+05, 0.000e+00, 2.483e-04, 0.000e+00, 2.045e+00, 9.983e+02, 1.066e-07
1.150e-01, 5.000e-01, -4.050e-01, 1.125e+05, 0.000e+00, 2.349e-04, 0.000e+00, 2.043e+00, 9.983e+02, 1.008e-07
1.150e-01, 5.000e-01, -3.950e-01, 1.124e+05, 0.000e+00, 2.214e-04, 0.000e+00, 2.041e+00, 9.983e+02, 9.503e-08
1.150e-01, 5.000e-01, -3.850e-01, 1.123e+05, 0.000e+00, 2.069e-04, 0.000e+00, 2.039e+00, 9.983e+02, 8.883e-08
1.150e-01, 5.000e-01, -3.750e-01, 1.122e+05, 0.000e+00, 1.907e-04, 0.000e+00, 2.038e+00, 9.983e+02, 8.187e-08
1.150e-01, 5.000e-01, -3.650e-01, 1.121e+05, 0.000e+00, 1.722e-04, 0.000e+00, 2.036e+00, 9.983e+02, 7.390e-08
1.150e-01, 5.000e-01, -3.550e-01, 1.120e+05, 0.000e+00, 1.517e-04, 0.000e+00, 2.034e+00, 9.983e+02, 6.757e-08
1.150e-01, 5.000e-01, -3.450e-01, 1.119e+05, 0.000e+00, 1.300e-04, 0.000e+00, 2.033e+00, 9.983e+02, 5.840e-08
1.150e-01, 5.000e-01, -3.350e-01, 1.118e+05, 0.000e+00, 1.078e-04, 0.000e+00, 2.031e+00, 9.983e+02, 4.843e-08
1.150e-01, 5.000e-01, -3.250e-01, 1.117e+05, 0.000e+00, 8.612e-05, 0.000e+00, 2.029e+00, 9.983e+02, 3.869e-08
1.150e-01, 5.000e-01, -3.150e-01, 1.116e+05, 0.000e+00, 6.585e-05, 0.000e+00, 2.027e+00, 9.983e+02, 2.958e-08
1.150e-01, 5.000e-01, -3.050e-01, 1.115e+05, 0.000e+00, 4.785e-05, 0.000e+00, 2.025e+00, 9.983e+02, 2.149e-08
1.150e-01, 5.000e-01, -2.950e-01, 1.114e+05, 0.000e+00, 3.279e-05, 0.000e+00, 2.024e+00, 9.983e+02, 1.473e-08
1.150e-01, 5.000e-01, -2.850e-01, 1.113e+05, 0.000e+00, 2.110e-05, 0.000e+00, 2.022e+00, 9.983e+02, 9.481e-09
1.150e-01, 5.000e-01, -2.750e-01, 1.113e+05, 0.000e+00, 1.299e-05, 0.000e+00, 2.021e+00, 9.983e+02, 5.761e-09
1.150e-01, 5.000e-01, -2.650e-01, 1.112e+05, 0.000e+00, 7.702e-06, 0.000e+00, 2.020e+00, 9.983e+02, 3.383e-09
1.150e-01, 5.000e-01, -2.550e-01, 1.111e+05, 0.000e+00, 4.426e-06, 0.000e+00, 2.018e+00, 9.983e+02, 1.944e-09
1.150e-01, 5.000e-01, -2.450e-01, 1.110e+05, 0.000e+00, 2.522e-06, 0.000e+00, 2.016e+00, 9.983e+02, 1.108e-09
1.150e-01, 5.000e-01, -2.350e-01, 1.109e+05, 0.000e+00, 1.461e-06, 0.000e+00, 2.014e+00, 9.983e+02, 6.416e-10
1.150e-01, 5.000e-01, -2.250e-01, 1.108e+05, 0.000e+00, 8.711e-07, 0.000e+00, 2.012e+00, 9.983e+02, 3.826e-10
1.150e-01, 5.000e-01, -2.150e-01, 1.107e+05, 0.000e+00, 5.330e-07, 0.000e+00, 2.011e+00, 9.983e+02, 2.341e-10
1.150e-01, 5.000e-01, -2.050e-01, 1.106e+05, 0.000e+00, 3.355e-07, 0.000e+00, 2.009e+00, 9.983e+02, 1.474e-10
1.150e-01, 5.000e-01, -1.950e-01, 1.107e+05, 0.000e+00, 2.357e-07, 0.000e+00, 2.011e+00, 9.983e+02, 1.016e-10
1.150e-01, 5.000e-01, -1.850e-01, 1.106e+05, 0.000e+00, 1.651e-07, 0.000e+00, 2.009e+00, 9.983e+02, 7.086e-11
1.150e-01, 5.000e-01, -1.750e-01, 1.105e+05, 0.000e+00, 1.106e-07, 0.000e+00, 2.007e+00, 9.983e+02, 4.748e-11
1.150e-01, 5.000e-01, -1.650e-01, 1.104e+05, 0.000e+00, 6.993e-08, 0.000e+00, 2.005e+00, 9.983e+02, 3.002e-11
1.150e-01, 5.000e-01, -1.550e-01, 1.103e+05, 0.000e+00, 4.199e-08, 0.000e+00, 2.004e+00, 9.983e+02, 1.802e-11
1.150e-01, 5.000e-01, -1.450e-01, 1.102e+05, 0.000e+00, 2.535e-08, 0.000e+00, 2.002e+00, 9.983e+02, 1.088e-11
1.150e-01, 5.000e-01, -1.350e-01, 1.113e+05, 0.000e+00, 1.789e-08, 0.000e+00, 2.022e+00, 9.983e+02, 7.817e-12
1.150e-01, 5.000e-01, -1.250e-01, 1.112e+05, 0.000e+00, 1.222e-08, 0.000e+00, 2.020e+00, 9.983e+02, 5.367e-12
1.150e-01, 5.000e-01, -1.150e-01, 1.111e+05, 0.000e+00, 7.792e-09, 0.000e+00, 2.018e+00, 9.983e+02, 3.423e-12
1.150e-01, 5.000e-01, -1.050e-01, 1.110e+05, 0.000e+00, 4.588e-09, 0.000e+00, 2.017e+00, 9.983e+02, 2.015e-12
1.150e-01, 5.000e-01, -9.500e-02, 1.109e+05, 0.000e+00, 2.485e-09, 0.000e+00, 2.015e+00, 9.983e+02, 1.092e-12
1.150e-01, 5.000e-01, -8.500e-02, 1.108e+05, 0.000e+00, 1.238e-09, 0.000e+00, 2.013e+00, 9.983e+02, 5.437e-13
1.150e-01, 5.000e-01, -7.500e-02, 1.107e+05, 0.000e+00, 5.685e-10, 0.000e+00, 2.011e+00, 9.983e+02, 2.497e-13
1.150e-01, 5.000e-01, -6.500e-02, 1.106e+05, 0.000e+00, 2.416e-10, 0.000e+00, 2.009e+00, 9.983e+02, 1.061e-13
1.150e-01, 5.000e-01, -5.500e-02, 1.105e+05, 0.000e+00, 9.545e-11, 0.000e+00, 2.008e+00, 9.983e+02, 4.193e-14
1.150e-01, 5.000e-01, -4.500e-02, 1.104e+05, 0.000e+00, 3.524e-11, 0.000e+00, 2.006e+00, 9.983e+02, 1.548e-14
1.150e-01, 5.000e-01, -3.500e-02, 1.103e+05, 0.000e+00, 1.224e-11, 0.000e+00, 2.004e+00, 9.983e+02, 5.374e-15
1.150e-01, 5.000e-01, -2.500e-02, 1.102e+05, 0.000e+00, 4.045e-12, 0.000e+00, 2.002e+00, 9.983e+02, 1.777e-15
1.150e-01, 5.000e-01, -1.500e-02, 1.101e+05, 0.000e+00, 1.321e-12, 0.000e+00, 2.000e+00, 9.983e+02, 5.801e-16
1.150e-01, 5.000e-01, -5.000e-03, 1.100e+05, 0.000e+00, 5.081e-13, 0.000e+00, 1.999e+00, 9.983e+02, 2.232e-16
1.250e-01, 5.000e-01, -1.195e+00, 1.202e+05, 0.000e+00, 1.002e-13, 0.000e+00, 2.184e+00, 9.983e+02, 2.000e-17
1.250e-01, 5.000e-01, -1.185e+00, 1.201e+05, 0.000e+00, 1.002e-13, 0.000e+00, 2.182e+00, 9.983e+02, 2.000e-17
1.250e-01, 5.000e-01, -1.175e+00, 1.200e+05, 0.000e+00, 1.002e-13, 0.000e+00, 2.181e+00, 9.983e+02, 2.000e-17
1.250e-01, 5.000e-01, -1.165e+00, 1.199e+05, 0.000e+00, 1.002e-13, 0.000e+00, 2.179e+00, 9.983e+02, 2.000e-17
1.250e-01, 5.000e-01, -1.155e+00, 1.198e+05, 0.000e+00, 1.002e-13, 0.000e+00, 2.177e+00, 9.983e+02, 2.000e-17
1.250e-01, 5.000e-01, -1.145e+00, 1.197e+05, 0.000e+00, 1.002e-13, 0.000e+00, 2.175e+00, 9.983e+02, 2.000e-17
1.250e-01, 5.000e-01, -1.135e+00, 1.196e+05, 0.000e+00, 1.002e-13, 0.000e+00, 2.173e+00, 9.983e+02, 2.000e-17
1.250e-01, 5.000e-01, -1.125e+00, 1.195e+05, 0.000e+00, 1.002e-13, 0.000e+00, 2.172e+00, 9.983e+02, 2.000e-17
1.250e-01, 5.000e-01, -1.115e+00, 1.194e+05, 0.000e+00, 6.037e-10, 0.000e+00, 2.170e+00, 9.983e+02, 2.180e-13
1.250e-01, 5.000e-01, -1.105e+00, 1.193e+05, 0.000e+00, 6.276e-04, 0.000e+00, 2.168e+00, 9.984e+02, 2.089e-07
1.250e-01, 5.000e-01, -1.095e+00, 1.192e+05, 0.000e+00, 6.434e-04, 0.000e+00, 2.167e+00, 9.984e+02, 2.762e-07
1.250e-01, 5.000e-01, -1.085e+00, 1.191e+05, 0.000e+00, 6.464e-04, 0.000e+00, 2.165e+00, 9.984e+02, 2.775e-07
1.250e-01, 5.000e-01, -1.075e+00, 1.190e+05, 0.000e+00, 6.420e-04, 0.000e+00, 2.163e+00, 9.984e+02, 2.756e-07
1.250e-01, 5.000e-01, -1.065e+00, 1.189e+05, 0.000e+00, 6.243e-04, 0.000e+00, 2.161e+00, 9.984e+02, 2.680e-07
1.250e-01, 5.000e-01, -1.055e+00, 1.188e+05, 0.000e+00, 5.887e-04, 0.000e+00, 2.159e+00, 9.984e+02, 2.527e-07
1.250e-01, 5.000e-01, -1.045e+00, 1.187e+05, 0.000e+00, 5.356e-04, 0.000e+00, 2.158e+00, 9.984e+02, 2.300e-07
1.250e-01, 5.000e-01, -1.035e+00, 1.186e+05, 0.000e+00, 4.711e-04, 0.000e+00, 2.156e+00, 9.983e+02, 2.023e-07
1.250e-01, 5.000e-01, -1.025e+00, 1.185e+05, 0.000e+00, 4.025e-04, 0.000e+00, 2.154e+00, 9.983e+02, 1.728e-07
1.250e-01, 5.000e-01, -1.015e+00, 1.185e+05, 0.000e+00, 3.349e-04, 0.000e+00, 2.152e+00, 9.983e+02, 1.438e-07
1.250e-01, 5.000e-01, -1.005e+00, 1.184e+05, 0.000e+00, 2.697e-04, 0.000e+00, 2.150e+00, 9.983e+02, 1.158e-07
1.250e-01, 5.000e-01, -9.950e-01, 1.183e+05, 0.000e+00, 2.079e-04, 0.000e+00, 2.149e+00, 9.983e+02, 8.923e-08
1.250e-01, 5.000e-01, -9.850e-01, 1.182e+05, 0.000e+00, 1.514e-04, 0.000e+00, 2.147e+00, 9.983e+02, 6.497e-08
1.250e-01, 5.000e-01, -9.750e-01, 1.181e+05, 0.000e+00, 1.027e-04, 0.000e+00, 2.145e+00, 9.983e+02, 4.408e-08
1.250e-01, 5.000e-01, -9.650e-01, 1.180e+05, 0.000e+00, 6.407e-05, 0.000e+00, 2.143e+00, 9.983e+02, 2.750e-08
1.250e-01, 5.000e-01, -9.550e-01, 1.179e+05, 0.000e+00, 3.630e-05, 0.000e+00, 2.141e+00, 9.983e+02, 1.558e-08
1.250e-01, 5.000e-01, -9.450e-01, 1.178e+05, 0.000e+00, 1.846e-05, 0.000e+00, 2.140e+00, 9.983e+02, 7.922e-09
1.250e-01, 5.000e-01, -9.350e-01, 1.177e+05, 0.000e+00, 8.334e-06, 0.000e+00, 2.138e+00, 9.983e+02, 3.577e-09
1.250e-01, 5.000e-01, -9.250e-01, 1.176e+05, 0.000e+00, 3.308e-06, 0.000e+00, 2.136e+00, 9.983e+02, 1.420e-09
1.250e-01, 5.000e-01, -9.150e-01, 1.175e+05, 0.000e+00, 1.144e-06, 0.000e+00, 2.134e+00, 9.983e+02, 4.912e-10
1.250e-01, 5.000e-01, -9.050e-01, 1.174e+05, 0.000e+00, 3.421e-07, 0.000e+00, 2.132e+00, 9.983e+02, 1.468e-10
1.250e-01, 5.000e-01, -8.950e-01, 1.173e+05, 0.000e+00, 8.752e-08, 0.000e+00, 2.131e+00, 9.983e+02, 3.757e-11
1.250e-01, 5.000e-01, -8.850e-01, 1.172e+05, 0.000e+00, 1.861e-08, 0.000e+00, 2.129e+00, 9.983e+02, 8.064e-12
1.250e-01, 5.000e-01, -8.750e-01, 1.186e+05, 0.000e+00, 4.044e-09, 0.000e+00, 2.154e+00, 9.983e+02, 1.776e-12
1.250e-01, 5.000e-01, -8.650e-01, 1.185e+05, 0.000e+00, 1.035e-09, 0.000e+00, 2.153e+00, 9.983e+02, 4.548e-13
1.250e-01, 5.000e-01, -8.550e-01, 1.184e+05, 0.000e+00, 1.098e-09, 0.000e+00, 2.151e+00, 9.983e+02, 4.823e-13
1.250e-01, 5.000e-01, -8.450e-01, 1.183e+05, 0.000e+00, 3.696e-09, 0.000e+00, 2.149e+00, 9.983e+02, 1.624e-12
1.250e-01, 5.000e-01, -8.350e-01, 1.182e+05, 0.000e+00, 1.355e-08, 0.000e+00, 2.147e+00, 9.983e+02, 5.952e-12
1.250e-01, 5.000e-01, -8.250e-01, 1.181e+05, 0.000e+00, 4.750e-08, 0.000e+00, 2.145e+00, 9.983e+02, 2.086e-11
1.250e-01, 5.000e-01, -8.150e-01, 1.180e+05, 0.000e+00, 1.577e-07, 0.000e+00, 2.144e+00, 9.983e+02, 6.927e-11
1.250e-01, 5.000e-01, -8.050e-01, 1.179e+05, 0.000e+00, 4.940e-07, 0.000e+00, 2.142e+00, 9.983e+02, 2.170e-10
1.250e-01, 5.000e-01, -7.950e-01, 1.178e+05, 0.000e+00, 1.453e-06, 0.000e+00, 2.140e+00, 9.983e+02, 6.383e-10
1.250e-01, 5.000e-01, -7.850e-01, 1.177e+05, 0.000e+00, 3.993e-06, 0.000e+00, 2.138e+00, 9.983e+02, 1.754e-09
1.250e-01, 5.000e-01, -7.750e-01, 1.176e+05, 0.000e+00, 1.019e-05, 0.000e+00, 2.136e+00, 9.983e+02, 4.476e-09
1.250e-01, 5.000e-01, -7.650e-01, 1.175e+05, 0.000e+00, 2.399e-05, 0.000e+00, 2.135e+00, 9.983e+02, 1.054e-08
1.250e-01, 5.000e-01, -7.550e-01, 1.174e+05, 0.000e+00, 5.176e-05, 0.000e+00, 2.133e+00, 9.983e+02, 2.273e-08
1.250e-01, 5.000e-01, -7.450e-01, 1.173e+05, 0.000e+00, 1.017e-04, 0.000e+00, 2.131e+00, 9.983e+02, 4.466e-08
1.250e-01, 5.000e-01, -7.350e-01, 1.172e+05, 0.000e+00, 1.806e-04, 0.000e+00, 2.129e+00, 9.983e+02, 7.935e-08
1.250e-01, 5.000e-01, -7.250e-01, 1.171e+05, 0.000e+00, 2.883e-04, 0.000e+00, 2.127e+00, 9.983e+02, 1.266e-07
1.250e-01, 5.000e-01, -7.150e-01, 1.155e+05, 0.000e+00, 4.071e-04, 0.000e+00, 2.099e+00, 9.983e+02, 1.823e-07
1.250e-01, 5.000e-01, -7.050e-01, 1.154e+05, 0.000e+00, 4.692e-04, 0.000e+00, 2.097e+00, 9.983e+02, 2.108e-07
1.250e-01, 5.000e-01, -6.950e-01, 1.153e+05, 0.000e+00, 4.858e-04, 0.000e+00, 2.095e+00, 9.984e+02, 2.182e-07
1.250e-01, 5.000e-01, -6.850e-01, 1.152e+05, 0.000e+00, 4.797e-04, 0.000e+00, 2.093e+00, 9.983e+02, 2.155e-07
1.250e-01, 5.000e-01, -6.750e-01, 1.151e+05, 0.000e+00, 4.698e-04, 0.000e+00, 2.092e+00, 9.983e+02, 2.110e-07
1.250e-01, 5.000e-01, -6.650e-01, 1.150e+05, 0.000e+00, 4.621e-04, 0.000e+00, 2.090e+00, 9.983e+02, 2.076e-07
1.250e-01, 5.000e-01, -6.550e-01, 1.149e+05, 0.000e+00, 4.571e-04, 0.000e+00, 2.088e+00, 9.983e+02, 2.054e-07
1.250e-01, 5.000e-01, -6.450e-01, 1.148e+05, 0.000e+00, 4.540e-04, 0.000e+00, 2.086e+00, 9.983e+02, 2.040e-07
1.250e-01, 5.000e-01, -6.350e-01, 1.147e+05, 0.000e+00, 4.523e-04, 0.000e+00, 2.084e+00, 9.983e+02, 2.032e-07
1.250e-01, 5.000e-01, -6.250e-01, 1.146e+05, 0.000e+00, 4.517e-04, 0.000e+00, 2.083e+00, 9.983e+02, 2.029e-07
1.250e-01, 5.000e-01, -6.150e-01, 1.145e+05, 0.000e+00, 4.521e-04, 0.000e+00, 2.081e+00, 9.983e+02, 2.031e-07
1.250e-01, 5.000e-01, -6.050e-01, 1.144e+05, 0.000e+00, 4.535e-04, 0.000e+00, 2.079e+00, 9.983e+02, 2.037e-07
1.250e-01, 5.000e-01, -5.950e-01, 1.144e+05, 0.000e+00, 4.563e-04, 0.000e+00, 2.077e+00, 9.983e+02, 2.050e-07
1.250e-01, 5.000e-01, -5.850e-01, 1.143e+05, 0.000e+00, 4.609e-04, 0.000e+00, 2.077e+00, 9.983e+02, 2.034e-07
1.250e-01, 5.000e-01, -5.750e-01, 1.142e+05, 0.000e+00, 4.608e-04, 0.000e+00, 2.075e+00, 9.983e+02, 2.024e-07
1.250e-01, 5.000e-01, -5.650e-01, 1.141e+05, 0.000e+00, 4.547e-04, 0.000e+00, 2.073e+00, 9.983e+02, 1.997e-07
1.250e-01, 5.000e-01, -5.550e-01, 1.140e+05, 0.000e+00, 4.414e-04, 0.000e+00, 2.071e+00, 9.983e+02, 1.939e-07
1.250e-01, 5.000e-01, -5.450e-01, 1.139e+05, 0.000e+00, 4.204e-04, 0.000e+00, 2.070e+00, 9.983e+02, 1.847e-07
1.250e-01, 5.000e-01, -5.350e-01, 1.138e+05, 0.000e+00, 3.934e-04, 0.000e+00, 2.068e+00, 9.983e+02, 1.728e-07
1.250e-01, 5.000e-01, -5.250e-01, 1.137e+05, 0.000e+00, 3.653e-04, 0.000e+00, 2.066e+00, 9.983e+02, 1.604e-07
1.250e-01, 5.000e-01, -5.150e-01, 1.136e+05, 0.000e+00, 3.404e-04, 0.000e+00, 2.064e+00, 9.983e+02, 1.495e-07
1.250e-01, 5.000e-01, -5.050e-01, 1.135e+05, 0.000e+00, 3.210e-04, 0.000e+00, 2.063e+00, 9.983e+02, 1.410e-07
1.250e-01, 5.000e-01, -4.950e-01, 1.134e+05, 0.000e+00, 3.078e-04, 0.000e+00, 2.061e+00, 9.983e+02, 1.352e-07
1.250e-01, 5.000e-01, -4.850e-01, 1.135e+05, 0.000e+00, 2.997e-04, 0.000e+00, 2.063e+00, 9.983e+02, 1.288e-07
1.250e-01, 5.000e-01, -4.750e-01, 1.135e+05, 0.000e+00, 2.957e-04, 0.000e+00, 2.061e+00, 9.983e+02, 1.269e-07
1.250e-01, 5.000e-01, -4.650e-01, 1.134e+05, 0.000e+00, 2.949e-04, 0.000e+00, 2.059e+00, 9.983e+02, 1.266e-07
1.250e-01, 5.000e-01, -4.550e-01, 1.130e+05, 0.000e+00, 2.971e-04, 0.000e+00, 2.052e+00, 9.983e+02, 1.275e-07
1.250e-01, 5.000e-01, -4.450e-01, 1.129e+05, 0.000e+00, 2.944e-04, 0.000e+00, 2.050e+00, 9.983e+02, 1.264e-07
1.250e-01, 5.000e-01, -4.350e-01, 1.128e+05, 0.000e+00, 2.824e-04, 0.000e+00, 2.048e+00, 9.983e+02, 1.212e-07
1.250e-01, 5.000e-01, -4.250e-01, 1.127e+05, 0.000e+00, 2.669e-04, 0.000e+00, 2.047e+00, 9.983e+02, 1.146e-07
1.250e-01, 5.000e-01, -4.150e-01, 1.126e+05, 0.000e+00, 2.515e-04, 0.000e+00, 2.045e+00, 9.983e+02, 1.080e-07
1.250e-01, 5.000e-01, -4.050e-01, 1.125e+05, 0.000e+00, 2.372e-04, 0.000e+00, 2.043e+00, 9.983e+02, 1.018e-07
1.250e-01, 5.000e-01, -3.950e-01, 1.124e+05, 0.000e+00, 2.236e-04, 0.000e+00, 2.041e+00, 9.983e+02, 9.599e-08
1.250e-01, 5.000e-01, -3.850e-01, 1.123e+05, 0.000e+00, 2.097e-04, 0.000e+00, 2.039e+00, 9.983e+02, 9.000e-08
1.250e-01, 5.000e-01, -3.750e-01, 1.122e+05, 0.000e+00, 1.943e-04, 0.000e+00, 2.038e+00, 9.983e+02, 8.342e-08
1.250e-01, 5.000e-01, -3.650e-01, 1.121e+05, 0.000e+00, 1.766e-04, 0.000e+00, 2.036e+00, 9.983e+02, 7.582e-08
1.250e-01, 5.000e-01, -3.550e-01, 1.120e+05, 0.000e+00, 1.561e-04, 0.000e+00, 2.034e+00, 9.983e+02, 6.932e-08
1.250e-01, 5.000e-01, -3.450e-01, 1.119e+05, 0.000e+00, 1.342e-04, 0.000e+00, 2.033e+00, 9.983e+02, 6.029e-08
1.250e-01, 5.000e-01, -3.350e-01, 1.118e+05, 0.000e+00, 1.117e-04, 0.000e+00, 2.031e+00, 9.983e+02, 5.019e-08
1.250e-01, 5.000e-01, -3.250e-01, 1.117e+05, 0.000e+00, 8.977e-05, 0.000e+00, 2.029e+00, 9.983e+02, 4.033e-08
1.250e-01, 5.000e-01, -3.150e-01, 1.116e+05, 0.000e+00, 6.925e-05, 0.000e+00, 2.027e+00, 9.983e+02, 3.111e-08
1.250e-01, 5.000e-01, -3.050e-01, 1.115e+05, 0.000e+00, 5.096e-05, 0.000e+00, 2.025e+00, 9.983e+02, 2.289e-08
1.250e-01, 5.000e-01, -2.950e-01, 1.114e+05, 0.000e+00, 3.553e-05, 0.000e+00, 2.024e+00, 9.983e+02, 1.596e-08
1.250e-01, 5.000e-01, -2.850e-01, 1.113e+05, 0.000e+00, 2.341e-05, 0.000e+00, 2.022e+00, 9.983e+02, 1.051e-08
1.250e-01, 5.000e-01, -2.750e-01, 1.113e+05, 0.000e+00, 1.492e-05, 0.000e+00, 2.021e+00, 9.983e+02, 6.618e-09
1.250e-01, 5.000e-01, -2.650e-01, 1.112e+05, 0.000e+00, 9.301e-06, 0.000e+00, 2.020e+00, 9.983e+02, 4.085e-09
1.250e-01, 5.000e-01, -2.550e-01, 1.111e+05, 0.000e+00, 5.699e-06, 0.000e+00, 2.018e+00, 9.983e+02, 2.503e-09
1.250e-01, 5.000e-01, -2.450e-01, 1.110e+05, 0.000e+00, 3.507e-06, 0.000e+00, 2.016e+00, 9.983e+02, 1.541e-09
1.250e-01, 5.000e-01, -2.350e-01, 1.109e+05, 0.000e+00, 2.201e-06, 0.000e+00, 2.014e+00, 9.983e+02, 9.669e-10
1.250e-01, 5.000e-01, -2.250e-01, 1.108e+05, 0.000e+00, 1.409e-06, 0.000e+00, 2.012e+00, 9.983e+02, 6.191e-10
1.250e-01, 5.000e-01, -2.150e-01, 1.107e+05, 0.000e+00, 9.091e-07, 0.000e+00, 2.011e+00, 9.983e+02, 3.993e-10
1.250e-01, 5.000e-01, -2.050e-01, 1.106e+05, 0.000e+00, 5.930e-07, 0.000e+00, 2.009e+00, 9.983e+02, 2.605e-10
1.250e-01, 5.000e-01, -1.950e-01, 1.107e+05, 0.000e+00, 4.271e-07, 0.000e+00, 2.011e+00, 9.983e+02, 1.845e-10
1.250e-01, 5.000e-01, -1.850e-01, 1.106e+05, 0.000e+00, 3.051e-07, 0.000e+00, 2.009e+00, 9.983e+02, 1.310e-10
1.250e-01, 5.000e-01, -1.750e-01, 1.105e+05, 0.000e+00, 2.077e-07, 0.000e+00, 2.007e+00, 9.983e+02, 8.914e-11
1.250e-01, 5.000e-01, -1.650e-01, 1.104e+05, 0.000e+00, 1.331e-07, 0.000e+00, 2.005e+00, 9.983e+02, 5.715e-11
1.250e-01, 5.000e-01, -1.550e-01, 1.103e+05, 0.000e+00, 8.097e-08, 0.000e+00, 2.004e+00, 9.983e+02, 3.476e-11
1.250e-01, 5.000e-01, -1.450e-01, 1.102e+05, 0.000e+00, 4.953e-08, 0.000e+00, 2.002e+00, 9.983e+02, 2.126e-11
1.250e-01, 5.000e-01, -1.350e-01, 1.113e+05, 0.000e+00, 3.555e-08, 0.000e+00, 2.022e+00, 9.983e+02, 1.556e-11
1.250e-01, 5.000e-01, -1.250e-01, 1.112e+05, 0.000e+00, 2.434e-08, 0.000e+00, 2.020e+00, 9.983e+02, 1.069e-11
1.250e-01, 5.000e-01, -1.150e-01, 1.111e+05, 0.000e+00, 1.549e-08, 0.000e+00, 2.018e+00, 9.983e+02, 6.804e-12
1.250e-01, 5.000e-01, -1.050e-01, 1.110e+05, 0.000e+00, 9.090e-09, 0.000e+00, 2.017e+00, 9.983e+02, 3.993e-12
1.250e-01, 5.000e-01, -9.500e-02, 1.109e+05, 0.000e+00, 4.905e-09, 0.000e+00, 2.015e+00, 9.983e+02, 2.155e-12
1.250e-01, 5.000e-01, -8.500e-02, 1.108e+05, 0.000e+00, 2.435e-09, 0.000e+00, 2.013e+00, 9.983e+02, 1.070e-12
1.250e-01, 5.000e-01, -7.500e-02, 1.107e+05, 0.000e+00, 1.115e-09, 0.000e+00, 2.011e+00, 9.983e+02, 4.898e-13
1.250e-01, 5.000e-01, -6.500e-02, 1.106e+05, 0.000e+00, 4.727e-10, 0.000e+00, 2.009e+00, 9.983e+02, 2.076e-13
1.250e-01, 5.000e-01, -5.500e-02, 1.105e+05, 0.000e+00, 1.863e-10, 0.000e+00, 2.008e+00, 9.983e+02, 8.183e-14
1.250e-01, 5.000e-01, -4.500e-02, 1.104e+05, 0.000e+00, 6.860e-11, 0.000e+00, 2.006e+00, 9.983e+02, 3.013e-14
1.250e-01, 5.000e-01, -3.500e-02, 1.103e+05, 0.000e+00, 2.373e-11, 0.000e+00, 2.004e+00, 9.983e+02, 1.042e-14
1.250e-01, 5.000e-01, -2.500e-02, 1.102e+05, 0.000e+00, 7.775e-12, 0.000e+00, 2.002e+00, 9.983e+02, 3.415e-15
1.250e-01, 5.000e-01, -1.500e-02, 1.101e+05, 0.000e+00, 2.482e-12, 0.000e+00, 2.000e+00, 9.983e+02, 1.090e-15
1.250e-01, 5.000e-01, -5.000e-03, 1.100e+05, 0.000e+00, 9.121e-13, 0.000e+00, 1.999e+00, 9.983e+02, 4.006e-16
1.350e-01, 5.000e-01, -1.195e+00, 1.202e+05, 0.000e+00, 1.002e-13, 0.000e+00, 2.184e+00, 9.983e+02, 2.000e-17
1.350e-01, 5.000e-01, -1.185e+00, 1.201e+05, 0.000e+00, 1.002e-13, 0.000e+00, 2.182e+00, 9.983e+02, 2.000e-17
1.350e-01, 5.000e-01, -1.175e+00, 1.200e+05, 0.000e+00, 1.002e-13, 0.000e+00, 2.181e+00, 9.983e+02, 2.000e-17
1.350e-01, 5.000e-01, -1.165e+00, 1.199e+05, 0.000e+00, 1.002e-13, 0.000e+00, 2.179e+00, 9.983e+02, 2.000e-17
1.350e-01, 5.000e-01, -1.155e+00, 1.198e+05, 0.000e+00, 1.002e-13, 0.000e+00, 2.177e+00, 9.983e+02, 2.000e-17
1.350e-01, 5.000e-01, -1.145e+00, 1.197e+05, 0.000e+00, 1.002e-13, 0.000e+00, 2.175e+00, 9.983e+02, 2.000e-17
1.350e-01, 5.000e-01, -1.135e+00, 1.196e+05, 0.000e+00, 1.002e-13, 0.000e+00, 2.173e+00, 9.983e+02, 2.000e-17
1.350e-01, 5.000e-01, -1.125e+00, 1.195e+05, 0.000e+00, 1.002e-13, 0.000e+00, 2.172e+00, 9.983e+02, 2.000e-17
1.350e-01, 5.000e-01, -1.115e+00, 1.194e+05, 0.000e+00, 6.113e-10, 0.000e+00, 2.170e+00, 9.983e+02, 2.510e-13
1.350e-01, 5.000e-01, -1.105e+00, 1.193e+05, 0.000e+00, 6.371e-04, 0.000e+00, 2.168e+00, 9.984e+02, 2.585e-07
1.350e-01, 5.000e-01, -1.095e+00, 1.192e+05, 0.000e+00, 6.484e-04, 0.000e+00, 2.167e+00, 9.984e+02, 2.784e-07
1.350e-01, 5.000e-01, -1.085e+00, 1.191e+05, 0.000e+00, 6.511e-04, 0.000e+00, 2.165e+00, 9.984e+02, 2.795e-07
1.350e-01, 5.000e-01, -1.075e+00, 1.190e+05, 0.000e+00, 6.461e-04, 0.000e+00, 2.163e+00, 9.984e+02, 2.774e-07
1.350e-01, 5.000e-01, -1.065e+00, 1.189e+05, 0.000e+00, 6.284e-04, 0.000e+00, 2.161e+00, 9.984e+02, 2.698e-07
1.350e-01, 5.000e-01, -1.055e+00, 1.188e+05, 0.000e+00, 5.939e-04, 0.000e+00, 2.159e+00, 9.984e+02, 2.550e-07
1.350e-01, 5.000e-01, -1.045e+00, 1.187e+05, 0.000e+00, 5.423e-04, 0.000e+00, 2.158e+00, 9.984e+02, 2.328e-07
1.350e-01, 5.000e-01, -1.035e+00, 1.186e+05, 0.000e+00, 4.782e-04, 0.000e+00, 2.156e+00, 9.984e+02, 2.053e-07
1.350e-01, 5.000e-01, -1.025e+00, 1.185e+05, 0.000e+00, 4.086e-04, 0.000e+00, 2.154e+00, 9.983e+02, 1.754e-07
1.350e-01, 5.000e-01, -1.015e+00, 1.185e+05, 0.000e+00, 3.389e-04, 0.000e+00, 2.152e+00, 9.983e+02, 1.455e-07
1.350e-01, 5.000e-01, -1.005e+00, 1.184e+05, 0.000e+00, 2.721e-04, 0.000e+00, 2.150e+00, 9.983e+02, 1.168e-07
1.350e-01, 5.000e-01, -9.950e-01, 1.183e+05, 0.000e+00, 2.093e-04, 0.000e+00, 2.149e+00, 9.983e+02, 8.983e-08
1.350e-01, 5.000e-01, -9.850e-01, 1.182e+05, 0.000e+00, 1.522e-04, 0.000e+00, 2.147e+00, 9.983e+02, 6.532e-08
1.350e-01, 5.000e-01, -9.750e-01, 1.181e+05, 0.000e+00, 1.032e-04, 0.000e+00, 2.145e+00, 9.983e+02, 4.430e-08
1.350e-01, 5.000e-01, -9.650e-01, 1.180e+05, 0.000e+00, 6.435e-05, 0.000e+00, 2.143e+00, 9.983e+02, 2.762e-08
1.350e-01, 5.000e-01, -9.550e-01, 1.179e+05, 0.000e+00, 3.640e-05, 0.000e+00, 2.141e+00, 9.983e+02, 1.562e-08
1.350e-01, 5.000e-01, -9.450e-01, 1.178e+05, 0.000e+00, 1.844e-05, 0.000e+00, 2.140e+00, 9.983e+02, 7.914e-09
1.350e-01, 5.000e-01, -9.350e-01, 1.177e+05, 0.000e+00, 8.262e-06, 0.000e+00, 2.138e+00, 9.983e+02, 3.547e-09
1.350e-01, 5.000e-01, -9.250e-01, 1.176e+05, 0.000e+00, 3.239e-06, 0.000e+00, 2.136e+00, 9.983e+02, 1.390e-09
1.350e-01, 5.000e-01, -9.150e-01, 1.175e+05, 0.000e+00, 1.100e-06, 0.000e+00, 2.134e+00, 9.983e+02, 4.720e-10
1.350e-01, 5.000e-01, -9.050e-01, 1.174e+05, 0.000e+00, 3.213e-07, 0.000e+00, 2.132e+00, 9.983e+02, 1.379e-10
1.350e-01, 5.000e-01, -8.950e-01, 1.173e+05, 0.000e+00, 8.060e-08, 0.000e+00, 2.131e+00, 9.983e+02, 3.460e-11
1.350e-01, 5.000e-01, -8.850e-01, 1.187e+05, 0.000e+00, 1.710e-08, 0.000e+00, 2.156e+00, 9.983e+02, 7.440e-12
1.350e-01, 5.000e-01, -8.750e-01, 1.186e+05, 0.000e+00, 3.747e-09, 0.000e+00, 2.154e+00, 9.983e+02, 1.646e-12
1.350e-01, 5.000e-01, -8.650e-01, 1.185e+05, 0.000e+00, 1.235e-09, 0.000e+00, 2.153e+00, 9.983e+02, 5.425e-13
1.350e-01, 5.000e-01, -8.550e-01, 1.184e+05, 0.000e+00, 2.153e-09, 0.000e+00, 2.151e+00, 9.983e+02, 9.455e-13
1.350e-01, 5.000e-01, -8.450e-01, 1.183e+05, 0.000e+00, 7.556e-09, 0.000e+00, 2.149e+00, 9.983e+02, 3.319e-12
1.350e-01, 5.000e-01, -8.350e-01, 1.182e+05, 0.000e+00, 2.671e-08, 0.000e+00, 2.147e+00, 9.983e+02, 1.173e-11
1.350e-01, 5.000e-01, -8.250e-01, 1.181e+05, 0.000e+00, 8.965e-08, 0.000e+00, 2.145e+00, 9.983e+02, 3.938e-11
1.350e-01, 5.000e-01, -8.150e-01, 1.180e+05, 0.000e+00, 2.841e-07, 0.000e+00, 2.144e+00, 9.983e+02, 1.248e-10
1.350e-01, 5.000e-01, -8.050e-01, 1.179e+05, 0.000e+00, 8.474e-07, 0.000e+00, 2.142e+00, 9.983e+02, 3.722e-10
1.350e-01, 5.000e-01, -7.950e-01, 1.178e+05, 0.000e+00, 2.368e-06, 0.000e+00, 2.140e+00, 9.983e+02, 1.040e-09
1.350e-01, 5.000e-01, -7.850e-01, 1.177e+05, 0.000e+00, 6.172e-06, 0.000e+00, 2.138e+00, 9.983e+02, 2.711e-09
1.350e-01, 5.000e-01, -7.750e-01, 1.176e+05, 0.000e+00, 1.492e-05, 0.000e+00, 2.136e+00, 9.983e+02, 6.551e-09
1.350e-01, 5.000e-01, -7.650e-01, 1.175e+05, 0.000e+00, 3.322e-05, 0.000e+00, 2.135e+00, 9.983e+02, 1.459e-08
1.350e-01, 5.000e-01, -7.550e-01, 1.174e+05, 0.000e+00, 6.780e-05, 0.000e+00, 2.133e+00, 9.983e+02, 2.978e-08
1.350e-01, 5.000e-01, -7.450e-01, 1.173e+05, 0.000e+00, 1.260e-04, 0.000e+00, 2.131e+00, 9.983e+02, 5.535e-08
1.350e-01, 5.000e-01, -7.350e-01, 1.172e+05, 0.000e+00, 2.121e-04, 0.000e+00, 2.129e+00, 9.983e+02, 9.318e-08
1.350e-01, 5.000e-01, -7.250e-01, 1.171e+05, 0.000e+00, 3.219e-04, 0.000e+00, 2.127e+00, 9.983e+02, 1.415e-07
1.350e-01, 5.000e-01, -7.150e-01, 1.155e+05, 0.000e+00, 4.336e-04, 0.000e+00, 2.099e+00, 9.983e+02, 1.947e-07
1.350e-01, 5.000e-01, -7.050e-01, 1.154e+05, 0.000e+00, 4.835e-04, 0.000e+00, 2.097e+00, 9.983e+02, 2.172e-07
1.350e-01, 5.000e-01, -6.950e-01, 1.153e+05, 0.000e+00, 4.928e-04, 0.000e+00, 2.095e+00, 9.984e+02, 2.214e-07
1.350e-01, 5.000e-01, -6.850e-01, 1.152e+05, 0.000e+00, 4.821e-04, 0.000e+00, 2.093e+00, 9.983e+02, 2.166e-07
1.350e-01, 5.000e-01, -6.750e-01, 1.151e+05, 0.000e+00, 4.699e-04, 0.000e+00, 2.092e+00, 9.983e+02, 2.111e-07
1.350e-01, 5.000e-01, -6.650e-01, 1.150e+05, 0.000e+00, 4.612e-04, 0.000e+00, 2.090e+00, 9.983e+02, 2.072e-07
1.350e-01, 5.000e-01, -6.550e-01, 1.149e+05, 0.000e+00, 4.558e-04, 0.000e+00, 2.088e+00, 9.983e+02, 2.048e-07
1.350e-01, 5.000e-01, -6.450e-01, 1.148e+05, 0.000e+00, 4.526e-04, 0.000e+00, 2.086e+00, 9.983e+02, 2.033e-07
1.350e-01, 5.000e-01, -6.350e-01, 1.147e+05, 0.000e+00, 4.510e-04, 0.000e+00, 2.084e+00, 9.983e+02, 2.026e-07
1.350e-01, 5.000e-01, -6.250e-01, 1.146e+05, 0.000e+00, 4.507e-04, 0.000e+00, 2.083e+00, 9.983e+02, 2.025e-07
1.350e-01, 5.000e-01, -6.150e-01, 1.145e+05, 0.000e+00, 4.517e-04, 0.000e+00, 2.081e+00, 9.983e+02, 2.029e-07
1.350e-01, 5.000e-01, -6.050e-01, 1.144e+05, 0.000e+00, 4.539e-04, 0.000e+00, 2.079e+00, 9.983e+02, 2.039e-07
1.350e-01, 5.000e-01, -5.950e-01, 1.144e+05, 0.000e+00, 4.572e-04, 0.000e+00, 2.077e+00, 9.983e+02, 2.054e-07
1.350e-01, 5.000e-01, -5.850e-01, 1.143e+05, 0.000e+00, 4.603e-04, 0.000e+00, 2.077e+00, 9.983e+02, 2.029e-07
1.350e-01, 5.000e-01, -5.750e-01, 1.142e+05, 0.000e+00, 4.596e-04, 0.000e+00, 2.075e+00, 9.983e+02, 2.019e-07
1.350e-01, 5.000e-01, -5.650e-01, 1.141e+05, 0.000e+00, 4.518e-04, 0.000e+00, 2.073e+00, 9.983e+02, 1.984e-07
1.350e-01, 5.000e-01, -5.550e-01, 1.140e+05, 0.000e+00, 4.356e-04, 0.000e+00, 2.071e+00, 9.983e+02, 1.913e-07
1.350e-01, 5.000e-01, -5.450e-01, 1.139e+05, 0.000e+00, 4.121e-04, 0.000e+00, 2.070e+00, 9.983e+02, 1.810e-07
1.350e-01, 5.000e-01, -5.350e-01, 1.138e+05, 0.000e+00, 3.849e-04, 0.000e+00, 2.068e+00, 9.983e+02, 1.691e-07
1.350e-01, 5.000e-01, -5.250e-01, 1.137e+05, 0.000e+00, 3.584e-04, 0.000e+00, 2.066e+00, 9.983e+02, 1.574e-07
1.350e-01, 5.000e-01, -5.150e-01, 1.136e+05, 0.000e+00, 3.358e-04, 0.000e+00, 2.064e+00, 9.983e+02, 1.475e-07
1.350e-01, 5.000e-01, -5.050e-01, 1.135e+05, 0.000e+00, 3.188e-04, 0.000e+00, 2.063e+00, 9.983e+02, 1.400e-07
1.350e-01, 5.000e-01, -4.950e-01, 1.134e+05, 0.000e+00, 3.075e-04, 0.000e+00, 2.061e+00, 9.983e+02, 1.351e-07
1.350e-01, 5.000e-01, -4.850e-01, 1.135e+05, 0.000e+00, 3.011e-04, 0.000e+00, 2.063e+00, 9.983e+02, 1.294e-07
1.350e-01, 5.000e-01, -4.750e-01, 1.135e+05, 0.000e+00, 2.990e-04, 0.000e+00, 2.061e+00, 9.983e+02, 1.283e-07
1.350e-01, 5.000e-01, -4.650e-01, 1.134e+05, 0.000e+00, 3.000e-04, 0.000e+00, 2.059e+00, 9.983e+02, 1.288e-07
1.350e-01, 5.000e-01, -4.550e-01, 1.130e+05, 0.000e+00, 3.034e-04, 0.000e+00, 2.052e+00, 9.983e+02, 1.303e-07
1.350e-01, 5.000e-01, -4.450e-01, 1.129e+05, 0.000e+00, 3.007e-04, 0.000e+00, 2.050e+00, 9.983e+02, 1.291e-07
1.350e-01, 5.000e-01, -4.350e-01, 1.128e+05, 0.000e+00, 2.885e-04, 0.000e+00, 2.048e+00, 9.983e+02, 1.238e-07
1.350e-01, 5.000e-01, -4.250e-01, 1.127e+05, 0.000e+00, 2.722e-04, 0.000e+00, 2.047e+00, 9.983e+02, 1.169e-07
1.350e-01, 5.000e-01, -4.150e-01, 1.126e+05, 0.000e+00, 2.553e-04, 0.000e+00, 2.045e+00, 9.983e+02, 1.096e-07
1.350e-01, 5.000e-01, -4.050e-01, 1.125e+05, 0.000e+00, 2.398e-04, 0.000e+00, 2.043e+00, 9.983e+02, 1.029e-07
1.350e-01, 5.000e-01, -3.950e-01, 1.124e+05, 0.000e+00, 2.256e-04, 0.000e+00, 2.041e+00, 9.983e+02, 9.683e-08
1.350e-01, 5.000e-01, -3.850e-01, 1.123e+05, 0.000e+00, 2.118e-04, 0.000e+00, 2.039e+00, 9.983e+02, 9.091e-08
1.350e-01, 5.000e-01, -3.750e-01, 1.122e+05, 0.000e+00, 1.973e-04, 0.000e+00, 2.038e+00, 9.983e+02, 8.469e-08
1.350e-01, 5.000e-01, -3.650e-01, 1.121e+05, 0.000e+00, 1.808e-04, 0.000e+00, 2.036e+00, 9.983e+02, 7.760e-08
1.350e-01, 5.000e-01, -3.550e-01, 1.120e+05, 0.000e+00, 1.611e-04, 0.000e+00, 2.034e+00, 9.983e+02, 7.127e-08
1.350e-01, 5.000e-01, -3.450e-01, 1.119e+05, 0.000e+00, 1.392e-04, 0.000e+00, 2.033e+00, 9.983e+02, 6.252e-08
1.350e-01, 5.000e-01, -3.350e-01, 1.118e+05, 0.000e+00, 1.165e-04, 0.000e+00, 2.031e+00, 9.983e+02, 5.233e-08
1.350e-01, 5.000e-01, -3.250e-01, 1.117e+05, 0.000e+00, 9.425e-05, 0.000e+00, 2.029e+00, 9.983e+02, 4.234e-08
1.350e-01, 5.000e-01, -3.150e-01, 1.116e+05, 0.000e+00, 7.341e-05, 0.000e+00, 2.027e+00, 9.983e+02, 3.298e-08
1.350e-01, 5.000e-01, -3.050e-01, 1.115e+05, 0.000e+00, 5.475e-05, 0.000e+00, 2.025e+00, 9.983e+02, 2.459e-08
1.350e-01, 5.000e-01, -2.950e-01, 1.114e+05, 0.000e+00, 3.887e-05, 0.000e+00, 2.024e+00, 9.983e+02, 1.746e-08
1.350e-01, 5.000e-01, -2.850e-01, 1.113e+05, 0.000e+00, 2.625e-05, 0.000e+00, 2.022e+00, 9.983e+02, 1.179e-08
1.350e-01, 5.000e-01, -2.750e-01, 1.113e+05, 0.000e+00, 1.739e-05, 0.000e+00, 2.021e+00, 9.983e+02, 7.713e-09
1.350e-01, 5.000e-01, -2.650e-01, 1.112e+05, 0.000e+00, 1.144e-05, 0.000e+00, 2.020e+00, 9.983e+02, 5.023e-09
1.350e-01, 5.000e-01, -2.550e-01, 1.111e+05, 0.000e+00, 7.484e-06, 0.000e+00, 2.018e+00, 9.983e+02, 3.287e-09
1.350e-01, 5.000e-01, -2.450e-01, 1.110e+05, 0.000e+00, 4.951e-06, 0.000e+00, 2.016e+00, 9.983e+02, 2.174e-09
1.350e-01, 5.000e-01, -2.350e-01, 1.109e+05, 0.000e+00, 3.327e-06, 0.000e+00, 2.014e+00, 9.983e+02, 1.461e-09
1.350e-01, 5.000e-01, -2.250e-01, 1.108e+05, 0.000e+00, 2.249e-06, 0.000e+00, 2.012e+00, 9.983e+02, 9.879e-10
1.350e-01, 5.000e-01, -2.150e-01, 1.107e+05, 0.000e+00, 1.507e-06, 0.000e+00, 2.011e+00, 9.983e+02, 6.620e-10
1.350e-01, 5.000e-01, -2.050e-01, 1.106e+05, 0.000e+00, 1.008e-06, 0.000e+00, 2.009e+00, 9.983e+02, 4.428e-10
1.350e-01, 5.000e-01, -1.950e-01, 1.107e+05, 0.000e+00, 7.372e-07, 0.000e+00, 2.011e+00, 9.983e+02, 3.190e-10
1.350e-01, 5.000e-01, -1.850e-01, 1.106e+05, 0.000e+00, 5.365e-07, 0.000e+00, 2.009e+00, 9.983e+02, 2.303e-10
1.350e-01, 5.000e-01, -1.750e-01, 1.105e+05, 0.000e+00, 3.709e-07, 0.000e+00, 2.007e+00, 9.983e+02, 1.592e-10
1.350e-01, 5.000e-01, -1.650e-01, 1.104e+05, 0.000e+00, 2.410e-07, 0.000e+00, 2.005e+00, 9.983e+02, 1.035e-10
1.350e-01, 5.000e-01, -1.550e-01, 1.103e+05, 0.000e+00, 1.484e-07, 0.000e+00, 2.004e+00, 9.983e+02, 6.371e-11
1.350e-01, 5.000e-01, -1.450e-01, 1.102e+05, 0.000e+00, 9.175e-08, 0.000e+00, 2.002e+00, 9.983e+02, 3.938e-11
1.350e-01, 5.000e-01, -1.350e-01, 1.113e+05, 0.000e+00, 6.645e-08, 0.000e+00, 2.022e+00, 9.983e+02, 2.913e-11
1.350e-01, 5.000e-01, -1.250e-01, 1.112e+05, 0.000e+00, 4.538e-08, 0.000e+00, 2.020e+00, 9.983e+02, 1.993e-11
1.350e-01, 5.000e-01, -1.150e-01, 1.111e+05, 0.000e+00, 2.873e-08, 0.000e+00, 2.018e+00, 9.983e+02, 1.262e-11
1.350e-01, 5.000e-01, -1.050e-01, 1.110e+05, 0.000e+00, 1.677e-08, 0.000e+00, 2.017e+00, 9.983e+02, 7.364e-12
1.350e-01, 5.000e-01, -9.500e-02, 1.109e+05, 0.000e+00, 9.000e-09, 0.000e+00, 2.015e+00, 9.983e+02, 3.953e-12
1.350e-01, 5.000e-01, -8.500e-02, 1.108e+05, 0.000e+00, 4.448e-09, 0.000e+00, 2.013e+00, 9.983e+02, 1.954e-12
1.350e-01, 5.000e-01, -7.500e-02, 1.107e+05, 0.000e+00, 2.028e-09, 0.000e+00, 2.011e+00, 9.983e+02, 8.910e-13
1.350e-01, 5.000e-01, -6.500e-02, 1.106e+05, 0.000e+00, 8.570e-10, 0.000e+00, 2.009e+00, 9.983e+02, 3.764e-13
1.350e-01, 5.000e-01, -5.500e-02, 1.105e+05, 0.000e+00, 3.368e-10, 0.000e+00, 2.008e+00, 9.983e+02, 1.479e-13
1.350e-01, 5.000e-01, -4.500e-02, 1.104e+05, 0.000e+00, 1.237e-10, 0.000e+00, 2.006e+00, 9.983e+02, 5.433e-14
1.350e-01, 5.000e-01, -3.500e-02, 1.103e+05, 0.000e+00, 4.264e-11, 0.000e+00, 2.004e+00, 9.983e+02, 1.873e-14
1.350e-01, 5.000e-01, -2.500e-02, 1.102e+05, 0.000e+00, 1.390e-11, 0.000e+00, 2.002e+00, 9.983e+02, 6.107e-15
1.350e-01, 5.000e-01, -1.500e-02, 1.101e+05, 0.000e+00, 4.386e-12, 0.000e+00, 2.000e+00, 9.983e+02, 1.927e-15
1.350e-01, 5.000e-01, -5.000e-03, 1.100e+05, 0.000e+00, 1.575e-12, 0.000e+00, 1.999e+00, 9.983e+02, 6.920e-16
1.450e-01, 5.000e-01, -1.195e+00, 1.202e+05, 0.000e+00, 1.002e-13, 0.000e+00, 2.184e+00, 9.983e+02, 2.000e-17
1.450e-01, 5.000e-01, -1.185e+00, 1.201e+05, 0.000e+00, 1.002e-13, 0.000e+00, 2.182e+00, 9.983e+02, 2.000e-17
1.450e-01, 5.000e-01, -1.175e+00, 1.200e+05, 0.000e+00, 1.002e-13, 0.000e+00, 2.181e+00, 9.983e+02, 2.000e-17
1.450e-01, 5.000e-01, -1.165e+00, 1.199e+05, 0.000e+00, 1.002e-13, 0.000e+00, 2.179e+00, 9.983e+02, 2.000e-17
1.450e-01, 5.000e-01, -1.155e+00, 1.198e+05, 0.000e+00, 1.002e-13, 0.000e+00, 2.177e+00, 9.983e+02, 2.000e-17
1.450e-01, 5.000e-01, -1.145e+00, 1.197e+05, 0.000e+00, 1.002e-13, 0.000e+00, 2.175e+00, 9.983e+02, 2.000e-17
1.450e-01, 5.000e-01, -1.135e+00, 1.196e+05, 0.000e+00, 1.002e-13, 0.000e+00, 2.173e+00, 9.983e+02, 2.000e-17
1.450e-01, 5.000e-01, -1.125e+00, 1.195e+05, 0.000e+00, 1.002e-13, 0.000e+00, 2.172e+00, 9.983e+02, 2.000e-17
1.450e-01, 5.000e-01, -1.115e+00, 1.194e+05, 0.000e+00, 7.915e-10, 0.000e+00, 2.170e+00, 9.983e+02, 3.092e-13
1.450e-01, 5.000e-01, -1.105e+00, 1.193e+05, 0.000e+00, 6.490e-04, 0.000e+00, 2.168e+00, 9.984e+02, 2.786e-07
1.450e-01, 5.000e-01, -1.095e+00, 1.192e+05, 0.000e+00, 6.531e-04, 0.000e+00, 2.167e+00, 9.984e+02, 2.804e-07
1.450e-01, 5.000e-01, -1.085e+00, 1.191e+05, 0.000e+00, 6.553e-04, 0.000e+00, 2.165e+00, 9.984e+02, 2.813e-07
1.450e-01, 5.000e-01, -1.075e+00, 1.190e+05, 0.000e+00, 6.499e-04, 0.000e+00, 2.163e+00, 9.984e+02, 2.790e-07
1.450e-01, 5.000e-01, -1.065e+00, 1.189e+05, 0.000e+00, 6.320e-04, 0.000e+00, 2.161e+00, 9.984e+02, 2.713e-07
1.450e-01, 5.000e-01, -1.055e+00, 1.188e+05, 0.000e+00, 5.982e-04, 0.000e+00, 2.159e+00, 9.984e+02, 2.568e-07
1.450e-01, 5.000e-01, -1.045e+00, 1.187e+05, 0.000e+00, 5.481e-04, 0.000e+00, 2.158e+00, 9.984e+02, 2.353e-07
1.450e-01, 5.000e-01, -1.035e+00, 1.186e+05, 0.000e+00, 4.849e-04, 0.000e+00, 2.156e+00, 9.984e+02, 2.081e-07
1.450e-01, 5.000e-01, -1.025e+00, 1.185e+05, 0.000e+00, 4.148e-04, 0.000e+00, 2.154e+00, 9.983e+02, 1.781e-07
1.450e-01, 5.000e-01, -1.015e+00, 1.185e+05, 0.000e+00, 3.435e-04, 0.000e+00, 2.152e+00, 9.983e+02, 1.475e-07
1.450e-01, 5.000e-01, -1.005e+00, 1.184e+05, 0.000e+00, 2.751e-04, 0.000e+00, 2.150e+00, 9.983e+02, 1.181e-07
1.450e-01, 5.000e-01, -9.950e-01, 1.183e+05, 0.000e+00, 2.112e-04, 0.000e+00, 2.149e+00, 9.983e+02, 9.064e-08
1.450e-01, 5.000e-01, -9.850e-01, 1.182e+05, 0.000e+00, 1.534e-04, 0.000e+00, 2.147e+00, 9.983e+02, 6.584e-08
1.450e-01, 5.000e-01, -9.750e-01, 1.181e+05, 0.000e+00, 1.040e-04, 0.000e+00, 2.145e+00, 9.983e+02, 4.462e-08
1.450e-01, 5.000e-01, -9.650e-01, 1.180e+05, 0.000e+00, 6.478e-05, 0.000e+00, 2.143e+00, 9.983e+02, 2.781e-08
1.450e-01, 5.000e-01, -9.550e-01, 1.179e+05, 0.000e+00, 3.658e-05, 0.000e+00, 2.141e+00, 9.983e+02, 1.570e-08
1.450e-01, 5.000e-01, -9.450e-01, 1.178e+05, 0.000e+00, 1.845e-05, 0.000e+00, 2.140e+00, 9.983e+02, 7.919e-09
1.450e-01, 5.000e-01, -9.350e-01, 1.177e+05, 0.000e+00, 8.198e-06, 0.000e+00, 2.138e+00, 9.983e+02, 3.519e-09
1.450e-01, 5.000e-01, -9.250e-01, 1.176e+05, 0.000e+00, 3.166e-06, 0.000e+00, 2.136e+00, 9.983e+02, 1.359e-09
1.450e-01, 5.000e-01, -9.150e-01, 1.175e+05, 0.000e+00, 1.051e-06, 0.000e+00, 2.134e+00, 9.983e+02, 4.510e-10
1.450e-01, 5.000e-01, -9.050e-01, 1.174e+05, 0.000e+00, 2.972e-07, 0.000e+00, 2.132e+00, 9.983e+02, 1.276e-10
1.450e-01, 5.000e-01, -8.950e-01, 1.173e+05, 0.000e+00, 7.220e-08, 0.000e+00, 2.131e+00, 9.983e+02, 3.099e-11
1.450e-01, 5.000e-01, -8.850e-01, 1.187e+05, 0.000e+00, 1.538e-08, 0.000e+00, 2.156e+00, 9.983e+02, 6.713e-12
1.450e-01, 5.000e-01, -8.750e-01, 1.186e+05, 0.000e+00, 3.475e-09, 0.000e+00, 2.154e+00, 9.983e+02, 1.526e-12
1.450e-01, 5.000e-01, -8.650e-01, 1.185e+05, 0.000e+00, 1.729e-09, 0.000e+00, 2.153e+00, 9.983e+02, 7.595e-13
1.450e-01, 5.000e-01, -8.550e-01, 1.184e+05, 0.000e+00, 4.302e-09, 0.000e+00, 2.151e+00, 9.983e+02, 1.890e-12
1.450e-01, 5.000e-01, -8.450e-01, 1.183e+05, 0.000e+00, 1.514e-08, 0.000e+00, 2.149e+00, 9.983e+02, 6.651e-12
1.450e-01, 5.000e-01, -8.350e-01, 1.182e+05, 0.000e+00, 5.175e-08, 0.000e+00, 2.147e+00, 9.983e+02, 2.273e-11
1.450e-01, 5.000e-01, -8.250e-01, 1.181e+05, 0.000e+00, 1.672e-07, 0.000e+00, 2.145e+00, 9.983e+02, 7.344e-11
1.450e-01, 5.000e-01, -8.150e-01, 1.180e+05, 0.000e+00, 5.086e-07, 0.000e+00, 2.144e+00, 9.983e+02, 2.234e-10
1.450e-01, 5.000e-01, -8.050e-01, 1.179e+05, 0.000e+00, 1.452e-06, 0.000e+00, 2.142e+00, 9.983e+02, 6.377e-10
1.450e-01, 5.000e-01, -7.950e-01, 1.178e+05, 0.000e+00, 3.873e-06, 0.000e+00, 2.140e+00, 9.983e+02, 1.701e-09
1.450e-01, 5.000e-01, -7.850e-01, 1.177e+05, 0.000e+00, 9.611e-06, 0.000e+00, 2.138e+00, 9.983e+02, 4.221e-09
1.450e-01, 5.000e-01, -7.750e-01, 1.176e+05, 0.000e+00, 2.207e-05, 0.000e+00, 2.136e+00, 9.983e+02, 9.694e-09
1.450e-01, 5.000e-01, -7.650e-01, 1.175e+05, 0.000e+00, 4.663e-05, 0.000e+00, 2.135e+00, 9.983e+02, 2.048e-08
1.450e-01, 5.000e-01, -7.550e-01, 1.174e+05, 0.000e+00, 9.015e-05, 0.000e+00, 2.133e+00, 9.983e+02, 3.960e-08
1.450e-01, 5.000e-01, -7.450e-01, 1.173e+05, 0.000e+00, 1.585e-04, 0.000e+00, 2.131e+00, 9.983e+02, 6.963e-08
1.450e-01, 5.000e-01, -7.350e-01, 1.172e+05, 0.000e+00, 2.522e-04, 0.000e+00, 2.129e+00, 9.983e+02, 1.108e-07
1.450e-01, 5.000e-01, -7.250e-01, 1.171e+05, 0.000e+00, 3.612e-04, 0.000e+00, 2.127e+00, 9.983e+02, 1.594e-07
1.450e-01, 5.000e-01, -7.150e-01, 1.155e+05, 0.000e+00, 4.594e-04, 0.000e+00, 2.099e+00, 9.983e+02, 2.064e-07
1.450e-01, 5.000e-01, -7.050e-01, 1.154e+05, 0.000e+00, 5.004e-04, 0.000e+00, 2.097e+00, 9.984e+02, 2.248e-07
1.450e-01, 5.000e-01, -6.950e-01, 1.153e+05, 0.000e+00, 5.001e-04, 0.000e+00, 2.095e+00, 9.984e+02, 2.247e-07
1.450e-01, 5.000e-01, -6.850e-01, 1.152e+05, 0.000e+00, 4.848e-04, 0.000e+00, 2.093e+00, 9.984e+02, 2.178e-07
1.450e-01, 5.000e-01, -6.750e-01, 1.151e+05, 0.000e+00, 4.697e-04, 0.000e+00, 2.092e+00, 9.983e+02, 2.110e-07
1.450e-01, 5.000e-01, -6.650e-01, 1.150e+05, 0.000e+00, 4.586e-04, 0.000e+00, 2.090e+00, 9.983e+02, 2.060e-07
1.450e-01, 5.000e-01, -6.550e-01, 1.149e+05, 0.000e+00, 4.513e-04, 0.000e+00, 2.088e+00, 9.983e+02, 2.027e-07
1.450e-01, 5.000e-01, -6.450e-01, 1.148e+05, 0.000e+00, 4.462e-04, 0.000e+00, 2.086e+00, 9.983e+02, 2.004e-07
1.450e-01, 5.000e-01, -6.350e-01, 1.147e+05, 0.000e+00, 4.423e-04, 0.000e+00, 2.084e+00, 9.983e+02, 1.987e-07
1.450e-01, 5.000e-01, -6.250e-01, 1.146e+05, 0.000e+00, 4.392e-04, 0.000e+00, 2.083e+00, 9.983e+02, 1.973e-07
1.450e-01, 5.000e-01, -6.150e-01, 1.145e+05, 0.000e+00, 4.370e-04, 0.000e+00, 2.081e+00, 9.983e+02, 1.963e-07
1.450e-01, 5.000e-01, -6.050e-01, 1.144e+05, 0.000e+00, 4.366e-04, 0.000e+00, 2.079e+00, 9.983e+02, 1.961e-07
1.450e-01, 5.000e-01, -5.950e-01, 1.144e+05, 0.000e+00, 4.392e-04, 0.000e+00, 2.077e+00, 9.983e+02, 1.973e-07
1.450e-01, 5.000e-01, -5.850e-01, 1.143e+05, 0.000e+00, 4.446e-04, 0.000e+00, 2.077e+00, 9.983e+02, 1.957e-07
1.450e-01, 5.000e-01, -5.750e-01, 1.142e+05, 0.000e+00, 4.485e-04, 0.000e+00, 2.075e+00, 9.983e+02, 1.970e-07
1.450e-01, 5.000e-01, -5.650e-01, 1.141e+05, 0.000e+00, 4.432e-04, 0.000e+00, 2.073e+00, 9.983e+02, 1.947e-07
1.450e-01, 5.000e-01, -5.550e-01, 1.140e+05, 0.000e+00, 4.272e-04, 0.000e+00, 2.071e+00, 9.983e+02, 1.877e-07
1.450e-01, 5.000e-01, -5.450e-01, 1.139e+05, 0.000e+00, 4.037e-04, 0.000e+00, 2.070e+00, 9.983e+02, 1.773e-07
1.450e-01, 5.000e-01, -5.350e-01, 1.138e+05, 0.000e+00, 3.778e-04, 0.000e+00, 2.068e+00, 9.983e+02, 1.659e-07
1.450e-01, 5.000e-01, -5.250e-01, 1.137e+05, 0.000e+00, 3.535e-04, 0.000e+00, 2.066e+00, 9.983e+02, 1.553e-07
1.450e-01, 5.000e-01, -5.150e-01, 1.136e+05, 0.000e+00, 3.335e-04, 0.000e+00, 2.064e+00, 9.983e+02, 1.465e-07
1.450e-01, 5.000e-01, -5.050e-01, 1.135e+05, 0.000e+00, 3.186e-04, 0.000e+00, 2.063e+00, 9.983e+02, 1.400e-07
1.450e-01, 5.000e-01, -4.950e-01, 1.134e+05, 0.000e+00, 3.091e-04, 0.000e+00, 2.061e+00, 9.983e+02, 1.357e-07
1.450e-01, 5.000e-01, -4.850e-01, 1.135e+05, 0.000e+00, 3.042e-04, 0.000e+00, 2.063e+00, 9.983e+02, 1.306e-07
1.450e-01, 5.000e-01, -4.750e-01, 1.135e+05, 0.000e+00, 3.037e-04, 0.000e+00, 2.061e+00, 9.983e+02, 1.304e-07
1.450e-01, 5.000e-01, -4.650e-01, 1.134e+05, 0.000e+00, 3.061e-04, 0.000e+00, 2.059e+00, 9.983e+02, 1.314e-07
1.450e-01, 5.000e-01, -4.550e-01, 1.130e+05, 0.000e+00, 3.100e-04, 0.000e+00, 2.052e+00, 9.983e+02, 1.331e-07
1.450e-01, 5.000e-01, -4.450e-01, 1.129e+05, 0.000e+00, 3.067e-04, 0.000e+00, 2.050e+00, 9.983e+02, 1.316e-07
1.450e-01, 5.000e-01, -4.350e-01, 1.128e+05, 0.000e+00, 2.945e-04, 0.000e+00, 2.048e+00, 9.983e+02, 1.264e-07
1.450e-01, 5.000e-01, -4.250e-01, 1.127e+05, 0.000e+00, 2.782e-04, 0.000e+00, 2.047e+00, 9.983e+02, 1.194e-07
1.450e-01, 5.000e-01, -4.150e-01, 1.126e+05, 0.000e+00, 2.602e-04, 0.000e+00, 2.045e+00, 9.983e+02, 1.117e-07
1.450e-01, 5.000e-01, -4.050e-01, 1.125e+05, 0.000e+00, 2.429e-04, 0.000e+00, 2.043e+00, 9.983e+02, 1.043e-07
1.450e-01, 5.000e-01, -3.950e-01, 1.124e+05, 0.000e+00, 2.276e-04, 0.000e+00, 2.041e+00, 9.983e+02, 9.770e-08
1.450e-01, 5.000e-01, -3.850e-01, 1.123e+05, 0.000e+00, 2.135e-04, 0.000e+00, 2.039e+00, 9.983e+02, 9.164e-08
1.450e-01, 5.000e-01, -3.750e-01, 1.122e+05, 0.000e+00, 1.995e-04, 0.000e+00, 2.038e+00, 9.983e+02, 8.564e-08
1.450e-01, 5.000e-01, -3.650e-01, 1.121e+05, 0.000e+00, 1.842e-04, 0.000e+00, 2.036e+00, 9.983e+02, 7.908e-08
1.450e-01, 5.000e-01, -3.550e-01, 1.120e+05, 0.000e+00, 1.660e-04, 0.000e+00, 2.034e+00, 9.983e+02, 7.318e-08
1.450e-01, 5.000e-01, -3.450e-01, 1.119e+05, 0.000e+00, 1.449e-04, 0.000e+00, 2.033e+00, 9.983e+02, 6.508e-08
1.450e-01, 5.000e-01, -3.350e-01, 1.118e+05, 0.000e+00, 1.223e-04, 0.000e+00, 2.031e+00, 9.983e+02, 5.494e-08
1.450e-01, 5.000e-01, -3.250e-01, 1.117e+05, 0.000e+00, 9.979e-05, 0.000e+00, 2.029e+00, 9.983e+02, 4.483e-08
1.450e-01, 5.000e-01, -3.150e-01, 1.116e+05, 0.000e+00, 7.855e-05, 0.000e+00, 2.027e+00, 9.983e+02, 3.528e-08
1.450e-01, 5.000e-01, -3.050e-01, 1.115e+05, 0.000e+00, 5.940e-05, 0.000e+00, 2.025e+00, 9.983e+02, 2.668e-08
1.450e-01, 5.000e-01, -2.950e-01, 1.114e+05, 0.000e+00, 4.297e-05, 0.000e+00, 2.024e+00, 9.983e+02, 1.930e-08
1.450e-01, 5.000e-01, -2.850e-01, 1.113e+05, 0.000e+00, 2.980e-05, 0.000e+00, 2.022e+00, 9.983e+02, 1.339e-08
1.450e-01, 5.000e-01, -2.750e-01, 1.113e+05, 0.000e+00, 2.055e-05, 0.000e+00, 2.021e+00, 9.983e+02, 9.117e-09
1.450e-01, 5.000e-01, -2.650e-01, 1.112e+05, 0.000e+00, 1.429e-05, 0.000e+00, 2.020e+00, 9.983e+02, 6.276e-09
1.450e-01, 5.000e-01, -2.550e-01, 1.111e+05, 0.000e+00, 9.965e-06, 0.000e+00, 2.018e+00, 9.983e+02, 4.377e-09
1.450e-01, 5.000e-01, -2.450e-01, 1.110e+05, 0.000e+00, 7.027e-06, 0.000e+00, 2.016e+00, 9.983e+02, 3.086e-09
1.450e-01, 5.000e-01, -2.350e-01, 1.109e+05, 0.000e+00, 4.987e-06, 0.000e+00, 2.014e+00, 9.983e+02, 2.190e-09
1.450e-01, 5.000e-01, -2.250e-01, 1.108e+05, 0.000e+00, 3.510e-06, 0.000e+00, 2.012e+00, 9.983e+02, 1.542e-09
1.450e-01, 5.000e-01, -2.150e-01, 1.107e+05, 0.000e+00, 2.417e-06, 0.000e+00, 2.011e+00, 9.983e+02, 1.062e-09
1.450e-01, 5.000e-01, -2.050e-01, 1.106e+05, 0.000e+00, 1.646e-06, 0.000e+00, 2.009e+00, 9.983e+02, 7.230e-10
1.450e-01, 5.000e-01, -1.950e-01, 1.107e+05, 0.000e+00, 1.215e-06, 0.000e+00, 2.011e+00, 9.983e+02, 5.266e-10
1.450e-01, 5.000e-01, -1.850e-01, 1.106e+05, 0.000e+00, 8.998e-07, 0.000e+00, 2.009e+00, 9.983e+02, 3.862e-10
1.450e-01, 5.000e-01, -1.750e-01, 1.105e+05, 0.000e+00, 6.314e-07, 0.000e+00, 2.007e+00, 9.983e+02, 2.710e-10
1.450e-01, 5.000e-01, -1.650e-01, 1.104e+05, 0.000e+00, 4.159e-07, 0.000e+00, 2.005e+00, 9.983e+02, 1.785e-10
1.450e-01, 5.000e-01, -1.550e-01, 1.103e+05, 0.000e+00, 2.590e-07, 0.000e+00, 2.004e+00, 9.983e+02, 1.112e-10
1.450e-01, 5.000e-01, -1.450e-01, 1.102e+05, 0.000e+00, 1.613e-07, 0.000e+00, 2.002e+00, 9.983e+02, 6.925e-11
1.450e-01, 5.000e-01, -1.350e-01, 1.113e+05, 0.000e+00, 1.169e-07, 0.000e+00, 2.022e+00, 9.983e+02, 5.130e-11
1.450e-01, 5.000e-01, -1.250e-01, 1.112e+05, 0.000e+00, 7.932e-08, 0.000e+00, 2.020e+00, 9.983e+02, 3.484e-11
1.450e-01, 5.000e-01, -1.150e-01, 1.111e+05, 0.000e+00, 4.983e-08, 0.000e+00, 2.018e+00, 9.983e+02, 2.189e-11
1.450e-01, 5.000e-01, -1.050e-01, 1.110e+05, 0.000e+00, 2.886e-08, 0.000e+00, 2.017e+00, 9.983e+02, 1.268e-11
1.450e-01, 5.000e-01, -9.500e-02, 1.109e+05, 0.000e+00, 1.539e-08, 0.000e+00, 2.015e+00, 9.983e+02, 6.760e-12
1.450e-01, 5.000e-01, -8.500e-02, 1.108e+05, 0.000e+00, 7.562e-09, 0.000e+00, 2.013e+00, 9.983e+02, 3.321e-12
1.450e-01, 5.000e-01, -7.500e-02, 1.107e+05, 0.000e+00, 3.431e-09, 0.000e+00, 2.011e+00, 9.983e+02, 1.507e-12
1.450e-01, 5.000e-01, -6.500e-02, 1.106e+05, 0.000e+00, 1.444e-09, 0.000e+00, 2.009e+00, 9.983e+02, 6.340e-13
1.450e-01, 5.000e-01, -5.500e-02, 1.105e+05, 0.000e+00, 5.652e-10, 0.000e+00, 2.008e+00, 9.983e+02, 2.483e-13
1.450e-01, 5.000e-01, -4.500e-02, 1.104e+05, 0.000e+00, 2.069e-10, 0.000e+00, 2.006e+00, 9.983e+02, 9.087e-14
1.450e-01, 5.000e-01, -3.500e-02, 1.103e+05, 0.000e+00, 7.110e-11, 0.000e+00, 2.004e+00, 9.983e+02, 3.123e-14
1.450e-01, 5.000e-01, -2.500e-02, 1.102e+05, 0.000e+00, 2.309e-11, 0.000e+00, 2.002e+00, 9.983e+02, 1.014e-14
1.450e-01, 5.000e-01, -1.500e-02, 1.101e+05, 0.000e+00, 7.233e-12, 0.000e+00, 2.000e+00, 9.983e+02, 3.177e-15
1.450e-01, 5.000e-01, -5.000e-03, 1.100e+05, 0.000e+00, 2.565e-12, 0.000e+00, 1.999e+00, 9.983e+02, 1.127e-15
1.550e-01, 5.000e-01, -1.195e+00, 1.202e+05, 0.000e+00, 1.002e-13, 0.000e+00, 2.184e+00, 9.983e+02, 2.000e-17
1.550e-01, 5.000e-01, -1.185e+00, 1.201e+05, 0.000e+00, 1.002e-13, 0.000e+00, 2.182e+00, 9.983e+02, 2.000e-17
1.550e-01, 5.000e-01, -1.175e+00, 1.200e+05, 0.000e+00, 1.002e-13, 0.000e+00, 2.181e+00, 9.983e+02, 2.000e-17
1.550e-01, 5.000e-01, -1.165e+00, 1.199e+05, 0.000e+00, 1.002e-13, 0.000e+00, 2.179e+00, 9.983e+02, 2.000e-17
1.550e-01, 5.000e-01, -1.155e+00, 1.198e+05, 0.000e+00, 1.002e-13, 0.000e+00, 2.177e+00, 9.983e+02, 2.000e-17
1.550e-01, 5.000e-01, -1.145e+00, 1.197e+05, 0.000e+00, 1.002e-13, 0.000e+00, 2.175e+00, 9.983e+02, 2.000e-17
1.550e-01, 5.000e-01, -1.135e+00, 1.196e+05, 0.000e+00, 1.002e-13, 0.000e+00, 2.173e+00, 9.983e+02, 2.000e-17
1.550e-01, 5.000e-01, -1.125e+00, 1.195e+05, 0.000e+00, 1.879e-12, 0.000e+00, 2.172e+00, 9.983e+02, 3.752e-16
1.550e-01, 5.000e-01, -1.115e+00, 1.194e+05, 0.000e+00, 6.392e-04, 0.000e+00, 2.170e+00, 9.984e+02, 2.089e-07
1.550e-01, 5.000e-01, -1.105e+00, 1.193e+05, 0.000e+00, 6.536e-04, 0.000e+00, 2.168e+00, 9.984e+02, 2.806e-07
1.550e-01, 5.000e-01, -1.095e+00, 1.192e+05, 0.000e+00, 6.585e-04, 0.000e+00, 2.167e+00, 9.984e+02, 2.827e-07
1.550e-01, 5.000e-01, -1.085e+00, 1.191e+05, 0.000e+00, 6.596e-04, 0.000e+00, 2.165e+00, 9.984e+02, 2.832e-07
1.550e-01, 5.000e-01, -1.075e+00, 1.190e+05, 0.000e+00, 6.532e-04, 0.000e+00, 2.163e+00, 9.984e+02, 2.804e-07
1.550e-01, 5.000e-01, -1.065e+00, 1.189e+05, 0.000e+00, 6.349e-04, 0.000e+00, 2.161e+00, 9.984e+02, 2.726e-07
1.550e-01, 5.000e-01, -1.055e+00, 1.188e+05, 0.000e+00, 6.018e-04, 0.000e+00, 2.159e+00, 9.984e+02, 2.584e-07
1.550e-01, 5.000e-01, -1.045e+00, 1.187e+05, 0.000e+00, 5.530e-04, 0.000e+00, 2.158e+00, 9.984e+02, 2.374e-07
1.550e-01, 5.000e-01, -1.035e+00, 1.186e+05, 0.000e+00, 4.910e-04, 0.000e+00, 2.156e+00, 9.984e+02, 2.108e-07
1.550e-01, 5.000e-01, -1.025e+00, 1.185e+05, 0.000e+00, 4.210e-04, 0.000e+00, 2.154e+00, 9.983e+02, 1.807e-07
1.550e-01, 5.000e-01, -1.015e+00, 1.185e+05, 0.000e+00, 3.486e-04, 0.000e+00, 2.152e+00, 9.983e+02, 1.497e-07
1.550e-01, 5.000e-01, -1.005e+00, 1.184e+05, 0.000e+00, 2.788e-04, 0.000e+00, 2.150e+00, 9.983e+02, 1.197e-07
1.550e-01, 5.000e-01, -9.950e-01, 1.183e+05, 0.000e+00, 2.136e-04, 0.000e+00, 2.149e+00, 9.983e+02, 9.170e-08
1.550e-01, 5.000e-01, -9.850e-01, 1.182e+05, 0.000e+00, 1.550e-04, 0.000e+00, 2.147e+00, 9.983e+02, 6.654e-08
1.550e-01, 5.000e-01, -9.750e-01, 1.181e+05, 0.000e+00, 1.050e-04, 0.000e+00, 2.145e+00, 9.983e+02, 4.507e-08
1.550e-01, 5.000e-01, -9.650e-01, 1.180e+05, 0.000e+00, 6.539e-05, 0.000e+00, 2.143e+00, 9.983e+02, 2.807e-08
1.550e-01, 5.000e-01, -9.550e-01, 1.179e+05, 0.000e+00, 3.685e-05, 0.000e+00, 2.141e+00, 9.983e+02, 1.582e-08
1.550e-01, 5.000e-01, -9.450e-01, 1.178e+05, 0.000e+00, 1.851e-05, 0.000e+00, 2.140e+00, 9.983e+02, 7.944e-09
1.550e-01, 5.000e-01, -9.350e-01, 1.177e+05, 0.000e+00, 8.149e-06, 0.000e+00, 2.138e+00, 9.983e+02, 3.498e-09
1.550e-01, 5.000e-01, -9.250e-01, 1.176e+05, 0.000e+00, 3.096e-06, 0.000e+00, 2.136e+00, 9.983e+02, 1.329e-09
1.550e-01, 5.000e-01, -9.150e-01, 1.175e+05, 0.000e+00, 9.975e-07, 0.000e+00, 2.134e+00, 9.983e+02, 4.282e-10
1.550e-01, 5.000e-01, -9.050e-01, 1.174e+05, 0.000e+00, 2.677e-07, 0.000e+00, 2.132e+00, 9.983e+02, 1.149e-10
1.550e-01, 5.000e-01, -8.950e-01, 1.173e+05, 0.000e+00, 6.060e-08, 0.000e+00, 2.131e+00, 9.983e+02, 2.601e-11
1.550e-01, 5.000e-01, -8.850e-01, 1.187e+05, 0.000e+00, 1.292e-08, 0.000e+00, 2.156e+00, 9.983e+02, 5.658e-12
1.550e-01, 5.000e-01, -8.750e-01, 1.186e+05, 0.000e+00, 3.219e-09, 0.000e+00, 2.154e+00, 9.983e+02, 1.414e-12
1.550e-01, 5.000e-01, -8.650e-01, 1.185e+05, 0.000e+00, 2.765e-09, 0.000e+00, 2.153e+00, 9.983e+02, 1.215e-12
1.550e-01, 5.000e-01, -8.550e-01, 1.184e+05, 0.000e+00, 8.417e-09, 0.000e+00, 2.151e+00, 9.983e+02, 3.697e-12
1.550e-01, 5.000e-01, -8.450e-01, 1.183e+05, 0.000e+00, 2.920e-08, 0.000e+00, 2.149e+00, 9.983e+02, 1.283e-11
1.550e-01, 5.000e-01, -8.350e-01, 1.182e+05, 0.000e+00, 9.671e-08, 0.000e+00, 2.147e+00, 9.983e+02, 4.248e-11
1.550e-01, 5.000e-01, -8.250e-01, 1.181e+05, 0.000e+00, 3.018e-07, 0.000e+00, 2.145e+00, 9.983e+02, 1.326e-10
1.550e-01, 5.000e-01, -8.150e-01, 1.180e+05, 0.000e+00, 8.841e-07, 0.000e+00, 2.144e+00, 9.983e+02, 3.883e-10
1.550e-01, 5.000e-01, -8.050e-01, 1.179e+05, 0.000e+00, 2.424e-06, 0.000e+00, 2.142e+00, 9.983e+02, 1.065e-09
1.550e-01, 5.000e-01, -7.950e-01, 1.178e+05, 0.000e+00, 6.193e-06, 0.000e+00, 2.140e+00, 9.983e+02, 2.720e-09
1.550e-01, 5.000e-01, -7.850e-01, 1.177e+05, 0.000e+00, 1.469e-05, 0.000e+00, 2.138e+00, 9.983e+02, 6.451e-09
1.550e-01, 5.000e-01, -7.750e-01, 1.176e+05, 0.000e+00, 3.216e-05, 0.000e+00, 2.136e+00, 9.983e+02, 1.413e-08
1.550e-01, 5.000e-01, -7.650e-01, 1.175e+05, 0.000e+00, 6.470e-05, 0.000e+00, 2.135e+00, 9.983e+02, 2.842e-08
1.550e-01, 5.000e-01, -7.550e-01, 1.174e+05, 0.000e+00, 1.189e-04, 0.000e+00, 2.133e+00, 9.983e+02, 5.221e-08
1.550e-01, 5.000e-01, -7.450e-01, 1.173e+05, 0.000e+00, 1.984e-04, 0.000e+00, 2.131e+00, 9.983e+02, 8.716e-08
1.550e-01, 5.000e-01, -7.350e-01, 1.172e+05, 0.000e+00, 2.994e-04, 0.000e+00, 2.129e+00, 9.983e+02, 1.315e-07
1.550e-01, 5.000e-01, -7.250e-01, 1.171e+05, 0.000e+00, 4.059e-04, 0.000e+00, 2.127e+00, 9.983e+02, 1.798e-07
1.550e-01, 5.000e-01, -7.150e-01, 1.155e+05, 0.000e+00, 4.855e-04, 0.000e+00, 2.099e+00, 9.984e+02, 2.181e-07
1.550e-01, 5.000e-01, -7.050e-01, 1.154e+05, 0.000e+00, 5.148e-04, 0.000e+00, 2.097e+00, 9.984e+02, 2.313e-07
1.550e-01, 5.000e-01, -6.950e-01, 1.153e+05, 0.000e+00, 5.068e-04, 0.000e+00, 2.095e+00, 9.984e+02, 2.277e-07
1.550e-01, 5.000e-01, -6.850e-01, 1.152e+05, 0.000e+00, 4.880e-04, 0.000e+00, 2.093e+00, 9.984e+02, 2.192e-07
1.550e-01, 5.000e-01, -6.750e-01, 1.151e+05, 0.000e+00, 4.701e-04, 0.000e+00, 2.092e+00, 9.983e+02, 2.112e-07
1.550e-01, 5.000e-01, -6.650e-01, 1.150e+05, 0.000e+00, 4.565e-04, 0.000e+00, 2.090e+00, 9.983e+02, 2.051e-07
1.550e-01, 5.000e-01, -6.550e-01, 1.149e+05, 0.000e+00, 4.466e-04, 0.000e+00, 2.088e+00, 9.983e+02, 2.007e-07
1.550e-01, 5.000e-01, -6.450e-01, 1.148e+05, 0.000e+00, 4.391e-04, 0.000e+00, 2.086e+00, 9.983e+02, 1.973e-07
1.550e-01, 5.000e-01, -6.350e-01, 1.147e+05, 0.000e+00, 4.326e-04, 0.000e+00, 2.084e+00, 9.983e+02, 1.944e-07
1.550e-01, 5.000e-01, -6.250e-01, 1.146e+05, 0.000e+00, 4.267e-04, 0.000e+00, 2.083e+00, 9.983e+02, 1.917e-07
1.550e-01, 5.000e-01, -6.150e-01, 1.145e+05, 0.000e+00, 4.216e-04, 0.000e+00, 2.081e+00, 9.983e+02, 1.894e-07
1.550e-01, 5.000e-01, -6.050e-01, 1.144e+05, 0.000e+00, 4.198e-04, 0.000e+00, 2.079e+00, 9.983e+02, 1.886e-07
1.550e-01, 5.000e-01, -5.950e-01, 1.144e+05, 0.000e+00, 4.244e-04, 0.000e+00, 2.077e+00, 9.983e+02, 1.907e-07
1.550e-01, 5.000e-01, -5.850e-01, 1.143e+05, 0.000e+00, 4.340e-04, 0.000e+00, 2.077e+00, 9.983e+02, 1.908e-07
1.550e-01, 5.000e-01, -5.750e-01, 1.142e+05, 0.000e+00, 4.405e-04, 0.000e+00, 2.075e+00, 9.983e+02, 1.935e-07
1.550e-01, 5.000e-01, -5.650e-01, 1.141e+05, 0.000e+00, 4.356e-04, 0.000e+00, 2.073e+00, 9.983e+02, 1.913e-07
1.550e-01, 5.000e-01, -5.550e-01, 1.140e+05, 0.000e+00, 4.192e-04, 0.000e+00, 2.071e+00, 9.983e+02, 1.841e-07
1.550e-01, 5.000e-01, -5.450e-01, 1.139e+05, 0.000e+00, 3.963e-04, 0.000e+00, 2.070e+00, 9.983e+02, 1.741e-07
1.550e-01, 5.000e-01, -5.350e-01, 1.138e+05, 0.000e+00, 3.725e-04, 0.000e+00, 2.068e+00, 9.983e+02, 1.636e-07
1.550e-01, 5.000e-01, -5.250e-01, 1.137e+05, 0.000e+00, 3.511e-04, 0.000e+00, 2.066e+00, 9.983e+02, 1.542e-07
1.550e-01, 5.000e-01, -5.150e-01, 1.136e+05, 0.000e+00, 3.337e-04, 0.000e+00, 2.064e+00, 9.983e+02, 1.466e-07
1.550e-01, 5.000e-01, -5.050e-01, 1.135e+05, 0.000e+00, 3.210e-04, 0.000e+00, 2.063e+00, 9.983e+02, 1.410e-07
1.550e-01, 5.000e-01, -4.950e-01, 1.134e+05, 0.000e+00, 3.130e-04, 0.000e+00, 2.061e+00, 9.983e+02, 1.374e-07
1.550e-01, 5.000e-01, -4.850e-01, 1.135e+05, 0.000e+00, 3.093e-04, 0.000e+00, 2.063e+00, 9.983e+02, 1.328e-07
1.550e-01, 5.000e-01, -4.750e-01, 1.135e+05, 0.000e+00, 3.101e-04, 0.000e+00, 2.061e+00, 9.983e+02, 1.331e-07
1.550e-01, 5.000e-01, -4.650e-01, 1.134e+05, 0.000e+00, 3.130e-04, 0.000e+00, 2.059e+00, 9.983e+02, 1.344e-07
1.550e-01, 5.000e-01, -4.550e-01, 1.130e+05, 0.000e+00, 3.162e-04, 0.000e+00, 2.052e+00, 9.983e+02, 1.357e-07
1.550e-01, 5.000e-01, -4.450e-01, 1.129e+05, 0.000e+00, 3.120e-04, 0.000e+00, 2.050e+00, 9.983e+02, 1.339e-07
1.550e-01, 5.000e-01, -4.350e-01, 1.128e+05, 0.000e+00, 3.001e-04, 0.000e+00, 2.048e+00, 9.983e+02, 1.288e-07
1.550e-01, 5.000e-01, -4.250e-01, 1.127e+05, 0.000e+00, 2.845e-04, 0.000e+00, 2.047e+00, 9.983e+02, 1.221e-07
1.550e-01, 5.000e-01, -4.150e-01, 1.126e+05, 0.000e+00, 2.662e-04, 0.000e+00, 2.045e+00, 9.983e+02, 1.143e-07
1.550e-01, 5.000e-01, -4.050e-01, 1.125e+05, 0.000e+00, 2.472e-04, 0.000e+00, 2.043e+00, 9.983e+02, 1.061e-07
1.550e-01, 5.000e-01, -3.950e-01, 1.124e+05, 0.000e+00, 2.301e-04, 0.000e+00, 2.041e+00, 9.983e+02, 9.880e-08
1.550e-01, 5.000e-01, -3.850e-01, 1.123e+05, 0.000e+00, 2.151e-04, 0.000e+00, 2.039e+00, 9.983e+02, 9.232e-08
1.550e-01, 5.000e-01, -3.750e-01, 1.122e+05, 0.000e+00, 2.011e-04, 0.000e+00, 2.038e+00, 9.983e+02, 8.632e-08
1.550e-01, 5.000e-01, -3.650e-01, 1.121e+05, 0.000e+00, 1.868e-04, 0.000e+00, 2.036e+00, 9.983e+02, 8.020e-08
1.550e-01, 5.000e-01, -3.550e-01, 1.120e+05, 0.000e+00, 1.704e-04, 0.000e+00, 2.034e+00, 9.983e+02, 7.487e-08
1.550e-01, 5.000e-01, -3.450e-01, 1.119e+05, 0.000e+00, 1.510e-04, 0.000e+00, 2.033e+00, 9.983e+02, 6.785e-08
1.550e-01, 5.000e-01, -3.350e-01, 1.118e+05, 0.000e+00, 1.292e-04, 0.000e+00, 2.031e+00, 9.983e+02, 5.803e-08
1.550e-01, 5.000e-01, -3.250e-01, 1.117e+05, 0.000e+00, 1.066e-04, 0.000e+00, 2.029e+00, 9.983e+02, 4.790e-08
1.550e-01, 5.000e-01, -3.150e-01, 1.116e+05, 0.000e+00, 8.491e-05, 0.000e+00, 2.027e+00, 9.983e+02, 3.814e-08
1.550e-01, 5.000e-01, -3.050e-01, 1.115e+05, 0.000e+00, 6.514e-05, 0.000e+00, 2.025e+00, 9.983e+02, 2.926e-08
1.550e-01, 5.000e-01, -2.950e-01, 1.114e+05, 0.000e+00, 4.804e-05, 0.000e+00, 2.024e+00, 9.983e+02, 2.158e-08
1.550e-01, 5.000e-01, -2.850e-01, 1.113e+05, 0.000e+00, 3.423e-05, 0.000e+00, 2.022e+00, 9.983e+02, 1.538e-08
1.550e-01, 5.000e-01, -2.750e-01, 1.113e+05, 0.000e+00, 2.464e-05, 0.000e+00, 2.021e+00, 9.983e+02, 1.093e-08
1.550e-01, 5.000e-01, -2.650e-01, 1.112e+05, 0.000e+00, 1.810e-05, 0.000e+00, 2.020e+00, 9.983e+02, 7.952e-09
1.550e-01, 5.000e-01, -2.550e-01, 1.111e+05, 0.000e+00, 1.339e-05, 0.000e+00, 2.018e+00, 9.983e+02, 5.882e-09
1.550e-01, 5.000e-01, -2.450e-01, 1.110e+05, 0.000e+00, 9.959e-06, 0.000e+00, 2.016e+00, 9.983e+02, 4.374e-09
1.550e-01, 5.000e-01, -2.350e-01, 1.109e+05, 0.000e+00, 7.366e-06, 0.000e+00, 2.014e+00, 9.983e+02, 3.235e-09
1.550e-01, 5.000e-01, -2.250e-01, 1.108e+05, 0.000e+00, 5.336e-06, 0.000e+00, 2.012e+00, 9.983e+02, 2.344e-09
1.550e-01, 5.000e-01, -2.150e-01, 1.107e+05, 0.000e+00, 3.745e-06, 0.000e+00, 2.011e+00, 9.983e+02, 1.645e-09
1.550e-01, 5.000e-01, -2.050e-01, 1.106e+05, 0.000e+00, 2.583e-06, 0.000e+00, 2.009e+00, 9.983e+02, 1.135e-09
1.550e-01, 5.000e-01, -1.950e-01, 1.107e+05, 0.000e+00, 1.918e-06, 0.000e+00, 2.011e+00, 9.983e+02, 8.327e-10
1.550e-01, 5.000e-01, -1.850e-01, 1.106e+05, 0.000e+00, 1.444e-06, 0.000e+00, 2.009e+00, 9.983e+02, 6.198e-10
1.550e-01, 5.000e-01, -1.750e-01, 1.105e+05, 0.000e+00, 1.028e-06, 0.000e+00, 2.007e+00, 9.983e+02, 4.414e-10
1.550e-01, 5.000e-01, -1.650e-01, 1.104e+05, 0.000e+00, 6.857e-07, 0.000e+00, 2.005e+00, 9.983e+02, 2.943e-10
1.550e-01, 5.000e-01, -1.550e-01, 1.103e+05, 0.000e+00, 4.311e-07, 0.000e+00, 2.004e+00, 9.983e+02, 1.850e-10
1.550e-01, 5.000e-01, -1.450e-01, 1.102e+05, 0.000e+00, 2.696e-07, 0.000e+00, 2.002e+00, 9.983e+02, 1.157e-10
1.550e-01, 5.000e-01, -1.350e-01, 1.113e+05, 0.000e+00, 1.943e-07, 0.000e+00, 2.022e+00, 9.983e+02, 8.507e-11
1.550e-01, 5.000e-01, -1.250e-01, 1.112e+05, 0.000e+00, 1.305e-07, 0.000e+00, 2.020e+00, 9.983e+02, 5.734e-11
1.550e-01, 5.000e-01, -1.150e-01, 1.111e+05, 0.000e+00, 8.121e-08, 0.000e+00, 2.018e+00, 9.983e+02, 3.567e-11
1.550e-01, 5.000e-01, -1.050e-01, 1.110e+05, 0.000e+00, 4.660e-08, 0.000e+00, 2.017e+00, 9.983e+02, 2.047e-11
1.550e-01, 5.000e-01, -9.500e-02, 1.109e+05, 0.000e+00, 2.464e-08, 0.000e+00, 2.015e+00, 9.983e+02, 1.082e-11
1.550e-01, 5.000e-01, -8.500e-02, 1.108e+05, 0.000e+00, 1.202e-08, 0.000e+00, 2.013e+00, 9.983e+02, 5.279e-12
1.550e-01, 5.000e-01, -7.500e-02, 1.107e+05, 0.000e+00, 5.420e-09, 0.000e+00, 2.011e+00, 9.983e+02, 2.381e-12
1.550e-01, 5.000e-01, -6.500e-02, 1.106e+05, 0.000e+00, 2.268e-09, 0.000e+00, 2.009e+00, 9.983e+02, 9.960e-13
1.550e-01, 5.000e-01, -5.500e-02, 1.105e+05, 0.000e+00, 8.837e-10, 0.000e+00, 2.008e+00, 9.983e+02, 3.881e-13
1.550e-01, 5.000e-01, -4.500e-02, 1.104e+05, 0.000e+00, 3.221e-10, 0.000e+00, 2.006e+00, 9.983e+02, 1.415e-13
1.550e-01, 5.000e-01, -3.500e-02, 1.103e+05, 0.000e+00, 1.103e-10, 0.000e+00, 2.004e+00, 9.983e+02, 4.844e-14
1.550e-01, 5.000e-01, -2.500e-02, 1.102e+05, 0.000e+00, 3.567e-11, 0.000e+00, 2.002e+00, 9.983e+02, 1.567e-14
1.550e-01, 5.000e-01, -1.500e-02, 1.101e+05, 0.000e+00, 1.112e-11, 0.000e+00, 2.000e+00, 9.983e+02, 4.883e-15
1.550e-01, 5.000e-01, -5.000e-03, 1.100e+05, 0.000e+00, 3.912e-12, 0.000e+00, 1.999e+00, 9.983e+02, 1.718e-15
1.650e-01, 5.000e-01, -1.195e+00, 1.202e+05, 0.000e+00, 1.002e-13, 0.000e+00, 2.184e+00, 9.983e+02, 2.000e-17
1.650e-01, 5.000e-01, -1.185e+00, 1.201e+05, 0.000e+00, 1.002e-13, 0.000e+00, 2.182e+00, 9.983e+02, 2.000e-17
1.650e-01, 5.000e-01, -1.175e+00, 1.200e+05, 0.000e+00, 1.002e-13, 0.000e+00, 2.181e+00, 9.983e+02, 2.000e-17
1.650e-01, 5.000e-01, -1.165e+00, 1.199e+05, 0.000e+00, 1.002e-13, 0.000e+00, 2.179e+00, 9.983e+02, 2.000e-17
1.650e-01, 5.000e-01, -1.155e+00, 1.198e+05, 0.000e+00, 1.002e-13, 0.000e+00, 2.177e+00, 9.983e+02, 2.000e-17
1.650e-01, 5.000e-01, -1.145e+00, 1.197e+05, 0.000e+00, 1.002e-13, 0.000e+00, 2.175e+00, 9.983e+02, 2.000e-17
1.650e-01, 5.000e-01, -1.135e+00, 1.196e+05, 0.000e+00, 1.002e-13, 0.000e+00, 2.173e+00, 9.983e+02, 2.000e-17
1.650e-01, 5.000e-01, -1.125e+00, 1.195e+05, 0.000e+00, 1.258e-12, 0.000e+00, 2.172e+00, 9.983e+02, 2.519e-16
1.650e-01, 5.000e-01, -1.115e+00, 1.194e+05, 0.000e+00, 6.461e-04, 0.000e+00, 2.170e+00, 9.984e+02, 2.589e-07
1.650e-01, 5.000e-01, -1.105e+00, 1.193e+05, 0.000e+00, 6.577e-04, 0.000e+00, 2.168e+00, 9.984e+02, 2.824e-07
1.650e-01, 5.000e-01, -1.095e+00, 1.192e+05, 0.000e+00, 6.626e-04, 0.000e+00, 2.167e+00, 9.984e+02, 2.845e-07
1.650e-01, 5.000e-01, -1.085e+00, 1.191e+05, 0.000e+00, 6.632e-04, 0.000e+00, 2.165e+00, 9.984e+02, 2.847e-07
1.650e-01, 5.000e-01, -1.075e+00, 1.190e+05, 0.000e+00, 6.560e-04, 0.000e+00, 2.163e+00, 9.984e+02, 2.816e-07
1.650e-01, 5.000e-01, -1.065e+00, 1.189e+05, 0.000e+00, 6.374e-04, 0.000e+00, 2.161e+00, 9.984e+02, 2.736e-07
1.650e-01, 5.000e-01, -1.055e+00, 1.188e+05, 0.000e+00, 6.049e-04, 0.000e+00, 2.159e+00, 9.984e+02, 2.597e-07
1.650e-01, 5.000e-01, -1.045e+00, 1.187e+05, 0.000e+00, 5.574e-04, 0.000e+00, 2.158e+00, 9.984e+02, 2.393e-07
1.650e-01, 5.000e-01, -1.035e+00, 1.186e+05, 0.000e+00, 4.966e-04, 0.000e+00, 2.156e+00, 9.984e+02, 2.132e-07
1.650e-01, 5.000e-01, -1.025e+00, 1.185e+05, 0.000e+00, 4.270e-04, 0.000e+00, 2.154e+00, 9.983e+02, 1.833e-07
1.650e-01, 5.000e-01, -1.015e+00, 1.185e+05, 0.000e+00, 3.541e-04, 0.000e+00, 2.152e+00, 9.983e+02, 1.520e-07
1.650e-01, 5.000e-01, -1.005e+00, 1.184e+05, 0.000e+00, 2.830e-04, 0.000e+00, 2.150e+00, 9.983e+02, 1.215e-07
1.650e-01, 5.000e-01, -9.950e-01, 1.183e+05, 0.000e+00, 2.166e-04, 0.000e+00, 2.149e+00, 9.983e+02, 9.299e-08
1.650e-01, 5.000e-01, -9.850e-01, 1.182e+05, 0.000e+00, 1.571e-04, 0.000e+00, 2.147e+00, 9.983e+02, 6.743e-08
1.650e-01, 5.000e-01, -9.750e-01, 1.181e+05, 0.000e+00, 1.064e-04, 0.000e+00, 2.145e+00, 9.983e+02, 4.566e-08
1.650e-01, 5.000e-01, -9.650e-01, 1.180e+05, 0.000e+00, 6.621e-05, 0.000e+00, 2.143e+00, 9.983e+02, 2.842e-08
1.650e-01, 5.000e-01, -9.550e-01, 1.179e+05, 0.000e+00, 3.725e-05, 0.000e+00, 2.141e+00, 9.983e+02, 1.599e-08
1.650e-01, 5.000e-01, -9.450e-01, 1.178e+05, 0.000e+00, 1.863e-05, 0.000e+00, 2.140e+00, 9.983e+02, 7.996e-09
1.650e-01, 5.000e-01, -9.350e-01, 1.177e+05, 0.000e+00, 8.129e-06, 0.000e+00, 2.138e+00, 9.983e+02, 3.489e-09
1.650e-01, 5.000e-01, -9.250e-01, 1.176e+05, 0.000e+00, 3.036e-06, 0.000e+00, 2.136e+00, 9.983e+02, 1.303e-09
1.650e-01, 5.000e-01, -9.150e-01, 1.175e+05, 0.000e+00, 9.473e-07, 0.000e+00, 2.134e+00, 9.983e+02, 4.066e-10
1.650e-01, 5.000e-01, -9.050e-01, 1.174e+05, 0.000e+00, 2.341e-07, 0.000e+00, 2.132e+00, 9.983e+02, 1.005e-10
1.650e-01, 5.000e-01, -8.950e-01, 1.173e+05, 0.000e+00, 5.051e-08, 0.000e+00, 2.131e+00, 9.983e+02, 2.170e-11
1.650e-01, 5.000e-01, -8.850e-01, 1.187e+05, 0.000e+00, 1.071e-08, 0.000e+00, 2.156e+00, 9.983e+02, 4.702e-12
1.650e-01, 5.000e-01, -8.750e-01, 1.186e+05, 0.000e+00, 3.284e-09, 0.000e+00, 2.154e+00, 9.983e+02, 1.442e-12
1.650e-01, 5.000e-01, -8.650e-01, 1.185e+05, 0.000e+00, 4.788e-09, 0.000e+00, 2.153e+00, 9.983e+02, 2.103e-12
1.650e-01, 5.000e-01, -8.550e-01, 1.184e+05, 0.000e+00, 1.585e-08, 0.000e+00, 2.151e+00, 9.983e+02, 6.960e-12
1.650e-01, 5.000e-01, -8.450e-01, 1.183e+05, 0.000e+00, 5.383e-08, 0.000e+00, 2.149e+00, 9.983e+02, 2.365e-11
1.650e-01, 5.000e-01, -8.350e-01, 1.182e+05, 0.000e+00, 1.731e-07, 0.000e+00, 2.147e+00, 9.983e+02, 7.605e-11
1.650e-01, 5.000e-01, -8.250e-01, 1.181e+05, 0.000e+00, 5.231e-07, 0.000e+00, 2.145e+00, 9.983e+02, 2.298e-10
1.650e-01, 5.000e-01, -8.150e-01, 1.180e+05, 0.000e+00, 1.480e-06, 0.000e+00, 2.144e+00, 9.983e+02, 6.500e-10
1.650e-01, 5.000e-01, -8.050e-01, 1.179e+05, 0.000e+00, 3.907e-06, 0.000e+00, 2.142e+00, 9.983e+02, 1.716e-09
1.650e-01, 5.000e-01, -7.950e-01, 1.178e+05, 0.000e+00, 9.590e-06, 0.000e+00, 2.140e+00, 9.983e+02, 4.212e-09
1.650e-01, 5.000e-01, -7.850e-01, 1.177e+05, 0.000e+00, 2.179e-05, 0.000e+00, 2.138e+00, 9.983e+02, 9.570e-09
1.650e-01, 5.000e-01, -7.750e-01, 1.176e+05, 0.000e+00, 4.561e-05, 0.000e+00, 2.136e+00, 9.983e+02, 2.003e-08
1.650e-01, 5.000e-01, -7.650e-01, 1.175e+05, 0.000e+00, 8.754e-05, 0.000e+00, 2.135e+00, 9.983e+02, 3.845e-08
1.650e-01, 5.000e-01, -7.550e-01, 1.174e+05, 0.000e+00, 1.533e-04, 0.000e+00, 2.133e+00, 9.983e+02, 6.732e-08
1.650e-01, 5.000e-01, -7.450e-01, 1.173e+05, 0.000e+00, 2.435e-04, 0.000e+00, 2.131e+00, 9.983e+02, 1.070e-07
1.650e-01, 5.000e-01, -7.350e-01, 1.172e+05, 0.000e+00, 3.496e-04, 0.000e+00, 2.129e+00, 9.983e+02, 1.536e-07
1.650e-01, 5.000e-01, -7.250e-01, 1.156e+05, 0.000e+00, 4.506e-04, 0.000e+00, 2.101e+00, 9.983e+02, 2.005e-07
1.650e-01, 5.000e-01, -7.150e-01, 1.155e+05, 0.000e+00, 5.102e-04, 0.000e+00, 2.099e+00, 9.984e+02, 2.292e-07
1.650e-01, 5.000e-01, -7.050e-01, 1.154e+05, 0.000e+00, 5.260e-04, 0.000e+00, 2.097e+00, 9.984e+02, 2.363e-07
1.650e-01, 5.000e-01, -6.950e-01, 1.153e+05, 0.000e+00, 5.124e-04, 0.000e+00, 2.095e+00, 9.984e+02, 2.302e-07
1.650e-01, 5.000e-01, -6.850e-01, 1.152e+05, 0.000e+00, 4.913e-04, 0.000e+00, 2.093e+00, 9.984e+02, 2.207e-07
1.650e-01, 5.000e-01, -6.750e-01, 1.151e+05, 0.000e+00, 4.716e-04, 0.000e+00, 2.092e+00, 9.983e+02, 2.119e-07
1.650e-01, 5.000e-01, -6.650e-01, 1.150e+05, 0.000e+00, 4.559e-04, 0.000e+00, 2.090e+00, 9.983e+02, 2.048e-07
1.650e-01, 5.000e-01, -6.550e-01, 1.149e+05, 0.000e+00, 4.438e-04, 0.000e+00, 2.088e+00, 9.983e+02, 1.994e-07
1.650e-01, 5.000e-01, -6.450e-01, 1.148e+05, 0.000e+00, 4.340e-04, 0.000e+00, 2.086e+00, 9.983e+02, 1.950e-07
1.650e-01, 5.000e-01, -6.350e-01, 1.147e+05, 0.000e+00, 4.256e-04, 0.000e+00, 2.084e+00, 9.983e+02, 1.912e-07
1.650e-01, 5.000e-01, -6.250e-01, 1.146e+05, 0.000e+00, 4.183e-04, 0.000e+00, 2.083e+00, 9.983e+02, 1.879e-07
1.650e-01, 5.000e-01, -6.150e-01, 1.145e+05, 0.000e+00, 4.134e-04, 0.000e+00, 2.081e+00, 9.983e+02, 1.857e-07
1.650e-01, 5.000e-01, -6.050e-01, 1.144e+05, 0.000e+00, 4.144e-04, 0.000e+00, 2.079e+00, 9.983e+02, 1.862e-07
1.650e-01, 5.000e-01, -5.950e-01, 1.144e+05, 0.000e+00, 4.233e-04, 0.000e+00, 2.077e+00, 9.983e+02, 1.900e-07
1.650e-01, 5.000e-01, -5.850e-01, 1.143e+05, 0.000e+00, 4.342e-04, 0.000e+00, 2.077e+00, 9.983e+02, 1.907e-07
1.650e-01, 5.000e-01, -5.750e-01, 1.142e+05, 0.000e+00, 4.377e-04, 0.000e+00, 2.075e+00, 9.983e+02, 1.923e-07
1.650e-01, 5.000e-01, -5.650e-01, 1.141e+05, 0.000e+00, 4.296e-04, 0.000e+00, 2.073e+00, 9.983e+02, 1.887e-07
1.650e-01, 5.000e-01, -5.550e-01, 1.140e+05, 0.000e+00, 4.119e-04, 0.000e+00, 2.071e+00, 9.983e+02, 1.809e-07
1.650e-01, 5.000e-01, -5.450e-01, 1.139e+05, 0.000e+00, 3.903e-04, 0.000e+00, 2.070e+00, 9.983e+02, 1.714e-07
1.650e-01, 5.000e-01, -5.350e-01, 1.138e+05, 0.000e+00, 3.694e-04, 0.000e+00, 2.068e+00, 9.983e+02, 1.623e-07
1.650e-01, 5.000e-01, -5.250e-01, 1.137e+05, 0.000e+00, 3.514e-04, 0.000e+00, 2.066e+00, 9.983e+02, 1.544e-07
1.650e-01, 5.000e-01, -5.150e-01, 1.136e+05, 0.000e+00, 3.370e-04, 0.000e+00, 2.064e+00, 9.983e+02, 1.480e-07
1.650e-01, 5.000e-01, -5.050e-01, 1.135e+05, 0.000e+00, 3.263e-04, 0.000e+00, 2.063e+00, 9.983e+02, 1.433e-07
1.650e-01, 5.000e-01, -4.950e-01, 1.134e+05, 0.000e+00, 3.196e-04, 0.000e+00, 2.061e+00, 9.983e+02, 1.402e-07
1.650e-01, 5.000e-01, -4.850e-01, 1.135e+05, 0.000e+00, 3.166e-04, 0.000e+00, 2.063e+00, 9.983e+02, 1.359e-07
1.650e-01, 5.000e-01, -4.750e-01, 1.135e+05, 0.000e+00, 3.177e-04, 0.000e+00, 2.061e+00, 9.983e+02, 1.364e-07
1.650e-01, 5.000e-01, -4.650e-01, 1.134e+05, 0.000e+00, 3.201e-04, 0.000e+00, 2.059e+00, 9.983e+02, 1.374e-07
1.650e-01, 5.000e-01, -4.550e-01, 1.130e+05, 0.000e+00, 3.217e-04, 0.000e+00, 2.052e+00, 9.983e+02, 1.381e-07
1.650e-01, 5.000e-01, -4.450e-01, 1.129e+05, 0.000e+00, 3.166e-04, 0.000e+00, 2.050e+00, 9.983e+02, 1.359e-07
1.650e-01, 5.000e-01, -4.350e-01, 1.128e+05, 0.000e+00, 3.052e-04, 0.000e+00, 2.048e+00, 9.983e+02, 1.310e-07
1.650e-01, 5.000e-01, -4.250e-01, 1.127e+05, 0.000e+00, 2.907e-04, 0.000e+00, 2.047e+00, 9.983e+02, 1.248e-07
1.650e-01, 5.000e-01, -4.150e-01, 1.126e+05, 0.000e+00, 2.731e-04, 0.000e+00, 2.045e+00, 9.983e+02, 1.172e-07
1.650e-01, 5.000e-01, -4.050e-01, 1.125e+05, 0.000e+00, 2.529e-04, 0.000e+00, 2.043e+00, 9.983e+02, 1.086e-07
1.650e-01, 5.000e-01, -3.950e-01, 1.124e+05, 0.000e+00, 2.337e-04, 0.000e+00, 2.041e+00, 9.983e+02, 1.003e-07
1.650e-01, 5.000e-01, -3.850e-01, 1.123e+05, 0.000e+00, 2.170e-04, 0.000e+00, 2.039e+00, 9.983e+02, 9.316e-08
1.650e-01, 5.000e-01, -3.750e-01, 1.122e+05, 0.000e+00, 2.023e-04, 0.000e+00, 2.038e+00, 9.983e+02, 8.686e-08
1.650e-01, 5.000e-01, -3.650e-01, 1.121e+05, 0.000e+00, 1.886e-04, 0.000e+00, 2.036e+00, 9.983e+02, 8.095e-08
1.650e-01, 5.000e-01, -3.550e-01, 1.120e+05, 0.000e+00, 1.739e-04, 0.000e+00, 2.034e+00, 9.983e+02, 7.626e-08
1.650e-01, 5.000e-01, -3.450e-01, 1.119e+05, 0.000e+00, 1.569e-04, 0.000e+00, 2.033e+00, 9.983e+02, 7.048e-08
1.650e-01, 5.000e-01, -3.350e-01, 1.118e+05, 0.000e+00, 1.370e-04, 0.000e+00, 2.031e+00, 9.983e+02, 6.156e-08
1.650e-01, 5.000e-01, -3.250e-01, 1.117e+05, 0.000e+00, 1.149e-04, 0.000e+00, 2.029e+00, 9.983e+02, 5.160e-08
1.650e-01, 5.000e-01, -3.150e-01, 1.116e+05, 0.000e+00, 9.274e-05, 0.000e+00, 2.027e+00, 9.983e+02, 4.166e-08
1.650e-01, 5.000e-01, -3.050e-01, 1.115e+05, 0.000e+00, 7.225e-05, 0.000e+00, 2.025e+00, 9.983e+02, 3.246e-08
1.650e-01, 5.000e-01, -2.950e-01, 1.114e+05, 0.000e+00, 5.435e-05, 0.000e+00, 2.024e+00, 9.983e+02, 2.442e-08
1.650e-01, 5.000e-01, -2.850e-01, 1.113e+05, 0.000e+00, 3.984e-05, 0.000e+00, 2.022e+00, 9.983e+02, 1.790e-08
1.650e-01, 5.000e-01, -2.750e-01, 1.113e+05, 0.000e+00, 2.995e-05, 0.000e+00, 2.021e+00, 9.983e+02, 1.329e-08
1.650e-01, 5.000e-01, -2.650e-01, 1.112e+05, 0.000e+00, 2.323e-05, 0.000e+00, 2.020e+00, 9.983e+02, 1.020e-08
1.650e-01, 5.000e-01, -2.550e-01, 1.111e+05, 0.000e+00, 1.809e-05, 0.000e+00, 2.018e+00, 9.983e+02, 7.945e-09
1.650e-01, 5.000e-01, -2.450e-01, 1.110e+05, 0.000e+00, 1.403e-05, 0.000e+00, 2.016e+00, 9.983e+02, 6.160e-09
1.650e-01, 5.000e-01, -2.350e-01, 1.109e+05, 0.000e+00, 1.068e-05, 0.000e+00, 2.014e+00, 9.983e+02, 4.692e-09
1.650e-01, 5.000e-01, -2.250e-01, 1.108e+05, 0.000e+00, 7.885e-06, 0.000e+00, 2.012e+00, 9.983e+02, 3.463e-09
1.650e-01, 5.000e-01, -2.150e-01, 1.107e+05, 0.000e+00, 5.605e-06, 0.000e+00, 2.011e+00, 9.983e+02, 2.462e-09
1.650e-01, 5.000e-01, -2.050e-01, 1.106e+05, 0.000e+00, 3.905e-06, 0.000e+00, 2.009e+00, 9.983e+02, 1.715e-09
1.650e-01, 5.000e-01, -1.950e-01, 1.105e+05, 0.000e+00, 2.912e-06, 0.000e+00, 2.007e+00, 9.983e+02, 1.266e-09
1.650e-01, 5.000e-01, -1.850e-01, 1.106e+05, 0.000e+00, 2.227e-06, 0.000e+00, 2.009e+00, 9.983e+02, 9.561e-10
1.650e-01, 5.000e-01, -1.750e-01, 1.105e+05, 0.000e+00, 1.608e-06, 0.000e+00, 2.007e+00, 9.983e+02, 6.901e-10
1.650e-01, 5.000e-01, -1.650e-01, 1.104e+05, 0.000e+00, 1.084e-06, 0.000e+00, 2.005e+00, 9.983e+02, 4.653e-10
1.650e-01, 5.000e-01, -1.550e-01, 1.103e+05, 0.000e+00, 6.865e-07, 0.000e+00, 2.004e+00, 9.983e+02, 2.947e-10
1.650e-01, 5.000e-01, -1.450e-01, 1.102e+05, 0.000e+00, 4.298e-07, 0.000e+00, 2.002e+00, 9.983e+02, 1.845e-10
1.650e-01, 5.000e-01, -1.350e-01, 1.113e+05, 0.000e+00, 3.061e-07, 0.000e+00, 2.022e+00, 9.983e+02, 1.338e-10
1.650e-01, 5.000e-01, -1.250e-01, 1.112e+05, 0.000e+00, 2.033e-07, 0.000e+00, 2.020e+00, 9.983e+02, 8.930e-11
1.650e-01, 5.000e-01, -1.150e-01, 1.111e+05, 0.000e+00, 1.250e-07, 0.000e+00, 2.018e+00, 9.983e+02, 5.491e-11
1.650e-01, 5.000e-01, -1.050e-01, 1.110e+05, 0.000e+00, 7.096e-08, 0.000e+00, 2.017e+00, 9.983e+02, 3.117e-11
1.650e-01, 5.000e-01, -9.500e-02, 1.109e+05, 0.000e+00, 3.715e-08, 0.000e+00, 2.015e+00, 9.983e+02, 1.632e-11
1.650e-01, 5.000e-01, -8.500e-02, 1.108e+05, 0.000e+00, 1.796e-08, 0.000e+00, 2.013e+00, 9.983e+02, 7.887e-12
1.650e-01, 5.000e-01, -7.500e-02, 1.107e+05, 0.000e+00, 8.035e-09, 0.000e+00, 2.011e+00, 9.983e+02, 3.529e-12
1.650e-01, 5.000e-01, -6.500e-02, 1.106e+05, 0.000e+00, 3.339e-09, 0.000e+00, 2.009e+00, 9.983e+02, 1.467e-12
1.650e-01, 5.000e-01, -5.500e-02, 1.105e+05, 0.000e+00, 1.294e-09, 0.000e+00, 2.008e+00, 9.983e+02, 5.682e-13
1.650e-01, 5.000e-01, -4.500e-02, 1.104e+05, 0.000e+00, 4.691e-10, 0.000e+00, 2.006e+00, 9.983e+02, 2.060e-13
1.650e-01, 5.000e-01, -3.500e-02, 1.103e+05, 0.000e+00, 1.599e-10, 0.000e+00, 2.004e+00, 9.983e+02, 7.023e-14
1.650e-01, 5.000e-01, -2.500e-02, 1.102e+05, 0.000e+00, 5.149e-11, 0.000e+00, 2.002e+00, 9.983e+02, 2.262e-14
1.650e-01, 5.000e-01, -1.500e-02, 1.101e+05, 0.000e+00, 1.598e-11, 0.000e+00, 2.000e+00, 9.983e+02, 7.017e-15
1.650e-01, 5.000e-01, -5.000e-03, 1.100e+05, 0.000e+00, 5.587e-12, 0.000e+00, 1.999e+00, 9.983e+02, 2.454e-15
1.750e-01, 5.000e-01, -1.195e+00, 1.202e+05, 0.000e+00, 1.002e-13, 0.000e+00, 2.184e+00, 9.983e+02, 2.000e-17
1.750e-01, 5.000e-01, -1.185e+00, 1.201e+05, 0.000e+00, 1.002e-13, 0.000e+00, 2.182e+00, 9.983e+02, 2.000e-17
1.750e-01, 5.000e-01, -1.175e+00, 1.200e+05, 0.000e+00, 1.002e-13, 0.000e+00, 2.181e+00, 9.983e+02, 2.000e-17
1.750e-01, 5.000e-01, -1.165e+00, 1.199e+05, 0.000e+00, 1.002e-13, 0.000e+00, 2.179e+00, 9.983e+02, 2.000e-17
1.750e-01, 5.000e-01, -1.155e+00, 1.198e+05, 0.000e+00, 1.002e-13, 0.000e+00, 2.177e+00, 9.983e+02, 2.000e-17
1.750e-01, 5.000e-01, -1.145e+00, 1.197e+05, 0.000e+00, 1.002e-13, 0.000e+00, 2.175e+00, 9.983e+02, 2.000e-17
1.750e-01, 5.000e-01, -1.135e+00, 1.196e+05, 0.000e+00, 1.002e-13, 0.000e+00, 2.173e+00, 9.983e+02, 2.000e-17
1.750e-01, 5.000e-01, -1.125e+00, 1.195e+05, 0.000e+00, 9.179e-11, 0.000e+00, 2.172e+00, 9.983e+02, 2.260e-14
1.750e-01, 5.000e-01, -1.115e+00, 1.194e+05, 0.000e+00, 6.565e-04, 0.000e+00, 2.170e+00, 9.984e+02, 2.818e-07
1.750e-01, 5.000e-01, -1.105e+00, 1.193e+05, 0.000e+00, 6.612e-04, 0.000e+00, 2.168e+00, 9.984e+02, 2.839e-07
1.750e-01, 5.000e-01, -1.095e+00, 1.192e+05, 0.000e+00, 6.660e-04, 0.000e+00, 2.167e+00, 9.984e+02, 2.859e-07
1.750e-01, 5.000e-01, -1.085e+00, 1.191e+05, 0.000e+00, 6.662e-04, 0.000e+00, 2.165e+00, 9.984e+02, 2.860e-07
1.750e-01, 5.000e-01, -1.075e+00, 1.190e+05, 0.000e+00, 6.584e-04, 0.000e+00, 2.163e+00, 9.984e+02, 2.826e-07
1.750e-01, 5.000e-01, -1.065e+00, 1.189e+05, 0.000e+00, 6.395e-04, 0.000e+00, 2.161e+00, 9.984e+02, 2.746e-07
1.750e-01, 5.000e-01, -1.055e+00, 1.188e+05, 0.000e+00, 6.075e-04, 0.000e+00, 2.159e+00, 9.984e+02, 2.608e-07
1.750e-01, 5.000e-01, -1.045e+00, 1.187e+05, 0.000e+00, 5.612e-04, 0.000e+00, 2.158e+00, 9.984e+02, 2.409e-07
1.750e-01, 5.000e-01, -1.035e+00, 1.186e+05, 0.000e+00, 5.018e-04, 0.000e+00, 2.156e+00, 9.984e+02, 2.154e-07
1.750e-01, 5.000e-01, -1.025e+00, 1.185e+05, 0.000e+00, 4.330e-04, 0.000e+00, 2.154e+00, 9.983e+02, 1.859e-07
1.750e-01, 5.000e-01, -1.015e+00, 1.185e+05, 0.000e+00, 3.599e-04, 0.000e+00, 2.152e+00, 9.983e+02, 1.545e-07
1.750e-01, 5.000e-01, -1.005e+00, 1.184e+05, 0.000e+00, 2.877e-04, 0.000e+00, 2.150e+00, 9.983e+02, 1.235e-07
1.750e-01, 5.000e-01, -9.950e-01, 1.183e+05, 0.000e+00, 2.202e-04, 0.000e+00, 2.149e+00, 9.983e+02, 9.452e-08
1.750e-01, 5.000e-01, -9.850e-01, 1.182e+05, 0.000e+00, 1.597e-04, 0.000e+00, 2.147e+00, 9.983e+02, 6.854e-08
1.750e-01, 5.000e-01, -9.750e-01, 1.181e+05, 0.000e+00, 1.081e-04, 0.000e+00, 2.145e+00, 9.983e+02, 4.641e-08
1.750e-01, 5.000e-01, -9.650e-01, 1.180e+05, 0.000e+00, 6.728e-05, 0.000e+00, 2.143e+00, 9.983e+02, 2.888e-08
1.750e-01, 5.000e-01, -9.550e-01, 1.179e+05, 0.000e+00, 3.780e-05, 0.000e+00, 2.141e+00, 9.983e+02, 1.623e-08
1.750e-01, 5.000e-01, -9.450e-01, 1.178e+05, 0.000e+00, 1.883e-05, 0.000e+00, 2.140e+00, 9.983e+02, 8.083e-09
1.750e-01, 5.000e-01, -9.350e-01, 1.177e+05, 0.000e+00, 8.152e-06, 0.000e+00, 2.138e+00, 9.983e+02, 3.499e-09
1.750e-01, 5.000e-01, -9.250e-01, 1.176e+05, 0.000e+00, 3.001e-06, 0.000e+00, 2.136e+00, 9.983e+02, 1.288e-09
1.750e-01, 5.000e-01, -9.150e-01, 1.175e+05, 0.000e+00, 9.128e-07, 0.000e+00, 2.134e+00, 9.983e+02, 3.918e-10
1.750e-01, 5.000e-01, -9.050e-01, 1.174e+05, 0.000e+00, 2.146e-07, 0.000e+00, 2.132e+00, 9.983e+02, 9.213e-11
1.750e-01, 5.000e-01, -8.950e-01, 1.173e+05, 0.000e+00, 4.439e-08, 0.000e+00, 2.131e+00, 9.983e+02, 1.914e-11
1.750e-01, 5.000e-01, -8.850e-01, 1.187e+05, 0.000e+00, 9.788e-09, 0.000e+00, 2.156e+00, 9.983e+02, 4.299e-12
1.750e-01, 5.000e-01, -8.750e-01, 1.186e+05, 0.000e+00, 4.051e-09, 0.000e+00, 2.154e+00, 9.983e+02, 1.779e-12
1.750e-01, 5.000e-01, -8.650e-01, 1.185e+05, 0.000e+00, 8.413e-09, 0.000e+00, 2.153e+00, 9.983e+02, 3.695e-12
1.750e-01, 5.000e-01, -8.550e-01, 1.184e+05, 0.000e+00, 2.846e-08, 0.000e+00, 2.151e+00, 9.983e+02, 1.250e-11
1.750e-01, 5.000e-01, -8.450e-01, 1.183e+05, 0.000e+00, 9.453e-08, 0.000e+00, 2.149e+00, 9.983e+02, 4.152e-11
1.750e-01, 5.000e-01, -8.350e-01, 1.182e+05, 0.000e+00, 2.959e-07, 0.000e+00, 2.147e+00, 9.983e+02, 1.300e-10
1.750e-01, 5.000e-01, -8.250e-01, 1.181e+05, 0.000e+00, 8.680e-07, 0.000e+00, 2.145e+00, 9.983e+02, 3.813e-10
1.750e-01, 5.000e-01, -8.150e-01, 1.180e+05, 0.000e+00, 2.378e-06, 0.000e+00, 2.144e+00, 9.983e+02, 1.044e-09
1.750e-01, 5.000e-01, -8.050e-01, 1.179e+05, 0.000e+00, 6.061e-06, 0.000e+00, 2.142e+00, 9.983e+02, 2.662e-09
1.750e-01, 5.000e-01, -7.950e-01, 1.178e+05, 0.000e+00, 1.433e-05, 0.000e+00, 2.140e+00, 9.983e+02, 6.292e-09
1.750e-01, 5.000e-01, -7.850e-01, 1.177e+05, 0.000e+00, 3.126e-05, 0.000e+00, 2.138e+00, 9.983e+02, 1.373e-08
1.750e-01, 5.000e-01, -7.750e-01, 1.176e+05, 0.000e+00, 6.270e-05, 0.000e+00, 2.136e+00, 9.983e+02, 2.754e-08
1.750e-01, 5.000e-01, -7.650e-01, 1.175e+05, 0.000e+00, 1.150e-04, 0.000e+00, 2.135e+00, 9.983e+02, 5.053e-08
1.750e-01, 5.000e-01, -7.550e-01, 1.174e+05, 0.000e+00, 1.923e-04, 0.000e+00, 2.133e+00, 9.983e+02, 8.445e-08
1.750e-01, 5.000e-01, -7.450e-01, 1.173e+05, 0.000e+00, 2.913e-04, 0.000e+00, 2.131e+00, 9.983e+02, 1.279e-07
1.750e-01, 5.000e-01, -7.350e-01, 1.172e+05, 0.000e+00, 3.985e-04, 0.000e+00, 2.129e+00, 9.983e+02, 1.750e-07
1.750e-01, 5.000e-01, -7.250e-01, 1.156e+05, 0.000e+00, 4.896e-04, 0.000e+00, 2.101e+00, 9.984e+02, 2.187e-07
1.750e-01, 5.000e-01, -7.150e-01, 1.155e+05, 0.000e+00, 5.324e-04, 0.000e+00, 2.099e+00, 9.984e+02, 2.392e-07
1.750e-01, 5.000e-01, -7.050e-01, 1.154e+05, 0.000e+00, 5.343e-04, 0.000e+00, 2.097e+00, 9.984e+02, 2.400e-07
1.750e-01, 5.000e-01, -6.950e-01, 1.153e+05, 0.000e+00, 5.167e-04, 0.000e+00, 2.095e+00, 9.984e+02, 2.321e-07
1.750e-01, 5.000e-01, -6.850e-01, 1.152e+05, 0.000e+00, 4.946e-04, 0.000e+00, 2.093e+00, 9.984e+02, 2.222e-07
1.750e-01, 5.000e-01, -6.750e-01, 1.151e+05, 0.000e+00, 4.743e-04, 0.000e+00, 2.092e+00, 9.983e+02, 2.131e-07
1.750e-01, 5.000e-01, -6.650e-01, 1.150e+05, 0.000e+00, 4.574e-04, 0.000e+00, 2.090e+00, 9.983e+02, 2.055e-07
1.750e-01, 5.000e-01, -6.550e-01, 1.149e+05, 0.000e+00, 4.438e-04, 0.000e+00, 2.088e+00, 9.983e+02, 1.994e-07
1.750e-01, 5.000e-01, -6.450e-01, 1.148e+05, 0.000e+00, 4.327e-04, 0.000e+00, 2.086e+00, 9.983e+02, 1.944e-07
1.750e-01, 5.000e-01, -6.350e-01, 1.147e+05, 0.000e+00, 4.236e-04, 0.000e+00, 2.084e+00, 9.983e+02, 1.903e-07
1.750e-01, 5.000e-01, -6.250e-01, 1.146e+05, 0.000e+00, 4.172e-04, 0.000e+00, 2.083e+00, 9.983e+02, 1.874e-07
1.750e-01, 5.000e-01, -6.150e-01, 1.145e+05, 0.000e+00, 4.154e-04, 0.000e+00, 2.081e+00, 9.983e+02, 1.866e-07
1.750e-01, 5.000e-01, -6.050e-01, 1.144e+05, 0.000e+00, 4.204e-04, 0.000e+00, 2.079e+00, 9.983e+02, 1.888e-07
1.750e-01, 5.000e-01, -5.950e-01, 1.144e+05, 0.000e+00, 4.301e-04, 0.000e+00, 2.077e+00, 9.983e+02, 1.929e-07
1.750e-01, 5.000e-01, -5.850e-01, 1.143e+05, 0.000e+00, 4.379e-04, 0.000e+00, 2.077e+00, 9.983e+02, 1.923e-07
1.750e-01, 5.000e-01, -5.750e-01, 1.142e+05, 0.000e+00, 4.356e-04, 0.000e+00, 2.075e+00, 9.983e+02, 1.913e-07
1.750e-01, 5.000e-01, -5.650e-01, 1.141e+05, 0.000e+00, 4.235e-04, 0.000e+00, 2.073e+00, 9.983e+02, 1.860e-07
1.750e-01, 5.000e-01, -5.550e-01, 1.140e+05, 0.000e+00, 4.052e-04, 0.000e+00, 2.071e+00, 9.983e+02, 1.780e-07
1.750e-01, 5.000e-01, -5.450e-01, 1.139e+05, 0.000e+00, 3.861e-04, 0.000e+00, 2.070e+00, 9.983e+02, 1.696e-07
1.750e-01, 5.000e-01, -5.350e-01, 1.138e+05, 0.000e+00, 3.690e-04, 0.000e+00, 2.068e+00, 9.983e+02, 1.621e-07
1.750e-01, 5.000e-01, -5.250e-01, 1.137e+05, 0.000e+00, 3.547e-04, 0.000e+00, 2.066e+00, 9.983e+02, 1.558e-07
1.750e-01, 5.000e-01, -5.150e-01, 1.136e+05, 0.000e+00, 3.430e-04, 0.000e+00, 2.064e+00, 9.983e+02, 1.507e-07
1.750e-01, 5.000e-01, -5.050e-01, 1.135e+05, 0.000e+00, 3.342e-04, 0.000e+00, 2.063e+00, 9.983e+02, 1.468e-07
1.750e-01, 5.000e-01, -4.950e-01, 1.134e+05, 0.000e+00, 3.283e-04, 0.000e+00, 2.061e+00, 9.983e+02, 1.439e-07
1.750e-01, 5.000e-01, -4.850e-01, 1.135e+05, 0.000e+00, 3.255e-04, 0.000e+00, 2.063e+00, 9.983e+02, 1.397e-07
1.750e-01, 5.000e-01, -4.750e-01, 1.135e+05, 0.000e+00, 3.260e-04, 0.000e+00, 2.061e+00, 9.983e+02, 1.399e-07
1.750e-01, 5.000e-01, -4.650e-01, 1.134e+05, 0.000e+00, 3.268e-04, 0.000e+00, 2.059e+00, 9.983e+02, 1.403e-07
1.750e-01, 5.000e-01, -4.550e-01, 1.130e+05, 0.000e+00, 3.264e-04, 0.000e+00, 2.052e+00, 9.983e+02, 1.401e-07
1.750e-01, 5.000e-01, -4.450e-01, 1.129e+05, 0.000e+00, 3.205e-04, 0.000e+00, 2.050e+00, 9.983e+02, 1.376e-07
1.750e-01, 5.000e-01, -4.350e-01, 1.128e+05, 0.000e+00, 3.097e-04, 0.000e+00, 2.048e+00, 9.983e+02, 1.329e-07
1.750e-01, 5.000e-01, -4.250e-01, 1.127e+05, 0.000e+00, 2.964e-04, 0.000e+00, 2.047e+00, 9.983e+02, 1.272e-07
1.750e-01, 5.000e-01, -4.150e-01, 1.126e+05, 0.000e+00, 2.802e-04, 0.000e+00, 2.045e+00, 9.983e+02, 1.203e-07
1.750e-01, 5.000e-01, -4.050e-01, 1.125e+05, 0.000e+00, 2.602e-04, 0.000e+00, 2.043e+00, 9.983e+02, 1.117e-07
1.750e-01, 5.000e-01, -3.950e-01, 1.124e+05, 0.000e+00, 2.388e-04, 0.000e+00, 2.041e+00, 9.983e+02, 1.025e-07
1.750e-01, 5.000e-01, -3.850e-01, 1.123e+05, 0.000e+00, 2.198e-04, 0.000e+00, 2.039e+00, 9.983e+02, 9.434e-08
1.750e-01, 5.000e-01, -3.750e-01, 1.122e+05, 0.000e+00, 2.037e-04, 0.000e+00, 2.038e+00, 9.983e+02, 8.743e-08
1.750e-01, 5.000e-01, -3.650e-01, 1.121e+05, 0.000e+00, 1.897e-04, 0.000e+00, 2.036e+00, 9.983e+02, 8.144e-08
1.750e-01, 5.000e-01, -3.550e-01, 1.120e+05, 0.000e+00, 1.763e-04, 0.000e+00, 2.034e+00, 9.983e+02, 7.718e-08
1.750e-01, 5.000e-01, -3.450e-01, 1.119e+05, 0.000e+00, 1.617e-04, 0.000e+00, 2.033e+00, 9.983e+02, 7.266e-08
1.750e-01, 5.000e-01, -3.350e-01, 1.118e+05, 0.000e+00, 1.447e-04, 0.000e+00, 2.031e+00, 9.983e+02, 6.501e-08
1.750e-01, 5.000e-01, -3.250e-01, 1.117e+05, 0.000e+00, 1.242e-04, 0.000e+00, 2.029e+00, 9.983e+02, 5.578e-08
1.750e-01, 5.000e-01, -3.150e-01, 1.116e+05, 0.000e+00, 1.022e-04, 0.000e+00, 2.027e+00, 9.983e+02, 4.589e-08
1.750e-01, 5.000e-01, -3.050e-01, 1.115e+05, 0.000e+00, 8.103e-05, 0.000e+00, 2.025e+00, 9.983e+02, 3.640e-08
1.750e-01, 5.000e-01, -2.950e-01, 1.114e+05, 0.000e+00, 6.228e-05, 0.000e+00, 2.024e+00, 9.983e+02, 2.798e-08
1.750e-01, 5.000e-01, -2.850e-01, 1.113e+05, 0.000e+00, 4.703e-05, 0.000e+00, 2.022e+00, 9.983e+02, 2.113e-08
1.750e-01, 5.000e-01, -2.750e-01, 1.113e+05, 0.000e+00, 3.697e-05, 0.000e+00, 2.021e+00, 9.983e+02, 1.640e-08
1.750e-01, 5.000e-01, -2.650e-01, 1.112e+05, 0.000e+00, 3.015e-05, 0.000e+00, 2.020e+00, 9.983e+02, 1.324e-08
1.750e-01, 5.000e-01, -2.550e-01, 1.111e+05, 0.000e+00, 2.449e-05, 0.000e+00, 2.018e+00, 9.983e+02, 1.076e-08
1.750e-01, 5.000e-01, -2.450e-01, 1.110e+05, 0.000e+00, 1.956e-05, 0.000e+00, 2.016e+00, 9.983e+02, 8.591e-09
1.750e-01, 5.000e-01, -2.350e-01, 1.109e+05, 0.000e+00, 1.517e-05, 0.000e+00, 2.014e+00, 9.983e+02, 6.663e-09
1.750e-01, 5.000e-01, -2.250e-01, 1.108e+05, 0.000e+00, 1.132e-05, 0.000e+00, 2.012e+00, 9.983e+02, 4.974e-09
1.750e-01, 5.000e-01, -2.150e-01, 1.107e+05, 0.000e+00, 8.118e-06, 0.000e+00, 2.011e+00, 9.983e+02, 3.566e-09
1.750e-01, 5.000e-01, -2.050e-01, 1.106e+05, 0.000e+00, 5.701e-06, 0.000e+00, 2.009e+00, 9.983e+02, 2.504e-09
1.750e-01, 5.000e-01, -1.950e-01, 1.105e+05, 0.000e+00, 4.266e-06, 0.000e+00, 2.007e+00, 9.983e+02, 1.858e-09
1.750e-01, 5.000e-01, -1.850e-01, 1.106e+05, 0.000e+00, 3.315e-06, 0.000e+00, 2.009e+00, 9.983e+02, 1.423e-09
1.750e-01, 5.000e-01, -1.750e-01, 1.105e+05, 0.000e+00, 2.424e-06, 0.000e+00, 2.007e+00, 9.983e+02, 1.040e-09
1.750e-01, 5.000e-01, -1.650e-01, 1.104e+05, 0.000e+00, 1.649e-06, 0.000e+00, 2.005e+00, 9.983e+02, 7.079e-10
1.750e-01, 5.000e-01, -1.550e-01, 1.103e+05, 0.000e+00, 1.050e-06, 0.000e+00, 2.004e+00, 9.983e+02, 4.506e-10
1.750e-01, 5.000e-01, -1.450e-01, 1.102e+05, 0.000e+00, 6.559e-07, 0.000e+00, 2.002e+00, 9.983e+02, 2.815e-10
1.750e-01, 5.000e-01, -1.350e-01, 1.113e+05, 0.000e+00, 4.596e-07, 0.000e+00, 2.022e+00, 9.983e+02, 2.005e-10
1.750e-01, 5.000e-01, -1.250e-01, 1.112e+05, 0.000e+00, 3.013e-07, 0.000e+00, 2.020e+00, 9.983e+02, 1.323e-10
1.750e-01, 5.000e-01, -1.150e-01, 1.111e+05, 0.000e+00, 1.828e-07, 0.000e+00, 2.018e+00, 9.983e+02, 8.030e-11
1.750e-01, 5.000e-01, -1.050e-01, 1.110e+05, 0.000e+00, 1.025e-07, 0.000e+00, 2.017e+00, 9.983e+02, 4.501e-11
1.750e-01, 5.000e-01, -9.500e-02, 1.109e+05, 0.000e+00, 5.303e-08, 0.000e+00, 2.015e+00, 9.983e+02, 2.329e-11
1.750e-01, 5.000e-01, -8.500e-02, 1.108e+05, 0.000e+00, 2.538e-08, 0.000e+00, 2.013e+00, 9.983e+02, 1.115e-11
1.750e-01, 5.000e-01, -7.500e-02, 1.107e+05, 0.000e+00, 1.125e-08, 0.000e+00, 2.011e+00, 9.983e+02, 4.942e-12
1.750e-01, 5.000e-01, -6.500e-02, 1.106e+05, 0.000e+00, 4.639e-09, 0.000e+00, 2.009e+00, 9.983e+02, 2.037e-12
1.750e-01, 5.000e-01, -5.500e-02, 1.105e+05, 0.000e+00, 1.785e-09, 0.000e+00, 2.008e+00, 9.983e+02, 7.838e-13
1.750e-01, 5.000e-01, -4.500e-02, 1.104e+05, 0.000e+00, 6.432e-10, 0.000e+00, 2.006e+00, 9.983e+02, 2.825e-13
1.750e-01, 5.000e-01, -3.500e-02, 1.103e+05, 0.000e+00, 2.180e-10, 0.000e+00, 2.004e+00, 9.983e+02, 9.576e-14
1.750e-01, 5.000e-01, -2.500e-02, 1.102e+05, 0.000e+00, 6.988e-11, 0.000e+00, 2.002e+00, 9.983e+02, 3.069e-14
1.750e-01, 5.000e-01, -1.500e-02, 1.101e+05, 0.000e+00, 2.158e-11, 0.000e+00, 2.000e+00, 9.983e+02, 9.477e-15
1.750e-01, 5.000e-01, -5.000e-03, 1.100e+05, 0.000e+00, 7.506e-12, 0.000e+00, 1.999e+00, 9.983e+02, 3.297e-15
1.850e-01, 5.000e-01, -1.195e+00, 1.202e+05, 0.000e+00, 1.002e-13, 0.000e+00, 2.184e+00, 9.983e+02, 2.000e-17
1.850e-01, 5.000e-01, -1.185e+00, 1.201e+05, 0.000e+00, 1.002e-13, 0.000e+00, 2.182e+00, 9.983e+02, 2.000e-17
1.850e-01, 5.000e-01, -1.175e+00, 1.200e+05, 0.000e+00, 1.002e-13, 0.000e+00, 2.181e+00, 9.983e+02, 2.000e-17
1.850e-01, 5.000e-01, -1.165e+00, 1.199e+05, 0.000e+00, 1.002e-13, 0.000e+00, 2.179e+00, 9.983e+02, 2.000e-17
1.850e-01, 5.000e-01, -1.155e+00, 1.198e+05, 0.000e+00, 1.002e-13, 0.000e+00, 2.177e+00, 9.983e+02, 2.000e-17
1.850e-01, 5.000e-01, -1.145e+00, 1.197e+05, 0.000e+00, 1.002e-13, 0.000e+00, 2.175e+00, 9.983e+02, 2.000e-17
1.850e-01, 5.000e-01, -1.135e+00, 1.196e+05, 0.000e+00, 2.054e-12, 0.000e+00, 2.173e+00, 9.983e+02, 4.101e-16
1.850e-01, 5.000e-01, -1.125e+00, 1.195e+05, 0.000e+00, 6.478e-04, 0.000e+00, 2.172e+00, 9.984e+02, 2.078e-07
1.850e-01, 5.000e-01, -1.115e+00, 1.194e+05, 0.000e+00, 6.602e-04, 0.000e+00, 2.170e+00, 9.984e+02, 2.834e-07
1.850e-01, 5.000e-01, -1.105e+00, 1.193e+05, 0.000e+00, 6.659e-04, 0.000e+00, 2.168e+00, 9.984e+02, 2.859e-07
1.850e-01, 5.000e-01, -1.095e+00, 1.192e+05, 0.000e+00, 6.698e-04, 0.000e+00, 2.167e+00, 9.984e+02, 2.876e-07
1.850e-01, 5.000e-01, -1.085e+00, 1.191e+05, 0.000e+00, 6.690e-04, 0.000e+00, 2.165e+00, 9.984e+02, 2.872e-07
1.850e-01, 5.000e-01, -1.075e+00, 1.190e+05, 0.000e+00, 6.603e-04, 0.000e+00, 2.163e+00, 9.984e+02, 2.835e-07
1.850e-01, 5.000e-01, -1.065e+00, 1.189e+05, 0.000e+00, 6.413e-04, 0.000e+00, 2.161e+00, 9.984e+02, 2.753e-07
1.850e-01, 5.000e-01, -1.055e+00, 1.188e+05, 0.000e+00, 6.098e-04, 0.000e+00, 2.159e+00, 9.984e+02, 2.618e-07
1.850e-01, 5.000e-01, -1.045e+00, 1.187e+05, 0.000e+00, 5.646e-04, 0.000e+00, 2.158e+00, 9.984e+02, 2.424e-07
1.850e-01, 5.000e-01, -1.035e+00, 1.186e+05, 0.000e+00, 5.065e-04, 0.000e+00, 2.156e+00, 9.984e+02, 2.174e-07
1.850e-01, 5.000e-01, -1.025e+00, 1.185e+05, 0.000e+00, 4.386e-04, 0.000e+00, 2.154e+00, 9.983e+02, 1.883e-07
1.850e-01, 5.000e-01, -1.015e+00, 1.185e+05, 0.000e+00, 3.657e-04, 0.000e+00, 2.152e+00, 9.983e+02, 1.570e-07
1.850e-01, 5.000e-01, -1.005e+00, 1.184e+05, 0.000e+00, 2.928e-04, 0.000e+00, 2.150e+00, 9.983e+02, 1.257e-07
1.850e-01, 5.000e-01, -9.950e-01, 1.183e+05, 0.000e+00, 2.243e-04, 0.000e+00, 2.149e+00, 9.983e+02, 9.629e-08
1.850e-01, 5.000e-01, -9.850e-01, 1.182e+05, 0.000e+00, 1.627e-04, 0.000e+00, 2.147e+00, 9.983e+02, 6.986e-08
1.850e-01, 5.000e-01, -9.750e-01, 1.181e+05, 0.000e+00, 1.103e-04, 0.000e+00, 2.145e+00, 9.983e+02, 4.734e-08
1.850e-01, 5.000e-01, -9.650e-01, 1.180e+05, 0.000e+00, 6.863e-05, 0.000e+00, 2.143e+00, 9.983e+02, 2.946e-08
1.850e-01, 5.000e-01, -9.550e-01, 1.179e+05, 0.000e+00, 3.852e-05, 0.000e+00, 2.141e+00, 9.983e+02, 1.654e-08
1.850e-01, 5.000e-01, -9.450e-01, 1.178e+05, 0.000e+00, 1.913e-05, 0.000e+00, 2.140e+00, 9.983e+02, 8.210e-09
1.850e-01, 5.000e-01, -9.350e-01, 1.177e+05, 0.000e+00, 8.226e-06, 0.000e+00, 2.138e+00, 9.983e+02, 3.531e-09
1.850e-01, 5.000e-01, -9.250e-01, 1.176e+05, 0.000e+00, 2.995e-06, 0.000e+00, 2.136e+00, 9.983e+02, 1.286e-09
1.850e-01, 5.000e-01, -9.150e-01, 1.175e+05, 0.000e+00, 8.984e-07, 0.000e+00, 2.134e+00, 9.983e+02, 3.856e-10
1.850e-01, 5.000e-01, -9.050e-01, 1.174e+05, 0.000e+00, 2.100e-07, 0.000e+00, 2.132e+00, 9.983e+02, 9.013e-11
1.850e-01, 5.000e-01, -8.950e-01, 1.173e+05, 0.000e+00, 4.240e-08, 0.000e+00, 2.131e+00, 9.983e+02, 1.834e-11
1.850e-01, 5.000e-01, -8.850e-01, 1.187e+05, 0.000e+00, 9.873e-09, 0.000e+00, 2.156e+00, 9.983e+02, 4.337e-12
1.850e-01, 5.000e-01, -8.750e-01, 1.186e+05, 0.000e+00, 5.647e-09, 0.000e+00, 2.154e+00, 9.983e+02, 2.480e-12
1.850e-01, 5.000e-01, -8.650e-01, 1.185e+05, 0.000e+00, 1.436e-08, 0.000e+00, 2.153e+00, 9.983e+02, 6.308e-12
1.850e-01, 5.000e-01, -8.550e-01, 1.184e+05, 0.000e+00, 4.852e-08, 0.000e+00, 2.151e+00, 9.983e+02, 2.131e-11
1.850e-01, 5.000e-01, -8.450e-01, 1.183e+05, 0.000e+00, 1.577e-07, 0.000e+00, 2.149e+00, 9.983e+02, 6.929e-11
1.850e-01, 5.000e-01, -8.350e-01, 1.182e+05, 0.000e+00, 4.818e-07, 0.000e+00, 2.147e+00, 9.983e+02, 2.116e-10
1.850e-01, 5.000e-01, -8.250e-01, 1.181e+05, 0.000e+00, 1.375e-06, 0.000e+00, 2.145e+00, 9.983e+02, 6.041e-10
1.850e-01, 5.000e-01, -8.150e-01, 1.180e+05, 0.000e+00, 3.657e-06, 0.000e+00, 2.144e+00, 9.983e+02, 1.606e-09
1.850e-01, 5.000e-01, -8.050e-01, 1.179e+05, 0.000e+00, 9.028e-06, 0.000e+00, 2.142e+00, 9.983e+02, 3.965e-09
1.850e-01, 5.000e-01, -7.950e-01, 1.178e+05, 0.000e+00, 2.060e-05, 0.000e+00, 2.140e+00, 9.983e+02, 9.050e-09
1.850e-01, 5.000e-01, -7.850e-01, 1.177e+05, 0.000e+00, 4.331e-05, 0.000e+00, 2.138e+00, 9.983e+02, 1.902e-08
1.850e-01, 5.000e-01, -7.750e-01, 1.176e+05, 0.000e+00, 8.346e-05, 0.000e+00, 2.136e+00, 9.983e+02, 3.666e-08
1.850e-01, 5.000e-01, -7.650e-01, 1.175e+05, 0.000e+00, 1.468e-04, 0.000e+00, 2.135e+00, 9.983e+02, 6.449e-08
1.850e-01, 5.000e-01, -7.550e-01, 1.174e+05, 0.000e+00, 2.347e-04, 0.000e+00, 2.133e+00, 9.983e+02, 1.031e-07
1.850e-01, 5.000e-01, -7.450e-01, 1.173e+05, 0.000e+00, 3.395e-04, 0.000e+00, 2.131e+00, 9.983e+02, 1.491e-07
1.850e-01, 5.000e-01, -7.350e-01, 1.172e+05, 0.000e+00, 4.433e-04, 0.000e+00, 2.129e+00, 9.983e+02, 1.947e-07
1.850e-01, 5.000e-01, -7.250e-01, 1.156e+05, 0.000e+00, 5.206e-04, 0.000e+00, 2.101e+00, 9.984e+02, 2.335e-07
1.850e-01, 5.000e-01, -7.150e-01, 1.155e+05, 0.000e+00, 5.468e-04, 0.000e+00, 2.099e+00, 9.984e+02, 2.457e-07
1.850e-01, 5.000e-01, -7.050e-01, 1.154e+05, 0.000e+00, 5.396e-04, 0.000e+00, 2.097e+00, 9.984e+02, 2.424e-07
1.850e-01, 5.000e-01, -6.950e-01, 1.153e+05, 0.000e+00, 5.198e-04, 0.000e+00, 2.095e+00, 9.984e+02, 2.335e-07
1.850e-01, 5.000e-01, -6.850e-01, 1.152e+05, 0.000e+00, 4.980e-04, 0.000e+00, 2.093e+00, 9.984e+02, 2.237e-07
1.850e-01, 5.000e-01, -6.750e-01, 1.151e+05, 0.000e+00, 4.782e-04, 0.000e+00, 2.092e+00, 9.983e+02, 2.149e-07
1.850e-01, 5.000e-01, -6.650e-01, 1.150e+05, 0.000e+00, 4.615e-04, 0.000e+00, 2.090e+00, 9.983e+02, 2.073e-07
1.850e-01, 5.000e-01, -6.550e-01, 1.149e+05, 0.000e+00, 4.476e-04, 0.000e+00, 2.088e+00, 9.983e+02, 2.011e-07
1.850e-01, 5.000e-01, -6.450e-01, 1.148e+05, 0.000e+00, 4.364e-04, 0.000e+00, 2.086e+00, 9.983e+02, 1.961e-07
1.850e-01, 5.000e-01, -6.350e-01, 1.147e+05, 0.000e+00, 4.283e-04, 0.000e+00, 2.084e+00, 9.983e+02, 1.924e-07
1.850e-01, 5.000e-01, -6.250e-01, 1.146e+05, 0.000e+00, 4.242e-04, 0.000e+00, 2.083e+00, 9.983e+02, 1.906e-07
1.850e-01, 5.000e-01, -6.150e-01, 1.145e+05, 0.000e+00, 4.253e-04, 0.000e+00, 2.081e+00, 9.983e+02, 1.910e-07
1.850e-01, 5.000e-01, -6.050e-01, 1.144e+05, 0.000e+00, 4.309e-04, 0.000e+00, 2.079e+00, 9.983e+02, 1.936e-07
1.850e-01, 5.000e-01, -5.950e-01, 1.144e+05, 0.000e+00, 4.377e-04, 0.000e+00, 2.077e+00, 9.983e+02, 1.960e-07
1.850e-01, 5.000e-01, -5.850e-01, 1.143e+05, 0.000e+00, 4.395e-04, 0.000e+00, 2.077e+00, 9.983e+02, 1.930e-07
1.850e-01, 5.000e-01, -5.750e-01, 1.142e+05, 0.000e+00, 4.315e-04, 0.000e+00, 2.075e+00, 9.983e+02, 1.895e-07
1.850e-01, 5.000e-01, -5.650e-01, 1.141e+05, 0.000e+00, 4.168e-04, 0.000e+00, 2.073e+00, 9.983e+02, 1.831e-07
1.850e-01, 5.000e-01, -5.550e-01, 1.140e+05, 0.000e+00, 3.999e-04, 0.000e+00, 2.071e+00, 9.983e+02, 1.756e-07
1.850e-01, 5.000e-01, -5.450e-01, 1.139e+05, 0.000e+00, 3.844e-04, 0.000e+00, 2.070e+00, 9.983e+02, 1.688e-07
1.850e-01, 5.000e-01, -5.350e-01, 1.138e+05, 0.000e+00, 3.713e-04, 0.000e+00, 2.068e+00, 9.983e+02, 1.631e-07
1.850e-01, 5.000e-01, -5.250e-01, 1.137e+05, 0.000e+00, 3.603e-04, 0.000e+00, 2.066e+00, 9.983e+02, 1.583e-07
1.850e-01, 5.000e-01, -5.150e-01, 1.136e+05, 0.000e+00, 3.511e-04, 0.000e+00, 2.064e+00, 9.983e+02, 1.542e-07
1.850e-01, 5.000e-01, -5.050e-01, 1.135e+05, 0.000e+00, 3.436e-04, 0.000e+00, 2.063e+00, 9.983e+02, 1.509e-07
1.850e-01, 5.000e-01, -4.950e-01, 1.134e+05, 0.000e+00, 3.381e-04, 0.000e+00, 2.061e+00, 9.983e+02, 1.480e-07
1.850e-01, 5.000e-01, -4.850e-01, 1.135e+05, 0.000e+00, 3.348e-04, 0.000e+00, 2.063e+00, 9.983e+02, 1.437e-07
1.850e-01, 5.000e-01, -4.750e-01, 1.135e+05, 0.000e+00, 3.338e-04, 0.000e+00, 2.061e+00, 9.983e+02, 1.433e-07
1.850e-01, 5.000e-01, -4.650e-01, 1.134e+05, 0.000e+00, 3.326e-04, 0.000e+00, 2.059e+00, 9.983e+02, 1.428e-07
1.850e-01, 5.000e-01, -4.550e-01, 1.130e+05, 0.000e+00, 3.302e-04, 0.000e+00, 2.052e+00, 9.983e+02, 1.417e-07
1.850e-01, 5.000e-01, -4.450e-01, 1.129e+05, 0.000e+00, 3.235e-04, 0.000e+00, 2.050e+00, 9.983e+02, 1.389e-07
1.850e-01, 5.000e-01, -4.350e-01, 1.128e+05, 0.000e+00, 3.135e-04, 0.000e+00, 2.048e+00, 9.983e+02, 1.346e-07
1.850e-01, 5.000e-01, -4.250e-01, 1.127e+05, 0.000e+00, 3.016e-04, 0.000e+00, 2.047e+00, 9.983e+02, 1.295e-07
1.850e-01, 5.000e-01, -4.150e-01, 1.126e+05, 0.000e+00, 2.871e-04, 0.000e+00, 2.045e+00, 9.983e+02, 1.232e-07
1.850e-01, 5.000e-01, -4.050e-01, 1.125e+05, 0.000e+00, 2.685e-04, 0.000e+00, 2.043e+00, 9.983e+02, 1.153e-07
1.850e-01, 5.000e-01, -3.950e-01, 1.124e+05, 0.000e+00, 2.458e-04, 0.000e+00, 2.041e+00, 9.983e+02, 1.055e-07
1.850e-01, 5.000e-01, -3.850e-01, 1.123e+05, 0.000e+00, 2.239e-04, 0.000e+00, 2.039e+00, 9.983e+02, 9.611e-08
1.850e-01, 5.000e-01, -3.750e-01, 1.122e+05, 0.000e+00, 2.056e-04, 0.000e+00, 2.038e+00, 9.983e+02, 8.824e-08
1.850e-01, 5.000e-01, -3.650e-01, 1.121e+05, 0.000e+00, 1.905e-04, 0.000e+00, 2.036e+00, 9.983e+02, 8.178e-08
1.850e-01, 5.000e-01, -3.550e-01, 1.120e+05, 0.000e+00, 1.775e-04, 0.000e+00, 2.034e+00, 9.983e+02, 7.758e-08
1.850e-01, 5.000e-01, -3.450e-01, 1.119e+05, 0.000e+00, 1.649e-04, 0.000e+00, 2.033e+00, 9.983e+02, 7.409e-08
1.850e-01, 5.000e-01, -3.350e-01, 1.118e+05, 0.000e+00, 1.509e-04, 0.000e+00, 2.031e+00, 9.983e+02, 6.777e-08
1.850e-01, 5.000e-01, -3.250e-01, 1.117e+05, 0.000e+00, 1.337e-04, 0.000e+00, 2.029e+00, 9.983e+02, 6.005e-08
1.850e-01, 5.000e-01, -3.150e-01, 1.116e+05, 0.000e+00, 1.130e-04, 0.000e+00, 2.027e+00, 9.983e+02, 5.075e-08
1.850e-01, 5.000e-01, -3.050e-01, 1.115e+05, 0.000e+00, 9.174e-05, 0.000e+00, 2.025e+00, 9.983e+02, 4.121e-08
1.850e-01, 5.000e-01, -2.950e-01, 1.114e+05, 0.000e+00, 7.228e-05, 0.000e+00, 2.024e+00, 9.983e+02, 3.247e-08
1.850e-01, 5.000e-01, -2.850e-01, 1.113e+05, 0.000e+00, 5.636e-05, 0.000e+00, 2.022e+00, 9.983e+02, 2.532e-08
1.850e-01, 5.000e-01, -2.750e-01, 1.113e+05, 0.000e+00, 4.631e-05, 0.000e+00, 2.021e+00, 9.983e+02, 2.057e-08
1.850e-01, 5.000e-01, -2.650e-01, 1.112e+05, 0.000e+00, 3.953e-05, 0.000e+00, 2.020e+00, 9.983e+02, 1.736e-08
1.850e-01, 5.000e-01, -2.550e-01, 1.111e+05, 0.000e+00, 3.311e-05, 0.000e+00, 2.018e+00, 9.983e+02, 1.454e-08
1.850e-01, 5.000e-01, -2.450e-01, 1.110e+05, 0.000e+00, 2.691e-05, 0.000e+00, 2.016e+00, 9.983e+02, 1.182e-08
1.850e-01, 5.000e-01, -2.350e-01, 1.109e+05, 0.000e+00, 2.106e-05, 0.000e+00, 2.014e+00, 9.983e+02, 9.252e-09
1.850e-01, 5.000e-01, -2.250e-01, 1.108e+05, 0.000e+00, 1.582e-05, 0.000e+00, 2.012e+00, 9.983e+02, 6.947e-09
1.850e-01, 5.000e-01, -2.150e-01, 1.107e+05, 0.000e+00, 1.141e-05, 0.000e+00, 2.011e+00, 9.983e+02, 5.010e-09
1.850e-01, 5.000e-01, -2.050e-01, 1.106e+05, 0.000e+00, 8.070e-06, 0.000e+00, 2.009e+00, 9.983e+02, 3.545e-09
1.850e-01, 5.000e-01, -1.950e-01, 1.105e+05, 0.000e+00, 6.061e-06, 0.000e+00, 2.007e+00, 9.983e+02, 2.644e-09
1.850e-01, 5.000e-01, -1.850e-01, 1.106e+05, 0.000e+00, 4.786e-06, 0.000e+00, 2.009e+00, 9.983e+02, 2.055e-09
1.850e-01, 5.000e-01, -1.750e-01, 1.105e+05, 0.000e+00, 3.540e-06, 0.000e+00, 2.007e+00, 9.983e+02, 1.519e-09
1.850e-01, 5.000e-01, -1.650e-01, 1.104e+05, 0.000e+00, 2.425e-06, 0.000e+00, 2.005e+00, 9.983e+02, 1.041e-09
1.850e-01, 5.000e-01, -1.550e-01, 1.103e+05, 0.000e+00, 1.546e-06, 0.000e+00, 2.004e+00, 9.983e+02, 6.637e-10
1.850e-01, 5.000e-01, -1.450e-01, 1.102e+05, 0.000e+00, 9.614e-07, 0.000e+00, 2.002e+00, 9.983e+02, 4.127e-10
1.850e-01, 5.000e-01, -1.350e-01, 1.113e+05, 0.000e+00, 6.608e-07, 0.000e+00, 2.022e+00, 9.983e+02, 2.877e-10
1.850e-01, 5.000e-01, -1.250e-01, 1.112e+05, 0.000e+00, 4.270e-07, 0.000e+00, 2.020e+00, 9.983e+02, 1.876e-10
1.850e-01, 5.000e-01, -1.150e-01, 1.111e+05, 0.000e+00, 2.555e-07, 0.000e+00, 2.018e+00, 9.983e+02, 1.122e-10
1.850e-01, 5.000e-01, -1.050e-01, 1.110e+05, 0.000e+00, 1.413e-07, 0.000e+00, 2.017e+00, 9.983e+02, 6.206e-11
1.850e-01, 5.000e-01, -9.500e-02, 1.109e+05, 0.000e+00, 7.220e-08, 0.000e+00, 2.015e+00, 9.983e+02, 3.171e-11
1.850e-01, 5.000e-01, -8.500e-02, 1.108e+05, 0.000e+00, 3.416e-08, 0.000e+00, 2.013e+00, 9.983e+02, 1.500e-11
1.850e-01, 5.000e-01, -7.500e-02, 1.107e+05, 0.000e+00, 1.499e-08, 0.000e+00, 2.011e+00, 9.983e+02, 6.585e-12
1.850e-01, 5.000e-01, -6.500e-02, 1.106e+05, 0.000e+00, 6.124e-09, 0.000e+00, 2.009e+00, 9.983e+02, 2.690e-12
1.850e-01, 5.000e-01, -5.500e-02, 1.105e+05, 0.000e+00, 2.337e-09, 0.000e+00, 2.008e+00, 9.983e+02, 1.027e-12
1.850e-01, 5.000e-01, -4.500e-02, 1.104e+05, 0.000e+00, 8.365e-10, 0.000e+00, 2.006e+00, 9.983e+02, 3.674e-13
1.850e-01, 5.000e-01, -3.500e-02, 1.103e+05, 0.000e+00, 2.818e-10, 0.000e+00, 2.004e+00, 9.983e+02, 1.238e-13
1.850e-01, 5.000e-01, -2.500e-02, 1.102e+05, 0.000e+00, 8.983e-11, 0.000e+00, 2.002e+00, 9.983e+02, 3.946e-14
1.850e-01, 5.000e-01, -1.500e-02, 1.101e+05, 0.000e+00, 2.760e-11, 0.000e+00, 2.000e+00, 9.983e+02, 1.212e-14
1.850e-01, 5.000e-01, -5.000e-03, 1.100e+05, 0.000e+00, 9.554e-12, 0.000e+00, 1.999e+00, 9.983e+02, 4.196e-15
1.950e-01, 5.000e-01, -1.195e+00, 1.202e+05, 0.000e+00, 1.002e-13, 0.000e+00, 2.184e+00, 9.983e+02, 2.000e-17
1.950e-01, 5.000e-01, -1.185e+00, 1.201e+05, 0.000e+00, 1.002e-13, 0.000e+00, 2.182e+00, 9.983e+02, 2.000e-17
1.950e-01, 5.000e-01, -1.175e+00, 1.200e+05, 0.000e+00, 1.002e-13, 0.000e+00, 2.181e+00, 9.983e+02, 2.000e-17
1.950e-01, 5.000e-01, -1.165e+00, 1.199e+05, 0.000e+00, 1.002e-13, 0.000e+00, 2.179e+00, 9.983e+02, 2.000e-17
1.950e-01, 5.000e-01, -1.155e+00, 1.198e+05, 0.000e+00, 1.002e-13, 0.000e+00, 2.177e+00, 9.983e+02, 2.000e-17
1.950e-01, 5.000e-01, -1.145e+00, 1.197e+05, 0.000e+00, 1.002e-13, 0.000e+00, 2.175e+00, 9.983e+02, 2.000e-17
1.950e-01, 5.000e-01, -1.135e+00, 1.196e+05, 0.000e+00, 1.329e-12, 0.000e+00, 2.173e+00, 9.983e+02, 2.654e-16
1.950e-01, 5.000e-01, -1.125e+00, 1.195e+05, 0.000e+00, 6.527e-04, 0.000e+00, 2.172e+00, 9.984e+02, 2.579e-07
1.950e-01, 5.000e-01, -1.115e+00, 1.194e+05, 0.000e+00, 6.634e-04, 0.000e+00, 2.170e+00, 9.984e+02, 2.848e-07
1.950e-01, 5.000e-01, -1.105e+00, 1.193e+05, 0.000e+00, 6.693e-04, 0.000e+00, 2.168e+00, 9.984e+02, 2.873e-07
1.950e-01, 5.000e-01, -1.095e+00, 1.192e+05, 0.000e+00, 6.728e-04, 0.000e+00, 2.167e+00, 9.984e+02, 2.888e-07
1.950e-01, 5.000e-01, -1.085e+00, 1.191e+05, 0.000e+00, 6.712e-04, 0.000e+00, 2.165e+00, 9.984e+02, 2.881e-07
1.950e-01, 5.000e-01, -1.075e+00, 1.190e+05, 0.000e+00, 6.619e-04, 0.000e+00, 2.163e+00, 9.984e+02, 2.842e-07
1.950e-01, 5.000e-01, -1.065e+00, 1.189e+05, 0.000e+00, 6.428e-04, 0.000e+00, 2.161e+00, 9.984e+02, 2.760e-07
1.950e-01, 5.000e-01, -1.055e+00, 1.188e+05, 0.000e+00, 6.119e-04, 0.000e+00, 2.159e+00, 9.984e+02, 2.627e-07
1.950e-01, 5.000e-01, -1.045e+00, 1.187e+05, 0.000e+00, 5.677e-04, 0.000e+00, 2.158e+00, 9.984e+02, 2.437e-07
1.950e-01, 5.000e-01, -1.035e+00, 1.186e+05, 0.000e+00, 5.108e-04, 0.000e+00, 2.156e+00, 9.984e+02, 2.193e-07
1.950e-01, 5.000e-01, -1.025e+00, 1.185e+05, 0.000e+00, 4.440e-04, 0.000e+00, 2.154e+00, 9.983e+02, 1.906e-07
1.950e-01, 5.000e-01, -1.015e+00, 1.185e+05, 0.000e+00, 3.716e-04, 0.000e+00, 2.152e+00, 9.983e+02, 1.595e-07
1.950e-01, 5.000e-01, -1.005e+00, 1.184e+05, 0.000e+00, 2.984e-04, 0.000e+00, 2.150e+00, 9.983e+02, 1.281e-07
1.950e-01, 5.000e-01, -9.950e-01, 1.183e+05, 0.000e+00, 2.290e-04, 0.000e+00, 2.149e+00, 9.983e+02, 9.830e-08
1.950e-01, 5.000e-01, -9.850e-01, 1.182e+05, 0.000e+00, 1.664e-04, 0.000e+00, 2.147e+00, 9.983e+02, 7.142e-08
1.950e-01, 5.000e-01, -9.750e-01, 1.181e+05, 0.000e+00, 1.129e-04, 0.000e+00, 2.145e+00, 9.983e+02, 4.845e-08
1.950e-01, 5.000e-01, -9.650e-01, 1.180e+05, 0.000e+00, 7.029e-05, 0.000e+00, 2.143e+00, 9.983e+02, 3.017e-08
1.950e-01, 5.000e-01, -9.550e-01, 1.179e+05, 0.000e+00, 3.943e-05, 0.000e+00, 2.141e+00, 9.983e+02, 1.693e-08
1.950e-01, 5.000e-01, -9.450e-01, 1.178e+05, 0.000e+00, 1.952e-05, 0.000e+00, 2.140e+00, 9.983e+02, 8.381e-09
1.950e-01, 5.000e-01, -9.350e-01, 1.177e+05, 0.000e+00, 8.349e-06, 0.000e+00, 2.138e+00, 9.983e+02, 3.584e-09
1.950e-01, 5.000e-01, -9.250e-01, 1.176e+05, 0.000e+00, 3.015e-06, 0.000e+00, 2.136e+00, 9.983e+02, 1.294e-09
1.950e-01, 5.000e-01, -9.150e-01, 1.175e+05, 0.000e+00, 8.976e-07, 0.000e+00, 2.134e+00, 9.983e+02, 3.853e-10
1.950e-01, 5.000e-01, -9.050e-01, 1.174e+05, 0.000e+00, 2.131e-07, 0.000e+00, 2.132e+00, 9.983e+02, 9.149e-11
1.950e-01, 5.000e-01, -8.950e-01, 1.173e+05, 0.000e+00, 4.341e-08, 0.000e+00, 2.131e+00, 9.983e+02, 1.882e-11
1.950e-01, 5.000e-01, -8.850e-01, 1.187e+05, 0.000e+00, 1.083e-08, 0.000e+00, 2.156e+00, 9.983e+02, 4.759e-12
1.950e-01, 5.000e-01, -8.750e-01, 1.186e+05, 0.000e+00, 8.272e-09, 0.000e+00, 2.154e+00, 9.983e+02, 3.633e-12
1.950e-01, 5.000e-01, -8.650e-01, 1.185e+05, 0.000e+00, 2.342e-08, 0.000e+00, 2.153e+00, 9.983e+02, 1.029e-11
1.950e-01, 5.000e-01, -8.550e-01, 1.184e+05, 0.000e+00, 7.839e-08, 0.000e+00, 2.151e+00, 9.983e+02, 3.443e-11
1.950e-01, 5.000e-01, -8.450e-01, 1.183e+05, 0.000e+00, 2.498e-07, 0.000e+00, 2.149e+00, 9.983e+02, 1.097e-10
1.950e-01, 5.000e-01, -8.350e-01, 1.182e+05, 0.000e+00, 7.459e-07, 0.000e+00, 2.147e+00, 9.983e+02, 3.276e-10
1.950e-01, 5.000e-01, -8.250e-01, 1.181e+05, 0.000e+00, 2.077e-06, 0.000e+00, 2.145e+00, 9.983e+02, 9.123e-10
1.950e-01, 5.000e-01, -8.150e-01, 1.180e+05, 0.000e+00, 5.375e-06, 0.000e+00, 2.144e+00, 9.983e+02, 2.361e-09
1.950e-01, 5.000e-01, -8.050e-01, 1.179e+05, 0.000e+00, 1.288e-05, 0.000e+00, 2.142e+00, 9.983e+02, 5.657e-09
1.950e-01, 5.000e-01, -7.950e-01, 1.178e+05, 0.000e+00, 2.847e-05, 0.000e+00, 2.140e+00, 9.983e+02, 1.250e-08
1.950e-01, 5.000e-01, -7.850e-01, 1.177e+05, 0.000e+00, 5.782e-05, 0.000e+00, 2.138e+00, 9.983e+02, 2.540e-08
1.950e-01, 5.000e-01, -7.750e-01, 1.176e+05, 0.000e+00, 1.074e-04, 0.000e+00, 2.136e+00, 9.983e+02, 4.719e-08
1.950e-01, 5.000e-01, -7.650e-01, 1.175e+05, 0.000e+00, 1.818e-04, 0.000e+00, 2.135e+00, 9.983e+02, 7.987e-08
1.950e-01, 5.000e-01, -7.550e-01, 1.174e+05, 0.000e+00, 2.790e-04, 0.000e+00, 2.133e+00, 9.983e+02, 1.226e-07
1.950e-01, 5.000e-01, -7.450e-01, 1.173e+05, 0.000e+00, 3.865e-04, 0.000e+00, 2.131e+00, 9.983e+02, 1.698e-07
1.950e-01, 5.000e-01, -7.350e-01, 1.172e+05, 0.000e+00, 4.824e-04, 0.000e+00, 2.129e+00, 9.984e+02, 2.125e-07
1.950e-01, 5.000e-01, -7.250e-01, 1.156e+05, 0.000e+00, 5.433e-04, 0.000e+00, 2.101e+00, 9.984e+02, 2.441e-07
1.950e-01, 5.000e-01, -7.150e-01, 1.155e+05, 0.000e+00, 5.553e-04, 0.000e+00, 2.099e+00, 9.984e+02, 2.495e-07
1.950e-01, 5.000e-01, -7.050e-01, 1.154e+05, 0.000e+00, 5.427e-04, 0.000e+00, 2.097e+00, 9.984e+02, 2.438e-07
1.950e-01, 5.000e-01, -6.950e-01, 1.153e+05, 0.000e+00, 5.221e-04, 0.000e+00, 2.095e+00, 9.984e+02, 2.346e-07
1.950e-01, 5.000e-01, -6.850e-01, 1.152e+05, 0.000e+00, 5.017e-04, 0.000e+00, 2.093e+00, 9.984e+02, 2.254e-07
1.950e-01, 5.000e-01, -6.750e-01, 1.151e+05, 0.000e+00, 4.838e-04, 0.000e+00, 2.092e+00, 9.983e+02, 2.173e-07
1.950e-01, 5.000e-01, -6.650e-01, 1.150e+05, 0.000e+00, 4.683e-04, 0.000e+00, 2.090e+00, 9.983e+02, 2.104e-07
1.950e-01, 5.000e-01, -6.550e-01, 1.149e+05, 0.000e+00, 4.554e-04, 0.000e+00, 2.088e+00, 9.983e+02, 2.046e-07
1.950e-01, 5.000e-01, -6.450e-01, 1.148e+05, 0.000e+00, 4.453e-04, 0.000e+00, 2.086e+00, 9.983e+02, 2.001e-07
1.950e-01, 5.000e-01, -6.350e-01, 1.147e+05, 0.000e+00, 4.386e-04, 0.000e+00, 2.084e+00, 9.983e+02, 1.971e-07
1.950e-01, 5.000e-01, -6.250e-01, 1.146e+05, 0.000e+00, 4.360e-04, 0.000e+00, 2.083e+00, 9.983e+02, 1.959e-07
1.950e-01, 5.000e-01, -6.150e-01, 1.145e+05, 0.000e+00, 4.372e-04, 0.000e+00, 2.081e+00, 9.983e+02, 1.964e-07
1.950e-01, 5.000e-01, -6.050e-01, 1.144e+05, 0.000e+00, 4.404e-04, 0.000e+00, 2.079e+00, 9.983e+02, 1.979e-07
1.950e-01, 5.000e-01, -5.950e-01, 1.144e+05, 0.000e+00, 4.420e-04, 0.000e+00, 2.077e+00, 9.983e+02, 1.977e-07
1.950e-01, 5.000e-01, -5.850e-01, 1.143e+05, 0.000e+00, 4.372e-04, 0.000e+00, 2.077e+00, 9.983e+02, 1.921e-07
1.950e-01, 5.000e-01, -5.750e-01, 1.142e+05, 0.000e+00, 4.253e-04, 0.000e+00, 2.075e+00, 9.983e+02, 1.868e-07
1.950e-01, 5.000e-01, -5.650e-01, 1.141e+05, 0.000e+00, 4.104e-04, 0.000e+00, 2.073e+00, 9.983e+02, 1.803e-07
1.950e-01, 5.000e-01, -5.550e-01, 1.140e+05, 0.000e+00, 3.962e-04, 0.000e+00, 2.071e+00, 9.983e+02, 1.740e-07
1.950e-01, 5.000e-01, -5.450e-01, 1.139e+05, 0.000e+00, 3.845e-04, 0.000e+00, 2.070e+00, 9.983e+02, 1.689e-07
1.950e-01, 5.000e-01, -5.350e-01, 1.138e+05, 0.000e+00, 3.751e-04, 0.000e+00, 2.068e+00, 9.983e+02, 1.647e-07
1.950e-01, 5.000e-01, -5.250e-01, 1.137e+05, 0.000e+00, 3.670e-04, 0.000e+00, 2.066e+00, 9.983e+02, 1.612e-07
1.950e-01, 5.000e-01, -5.150e-01, 1.136e+05, 0.000e+00, 3.597e-04, 0.000e+00, 2.064e+00, 9.983e+02, 1.580e-07
1.950e-01, 5.000e-01, -5.050e-01, 1.135e+05, 0.000e+00, 3.531e-04, 0.000e+00, 2.063e+00, 9.983e+02, 1.551e-07
1.950e-01, 5.000e-01, -4.950e-01, 1.134e+05, 0.000e+00, 3.475e-04, 0.000e+00, 2.061e+00, 9.983e+02, 1.520e-07
1.950e-01, 5.000e-01, -4.850e-01, 1.135e+05, 0.000e+00, 3.432e-04, 0.000e+00, 2.063e+00, 9.983e+02, 1.473e-07
1.950e-01, 5.000e-01, -4.750e-01, 1.135e+05, 0.000e+00, 3.404e-04, 0.000e+00, 2.061e+00, 9.983e+02, 1.461e-07
1.950e-01, 5.000e-01, -4.650e-01, 1.134e+05, 0.000e+00, 3.373e-04, 0.000e+00, 2.059e+00, 9.983e+02, 1.448e-07
1.950e-01, 5.000e-01, -4.550e-01, 1.130e+05, 0.000e+00, 3.330e-04, 0.000e+00, 2.052e+00, 9.983e+02, 1.429e-07
1.950e-01, 5.000e-01, -4.450e-01, 1.129e+05, 0.000e+00, 3.258e-04, 0.000e+00, 2.050e+00, 9.983e+02, 1.398e-07
1.950e-01, 5.000e-01, -4.350e-01, 1.128e+05, 0.000e+00, 3.166e-04, 0.000e+00, 2.048e+00, 9.983e+02, 1.359e-07
1.950e-01, 5.000e-01, -4.250e-01, 1.127e+05, 0.000e+00, 3.062e-04, 0.000e+00, 2.047e+00, 9.983e+02, 1.314e-07
1.950e-01, 5.000e-01, -4.150e-01, 1.126e+05, 0.000e+00, 2.935e-04, 0.000e+00, 2.045e+00, 9.983e+02, 1.260e-07
1.950e-01, 5.000e-01, -4.050e-01, 1.125e+05, 0.000e+00, 2.770e-04, 0.000e+00, 2.043e+00, 9.983e+02, 1.189e-07
1.950e-01, 5.000e-01, -3.950e-01, 1.124e+05, 0.000e+00, 2.548e-04, 0.000e+00, 2.041e+00, 9.983e+02, 1.094e-07
1.950e-01, 5.000e-01, -3.850e-01, 1.123e+05, 0.000e+00, 2.300e-04, 0.000e+00, 2.039e+00, 9.983e+02, 9.873e-08
1.950e-01, 5.000e-01, -3.750e-01, 1.122e+05, 0.000e+00, 2.085e-04, 0.000e+00, 2.038e+00, 9.983e+02, 8.952e-08
1.950e-01, 5.000e-01, -3.650e-01, 1.121e+05, 0.000e+00, 1.914e-04, 0.000e+00, 2.036e+00, 9.983e+02, 8.218e-08
1.950e-01, 5.000e-01, -3.550e-01, 1.120e+05, 0.000e+00, 1.778e-04, 0.000e+00, 2.034e+00, 9.983e+02, 7.756e-08
1.950e-01, 5.000e-01, -3.450e-01, 1.119e+05, 0.000e+00, 1.661e-04, 0.000e+00, 2.033e+00, 9.983e+02, 7.463e-08
1.950e-01, 5.000e-01, -3.350e-01, 1.118e+05, 0.000e+00, 1.544e-04, 0.000e+00, 2.031e+00, 9.983e+02, 6.938e-08
1.950e-01, 5.000e-01, -3.250e-01, 1.117e+05, 0.000e+00, 1.409e-04, 0.000e+00, 2.029e+00, 9.983e+02, 6.327e-08
1.950e-01, 5.000e-01, -3.150e-01, 1.116e+05, 0.000e+00, 1.241e-04, 0.000e+00, 2.027e+00, 9.983e+02, 5.576e-08
1.950e-01, 5.000e-01, -3.050e-01, 1.115e+05, 0.000e+00, 1.046e-04, 0.000e+00, 2.025e+00, 9.983e+02, 4.699e-08
1.950e-01, 5.000e-01, -2.950e-01, 1.114e+05, 0.000e+00, 8.491e-05, 0.000e+00, 2.024e+00, 9.983e+02, 3.814e-08
1.950e-01, 5.000e-01, -2.850e-01, 1.113e+05, 0.000e+00, 6.855e-05, 0.000e+00, 2.022e+00, 9.983e+02, 3.079e-08
1.950e-01, 5.000e-01, -2.750e-01, 1.112e+05, 0.000e+00, 5.866e-05, 0.000e+00, 2.020e+00, 9.983e+02, 2.608e-08
1.950e-01, 5.000e-01, -2.650e-01, 1.112e+05, 0.000e+00, 5.201e-05, 0.000e+00, 2.020e+00, 9.983e+02, 2.284e-08
1.950e-01, 5.000e-01, -2.550e-01, 1.111e+05, 0.000e+00, 4.439e-05, 0.000e+00, 2.018e+00, 9.983e+02, 1.950e-08
1.950e-01, 5.000e-01, -2.450e-01, 1.110e+05, 0.000e+00, 3.637e-05, 0.000e+00, 2.016e+00, 9.983e+02, 1.598e-08
1.950e-01, 5.000e-01, -2.350e-01, 1.109e+05, 0.000e+00, 2.858e-05, 0.000e+00, 2.014e+00, 9.983e+02, 1.256e-08
1.950e-01, 5.000e-01, -2.250e-01, 1.108e+05, 0.000e+00, 2.153e-05, 0.000e+00, 2.012e+00, 9.983e+02, 9.459e-09
1.950e-01, 5.000e-01, -2.150e-01, 1.107e+05, 0.000e+00, 1.561e-05, 0.000e+00, 2.011e+00, 9.983e+02, 6.856e-09
1.950e-01, 5.000e-01, -2.050e-01, 1.106e+05, 0.000e+00, 1.113e-05, 0.000e+00, 2.009e+00, 9.983e+02, 4.888e-09
1.950e-01, 5.000e-01, -1.950e-01, 1.105e+05, 0.000e+00, 8.397e-06, 0.000e+00, 2.007e+00, 9.983e+02, 3.668e-09
1.950e-01, 5.000e-01, -1.850e-01, 1.106e+05, 0.000e+00, 6.744e-06, 0.000e+00, 2.009e+00, 9.983e+02, 2.895e-09
1.950e-01, 5.000e-01, -1.750e-01, 1.105e+05, 0.000e+00, 5.032e-06, 0.000e+00, 2.007e+00, 9.983e+02, 2.160e-09
1.950e-01, 5.000e-01, -1.650e-01, 1.104e+05, 0.000e+00, 3.458e-06, 0.000e+00, 2.005e+00, 9.983e+02, 1.484e-09
1.950e-01, 5.000e-01, -1.550e-01, 1.103e+05, 0.000e+00, 2.202e-06, 0.000e+00, 2.004e+00, 9.983e+02, 9.450e-10
1.950e-01, 5.000e-01, -1.450e-01, 1.102e+05, 0.000e+00, 1.357e-06, 0.000e+00, 2.002e+00, 9.983e+02, 5.827e-10
1.950e-01, 5.000e-01, -1.350e-01, 1.113e+05, 0.000e+00, 9.142e-07, 0.000e+00, 2.022e+00, 9.983e+02, 3.972e-10
1.950e-01, 5.000e-01, -1.250e-01, 1.112e+05, 0.000e+00, 5.824e-07, 0.000e+00, 2.020e+00, 9.983e+02, 2.558e-10
1.950e-01, 5.000e-01, -1.150e-01, 1.111e+05, 0.000e+00, 3.435e-07, 0.000e+00, 2.018e+00, 9.983e+02, 1.509e-10
1.950e-01, 5.000e-01, -1.050e-01, 1.110e+05, 0.000e+00, 1.873e-07, 0.000e+00, 2.017e+00, 9.983e+02, 8.225e-11
1.950e-01, 5.000e-01, -9.500e-02, 1.109e+05, 0.000e+00, 9.444e-08, 0.000e+00, 2.015e+00, 9.983e+02, 4.148e-11
1.950e-01, 5.000e-01, -8.500e-02, 1.108e+05, 0.000e+00, 4.413e-08, 0.000e+00, 2.013e+00, 9.983e+02, 1.938e-11
1.950e-01, 5.000e-01, -7.500e-02, 1.107e+05, 0.000e+00, 1.916e-08, 0.000e+00, 2.011e+00, 9.983e+02, 8.415e-12
1.950e-01, 5.000e-01, -6.500e-02, 1.106e+05, 0.000e+00, 7.750e-09, 0.000e+00, 2.009e+00, 9.983e+02, 3.404e-12
1.950e-01, 5.000e-01, -5.500e-02, 1.105e+05, 0.000e+00, 2.932e-09, 0.000e+00, 2.008e+00, 9.983e+02, 1.288e-12
1.950e-01, 5.000e-01, -4.500e-02, 1.104e+05, 0.000e+00, 1.042e-09, 0.000e+00, 2.006e+00, 9.983e+02, 4.575e-13
1.950e-01, 5.000e-01, -3.500e-02, 1.103e+05, 0.000e+00, 3.486e-10, 0.000e+00, 2.004e+00, 9.983e+02, 1.531e-13
1.950e-01, 5.000e-01, -2.500e-02, 1.102e+05, 0.000e+00, 1.105e-10, 0.000e+00, 2.002e+00, 9.983e+02, 4.855e-14
1.950e-01, 5.000e-01, -1.500e-02, 1.101e+05, 0.000e+00, 3.379e-11, 0.000e+00, 2.000e+00, 9.983e+02, 1.484e-14
1.950e-01, 5.000e-01, -5.000e-03, 1.100e+05, 0.000e+00, 1.165e-11, 0.000e+00, 1.999e+00, 9.983e+02, 5.115e-15
2.050e-01, 5.000e-01, -1.195e+00, 1.202e+05, 0.000e+00, 1.002e-13, 0.000e+00, 2.184e+00, 9.983e+02, 2.000e-17
2.050e-01, 5.000e-01, -1.185e+00, 1.201e+05, 0.000e+00, 1.002e-13, 0.000e+00, 2.182e+00, 9.983e+02, 2.000e-17
2.050e-01, 5.000e-01, -1.175e+00, 1.200e+05, 0.000e+00, 1.002e-13, 0.000e+00, 2.181e+00, 9.983e+02, 2.000e-17
2.050e-01, 5.000e-01, -1.165e+00, 1.199e+05, 0.000e+00, 1.002e-13, 0.000e+00, 2.179e+00, 9.983e+02, 2.000e-17
2.050e-01, 5.000e-01, -1.155e+00, 1.198e+05, 0.000e+00, 1.002e-13, 0.000e+00, 2.177e+00, 9.983e+02, 2.000e-17
2.050e-01, 5.000e-01, -1.145e+00, 1.197e+05, 0.000e+00, 1.002e-13, 0.000e+00, 2.175e+00, 9.983e+02, 2.000e-17
2.050e-01, 5.000e-01, -1.135e+00, 1.196e+05, 0.000e+00, 5.065e-11, 0.000e+00, 2.173e+00, 9.983e+02, 1.217e-14
2.050e-01, 5.000e-01, -1.125e+00, 1.195e+05, 0.000e+00, 6.608e-04, 0.000e+00, 2.172e+00, 9.984e+02, 2.837e-07
2.050e-01, 5.000e-01, -1.115e+00, 1.194e+05, 0.000e+00, 6.657e-04, 0.000e+00, 2.170e+00, 9.984e+02, 2.858e-07
2.050e-01, 5.000e-01, -1.105e+00, 1.193e+05, 0.000e+00, 6.720e-04, 0.000e+00, 2.168e+00, 9.984e+02, 2.885e-07
2.050e-01, 5.000e-01, -1.095e+00, 1.192e+05, 0.000e+00, 6.753e-04, 0.000e+00, 2.167e+00, 9.984e+02, 2.899e-07
2.050e-01, 5.000e-01, -1.085e+00, 1.191e+05, 0.000e+00, 6.729e-04, 0.000e+00, 2.165e+00, 9.984e+02, 2.889e-07
2.050e-01, 5.000e-01, -1.075e+00, 1.190e+05, 0.000e+00, 6.631e-04, 0.000e+00, 2.163e+00, 9.984e+02, 2.847e-07
2.050e-01, 5.000e-01, -1.065e+00, 1.189e+05, 0.000e+00, 6.442e-04, 0.000e+00, 2.161e+00, 9.984e+02, 2.766e-07
2.050e-01, 5.000e-01, -1.055e+00, 1.188e+05, 0.000e+00, 6.139e-04, 0.000e+00, 2.159e+00, 9.984e+02, 2.635e-07
2.050e-01, 5.000e-01, -1.045e+00, 1.187e+05, 0.000e+00, 5.705e-04, 0.000e+00, 2.158e+00, 9.984e+02, 2.449e-07
2.050e-01, 5.000e-01, -1.035e+00, 1.186e+05, 0.000e+00, 5.146e-04, 0.000e+00, 2.156e+00, 9.984e+02, 2.209e-07
2.050e-01, 5.000e-01, -1.025e+00, 1.185e+05, 0.000e+00, 4.490e-04, 0.000e+00, 2.154e+00, 9.983e+02, 1.927e-07
2.050e-01, 5.000e-01, -1.015e+00, 1.185e+05, 0.000e+00, 3.774e-04, 0.000e+00, 2.152e+00, 9.983e+02, 1.620e-07
2.050e-01, 5.000e-01, -1.005e+00, 1.184e+05, 0.000e+00, 3.043e-04, 0.000e+00, 2.150e+00, 9.983e+02, 1.306e-07
2.050e-01, 5.000e-01, -9.950e-01, 1.183e+05, 0.000e+00, 2.342e-04, 0.000e+00, 2.149e+00, 9.983e+02, 1.005e-07
2.050e-01, 5.000e-01, -9.850e-01, 1.182e+05, 0.000e+00, 1.706e-04, 0.000e+00, 2.147e+00, 9.983e+02, 7.321e-08
2.050e-01, 5.000e-01, -9.750e-01, 1.181e+05, 0.000e+00, 1.159e-04, 0.000e+00, 2.145e+00, 9.983e+02, 4.976e-08
2.050e-01, 5.000e-01, -9.650e-01, 1.180e+05, 0.000e+00, 7.229e-05, 0.000e+00, 2.143e+00, 9.983e+02, 3.103e-08
2.050e-01, 5.000e-01, -9.550e-01, 1.179e+05, 0.000e+00, 4.055e-05, 0.000e+00, 2.141e+00, 9.983e+02, 1.741e-08
2.050e-01, 5.000e-01, -9.450e-01, 1.178e+05, 0.000e+00, 2.003e-05, 0.000e+00, 2.140e+00, 9.983e+02, 8.597e-09
2.050e-01, 5.000e-01, -9.350e-01, 1.177e+05, 0.000e+00, 8.512e-06, 0.000e+00, 2.138e+00, 9.983e+02, 3.654e-09
2.050e-01, 5.000e-01, -9.250e-01, 1.176e+05, 0.000e+00, 3.046e-06, 0.000e+00, 2.136e+00, 9.983e+02, 1.308e-09
2.050e-01, 5.000e-01, -9.150e-01, 1.175e+05, 0.000e+00, 9.005e-07, 0.000e+00, 2.134e+00, 9.983e+02, 3.865e-10
2.050e-01, 5.000e-01, -9.050e-01, 1.174e+05, 0.000e+00, 2.166e-07, 0.000e+00, 2.132e+00, 9.983e+02, 9.296e-11
2.050e-01, 5.000e-01, -8.950e-01, 1.188e+05, 0.000e+00, 4.531e-08, 0.000e+00, 2.158e+00, 9.983e+02, 1.971e-11
2.050e-01, 5.000e-01, -8.850e-01, 1.187e+05, 0.000e+00, 1.226e-08, 0.000e+00, 2.156e+00, 9.983e+02, 5.384e-12
2.050e-01, 5.000e-01, -8.750e-01, 1.186e+05, 0.000e+00, 1.208e-08, 0.000e+00, 2.154e+00, 9.983e+02, 5.304e-12
2.050e-01, 5.000e-01, -8.650e-01, 1.185e+05, 0.000e+00, 3.633e-08, 0.000e+00, 2.153e+00, 9.983e+02, 1.596e-11
2.050e-01, 5.000e-01, -8.550e-01, 1.184e+05, 0.000e+00, 1.202e-07, 0.000e+00, 2.151e+00, 9.983e+02, 5.278e-11
2.050e-01, 5.000e-01, -8.450e-01, 1.183e+05, 0.000e+00, 3.758e-07, 0.000e+00, 2.149e+00, 9.983e+02, 1.651e-10
2.050e-01, 5.000e-01, -8.350e-01, 1.182e+05, 0.000e+00, 1.099e-06, 0.000e+00, 2.147e+00, 9.983e+02, 4.826e-10
2.050e-01, 5.000e-01, -8.250e-01, 1.181e+05, 0.000e+00, 2.990e-06, 0.000e+00, 2.145e+00, 9.983e+02, 1.313e-09
2.050e-01, 5.000e-01, -8.150e-01, 1.180e+05, 0.000e+00, 7.544e-06, 0.000e+00, 2.144e+00, 9.983e+02, 3.313e-09
2.050e-01, 5.000e-01, -8.050e-01, 1.179e+05, 0.000e+00, 1.759e-05, 0.000e+00, 2.142e+00, 9.983e+02, 7.724e-09
2.050e-01, 5.000e-01, -7.950e-01, 1.178e+05, 0.000e+00, 3.773e-05, 0.000e+00, 2.140e+00, 9.983e+02, 1.657e-08
2.050e-01, 5.000e-01, -7.850e-01, 1.177e+05, 0.000e+00, 7.425e-05, 0.000e+00, 2.138e+00, 9.983e+02, 3.261e-08
2.050e-01, 5.000e-01, -7.750e-01, 1.176e+05, 0.000e+00, 1.334e-04, 0.000e+00, 2.136e+00, 9.983e+02, 5.861e-08
2.050e-01, 5.000e-01, -7.650e-01, 1.175e+05, 0.000e+00, 2.180e-04, 0.000e+00, 2.135e+00, 9.983e+02, 9.577e-08
2.050e-01, 5.000e-01, -7.550e-01, 1.174e+05, 0.000e+00, 3.224e-04, 0.000e+00, 2.133e+00, 9.983e+02, 1.416e-07
2.050e-01, 5.000e-01, -7.450e-01, 1.173e+05, 0.000e+00, 4.299e-04, 0.000e+00, 2.131e+00, 9.983e+02, 1.889e-07
2.050e-01, 5.000e-01, -7.350e-01, 1.172e+05, 0.000e+00, 5.156e-04, 0.000e+00, 2.129e+00, 9.984e+02, 2.280e-07
2.050e-01, 5.000e-01, -7.250e-01, 1.156e+05, 0.000e+00, 5.582e-04, 0.000e+00, 2.101e+00, 9.984e+02, 2.508e-07
2.050e-01, 5.000e-01, -7.150e-01, 1.155e+05, 0.000e+00, 5.605e-04, 0.000e+00, 2.099e+00, 9.984e+02, 2.518e-07
2.050e-01, 5.000e-01, -7.050e-01, 1.154e+05, 0.000e+00, 5.445e-04, 0.000e+00, 2.097e+00, 9.984e+02, 2.446e-07
2.050e-01, 5.000e-01, -6.950e-01, 1.153e+05, 0.000e+00, 5.244e-04, 0.000e+00, 2.095e+00, 9.984e+02, 2.356e-07
2.050e-01, 5.000e-01, -6.850e-01, 1.152e+05, 0.000e+00, 5.062e-04, 0.000e+00, 2.093e+00, 9.984e+02, 2.274e-07
2.050e-01, 5.000e-01, -6.750e-01, 1.151e+05, 0.000e+00, 4.906e-04, 0.000e+00, 2.092e+00, 9.984e+02, 2.204e-07
2.050e-01, 5.000e-01, -6.650e-01, 1.150e+05, 0.000e+00, 4.772e-04, 0.000e+00, 2.090e+00, 9.983e+02, 2.144e-07
2.050e-01, 5.000e-01, -6.550e-01, 1.149e+05, 0.000e+00, 4.658e-04, 0.000e+00, 2.088e+00, 9.983e+02, 2.093e-07
2.050e-01, 5.000e-01, -6.450e-01, 1.148e+05, 0.000e+00, 4.568e-04, 0.000e+00, 2.086e+00, 9.983e+02, 2.052e-07
2.050e-01, 5.000e-01, -6.350e-01, 1.147e+05, 0.000e+00, 4.508e-04, 0.000e+00, 2.084e+00, 9.983e+02, 2.025e-07
2.050e-01, 5.000e-01, -6.250e-01, 1.146e+05, 0.000e+00, 4.478e-04, 0.000e+00, 2.083e+00, 9.983e+02, 2.012e-07
2.050e-01, 5.000e-01, -6.150e-01, 1.145e+05, 0.000e+00, 4.469e-04, 0.000e+00, 2.081e+00, 9.983e+02, 2.008e-07
2.050e-01, 5.000e-01, -6.050e-01, 1.144e+05, 0.000e+00, 4.459e-04, 0.000e+00, 2.079e+00, 9.983e+02, 2.003e-07
2.050e-01, 5.000e-01, -5.950e-01, 1.144e+05, 0.000e+00, 4.417e-04, 0.000e+00, 2.077e+00, 9.983e+02, 1.973e-07
2.050e-01, 5.000e-01, -5.850e-01, 1.143e+05, 0.000e+00, 4.316e-04, 0.000e+00, 2.077e+00, 9.983e+02, 1.896e-07
2.050e-01, 5.000e-01, -5.750e-01, 1.142e+05, 0.000e+00, 4.180e-04, 0.000e+00, 2.075e+00, 9.983e+02, 1.836e-07
2.050e-01, 5.000e-01, -5.650e-01, 1.141e+05, 0.000e+00, 4.044e-04, 0.000e+00, 2.073e+00, 9.983e+02, 1.776e-07
2.050e-01, 5.000e-01, -5.550e-01, 1.140e+05, 0.000e+00, 3.932e-04, 0.000e+00, 2.071e+00, 9.983e+02, 1.727e-07
2.050e-01, 5.000e-01, -5.450e-01, 1.139e+05, 0.000e+00, 3.849e-04, 0.000e+00, 2.070e+00, 9.983e+02, 1.691e-07
2.050e-01, 5.000e-01, -5.350e-01, 1.138e+05, 0.000e+00, 3.785e-04, 0.000e+00, 2.068e+00, 9.983e+02, 1.663e-07
2.050e-01, 5.000e-01, -5.250e-01, 1.137e+05, 0.000e+00, 3.730e-04, 0.000e+00, 2.066e+00, 9.983e+02, 1.638e-07
2.050e-01, 5.000e-01, -5.150e-01, 1.136e+05, 0.000e+00, 3.674e-04, 0.000e+00, 2.064e+00, 9.983e+02, 1.614e-07
2.050e-01, 5.000e-01, -5.050e-01, 1.135e+05, 0.000e+00, 3.615e-04, 0.000e+00, 2.063e+00, 9.983e+02, 1.588e-07
2.050e-01, 5.000e-01, -4.950e-01, 1.134e+05, 0.000e+00, 3.555e-04, 0.000e+00, 2.061e+00, 9.983e+02, 1.553e-07
2.050e-01, 5.000e-01, -4.850e-01, 1.135e+05, 0.000e+00, 3.502e-04, 0.000e+00, 2.063e+00, 9.983e+02, 1.503e-07
2.050e-01, 5.000e-01, -4.750e-01, 1.135e+05, 0.000e+00, 3.457e-04, 0.000e+00, 2.061e+00, 9.983e+02, 1.484e-07
2.050e-01, 5.000e-01, -4.650e-01, 1.134e+05, 0.000e+00, 3.407e-04, 0.000e+00, 2.059e+00, 9.983e+02, 1.463e-07
2.050e-01, 5.000e-01, -4.550e-01, 1.130e+05, 0.000e+00, 3.349e-04, 0.000e+00, 2.052e+00, 9.983e+02, 1.438e-07
2.050e-01, 5.000e-01, -4.450e-01, 1.129e+05, 0.000e+00, 3.273e-04, 0.000e+00, 2.050e+00, 9.983e+02, 1.405e-07
2.050e-01, 5.000e-01, -4.350e-01, 1.128e+05, 0.000e+00, 3.190e-04, 0.000e+00, 2.048e+00, 9.983e+02, 1.369e-07
2.050e-01, 5.000e-01, -4.250e-01, 1.127e+05, 0.000e+00, 3.101e-04, 0.000e+00, 2.047e+00, 9.983e+02, 1.331e-07
2.050e-01, 5.000e-01, -4.150e-01, 1.126e+05, 0.000e+00, 2.994e-04, 0.000e+00, 2.045e+00, 9.983e+02, 1.285e-07
2.050e-01, 5.000e-01, -4.050e-01, 1.125e+05, 0.000e+00, 2.850e-04, 0.000e+00, 2.043e+00, 9.983e+02, 1.223e-07
2.050e-01, 5.000e-01, -3.950e-01, 1.124e+05, 0.000e+00, 2.648e-04, 0.000e+00, 2.041e+00, 9.983e+02, 1.137e-07
2.050e-01, 5.000e-01, -3.850e-01, 1.123e+05, 0.000e+00, 2.386e-04, 0.000e+00, 2.039e+00, 9.983e+02, 1.024e-07
2.050e-01, 5.000e-01, -3.750e-01, 1.122e+05, 0.000e+00, 2.133e-04, 0.000e+00, 2.038e+00, 9.983e+02, 9.154e-08
2.050e-01, 5.000e-01, -3.650e-01, 1.121e+05, 0.000e+00, 1.931e-04, 0.000e+00, 2.036e+00, 9.983e+02, 8.289e-08
2.050e-01, 5.000e-01, -3.550e-01, 1.120e+05, 0.000e+00, 1.775e-04, 0.000e+00, 2.034e+00, 9.983e+02, 7.731e-08
2.050e-01, 5.000e-01, -3.450e-01, 1.119e+05, 0.000e+00, 1.655e-04, 0.000e+00, 2.033e+00, 9.983e+02, 7.435e-08
2.050e-01, 5.000e-01, -3.350e-01, 1.118e+05, 0.000e+00, 1.554e-04, 0.000e+00, 2.031e+00, 9.983e+02, 6.980e-08
2.050e-01, 5.000e-01, -3.250e-01, 1.117e+05, 0.000e+00, 1.449e-04, 0.000e+00, 2.029e+00, 9.983e+02, 6.507e-08
2.050e-01, 5.000e-01, -3.150e-01, 1.116e+05, 0.000e+00, 1.324e-04, 0.000e+00, 2.027e+00, 9.983e+02, 5.948e-08
2.050e-01, 5.000e-01, -3.050e-01, 1.115e+05, 0.000e+00, 1.171e-04, 0.000e+00, 2.025e+00, 9.983e+02, 5.263e-08
2.050e-01, 5.000e-01, -2.950e-01, 1.114e+05, 0.000e+00, 1.002e-04, 0.000e+00, 2.024e+00, 9.983e+02, 4.503e-08
2.050e-01, 5.000e-01, -2.850e-01, 1.113e+05, 0.000e+00, 8.448e-05, 0.000e+00, 2.022e+00, 9.983e+02, 3.795e-08
2.050e-01, 5.000e-01, -2.750e-01, 1.112e+05, 0.000e+00, 7.447e-05, 0.000e+00, 2.020e+00, 9.983e+02, 3.315e-08
2.050e-01, 5.000e-01, -2.650e-01, 1.112e+05, 0.000e+00, 6.781e-05, 0.000e+00, 2.020e+00, 9.983e+02, 2.979e-08
2.050e-01, 5.000e-01, -2.550e-01, 1.111e+05, 0.000e+00, 5.850e-05, 0.000e+00, 2.018e+00, 9.983e+02, 2.570e-08
2.050e-01, 5.000e-01, -2.450e-01, 1.110e+05, 0.000e+00, 4.815e-05, 0.000e+00, 2.016e+00, 9.983e+02, 2.115e-08
2.050e-01, 5.000e-01, -2.350e-01, 1.109e+05, 0.000e+00, 3.795e-05, 0.000e+00, 2.014e+00, 9.983e+02, 1.667e-08
2.050e-01, 5.000e-01, -2.250e-01, 1.108e+05, 0.000e+00, 2.870e-05, 0.000e+00, 2.012e+00, 9.983e+02, 1.261e-08
2.050e-01, 5.000e-01, -2.150e-01, 1.107e+05, 0.000e+00, 2.093e-05, 0.000e+00, 2.011e+00, 9.983e+02, 9.191e-09
2.050e-01, 5.000e-01, -2.050e-01, 1.106e+05, 0.000e+00, 1.504e-05, 0.000e+00, 2.009e+00, 9.983e+02, 6.607e-09
2.050e-01, 5.000e-01, -1.950e-01, 1.105e+05, 0.000e+00, 1.143e-05, 0.000e+00, 2.007e+00, 9.983e+02, 4.993e-09
2.050e-01, 5.000e-01, -1.850e-01, 1.106e+05, 0.000e+00, 9.316e-06, 0.000e+00, 2.009e+00, 9.983e+02, 3.999e-09
2.050e-01, 5.000e-01, -1.750e-01, 1.105e+05, 0.000e+00, 6.990e-06, 0.000e+00, 2.007e+00, 9.983e+02, 3.001e-09
2.050e-01, 5.000e-01, -1.650e-01, 1.104e+05, 0.000e+00, 4.802e-06, 0.000e+00, 2.005e+00, 9.983e+02, 2.061e-09
2.050e-01, 5.000e-01, -1.550e-01, 1.103e+05, 0.000e+00, 3.041e-06, 0.000e+00, 2.004e+00, 9.983e+02, 1.305e-09
2.050e-01, 5.000e-01, -1.450e-01, 1.102e+05, 0.000e+00, 1.854e-06, 0.000e+00, 2.002e+00, 9.983e+02, 7.958e-10
2.050e-01, 5.000e-01, -1.350e-01, 1.101e+05, 0.000e+00, 1.225e-06, 0.000e+00, 2.000e+00, 9.983e+02, 5.316e-10
2.050e-01, 5.000e-01, -1.250e-01, 1.112e+05, 0.000e+00, 7.695e-07, 0.000e+00, 2.020e+00, 9.983e+02, 3.380e-10
2.050e-01, 5.000e-01, -1.150e-01, 1.111e+05, 0.000e+00, 4.474e-07, 0.000e+00, 2.018e+00, 9.983e+02, 1.965e-10
2.050e-01, 5.000e-01, -1.050e-01, 1.110e+05, 0.000e+00, 2.404e-07, 0.000e+00, 2.017e+00, 9.983e+02, 1.056e-10
2.050e-01, 5.000e-01, -9.500e-02, 1.109e+05, 0.000e+00, 1.196e-07, 0.000e+00, 2.015e+00, 9.983e+02, 5.255e-11
2.050e-01, 5.000e-01, -8.500e-02, 1.108e+05, 0.000e+00, 5.522e-08, 0.000e+00, 2.013e+00, 9.983e+02, 2.426e-11
2.050e-01, 5.000e-01, -7.500e-02, 1.107e+05, 0.000e+00, 2.371e-08, 0.000e+00, 2.011e+00, 9.983e+02, 1.041e-11
2.050e-01, 5.000e-01, -6.500e-02, 1.106e+05, 0.000e+00, 9.500e-09, 0.000e+00, 2.009e+00, 9.983e+02, 4.173e-12
2.050e-01, 5.000e-01, -5.500e-02, 1.105e+05, 0.000e+00, 3.565e-09, 0.000e+00, 2.008e+00, 9.983e+02, 1.566e-12
2.050e-01, 5.000e-01, -4.500e-02, 1.104e+05, 0.000e+00, 1.257e-09, 0.000e+00, 2.006e+00, 9.983e+02, 5.523e-13
2.050e-01, 5.000e-01, -3.500e-02, 1.103e+05, 0.000e+00, 4.185e-10, 0.000e+00, 2.004e+00, 9.983e+02, 1.838e-13
2.050e-01, 5.000e-01, -2.500e-02, 1.102e+05, 0.000e+00, 1.321e-10, 0.000e+00, 2.002e+00, 9.983e+02, 5.801e-14
2.050e-01, 5.000e-01, -1.500e-02, 1.101e+05, 0.000e+00, 4.026e-11, 0.000e+00, 2.000e+00, 9.983e+02, 1.768e-14
2.050e-01, 5.000e-01, -5.000e-03, 1.100e+05, 0.000e+00, 1.384e-11, 0.000e+00, 1.999e+00, 9.983e+02, 6.079e-15
2.150e-01, 5.000e-01, -1.195e+00, 1.202e+05, 0.000e+00, 1.002e-13, 0.000e+00, 2.184e+00, 9.983e+02, 2.000e-17
2.150e-01, 5.000e-01, -1.185e+00, 1.201e+05, 0.000e+00, 1.002e-13, 0.000e+00, 2.182e+00, 9.983e+02, 2.000e-17
2.150e-01, 5.000e-01, -1.175e+00, 1.200e+05, 0.000e+00, 1.002e-13, 0.000e+00, 2.181e+00, 9.983e+02, 2.000e-17
2.150e-01, 5.000e-01, -1.165e+00, 1.199e+05, 0.000e+00, 1.002e-13, 0.000e+00, 2.179e+00, 9.983e+02, 2.000e-17
2.150e-01, 5.000e-01, -1.155e+00, 1.198e+05, 0.000e+00, 1.002e-13, 0.000e+00, 2.177e+00, 9.983e+02, 2.000e-17
2.150e-01, 5.000e-01, -1.145e+00, 1.197e+05, 0.000e+00, 1.539e-12, 0.000e+00, 2.175e+00, 9.983e+02, 3.094e-16
2.150e-01, 5.000e-01, -1.135e+00, 1.196e+05, 0.000e+00, 6.550e-04, 0.000e+00, 2.174e+00, 9.984e+02, 2.384e-07
2.150e-01, 5.000e-01, -1.125e+00, 1.195e+05, 0.000e+00, 6.633e-04, 0.000e+00, 2.172e+00, 9.984e+02, 2.848e-07
2.150e-01, 5.000e-01, -1.115e+00, 1.194e+05, 0.000e+00, 6.698e-04, 0.000e+00, 2.170e+00, 9.984e+02, 2.876e-07
2.150e-01, 5.000e-01, -1.105e+00, 1.193e+05, 0.000e+00, 6.756e-04, 0.000e+00, 2.168e+00, 9.984e+02, 2.900e-07
2.150e-01, 5.000e-01, -1.095e+00, 1.192e+05, 0.000e+00, 6.777e-04, 0.000e+00, 2.167e+00, 9.984e+02, 2.909e-07
2.150e-01, 5.000e-01, -1.085e+00, 1.191e+05, 0.000e+00, 6.743e-04, 0.000e+00, 2.165e+00, 9.984e+02, 2.895e-07
2.150e-01, 5.000e-01, -1.075e+00, 1.190e+05, 0.000e+00, 6.642e-04, 0.000e+00, 2.163e+00, 9.984e+02, 2.851e-07
2.150e-01, 5.000e-01, -1.065e+00, 1.189e+05, 0.000e+00, 6.455e-04, 0.000e+00, 2.161e+00, 9.984e+02, 2.771e-07
2.150e-01, 5.000e-01, -1.055e+00, 1.188e+05, 0.000e+00, 6.157e-04, 0.000e+00, 2.159e+00, 9.984e+02, 2.643e-07
2.150e-01, 5.000e-01, -1.045e+00, 1.187e+05, 0.000e+00, 5.730e-04, 0.000e+00, 2.158e+00, 9.984e+02, 2.460e-07
2.150e-01, 5.000e-01, -1.035e+00, 1.186e+05, 0.000e+00, 5.180e-04, 0.000e+00, 2.156e+00, 9.984e+02, 2.224e-07
2.150e-01, 5.000e-01, -1.025e+00, 1.185e+05, 0.000e+00, 4.536e-04, 0.000e+00, 2.154e+00, 9.983e+02, 1.947e-07
2.150e-01, 5.000e-01, -1.015e+00, 1.185e+05, 0.000e+00, 3.832e-04, 0.000e+00, 2.152e+00, 9.983e+02, 1.645e-07
2.150e-01, 5.000e-01, -1.005e+00, 1.184e+05, 0.000e+00, 3.104e-04, 0.000e+00, 2.150e+00, 9.983e+02, 1.332e-07
2.150e-01, 5.000e-01, -9.950e-01, 1.183e+05, 0.000e+00, 2.399e-04, 0.000e+00, 2.149e+00, 9.983e+02, 1.030e-07
2.150e-01, 5.000e-01, -9.850e-01, 1.182e+05, 0.000e+00, 1.753e-04, 0.000e+00, 2.147e+00, 9.983e+02, 7.526e-08
2.150e-01, 5.000e-01, -9.750e-01, 1.181e+05, 0.000e+00, 1.195e-04, 0.000e+00, 2.145e+00, 9.983e+02, 5.130e-08
2.150e-01, 5.000e-01, -9.650e-01, 1.180e+05, 0.000e+00, 7.467e-05, 0.000e+00, 2.143e+00, 9.983e+02, 3.205e-08
2.150e-01, 5.000e-01, -9.550e-01, 1.179e+05, 0.000e+00, 4.190e-05, 0.000e+00, 2.141e+00, 9.983e+02, 1.799e-08
2.150e-01, 5.000e-01, -9.450e-01, 1.178e+05, 0.000e+00, 2.064e-05, 0.000e+00, 2.140e+00, 9.983e+02, 8.859e-09
2.150e-01, 5.000e-01, -9.350e-01, 1.177e+05, 0.000e+00, 8.706e-06, 0.000e+00, 2.138e+00, 9.983e+02, 3.737e-09
2.150e-01, 5.000e-01, -9.250e-01, 1.176e+05, 0.000e+00, 3.075e-06, 0.000e+00, 2.136e+00, 9.983e+02, 1.320e-09
2.150e-01, 5.000e-01, -9.150e-01, 1.175e+05, 0.000e+00, 8.951e-07, 0.000e+00, 2.134e+00, 9.983e+02, 3.842e-10
2.150e-01, 5.000e-01, -9.050e-01, 1.174e+05, 0.000e+00, 2.156e-07, 0.000e+00, 2.132e+00, 9.983e+02, 9.254e-11
2.150e-01, 5.000e-01, -8.950e-01, 1.188e+05, 0.000e+00, 4.675e-08, 0.000e+00, 2.158e+00, 9.983e+02, 2.039e-11
2.150e-01, 5.000e-01, -8.850e-01, 1.187e+05, 0.000e+00, 1.394e-08, 0.000e+00, 2.156e+00, 9.983e+02, 6.122e-12
2.150e-01, 5.000e-01, -8.750e-01, 1.186e+05, 0.000e+00, 1.722e-08, 0.000e+00, 2.154e+00, 9.983e+02, 7.565e-12
2.150e-01, 5.000e-01, -8.650e-01, 1.185e+05, 0.000e+00, 5.371e-08, 0.000e+00, 2.153e+00, 9.983e+02, 2.359e-11
2.150e-01, 5.000e-01, -8.550e-01, 1.184e+05, 0.000e+00, 1.755e-07, 0.000e+00, 2.151e+00, 9.983e+02, 7.709e-11
2.150e-01, 5.000e-01, -8.450e-01, 1.183e+05, 0.000e+00, 5.396e-07, 0.000e+00, 2.149e+00, 9.983e+02, 2.370e-10
2.150e-01, 5.000e-01, -8.350e-01, 1.182e+05, 0.000e+00, 1.546e-06, 0.000e+00, 2.147e+00, 9.983e+02, 6.792e-10
2.150e-01, 5.000e-01, -8.250e-01, 1.181e+05, 0.000e+00, 4.117e-06, 0.000e+00, 2.145e+00, 9.983e+02, 1.808e-09
2.150e-01, 5.000e-01, -8.150e-01, 1.180e+05, 0.000e+00, 1.014e-05, 0.000e+00, 2.144e+00, 9.983e+02, 4.454e-09
2.150e-01, 5.000e-01, -8.050e-01, 1.179e+05, 0.000e+00, 2.303e-05, 0.000e+00, 2.142e+00, 9.983e+02, 1.012e-08
2.150e-01, 5.000e-01, -7.950e-01, 1.178e+05, 0.000e+00, 4.805e-05, 0.000e+00, 2.140e+00, 9.983e+02, 2.110e-08
2.150e-01, 5.000e-01, -7.850e-01, 1.177e+05, 0.000e+00, 9.175e-05, 0.000e+00, 2.138e+00, 9.983e+02, 4.030e-08
2.150e-01, 5.000e-01, -7.750e-01, 1.176e+05, 0.000e+00, 1.598e-04, 0.000e+00, 2.136e+00, 9.983e+02, 7.019e-08
2.150e-01, 5.000e-01, -7.650e-01, 1.175e+05, 0.000e+00, 2.528e-04, 0.000e+00, 2.135e+00, 9.983e+02, 1.110e-07
2.150e-01, 5.000e-01, -7.550e-01, 1.174e+05, 0.000e+00, 3.617e-04, 0.000e+00, 2.133e+00, 9.983e+02, 1.589e-07
2.150e-01, 5.000e-01, -7.450e-01, 1.173e+05, 0.000e+00, 4.667e-04, 0.000e+00, 2.131e+00, 9.983e+02, 2.050e-07
2.150e-01, 5.000e-01, -7.350e-01, 1.172e+05, 0.000e+00, 5.420e-04, 0.000e+00, 2.129e+00, 9.984e+02, 2.407e-07
2.150e-01, 5.000e-01, -7.250e-01, 1.156e+05, 0.000e+00, 5.684e-04, 0.000e+00, 2.101e+00, 9.984e+02, 2.553e-07
2.150e-01, 5.000e-01, -7.150e-01, 1.155e+05, 0.000e+00, 5.634e-04, 0.000e+00, 2.099e+00, 9.984e+02, 2.531e-07
2.150e-01, 5.000e-01, -7.050e-01, 1.154e+05, 0.000e+00, 5.454e-04, 0.000e+00, 2.097e+00, 9.984e+02, 2.450e-07
2.150e-01, 5.000e-01, -6.950e-01, 1.153e+05, 0.000e+00, 5.265e-04, 0.000e+00, 2.095e+00, 9.984e+02, 2.365e-07
2.150e-01, 5.000e-01, -6.850e-01, 1.152e+05, 0.000e+00, 5.107e-04, 0.000e+00, 2.093e+00, 9.984e+02, 2.294e-07
2.150e-01, 5.000e-01, -6.750e-01, 1.151e+05, 0.000e+00, 4.975e-04, 0.000e+00, 2.092e+00, 9.984e+02, 2.235e-07
2.150e-01, 5.000e-01, -6.650e-01, 1.150e+05, 0.000e+00, 4.861e-04, 0.000e+00, 2.090e+00, 9.984e+02, 2.184e-07
2.150e-01, 5.000e-01, -6.550e-01, 1.149e+05, 0.000e+00, 4.761e-04, 0.000e+00, 2.088e+00, 9.983e+02, 2.139e-07
2.150e-01, 5.000e-01, -6.450e-01, 1.148e+05, 0.000e+00, 4.678e-04, 0.000e+00, 2.086e+00, 9.983e+02, 2.101e-07
2.150e-01, 5.000e-01, -6.350e-01, 1.147e+05, 0.000e+00, 4.613e-04, 0.000e+00, 2.084e+00, 9.983e+02, 2.073e-07
2.150e-01, 5.000e-01, -6.250e-01, 1.146e+05, 0.000e+00, 4.566e-04, 0.000e+00, 2.083e+00, 9.983e+02, 2.051e-07
2.150e-01, 5.000e-01, -6.150e-01, 1.145e+05, 0.000e+00, 4.523e-04, 0.000e+00, 2.081e+00, 9.983e+02, 2.032e-07
2.150e-01, 5.000e-01, -6.050e-01, 1.144e+05, 0.000e+00, 4.465e-04, 0.000e+00, 2.079e+00, 9.983e+02, 2.006e-07
2.150e-01, 5.000e-01, -5.950e-01, 1.144e+05, 0.000e+00, 4.369e-04, 0.000e+00, 2.077e+00, 9.983e+02, 1.949e-07
2.150e-01, 5.000e-01, -5.850e-01, 1.143e+05, 0.000e+00, 4.232e-04, 0.000e+00, 2.077e+00, 9.983e+02, 1.859e-07
2.150e-01, 5.000e-01, -5.750e-01, 1.142e+05, 0.000e+00, 4.093e-04, 0.000e+00, 2.075e+00, 9.983e+02, 1.798e-07
2.150e-01, 5.000e-01, -5.650e-01, 1.141e+05, 0.000e+00, 3.974e-04, 0.000e+00, 2.073e+00, 9.983e+02, 1.746e-07
2.150e-01, 5.000e-01, -5.550e-01, 1.140e+05, 0.000e+00, 3.886e-04, 0.000e+00, 2.071e+00, 9.983e+02, 1.707e-07
2.150e-01, 5.000e-01, -5.450e-01, 1.139e+05, 0.000e+00, 3.830e-04, 0.000e+00, 2.070e+00, 9.983e+02, 1.682e-07
2.150e-01, 5.000e-01, -5.350e-01, 1.138e+05, 0.000e+00, 3.794e-04, 0.000e+00, 2.068e+00, 9.983e+02, 1.667e-07
2.150e-01, 5.000e-01, -5.250e-01, 1.137e+05, 0.000e+00, 3.766e-04, 0.000e+00, 2.066e+00, 9.983e+02, 1.654e-07
2.150e-01, 5.000e-01, -5.150e-01, 1.136e+05, 0.000e+00, 3.731e-04, 0.000e+00, 2.064e+00, 9.983e+02, 1.639e-07
2.150e-01, 5.000e-01, -5.050e-01, 1.135e+05, 0.000e+00, 3.681e-04, 0.000e+00, 2.063e+00, 9.983e+02, 1.617e-07
2.150e-01, 5.000e-01, -4.950e-01, 1.134e+05, 0.000e+00, 3.618e-04, 0.000e+00, 2.061e+00, 9.983e+02, 1.575e-07
2.150e-01, 5.000e-01, -4.850e-01, 1.135e+05, 0.000e+00, 3.557e-04, 0.000e+00, 2.063e+00, 9.983e+02, 1.527e-07
2.150e-01, 5.000e-01, -4.750e-01, 1.135e+05, 0.000e+00, 3.496e-04, 0.000e+00, 2.061e+00, 9.983e+02, 1.501e-07
2.150e-01, 5.000e-01, -4.650e-01, 1.134e+05, 0.000e+00, 3.432e-04, 0.000e+00, 2.059e+00, 9.983e+02, 1.473e-07
2.150e-01, 5.000e-01, -4.550e-01, 1.130e+05, 0.000e+00, 3.361e-04, 0.000e+00, 2.052e+00, 9.983e+02, 1.443e-07
2.150e-01, 5.000e-01, -4.450e-01, 1.129e+05, 0.000e+00, 3.281e-04, 0.000e+00, 2.050e+00, 9.983e+02, 1.408e-07
2.150e-01, 5.000e-01, -4.350e-01, 1.128e+05, 0.000e+00, 3.207e-04, 0.000e+00, 2.048e+00, 9.983e+02, 1.377e-07
2.150e-01, 5.000e-01, -4.250e-01, 1.127e+05, 0.000e+00, 3.134e-04, 0.000e+00, 2.047e+00, 9.983e+02, 1.345e-07
2.150e-01, 5.000e-01, -4.150e-01, 1.126e+05, 0.000e+00, 3.047e-04, 0.000e+00, 2.045e+00, 9.983e+02, 1.308e-07
2.150e-01, 5.000e-01, -4.050e-01, 1.125e+05, 0.000e+00, 2.925e-04, 0.000e+00, 2.043e+00, 9.983e+02, 1.256e-07
2.150e-01, 5.000e-01, -3.950e-01, 1.124e+05, 0.000e+00, 2.747e-04, 0.000e+00, 2.041e+00, 9.983e+02, 1.179e-07
2.150e-01, 5.000e-01, -3.850e-01, 1.123e+05, 0.000e+00, 2.494e-04, 0.000e+00, 2.039e+00, 9.983e+02, 1.070e-07
2.150e-01, 5.000e-01, -3.750e-01, 1.122e+05, 0.000e+00, 2.204e-04, 0.000e+00, 2.038e+00, 9.983e+02, 9.461e-08
2.150e-01, 5.000e-01, -3.650e-01, 1.121e+05, 0.000e+00, 1.962e-04, 0.000e+00, 2.036e+00, 9.983e+02, 8.424e-08
2.150e-01, 5.000e-01, -3.550e-01, 1.120e+05, 0.000e+00, 1.777e-04, 0.000e+00, 2.034e+00, 9.983e+02, 7.726e-08
2.150e-01, 5.000e-01, -3.450e-01, 1.119e+05, 0.000e+00, 1.636e-04, 0.000e+00, 2.033e+00, 9.983e+02, 7.348e-08
2.150e-01, 5.000e-01, -3.350e-01, 1.118e+05, 0.000e+00, 1.533e-04, 0.000e+00, 2.031e+00, 9.983e+02, 6.888e-08
2.150e-01, 5.000e-01, -3.250e-01, 1.117e+05, 0.000e+00, 1.450e-04, 0.000e+00, 2.029e+00, 9.983e+02, 6.512e-08
2.150e-01, 5.000e-01, -3.150e-01, 1.116e+05, 0.000e+00, 1.365e-04, 0.000e+00, 2.027e+00, 9.983e+02, 6.132e-08
2.150e-01, 5.000e-01, -3.050e-01, 1.115e+05, 0.000e+00, 1.264e-04, 0.000e+00, 2.025e+00, 9.983e+02, 5.678e-08
2.150e-01, 5.000e-01, -2.950e-01, 1.114e+05, 0.000e+00, 1.144e-04, 0.000e+00, 2.024e+00, 9.983e+02, 5.137e-08
2.150e-01, 5.000e-01, -2.850e-01, 1.113e+05, 0.000e+00, 1.019e-04, 0.000e+00, 2.022e+00, 9.983e+02, 4.578e-08
2.150e-01, 5.000e-01, -2.750e-01, 1.112e+05, 0.000e+00, 9.278e-05, 0.000e+00, 2.020e+00, 9.983e+02, 4.135e-08
2.150e-01, 5.000e-01, -2.650e-01, 1.112e+05, 0.000e+00, 8.594e-05, 0.000e+00, 2.020e+00, 9.983e+02, 3.775e-08
2.150e-01, 5.000e-01, -2.550e-01, 1.111e+05, 0.000e+00, 7.520e-05, 0.000e+00, 2.018e+00, 9.983e+02, 3.303e-08
2.150e-01, 5.000e-01, -2.450e-01, 1.110e+05, 0.000e+00, 6.244e-05, 0.000e+00, 2.016e+00, 9.983e+02, 2.743e-08
2.150e-01, 5.000e-01, -2.350e-01, 1.109e+05, 0.000e+00, 4.950e-05, 0.000e+00, 2.014e+00, 9.983e+02, 2.174e-08
2.150e-01, 5.000e-01, -2.250e-01, 1.108e+05, 0.000e+00, 3.764e-05, 0.000e+00, 2.012e+00, 9.983e+02, 1.653e-08
2.150e-01, 5.000e-01, -2.150e-01, 1.107e+05, 0.000e+00, 2.765e-05, 0.000e+00, 2.011e+00, 9.983e+02, 1.214e-08
2.150e-01, 5.000e-01, -2.050e-01, 1.106e+05, 0.000e+00, 2.006e-05, 0.000e+00, 2.009e+00, 9.983e+02, 8.813e-09
2.150e-01, 5.000e-01, -1.950e-01, 1.105e+05, 0.000e+00, 1.541e-05, 0.000e+00, 2.007e+00, 9.983e+02, 6.727e-09
2.150e-01, 5.000e-01, -1.850e-01, 1.106e+05, 0.000e+00, 1.268e-05, 0.000e+00, 2.009e+00, 9.983e+02, 5.443e-09
2.150e-01, 5.000e-01, -1.750e-01, 1.105e+05, 0.000e+00, 9.527e-06, 0.000e+00, 2.007e+00, 9.983e+02, 4.090e-09
2.150e-01, 5.000e-01, -1.650e-01, 1.104e+05, 0.000e+00, 6.518e-06, 0.000e+00, 2.005e+00, 9.983e+02, 2.798e-09
2.150e-01, 5.000e-01, -1.550e-01, 1.103e+05, 0.000e+00, 4.093e-06, 0.000e+00, 2.004e+00, 9.983e+02, 1.757e-09
2.150e-01, 5.000e-01, -1.450e-01, 1.102e+05, 0.000e+00, 2.462e-06, 0.000e+00, 2.002e+00, 9.983e+02, 1.057e-09
2.150e-01, 5.000e-01, -1.350e-01, 1.113e+05, 0.000e+00, 1.599e-06, 0.000e+00, 2.022e+00, 9.983e+02, 6.949e-10
2.150e-01, 5.000e-01, -1.250e-01, 1.112e+05, 0.000e+00, 9.914e-07, 0.000e+00, 2.020e+00, 9.983e+02, 4.354e-10
2.150e-01, 5.000e-01, -1.150e-01, 1.111e+05, 0.000e+00, 5.686e-07, 0.000e+00, 2.018e+00, 9.983e+02, 2.497e-10
2.150e-01, 5.000e-01, -1.050e-01, 1.110e+05, 0.000e+00, 3.016e-07, 0.000e+00, 2.017e+00, 9.983e+02, 1.325e-10
2.150e-01, 5.000e-01, -9.500e-02, 1.109e+05, 0.000e+00, 1.483e-07, 0.000e+00, 2.015e+00, 9.983e+02, 6.512e-11
2.150e-01, 5.000e-01, -8.500e-02, 1.108e+05, 0.000e+00, 6.770e-08, 0.000e+00, 2.013e+00, 9.983e+02, 2.974e-11
2.150e-01, 5.000e-01, -7.500e-02, 1.107e+05, 0.000e+00, 2.880e-08, 0.000e+00, 2.011e+00, 9.983e+02, 1.265e-11
2.150e-01, 5.000e-01, -6.500e-02, 1.106e+05, 0.000e+00, 1.145e-08, 0.000e+00, 2.009e+00, 9.983e+02, 5.030e-12
2.150e-01, 5.000e-01, -5.500e-02, 1.105e+05, 0.000e+00, 4.272e-09, 0.000e+00, 2.008e+00, 9.983e+02, 1.876e-12
2.150e-01, 5.000e-01, -4.500e-02, 1.104e+05, 0.000e+00, 1.501e-09, 0.000e+00, 2.006e+00, 9.983e+02, 6.592e-13
2.150e-01, 5.000e-01, -3.500e-02, 1.103e+05, 0.000e+00, 4.984e-10, 0.000e+00, 2.004e+00, 9.983e+02, 2.189e-13
2.150e-01, 5.000e-01, -2.500e-02, 1.102e+05, 0.000e+00, 1.573e-10, 0.000e+00, 2.002e+00, 9.983e+02, 6.908e-14
2.150e-01, 5.000e-01, -1.500e-02, 1.101e+05, 0.000e+00, 4.802e-11, 0.000e+00, 2.000e+00, 9.983e+02, 2.109e-14
2.150e-01, 5.000e-01, -5.000e-03, 1.100e+05, 0.000e+00, 1.656e-11, 0.000e+00, 1.999e+00, 9.983e+02, 7.275e-15
2.250e-01, 5.000e-01, -1.195e+00, 1.202e+05, 0.000e+00, 1.002e-13, 0.000e+00, 2.184e+00, 9.983e+02, 2.000e-17
2.250e-01, 5.000e-01, -1.185e+00, 1.201e+05, 0.000e+00, 1.002e-13, 0.000e+00, 2.182e+00, 9.983e+02, 2.000e-17
2.250e-01, 5.000e-01, -1.175e+00, 1.200e+05, 0.000e+00, 1.002e-13, 0.000e+00, 2.181e+00, 9.983e+02, 2.000e-17
2.250e-01, 5.000e-01, -1.165e+00, 1.199e+05, 0.000e+00, 1.002e-13, 0.000e+00, 2.179e+00, 9.983e+02, 2.000e-17
2.250e-01, 5.000e-01, -1.155e+00, 1.198e+05, 0.000e+00, 1.003e-13, 0.000e+00, 2.177e+00, 9.983e+02, 2.003e-17
2.250e-01, 5.000e-01, -1.145e+00, 1.197e+05, 0.000e+00, 1.103e-07, 0.000e+00, 2.175e+00, 9.983e+02, 3.383e-11
2.250e-01, 5.000e-01, -1.135e+00, 1.196e+05, 0.000e+00, 6.586e-04, 0.000e+00, 2.174e+00, 9.984e+02, 2.827e-07
2.250e-01, 5.000e-01, -1.125e+00, 1.195e+05, 0.000e+00, 6.650e-04, 0.000e+00, 2.172e+00, 9.984e+02, 2.855e-07
2.250e-01, 5.000e-01, -1.115e+00, 1.194e+05, 0.000e+00, 6.732e-04, 0.000e+00, 2.170e+00, 9.984e+02, 2.890e-07
2.250e-01, 5.000e-01, -1.105e+00, 1.193e+05, 0.000e+00, 6.788e-04, 0.000e+00, 2.168e+00, 9.984e+02, 2.914e-07
2.250e-01, 5.000e-01, -1.095e+00, 1.192e+05, 0.000e+00, 6.797e-04, 0.000e+00, 2.167e+00, 9.984e+02, 2.918e-07
2.250e-01, 5.000e-01, -1.085e+00, 1.191e+05, 0.000e+00, 6.753e-04, 0.000e+00, 2.165e+00, 9.984e+02, 2.899e-07
2.250e-01, 5.000e-01, -1.075e+00, 1.190e+05, 0.000e+00, 6.651e-04, 0.000e+00, 2.163e+00, 9.984e+02, 2.856e-07
2.250e-01, 5.000e-01, -1.065e+00, 1.189e+05, 0.000e+00, 6.469e-04, 0.000e+00, 2.161e+00, 9.984e+02, 2.777e-07
2.250e-01, 5.000e-01, -1.055e+00, 1.188e+05, 0.000e+00, 6.176e-04, 0.000e+00, 2.159e+00, 9.984e+02, 2.651e-07
2.250e-01, 5.000e-01, -1.045e+00, 1.187e+05, 0.000e+00, 5.753e-04, 0.000e+00, 2.158e+00, 9.984e+02, 2.470e-07
2.250e-01, 5.000e-01, -1.035e+00, 1.186e+05, 0.000e+00, 5.210e-04, 0.000e+00, 2.156e+00, 9.984e+02, 2.237e-07
2.250e-01, 5.000e-01, -1.025e+00, 1.185e+05, 0.000e+00, 4.577e-04, 0.000e+00, 2.154e+00, 9.983e+02, 1.965e-07
2.250e-01, 5.000e-01, -1.015e+00, 1.185e+05, 0.000e+00, 3.887e-04, 0.000e+00, 2.152e+00, 9.983e+02, 1.669e-07
2.250e-01, 5.000e-01, -1.005e+00, 1.184e+05, 0.000e+00, 3.168e-04, 0.000e+00, 2.150e+00, 9.983e+02, 1.360e-07
2.250e-01, 5.000e-01, -9.950e-01, 1.183e+05, 0.000e+00, 2.461e-04, 0.000e+00, 2.149e+00, 9.983e+02, 1.057e-07
2.250e-01, 5.000e-01, -9.850e-01, 1.182e+05, 0.000e+00, 1.807e-04, 0.000e+00, 2.147e+00, 9.983e+02, 7.755e-08
2.250e-01, 5.000e-01, -9.750e-01, 1.181e+05, 0.000e+00, 1.236e-04, 0.000e+00, 2.145e+00, 9.983e+02, 5.307e-08
2.250e-01, 5.000e-01, -9.650e-01, 1.180e+05, 0.000e+00, 7.747e-05, 0.000e+00, 2.143e+00, 9.983e+02, 3.325e-08
2.250e-01, 5.000e-01, -9.550e-01, 1.179e+05, 0.000e+00, 4.351e-05, 0.000e+00, 2.141e+00, 9.983e+02, 1.868e-08
2.250e-01, 5.000e-01, -9.450e-01, 1.178e+05, 0.000e+00, 2.137e-05, 0.000e+00, 2.140e+00, 9.983e+02, 9.172e-09
2.250e-01, 5.000e-01, -9.350e-01, 1.177e+05, 0.000e+00, 8.925e-06, 0.000e+00, 2.138e+00, 9.983e+02, 3.831e-09
2.250e-01, 5.000e-01, -9.250e-01, 1.176e+05, 0.000e+00, 3.087e-06, 0.000e+00, 2.136e+00, 9.983e+02, 1.325e-09
2.250e-01, 5.000e-01, -9.150e-01, 1.175e+05, 0.000e+00, 8.648e-07, 0.000e+00, 2.134e+00, 9.983e+02, 3.712e-10
2.250e-01, 5.000e-01, -9.050e-01, 1.174e+05, 0.000e+00, 2.043e-07, 0.000e+00, 2.132e+00, 9.983e+02, 8.769e-11
2.250e-01, 5.000e-01, -8.950e-01, 1.188e+05, 0.000e+00, 4.580e-08, 0.000e+00, 2.158e+00, 9.983e+02, 2.004e-11
2.250e-01, 5.000e-01, -8.850e-01, 1.187e+05, 0.000e+00, 1.557e-08, 0.000e+00, 2.156e+00, 9.983e+02, 6.841e-12
2.250e-01, 5.000e-01, -8.750e-01, 1.186e+05, 0.000e+00, 2.387e-08, 0.000e+00, 2.154e+00, 9.983e+02, 1.049e-11
2.250e-01, 5.000e-01, -8.650e-01, 1.185e+05, 0.000e+00, 7.622e-08, 0.000e+00, 2.153e+00, 9.983e+02, 3.348e-11
2.250e-01, 5.000e-01, -8.550e-01, 1.184e+05, 0.000e+00, 2.461e-07, 0.000e+00, 2.151e+00, 9.983e+02, 1.081e-10
2.250e-01, 5.000e-01, -8.450e-01, 1.183e+05, 0.000e+00, 7.449e-07, 0.000e+00, 2.149e+00, 9.983e+02, 3.272e-10
2.250e-01, 5.000e-01, -8.350e-01, 1.182e+05, 0.000e+00, 2.096e-06, 0.000e+00, 2.147e+00, 9.983e+02, 9.206e-10
2.250e-01, 5.000e-01, -8.250e-01, 1.181e+05, 0.000e+00, 5.464e-06, 0.000e+00, 2.145e+00, 9.983e+02, 2.400e-09
2.250e-01, 5.000e-01, -8.150e-01, 1.180e+05, 0.000e+00, 1.315e-05, 0.000e+00, 2.144e+00, 9.983e+02, 5.778e-09
2.250e-01, 5.000e-01, -8.050e-01, 1.179e+05, 0.000e+00, 2.913e-05, 0.000e+00, 2.142e+00, 9.983e+02, 1.279e-08
2.250e-01, 5.000e-01, -7.950e-01, 1.178e+05, 0.000e+00, 5.913e-05, 0.000e+00, 2.140e+00, 9.983e+02, 2.597e-08
2.250e-01, 5.000e-01, -7.850e-01, 1.177e+05, 0.000e+00, 1.097e-04, 0.000e+00, 2.138e+00, 9.983e+02, 4.818e-08
2.250e-01, 5.000e-01, -7.750e-01, 1.176e+05, 0.000e+00, 1.854e-04, 0.000e+00, 2.136e+00, 9.983e+02, 8.143e-08
2.250e-01, 5.000e-01, -7.650e-01, 1.175e+05, 0.000e+00, 2.845e-04, 0.000e+00, 2.135e+00, 9.983e+02, 1.250e-07
2.250e-01, 5.000e-01, -7.550e-01, 1.174e+05, 0.000e+00, 3.951e-04, 0.000e+00, 2.133e+00, 9.983e+02, 1.735e-07
2.250e-01, 5.000e-01, -7.450e-01, 1.173e+05, 0.000e+00, 4.954e-04, 0.000e+00, 2.131e+00, 9.984e+02, 2.176e-07
2.250e-01, 5.000e-01, -7.350e-01, 1.157e+05, 0.000e+00, 5.602e-04, 0.000e+00, 2.102e+00, 9.984e+02, 2.498e-07
2.250e-01, 5.000e-01, -7.250e-01, 1.156e+05, 0.000e+00, 5.749e-04, 0.000e+00, 2.101e+00, 9.984e+02, 2.583e-07
2.250e-01, 5.000e-01, -7.150e-01, 1.155e+05, 0.000e+00, 5.648e-04, 0.000e+00, 2.099e+00, 9.984e+02, 2.538e-07
2.250e-01, 5.000e-01, -7.050e-01, 1.154e+05, 0.000e+00, 5.458e-04, 0.000e+00, 2.097e+00, 9.984e+02, 2.452e-07
2.250e-01, 5.000e-01, -6.950e-01, 1.153e+05, 0.000e+00, 5.281e-04, 0.000e+00, 2.095e+00, 9.984e+02, 2.373e-07
2.250e-01, 5.000e-01, -6.850e-01, 1.152e+05, 0.000e+00, 5.143e-04, 0.000e+00, 2.093e+00, 9.984e+02, 2.311e-07
2.250e-01, 5.000e-01, -6.750e-01, 1.151e+05, 0.000e+00, 5.032e-04, 0.000e+00, 2.092e+00, 9.984e+02, 2.261e-07
2.250e-01, 5.000e-01, -6.650e-01, 1.150e+05, 0.000e+00, 4.934e-04, 0.000e+00, 2.090e+00, 9.984e+02, 2.217e-07
2.250e-01, 5.000e-01, -6.550e-01, 1.149e+05, 0.000e+00, 4.844e-04, 0.000e+00, 2.088e+00, 9.983e+02, 2.176e-07
2.250e-01, 5.000e-01, -6.450e-01, 1.148e+05, 0.000e+00, 4.760e-04, 0.000e+00, 2.086e+00, 9.983e+02, 2.139e-07
2.250e-01, 5.000e-01, -6.350e-01, 1.147e+05, 0.000e+00, 4.684e-04, 0.000e+00, 2.084e+00, 9.983e+02, 2.104e-07
2.250e-01, 5.000e-01, -6.250e-01, 1.146e+05, 0.000e+00, 4.611e-04, 0.000e+00, 2.083e+00, 9.983e+02, 2.072e-07
2.250e-01, 5.000e-01, -6.150e-01, 1.145e+05, 0.000e+00, 4.530e-04, 0.000e+00, 2.081e+00, 9.983e+02, 2.035e-07
2.250e-01, 5.000e-01, -6.050e-01, 1.144e+05, 0.000e+00, 4.424e-04, 0.000e+00, 2.079e+00, 9.983e+02, 1.987e-07
2.250e-01, 5.000e-01, -5.950e-01, 1.144e+05, 0.000e+00, 4.281e-04, 0.000e+00, 2.077e+00, 9.983e+02, 1.908e-07
2.250e-01, 5.000e-01, -5.850e-01, 1.143e+05, 0.000e+00, 4.119e-04, 0.000e+00, 2.077e+00, 9.983e+02, 1.809e-07
2.250e-01, 5.000e-01, -5.750e-01, 1.142e+05, 0.000e+00, 3.978e-04, 0.000e+00, 2.075e+00, 9.983e+02, 1.748e-07
2.250e-01, 5.000e-01, -5.650e-01, 1.141e+05, 0.000e+00, 3.869e-04, 0.000e+00, 2.073e+00, 9.983e+02, 1.700e-07
2.250e-01, 5.000e-01, -5.550e-01, 1.140e+05, 0.000e+00, 3.797e-04, 0.000e+00, 2.071e+00, 9.983e+02, 1.668e-07
2.250e-01, 5.000e-01, -5.450e-01, 1.139e+05, 0.000e+00, 3.762e-04, 0.000e+00, 2.070e+00, 9.983e+02, 1.653e-07
2.250e-01, 5.000e-01, -5.350e-01, 1.138e+05, 0.000e+00, 3.756e-04, 0.000e+00, 2.068e+00, 9.983e+02, 1.650e-07
2.250e-01, 5.000e-01, -5.250e-01, 1.137e+05, 0.000e+00, 3.762e-04, 0.000e+00, 2.066e+00, 9.983e+02, 1.653e-07
2.250e-01, 5.000e-01, -5.150e-01, 1.136e+05, 0.000e+00, 3.758e-04, 0.000e+00, 2.064e+00, 9.983e+02, 1.651e-07
2.250e-01, 5.000e-01, -5.050e-01, 1.135e+05, 0.000e+00, 3.727e-04, 0.000e+00, 2.063e+00, 9.983e+02, 1.637e-07
2.250e-01, 5.000e-01, -4.950e-01, 1.136e+05, 0.000e+00, 3.667e-04, 0.000e+00, 2.064e+00, 9.983e+02, 1.590e-07
2.250e-01, 5.000e-01, -4.850e-01, 1.135e+05, 0.000e+00, 3.598e-04, 0.000e+00, 2.063e+00, 9.983e+02, 1.545e-07
2.250e-01, 5.000e-01, -4.750e-01, 1.135e+05, 0.000e+00, 3.526e-04, 0.000e+00, 2.061e+00, 9.983e+02, 1.513e-07
2.250e-01, 5.000e-01, -4.650e-01, 1.134e+05, 0.000e+00, 3.448e-04, 0.000e+00, 2.059e+00, 9.983e+02, 1.480e-07
2.250e-01, 5.000e-01, -4.550e-01, 1.130e+05, 0.000e+00, 3.365e-04, 0.000e+00, 2.052e+00, 9.983e+02, 1.445e-07
2.250e-01, 5.000e-01, -4.450e-01, 1.129e+05, 0.000e+00, 3.282e-04, 0.000e+00, 2.050e+00, 9.983e+02, 1.409e-07
2.250e-01, 5.000e-01, -4.350e-01, 1.128e+05, 0.000e+00, 3.216e-04, 0.000e+00, 2.048e+00, 9.983e+02, 1.380e-07
2.250e-01, 5.000e-01, -4.250e-01, 1.127e+05, 0.000e+00, 3.159e-04, 0.000e+00, 2.047e+00, 9.983e+02, 1.356e-07
2.250e-01, 5.000e-01, -4.150e-01, 1.126e+05, 0.000e+00, 3.092e-04, 0.000e+00, 2.045e+00, 9.983e+02, 1.327e-07
2.250e-01, 5.000e-01, -4.050e-01, 1.125e+05, 0.000e+00, 2.994e-04, 0.000e+00, 2.043e+00, 9.983e+02, 1.285e-07
2.250e-01, 5.000e-01, -3.950e-01, 1.124e+05, 0.000e+00, 2.840e-04, 0.000e+00, 2.041e+00, 9.983e+02, 1.219e-07
2.250e-01, 5.000e-01, -3.850e-01, 1.123e+05, 0.000e+00, 2.610e-04, 0.000e+00, 2.039e+00, 9.983e+02, 1.120e-07
2.250e-01, 5.000e-01, -3.750e-01, 1.122e+05, 0.000e+00, 2.304e-04, 0.000e+00, 2.038e+00, 9.983e+02, 9.890e-08
2.250e-01, 5.000e-01, -3.650e-01, 1.121e+05, 0.000e+00, 2.015e-04, 0.000e+00, 2.036e+00, 9.983e+02, 8.652e-08
2.250e-01, 5.000e-01, -3.550e-01, 1.120e+05, 0.000e+00, 1.795e-04, 0.000e+00, 2.034e+00, 9.983e+02, 7.791e-08
2.250e-01, 5.000e-01, -3.450e-01, 1.119e+05, 0.000e+00, 1.624e-04, 0.000e+00, 2.033e+00, 9.983e+02, 7.296e-08
2.250e-01, 5.000e-01, -3.350e-01, 1.118e+05, 0.000e+00, 1.502e-04, 0.000e+00, 2.031e+00, 9.983e+02, 6.746e-08
2.250e-01, 5.000e-01, -3.250e-01, 1.117e+05, 0.000e+00, 1.413e-04, 0.000e+00, 2.029e+00, 9.983e+02, 6.349e-08
2.250e-01, 5.000e-01, -3.150e-01, 1.116e+05, 0.000e+00, 1.349e-04, 0.000e+00, 2.027e+00, 9.983e+02, 6.061e-08
2.250e-01, 5.000e-01, -3.050e-01, 1.115e+05, 0.000e+00, 1.292e-04, 0.000e+00, 2.025e+00, 9.983e+02, 5.805e-08
2.250e-01, 5.000e-01, -2.950e-01, 1.114e+05, 0.000e+00, 1.228e-04, 0.000e+00, 2.024e+00, 9.983e+02, 5.516e-08
2.250e-01, 5.000e-01, -2.850e-01, 1.113e+05, 0.000e+00, 1.155e-04, 0.000e+00, 2.022e+00, 9.983e+02, 5.187e-08
2.250e-01, 5.000e-01, -2.750e-01, 1.112e+05, 0.000e+00, 1.089e-04, 0.000e+00, 2.020e+00, 9.983e+02, 4.858e-08
2.250e-01, 5.000e-01, -2.650e-01, 1.112e+05, 0.000e+00, 1.027e-04, 0.000e+00, 2.020e+00, 9.983e+02, 4.511e-08
2.250e-01, 5.000e-01, -2.550e-01, 1.111e+05, 0.000e+00, 9.222e-05, 0.000e+00, 2.018e+00, 9.983e+02, 4.051e-08
2.250e-01, 5.000e-01, -2.450e-01, 1.110e+05, 0.000e+00, 7.867e-05, 0.000e+00, 2.016e+00, 9.983e+02, 3.455e-08
2.250e-01, 5.000e-01, -2.350e-01, 1.109e+05, 0.000e+00, 6.352e-05, 0.000e+00, 2.014e+00, 9.983e+02, 2.790e-08
2.250e-01, 5.000e-01, -2.250e-01, 1.108e+05, 0.000e+00, 4.882e-05, 0.000e+00, 2.012e+00, 9.983e+02, 2.144e-08
2.250e-01, 5.000e-01, -2.150e-01, 1.107e+05, 0.000e+00, 3.620e-05, 0.000e+00, 2.011e+00, 9.983e+02, 1.590e-08
2.250e-01, 5.000e-01, -2.050e-01, 1.106e+05, 0.000e+00, 2.656e-05, 0.000e+00, 2.009e+00, 9.983e+02, 1.166e-08
2.250e-01, 5.000e-01, -1.950e-01, 1.105e+05, 0.000e+00, 2.066e-05, 0.000e+00, 2.007e+00, 9.983e+02, 9.010e-09
2.250e-01, 5.000e-01, -1.850e-01, 1.106e+05, 0.000e+00, 1.707e-05, 0.000e+00, 2.009e+00, 9.983e+02, 7.326e-09
2.250e-01, 5.000e-01, -1.750e-01, 1.105e+05, 0.000e+00, 1.278e-05, 0.000e+00, 2.007e+00, 9.983e+02, 5.487e-09
2.250e-01, 5.000e-01, -1.650e-01, 1.104e+05, 0.000e+00, 8.679e-06, 0.000e+00, 2.005e+00, 9.983e+02, 3.725e-09
2.250e-01, 5.000e-01, -1.550e-01, 1.103e+05, 0.000e+00, 5.393e-06, 0.000e+00, 2.004e+00, 9.983e+02, 2.315e-09
2.250e-01, 5.000e-01, -1.450e-01, 1.102e+05, 0.000e+00, 3.203e-06, 0.000e+00, 2.002e+00, 9.983e+02, 1.375e-09
2.250e-01, 5.000e-01, -1.350e-01, 1.113e+05, 0.000e+00, 2.055e-06, 0.000e+00, 2.022e+00, 9.983e+02, 8.934e-10
2.250e-01, 5.000e-01, -1.250e-01, 1.112e+05, 0.000e+00, 1.257e-06, 0.000e+00, 2.020e+00, 9.983e+02, 5.520e-10
2.250e-01, 5.000e-01, -1.150e-01, 1.111e+05, 0.000e+00, 7.122e-07, 0.000e+00, 2.018e+00, 9.983e+02, 3.128e-10
2.250e-01, 5.000e-01, -1.050e-01, 1.110e+05, 0.000e+00, 3.739e-07, 0.000e+00, 2.017e+00, 9.983e+02, 1.642e-10
2.250e-01, 5.000e-01, -9.500e-02, 1.109e+05, 0.000e+00, 1.823e-07, 0.000e+00, 2.015e+00, 9.983e+02, 8.006e-11
2.250e-01, 5.000e-01, -8.500e-02, 1.108e+05, 0.000e+00, 8.271e-08, 0.000e+00, 2.013e+00, 9.983e+02, 3.633e-11
2.250e-01, 5.000e-01, -7.500e-02, 1.107e+05, 0.000e+00, 3.504e-08, 0.000e+00, 2.011e+00, 9.983e+02, 1.539e-11
2.250e-01, 5.000e-01, -6.500e-02, 1.106e+05, 0.000e+00, 1.391e-08, 0.000e+00, 2.009e+00, 9.983e+02, 6.110e-12
2.250e-01, 5.000e-01, -5.500e-02, 1.105e+05, 0.000e+00, 5.194e-09, 0.000e+00, 2.008e+00, 9.983e+02, 2.281e-12
2.250e-01, 5.000e-01, -4.500e-02, 1.104e+05, 0.000e+00, 1.831e-09, 0.000e+00, 2.006e+00, 9.983e+02, 8.042e-13
2.250e-01, 5.000e-01, -3.500e-02, 1.103e+05, 0.000e+00, 6.118e-10, 0.000e+00, 2.004e+00, 9.983e+02, 2.687e-13
2.250e-01, 5.000e-01, -2.500e-02, 1.102e+05, 0.000e+00, 1.948e-10, 0.000e+00, 2.002e+00, 9.983e+02, 8.554e-14
2.250e-01, 5.000e-01, -1.500e-02, 1.101e+05, 0.000e+00, 6.019e-11, 0.000e+00, 2.000e+00, 9.983e+02, 2.644e-14
2.250e-01, 5.000e-01, -5.000e-03, 1.100e+05, 0.000e+00, 2.107e-11, 0.000e+00, 1.999e+00, 9.983e+02, 9.254e-15
2.350e-01, 5.000e-01, -1.195e+00, 1.202e+05, 0.000e+00, 1.002e-13, 0.000e+00, 2.184e+00, 9.983e+02, 2.000e-17
2.350e-01, 5.000e-01, -1.185e+00, 1.201e+05, 0.000e+00, 1.002e-13, 0.000e+00, 2.182e+00, 9.983e+02, 2.000e-17
2.350e-01, 5.000e-01, -1.175e+00, 1.200e+05, 0.000e+00, 1.002e-13, 0.000e+00, 2.181e+00, 9.983e+02, 2.000e-17
2.350e-01, 5.000e-01, -1.165e+00, 1.199e+05, 0.000e+00, 1.002e-13, 0.000e+00, 2.179e+00, 9.983e+02, 2.000e-17
2.350e-01, 5.000e-01, -1.155e+00, 1.198e+05, 0.000e+00, 1.306e-10, 0.000e+00, 2.177e+00, 9.983e+02, 3.297e-14
2.350e-01, 5.000e-01, -1.145e+00, 1.197e+05, 0.000e+00, 6.500e-04, 0.000e+00, 2.175e+00, 9.984e+02, 2.765e-07
2.350e-01, 5.000e-01, -1.135e+00, 1.196e+05, 0.000e+00, 6.601e-04, 0.000e+00, 2.174e+00, 9.984e+02, 2.834e-07
2.350e-01, 5.000e-01, -1.125e+00, 1.195e+05, 0.000e+00, 6.705e-04, 0.000e+00, 2.172e+00, 9.984e+02, 2.878e-07
2.350e-01, 5.000e-01, -1.115e+00, 1.194e+05, 0.000e+00, 6.785e-04, 0.000e+00, 2.170e+00, 9.984e+02, 2.913e-07
2.350e-01, 5.000e-01, -1.105e+00, 1.193e+05, 0.000e+00, 6.821e-04, 0.000e+00, 2.168e+00, 9.984e+02, 2.928e-07
2.350e-01, 5.000e-01, -1.095e+00, 1.192e+05, 0.000e+00, 6.812e-04, 0.000e+00, 2.167e+00, 9.984e+02, 2.924e-07
2.350e-01, 5.000e-01, -1.085e+00, 1.191e+05, 0.000e+00, 6.763e-04, 0.000e+00, 2.165e+00, 9.984e+02, 2.903e-07
2.350e-01, 5.000e-01, -1.075e+00, 1.190e+05, 0.000e+00, 6.663e-04, 0.000e+00, 2.163e+00, 9.984e+02, 2.860e-07
2.350e-01, 5.000e-01, -1.065e+00, 1.189e+05, 0.000e+00, 6.485e-04, 0.000e+00, 2.161e+00, 9.984e+02, 2.784e-07
2.350e-01, 5.000e-01, -1.055e+00, 1.188e+05, 0.000e+00, 6.195e-04, 0.000e+00, 2.159e+00, 9.984e+02, 2.660e-07
2.350e-01, 5.000e-01, -1.045e+00, 1.187e+05, 0.000e+00, 5.774e-04, 0.000e+00, 2.158e+00, 9.984e+02, 2.479e-07
2.350e-01, 5.000e-01, -1.035e+00, 1.186e+05, 0.000e+00, 5.235e-04, 0.000e+00, 2.156e+00, 9.984e+02, 2.247e-07
2.350e-01, 5.000e-01, -1.025e+00, 1.185e+05, 0.000e+00, 4.614e-04, 0.000e+00, 2.154e+00, 9.983e+02, 1.981e-07
2.350e-01, 5.000e-01, -1.015e+00, 1.185e+05, 0.000e+00, 3.941e-04, 0.000e+00, 2.152e+00, 9.983e+02, 1.692e-07
2.350e-01, 5.000e-01, -1.005e+00, 1.184e+05, 0.000e+00, 3.234e-04, 0.000e+00, 2.150e+00, 9.983e+02, 1.388e-07
2.350e-01, 5.000e-01, -9.950e-01, 1.183e+05, 0.000e+00, 2.528e-04, 0.000e+00, 2.149e+00, 9.983e+02, 1.085e-07
2.350e-01, 5.000e-01, -9.850e-01, 1.182e+05, 0.000e+00, 1.866e-04, 0.000e+00, 2.147e+00, 9.983e+02, 8.011e-08
2.350e-01, 5.000e-01, -9.750e-01, 1.181e+05, 0.000e+00, 1.283e-04, 0.000e+00, 2.145e+00, 9.983e+02, 5.509e-08
2.350e-01, 5.000e-01, -9.650e-01, 1.180e+05, 0.000e+00, 8.073e-05, 0.000e+00, 2.143e+00, 9.983e+02, 3.466e-08
2.350e-01, 5.000e-01, -9.550e-01, 1.179e+05, 0.000e+00, 4.543e-05, 0.000e+00, 2.141e+00, 9.983e+02, 1.950e-08
2.350e-01, 5.000e-01, -9.450e-01, 1.178e+05, 0.000e+00, 2.224e-05, 0.000e+00, 2.140e+00, 9.983e+02, 9.549e-09
2.350e-01, 5.000e-01, -9.350e-01, 1.177e+05, 0.000e+00, 9.182e-06, 0.000e+00, 2.138e+00, 9.983e+02, 3.941e-09
2.350e-01, 5.000e-01, -9.250e-01, 1.176e+05, 0.000e+00, 3.075e-06, 0.000e+00, 2.136e+00, 9.983e+02, 1.320e-09
2.350e-01, 5.000e-01, -9.150e-01, 1.175e+05, 0.000e+00, 7.881e-07, 0.000e+00, 2.134e+00, 9.983e+02, 3.383e-10
2.350e-01, 5.000e-01, -9.050e-01, 1.174e+05, 0.000e+00, 1.874e-07, 0.000e+00, 2.132e+00, 9.983e+02, 8.043e-11
2.350e-01, 5.000e-01, -8.950e-01, 1.188e+05, 0.000e+00, 4.319e-08, 0.000e+00, 2.158e+00, 9.983e+02, 1.895e-11
2.350e-01, 5.000e-01, -8.850e-01, 1.187e+05, 0.000e+00, 1.737e-08, 0.000e+00, 2.156e+00, 9.983e+02, 7.628e-12
2.350e-01, 5.000e-01, -8.750e-01, 1.186e+05, 0.000e+00, 3.233e-08, 0.000e+00, 2.154e+00, 9.983e+02, 1.420e-11
2.350e-01, 5.000e-01, -8.650e-01, 1.185e+05, 0.000e+00, 1.047e-07, 0.000e+00, 2.153e+00, 9.983e+02, 4.599e-11
2.350e-01, 5.000e-01, -8.550e-01, 1.184e+05, 0.000e+00, 3.344e-07, 0.000e+00, 2.151e+00, 9.983e+02, 1.469e-10
2.350e-01, 5.000e-01, -8.450e-01, 1.183e+05, 0.000e+00, 9.979e-07, 0.000e+00, 2.149e+00, 9.983e+02, 4.383e-10
2.350e-01, 5.000e-01, -8.350e-01, 1.182e+05, 0.000e+00, 2.762e-06, 0.000e+00, 2.147e+00, 9.983e+02, 1.213e-09
2.350e-01, 5.000e-01, -8.250e-01, 1.181e+05, 0.000e+00, 7.060e-06, 0.000e+00, 2.145e+00, 9.983e+02, 3.101e-09
2.350e-01, 5.000e-01, -8.150e-01, 1.180e+05, 0.000e+00, 1.663e-05, 0.000e+00, 2.144e+00, 9.983e+02, 7.302e-09
2.350e-01, 5.000e-01, -8.050e-01, 1.179e+05, 0.000e+00, 3.593e-05, 0.000e+00, 2.142e+00, 9.983e+02, 1.578e-08
2.350e-01, 5.000e-01, -7.950e-01, 1.178e+05, 0.000e+00, 7.105e-05, 0.000e+00, 2.140e+00, 9.983e+02, 3.121e-08
2.350e-01, 5.000e-01, -7.850e-01, 1.177e+05, 0.000e+00, 1.281e-04, 0.000e+00, 2.138e+00, 9.983e+02, 5.629e-08
2.350e-01, 5.000e-01, -7.750e-01, 1.176e+05, 0.000e+00, 2.104e-04, 0.000e+00, 2.136e+00, 9.983e+02, 9.240e-08
2.350e-01, 5.000e-01, -7.650e-01, 1.175e+05, 0.000e+00, 3.135e-04, 0.000e+00, 2.135e+00, 9.983e+02, 1.377e-07
2.350e-01, 5.000e-01, -7.550e-01, 1.174e+05, 0.000e+00, 4.234e-04, 0.000e+00, 2.133e+00, 9.983e+02, 1.860e-07
2.350e-01, 5.000e-01, -7.450e-01, 1.173e+05, 0.000e+00, 5.174e-04, 0.000e+00, 2.131e+00, 9.984e+02, 2.273e-07
2.350e-01, 5.000e-01, -7.350e-01, 1.157e+05, 0.000e+00, 5.717e-04, 0.000e+00, 2.102e+00, 9.984e+02, 2.560e-07
2.350e-01, 5.000e-01, -7.250e-01, 1.156e+05, 0.000e+00, 5.789e-04, 0.000e+00, 2.101e+00, 9.984e+02, 2.601e-07
2.350e-01, 5.000e-01, -7.150e-01, 1.155e+05, 0.000e+00, 5.652e-04, 0.000e+00, 2.099e+00, 9.984e+02, 2.539e-07
2.350e-01, 5.000e-01, -7.050e-01, 1.154e+05, 0.000e+00, 5.456e-04, 0.000e+00, 2.097e+00, 9.984e+02, 2.451e-07
2.350e-01, 5.000e-01, -6.950e-01, 1.153e+05, 0.000e+00, 5.288e-04, 0.000e+00, 2.095e+00, 9.984e+02, 2.376e-07
2.350e-01, 5.000e-01, -6.850e-01, 1.152e+05, 0.000e+00, 5.164e-04, 0.000e+00, 2.093e+00, 9.984e+02, 2.320e-07
2.350e-01, 5.000e-01, -6.750e-01, 1.151e+05, 0.000e+00, 5.067e-04, 0.000e+00, 2.092e+00, 9.984e+02, 2.277e-07
2.350e-01, 5.000e-01, -6.650e-01, 1.150e+05, 0.000e+00, 4.982e-04, 0.000e+00, 2.090e+00, 9.984e+02, 2.238e-07
2.350e-01, 5.000e-01, -6.550e-01, 1.149e+05, 0.000e+00, 4.897e-04, 0.000e+00, 2.088e+00, 9.984e+02, 2.200e-07
2.350e-01, 5.000e-01, -6.450e-01, 1.148e+05, 0.000e+00, 4.810e-04, 0.000e+00, 2.086e+00, 9.983e+02, 2.161e-07
2.350e-01, 5.000e-01, -6.350e-01, 1.147e+05, 0.000e+00, 4.717e-04, 0.000e+00, 2.084e+00, 9.983e+02, 2.119e-07
2.350e-01, 5.000e-01, -6.250e-01, 1.146e+05, 0.000e+00, 4.616e-04, 0.000e+00, 2.083e+00, 9.983e+02, 2.074e-07
2.350e-01, 5.000e-01, -6.150e-01, 1.145e+05, 0.000e+00, 4.495e-04, 0.000e+00, 2.081e+00, 9.983e+02, 2.019e-07
2.350e-01, 5.000e-01, -6.050e-01, 1.144e+05, 0.000e+00, 4.343e-04, 0.000e+00, 2.079e+00, 9.983e+02, 1.951e-07
2.350e-01, 5.000e-01, -5.950e-01, 1.144e+05, 0.000e+00, 4.157e-04, 0.000e+00, 2.077e+00, 9.983e+02, 1.850e-07
2.350e-01, 5.000e-01, -5.850e-01, 1.143e+05, 0.000e+00, 3.968e-04, 0.000e+00, 2.077e+00, 9.983e+02, 1.743e-07
2.350e-01, 5.000e-01, -5.750e-01, 1.142e+05, 0.000e+00, 3.817e-04, 0.000e+00, 2.075e+00, 9.983e+02, 1.677e-07
2.350e-01, 5.000e-01, -5.650e-01, 1.141e+05, 0.000e+00, 3.707e-04, 0.000e+00, 2.073e+00, 9.983e+02, 1.628e-07
2.350e-01, 5.000e-01, -5.550e-01, 1.140e+05, 0.000e+00, 3.640e-04, 0.000e+00, 2.071e+00, 9.983e+02, 1.599e-07
2.350e-01, 5.000e-01, -5.450e-01, 1.139e+05, 0.000e+00, 3.623e-04, 0.000e+00, 2.070e+00, 9.983e+02, 1.592e-07
2.350e-01, 5.000e-01, -5.350e-01, 1.138e+05, 0.000e+00, 3.652e-04, 0.000e+00, 2.068e+00, 9.983e+02, 1.604e-07
2.350e-01, 5.000e-01, -5.250e-01, 1.137e+05, 0.000e+00, 3.704e-04, 0.000e+00, 2.066e+00, 9.983e+02, 1.627e-07
2.350e-01, 5.000e-01, -5.150e-01, 1.136e+05, 0.000e+00, 3.747e-04, 0.000e+00, 2.064e+00, 9.983e+02, 1.646e-07
2.350e-01, 5.000e-01, -5.050e-01, 1.135e+05, 0.000e+00, 3.750e-04, 0.000e+00, 2.063e+00, 9.983e+02, 1.647e-07
2.350e-01, 5.000e-01, -4.950e-01, 1.136e+05, 0.000e+00, 3.702e-04, 0.000e+00, 2.064e+00, 9.983e+02, 1.599e-07
2.350e-01, 5.000e-01, -4.850e-01, 1.135e+05, 0.000e+00, 3.630e-04, 0.000e+00, 2.063e+00, 9.983e+02, 1.558e-07
2.350e-01, 5.000e-01, -4.750e-01, 1.135e+05, 0.000e+00, 3.547e-04, 0.000e+00, 2.061e+00, 9.983e+02, 1.523e-07
2.350e-01, 5.000e-01, -4.650e-01, 1.134e+05, 0.000e+00, 3.457e-04, 0.000e+00, 2.059e+00, 9.983e+02, 1.484e-07
2.350e-01, 5.000e-01, -4.550e-01, 1.130e+05, 0.000e+00, 3.363e-04, 0.000e+00, 2.052e+00, 9.983e+02, 1.444e-07
2.350e-01, 5.000e-01, -4.450e-01, 1.129e+05, 0.000e+00, 3.275e-04, 0.000e+00, 2.050e+00, 9.983e+02, 1.406e-07
2.350e-01, 5.000e-01, -4.350e-01, 1.128e+05, 0.000e+00, 3.217e-04, 0.000e+00, 2.048e+00, 9.983e+02, 1.381e-07
2.350e-01, 5.000e-01, -4.250e-01, 1.127e+05, 0.000e+00, 3.176e-04, 0.000e+00, 2.047e+00, 9.983e+02, 1.363e-07
2.350e-01, 5.000e-01, -4.150e-01, 1.126e+05, 0.000e+00, 3.131e-04, 0.000e+00, 2.045e+00, 9.983e+02, 1.344e-07
2.350e-01, 5.000e-01, -4.050e-01, 1.125e+05, 0.000e+00, 3.056e-04, 0.000e+00, 2.043e+00, 9.983e+02, 1.312e-07
2.350e-01, 5.000e-01, -3.950e-01, 1.124e+05, 0.000e+00, 2.926e-04, 0.000e+00, 2.041e+00, 9.983e+02, 1.256e-07
2.350e-01, 5.000e-01, -3.850e-01, 1.123e+05, 0.000e+00, 2.720e-04, 0.000e+00, 2.039e+00, 9.983e+02, 1.168e-07
2.350e-01, 5.000e-01, -3.750e-01, 1.122e+05, 0.000e+00, 2.426e-04, 0.000e+00, 2.038e+00, 9.983e+02, 1.042e-07
2.350e-01, 5.000e-01, -3.650e-01, 1.121e+05, 0.000e+00, 2.095e-04, 0.000e+00, 2.036e+00, 9.983e+02, 8.994e-08
2.350e-01, 5.000e-01, -3.550e-01, 1.120e+05, 0.000e+00, 1.833e-04, 0.000e+00, 2.034e+00, 9.983e+02, 7.938e-08
2.350e-01, 5.000e-01, -3.450e-01, 1.119e+05, 0.000e+00, 1.631e-04, 0.000e+00, 2.033e+00, 9.983e+02, 7.328e-08
2.350e-01, 5.000e-01, -3.350e-01, 1.118e+05, 0.000e+00, 1.480e-04, 0.000e+00, 2.031e+00, 9.983e+02, 6.651e-08
2.350e-01, 5.000e-01, -3.250e-01, 1.117e+05, 0.000e+00, 1.370e-04, 0.000e+00, 2.029e+00, 9.983e+02, 6.154e-08
2.350e-01, 5.000e-01, -3.150e-01, 1.116e+05, 0.000e+00, 1.295e-04, 0.000e+00, 2.027e+00, 9.983e+02, 5.816e-08
2.350e-01, 5.000e-01, -3.050e-01, 1.115e+05, 0.000e+00, 1.248e-04, 0.000e+00, 2.025e+00, 9.983e+02, 5.605e-08
2.350e-01, 5.000e-01, -2.950e-01, 1.114e+05, 0.000e+00, 1.216e-04, 0.000e+00, 2.024e+00, 9.983e+02, 5.461e-08
2.350e-01, 5.000e-01, -2.850e-01, 1.113e+05, 0.000e+00, 1.187e-04, 0.000e+00, 2.022e+00, 9.983e+02, 5.331e-08
2.350e-01, 5.000e-01, -2.750e-01, 1.112e+05, 0.000e+00, 1.157e-04, 0.000e+00, 2.020e+00, 9.983e+02, 5.170e-08
2.350e-01, 5.000e-01, -2.650e-01, 1.112e+05, 0.000e+00, 1.122e-04, 0.000e+00, 2.020e+00, 9.983e+02, 4.927e-08
2.350e-01, 5.000e-01, -2.550e-01, 1.111e+05, 0.000e+00, 1.050e-04, 0.000e+00, 2.018e+00, 9.983e+02, 4.614e-08
2.350e-01, 5.000e-01, -2.450e-01, 1.110e+05, 0.000e+00, 9.373e-05, 0.000e+00, 2.016e+00, 9.983e+02, 4.117e-08
2.350e-01, 5.000e-01, -2.350e-01, 1.109e+05, 0.000e+00, 7.882e-05, 0.000e+00, 2.014e+00, 9.983e+02, 3.462e-08
2.350e-01, 5.000e-01, -2.250e-01, 1.108e+05, 0.000e+00, 6.231e-05, 0.000e+00, 2.012e+00, 9.983e+02, 2.737e-08
2.350e-01, 5.000e-01, -2.150e-01, 1.107e+05, 0.000e+00, 4.699e-05, 0.000e+00, 2.011e+00, 9.983e+02, 2.064e-08
2.350e-01, 5.000e-01, -2.050e-01, 1.106e+05, 0.000e+00, 3.494e-05, 0.000e+00, 2.009e+00, 9.983e+02, 1.535e-08
2.350e-01, 5.000e-01, -1.950e-01, 1.105e+05, 0.000e+00, 2.753e-05, 0.000e+00, 2.007e+00, 9.983e+02, 1.200e-08
2.350e-01, 5.000e-01, -1.850e-01, 1.106e+05, 0.000e+00, 2.274e-05, 0.000e+00, 2.009e+00, 9.983e+02, 9.762e-09
2.350e-01, 5.000e-01, -1.750e-01, 1.105e+05, 0.000e+00, 1.691e-05, 0.000e+00, 2.007e+00, 9.983e+02, 7.259e-09
2.350e-01, 5.000e-01, -1.650e-01, 1.104e+05, 0.000e+00, 1.137e-05, 0.000e+00, 2.005e+00, 9.983e+02, 4.879e-09
2.350e-01, 5.000e-01, -1.550e-01, 1.103e+05, 0.000e+00, 6.983e-06, 0.000e+00, 2.004e+00, 9.983e+02, 2.997e-09
2.350e-01, 5.000e-01, -1.450e-01, 1.102e+05, 0.000e+00, 4.097e-06, 0.000e+00, 2.002e+00, 9.983e+02, 1.759e-09
2.350e-01, 5.000e-01, -1.350e-01, 1.113e+05, 0.000e+00, 2.607e-06, 0.000e+00, 2.022e+00, 9.983e+02, 1.135e-09
2.350e-01, 5.000e-01, -1.250e-01, 1.112e+05, 0.000e+00, 1.580e-06, 0.000e+00, 2.020e+00, 9.983e+02, 6.940e-10
2.350e-01, 5.000e-01, -1.150e-01, 1.111e+05, 0.000e+00, 8.897e-07, 0.000e+00, 2.018e+00, 9.983e+02, 3.908e-10
2.350e-01, 5.000e-01, -1.050e-01, 1.110e+05, 0.000e+00, 4.655e-07, 0.000e+00, 2.017e+00, 9.983e+02, 2.044e-10
2.350e-01, 5.000e-01, -9.500e-02, 1.109e+05, 0.000e+00, 2.268e-07, 0.000e+00, 2.015e+00, 9.983e+02, 9.963e-11
2.350e-01, 5.000e-01, -8.500e-02, 1.108e+05, 0.000e+00, 1.032e-07, 0.000e+00, 2.013e+00, 9.983e+02, 4.534e-11
2.350e-01, 5.000e-01, -7.500e-02, 1.107e+05, 0.000e+00, 4.401e-08, 0.000e+00, 2.011e+00, 9.983e+02, 1.933e-11
2.350e-01, 5.000e-01, -6.500e-02, 1.106e+05, 0.000e+00, 1.764e-08, 0.000e+00, 2.009e+00, 9.983e+02, 7.748e-12
2.350e-01, 5.000e-01, -5.500e-02, 1.105e+05, 0.000e+00, 6.673e-09, 0.000e+00, 2.008e+00, 9.983e+02, 2.931e-12
2.350e-01, 5.000e-01, -4.500e-02, 1.104e+05, 0.000e+00, 2.391e-09, 0.000e+00, 2.006e+00, 9.983e+02, 1.050e-12
2.350e-01, 5.000e-01, -3.500e-02, 1.103e+05, 0.000e+00, 8.147e-10, 0.000e+00, 2.004e+00, 9.983e+02, 3.579e-13
2.350e-01, 5.000e-01, -2.500e-02, 1.102e+05, 0.000e+00, 2.652e-10, 0.000e+00, 2.002e+00, 9.983e+02, 1.165e-13
2.350e-01, 5.000e-01, -1.500e-02, 1.101e+05, 0.000e+00, 8.412e-11, 0.000e+00, 2.000e+00, 9.983e+02, 3.695e-14
2.350e-01, 5.000e-01, -5.000e-03, 1.100e+05, 0.000e+00, 3.029e-11, 0.000e+00, 1.999e+00, 9.983e+02, 1.330e-14
2.450e-01, 5.000e-01, -1.195e+00, 1.202e+05, 0.000e+00, 1.002e-13, 0.000e+00, 2.184e+00, 9.983e+02, 2.000e-17
2.450e-01, 5.000e-01, -1.185e+00, 1.201e+05, 0.000e+00, 1.002e-13, 0.000e+00, 2.182e+00, 9.983e+02, 2.000e-17
2.450e-01, 5.000e-01, -1.175e+00, 1.200e+05, 0.000e+00, 1.002e-13, 0.000e+00, 2.181e+00, 9.983e+02, 2.000e-17
2.450e-01, 5.000e-01, -1.165e+00, 1.199e+05, 0.000e+00, 2.608e-12, 0.000e+00, 2.179e+00, 9.983e+02, 5.206e-16
2.450e-01, 5.000e-01, -1.155e+00, 1.198e+05, 0.000e+00, 6.202e-04, 0.000e+00, 2.177e+00, 9.984e+02, 2.454e-07
2.450e-01, 5.000e-01, -1.145e+00, 1.197e+05, 0.000e+00, 6.520e-04, 0.000e+00, 2.175e+00, 9.984e+02, 2.799e-07
2.450e-01, 5.000e-01, -1.135e+00, 1.196e+05, 0.000e+00, 6.673e-04, 0.000e+00, 2.174e+00, 9.984e+02, 2.865e-07
2.450e-01, 5.000e-01, -1.125e+00, 1.195e+05, 0.000e+00, 6.780e-04, 0.000e+00, 2.172e+00, 9.984e+02, 2.911e-07
2.450e-01, 5.000e-01, -1.115e+00, 1.194e+05, 0.000e+00, 6.833e-04, 0.000e+00, 2.170e+00, 9.984e+02, 2.934e-07
2.450e-01, 5.000e-01, -1.105e+00, 1.193e+05, 0.000e+00, 6.843e-04, 0.000e+00, 2.168e+00, 9.984e+02, 2.938e-07
2.450e-01, 5.000e-01, -1.095e+00, 1.192e+05, 0.000e+00, 6.822e-04, 0.000e+00, 2.167e+00, 9.984e+02, 2.929e-07
2.450e-01, 5.000e-01, -1.085e+00, 1.191e+05, 0.000e+00, 6.774e-04, 0.000e+00, 2.165e+00, 9.984e+02, 2.908e-07
2.450e-01, 5.000e-01, -1.075e+00, 1.190e+05, 0.000e+00, 6.679e-04, 0.000e+00, 2.163e+00, 9.984e+02, 2.868e-07
2.450e-01, 5.000e-01, -1.065e+00, 1.189e+05, 0.000e+00, 6.506e-04, 0.000e+00, 2.161e+00, 9.984e+02, 2.793e-07
2.450e-01, 5.000e-01, -1.055e+00, 1.188e+05, 0.000e+00, 6.217e-04, 0.000e+00, 2.159e+00, 9.984e+02, 2.669e-07
2.450e-01, 5.000e-01, -1.045e+00, 1.187e+05, 0.000e+00, 5.792e-04, 0.000e+00, 2.158e+00, 9.984e+02, 2.487e-07
2.450e-01, 5.000e-01, -1.035e+00, 1.186e+05, 0.000e+00, 5.255e-04, 0.000e+00, 2.156e+00, 9.984e+02, 2.256e-07
2.450e-01, 5.000e-01, -1.025e+00, 1.185e+05, 0.000e+00, 4.646e-04, 0.000e+00, 2.154e+00, 9.983e+02, 1.995e-07
2.450e-01, 5.000e-01, -1.015e+00, 1.185e+05, 0.000e+00, 3.991e-04, 0.000e+00, 2.152e+00, 9.983e+02, 1.713e-07
2.450e-01, 5.000e-01, -1.005e+00, 1.184e+05, 0.000e+00, 3.301e-04, 0.000e+00, 2.150e+00, 9.983e+02, 1.417e-07
2.450e-01, 5.000e-01, -9.950e-01, 1.183e+05, 0.000e+00, 2.600e-04, 0.000e+00, 2.149e+00, 9.983e+02, 1.116e-07
2.450e-01, 5.000e-01, -9.850e-01, 1.182e+05, 0.000e+00, 1.932e-04, 0.000e+00, 2.147e+00, 9.983e+02, 8.295e-08
2.450e-01, 5.000e-01, -9.750e-01, 1.181e+05, 0.000e+00, 1.337e-04, 0.000e+00, 2.145e+00, 9.983e+02, 5.739e-08
2.450e-01, 5.000e-01, -9.650e-01, 1.180e+05, 0.000e+00, 8.453e-05, 0.000e+00, 2.143e+00, 9.983e+02, 3.629e-08
2.450e-01, 5.000e-01, -9.550e-01, 1.179e+05, 0.000e+00, 4.770e-05, 0.000e+00, 2.141e+00, 9.983e+02, 2.047e-08
2.450e-01, 5.000e-01, -9.450e-01, 1.178e+05, 0.000e+00, 2.331e-05, 0.000e+00, 2.140e+00, 9.983e+02, 1.001e-08
2.450e-01, 5.000e-01, -9.350e-01, 1.177e+05, 0.000e+00, 9.512e-06, 0.000e+00, 2.138e+00, 9.983e+02, 4.083e-09
2.450e-01, 5.000e-01, -9.250e-01, 1.176e+05, 0.000e+00, 3.059e-06, 0.000e+00, 2.136e+00, 9.983e+02, 1.313e-09
2.450e-01, 5.000e-01, -9.150e-01, 1.175e+05, 0.000e+00, 7.209e-07, 0.000e+00, 2.134e+00, 9.983e+02, 3.095e-10
2.450e-01, 5.000e-01, -9.050e-01, 1.174e+05, 0.000e+00, 1.705e-07, 0.000e+00, 2.132e+00, 9.983e+02, 7.334e-11
2.450e-01, 5.000e-01, -8.950e-01, 1.188e+05, 0.000e+00, 4.141e-08, 0.000e+00, 2.158e+00, 9.983e+02, 1.819e-11
2.450e-01, 5.000e-01, -8.850e-01, 1.187e+05, 0.000e+00, 2.002e-08, 0.000e+00, 2.156e+00, 9.983e+02, 8.792e-12
2.450e-01, 5.000e-01, -8.750e-01, 1.186e+05, 0.000e+00, 4.306e-08, 0.000e+00, 2.154e+00, 9.983e+02, 1.891e-11
2.450e-01, 5.000e-01, -8.650e-01, 1.185e+05, 0.000e+00, 1.403e-07, 0.000e+00, 2.153e+00, 9.983e+02, 6.164e-11
2.450e-01, 5.000e-01, -8.550e-01, 1.184e+05, 0.000e+00, 4.438e-07, 0.000e+00, 2.151e+00, 9.983e+02, 1.949e-10
2.450e-01, 5.000e-01, -8.450e-01, 1.183e+05, 0.000e+00, 1.308e-06, 0.000e+00, 2.149e+00, 9.983e+02, 5.743e-10
2.450e-01, 5.000e-01, -8.350e-01, 1.182e+05, 0.000e+00, 3.565e-06, 0.000e+00, 2.147e+00, 9.983e+02, 1.566e-09
2.450e-01, 5.000e-01, -8.250e-01, 1.181e+05, 0.000e+00, 8.960e-06, 0.000e+00, 2.145e+00, 9.983e+02, 3.935e-09
2.450e-01, 5.000e-01, -8.150e-01, 1.180e+05, 0.000e+00, 2.067e-05, 0.000e+00, 2.144e+00, 9.983e+02, 9.079e-09
2.450e-01, 5.000e-01, -8.050e-01, 1.179e+05, 0.000e+00, 4.365e-05, 0.000e+00, 2.142e+00, 9.983e+02, 1.917e-08
2.450e-01, 5.000e-01, -7.950e-01, 1.178e+05, 0.000e+00, 8.416e-05, 0.000e+00, 2.140e+00, 9.983e+02, 3.696e-08
2.450e-01, 5.000e-01, -7.850e-01, 1.177e+05, 0.000e+00, 1.478e-04, 0.000e+00, 2.138e+00, 9.983e+02, 6.490e-08
2.450e-01, 5.000e-01, -7.750e-01, 1.176e+05, 0.000e+00, 2.359e-04, 0.000e+00, 2.136e+00, 9.983e+02, 1.036e-07
2.450e-01, 5.000e-01, -7.650e-01, 1.175e+05, 0.000e+00, 3.419e-04, 0.000e+00, 2.135e+00, 9.983e+02, 1.502e-07
2.450e-01, 5.000e-01, -7.550e-01, 1.174e+05, 0.000e+00, 4.494e-04, 0.000e+00, 2.133e+00, 9.983e+02, 1.974e-07
2.450e-01, 5.000e-01, -7.450e-01, 1.173e+05, 0.000e+00, 5.357e-04, 0.000e+00, 2.131e+00, 9.984e+02, 2.356e-07
2.450e-01, 5.000e-01, -7.350e-01, 1.157e+05, 0.000e+00, 5.791e-04, 0.000e+00, 2.102e+00, 9.984e+02, 2.601e-07
2.450e-01, 5.000e-01, -7.250e-01, 1.156e+05, 0.000e+00, 5.813e-04, 0.000e+00, 2.101e+00, 9.984e+02, 2.612e-07
2.450e-01, 5.000e-01, -7.150e-01, 1.155e+05, 0.000e+00, 5.650e-04, 0.000e+00, 2.099e+00, 9.984e+02, 2.538e-07
2.450e-01, 5.000e-01, -7.050e-01, 1.154e+05, 0.000e+00, 5.448e-04, 0.000e+00, 2.097e+00, 9.984e+02, 2.448e-07
2.450e-01, 5.000e-01, -6.950e-01, 1.153e+05, 0.000e+00, 5.284e-04, 0.000e+00, 2.095e+00, 9.984e+02, 2.374e-07
2.450e-01, 5.000e-01, -6.850e-01, 1.152e+05, 0.000e+00, 5.167e-04, 0.000e+00, 2.093e+00, 9.984e+02, 2.321e-07
2.450e-01, 5.000e-01, -6.750e-01, 1.151e+05, 0.000e+00, 5.080e-04, 0.000e+00, 2.092e+00, 9.984e+02, 2.282e-07
2.450e-01, 5.000e-01, -6.650e-01, 1.150e+05, 0.000e+00, 5.002e-04, 0.000e+00, 2.090e+00, 9.984e+02, 2.247e-07
2.450e-01, 5.000e-01, -6.550e-01, 1.149e+05, 0.000e+00, 4.920e-04, 0.000e+00, 2.088e+00, 9.984e+02, 2.210e-07
2.450e-01, 5.000e-01, -6.450e-01, 1.148e+05, 0.000e+00, 4.827e-04, 0.000e+00, 2.086e+00, 9.983e+02, 2.169e-07
2.450e-01, 5.000e-01, -6.350e-01, 1.147e+05, 0.000e+00, 4.719e-04, 0.000e+00, 2.084e+00, 9.983e+02, 2.120e-07
2.450e-01, 5.000e-01, -6.250e-01, 1.146e+05, 0.000e+00, 4.590e-04, 0.000e+00, 2.083e+00, 9.983e+02, 2.062e-07
2.450e-01, 5.000e-01, -6.150e-01, 1.145e+05, 0.000e+00, 4.431e-04, 0.000e+00, 2.081e+00, 9.983e+02, 1.991e-07
2.450e-01, 5.000e-01, -6.050e-01, 1.144e+05, 0.000e+00, 4.235e-04, 0.000e+00, 2.079e+00, 9.983e+02, 1.903e-07
2.450e-01, 5.000e-01, -5.950e-01, 1.144e+05, 0.000e+00, 4.002e-04, 0.000e+00, 2.077e+00, 9.983e+02, 1.779e-07
2.450e-01, 5.000e-01, -5.850e-01, 1.143e+05, 0.000e+00, 3.778e-04, 0.000e+00, 2.077e+00, 9.983e+02, 1.659e-07
2.450e-01, 5.000e-01, -5.750e-01, 1.142e+05, 0.000e+00, 3.601e-04, 0.000e+00, 2.075e+00, 9.983e+02, 1.582e-07
2.450e-01, 5.000e-01, -5.650e-01, 1.141e+05, 0.000e+00, 3.473e-04, 0.000e+00, 2.073e+00, 9.983e+02, 1.526e-07
2.450e-01, 5.000e-01, -5.550e-01, 1.140e+05, 0.000e+00, 3.400e-04, 0.000e+00, 2.071e+00, 9.983e+02, 1.494e-07
2.450e-01, 5.000e-01, -5.450e-01, 1.139e+05, 0.000e+00, 3.397e-04, 0.000e+00, 2.070e+00, 9.983e+02, 1.492e-07
2.450e-01, 5.000e-01, -5.350e-01, 1.138e+05, 0.000e+00, 3.465e-04, 0.000e+00, 2.068e+00, 9.983e+02, 1.522e-07
2.450e-01, 5.000e-01, -5.250e-01, 1.137e+05, 0.000e+00, 3.579e-04, 0.000e+00, 2.066e+00, 9.983e+02, 1.572e-07
2.450e-01, 5.000e-01, -5.150e-01, 1.136e+05, 0.000e+00, 3.692e-04, 0.000e+00, 2.064e+00, 9.983e+02, 1.622e-07
2.450e-01, 5.000e-01, -5.050e-01, 1.135e+05, 0.000e+00, 3.750e-04, 0.000e+00, 2.063e+00, 9.983e+02, 1.647e-07
2.450e-01, 5.000e-01, -4.950e-01, 1.136e+05, 0.000e+00, 3.727e-04, 0.000e+00, 2.064e+00, 9.983e+02, 1.603e-07
2.450e-01, 5.000e-01, -4.850e-01, 1.135e+05, 0.000e+00, 3.655e-04, 0.000e+00, 2.063e+00, 9.983e+02, 1.569e-07
2.450e-01, 5.000e-01, -4.750e-01, 1.135e+05, 0.000e+00, 3.562e-04, 0.000e+00, 2.061e+00, 9.983e+02, 1.529e-07
2.450e-01, 5.000e-01, -4.650e-01, 1.134e+05, 0.000e+00, 3.460e-04, 0.000e+00, 2.059e+00, 9.983e+02, 1.485e-07
2.450e-01, 5.000e-01, -4.550e-01, 1.130e+05, 0.000e+00, 3.355e-04, 0.000e+00, 2.052e+00, 9.983e+02, 1.440e-07
2.450e-01, 5.000e-01, -4.450e-01, 1.129e+05, 0.000e+00, 3.262e-04, 0.000e+00, 2.050e+00, 9.983e+02, 1.400e-07
2.450e-01, 5.000e-01, -4.350e-01, 1.128e+05, 0.000e+00, 3.210e-04, 0.000e+00, 2.048e+00, 9.983e+02, 1.378e-07
2.450e-01, 5.000e-01, -4.250e-01, 1.127e+05, 0.000e+00, 3.185e-04, 0.000e+00, 2.047e+00, 9.983e+02, 1.367e-07
2.450e-01, 5.000e-01, -4.150e-01, 1.126e+05, 0.000e+00, 3.163e-04, 0.000e+00, 2.045e+00, 9.983e+02, 1.358e-07
2.450e-01, 5.000e-01, -4.050e-01, 1.125e+05, 0.000e+00, 3.112e-04, 0.000e+00, 2.043e+00, 9.983e+02, 1.336e-07
2.450e-01, 5.000e-01, -3.950e-01, 1.124e+05, 0.000e+00, 3.004e-04, 0.000e+00, 2.041e+00, 9.983e+02, 1.290e-07
2.450e-01, 5.000e-01, -3.850e-01, 1.123e+05, 0.000e+00, 2.822e-04, 0.000e+00, 2.039e+00, 9.983e+02, 1.211e-07
2.450e-01, 5.000e-01, -3.750e-01, 1.122e+05, 0.000e+00, 2.553e-04, 0.000e+00, 2.038e+00, 9.983e+02, 1.096e-07
2.450e-01, 5.000e-01, -3.650e-01, 1.121e+05, 0.000e+00, 2.205e-04, 0.000e+00, 2.036e+00, 9.983e+02, 9.465e-08
2.450e-01, 5.000e-01, -3.550e-01, 1.120e+05, 0.000e+00, 1.890e-04, 0.000e+00, 2.034e+00, 9.983e+02, 8.171e-08
2.450e-01, 5.000e-01, -3.450e-01, 1.119e+05, 0.000e+00, 1.658e-04, 0.000e+00, 2.033e+00, 9.983e+02, 7.449e-08
2.450e-01, 5.000e-01, -3.350e-01, 1.118e+05, 0.000e+00, 1.478e-04, 0.000e+00, 2.031e+00, 9.983e+02, 6.639e-08
2.450e-01, 5.000e-01, -3.250e-01, 1.117e+05, 0.000e+00, 1.340e-04, 0.000e+00, 2.029e+00, 9.983e+02, 6.020e-08
2.450e-01, 5.000e-01, -3.150e-01, 1.116e+05, 0.000e+00, 1.240e-04, 0.000e+00, 2.027e+00, 9.983e+02, 5.571e-08
2.450e-01, 5.000e-01, -3.050e-01, 1.115e+05, 0.000e+00, 1.173e-04, 0.000e+00, 2.025e+00, 9.983e+02, 5.271e-08
2.450e-01, 5.000e-01, -2.950e-01, 1.114e+05, 0.000e+00, 1.133e-04, 0.000e+00, 2.024e+00, 9.983e+02, 5.088e-08
2.450e-01, 5.000e-01, -2.850e-01, 1.113e+05, 0.000e+00, 1.108e-04, 0.000e+00, 2.022e+00, 9.983e+02, 4.976e-08
2.450e-01, 5.000e-01, -2.750e-01, 1.112e+05, 0.000e+00, 1.091e-04, 0.000e+00, 2.020e+00, 9.983e+02, 4.879e-08
2.450e-01, 5.000e-01, -2.650e-01, 1.112e+05, 0.000e+00, 1.083e-04, 0.000e+00, 2.020e+00, 9.983e+02, 4.755e-08
2.450e-01, 5.000e-01, -2.550e-01, 1.111e+05, 0.000e+00, 1.073e-04, 0.000e+00, 2.018e+00, 9.983e+02, 4.713e-08
2.450e-01, 5.000e-01, -2.450e-01, 1.110e+05, 0.000e+00, 1.023e-04, 0.000e+00, 2.016e+00, 9.983e+02, 4.495e-08
2.450e-01, 5.000e-01, -2.350e-01, 1.109e+05, 0.000e+00, 9.180e-05, 0.000e+00, 2.014e+00, 9.983e+02, 4.032e-08
2.450e-01, 5.000e-01, -2.250e-01, 1.108e+05, 0.000e+00, 7.659e-05, 0.000e+00, 2.012e+00, 9.983e+02, 3.364e-08
2.450e-01, 5.000e-01, -2.150e-01, 1.107e+05, 0.000e+00, 5.987e-05, 0.000e+00, 2.011e+00, 9.983e+02, 2.630e-08
2.450e-01, 5.000e-01, -2.050e-01, 1.106e+05, 0.000e+00, 4.550e-05, 0.000e+00, 2.009e+00, 9.983e+02, 1.999e-08
2.450e-01, 5.000e-01, -1.950e-01, 1.105e+05, 0.000e+00, 3.636e-05, 0.000e+00, 2.007e+00, 9.983e+02, 1.584e-08
2.450e-01, 5.000e-01, -1.850e-01, 1.106e+05, 0.000e+00, 2.994e-05, 0.000e+00, 2.009e+00, 9.983e+02, 1.285e-08
2.450e-01, 5.000e-01, -1.750e-01, 1.105e+05, 0.000e+00, 2.206e-05, 0.000e+00, 2.007e+00, 9.983e+02, 9.470e-09
2.450e-01, 5.000e-01, -1.650e-01, 1.104e+05, 0.000e+00, 1.466e-05, 0.000e+00, 2.005e+00, 9.983e+02, 6.294e-09
2.450e-01, 5.000e-01, -1.550e-01, 1.103e+05, 0.000e+00, 8.908e-06, 0.000e+00, 2.004e+00, 9.983e+02, 3.824e-09
2.450e-01, 5.000e-01, -1.450e-01, 1.102e+05, 0.000e+00, 5.177e-06, 0.000e+00, 2.002e+00, 9.983e+02, 2.222e-09
2.450e-01, 5.000e-01, -1.350e-01, 1.113e+05, 0.000e+00, 3.285e-06, 0.000e+00, 2.022e+00, 9.983e+02, 1.431e-09
2.450e-01, 5.000e-01, -1.250e-01, 1.112e+05, 0.000e+00, 1.989e-06, 0.000e+00, 2.020e+00, 9.983e+02, 8.738e-10
2.450e-01, 5.000e-01, -1.150e-01, 1.111e+05, 0.000e+00, 1.124e-06, 0.000e+00, 2.018e+00, 9.983e+02, 4.939e-10
2.450e-01, 5.000e-01, -1.050e-01, 1.110e+05, 0.000e+00, 5.933e-07, 0.000e+00, 2.017e+00, 9.983e+02, 2.606e-10
2.450e-01, 5.000e-01, -9.500e-02, 1.109e+05, 0.000e+00, 2.929e-07, 0.000e+00, 2.015e+00, 9.983e+02, 1.287e-10
2.450e-01, 5.000e-01, -8.500e-02, 1.108e+05, 0.000e+00, 1.356e-07, 0.000e+00, 2.013e+00, 9.983e+02, 5.958e-11
2.450e-01, 5.000e-01, -7.500e-02, 1.107e+05, 0.000e+00, 5.906e-08, 0.000e+00, 2.011e+00, 9.983e+02, 2.594e-11
2.450e-01, 5.000e-01, -6.500e-02, 1.106e+05, 0.000e+00, 2.426e-08, 0.000e+00, 2.009e+00, 9.983e+02, 1.066e-11
2.450e-01, 5.000e-01, -5.500e-02, 1.105e+05, 0.000e+00, 9.430e-09, 0.000e+00, 2.008e+00, 9.983e+02, 4.142e-12
2.450e-01, 5.000e-01, -4.500e-02, 1.104e+05, 0.000e+00, 3.480e-09, 0.000e+00, 2.006e+00, 9.983e+02, 1.528e-12
2.450e-01, 5.000e-01, -3.500e-02, 1.103e+05, 0.000e+00, 1.223e-09, 0.000e+00, 2.004e+00, 9.983e+02, 5.371e-13
2.450e-01, 5.000e-01, -2.500e-02, 1.102e+05, 0.000e+00, 4.110e-10, 0.000e+00, 2.002e+00, 9.983e+02, 1.805e-13
2.450e-01, 5.000e-01, -1.500e-02, 1.101e+05, 0.000e+00, 1.347e-10, 0.000e+00, 2.000e+00, 9.983e+02, 5.918e-14
2.450e-01, 5.000e-01, -5.000e-03, 1.100e+05, 0.000e+00, 5.013e-11, 0.000e+00, 1.999e+00, 9.983e+02, 2.202e-14
2.550e-01, 5.000e-01, -1.195e+00, 1.202e+05, 0.000e+00, 1.002e-13, 0.000e+00, 2.184e+00, 9.983e+02, 2.000e-17
2.550e-01, 5.000e-01, -1.185e+00, 1.201e+05, 0.000e+00, 1.002e-13, 0.000e+00, 2.182e+00, 9.983e+02, 2.000e-17
2.550e-01, 5.000e-01, -1.175e+00, 1.200e+05, 0.000e+00, 1.002e-13, 0.000e+00, 2.181e+00, 9.983e+02, 2.000e-17
2.550e-01, 5.000e-01, -1.165e+00, 1.199e+05, 0.000e+00, 2.529e-12, 0.000e+00, 2.179e+00, 9.983e+02, 5.048e-16
2.550e-01, 5.000e-01, -1.155e+00, 1.198e+05, 0.000e+00, 6.278e-04, 0.000e+00, 2.177e+00, 9.984e+02, 2.484e-07
2.550e-01, 5.000e-01, -1.145e+00, 1.197e+05, 0.000e+00, 6.599e-04, 0.000e+00, 2.175e+00, 9.984e+02, 2.833e-07
2.550e-01, 5.000e-01, -1.135e+00, 1.196e+05, 0.000e+00, 6.761e-04, 0.000e+00, 2.174e+00, 9.984e+02, 2.903e-07
2.550e-01, 5.000e-01, -1.125e+00, 1.195e+05, 0.000e+00, 6.837e-04, 0.000e+00, 2.172e+00, 9.984e+02, 2.935e-07
2.550e-01, 5.000e-01, -1.115e+00, 1.194e+05, 0.000e+00, 6.859e-04, 0.000e+00, 2.170e+00, 9.984e+02, 2.945e-07
2.550e-01, 5.000e-01, -1.105e+00, 1.193e+05, 0.000e+00, 6.855e-04, 0.000e+00, 2.168e+00, 9.984e+02, 2.943e-07
2.550e-01, 5.000e-01, -1.095e+00, 1.192e+05, 0.000e+00, 6.834e-04, 0.000e+00, 2.167e+00, 9.984e+02, 2.934e-07
2.550e-01, 5.000e-01, -1.085e+00, 1.191e+05, 0.000e+00, 6.791e-04, 0.000e+00, 2.165e+00, 9.984e+02, 2.915e-07
2.550e-01, 5.000e-01, -1.075e+00, 1.190e+05, 0.000e+00, 6.704e-04, 0.000e+00, 2.163e+00, 9.984e+02, 2.878e-07
2.550e-01, 5.000e-01, -1.065e+00, 1.189e+05, 0.000e+00, 6.534e-04, 0.000e+00, 2.161e+00, 9.984e+02, 2.805e-07
2.550e-01, 5.000e-01, -1.055e+00, 1.188e+05, 0.000e+00, 6.241e-04, 0.000e+00, 2.159e+00, 9.984e+02, 2.679e-07
2.550e-01, 5.000e-01, -1.045e+00, 1.187e+05, 0.000e+00, 5.810e-04, 0.000e+00, 2.158e+00, 9.984e+02, 2.494e-07
2.550e-01, 5.000e-01, -1.035e+00, 1.186e+05, 0.000e+00, 5.271e-04, 0.000e+00, 2.156e+00, 9.984e+02, 2.263e-07
2.550e-01, 5.000e-01, -1.025e+00, 1.185e+05, 0.000e+00, 4.673e-04, 0.000e+00, 2.154e+00, 9.983e+02, 2.006e-07
2.550e-01, 5.000e-01, -1.015e+00, 1.185e+05, 0.000e+00, 4.039e-04, 0.000e+00, 2.152e+00, 9.983e+02, 1.734e-07
2.550e-01, 5.000e-01, -1.005e+00, 1.184e+05, 0.000e+00, 3.369e-04, 0.000e+00, 2.150e+00, 9.983e+02, 1.446e-07
2.550e-01, 5.000e-01, -9.950e-01, 1.183e+05, 0.000e+00, 2.676e-04, 0.000e+00, 2.149e+00, 9.983e+02, 1.149e-07
2.550e-01, 5.000e-01, -9.850e-01, 1.182e+05, 0.000e+00, 2.005e-04, 0.000e+00, 2.147e+00, 9.983e+02, 8.608e-08
2.550e-01, 5.000e-01, -9.750e-01, 1.181e+05, 0.000e+00, 1.398e-04, 0.000e+00, 2.145e+00, 9.983e+02, 5.999e-08
2.550e-01, 5.000e-01, -9.650e-01, 1.180e+05, 0.000e+00, 8.892e-05, 0.000e+00, 2.143e+00, 9.983e+02, 3.817e-08
2.550e-01, 5.000e-01, -9.550e-01, 1.179e+05, 0.000e+00, 5.038e-05, 0.000e+00, 2.141e+00, 9.983e+02, 2.163e-08
2.550e-01, 5.000e-01, -9.450e-01, 1.178e+05, 0.000e+00, 2.463e-05, 0.000e+00, 2.140e+00, 9.983e+02, 1.057e-08
2.550e-01, 5.000e-01, -9.350e-01, 1.177e+05, 0.000e+00, 9.968e-06, 0.000e+00, 2.138e+00, 9.983e+02, 4.279e-09
2.550e-01, 5.000e-01, -9.250e-01, 1.176e+05, 0.000e+00, 3.124e-06, 0.000e+00, 2.136e+00, 9.983e+02, 1.341e-09
2.550e-01, 5.000e-01, -9.150e-01, 1.175e+05, 0.000e+00, 6.981e-07, 0.000e+00, 2.134e+00, 9.983e+02, 2.997e-10
2.550e-01, 5.000e-01, -9.050e-01, 1.174e+05, 0.000e+00, 1.615e-07, 0.000e+00, 2.132e+00, 9.983e+02, 6.964e-11
2.550e-01, 5.000e-01, -8.950e-01, 1.188e+05, 0.000e+00, 4.179e-08, 0.000e+00, 2.158e+00, 9.983e+02, 1.835e-11
2.550e-01, 5.000e-01, -8.850e-01, 1.187e+05, 0.000e+00, 2.396e-08, 0.000e+00, 2.156e+00, 9.983e+02, 1.052e-11
2.550e-01, 5.000e-01, -8.750e-01, 1.186e+05, 0.000e+00, 5.666e-08, 0.000e+00, 2.154e+00, 9.983e+02, 2.489e-11
2.550e-01, 5.000e-01, -8.650e-01, 1.185e+05, 0.000e+00, 1.847e-07, 0.000e+00, 2.153e+00, 9.983e+02, 8.114e-11
2.550e-01, 5.000e-01, -8.550e-01, 1.184e+05, 0.000e+00, 5.787e-07, 0.000e+00, 2.151e+00, 9.983e+02, 2.542e-10
2.550e-01, 5.000e-01, -8.450e-01, 1.183e+05, 0.000e+00, 1.685e-06, 0.000e+00, 2.149e+00, 9.983e+02, 7.403e-10
2.550e-01, 5.000e-01, -8.350e-01, 1.182e+05, 0.000e+00, 4.534e-06, 0.000e+00, 2.147e+00, 9.983e+02, 1.991e-09
2.550e-01, 5.000e-01, -8.250e-01, 1.181e+05, 0.000e+00, 1.121e-05, 0.000e+00, 2.145e+00, 9.983e+02, 4.925e-09
2.550e-01, 5.000e-01, -8.150e-01, 1.180e+05, 0.000e+00, 2.540e-05, 0.000e+00, 2.144e+00, 9.983e+02, 1.116e-08
2.550e-01, 5.000e-01, -8.050e-01, 1.179e+05, 0.000e+00, 5.250e-05, 0.000e+00, 2.142e+00, 9.983e+02, 2.306e-08
2.550e-01, 5.000e-01, -7.950e-01, 1.178e+05, 0.000e+00, 9.882e-05, 0.000e+00, 2.140e+00, 9.983e+02, 4.341e-08
2.550e-01, 5.000e-01, -7.850e-01, 1.177e+05, 0.000e+00, 1.691e-04, 0.000e+00, 2.138e+00, 9.983e+02, 7.427e-08
2.550e-01, 5.000e-01, -7.750e-01, 1.176e+05, 0.000e+00, 2.627e-04, 0.000e+00, 2.136e+00, 9.983e+02, 1.154e-07
2.550e-01, 5.000e-01, -7.650e-01, 1.175e+05, 0.000e+00, 3.706e-04, 0.000e+00, 2.135e+00, 9.983e+02, 1.628e-07
2.550e-01, 5.000e-01, -7.550e-01, 1.174e+05, 0.000e+00, 4.748e-04, 0.000e+00, 2.133e+00, 9.983e+02, 2.086e-07
2.550e-01, 5.000e-01, -7.450e-01, 1.173e+05, 0.000e+00, 5.527e-04, 0.000e+00, 2.131e+00, 9.984e+02, 2.440e-07
2.550e-01, 5.000e-01, -7.350e-01, 1.157e+05, 0.000e+00, 5.850e-04, 0.000e+00, 2.102e+00, 9.984e+02, 2.628e-07
2.550e-01, 5.000e-01, -7.250e-01, 1.156e+05, 0.000e+00, 5.830e-04, 0.000e+00, 2.101e+00, 9.984e+02, 2.619e-07
2.550e-01, 5.000e-01, -7.150e-01, 1.155e+05, 0.000e+00, 5.644e-04, 0.000e+00, 2.099e+00, 9.984e+02, 2.536e-07
2.550e-01, 5.000e-01, -7.050e-01, 1.154e+05, 0.000e+00, 5.435e-04, 0.000e+00, 2.097e+00, 9.984e+02, 2.442e-07
2.550e-01, 5.000e-01, -6.950e-01, 1.153e+05, 0.000e+00, 5.270e-04, 0.000e+00, 2.095e+00, 9.984e+02, 2.368e-07
2.550e-01, 5.000e-01, -6.850e-01, 1.152e+05, 0.000e+00, 5.155e-04, 0.000e+00, 2.093e+00, 9.984e+02, 2.316e-07
2.550e-01, 5.000e-01, -6.750e-01, 1.151e+05, 0.000e+00, 5.071e-04, 0.000e+00, 2.092e+00, 9.984e+02, 2.278e-07
2.550e-01, 5.000e-01, -6.650e-01, 1.150e+05, 0.000e+00, 4.998e-04, 0.000e+00, 2.090e+00, 9.984e+02, 2.245e-07
2.550e-01, 5.000e-01, -6.550e-01, 1.149e+05, 0.000e+00, 4.918e-04, 0.000e+00, 2.088e+00, 9.984e+02, 2.209e-07
2.550e-01, 5.000e-01, -6.450e-01, 1.148e+05, 0.000e+00, 4.820e-04, 0.000e+00, 2.086e+00, 9.983e+02, 2.165e-07
2.550e-01, 5.000e-01, -6.350e-01, 1.147e+05, 0.000e+00, 4.697e-04, 0.000e+00, 2.084e+00, 9.983e+02, 2.110e-07
2.550e-01, 5.000e-01, -6.250e-01, 1.146e+05, 0.000e+00, 4.543e-04, 0.000e+00, 2.083e+00, 9.983e+02, 2.041e-07
2.550e-01, 5.000e-01, -6.150e-01, 1.145e+05, 0.000e+00, 4.351e-04, 0.000e+00, 2.081e+00, 9.983e+02, 1.955e-07
2.550e-01, 5.000e-01, -6.050e-01, 1.144e+05, 0.000e+00, 4.114e-04, 0.000e+00, 2.079e+00, 9.983e+02, 1.848e-07
2.550e-01, 5.000e-01, -5.950e-01, 1.144e+05, 0.000e+00, 3.833e-04, 0.000e+00, 2.079e+00, 9.983e+02, 1.701e-07
2.550e-01, 5.000e-01, -5.850e-01, 1.143e+05, 0.000e+00, 3.561e-04, 0.000e+00, 2.077e+00, 9.983e+02, 1.564e-07
2.550e-01, 5.000e-01, -5.750e-01, 1.142e+05, 0.000e+00, 3.340e-04, 0.000e+00, 2.075e+00, 9.983e+02, 1.467e-07
2.550e-01, 5.000e-01, -5.650e-01, 1.141e+05, 0.000e+00, 3.173e-04, 0.000e+00, 2.073e+00, 9.983e+02, 1.394e-07
2.550e-01, 5.000e-01, -5.550e-01, 1.140e+05, 0.000e+00, 3.080e-04, 0.000e+00, 2.071e+00, 9.983e+02, 1.353e-07
2.550e-01, 5.000e-01, -5.450e-01, 1.139e+05, 0.000e+00, 3.082e-04, 0.000e+00, 2.070e+00, 9.983e+02, 1.354e-07
2.550e-01, 5.000e-01, -5.350e-01, 1.138e+05, 0.000e+00, 3.189e-04, 0.000e+00, 2.068e+00, 9.983e+02, 1.401e-07
2.550e-01, 5.000e-01, -5.250e-01, 1.137e+05, 0.000e+00, 3.377e-04, 0.000e+00, 2.066e+00, 9.983e+02, 1.484e-07
2.550e-01, 5.000e-01, -5.150e-01, 1.136e+05, 0.000e+00, 3.584e-04, 0.000e+00, 2.064e+00, 9.983e+02, 1.574e-07
2.550e-01, 5.000e-01, -5.050e-01, 1.135e+05, 0.000e+00, 3.725e-04, 0.000e+00, 2.063e+00, 9.983e+02, 1.633e-07
2.550e-01, 5.000e-01, -4.950e-01, 1.136e+05, 0.000e+00, 3.739e-04, 0.000e+00, 2.064e+00, 9.983e+02, 1.605e-07
2.550e-01, 5.000e-01, -4.850e-01, 1.135e+05, 0.000e+00, 3.673e-04, 0.000e+00, 2.063e+00, 9.983e+02, 1.577e-07
2.550e-01, 5.000e-01, -4.750e-01, 1.135e+05, 0.000e+00, 3.573e-04, 0.000e+00, 2.061e+00, 9.983e+02, 1.534e-07
2.550e-01, 5.000e-01, -4.650e-01, 1.134e+05, 0.000e+00, 3.459e-04, 0.000e+00, 2.059e+00, 9.983e+02, 1.485e-07
2.550e-01, 5.000e-01, -4.550e-01, 1.130e+05, 0.000e+00, 3.341e-04, 0.000e+00, 2.052e+00, 9.983e+02, 1.434e-07
2.550e-01, 5.000e-01, -4.450e-01, 1.129e+05, 0.000e+00, 3.242e-04, 0.000e+00, 2.050e+00, 9.983e+02, 1.392e-07
2.550e-01, 5.000e-01, -4.350e-01, 1.128e+05, 0.000e+00, 3.197e-04, 0.000e+00, 2.048e+00, 9.983e+02, 1.372e-07
2.550e-01, 5.000e-01, -4.250e-01, 1.127e+05, 0.000e+00, 3.188e-04, 0.000e+00, 2.047e+00, 9.983e+02, 1.368e-07
2.550e-01, 5.000e-01, -4.150e-01, 1.126e+05, 0.000e+00, 3.188e-04, 0.000e+00, 2.045e+00, 9.983e+02, 1.369e-07
2.550e-01, 5.000e-01, -4.050e-01, 1.125e+05, 0.000e+00, 3.161e-04, 0.000e+00, 2.043e+00, 9.983e+02, 1.357e-07
2.550e-01, 5.000e-01, -3.950e-01, 1.124e+05, 0.000e+00, 3.076e-04, 0.000e+00, 2.041e+00, 9.983e+02, 1.320e-07
2.550e-01, 5.000e-01, -3.850e-01, 1.123e+05, 0.000e+00, 2.914e-04, 0.000e+00, 2.039e+00, 9.983e+02, 1.251e-07
2.550e-01, 5.000e-01, -3.750e-01, 1.122e+05, 0.000e+00, 2.669e-04, 0.000e+00, 2.038e+00, 9.983e+02, 1.146e-07
2.550e-01, 5.000e-01, -3.650e-01, 1.121e+05, 0.000e+00, 2.336e-04, 0.000e+00, 2.036e+00, 9.983e+02, 1.003e-07
2.550e-01, 5.000e-01, -3.550e-01, 1.120e+05, 0.000e+00, 1.971e-04, 0.000e+00, 2.034e+00, 9.983e+02, 8.508e-08
2.550e-01, 5.000e-01, -3.450e-01, 1.119e+05, 0.000e+00, 1.704e-04, 0.000e+00, 2.033e+00, 9.983e+02, 7.655e-08
2.550e-01, 5.000e-01, -3.350e-01, 1.118e+05, 0.000e+00, 1.495e-04, 0.000e+00, 2.031e+00, 9.983e+02, 6.715e-08
2.550e-01, 5.000e-01, -3.250e-01, 1.117e+05, 0.000e+00, 1.330e-04, 0.000e+00, 2.029e+00, 9.983e+02, 5.973e-08
2.550e-01, 5.000e-01, -3.150e-01, 1.116e+05, 0.000e+00, 1.203e-04, 0.000e+00, 2.027e+00, 9.983e+02, 5.405e-08
2.550e-01, 5.000e-01, -3.050e-01, 1.115e+05, 0.000e+00, 1.110e-04, 0.000e+00, 2.025e+00, 9.983e+02, 4.987e-08
2.550e-01, 5.000e-01, -2.950e-01, 1.114e+05, 0.000e+00, 1.044e-04, 0.000e+00, 2.024e+00, 9.983e+02, 4.689e-08
2.550e-01, 5.000e-01, -2.850e-01, 1.113e+05, 0.000e+00, 9.957e-05, 0.000e+00, 2.022e+00, 9.983e+02, 4.473e-08
2.550e-01, 5.000e-01, -2.750e-01, 1.112e+05, 0.000e+00, 9.567e-05, 0.000e+00, 2.020e+00, 9.983e+02, 4.284e-08
2.550e-01, 5.000e-01, -2.650e-01, 1.112e+05, 0.000e+00, 9.362e-05, 0.000e+00, 2.020e+00, 9.983e+02, 4.112e-08
2.550e-01, 5.000e-01, -2.550e-01, 1.111e+05, 0.000e+00, 9.673e-05, 0.000e+00, 2.018e+00, 9.983e+02, 4.249e-08
2.550e-01, 5.000e-01, -2.450e-01, 1.110e+05, 0.000e+00, 9.951e-05, 0.000e+00, 2.016e+00, 9.983e+02, 4.371e-08
2.550e-01, 5.000e-01, -2.350e-01, 1.109e+05, 0.000e+00, 9.733e-05, 0.000e+00, 2.014e+00, 9.983e+02, 4.275e-08
2.550e-01, 5.000e-01, -2.250e-01, 1.108e+05, 0.000e+00, 8.807e-05, 0.000e+00, 2.012e+00, 9.983e+02, 3.868e-08
2.550e-01, 5.000e-01, -2.150e-01, 1.107e+05, 0.000e+00, 7.333e-05, 0.000e+00, 2.011e+00, 9.983e+02, 3.221e-08
2.550e-01, 5.000e-01, -2.050e-01, 1.106e+05, 0.000e+00, 5.798e-05, 0.000e+00, 2.009e+00, 9.983e+02, 2.546e-08
2.550e-01, 5.000e-01, -1.950e-01, 1.105e+05, 0.000e+00, 4.721e-05, 0.000e+00, 2.007e+00, 9.983e+02, 2.055e-08
2.550e-01, 5.000e-01, -1.850e-01, 1.106e+05, 0.000e+00, 3.876e-05, 0.000e+00, 2.009e+00, 9.983e+02, 1.664e-08
2.550e-01, 5.000e-01, -1.750e-01, 1.105e+05, 0.000e+00, 2.832e-05, 0.000e+00, 2.007e+00, 9.983e+02, 1.216e-08
2.550e-01, 5.000e-01, -1.650e-01, 1.104e+05, 0.000e+00, 1.863e-05, 0.000e+00, 2.005e+00, 9.983e+02, 7.998e-09
2.550e-01, 5.000e-01, -1.550e-01, 1.103e+05, 0.000e+00, 1.122e-05, 0.000e+00, 2.004e+00, 9.983e+02, 4.815e-09
2.550e-01, 5.000e-01, -1.450e-01, 1.102e+05, 0.000e+00, 6.485e-06, 0.000e+00, 2.002e+00, 9.983e+02, 2.784e-09
2.550e-01, 5.000e-01, -1.350e-01, 1.113e+05, 0.000e+00, 4.141e-06, 0.000e+00, 2.022e+00, 9.983e+02, 1.805e-09
2.550e-01, 5.000e-01, -1.250e-01, 1.112e+05, 0.000e+00, 2.535e-06, 0.000e+00, 2.020e+00, 9.983e+02, 1.114e-09
2.550e-01, 5.000e-01, -1.150e-01, 1.111e+05, 0.000e+00, 1.459e-06, 0.000e+00, 2.018e+00, 9.983e+02, 6.409e-10
2.550e-01, 5.000e-01, -1.050e-01, 1.110e+05, 0.000e+00, 7.889e-07, 0.000e+00, 2.017e+00, 9.983e+02, 3.465e-10
2.550e-01, 5.000e-01, -9.500e-02, 1.109e+05, 0.000e+00, 4.009e-07, 0.000e+00, 2.015e+00, 9.983e+02, 1.761e-10
2.550e-01, 5.000e-01, -8.500e-02, 1.108e+05, 0.000e+00, 1.917e-07, 0.000e+00, 2.013e+00, 9.983e+02, 8.419e-11
2.550e-01, 5.000e-01, -7.500e-02, 1.107e+05, 0.000e+00, 8.632e-08, 0.000e+00, 2.011e+00, 9.983e+02, 3.792e-11
2.550e-01, 5.000e-01, -6.500e-02, 1.106e+05, 0.000e+00, 3.670e-08, 0.000e+00, 2.009e+00, 9.983e+02, 1.612e-11
2.550e-01, 5.000e-01, -5.500e-02, 1.105e+05, 0.000e+00, 1.476e-08, 0.000e+00, 2.008e+00, 9.983e+02, 6.484e-12
2.550e-01, 5.000e-01, -4.500e-02, 1.104e+05, 0.000e+00, 5.631e-09, 0.000e+00, 2.006e+00, 9.983e+02, 2.474e-12
2.550e-01, 5.000e-01, -3.500e-02, 1.103e+05, 0.000e+00, 2.042e-09, 0.000e+00, 2.004e+00, 9.983e+02, 8.970e-13
2.550e-01, 5.000e-01, -2.500e-02, 1.102e+05, 0.000e+00, 7.070e-10, 0.000e+00, 2.002e+00, 9.983e+02, 3.105e-13
2.550e-01, 5.000e-01, -1.500e-02, 1.101e+05, 0.000e+00, 2.384e-10, 0.000e+00, 2.000e+00, 9.983e+02, 1.047e-13
2.550e-01, 5.000e-01, -5.000e-03, 1.100e+05, 0.000e+00, 9.098e-11, 0.000e+00, 1.999e+00, 9.983e+02, 3.996e-14
2.650e-01, 5.000e-01, -1.195e+00, 1.202e+05, 0.000e+00, 1.002e-13, 0.000e+00, 2.184e+00, 9.983e+02, 2.000e-17
2.650e-01, 5.000e-01, -1.185e+00, 1.201e+05, 0.000e+00, 1.002e-13, 0.000e+00, 2.182e+00, 9.983e+02, 2.000e-17
2.650e-01, 5.000e-01, -1.175e+00, 1.200e+05, 0.000e+00, 1.002e-13, 0.000e+00, 2.181e+00, 9.983e+02, 2.000e-17
2.650e-01, 5.000e-01, -1.165e+00, 1.199e+05, 0.000e+00, 2.555e-12, 0.000e+00, 2.179e+00, 9.983e+02, 5.102e-16
2.650e-01, 5.000e-01, -1.155e+00, 1.198e+05, 0.000e+00, 6.381e-04, 0.000e+00, 2.177e+00, 9.984e+02, 2.365e-07
2.650e-01, 5.000e-01, -1.145e+00, 1.197e+05, 0.000e+00, 6.674e-04, 0.000e+00, 2.175e+00, 9.984e+02, 2.865e-07
2.650e-01, 5.000e-01, -1.135e+00, 1.196e+05, 0.000e+00, 6.812e-04, 0.000e+00, 2.174e+00, 9.984e+02, 2.924e-07
2.650e-01, 5.000e-01, -1.125e+00, 1.195e+05, 0.000e+00, 6.860e-04, 0.000e+00, 2.172e+00, 9.984e+02, 2.945e-07
2.650e-01, 5.000e-01, -1.115e+00, 1.194e+05, 0.000e+00, 6.870e-04, 0.000e+00, 2.170e+00, 9.984e+02, 2.950e-07
2.650e-01, 5.000e-01, -1.105e+00, 1.193e+05, 0.000e+00, 6.867e-04, 0.000e+00, 2.168e+00, 9.984e+02, 2.948e-07
2.650e-01, 5.000e-01, -1.095e+00, 1.192e+05, 0.000e+00, 6.853e-04, 0.000e+00, 2.167e+00, 9.984e+02, 2.942e-07
2.650e-01, 5.000e-01, -1.085e+00, 1.191e+05, 0.000e+00, 6.818e-04, 0.000e+00, 2.165e+00, 9.984e+02, 2.927e-07
2.650e-01, 5.000e-01, -1.075e+00, 1.190e+05, 0.000e+00, 6.738e-04, 0.000e+00, 2.163e+00, 9.984e+02, 2.893e-07
2.650e-01, 5.000e-01, -1.065e+00, 1.189e+05, 0.000e+00, 6.571e-04, 0.000e+00, 2.161e+00, 9.984e+02, 2.821e-07
2.650e-01, 5.000e-01, -1.055e+00, 1.188e+05, 0.000e+00, 6.271e-04, 0.000e+00, 2.159e+00, 9.984e+02, 2.692e-07
2.650e-01, 5.000e-01, -1.045e+00, 1.187e+05, 0.000e+00, 5.826e-04, 0.000e+00, 2.158e+00, 9.984e+02, 2.501e-07
2.650e-01, 5.000e-01, -1.035e+00, 1.186e+05, 0.000e+00, 5.281e-04, 0.000e+00, 2.156e+00, 9.984e+02, 2.267e-07
2.650e-01, 5.000e-01, -1.025e+00, 1.185e+05, 0.000e+00, 4.694e-04, 0.000e+00, 2.154e+00, 9.983e+02, 2.015e-07
2.650e-01, 5.000e-01, -1.015e+00, 1.185e+05, 0.000e+00, 4.083e-04, 0.000e+00, 2.152e+00, 9.983e+02, 1.753e-07
2.650e-01, 5.000e-01, -1.005e+00, 1.184e+05, 0.000e+00, 3.437e-04, 0.000e+00, 2.150e+00, 9.983e+02, 1.475e-07
2.650e-01, 5.000e-01, -9.950e-01, 1.183e+05, 0.000e+00, 2.756e-04, 0.000e+00, 2.149e+00, 9.983e+02, 1.183e-07
2.650e-01, 5.000e-01, -9.850e-01, 1.182e+05, 0.000e+00, 2.085e-04, 0.000e+00, 2.147e+00, 9.983e+02, 8.949e-08
2.650e-01, 5.000e-01, -9.750e-01, 1.181e+05, 0.000e+00, 1.466e-04, 0.000e+00, 2.145e+00, 9.983e+02, 6.292e-08
2.650e-01, 5.000e-01, -9.650e-01, 1.180e+05, 0.000e+00, 9.397e-05, 0.000e+00, 2.143e+00, 9.983e+02, 4.034e-08
2.650e-01, 5.000e-01, -9.550e-01, 1.179e+05, 0.000e+00, 5.354e-05, 0.000e+00, 2.141e+00, 9.983e+02, 2.298e-08
2.650e-01, 5.000e-01, -9.450e-01, 1.178e+05, 0.000e+00, 2.623e-05, 0.000e+00, 2.140e+00, 9.983e+02, 1.126e-08
2.650e-01, 5.000e-01, -9.350e-01, 1.177e+05, 0.000e+00, 1.058e-05, 0.000e+00, 2.138e+00, 9.983e+02, 4.540e-09
2.650e-01, 5.000e-01, -9.250e-01, 1.176e+05, 0.000e+00, 3.298e-06, 0.000e+00, 2.136e+00, 9.983e+02, 1.416e-09
2.650e-01, 5.000e-01, -9.150e-01, 1.175e+05, 0.000e+00, 7.227e-07, 0.000e+00, 2.134e+00, 9.983e+02, 3.102e-10
2.650e-01, 5.000e-01, -9.050e-01, 1.174e+05, 0.000e+00, 1.653e-07, 0.000e+00, 2.132e+00, 9.983e+02, 7.149e-11
2.650e-01, 5.000e-01, -8.950e-01, 1.188e+05, 0.000e+00, 4.519e-08, 0.000e+00, 2.158e+00, 9.983e+02, 1.985e-11
2.650e-01, 5.000e-01, -8.850e-01, 1.187e+05, 0.000e+00, 2.970e-08, 0.000e+00, 2.156e+00, 9.983e+02, 1.305e-11
2.650e-01, 5.000e-01, -8.750e-01, 1.186e+05, 0.000e+00, 7.415e-08, 0.000e+00, 2.154e+00, 9.983e+02, 3.257e-11
2.650e-01, 5.000e-01, -8.650e-01, 1.185e+05, 0.000e+00, 2.404e-07, 0.000e+00, 2.153e+00, 9.983e+02, 1.056e-10
2.650e-01, 5.000e-01, -8.550e-01, 1.184e+05, 0.000e+00, 7.453e-07, 0.000e+00, 2.151e+00, 9.983e+02, 3.274e-10
2.650e-01, 5.000e-01, -8.450e-01, 1.183e+05, 0.000e+00, 2.146e-06, 0.000e+00, 2.149e+00, 9.983e+02, 9.425e-10
2.650e-01, 5.000e-01, -8.350e-01, 1.182e+05, 0.000e+00, 5.697e-06, 0.000e+00, 2.147e+00, 9.983e+02, 2.502e-09
2.650e-01, 5.000e-01, -8.250e-01, 1.181e+05, 0.000e+00, 1.388e-05, 0.000e+00, 2.145e+00, 9.983e+02, 6.095e-09
2.650e-01, 5.000e-01, -8.150e-01, 1.180e+05, 0.000e+00, 3.087e-05, 0.000e+00, 2.144e+00, 9.983e+02, 1.356e-08
2.650e-01, 5.000e-01, -8.050e-01, 1.179e+05, 0.000e+00, 6.250e-05, 0.000e+00, 2.142e+00, 9.983e+02, 2.745e-08
2.650e-01, 5.000e-01, -7.950e-01, 1.178e+05, 0.000e+00, 1.149e-04, 0.000e+00, 2.140e+00, 9.983e+02, 5.047e-08
2.650e-01, 5.000e-01, -7.850e-01, 1.177e+05, 0.000e+00, 1.916e-04, 0.000e+00, 2.138e+00, 9.983e+02, 8.418e-08
2.650e-01, 5.000e-01, -7.750e-01, 1.176e+05, 0.000e+00, 2.900e-04, 0.000e+00, 2.136e+00, 9.983e+02, 1.274e-07
2.650e-01, 5.000e-01, -7.650e-01, 1.175e+05, 0.000e+00, 3.984e-04, 0.000e+00, 2.135e+00, 9.983e+02, 1.750e-07
2.650e-01, 5.000e-01, -7.550e-01, 1.174e+05, 0.000e+00, 4.981e-04, 0.000e+00, 2.133e+00, 9.984e+02, 2.188e-07
2.650e-01, 5.000e-01, -7.450e-01, 1.173e+05, 0.000e+00, 5.673e-04, 0.000e+00, 2.131e+00, 9.984e+02, 2.515e-07
2.650e-01, 5.000e-01, -7.350e-01, 1.157e+05, 0.000e+00, 5.902e-04, 0.000e+00, 2.102e+00, 9.984e+02, 2.651e-07
2.650e-01, 5.000e-01, -7.250e-01, 1.156e+05, 0.000e+00, 5.842e-04, 0.000e+00, 2.101e+00, 9.984e+02, 2.624e-07
2.650e-01, 5.000e-01, -7.150e-01, 1.155e+05, 0.000e+00, 5.635e-04, 0.000e+00, 2.099e+00, 9.984e+02, 2.532e-07
2.650e-01, 5.000e-01, -7.050e-01, 1.154e+05, 0.000e+00, 5.418e-04, 0.000e+00, 2.097e+00, 9.984e+02, 2.434e-07
2.650e-01, 5.000e-01, -6.950e-01, 1.153e+05, 0.000e+00, 5.248e-04, 0.000e+00, 2.095e+00, 9.984e+02, 2.358e-07
2.650e-01, 5.000e-01, -6.850e-01, 1.152e+05, 0.000e+00, 5.130e-04, 0.000e+00, 2.093e+00, 9.984e+02, 2.305e-07
2.650e-01, 5.000e-01, -6.750e-01, 1.151e+05, 0.000e+00, 5.047e-04, 0.000e+00, 2.092e+00, 9.984e+02, 2.268e-07
2.650e-01, 5.000e-01, -6.650e-01, 1.150e+05, 0.000e+00, 4.977e-04, 0.000e+00, 2.090e+00, 9.984e+02, 2.236e-07
2.650e-01, 5.000e-01, -6.550e-01, 1.149e+05, 0.000e+00, 4.898e-04, 0.000e+00, 2.088e+00, 9.984e+02, 2.200e-07
2.650e-01, 5.000e-01, -6.450e-01, 1.148e+05, 0.000e+00, 4.796e-04, 0.000e+00, 2.086e+00, 9.983e+02, 2.155e-07
2.650e-01, 5.000e-01, -6.350e-01, 1.147e+05, 0.000e+00, 4.662e-04, 0.000e+00, 2.084e+00, 9.983e+02, 2.094e-07
2.650e-01, 5.000e-01, -6.250e-01, 1.146e+05, 0.000e+00, 4.488e-04, 0.000e+00, 2.083e+00, 9.983e+02, 2.016e-07
2.650e-01, 5.000e-01, -6.150e-01, 1.145e+05, 0.000e+00, 4.268e-04, 0.000e+00, 2.081e+00, 9.983e+02, 1.917e-07
2.650e-01, 5.000e-01, -6.050e-01, 1.144e+05, 0.000e+00, 3.995e-04, 0.000e+00, 2.079e+00, 9.983e+02, 1.795e-07
2.650e-01, 5.000e-01, -5.950e-01, 1.144e+05, 0.000e+00, 3.669e-04, 0.000e+00, 2.079e+00, 9.983e+02, 1.626e-07
2.650e-01, 5.000e-01, -5.850e-01, 1.143e+05, 0.000e+00, 3.346e-04, 0.000e+00, 2.077e+00, 9.983e+02, 1.470e-07
2.650e-01, 5.000e-01, -5.750e-01, 1.142e+05, 0.000e+00, 3.066e-04, 0.000e+00, 2.075e+00, 9.983e+02, 1.347e-07
2.650e-01, 5.000e-01, -5.650e-01, 1.141e+05, 0.000e+00, 2.838e-04, 0.000e+00, 2.073e+00, 9.983e+02, 1.247e-07
2.650e-01, 5.000e-01, -5.550e-01, 1.140e+05, 0.000e+00, 2.703e-04, 0.000e+00, 2.071e+00, 9.983e+02, 1.187e-07
2.650e-01, 5.000e-01, -5.450e-01, 1.139e+05, 0.000e+00, 2.694e-04, 0.000e+00, 2.070e+00, 9.983e+02, 1.183e-07
2.650e-01, 5.000e-01, -5.350e-01, 1.138e+05, 0.000e+00, 2.834e-04, 0.000e+00, 2.068e+00, 9.983e+02, 1.245e-07
2.650e-01, 5.000e-01, -5.250e-01, 1.137e+05, 0.000e+00, 3.103e-04, 0.000e+00, 2.066e+00, 9.983e+02, 1.363e-07
2.650e-01, 5.000e-01, -5.150e-01, 1.136e+05, 0.000e+00, 3.424e-04, 0.000e+00, 2.064e+00, 9.983e+02, 1.504e-07
2.650e-01, 5.000e-01, -5.050e-01, 1.135e+05, 0.000e+00, 3.675e-04, 0.000e+00, 2.063e+00, 9.983e+02, 1.605e-07
2.650e-01, 5.000e-01, -4.950e-01, 1.136e+05, 0.000e+00, 3.740e-04, 0.000e+00, 2.064e+00, 9.983e+02, 1.605e-07
2.650e-01, 5.000e-01, -4.850e-01, 1.135e+05, 0.000e+00, 3.686e-04, 0.000e+00, 2.063e+00, 9.983e+02, 1.582e-07
2.650e-01, 5.000e-01, -4.750e-01, 1.135e+05, 0.000e+00, 3.581e-04, 0.000e+00, 2.061e+00, 9.983e+02, 1.537e-07
2.650e-01, 5.000e-01, -4.650e-01, 1.134e+05, 0.000e+00, 3.455e-04, 0.000e+00, 2.059e+00, 9.983e+02, 1.483e-07
2.650e-01, 5.000e-01, -4.550e-01, 1.130e+05, 0.000e+00, 3.322e-04, 0.000e+00, 2.052e+00, 9.983e+02, 1.426e-07
2.650e-01, 5.000e-01, -4.450e-01, 1.129e+05, 0.000e+00, 3.217e-04, 0.000e+00, 2.050e+00, 9.983e+02, 1.381e-07
2.650e-01, 5.000e-01, -4.350e-01, 1.128e+05, 0.000e+00, 3.177e-04, 0.000e+00, 2.048e+00, 9.983e+02, 1.364e-07
2.650e-01, 5.000e-01, -4.250e-01, 1.127e+05, 0.000e+00, 3.184e-04, 0.000e+00, 2.047e+00, 9.983e+02, 1.367e-07
2.650e-01, 5.000e-01, -4.150e-01, 1.126e+05, 0.000e+00, 3.207e-04, 0.000e+00, 2.045e+00, 9.983e+02, 1.377e-07
2.650e-01, 5.000e-01, -4.050e-01, 1.125e+05, 0.000e+00, 3.204e-04, 0.000e+00, 2.043e+00, 9.983e+02, 1.375e-07
2.650e-01, 5.000e-01, -3.950e-01, 1.124e+05, 0.000e+00, 3.140e-04, 0.000e+00, 2.041e+00, 9.983e+02, 1.348e-07
2.650e-01, 5.000e-01, -3.850e-01, 1.123e+05, 0.000e+00, 2.997e-04, 0.000e+00, 2.039e+00, 9.983e+02, 1.286e-07
2.650e-01, 5.000e-01, -3.750e-01, 1.122e+05, 0.000e+00, 2.772e-04, 0.000e+00, 2.038e+00, 9.983e+02, 1.190e-07
2.650e-01, 5.000e-01, -3.650e-01, 1.121e+05, 0.000e+00, 2.465e-04, 0.000e+00, 2.036e+00, 9.983e+02, 1.058e-07
2.650e-01, 5.000e-01, -3.550e-01, 1.120e+05, 0.000e+00, 2.085e-04, 0.000e+00, 2.034e+00, 9.983e+02, 8.985e-08
2.650e-01, 5.000e-01, -3.450e-01, 1.119e+05, 0.000e+00, 1.766e-04, 0.000e+00, 2.033e+00, 9.983e+02, 7.932e-08
2.650e-01, 5.000e-01, -3.350e-01, 1.118e+05, 0.000e+00, 1.528e-04, 0.000e+00, 2.031e+00, 9.983e+02, 6.863e-08
2.650e-01, 5.000e-01, -3.250e-01, 1.117e+05, 0.000e+00, 1.339e-04, 0.000e+00, 2.029e+00, 9.983e+02, 6.014e-08
2.650e-01, 5.000e-01, -3.150e-01, 1.116e+05, 0.000e+00, 1.189e-04, 0.000e+00, 2.027e+00, 9.983e+02, 5.343e-08
2.650e-01, 5.000e-01, -3.050e-01, 1.115e+05, 0.000e+00, 1.072e-04, 0.000e+00, 2.025e+00, 9.983e+02, 4.817e-08
2.650e-01, 5.000e-01, -2.950e-01, 1.114e+05, 0.000e+00, 9.806e-05, 0.000e+00, 2.024e+00, 9.983e+02, 4.405e-08
2.650e-01, 5.000e-01, -2.850e-01, 1.113e+05, 0.000e+00, 9.072e-05, 0.000e+00, 2.022e+00, 9.983e+02, 4.075e-08
2.650e-01, 5.000e-01, -2.750e-01, 1.112e+05, 0.000e+00, 8.439e-05, 0.000e+00, 2.020e+00, 9.983e+02, 3.784e-08
2.650e-01, 5.000e-01, -2.650e-01, 1.112e+05, 0.000e+00, 7.945e-05, 0.000e+00, 2.020e+00, 9.983e+02, 3.490e-08
2.650e-01, 5.000e-01, -2.550e-01, 1.111e+05, 0.000e+00, 8.119e-05, 0.000e+00, 2.018e+00, 9.983e+02, 3.566e-08
2.650e-01, 5.000e-01, -2.450e-01, 1.110e+05, 0.000e+00, 8.704e-05, 0.000e+00, 2.016e+00, 9.983e+02, 3.823e-08
2.650e-01, 5.000e-01, -2.350e-01, 1.109e+05, 0.000e+00, 9.261e-05, 0.000e+00, 2.014e+00, 9.983e+02, 4.068e-08
2.650e-01, 5.000e-01, -2.250e-01, 1.108e+05, 0.000e+00, 9.264e-05, 0.000e+00, 2.012e+00, 9.983e+02, 4.069e-08
2.650e-01, 5.000e-01, -2.150e-01, 1.107e+05, 0.000e+00, 8.443e-05, 0.000e+00, 2.011e+00, 9.983e+02, 3.708e-08
2.650e-01, 5.000e-01, -2.050e-01, 1.106e+05, 0.000e+00, 7.107e-05, 0.000e+00, 2.009e+00, 9.983e+02, 3.121e-08
2.650e-01, 5.000e-01, -1.950e-01, 1.105e+05, 0.000e+00, 5.959e-05, 0.000e+00, 2.007e+00, 9.983e+02, 2.592e-08
2.650e-01, 5.000e-01, -1.850e-01, 1.106e+05, 0.000e+00, 4.900e-05, 0.000e+00, 2.009e+00, 9.983e+02, 2.103e-08
2.650e-01, 5.000e-01, -1.750e-01, 1.105e+05, 0.000e+00, 3.563e-05, 0.000e+00, 2.007e+00, 9.983e+02, 1.529e-08
2.650e-01, 5.000e-01, -1.650e-01, 1.104e+05, 0.000e+00, 2.328e-05, 0.000e+00, 2.005e+00, 9.983e+02, 9.995e-09
2.650e-01, 5.000e-01, -1.550e-01, 1.103e+05, 0.000e+00, 1.395e-05, 0.000e+00, 2.004e+00, 9.983e+02, 5.988e-09
2.650e-01, 5.000e-01, -1.450e-01, 1.102e+05, 0.000e+00, 8.078e-06, 0.000e+00, 2.002e+00, 9.983e+02, 3.468e-09
2.650e-01, 5.000e-01, -1.350e-01, 1.113e+05, 0.000e+00, 5.246e-06, 0.000e+00, 2.022e+00, 9.983e+02, 2.289e-09
2.650e-01, 5.000e-01, -1.250e-01, 1.112e+05, 0.000e+00, 3.296e-06, 0.000e+00, 2.020e+00, 9.983e+02, 1.448e-09
2.650e-01, 5.000e-01, -1.150e-01, 1.111e+05, 0.000e+00, 1.963e-06, 0.000e+00, 2.018e+00, 9.983e+02, 8.621e-10
2.650e-01, 5.000e-01, -1.050e-01, 1.110e+05, 0.000e+00, 1.103e-06, 0.000e+00, 2.017e+00, 9.983e+02, 4.845e-10
2.650e-01, 5.000e-01, -9.500e-02, 1.109e+05, 0.000e+00, 5.835e-07, 0.000e+00, 2.015e+00, 9.983e+02, 2.563e-10
2.650e-01, 5.000e-01, -8.500e-02, 1.108e+05, 0.000e+00, 2.900e-07, 0.000e+00, 2.013e+00, 9.983e+02, 1.274e-10
2.650e-01, 5.000e-01, -7.500e-02, 1.107e+05, 0.000e+00, 1.355e-07, 0.000e+00, 2.011e+00, 9.983e+02, 5.950e-11
2.650e-01, 5.000e-01, -6.500e-02, 1.106e+05, 0.000e+00, 5.955e-08, 0.000e+00, 2.009e+00, 9.983e+02, 2.616e-11
2.650e-01, 5.000e-01, -5.500e-02, 1.105e+05, 0.000e+00, 2.469e-08, 0.000e+00, 2.008e+00, 9.983e+02, 1.084e-11
2.650e-01, 5.000e-01, -4.500e-02, 1.104e+05, 0.000e+00, 9.670e-09, 0.000e+00, 2.006e+00, 9.983e+02, 4.247e-12
2.650e-01, 5.000e-01, -3.500e-02, 1.103e+05, 0.000e+00, 3.589e-09, 0.000e+00, 2.004e+00, 9.983e+02, 1.576e-12
2.650e-01, 5.000e-01, -2.500e-02, 1.102e+05, 0.000e+00, 1.267e-09, 0.000e+00, 2.002e+00, 9.983e+02, 5.567e-13
2.650e-01, 5.000e-01, -1.500e-02, 1.101e+05, 0.000e+00, 4.350e-10, 0.000e+00, 2.000e+00, 9.983e+02, 1.911e-13
2.650e-01, 5.000e-01, -5.000e-03, 1.100e+05, 0.000e+00, 1.684e-10, 0.000e+00, 1.999e+00, 9.983e+02, 7.398e-14
2.750e-01, 5.000e-01, -1.195e+00, 1.202e+05, 0.000e+00, 1.002e-13, 0.000e+00, 2.184e+00, 9.983e+02, 2.000e-17
2.750e-01, 5.000e-01, -1.185e+00, 1.201e+05, 0.000e+00, 1.002e-13, 0.000e+00, 2.182e+00, 9.983e+02, 2.000e-17
2.750e-01, 5.000e-01, -1.175e+00, 1.200e+05, 0.000e+00, 1.002e-13, 0.000e+00, 2.181e+00, 9.983e+02, 2.000e-17
2.750e-01, 5.000e-01, -1.165e+00, 1.199e+05, 0.000e+00, 2.656e-12, 0.000e+00, 2.179e+00, 9.983e+02, 5.302e-16
2.750e-01, 5.000e-01, -1.155e+00, 1.198e+05, 0.000e+00, 6.483e-04, 0.000e+00, 2.177e+00, 9.984e+02, 2.241e-07
2.750e-01, 5.000e-01, -1.145e+00, 1.197e+05, 0.000e+00, 6.738e-04, 0.000e+00, 2.175e+00, 9.984e+02, 2.892e-07
2.750e-01, 5.000e-01, -1.135e+00, 1.196e+05, 0.000e+00, 6.842e-04, 0.000e+00, 2.174e+00, 9.984e+02, 2.937e-07
2.750e-01, 5.000e-01, -1.125e+00, 1.195e+05, 0.000e+00, 6.874e-04, 0.000e+00, 2.172e+00, 9.984e+02, 2.951e-07
2.750e-01, 5.000e-01, -1.115e+00, 1.194e+05, 0.000e+00, 6.884e-04, 0.000e+00, 2.170e+00, 9.984e+02, 2.955e-07
2.750e-01, 5.000e-01, -1.105e+00, 1.193e+05, 0.000e+00, 6.887e-04, 0.000e+00, 2.168e+00, 9.984e+02, 2.957e-07
2.750e-01, 5.000e-01, -1.095e+00, 1.192e+05, 0.000e+00, 6.881e-04, 0.000e+00, 2.167e+00, 9.984e+02, 2.954e-07
2.750e-01, 5.000e-01, -1.085e+00, 1.191e+05, 0.000e+00, 6.855e-04, 0.000e+00, 2.165e+00, 9.984e+02, 2.943e-07
2.750e-01, 5.000e-01, -1.075e+00, 1.190e+05, 0.000e+00, 6.784e-04, 0.000e+00, 2.163e+00, 9.984e+02, 2.913e-07
2.750e-01, 5.000e-01, -1.065e+00, 1.189e+05, 0.000e+00, 6.621e-04, 0.000e+00, 2.161e+00, 9.984e+02, 2.842e-07
2.750e-01, 5.000e-01, -1.055e+00, 1.188e+05, 0.000e+00, 6.310e-04, 0.000e+00, 2.159e+00, 9.984e+02, 2.709e-07
2.750e-01, 5.000e-01, -1.045e+00, 1.187e+05, 0.000e+00, 5.843e-04, 0.000e+00, 2.158e+00, 9.984e+02, 2.508e-07
2.750e-01, 5.000e-01, -1.035e+00, 1.186e+05, 0.000e+00, 5.288e-04, 0.000e+00, 2.156e+00, 9.984e+02, 2.270e-07
2.750e-01, 5.000e-01, -1.025e+00, 1.185e+05, 0.000e+00, 4.709e-04, 0.000e+00, 2.154e+00, 9.983e+02, 2.022e-07
2.750e-01, 5.000e-01, -1.015e+00, 1.185e+05, 0.000e+00, 4.122e-04, 0.000e+00, 2.152e+00, 9.983e+02, 1.770e-07
2.750e-01, 5.000e-01, -1.005e+00, 1.184e+05, 0.000e+00, 3.504e-04, 0.000e+00, 2.150e+00, 9.983e+02, 1.504e-07
2.750e-01, 5.000e-01, -9.950e-01, 1.183e+05, 0.000e+00, 2.841e-04, 0.000e+00, 2.149e+00, 9.983e+02, 1.219e-07
2.750e-01, 5.000e-01, -9.850e-01, 1.182e+05, 0.000e+00, 2.172e-04, 0.000e+00, 2.147e+00, 9.983e+02, 9.322e-08
2.750e-01, 5.000e-01, -9.750e-01, 1.181e+05, 0.000e+00, 1.542e-04, 0.000e+00, 2.145e+00, 9.983e+02, 6.619e-08
2.750e-01, 5.000e-01, -9.650e-01, 1.180e+05, 0.000e+00, 9.975e-05, 0.000e+00, 2.143e+00, 9.983e+02, 4.282e-08
2.750e-01, 5.000e-01, -9.550e-01, 1.179e+05, 0.000e+00, 5.723e-05, 0.000e+00, 2.141e+00, 9.983e+02, 2.457e-08
2.750e-01, 5.000e-01, -9.450e-01, 1.178e+05, 0.000e+00, 2.812e-05, 0.000e+00, 2.140e+00, 9.983e+02, 1.207e-08
2.750e-01, 5.000e-01, -9.350e-01, 1.177e+05, 0.000e+00, 1.133e-05, 0.000e+00, 2.138e+00, 9.983e+02, 4.864e-09
2.750e-01, 5.000e-01, -9.250e-01, 1.176e+05, 0.000e+00, 3.547e-06, 0.000e+00, 2.136e+00, 9.983e+02, 1.523e-09
2.750e-01, 5.000e-01, -9.150e-01, 1.175e+05, 0.000e+00, 7.937e-07, 0.000e+00, 2.134e+00, 9.983e+02, 3.407e-10
2.750e-01, 5.000e-01, -9.050e-01, 1.174e+05, 0.000e+00, 1.828e-07, 0.000e+00, 2.132e+00, 9.983e+02, 7.932e-11
2.750e-01, 5.000e-01, -8.950e-01, 1.188e+05, 0.000e+00, 5.240e-08, 0.000e+00, 2.158e+00, 9.983e+02, 2.302e-11
2.750e-01, 5.000e-01, -8.850e-01, 1.187e+05, 0.000e+00, 3.828e-08, 0.000e+00, 2.156e+00, 9.983e+02, 1.681e-11
2.750e-01, 5.000e-01, -8.750e-01, 1.186e+05, 0.000e+00, 9.774e-08, 0.000e+00, 2.154e+00, 9.983e+02, 4.293e-11
2.750e-01, 5.000e-01, -8.650e-01, 1.185e+05, 0.000e+00, 3.123e-07, 0.000e+00, 2.153e+00, 9.983e+02, 1.372e-10
2.750e-01, 5.000e-01, -8.550e-01, 1.184e+05, 0.000e+00, 9.550e-07, 0.000e+00, 2.151e+00, 9.983e+02, 4.195e-10
2.750e-01, 5.000e-01, -8.450e-01, 1.183e+05, 0.000e+00, 2.714e-06, 0.000e+00, 2.149e+00, 9.983e+02, 1.192e-09
2.750e-01, 5.000e-01, -8.350e-01, 1.182e+05, 0.000e+00, 7.104e-06, 0.000e+00, 2.147e+00, 9.983e+02, 3.121e-09
2.750e-01, 5.000e-01, -8.250e-01, 1.181e+05, 0.000e+00, 1.703e-05, 0.000e+00, 2.145e+00, 9.983e+02, 7.481e-09
2.750e-01, 5.000e-01, -8.150e-01, 1.180e+05, 0.000e+00, 3.720e-05, 0.000e+00, 2.144e+00, 9.983e+02, 1.634e-08
2.750e-01, 5.000e-01, -8.050e-01, 1.179e+05, 0.000e+00, 7.376e-05, 0.000e+00, 2.142e+00, 9.983e+02, 3.240e-08
2.750e-01, 5.000e-01, -7.950e-01, 1.178e+05, 0.000e+00, 1.324e-04, 0.000e+00, 2.140e+00, 9.983e+02, 5.817e-08
2.750e-01, 5.000e-01, -7.850e-01, 1.177e+05, 0.000e+00, 2.152e-04, 0.000e+00, 2.138e+00, 9.983e+02, 9.452e-08
2.750e-01, 5.000e-01, -7.750e-01, 1.176e+05, 0.000e+00, 3.169e-04, 0.000e+00, 2.136e+00, 9.983e+02, 1.392e-07
2.750e-01, 5.000e-01, -7.650e-01, 1.175e+05, 0.000e+00, 4.242e-04, 0.000e+00, 2.135e+00, 9.983e+02, 1.863e-07
2.750e-01, 5.000e-01, -7.550e-01, 1.174e+05, 0.000e+00, 5.178e-04, 0.000e+00, 2.133e+00, 9.984e+02, 2.275e-07
2.750e-01, 5.000e-01, -7.450e-01, 1.158e+05, 0.000e+00, 5.782e-04, 0.000e+00, 2.104e+00, 9.984e+02, 2.569e-07
2.750e-01, 5.000e-01, -7.350e-01, 1.157e+05, 0.000e+00, 5.943e-04, 0.000e+00, 2.102e+00, 9.984e+02, 2.670e-07
2.750e-01, 5.000e-01, -7.250e-01, 1.156e+05, 0.000e+00, 5.847e-04, 0.000e+00, 2.101e+00, 9.984e+02, 2.627e-07
2.750e-01, 5.000e-01, -7.150e-01, 1.155e+05, 0.000e+00, 5.623e-04, 0.000e+00, 2.099e+00, 9.984e+02, 2.526e-07
2.750e-01, 5.000e-01, -7.050e-01, 1.154e+05, 0.000e+00, 5.396e-04, 0.000e+00, 2.097e+00, 9.984e+02, 2.424e-07
2.750e-01, 5.000e-01, -6.950e-01, 1.153e+05, 0.000e+00, 5.221e-04, 0.000e+00, 2.095e+00, 9.984e+02, 2.346e-07
2.750e-01, 5.000e-01, -6.850e-01, 1.152e+05, 0.000e+00, 5.100e-04, 0.000e+00, 2.093e+00, 9.984e+02, 2.291e-07
2.750e-01, 5.000e-01, -6.750e-01, 1.151e+05, 0.000e+00, 5.015e-04, 0.000e+00, 2.092e+00, 9.984e+02, 2.253e-07
2.750e-01, 5.000e-01, -6.650e-01, 1.150e+05, 0.000e+00, 4.945e-04, 0.000e+00, 2.090e+00, 9.984e+02, 2.222e-07
2.750e-01, 5.000e-01, -6.550e-01, 1.149e+05, 0.000e+00, 4.867e-04, 0.000e+00, 2.088e+00, 9.984e+02, 2.187e-07
2.750e-01, 5.000e-01, -6.450e-01, 1.148e+05, 0.000e+00, 4.762e-04, 0.000e+00, 2.086e+00, 9.983e+02, 2.139e-07
2.750e-01, 5.000e-01, -6.350e-01, 1.147e+05, 0.000e+00, 4.618e-04, 0.000e+00, 2.084e+00, 9.983e+02, 2.075e-07
2.750e-01, 5.000e-01, -6.250e-01, 1.146e+05, 0.000e+00, 4.428e-04, 0.000e+00, 2.083e+00, 9.983e+02, 1.989e-07
2.750e-01, 5.000e-01, -6.150e-01, 1.145e+05, 0.000e+00, 4.186e-04, 0.000e+00, 2.081e+00, 9.983e+02, 1.881e-07
2.750e-01, 5.000e-01, -6.050e-01, 1.144e+05, 0.000e+00, 3.887e-04, 0.000e+00, 2.079e+00, 9.983e+02, 1.746e-07
2.750e-01, 5.000e-01, -5.950e-01, 1.144e+05, 0.000e+00, 3.525e-04, 0.000e+00, 2.079e+00, 9.983e+02, 1.560e-07
2.750e-01, 5.000e-01, -5.850e-01, 1.143e+05, 0.000e+00, 3.157e-04, 0.000e+00, 2.077e+00, 9.983e+02, 1.387e-07
2.750e-01, 5.000e-01, -5.750e-01, 1.142e+05, 0.000e+00, 2.816e-04, 0.000e+00, 2.075e+00, 9.983e+02, 1.237e-07
2.750e-01, 5.000e-01, -5.650e-01, 1.141e+05, 0.000e+00, 2.520e-04, 0.000e+00, 2.073e+00, 9.983e+02, 1.107e-07
2.750e-01, 5.000e-01, -5.550e-01, 1.140e+05, 0.000e+00, 2.325e-04, 0.000e+00, 2.071e+00, 9.983e+02, 1.021e-07
2.750e-01, 5.000e-01, -5.450e-01, 1.139e+05, 0.000e+00, 2.283e-04, 0.000e+00, 2.070e+00, 9.983e+02, 1.003e-07
2.750e-01, 5.000e-01, -5.350e-01, 1.138e+05, 0.000e+00, 2.432e-04, 0.000e+00, 2.068e+00, 9.983e+02, 1.068e-07
2.750e-01, 5.000e-01, -5.250e-01, 1.137e+05, 0.000e+00, 2.774e-04, 0.000e+00, 2.066e+00, 9.983e+02, 1.219e-07
2.750e-01, 5.000e-01, -5.150e-01, 1.136e+05, 0.000e+00, 3.219e-04, 0.000e+00, 2.064e+00, 9.983e+02, 1.414e-07
2.750e-01, 5.000e-01, -5.050e-01, 1.135e+05, 0.000e+00, 3.599e-04, 0.000e+00, 2.063e+00, 9.983e+02, 1.565e-07
2.750e-01, 5.000e-01, -4.950e-01, 1.136e+05, 0.000e+00, 3.727e-04, 0.000e+00, 2.064e+00, 9.983e+02, 1.600e-07
2.750e-01, 5.000e-01, -4.850e-01, 1.135e+05, 0.000e+00, 3.694e-04, 0.000e+00, 2.063e+00, 9.983e+02, 1.586e-07
2.750e-01, 5.000e-01, -4.750e-01, 1.135e+05, 0.000e+00, 3.586e-04, 0.000e+00, 2.061e+00, 9.983e+02, 1.539e-07
2.750e-01, 5.000e-01, -4.650e-01, 1.134e+05, 0.000e+00, 3.448e-04, 0.000e+00, 2.059e+00, 9.983e+02, 1.480e-07
2.750e-01, 5.000e-01, -4.550e-01, 1.130e+05, 0.000e+00, 3.300e-04, 0.000e+00, 2.052e+00, 9.983e+02, 1.417e-07
2.750e-01, 5.000e-01, -4.450e-01, 1.129e+05, 0.000e+00, 3.188e-04, 0.000e+00, 2.050e+00, 9.983e+02, 1.369e-07
2.750e-01, 5.000e-01, -4.350e-01, 1.128e+05, 0.000e+00, 3.153e-04, 0.000e+00, 2.048e+00, 9.983e+02, 1.354e-07
2.750e-01, 5.000e-01, -4.250e-01, 1.127e+05, 0.000e+00, 3.177e-04, 0.000e+00, 2.047e+00, 9.983e+02, 1.364e-07
2.750e-01, 5.000e-01, -4.150e-01, 1.126e+05, 0.000e+00, 3.222e-04, 0.000e+00, 2.045e+00, 9.983e+02, 1.383e-07
2.750e-01, 5.000e-01, -4.050e-01, 1.125e+05, 0.000e+00, 3.241e-04, 0.000e+00, 2.043e+00, 9.983e+02, 1.391e-07
2.750e-01, 5.000e-01, -3.950e-01, 1.124e+05, 0.000e+00, 3.196e-04, 0.000e+00, 2.041e+00, 9.983e+02, 1.372e-07
2.750e-01, 5.000e-01, -3.850e-01, 1.123e+05, 0.000e+00, 3.071e-04, 0.000e+00, 2.039e+00, 9.983e+02, 1.318e-07
2.750e-01, 5.000e-01, -3.750e-01, 1.122e+05, 0.000e+00, 2.863e-04, 0.000e+00, 2.038e+00, 9.983e+02, 1.229e-07
2.750e-01, 5.000e-01, -3.650e-01, 1.121e+05, 0.000e+00, 2.578e-04, 0.000e+00, 2.036e+00, 9.983e+02, 1.107e-07
2.750e-01, 5.000e-01, -3.550e-01, 1.120e+05, 0.000e+00, 2.217e-04, 0.000e+00, 2.034e+00, 9.983e+02, 9.535e-08
2.750e-01, 5.000e-01, -3.450e-01, 1.119e+05, 0.000e+00, 1.842e-04, 0.000e+00, 2.033e+00, 9.983e+02, 8.273e-08
2.750e-01, 5.000e-01, -3.350e-01, 1.118e+05, 0.000e+00, 1.572e-04, 0.000e+00, 2.031e+00, 9.983e+02, 7.060e-08
2.750e-01, 5.000e-01, -3.250e-01, 1.117e+05, 0.000e+00, 1.364e-04, 0.000e+00, 2.029e+00, 9.983e+02, 6.127e-08
2.750e-01, 5.000e-01, -3.150e-01, 1.116e+05, 0.000e+00, 1.198e-04, 0.000e+00, 2.027e+00, 9.983e+02, 5.383e-08
2.750e-01, 5.000e-01, -3.050e-01, 1.115e+05, 0.000e+00, 1.064e-04, 0.000e+00, 2.025e+00, 9.983e+02, 4.778e-08
2.750e-01, 5.000e-01, -2.950e-01, 1.114e+05, 0.000e+00, 9.527e-05, 0.000e+00, 2.024e+00, 9.983e+02, 4.280e-08
2.750e-01, 5.000e-01, -2.850e-01, 1.113e+05, 0.000e+00, 8.591e-05, 0.000e+00, 2.022e+00, 9.983e+02, 3.859e-08
2.750e-01, 5.000e-01, -2.750e-01, 1.112e+05, 0.000e+00, 7.773e-05, 0.000e+00, 2.020e+00, 9.983e+02, 3.490e-08
2.750e-01, 5.000e-01, -2.650e-01, 1.112e+05, 0.000e+00, 7.068e-05, 0.000e+00, 2.020e+00, 9.983e+02, 3.104e-08
2.750e-01, 5.000e-01, -2.550e-01, 1.111e+05, 0.000e+00, 6.932e-05, 0.000e+00, 2.018e+00, 9.983e+02, 3.045e-08
2.750e-01, 5.000e-01, -2.450e-01, 1.110e+05, 0.000e+00, 7.369e-05, 0.000e+00, 2.016e+00, 9.983e+02, 3.237e-08
2.750e-01, 5.000e-01, -2.350e-01, 1.109e+05, 0.000e+00, 8.183e-05, 0.000e+00, 2.014e+00, 9.983e+02, 3.594e-08
2.750e-01, 5.000e-01, -2.250e-01, 1.108e+05, 0.000e+00, 8.940e-05, 0.000e+00, 2.012e+00, 9.983e+02, 3.927e-08
2.750e-01, 5.000e-01, -2.150e-01, 1.107e+05, 0.000e+00, 9.035e-05, 0.000e+00, 2.011e+00, 9.983e+02, 3.968e-08
2.750e-01, 5.000e-01, -2.050e-01, 1.106e+05, 0.000e+00, 8.266e-05, 0.000e+00, 2.009e+00, 9.983e+02, 3.631e-08
2.750e-01, 5.000e-01, -1.950e-01, 1.105e+05, 0.000e+00, 7.232e-05, 0.000e+00, 2.007e+00, 9.983e+02, 3.144e-08
2.750e-01, 5.000e-01, -1.850e-01, 1.106e+05, 0.000e+00, 6.007e-05, 0.000e+00, 2.009e+00, 9.983e+02, 2.578e-08
2.750e-01, 5.000e-01, -1.750e-01, 1.105e+05, 0.000e+00, 4.376e-05, 0.000e+00, 2.007e+00, 9.983e+02, 1.878e-08
2.750e-01, 5.000e-01, -1.650e-01, 1.104e+05, 0.000e+00, 2.856e-05, 0.000e+00, 2.005e+00, 9.983e+02, 1.226e-08
2.750e-01, 5.000e-01, -1.550e-01, 1.103e+05, 0.000e+00, 1.712e-05, 0.000e+00, 2.004e+00, 9.983e+02, 7.347e-09
2.750e-01, 5.000e-01, -1.450e-01, 1.102e+05, 0.000e+00, 1.001e-05, 0.000e+00, 2.002e+00, 9.983e+02, 4.297e-09
2.750e-01, 5.000e-01, -1.350e-01, 1.113e+05, 0.000e+00, 6.685e-06, 0.000e+00, 2.022e+00, 9.983e+02, 2.916e-09
2.750e-01, 5.000e-01, -1.250e-01, 1.112e+05, 0.000e+00, 4.376e-06, 0.000e+00, 2.020e+00, 9.983e+02, 1.922e-09
2.750e-01, 5.000e-01, -1.150e-01, 1.111e+05, 0.000e+00, 2.730e-06, 0.000e+00, 2.018e+00, 9.983e+02, 1.199e-09
2.750e-01, 5.000e-01, -1.050e-01, 1.110e+05, 0.000e+00, 1.606e-06, 0.000e+00, 2.017e+00, 9.983e+02, 7.052e-10
2.750e-01, 5.000e-01, -9.500e-02, 1.109e+05, 0.000e+00, 8.847e-07, 0.000e+00, 2.015e+00, 9.983e+02, 3.886e-10
2.750e-01, 5.000e-01, -8.500e-02, 1.108e+05, 0.000e+00, 4.556e-07, 0.000e+00, 2.013e+00, 9.983e+02, 2.001e-10
2.750e-01, 5.000e-01, -7.500e-02, 1.107e+05, 0.000e+00, 2.192e-07, 0.000e+00, 2.011e+00, 9.983e+02, 9.630e-11
2.750e-01, 5.000e-01, -6.500e-02, 1.106e+05, 0.000e+00, 9.880e-08, 0.000e+00, 2.009e+00, 9.983e+02, 4.340e-11
2.750e-01, 5.000e-01, -5.500e-02, 1.105e+05, 0.000e+00, 4.180e-08, 0.000e+00, 2.008e+00, 9.983e+02, 1.836e-11
2.750e-01, 5.000e-01, -4.500e-02, 1.104e+05, 0.000e+00, 1.665e-08, 0.000e+00, 2.006e+00, 9.983e+02, 7.311e-12
2.750e-01, 5.000e-01, -3.500e-02, 1.103e+05, 0.000e+00, 6.261e-09, 0.000e+00, 2.004e+00, 9.983e+02, 2.750e-12
2.750e-01, 5.000e-01, -2.500e-02, 1.102e+05, 0.000e+00, 2.235e-09, 0.000e+00, 2.002e+00, 9.983e+02, 9.817e-13
2.750e-01, 5.000e-01, -1.500e-02, 1.101e+05, 0.000e+00, 7.740e-10, 0.000e+00, 2.000e+00, 9.983e+02, 3.400e-13
2.750e-01, 5.000e-01, -5.000e-03, 1.100e+05, 0.000e+00, 3.016e-10, 0.000e+00, 1.999e+00, 9.983e+02, 1.325e-13
2.850e-01, 5.000e-01, -1.195e+00, 1.202e+05, 0.000e+00, 1.002e-13, 0.000e+00, 2.184e+00, 9.983e+02, 2.000e-17
2.850e-01, 5.000e-01, -1.185e+00, 1.201e+05, 0.000e+00, 1.002e-13, 0.000e+00, 2.182e+00, 9.983e+02, 2.000e-17
2.850e-01, 5.000e-01, -1.175e+00, 1.200e+05, 0.000e+00, 1.002e-13, 0.000e+00, 2.181e+00, 9.983e+02, 2.000e-17
2.850e-01, 5.000e-01, -1.165e+00, 1.199e+05, 0.000e+00, 2.895e-12, 0.000e+00, 2.179e+00, 9.983e+02, 5.781e-16
2.850e-01, 5.000e-01, -1.155e+00, 1.198e+05, 0.000e+00, 6.558e-04, 0.000e+00, 2.177e+00, 9.984e+02, 2.102e-07
2.850e-01, 5.000e-01, -1.145e+00, 1.197e+05, 0.000e+00, 6.793e-04, 0.000e+00, 2.175e+00, 9.984e+02, 2.916e-07
2.850e-01, 5.000e-01, -1.135e+00, 1.196e+05, 0.000e+00, 6.866e-04, 0.000e+00, 2.174e+00, 9.984e+02, 2.948e-07
2.850e-01, 5.000e-01, -1.125e+00, 1.195e+05, 0.000e+00, 6.891e-04, 0.000e+00, 2.172e+00, 9.984e+02, 2.958e-07
2.850e-01, 5.000e-01, -1.115e+00, 1.194e+05, 0.000e+00, 6.905e-04, 0.000e+00, 2.170e+00, 9.984e+02, 2.964e-07
2.850e-01, 5.000e-01, -1.105e+00, 1.193e+05, 0.000e+00, 6.916e-04, 0.000e+00, 2.168e+00, 9.984e+02, 2.969e-07
2.850e-01, 5.000e-01, -1.095e+00, 1.192e+05, 0.000e+00, 6.917e-04, 0.000e+00, 2.167e+00, 9.984e+02, 2.970e-07
2.850e-01, 5.000e-01, -1.085e+00, 1.191e+05, 0.000e+00, 6.898e-04, 0.000e+00, 2.165e+00, 9.984e+02, 2.961e-07
2.850e-01, 5.000e-01, -1.075e+00, 1.190e+05, 0.000e+00, 6.841e-04, 0.000e+00, 2.163e+00, 9.984e+02, 2.937e-07
2.850e-01, 5.000e-01, -1.065e+00, 1.189e+05, 0.000e+00, 6.686e-04, 0.000e+00, 2.161e+00, 9.984e+02, 2.870e-07
2.850e-01, 5.000e-01, -1.055e+00, 1.188e+05, 0.000e+00, 6.363e-04, 0.000e+00, 2.159e+00, 9.984e+02, 2.732e-07
2.850e-01, 5.000e-01, -1.045e+00, 1.187e+05, 0.000e+00, 5.863e-04, 0.000e+00, 2.158e+00, 9.984e+02, 2.517e-07
2.850e-01, 5.000e-01, -1.035e+00, 1.186e+05, 0.000e+00, 5.291e-04, 0.000e+00, 2.156e+00, 9.984e+02, 2.272e-07
2.850e-01, 5.000e-01, -1.025e+00, 1.185e+05, 0.000e+00, 4.720e-04, 0.000e+00, 2.154e+00, 9.983e+02, 2.026e-07
2.850e-01, 5.000e-01, -1.015e+00, 1.185e+05, 0.000e+00, 4.157e-04, 0.000e+00, 2.152e+00, 9.983e+02, 1.785e-07
2.850e-01, 5.000e-01, -1.005e+00, 1.184e+05, 0.000e+00, 3.570e-04, 0.000e+00, 2.150e+00, 9.983e+02, 1.532e-07
2.850e-01, 5.000e-01, -9.950e-01, 1.183e+05, 0.000e+00, 2.929e-04, 0.000e+00, 2.149e+00, 9.983e+02, 1.257e-07
2.850e-01, 5.000e-01, -9.850e-01, 1.182e+05, 0.000e+00, 2.265e-04, 0.000e+00, 2.147e+00, 9.983e+02, 9.725e-08
2.850e-01, 5.000e-01, -9.750e-01, 1.181e+05, 0.000e+00, 1.627e-04, 0.000e+00, 2.145e+00, 9.983e+02, 6.985e-08
2.850e-01, 5.000e-01, -9.650e-01, 1.180e+05, 0.000e+00, 1.064e-04, 0.000e+00, 2.143e+00, 9.983e+02, 4.566e-08
2.850e-01, 5.000e-01, -9.550e-01, 1.179e+05, 0.000e+00, 6.150e-05, 0.000e+00, 2.141e+00, 9.983e+02, 2.640e-08
2.850e-01, 5.000e-01, -9.450e-01, 1.178e+05, 0.000e+00, 3.031e-05, 0.000e+00, 2.140e+00, 9.983e+02, 1.301e-08
2.850e-01, 5.000e-01, -9.350e-01, 1.177e+05, 0.000e+00, 1.218e-05, 0.000e+00, 2.138e+00, 9.983e+02, 5.228e-09
2.850e-01, 5.000e-01, -9.250e-01, 1.176e+05, 0.000e+00, 3.815e-06, 0.000e+00, 2.136e+00, 9.983e+02, 1.638e-09
2.850e-01, 5.000e-01, -9.150e-01, 1.175e+05, 0.000e+00, 8.908e-07, 0.000e+00, 2.134e+00, 9.983e+02, 3.824e-10
2.850e-01, 5.000e-01, -9.050e-01, 1.189e+05, 0.000e+00, 2.100e-07, 0.000e+00, 2.160e+00, 9.983e+02, 9.138e-11
2.850e-01, 5.000e-01, -8.950e-01, 1.188e+05, 0.000e+00, 6.403e-08, 0.000e+00, 2.158e+00, 9.983e+02, 2.812e-11
2.850e-01, 5.000e-01, -8.850e-01, 1.187e+05, 0.000e+00, 5.204e-08, 0.000e+00, 2.156e+00, 9.983e+02, 2.286e-11
2.850e-01, 5.000e-01, -8.750e-01, 1.186e+05, 0.000e+00, 1.327e-07, 0.000e+00, 2.154e+00, 9.983e+02, 5.831e-11
2.850e-01, 5.000e-01, -8.650e-01, 1.185e+05, 0.000e+00, 4.123e-07, 0.000e+00, 2.153e+00, 9.983e+02, 1.811e-10
2.850e-01, 5.000e-01, -8.550e-01, 1.184e+05, 0.000e+00, 1.233e-06, 0.000e+00, 2.151e+00, 9.983e+02, 5.414e-10
2.850e-01, 5.000e-01, -8.450e-01, 1.183e+05, 0.000e+00, 3.439e-06, 0.000e+00, 2.149e+00, 9.983e+02, 1.510e-09
2.850e-01, 5.000e-01, -8.350e-01, 1.182e+05, 0.000e+00, 8.854e-06, 0.000e+00, 2.147e+00, 9.983e+02, 3.889e-09
2.850e-01, 5.000e-01, -8.250e-01, 1.181e+05, 0.000e+00, 2.086e-05, 0.000e+00, 2.145e+00, 9.983e+02, 9.165e-09
2.850e-01, 5.000e-01, -8.150e-01, 1.180e+05, 0.000e+00, 4.471e-05, 0.000e+00, 2.144e+00, 9.983e+02, 1.964e-08
2.850e-01, 5.000e-01, -8.050e-01, 1.179e+05, 0.000e+00, 8.673e-05, 0.000e+00, 2.142e+00, 9.983e+02, 3.809e-08
2.850e-01, 5.000e-01, -7.950e-01, 1.178e+05, 0.000e+00, 1.519e-04, 0.000e+00, 2.140e+00, 9.983e+02, 6.672e-08
2.850e-01, 5.000e-01, -7.850e-01, 1.177e+05, 0.000e+00, 2.402e-04, 0.000e+00, 2.138e+00, 9.983e+02, 1.055e-07
2.850e-01, 5.000e-01, -7.750e-01, 1.176e+05, 0.000e+00, 3.441e-04, 0.000e+00, 2.136e+00, 9.983e+02, 1.511e-07
2.850e-01, 5.000e-01, -7.650e-01, 1.175e+05, 0.000e+00, 4.485e-04, 0.000e+00, 2.135e+00, 9.983e+02, 1.970e-07
2.850e-01, 5.000e-01, -7.550e-01, 1.174e+05, 0.000e+00, 5.349e-04, 0.000e+00, 2.133e+00, 9.984e+02, 2.350e-07
2.850e-01, 5.000e-01, -7.450e-01, 1.173e+05, 0.000e+00, 5.865e-04, 0.000e+00, 2.131e+00, 9.984e+02, 2.606e-07
2.850e-01, 5.000e-01, -7.350e-01, 1.157e+05, 0.000e+00, 5.975e-04, 0.000e+00, 2.102e+00, 9.984e+02, 2.684e-07
2.850e-01, 5.000e-01, -7.250e-01, 1.156e+05, 0.000e+00, 5.846e-04, 0.000e+00, 2.101e+00, 9.984e+02, 2.627e-07
2.850e-01, 5.000e-01, -7.150e-01, 1.155e+05, 0.000e+00, 5.606e-04, 0.000e+00, 2.099e+00, 9.984e+02, 2.519e-07
2.850e-01, 5.000e-01, -7.050e-01, 1.154e+05, 0.000e+00, 5.372e-04, 0.000e+00, 2.097e+00, 9.984e+02, 2.413e-07
2.850e-01, 5.000e-01, -6.950e-01, 1.153e+05, 0.000e+00, 5.192e-04, 0.000e+00, 2.095e+00, 9.984e+02, 2.333e-07
2.850e-01, 5.000e-01, -6.850e-01, 1.152e+05, 0.000e+00, 5.068e-04, 0.000e+00, 2.093e+00, 9.984e+02, 2.277e-07
2.850e-01, 5.000e-01, -6.750e-01, 1.151e+05, 0.000e+00, 4.983e-04, 0.000e+00, 2.092e+00, 9.984e+02, 2.238e-07
2.850e-01, 5.000e-01, -6.650e-01, 1.150e+05, 0.000e+00, 4.912e-04, 0.000e+00, 2.090e+00, 9.984e+02, 2.207e-07
2.850e-01, 5.000e-01, -6.550e-01, 1.149e+05, 0.000e+00, 4.832e-04, 0.000e+00, 2.088e+00, 9.983e+02, 2.171e-07
2.850e-01, 5.000e-01, -6.450e-01, 1.148e+05, 0.000e+00, 4.722e-04, 0.000e+00, 2.086e+00, 9.983e+02, 2.121e-07
2.850e-01, 5.000e-01, -6.350e-01, 1.147e+05, 0.000e+00, 4.569e-04, 0.000e+00, 2.084e+00, 9.983e+02, 2.053e-07
2.850e-01, 5.000e-01, -6.250e-01, 1.146e+05, 0.000e+00, 4.365e-04, 0.000e+00, 2.083e+00, 9.983e+02, 1.961e-07
2.850e-01, 5.000e-01, -6.150e-01, 1.145e+05, 0.000e+00, 4.107e-04, 0.000e+00, 2.081e+00, 9.983e+02, 1.845e-07
2.850e-01, 5.000e-01, -6.050e-01, 1.144e+05, 0.000e+00, 3.788e-04, 0.000e+00, 2.079e+00, 9.983e+02, 1.702e-07
2.850e-01, 5.000e-01, -5.950e-01, 1.144e+05, 0.000e+00, 3.399e-04, 0.000e+00, 2.079e+00, 9.983e+02, 1.501e-07
2.850e-01, 5.000e-01, -5.850e-01, 1.143e+05, 0.000e+00, 2.995e-04, 0.000e+00, 2.077e+00, 9.983e+02, 1.316e-07
2.850e-01, 5.000e-01, -5.750e-01, 1.142e+05, 0.000e+00, 2.608e-04, 0.000e+00, 2.075e+00, 9.983e+02, 1.145e-07
2.850e-01, 5.000e-01, -5.650e-01, 1.141e+05, 0.000e+00, 2.260e-04, 0.000e+00, 2.073e+00, 9.983e+02, 9.929e-08
2.850e-01, 5.000e-01, -5.550e-01, 1.140e+05, 0.000e+00, 2.018e-04, 0.000e+00, 2.071e+00, 9.983e+02, 8.865e-08
2.850e-01, 5.000e-01, -5.450e-01, 1.139e+05, 0.000e+00, 1.924e-04, 0.000e+00, 2.070e+00, 9.983e+02, 8.451e-08
2.850e-01, 5.000e-01, -5.350e-01, 1.138e+05, 0.000e+00, 2.044e-04, 0.000e+00, 2.068e+00, 9.983e+02, 8.978e-08
2.850e-01, 5.000e-01, -5.250e-01, 1.137e+05, 0.000e+00, 2.423e-04, 0.000e+00, 2.066e+00, 9.983e+02, 1.064e-07
2.850e-01, 5.000e-01, -5.150e-01, 1.136e+05, 0.000e+00, 2.982e-04, 0.000e+00, 2.064e+00, 9.983e+02, 1.310e-07
2.850e-01, 5.000e-01, -5.050e-01, 1.137e+05, 0.000e+00, 3.498e-04, 0.000e+00, 2.066e+00, 9.983e+02, 1.516e-07
2.850e-01, 5.000e-01, -4.950e-01, 1.136e+05, 0.000e+00, 3.700e-04, 0.000e+00, 2.064e+00, 9.983e+02, 1.588e-07
2.850e-01, 5.000e-01, -4.850e-01, 1.135e+05, 0.000e+00, 3.695e-04, 0.000e+00, 2.063e+00, 9.983e+02, 1.586e-07
2.850e-01, 5.000e-01, -4.750e-01, 1.135e+05, 0.000e+00, 3.588e-04, 0.000e+00, 2.061e+00, 9.983e+02, 1.540e-07
2.850e-01, 5.000e-01, -4.650e-01, 1.134e+05, 0.000e+00, 3.438e-04, 0.000e+00, 2.059e+00, 9.983e+02, 1.476e-07
2.850e-01, 5.000e-01, -4.550e-01, 1.130e+05, 0.000e+00, 3.275e-04, 0.000e+00, 2.052e+00, 9.983e+02, 1.406e-07
2.850e-01, 5.000e-01, -4.450e-01, 1.129e+05, 0.000e+00, 3.157e-04, 0.000e+00, 2.050e+00, 9.983e+02, 1.355e-07
2.850e-01, 5.000e-01, -4.350e-01, 1.128e+05, 0.000e+00, 3.128e-04, 0.000e+00, 2.048e+00, 9.983e+02, 1.343e-07
2.850e-01, 5.000e-01, -4.250e-01, 1.127e+05, 0.000e+00, 3.167e-04, 0.000e+00, 2.047e+00, 9.983e+02, 1.360e-07
2.850e-01, 5.000e-01, -4.150e-01, 1.126e+05, 0.000e+00, 3.234e-04, 0.000e+00, 2.045e+00, 9.983e+02, 1.388e-07
2.850e-01, 5.000e-01, -4.050e-01, 1.125e+05, 0.000e+00, 3.273e-04, 0.000e+00, 2.043e+00, 9.983e+02, 1.405e-07
2.850e-01, 5.000e-01, -3.950e-01, 1.124e+05, 0.000e+00, 3.245e-04, 0.000e+00, 2.041e+00, 9.983e+02, 1.393e-07
2.850e-01, 5.000e-01, -3.850e-01, 1.123e+05, 0.000e+00, 3.135e-04, 0.000e+00, 2.039e+00, 9.983e+02, 1.346e-07
2.850e-01, 5.000e-01, -3.750e-01, 1.122e+05, 0.000e+00, 2.943e-04, 0.000e+00, 2.038e+00, 9.983e+02, 1.264e-07
2.850e-01, 5.000e-01, -3.650e-01, 1.121e+05, 0.000e+00, 2.676e-04, 0.000e+00, 2.036e+00, 9.983e+02, 1.149e-07
2.850e-01, 5.000e-01, -3.550e-01, 1.120e+05, 0.000e+00, 2.340e-04, 0.000e+00, 2.034e+00, 9.983e+02, 1.005e-07
2.850e-01, 5.000e-01, -3.450e-01, 1.119e+05, 0.000e+00, 1.930e-04, 0.000e+00, 2.033e+00, 9.983e+02, 8.668e-08
2.850e-01, 5.000e-01, -3.350e-01, 1.118e+05, 0.000e+00, 1.626e-04, 0.000e+00, 2.031e+00, 9.983e+02, 7.304e-08
2.850e-01, 5.000e-01, -3.250e-01, 1.117e+05, 0.000e+00, 1.404e-04, 0.000e+00, 2.029e+00, 9.983e+02, 6.305e-08
2.850e-01, 5.000e-01, -3.150e-01, 1.116e+05, 0.000e+00, 1.230e-04, 0.000e+00, 2.027e+00, 9.983e+02, 5.525e-08
2.850e-01, 5.000e-01, -3.050e-01, 1.115e+05, 0.000e+00, 1.086e-04, 0.000e+00, 2.025e+00, 9.983e+02, 4.879e-08
2.850e-01, 5.000e-01, -2.950e-01, 1.114e+05, 0.000e+00, 9.626e-05, 0.000e+00, 2.024e+00, 9.983e+02, 4.324e-08
2.850e-01, 5.000e-01, -2.850e-01, 1.113e+05, 0.000e+00, 8.538e-05, 0.000e+00, 2.022e+00, 9.983e+02, 3.836e-08
2.850e-01, 5.000e-01, -2.750e-01, 1.112e+05, 0.000e+00, 7.576e-05, 0.000e+00, 2.020e+00, 9.983e+02, 3.404e-08
2.850e-01, 5.000e-01, -2.650e-01, 1.112e+05, 0.000e+00, 6.761e-05, 0.000e+00, 2.020e+00, 9.983e+02, 2.972e-08
2.850e-01, 5.000e-01, -2.550e-01, 1.111e+05, 0.000e+00, 6.362e-05, 0.000e+00, 2.018e+00, 9.983e+02, 2.795e-08
2.850e-01, 5.000e-01, -2.450e-01, 1.110e+05, 0.000e+00, 6.526e-05, 0.000e+00, 2.016e+00, 9.983e+02, 2.866e-08
2.850e-01, 5.000e-01, -2.350e-01, 1.109e+05, 0.000e+00, 7.245e-05, 0.000e+00, 2.014e+00, 9.983e+02, 3.182e-08
2.850e-01, 5.000e-01, -2.250e-01, 1.108e+05, 0.000e+00, 8.296e-05, 0.000e+00, 2.012e+00, 9.983e+02, 3.644e-08
2.850e-01, 5.000e-01, -2.150e-01, 1.107e+05, 0.000e+00, 9.124e-05, 0.000e+00, 2.011e+00, 9.983e+02, 4.008e-08
2.850e-01, 5.000e-01, -2.050e-01, 1.106e+05, 0.000e+00, 9.115e-05, 0.000e+00, 2.009e+00, 9.983e+02, 4.004e-08
2.850e-01, 5.000e-01, -1.950e-01, 1.105e+05, 0.000e+00, 8.402e-05, 0.000e+00, 2.007e+00, 9.983e+02, 3.653e-08
2.850e-01, 5.000e-01, -1.850e-01, 1.106e+05, 0.000e+00, 7.116e-05, 0.000e+00, 2.009e+00, 9.983e+02, 3.055e-08
2.850e-01, 5.000e-01, -1.750e-01, 1.105e+05, 0.000e+00, 5.232e-05, 0.000e+00, 2.007e+00, 9.983e+02, 2.246e-08
2.850e-01, 5.000e-01, -1.650e-01, 1.104e+05, 0.000e+00, 3.430e-05, 0.000e+00, 2.005e+00, 9.983e+02, 1.472e-08
2.850e-01, 5.000e-01, -1.550e-01, 1.103e+05, 0.000e+00, 2.070e-05, 0.000e+00, 2.004e+00, 9.983e+02, 8.885e-09
2.850e-01, 5.000e-01, -1.450e-01, 1.102e+05, 0.000e+00, 1.233e-05, 0.000e+00, 2.002e+00, 9.983e+02, 5.293e-09
2.850e-01, 5.000e-01, -1.350e-01, 1.113e+05, 0.000e+00, 8.557e-06, 0.000e+00, 2.022e+00, 9.983e+02, 3.727e-09
2.850e-01, 5.000e-01, -1.250e-01, 1.112e+05, 0.000e+00, 5.903e-06, 0.000e+00, 2.020e+00, 9.983e+02, 2.593e-09
2.850e-01, 5.000e-01, -1.150e-01, 1.111e+05, 0.000e+00, 3.871e-06, 0.000e+00, 2.018e+00, 9.983e+02, 1.700e-09
2.850e-01, 5.000e-01, -1.050e-01, 1.110e+05, 0.000e+00, 2.374e-06, 0.000e+00, 2.017e+00, 9.983e+02, 1.043e-09
2.850e-01, 5.000e-01, -9.500e-02, 1.109e+05, 0.000e+00, 1.353e-06, 0.000e+00, 2.015e+00, 9.983e+02, 5.941e-10
2.850e-01, 5.000e-01, -8.500e-02, 1.108e+05, 0.000e+00, 7.147e-07, 0.000e+00, 2.013e+00, 9.983e+02, 3.139e-10
2.850e-01, 5.000e-01, -7.500e-02, 1.107e+05, 0.000e+00, 3.508e-07, 0.000e+00, 2.011e+00, 9.983e+02, 1.541e-10
2.850e-01, 5.000e-01, -6.500e-02, 1.106e+05, 0.000e+00, 1.605e-07, 0.000e+00, 2.009e+00, 9.983e+02, 7.048e-11
2.850e-01, 5.000e-01, -5.500e-02, 1.105e+05, 0.000e+00, 6.865e-08, 0.000e+00, 2.008e+00, 9.983e+02, 3.015e-11
2.850e-01, 5.000e-01, -4.500e-02, 1.104e+05, 0.000e+00, 2.757e-08, 0.000e+00, 2.006e+00, 9.983e+02, 1.211e-11
2.850e-01, 5.000e-01, -3.500e-02, 1.103e+05, 0.000e+00, 1.043e-08, 0.000e+00, 2.004e+00, 9.983e+02, 4.583e-12
2.850e-01, 5.000e-01, -2.500e-02, 1.102e+05, 0.000e+00, 3.742e-09, 0.000e+00, 2.002e+00, 9.983e+02, 1.644e-12
2.850e-01, 5.000e-01, -1.500e-02, 1.101e+05, 0.000e+00, 1.300e-09, 0.000e+00, 2.000e+00, 9.983e+02, 5.711e-13
2.850e-01, 5.000e-01, -5.000e-03, 1.100e+05, 0.000e+00, 5.073e-10, 0.000e+00, 1.999e+00, 9.983e+02, 2.228e-13
2.950e-01, 5.000e-01, -1.195e+00, 1.202e+05, 0.000e+00, 1.002e-13, 0.000e+00, 2.184e+00, 9.983e+02, 2.000e-17
2.950e-01, 5.000e-01, -1.185e+00, 1.201e+05, 0.000e+00, 1.002e-13, 0.000e+00, 2.182e+00, 9.983e+02, 2.000e-17
2.950e-01, 5.000e-01, -1.175e+00, 1.200e+05, 0.000e+00, 1.002e-13, 0.000e+00, 2.181e+00, 9.983e+02, 2.000e-17
2.950e-01, 5.000e-01, -1.165e+00, 1.199e+05, 0.000e+00, 1.002e-13, 0.000e+00, 2.179e+00, 9.983e+02, 2.000e-17
2.950e-01, 5.000e-01, -1.155e+00, 1.198e+05, 0.000e+00, 5.805e-09, 0.000e+00, 2.177e+00, 9.983e+02, 1.669e-12
2.950e-01, 5.000e-01, -1.145e+00, 1.197e+05, 0.000e+00, 6.859e-04, 0.000e+00, 2.175e+00, 9.984e+02, 2.954e-07
2.950e-01, 5.000e-01, -1.135e+00, 1.196e+05, 0.000e+00, 6.888e-04, 0.000e+00, 2.174e+00, 9.984e+02, 2.957e-07
2.950e-01, 5.000e-01, -1.125e+00, 1.195e+05, 0.000e+00, 6.910e-04, 0.000e+00, 2.172e+00, 9.984e+02, 2.967e-07
2.950e-01, 5.000e-01, -1.115e+00, 1.194e+05, 0.000e+00, 6.932e-04, 0.000e+00, 2.170e+00, 9.984e+02, 2.976e-07
2.950e-01, 5.000e-01, -1.105e+00, 1.193e+05, 0.000e+00, 6.951e-04, 0.000e+00, 2.168e+00, 9.984e+02, 2.984e-07
2.950e-01, 5.000e-01, -1.095e+00, 1.192e+05, 0.000e+00, 6.959e-04, 0.000e+00, 2.167e+00, 9.984e+02, 2.987e-07
2.950e-01, 5.000e-01, -1.085e+00, 1.191e+05, 0.000e+00, 6.947e-04, 0.000e+00, 2.165e+00, 9.984e+02, 2.982e-07
2.950e-01, 5.000e-01, -1.075e+00, 1.190e+05, 0.000e+00, 6.902e-04, 0.000e+00, 2.163e+00, 9.984e+02, 2.963e-07
2.950e-01, 5.000e-01, -1.065e+00, 1.189e+05, 0.000e+00, 6.770e-04, 0.000e+00, 2.161e+00, 9.984e+02, 2.906e-07
2.950e-01, 5.000e-01, -1.055e+00, 1.188e+05, 0.000e+00, 6.440e-04, 0.000e+00, 2.159e+00, 9.984e+02, 2.765e-07
2.950e-01, 5.000e-01, -1.045e+00, 1.187e+05, 0.000e+00, 5.888e-04, 0.000e+00, 2.158e+00, 9.984e+02, 2.528e-07
2.950e-01, 5.000e-01, -1.035e+00, 1.186e+05, 0.000e+00, 5.293e-04, 0.000e+00, 2.156e+00, 9.984e+02, 2.272e-07
2.950e-01, 5.000e-01, -1.025e+00, 1.185e+05, 0.000e+00, 4.726e-04, 0.000e+00, 2.154e+00, 9.983e+02, 2.029e-07
2.950e-01, 5.000e-01, -1.015e+00, 1.185e+05, 0.000e+00, 4.187e-04, 0.000e+00, 2.152e+00, 9.983e+02, 1.798e-07
2.950e-01, 5.000e-01, -1.005e+00, 1.184e+05, 0.000e+00, 3.633e-04, 0.000e+00, 2.150e+00, 9.983e+02, 1.559e-07
2.950e-01, 5.000e-01, -9.950e-01, 1.183e+05, 0.000e+00, 3.022e-04, 0.000e+00, 2.149e+00, 9.983e+02, 1.297e-07
2.950e-01, 5.000e-01, -9.850e-01, 1.182e+05, 0.000e+00, 2.367e-04, 0.000e+00, 2.147e+00, 9.983e+02, 1.016e-07
2.950e-01, 5.000e-01, -9.750e-01, 1.181e+05, 0.000e+00, 1.722e-04, 0.000e+00, 2.145e+00, 9.983e+02, 7.394e-08
2.950e-01, 5.000e-01, -9.650e-01, 1.180e+05, 0.000e+00, 1.140e-04, 0.000e+00, 2.143e+00, 9.983e+02, 4.892e-08
2.950e-01, 5.000e-01, -9.550e-01, 1.179e+05, 0.000e+00, 6.645e-05, 0.000e+00, 2.141e+00, 9.983e+02, 2.853e-08
2.950e-01, 5.000e-01, -9.450e-01, 1.178e+05, 0.000e+00, 3.277e-05, 0.000e+00, 2.140e+00, 9.983e+02, 1.407e-08
2.950e-01, 5.000e-01, -9.350e-01, 1.177e+05, 0.000e+00, 1.304e-05, 0.000e+00, 2.138e+00, 9.983e+02, 5.596e-09
2.950e-01, 5.000e-01, -9.250e-01, 1.176e+05, 0.000e+00, 4.031e-06, 0.000e+00, 2.136e+00, 9.983e+02, 1.730e-09
2.950e-01, 5.000e-01, -9.150e-01, 1.175e+05, 0.000e+00, 9.706e-07, 0.000e+00, 2.134e+00, 9.983e+02, 4.166e-10
2.950e-01, 5.000e-01, -9.050e-01, 1.189e+05, 0.000e+00, 2.437e-07, 0.000e+00, 2.160e+00, 9.983e+02, 1.063e-10
2.950e-01, 5.000e-01, -8.950e-01, 1.188e+05, 0.000e+00, 8.210e-08, 0.000e+00, 2.158e+00, 9.983e+02, 3.606e-11
2.950e-01, 5.000e-01, -8.850e-01, 1.187e+05, 0.000e+00, 7.669e-08, 0.000e+00, 2.156e+00, 9.983e+02, 3.369e-11
2.950e-01, 5.000e-01, -8.750e-01, 1.186e+05, 0.000e+00, 1.917e-07, 0.000e+00, 2.154e+00, 9.983e+02, 8.421e-11
2.950e-01, 5.000e-01, -8.650e-01, 1.185e+05, 0.000e+00, 5.668e-07, 0.000e+00, 2.153e+00, 9.983e+02, 2.489e-10
2.950e-01, 5.000e-01, -8.550e-01, 1.184e+05, 0.000e+00, 1.631e-06, 0.000e+00, 2.151e+00, 9.983e+02, 7.164e-10
2.950e-01, 5.000e-01, -8.450e-01, 1.183e+05, 0.000e+00, 4.423e-06, 0.000e+00, 2.149e+00, 9.983e+02, 1.943e-09
2.950e-01, 5.000e-01, -8.350e-01, 1.182e+05, 0.000e+00, 1.113e-05, 0.000e+00, 2.147e+00, 9.983e+02, 4.890e-09
2.950e-01, 5.000e-01, -8.250e-01, 1.181e+05, 0.000e+00, 2.570e-05, 0.000e+00, 2.145e+00, 9.983e+02, 1.129e-08
2.950e-01, 5.000e-01, -8.150e-01, 1.180e+05, 0.000e+00, 5.392e-05, 0.000e+00, 2.144e+00, 9.983e+02, 2.369e-08
2.950e-01, 5.000e-01, -8.050e-01, 1.179e+05, 0.000e+00, 1.022e-04, 0.000e+00, 2.142e+00, 9.983e+02, 4.489e-08
2.950e-01, 5.000e-01, -7.950e-01, 1.178e+05, 0.000e+00, 1.744e-04, 0.000e+00, 2.140e+00, 9.983e+02, 7.659e-08
2.950e-01, 5.000e-01, -7.850e-01, 1.177e+05, 0.000e+00, 2.680e-04, 0.000e+00, 2.138e+00, 9.983e+02, 1.177e-07
2.950e-01, 5.000e-01, -7.750e-01, 1.176e+05, 0.000e+00, 3.729e-04, 0.000e+00, 2.136e+00, 9.983e+02, 1.638e-07
2.950e-01, 5.000e-01, -7.650e-01, 1.175e+05, 0.000e+00, 4.729e-04, 0.000e+00, 2.135e+00, 9.983e+02, 2.077e-07
2.950e-01, 5.000e-01, -7.550e-01, 1.174e+05, 0.000e+00, 5.509e-04, 0.000e+00, 2.133e+00, 9.984e+02, 2.420e-07
2.950e-01, 5.000e-01, -7.450e-01, 1.173e+05, 0.000e+00, 5.938e-04, 0.000e+00, 2.131e+00, 9.984e+02, 2.637e-07
2.950e-01, 5.000e-01, -7.350e-01, 1.157e+05, 0.000e+00, 5.997e-04, 0.000e+00, 2.102e+00, 9.984e+02, 2.694e-07
2.950e-01, 5.000e-01, -7.250e-01, 1.156e+05, 0.000e+00, 5.838e-04, 0.000e+00, 2.101e+00, 9.984e+02, 2.623e-07
2.950e-01, 5.000e-01, -7.150e-01, 1.155e+05, 0.000e+00, 5.584e-04, 0.000e+00, 2.099e+00, 9.984e+02, 2.509e-07
2.950e-01, 5.000e-01, -7.050e-01, 1.154e+05, 0.000e+00, 5.345e-04, 0.000e+00, 2.097e+00, 9.984e+02, 2.401e-07
2.950e-01, 5.000e-01, -6.950e-01, 1.153e+05, 0.000e+00, 5.164e-04, 0.000e+00, 2.095e+00, 9.984e+02, 2.320e-07
2.950e-01, 5.000e-01, -6.850e-01, 1.152e+05, 0.000e+00, 5.040e-04, 0.000e+00, 2.093e+00, 9.984e+02, 2.264e-07
2.950e-01, 5.000e-01, -6.750e-01, 1.151e+05, 0.000e+00, 4.954e-04, 0.000e+00, 2.092e+00, 9.984e+02, 2.226e-07
2.950e-01, 5.000e-01, -6.650e-01, 1.150e+05, 0.000e+00, 4.881e-04, 0.000e+00, 2.090e+00, 9.984e+02, 2.193e-07
2.950e-01, 5.000e-01, -6.550e-01, 1.149e+05, 0.000e+00, 4.796e-04, 0.000e+00, 2.088e+00, 9.983e+02, 2.155e-07
2.950e-01, 5.000e-01, -6.450e-01, 1.148e+05, 0.000e+00, 4.678e-04, 0.000e+00, 2.086e+00, 9.983e+02, 2.102e-07
2.950e-01, 5.000e-01, -6.350e-01, 1.147e+05, 0.000e+00, 4.514e-04, 0.000e+00, 2.084e+00, 9.983e+02, 2.028e-07
2.950e-01, 5.000e-01, -6.250e-01, 1.146e+05, 0.000e+00, 4.297e-04, 0.000e+00, 2.083e+00, 9.983e+02, 1.931e-07
2.950e-01, 5.000e-01, -6.150e-01, 1.145e+05, 0.000e+00, 4.025e-04, 0.000e+00, 2.081e+00, 9.983e+02, 1.808e-07
2.950e-01, 5.000e-01, -6.050e-01, 1.144e+05, 0.000e+00, 3.691e-04, 0.000e+00, 2.079e+00, 9.983e+02, 1.658e-07
2.950e-01, 5.000e-01, -5.950e-01, 1.144e+05, 0.000e+00, 3.278e-04, 0.000e+00, 2.079e+00, 9.983e+02, 1.445e-07
2.950e-01, 5.000e-01, -5.850e-01, 1.143e+05, 0.000e+00, 2.844e-04, 0.000e+00, 2.077e+00, 9.983e+02, 1.249e-07
2.950e-01, 5.000e-01, -5.750e-01, 1.142e+05, 0.000e+00, 2.432e-04, 0.000e+00, 2.075e+00, 9.983e+02, 1.068e-07
2.950e-01, 5.000e-01, -5.650e-01, 1.141e+05, 0.000e+00, 2.081e-04, 0.000e+00, 2.073e+00, 9.983e+02, 9.141e-08
2.950e-01, 5.000e-01, -5.550e-01, 1.140e+05, 0.000e+00, 1.821e-04, 0.000e+00, 2.071e+00, 9.983e+02, 7.998e-08
2.950e-01, 5.000e-01, -5.450e-01, 1.139e+05, 0.000e+00, 1.687e-04, 0.000e+00, 2.070e+00, 9.983e+02, 7.412e-08
2.950e-01, 5.000e-01, -5.350e-01, 1.138e+05, 0.000e+00, 1.748e-04, 0.000e+00, 2.068e+00, 9.983e+02, 7.678e-08
2.950e-01, 5.000e-01, -5.250e-01, 1.137e+05, 0.000e+00, 2.098e-04, 0.000e+00, 2.066e+00, 9.983e+02, 9.213e-08
2.950e-01, 5.000e-01, -5.150e-01, 1.136e+05, 0.000e+00, 2.735e-04, 0.000e+00, 2.064e+00, 9.983e+02, 1.201e-07
2.950e-01, 5.000e-01, -5.050e-01, 1.137e+05, 0.000e+00, 3.376e-04, 0.000e+00, 2.066e+00, 9.983e+02, 1.457e-07
2.950e-01, 5.000e-01, -4.950e-01, 1.136e+05, 0.000e+00, 3.660e-04, 0.000e+00, 2.064e+00, 9.983e+02, 1.571e-07
2.950e-01, 5.000e-01, -4.850e-01, 1.135e+05, 0.000e+00, 3.690e-04, 0.000e+00, 2.063e+00, 9.983e+02, 1.584e-07
2.950e-01, 5.000e-01, -4.750e-01, 1.135e+05, 0.000e+00, 3.586e-04, 0.000e+00, 2.061e+00, 9.983e+02, 1.539e-07
2.950e-01, 5.000e-01, -4.650e-01, 1.134e+05, 0.000e+00, 3.425e-04, 0.000e+00, 2.059e+00, 9.983e+02, 1.470e-07
2.950e-01, 5.000e-01, -4.550e-01, 1.130e+05, 0.000e+00, 3.248e-04, 0.000e+00, 2.052e+00, 9.983e+02, 1.394e-07
2.950e-01, 5.000e-01, -4.450e-01, 1.129e+05, 0.000e+00, 3.126e-04, 0.000e+00, 2.050e+00, 9.983e+02, 1.342e-07
2.950e-01, 5.000e-01, -4.350e-01, 1.128e+05, 0.000e+00, 3.103e-04, 0.000e+00, 2.048e+00, 9.983e+02, 1.332e-07
2.950e-01, 5.000e-01, -4.250e-01, 1.127e+05, 0.000e+00, 3.160e-04, 0.000e+00, 2.047e+00, 9.983e+02, 1.356e-07
2.950e-01, 5.000e-01, -4.150e-01, 1.126e+05, 0.000e+00, 3.246e-04, 0.000e+00, 2.045e+00, 9.983e+02, 1.393e-07
2.950e-01, 5.000e-01, -4.050e-01, 1.125e+05, 0.000e+00, 3.302e-04, 0.000e+00, 2.043e+00, 9.983e+02, 1.417e-07
2.950e-01, 5.000e-01, -3.950e-01, 1.124e+05, 0.000e+00, 3.287e-04, 0.000e+00, 2.041e+00, 9.983e+02, 1.411e-07
2.950e-01, 5.000e-01, -3.850e-01, 1.123e+05, 0.000e+00, 3.189e-04, 0.000e+00, 2.039e+00, 9.983e+02, 1.369e-07
2.950e-01, 5.000e-01, -3.750e-01, 1.122e+05, 0.000e+00, 3.013e-04, 0.000e+00, 2.038e+00, 9.983e+02, 1.293e-07
2.950e-01, 5.000e-01, -3.650e-01, 1.121e+05, 0.000e+00, 2.761e-04, 0.000e+00, 2.036e+00, 9.983e+02, 1.185e-07
2.950e-01, 5.000e-01, -3.550e-01, 1.120e+05, 0.000e+00, 2.437e-04, 0.000e+00, 2.034e+00, 9.983e+02, 1.046e-07
2.950e-01, 5.000e-01, -3.450e-01, 1.119e+05, 0.000e+00, 2.019e-04, 0.000e+00, 2.033e+00, 9.983e+02, 9.052e-08
2.950e-01, 5.000e-01, -3.350e-01, 1.118e+05, 0.000e+00, 1.694e-04, 0.000e+00, 2.031e+00, 9.983e+02, 7.608e-08
2.950e-01, 5.000e-01, -3.250e-01, 1.117e+05, 0.000e+00, 1.466e-04, 0.000e+00, 2.029e+00, 9.983e+02, 6.587e-08
2.950e-01, 5.000e-01, -3.150e-01, 1.116e+05, 0.000e+00, 1.293e-04, 0.000e+00, 2.027e+00, 9.983e+02, 5.808e-08
2.950e-01, 5.000e-01, -3.050e-01, 1.115e+05, 0.000e+00, 1.148e-04, 0.000e+00, 2.025e+00, 9.983e+02, 5.157e-08
2.950e-01, 5.000e-01, -2.950e-01, 1.114e+05, 0.000e+00, 1.016e-04, 0.000e+00, 2.024e+00, 9.983e+02, 4.566e-08
2.950e-01, 5.000e-01, -2.850e-01, 1.113e+05, 0.000e+00, 8.943e-05, 0.000e+00, 2.022e+00, 9.983e+02, 4.017e-08
2.950e-01, 5.000e-01, -2.750e-01, 1.112e+05, 0.000e+00, 7.845e-05, 0.000e+00, 2.020e+00, 9.983e+02, 3.524e-08
2.950e-01, 5.000e-01, -2.650e-01, 1.112e+05, 0.000e+00, 6.993e-05, 0.000e+00, 2.020e+00, 9.983e+02, 3.079e-08
2.950e-01, 5.000e-01, -2.550e-01, 1.111e+05, 0.000e+00, 6.441e-05, 0.000e+00, 2.018e+00, 9.983e+02, 2.829e-08
2.950e-01, 5.000e-01, -2.450e-01, 1.110e+05, 0.000e+00, 6.362e-05, 0.000e+00, 2.016e+00, 9.983e+02, 2.795e-08
2.950e-01, 5.000e-01, -2.350e-01, 1.109e+05, 0.000e+00, 6.865e-05, 0.000e+00, 2.014e+00, 9.983e+02, 3.015e-08
2.950e-01, 5.000e-01, -2.250e-01, 1.108e+05, 0.000e+00, 7.903e-05, 0.000e+00, 2.012e+00, 9.983e+02, 3.471e-08
2.950e-01, 5.000e-01, -2.150e-01, 1.107e+05, 0.000e+00, 9.088e-05, 0.000e+00, 2.011e+00, 9.983e+02, 3.992e-08
2.950e-01, 5.000e-01, -2.050e-01, 1.106e+05, 0.000e+00, 9.703e-05, 0.000e+00, 2.009e+00, 9.983e+02, 4.262e-08
2.950e-01, 5.000e-01, -1.950e-01, 1.105e+05, 0.000e+00, 9.402e-05, 0.000e+00, 2.007e+00, 9.983e+02, 4.095e-08
2.950e-01, 5.000e-01, -1.850e-01, 1.106e+05, 0.000e+00, 8.167e-05, 0.000e+00, 2.009e+00, 9.983e+02, 3.506e-08
2.950e-01, 5.000e-01, -1.750e-01, 1.105e+05, 0.000e+00, 6.089e-05, 0.000e+00, 2.007e+00, 9.983e+02, 2.614e-08
2.950e-01, 5.000e-01, -1.650e-01, 1.104e+05, 0.000e+00, 4.031e-05, 0.000e+00, 2.005e+00, 9.983e+02, 1.730e-08
2.950e-01, 5.000e-01, -1.550e-01, 1.103e+05, 0.000e+00, 2.466e-05, 0.000e+00, 2.004e+00, 9.983e+02, 1.059e-08
2.950e-01, 5.000e-01, -1.450e-01, 1.102e+05, 0.000e+00, 1.510e-05, 0.000e+00, 2.002e+00, 9.983e+02, 6.480e-09
2.950e-01, 5.000e-01, -1.350e-01, 1.113e+05, 0.000e+00, 1.096e-05, 0.000e+00, 2.022e+00, 9.983e+02, 4.770e-09
2.950e-01, 5.000e-01, -1.250e-01, 1.112e+05, 0.000e+00, 7.996e-06, 0.000e+00, 2.020e+00, 9.983e+02, 3.512e-09
2.950e-01, 5.000e-01, -1.150e-01, 1.111e+05, 0.000e+00, 5.480e-06, 0.000e+00, 2.018e+00, 9.983e+02, 2.407e-09
2.950e-01, 5.000e-01, -1.050e-01, 1.110e+05, 0.000e+00, 3.471e-06, 0.000e+00, 2.017e+00, 9.983e+02, 1.525e-09
2.950e-01, 5.000e-01, -9.500e-02, 1.109e+05, 0.000e+00, 2.023e-06, 0.000e+00, 2.015e+00, 9.983e+02, 8.884e-10
2.950e-01, 5.000e-01, -8.500e-02, 1.108e+05, 0.000e+00, 1.085e-06, 0.000e+00, 2.013e+00, 9.983e+02, 4.767e-10
2.950e-01, 5.000e-01, -7.500e-02, 1.107e+05, 0.000e+00, 5.384e-07, 0.000e+00, 2.011e+00, 9.983e+02, 2.365e-10
2.950e-01, 5.000e-01, -6.500e-02, 1.106e+05, 0.000e+00, 2.481e-07, 0.000e+00, 2.009e+00, 9.983e+02, 1.090e-10
2.950e-01, 5.000e-01, -5.500e-02, 1.105e+05, 0.000e+00, 1.066e-07, 0.000e+00, 2.008e+00, 9.983e+02, 4.684e-11
2.950e-01, 5.000e-01, -4.500e-02, 1.104e+05, 0.000e+00, 4.296e-08, 0.000e+00, 2.006e+00, 9.983e+02, 1.887e-11
2.950e-01, 5.000e-01, -3.500e-02, 1.103e+05, 0.000e+00, 1.628e-08, 0.000e+00, 2.004e+00, 9.983e+02, 7.153e-12
2.950e-01, 5.000e-01, -2.500e-02, 1.102e+05, 0.000e+00, 5.844e-09, 0.000e+00, 2.002e+00, 9.983e+02, 2.567e-12
2.950e-01, 5.000e-01, -1.500e-02, 1.101e+05, 0.000e+00, 2.031e-09, 0.000e+00, 2.000e+00, 9.983e+02, 8.919e-13
2.950e-01, 5.000e-01, -5.000e-03, 1.100e+05, 0.000e+00, 7.914e-10, 0.000e+00, 1.999e+00, 9.983e+02, 3.476e-13
3.050e-01, 5.000e-01, -1.195e+00, 1.202e+05, 0.000e+00, 1.002e-13, 0.000e+00, 2.184e+00, 9.983e+02, 2.000e-17
3.050e-01, 5.000e-01, -1.185e+00, 1.201e+05, 0.000e+00, 1.002e-13, 0.000e+00, 2.182e+00, 9.983e+02, 2.000e-17
3.050e-01, 5.000e-01, -1.175e+00, 1.200e+05, 0.000e+00, 1.002e-13, 0.000e+00, 2.181e+00, 9.983e+02, 2.000e-17
3.050e-01, 5.000e-01, -1.165e+00, 1.199e+05, 0.000e+00, 1.002e-13, 0.000e+00, 2.179e+00, 9.983e+02, 2.000e-17
3.050e-01, 5.000e-01, -1.155e+00, 1.198e+05, 0.000e+00, 1.002e-13, 0.000e+00, 2.177e+00, 9.983e+02, 2.000e-17
3.050e-01, 5.000e-01, -1.145e+00, 1.197e+05, 0.000e+00, 2.403e-09, 0.000e+00, 2.175e+00, 9.983e+02, 7.462e-13
3.050e-01, 5.000e-01, -1.135e+00, 1.196e+05, 0.000e+00, 6.895e-04, 0.000e+00, 2.174e+00, 9.984e+02, 2.902e-07
3.050e-01, 5.000e-01, -1.125e+00, 1.195e+05, 0.000e+00, 6.925e-04, 0.000e+00, 2.172e+00, 9.984e+02, 3.102e-07
3.050e-01, 5.000e-01, -1.115e+00, 1.194e+05, 0.000e+00, 6.958e-04, 0.000e+00, 2.170e+00, 9.984e+02, 3.074e-07
3.050e-01, 5.000e-01, -1.105e+00, 1.193e+05, 0.000e+00, 6.986e-04, 0.000e+00, 2.168e+00, 9.984e+02, 3.043e-07
3.050e-01, 5.000e-01, -1.095e+00, 1.192e+05, 0.000e+00, 7.002e-04, 0.000e+00, 2.167e+00, 9.984e+02, 3.012e-07
3.050e-01, 5.000e-01, -1.085e+00, 1.191e+05, 0.000e+00, 6.999e-04, 0.000e+00, 2.165e+00, 9.984e+02, 3.005e-07
3.050e-01, 5.000e-01, -1.075e+00, 1.190e+05, 0.000e+00, 6.972e-04, 0.000e+00, 2.163e+00, 9.984e+02, 2.993e-07
3.050e-01, 5.000e-01, -1.065e+00, 1.189e+05, 0.000e+00, 6.864e-04, 0.000e+00, 2.161e+00, 9.984e+02, 2.947e-07
3.050e-01, 5.000e-01, -1.055e+00, 1.188e+05, 0.000e+00, 6.554e-04, 0.000e+00, 2.159e+00, 9.984e+02, 2.814e-07
3.050e-01, 5.000e-01, -1.045e+00, 1.187e+05, 0.000e+00, 5.922e-04, 0.000e+00, 2.158e+00, 9.984e+02, 2.542e-07
3.050e-01, 5.000e-01, -1.035e+00, 1.186e+05, 0.000e+00, 5.294e-04, 0.000e+00, 2.156e+00, 9.984e+02, 2.273e-07
3.050e-01, 5.000e-01, -1.025e+00, 1.185e+05, 0.000e+00, 4.730e-04, 0.000e+00, 2.154e+00, 9.983e+02, 2.030e-07
3.050e-01, 5.000e-01, -1.015e+00, 1.185e+05, 0.000e+00, 4.212e-04, 0.000e+00, 2.152e+00, 9.983e+02, 1.808e-07
3.050e-01, 5.000e-01, -1.005e+00, 1.184e+05, 0.000e+00, 3.691e-04, 0.000e+00, 2.150e+00, 9.983e+02, 1.585e-07
3.050e-01, 5.000e-01, -9.950e-01, 1.183e+05, 0.000e+00, 3.116e-04, 0.000e+00, 2.149e+00, 9.983e+02, 1.337e-07
3.050e-01, 5.000e-01, -9.850e-01, 1.182e+05, 0.000e+00, 2.476e-04, 0.000e+00, 2.147e+00, 9.983e+02, 1.063e-07
3.050e-01, 5.000e-01, -9.750e-01, 1.181e+05, 0.000e+00, 1.829e-04, 0.000e+00, 2.145e+00, 9.983e+02, 7.853e-08
3.050e-01, 5.000e-01, -9.650e-01, 1.180e+05, 0.000e+00, 1.228e-04, 0.000e+00, 2.143e+00, 9.983e+02, 5.269e-08
3.050e-01, 5.000e-01, -9.550e-01, 1.179e+05, 0.000e+00, 7.224e-05, 0.000e+00, 2.141e+00, 9.983e+02, 3.101e-08
3.050e-01, 5.000e-01, -9.450e-01, 1.178e+05, 0.000e+00, 3.551e-05, 0.000e+00, 2.140e+00, 9.983e+02, 1.524e-08
3.050e-01, 5.000e-01, -9.350e-01, 1.177e+05, 0.000e+00, 1.375e-05, 0.000e+00, 2.138e+00, 9.983e+02, 5.902e-09
3.050e-01, 5.000e-01, -9.250e-01, 1.176e+05, 0.000e+00, 4.051e-06, 0.000e+00, 2.136e+00, 9.983e+02, 1.739e-09
3.050e-01, 5.000e-01, -9.150e-01, 1.175e+05, 0.000e+00, 9.969e-07, 0.000e+00, 2.134e+00, 9.983e+02, 4.279e-10
3.050e-01, 5.000e-01, -9.050e-01, 1.189e+05, 0.000e+00, 2.752e-07, 0.000e+00, 2.160e+00, 9.983e+02, 1.204e-10
3.050e-01, 5.000e-01, -8.950e-01, 1.188e+05, 0.000e+00, 1.110e-07, 0.000e+00, 2.158e+00, 9.983e+02, 4.876e-11
3.050e-01, 5.000e-01, -8.850e-01, 1.187e+05, 0.000e+00, 1.256e-07, 0.000e+00, 2.156e+00, 9.983e+02, 5.518e-11
3.050e-01, 5.000e-01, -8.750e-01, 1.186e+05, 0.000e+00, 3.025e-07, 0.000e+00, 2.154e+00, 9.983e+02, 1.329e-10
3.050e-01, 5.000e-01, -8.650e-01, 1.185e+05, 0.000e+00, 8.326e-07, 0.000e+00, 2.153e+00, 9.983e+02, 3.657e-10
3.050e-01, 5.000e-01, -8.550e-01, 1.184e+05, 0.000e+00, 2.260e-06, 0.000e+00, 2.151e+00, 9.983e+02, 9.925e-10
3.050e-01, 5.000e-01, -8.450e-01, 1.183e+05, 0.000e+00, 5.861e-06, 0.000e+00, 2.149e+00, 9.983e+02, 2.575e-09
3.050e-01, 5.000e-01, -8.350e-01, 1.182e+05, 0.000e+00, 1.427e-05, 0.000e+00, 2.147e+00, 9.983e+02, 6.266e-09
3.050e-01, 5.000e-01, -8.250e-01, 1.181e+05, 0.000e+00, 3.205e-05, 0.000e+00, 2.145e+00, 9.983e+02, 1.408e-08
3.050e-01, 5.000e-01, -8.150e-01, 1.180e+05, 0.000e+00, 6.561e-05, 0.000e+00, 2.144e+00, 9.983e+02, 2.882e-08
3.050e-01, 5.000e-01, -8.050e-01, 1.179e+05, 0.000e+00, 1.212e-04, 0.000e+00, 2.142e+00, 9.983e+02, 5.323e-08
3.050e-01, 5.000e-01, -7.950e-01, 1.178e+05, 0.000e+00, 2.010e-04, 0.000e+00, 2.140e+00, 9.983e+02, 8.828e-08
3.050e-01, 5.000e-01, -7.850e-01, 1.177e+05, 0.000e+00, 2.997e-04, 0.000e+00, 2.138e+00, 9.983e+02, 1.317e-07
3.050e-01, 5.000e-01, -7.750e-01, 1.176e+05, 0.000e+00, 4.044e-04, 0.000e+00, 2.136e+00, 9.983e+02, 1.776e-07
3.050e-01, 5.000e-01, -7.650e-01, 1.175e+05, 0.000e+00, 4.983e-04, 0.000e+00, 2.135e+00, 9.984e+02, 2.189e-07
3.050e-01, 5.000e-01, -7.550e-01, 1.174e+05, 0.000e+00, 5.668e-04, 0.000e+00, 2.133e+00, 9.984e+02, 2.490e-07
3.050e-01, 5.000e-01, -7.450e-01, 1.173e+05, 0.000e+00, 6.005e-04, 0.000e+00, 2.131e+00, 9.984e+02, 2.666e-07
3.050e-01, 5.000e-01, -7.350e-01, 1.157e+05, 0.000e+00, 6.009e-04, 0.000e+00, 2.102e+00, 9.984e+02, 2.700e-07
3.050e-01, 5.000e-01, -7.250e-01, 1.156e+05, 0.000e+00, 5.821e-04, 0.000e+00, 2.101e+00, 9.984e+02, 2.615e-07
3.050e-01, 5.000e-01, -7.150e-01, 1.155e+05, 0.000e+00, 5.555e-04, 0.000e+00, 2.099e+00, 9.984e+02, 2.496e-07
3.050e-01, 5.000e-01, -7.050e-01, 1.154e+05, 0.000e+00, 5.316e-04, 0.000e+00, 2.097e+00, 9.984e+02, 2.388e-07
3.050e-01, 5.000e-01, -6.950e-01, 1.153e+05, 0.000e+00, 5.140e-04, 0.000e+00, 2.095e+00, 9.984e+02, 2.309e-07
3.050e-01, 5.000e-01, -6.850e-01, 1.152e+05, 0.000e+00, 5.019e-04, 0.000e+00, 2.093e+00, 9.984e+02, 2.255e-07
3.050e-01, 5.000e-01, -6.750e-01, 1.151e+05, 0.000e+00, 4.933e-04, 0.000e+00, 2.092e+00, 9.984e+02, 2.216e-07
3.050e-01, 5.000e-01, -6.650e-01, 1.150e+05, 0.000e+00, 4.854e-04, 0.000e+00, 2.090e+00, 9.984e+02, 2.181e-07
3.050e-01, 5.000e-01, -6.550e-01, 1.149e+05, 0.000e+00, 4.759e-04, 0.000e+00, 2.088e+00, 9.983e+02, 2.138e-07
3.050e-01, 5.000e-01, -6.450e-01, 1.148e+05, 0.000e+00, 4.629e-04, 0.000e+00, 2.086e+00, 9.983e+02, 2.079e-07
3.050e-01, 5.000e-01, -6.350e-01, 1.147e+05, 0.000e+00, 4.451e-04, 0.000e+00, 2.084e+00, 9.983e+02, 2.000e-07
3.050e-01, 5.000e-01, -6.250e-01, 1.146e+05, 0.000e+00, 4.219e-04, 0.000e+00, 2.083e+00, 9.983e+02, 1.896e-07
3.050e-01, 5.000e-01, -6.150e-01, 1.145e+05, 0.000e+00, 3.931e-04, 0.000e+00, 2.081e+00, 9.983e+02, 1.766e-07
3.050e-01, 5.000e-01, -6.050e-01, 1.144e+05, 0.000e+00, 3.579e-04, 0.000e+00, 2.079e+00, 9.983e+02, 1.608e-07
3.050e-01, 5.000e-01, -5.950e-01, 1.144e+05, 0.000e+00, 3.145e-04, 0.000e+00, 2.079e+00, 9.983e+02, 1.383e-07
3.050e-01, 5.000e-01, -5.850e-01, 1.143e+05, 0.000e+00, 2.706e-04, 0.000e+00, 2.077e+00, 9.983e+02, 1.188e-07
3.050e-01, 5.000e-01, -5.750e-01, 1.142e+05, 0.000e+00, 2.308e-04, 0.000e+00, 2.075e+00, 9.983e+02, 1.014e-07
3.050e-01, 5.000e-01, -5.650e-01, 1.141e+05, 0.000e+00, 1.969e-04, 0.000e+00, 2.073e+00, 9.983e+02, 8.650e-08
3.050e-01, 5.000e-01, -5.550e-01, 1.140e+05, 0.000e+00, 1.707e-04, 0.000e+00, 2.071e+00, 9.983e+02, 7.497e-08
3.050e-01, 5.000e-01, -5.450e-01, 1.139e+05, 0.000e+00, 1.554e-04, 0.000e+00, 2.070e+00, 9.983e+02, 6.827e-08
3.050e-01, 5.000e-01, -5.350e-01, 1.138e+05, 0.000e+00, 1.577e-04, 0.000e+00, 2.068e+00, 9.983e+02, 6.926e-08
3.050e-01, 5.000e-01, -5.250e-01, 1.137e+05, 0.000e+00, 1.871e-04, 0.000e+00, 2.066e+00, 9.983e+02, 8.219e-08
3.050e-01, 5.000e-01, -5.150e-01, 1.136e+05, 0.000e+00, 2.513e-04, 0.000e+00, 2.064e+00, 9.983e+02, 1.104e-07
3.050e-01, 5.000e-01, -5.050e-01, 1.137e+05, 0.000e+00, 3.245e-04, 0.000e+00, 2.066e+00, 9.983e+02, 1.395e-07
3.050e-01, 5.000e-01, -4.950e-01, 1.136e+05, 0.000e+00, 3.612e-04, 0.000e+00, 2.064e+00, 9.983e+02, 1.550e-07
3.050e-01, 5.000e-01, -4.850e-01, 1.135e+05, 0.000e+00, 3.677e-04, 0.000e+00, 2.063e+00, 9.983e+02, 1.579e-07
3.050e-01, 5.000e-01, -4.750e-01, 1.135e+05, 0.000e+00, 3.579e-04, 0.000e+00, 2.061e+00, 9.983e+02, 1.536e-07
3.050e-01, 5.000e-01, -4.650e-01, 1.134e+05, 0.000e+00, 3.409e-04, 0.000e+00, 2.059e+00, 9.983e+02, 1.463e-07
3.050e-01, 5.000e-01, -4.550e-01, 1.130e+05, 0.000e+00, 3.218e-04, 0.000e+00, 2.052e+00, 9.983e+02, 1.381e-07
3.050e-01, 5.000e-01, -4.450e-01, 1.129e+05, 0.000e+00, 3.096e-04, 0.000e+00, 2.050e+00, 9.983e+02, 1.329e-07
3.050e-01, 5.000e-01, -4.350e-01, 1.128e+05, 0.000e+00, 3.083e-04, 0.000e+00, 2.048e+00, 9.983e+02, 1.323e-07
3.050e-01, 5.000e-01, -4.250e-01, 1.127e+05, 0.000e+00, 3.155e-04, 0.000e+00, 2.047e+00, 9.983e+02, 1.355e-07
3.050e-01, 5.000e-01, -4.150e-01, 1.126e+05, 0.000e+00, 3.258e-04, 0.000e+00, 2.045e+00, 9.983e+02, 1.399e-07
3.050e-01, 5.000e-01, -4.050e-01, 1.125e+05, 0.000e+00, 3.326e-04, 0.000e+00, 2.043e+00, 9.983e+02, 1.428e-07
3.050e-01, 5.000e-01, -3.950e-01, 1.124e+05, 0.000e+00, 3.321e-04, 0.000e+00, 2.041e+00, 9.983e+02, 1.426e-07
3.050e-01, 5.000e-01, -3.850e-01, 1.123e+05, 0.000e+00, 3.235e-04, 0.000e+00, 2.039e+00, 9.983e+02, 1.389e-07
3.050e-01, 5.000e-01, -3.750e-01, 1.122e+05, 0.000e+00, 3.071e-04, 0.000e+00, 2.038e+00, 9.983e+02, 1.318e-07
3.050e-01, 5.000e-01, -3.650e-01, 1.121e+05, 0.000e+00, 2.833e-04, 0.000e+00, 2.036e+00, 9.983e+02, 1.216e-07
3.050e-01, 5.000e-01, -3.550e-01, 1.120e+05, 0.000e+00, 2.515e-04, 0.000e+00, 2.034e+00, 9.983e+02, 1.080e-07
3.050e-01, 5.000e-01, -3.450e-01, 1.119e+05, 0.000e+00, 2.104e-04, 0.000e+00, 2.033e+00, 9.983e+02, 9.418e-08
3.050e-01, 5.000e-01, -3.350e-01, 1.118e+05, 0.000e+00, 1.775e-04, 0.000e+00, 2.031e+00, 9.983e+02, 7.973e-08
3.050e-01, 5.000e-01, -3.250e-01, 1.117e+05, 0.000e+00, 1.558e-04, 0.000e+00, 2.029e+00, 9.983e+02, 6.997e-08
3.050e-01, 5.000e-01, -3.150e-01, 1.116e+05, 0.000e+00, 1.411e-04, 0.000e+00, 2.027e+00, 9.983e+02, 6.340e-08
3.050e-01, 5.000e-01, -3.050e-01, 1.115e+05, 0.000e+00, 1.267e-04, 0.000e+00, 2.025e+00, 9.983e+02, 5.694e-08
3.050e-01, 5.000e-01, -2.950e-01, 1.114e+05, 0.000e+00, 1.126e-04, 0.000e+00, 2.024e+00, 9.983e+02, 5.060e-08
3.050e-01, 5.000e-01, -2.850e-01, 1.113e+05, 0.000e+00, 9.871e-05, 0.000e+00, 2.022e+00, 9.983e+02, 4.434e-08
3.050e-01, 5.000e-01, -2.750e-01, 1.112e+05, 0.000e+00, 8.613e-05, 0.000e+00, 2.020e+00, 9.983e+02, 3.869e-08
3.050e-01, 5.000e-01, -2.650e-01, 1.112e+05, 0.000e+00, 7.782e-05, 0.000e+00, 2.020e+00, 9.983e+02, 3.431e-08
3.050e-01, 5.000e-01, -2.550e-01, 1.111e+05, 0.000e+00, 7.191e-05, 0.000e+00, 2.018e+00, 9.983e+02, 3.158e-08
3.050e-01, 5.000e-01, -2.450e-01, 1.110e+05, 0.000e+00, 6.948e-05, 0.000e+00, 2.016e+00, 9.983e+02, 3.052e-08
3.050e-01, 5.000e-01, -2.350e-01, 1.109e+05, 0.000e+00, 7.221e-05, 0.000e+00, 2.014e+00, 9.983e+02, 3.172e-08
3.050e-01, 5.000e-01, -2.250e-01, 1.108e+05, 0.000e+00, 8.092e-05, 0.000e+00, 2.012e+00, 9.983e+02, 3.554e-08
3.050e-01, 5.000e-01, -2.150e-01, 1.107e+05, 0.000e+00, 9.332e-05, 0.000e+00, 2.011e+00, 9.983e+02, 4.099e-08
3.050e-01, 5.000e-01, -2.050e-01, 1.106e+05, 0.000e+00, 1.027e-04, 0.000e+00, 2.009e+00, 9.983e+02, 4.511e-08
3.050e-01, 5.000e-01, -1.950e-01, 1.105e+05, 0.000e+00, 1.028e-04, 0.000e+00, 2.007e+00, 9.983e+02, 4.488e-08
3.050e-01, 5.000e-01, -1.850e-01, 1.106e+05, 0.000e+00, 9.138e-05, 0.000e+00, 2.009e+00, 9.983e+02, 3.922e-08
3.050e-01, 5.000e-01, -1.750e-01, 1.105e+05, 0.000e+00, 6.916e-05, 0.000e+00, 2.007e+00, 9.983e+02, 2.969e-08
3.050e-01, 5.000e-01, -1.650e-01, 1.104e+05, 0.000e+00, 4.643e-05, 0.000e+00, 2.005e+00, 9.983e+02, 1.993e-08
3.050e-01, 5.000e-01, -1.550e-01, 1.103e+05, 0.000e+00, 2.899e-05, 0.000e+00, 2.004e+00, 9.983e+02, 1.244e-08
3.050e-01, 5.000e-01, -1.450e-01, 1.102e+05, 0.000e+00, 1.837e-05, 0.000e+00, 2.002e+00, 9.983e+02, 7.887e-09
3.050e-01, 5.000e-01, -1.350e-01, 1.113e+05, 0.000e+00, 1.399e-05, 0.000e+00, 2.022e+00, 9.983e+02, 6.077e-09
3.050e-01, 5.000e-01, -1.250e-01, 1.112e+05, 0.000e+00, 1.072e-05, 0.000e+00, 2.020e+00, 9.983e+02, 4.708e-09
3.050e-01, 5.000e-01, -1.150e-01, 1.111e+05, 0.000e+00, 7.595e-06, 0.000e+00, 2.018e+00, 9.983e+02, 3.336e-09
3.050e-01, 5.000e-01, -1.050e-01, 1.110e+05, 0.000e+00, 4.911e-06, 0.000e+00, 2.017e+00, 9.983e+02, 2.157e-09
3.050e-01, 5.000e-01, -9.500e-02, 1.109e+05, 0.000e+00, 2.897e-06, 0.000e+00, 2.015e+00, 9.983e+02, 1.272e-09
3.050e-01, 5.000e-01, -8.500e-02, 1.108e+05, 0.000e+00, 1.565e-06, 0.000e+00, 2.013e+00, 9.983e+02, 6.875e-10
3.050e-01, 5.000e-01, -7.500e-02, 1.107e+05, 0.000e+00, 7.795e-07, 0.000e+00, 2.011e+00, 9.983e+02, 3.424e-10
3.050e-01, 5.000e-01, -6.500e-02, 1.106e+05, 0.000e+00, 3.598e-07, 0.000e+00, 2.009e+00, 9.983e+02, 1.580e-10
3.050e-01, 5.000e-01, -5.500e-02, 1.105e+05, 0.000e+00, 1.547e-07, 0.000e+00, 2.008e+00, 9.983e+02, 6.796e-11
3.050e-01, 5.000e-01, -4.500e-02, 1.104e+05, 0.000e+00, 6.231e-08, 0.000e+00, 2.006e+00, 9.983e+02, 2.737e-11
3.050e-01, 5.000e-01, -3.500e-02, 1.103e+05, 0.000e+00, 2.360e-08, 0.000e+00, 2.004e+00, 9.983e+02, 1.036e-11
3.050e-01, 5.000e-01, -2.500e-02, 1.102e+05, 0.000e+00, 8.455e-09, 0.000e+00, 2.002e+00, 9.983e+02, 3.714e-12
3.050e-01, 5.000e-01, -1.500e-02, 1.101e+05, 0.000e+00, 2.933e-09, 0.000e+00, 2.000e+00, 9.983e+02, 1.288e-12
3.050e-01, 5.000e-01, -5.000e-03, 1.100e+05, 0.000e+00, 1.140e-09, 0.000e+00, 1.999e+00, 9.983e+02, 5.006e-13
3.150e-01, 5.000e-01, -1.195e+00, 1.202e+05, 0.000e+00, 1.002e-13, 0.000e+00, 2.184e+00, 9.983e+02, 2.000e-17
3.150e-01, 5.000e-01, -1.185e+00, 1.201e+05, 0.000e+00, 1.002e-13, 0.000e+00, 2.182e+00, 9.983e+02, 2.000e-17
3.150e-01, 5.000e-01, -1.175e+00, 1.200e+05, 0.000e+00, 1.002e-13, 0.000e+00, 2.181e+00, 9.983e+02, 2.000e-17
3.150e-01, 5.000e-01, -1.165e+00, 1.199e+05, 0.000e+00, 1.002e-13, 0.000e+00, 2.179e+00, 9.983e+02, 2.000e-17
3.150e-01, 5.000e-01, -1.155e+00, 1.198e+05, 0.000e+00, 1.002e-13, 0.000e+00, 2.177e+00, 9.983e+02, 2.000e-17
3.150e-01, 5.000e-01, -1.145e+00, 1.197e+05, 0.000e+00, 1.002e-13, 0.000e+00, 2.175e+00, 9.983e+02, 2.000e-17
3.150e-01, 5.000e-01, -1.135e+00, 1.196e+05, 0.000e+00, 4.486e-12, 0.000e+00, 2.173e+00, 9.983e+02, 9.374e-16
3.150e-01, 5.000e-01, -1.125e+00, 1.195e+05, 0.000e+00, 6.912e-04, 0.000e+00, 2.172e+00, 9.984e+02, 2.288e-07
3.150e-01, 5.000e-01, -1.115e+00, 1.194e+05, 0.000e+00, 6.970e-04, 0.000e+00, 2.170e+00, 9.984e+02, 3.144e-07
3.150e-01, 5.000e-01, -1.105e+00, 1.193e+05, 0.000e+00, 7.012e-04, 0.000e+00, 2.168e+00, 9.984e+02, 3.220e-07
3.150e-01, 5.000e-01, -1.095e+00, 1.192e+05, 0.000e+00, 7.041e-04, 0.000e+00, 2.166e+00, 9.984e+02, 3.228e-07
3.150e-01, 5.000e-01, -1.085e+00, 1.191e+05, 0.000e+00, 7.054e-04, 0.000e+00, 2.165e+00, 9.984e+02, 3.196e-07
3.150e-01, 5.000e-01, -1.075e+00, 1.190e+05, 0.000e+00, 7.053e-04, 0.000e+00, 2.163e+00, 9.984e+02, 3.152e-07
3.150e-01, 5.000e-01, -1.065e+00, 1.189e+05, 0.000e+00, 6.968e-04, 0.000e+00, 2.161e+00, 9.984e+02, 3.071e-07
3.150e-01, 5.000e-01, -1.055e+00, 1.188e+05, 0.000e+00, 6.704e-04, 0.000e+00, 2.159e+00, 9.984e+02, 2.913e-07
3.150e-01, 5.000e-01, -1.045e+00, 1.187e+05, 0.000e+00, 5.972e-04, 0.000e+00, 2.158e+00, 9.984e+02, 2.566e-07
3.150e-01, 5.000e-01, -1.035e+00, 1.186e+05, 0.000e+00, 5.298e-04, 0.000e+00, 2.156e+00, 9.984e+02, 2.274e-07
3.150e-01, 5.000e-01, -1.025e+00, 1.185e+05, 0.000e+00, 4.732e-04, 0.000e+00, 2.154e+00, 9.983e+02, 2.031e-07
3.150e-01, 5.000e-01, -1.015e+00, 1.185e+05, 0.000e+00, 4.232e-04, 0.000e+00, 2.152e+00, 9.983e+02, 1.817e-07
3.150e-01, 5.000e-01, -1.005e+00, 1.184e+05, 0.000e+00, 3.744e-04, 0.000e+00, 2.150e+00, 9.983e+02, 1.607e-07
3.150e-01, 5.000e-01, -9.950e-01, 1.183e+05, 0.000e+00, 3.208e-04, 0.000e+00, 2.149e+00, 9.983e+02, 1.377e-07
3.150e-01, 5.000e-01, -9.850e-01, 1.182e+05, 0.000e+00, 2.592e-04, 0.000e+00, 2.147e+00, 9.983e+02, 1.113e-07
3.150e-01, 5.000e-01, -9.750e-01, 1.181e+05, 0.000e+00, 1.950e-04, 0.000e+00, 2.145e+00, 9.983e+02, 8.372e-08
3.150e-01, 5.000e-01, -9.650e-01, 1.180e+05, 0.000e+00, 1.330e-04, 0.000e+00, 2.143e+00, 9.983e+02, 5.711e-08
3.150e-01, 5.000e-01, -9.550e-01, 1.179e+05, 0.000e+00, 7.913e-05, 0.000e+00, 2.141e+00, 9.983e+02, 3.397e-08
3.150e-01, 5.000e-01, -9.450e-01, 1.178e+05, 0.000e+00, 3.858e-05, 0.000e+00, 2.140e+00, 9.983e+02, 1.656e-08
3.150e-01, 5.000e-01, -9.350e-01, 1.177e+05, 0.000e+00, 1.397e-05, 0.000e+00, 2.138e+00, 9.983e+02, 5.996e-09
3.150e-01, 5.000e-01, -9.250e-01, 1.176e+05, 0.000e+00, 3.825e-06, 0.000e+00, 2.136e+00, 9.983e+02, 1.642e-09
3.150e-01, 5.000e-01, -9.150e-01, 1.175e+05, 0.000e+00, 9.924e-07, 0.000e+00, 2.134e+00, 9.983e+02, 4.260e-10
3.150e-01, 5.000e-01, -9.050e-01, 1.189e+05, 0.000e+00, 3.183e-07, 0.000e+00, 2.160e+00, 9.983e+02, 1.397e-10
3.150e-01, 5.000e-01, -8.950e-01, 1.188e+05, 0.000e+00, 1.711e-07, 0.000e+00, 2.158e+00, 9.983e+02, 7.517e-11
3.150e-01, 5.000e-01, -8.850e-01, 1.187e+05, 0.000e+00, 2.299e-07, 0.000e+00, 2.156e+00, 9.983e+02, 1.010e-10
3.150e-01, 5.000e-01, -8.750e-01, 1.186e+05, 0.000e+00, 5.228e-07, 0.000e+00, 2.154e+00, 9.983e+02, 2.296e-10
3.150e-01, 5.000e-01, -8.650e-01, 1.185e+05, 0.000e+00, 1.324e-06, 0.000e+00, 2.153e+00, 9.983e+02, 5.816e-10
3.150e-01, 5.000e-01, -8.550e-01, 1.184e+05, 0.000e+00, 3.333e-06, 0.000e+00, 2.151e+00, 9.983e+02, 1.464e-09
3.150e-01, 5.000e-01, -8.450e-01, 1.183e+05, 0.000e+00, 8.116e-06, 0.000e+00, 2.149e+00, 9.983e+02, 3.565e-09
3.150e-01, 5.000e-01, -8.350e-01, 1.182e+05, 0.000e+00, 1.880e-05, 0.000e+00, 2.147e+00, 9.983e+02, 8.259e-09
3.150e-01, 5.000e-01, -8.250e-01, 1.181e+05, 0.000e+00, 4.069e-05, 0.000e+00, 2.145e+00, 9.983e+02, 1.787e-08
3.150e-01, 5.000e-01, -8.150e-01, 1.180e+05, 0.000e+00, 8.072e-05, 0.000e+00, 2.144e+00, 9.983e+02, 3.545e-08
3.150e-01, 5.000e-01, -8.050e-01, 1.179e+05, 0.000e+00, 1.447e-04, 0.000e+00, 2.142e+00, 9.983e+02, 6.355e-08
3.150e-01, 5.000e-01, -7.950e-01, 1.178e+05, 0.000e+00, 2.326e-04, 0.000e+00, 2.140e+00, 9.983e+02, 1.022e-07
3.150e-01, 5.000e-01, -7.850e-01, 1.177e+05, 0.000e+00, 3.356e-04, 0.000e+00, 2.138e+00, 9.983e+02, 1.474e-07
3.150e-01, 5.000e-01, -7.750e-01, 1.176e+05, 0.000e+00, 4.385e-04, 0.000e+00, 2.136e+00, 9.983e+02, 1.926e-07
3.150e-01, 5.000e-01, -7.650e-01, 1.175e+05, 0.000e+00, 5.247e-04, 0.000e+00, 2.135e+00, 9.984e+02, 2.305e-07
3.150e-01, 5.000e-01, -7.550e-01, 1.174e+05, 0.000e+00, 5.823e-04, 0.000e+00, 2.133e+00, 9.984e+02, 2.558e-07
3.150e-01, 5.000e-01, -7.450e-01, 1.173e+05, 0.000e+00, 6.064e-04, 0.000e+00, 2.131e+00, 9.984e+02, 2.691e-07
3.150e-01, 5.000e-01, -7.350e-01, 1.157e+05, 0.000e+00, 6.012e-04, 0.000e+00, 2.102e+00, 9.984e+02, 2.701e-07
3.150e-01, 5.000e-01, -7.250e-01, 1.156e+05, 0.000e+00, 5.796e-04, 0.000e+00, 2.101e+00, 9.984e+02, 2.604e-07
3.150e-01, 5.000e-01, -7.150e-01, 1.155e+05, 0.000e+00, 5.522e-04, 0.000e+00, 2.099e+00, 9.984e+02, 2.481e-07
3.150e-01, 5.000e-01, -7.050e-01, 1.154e+05, 0.000e+00, 5.287e-04, 0.000e+00, 2.097e+00, 9.984e+02, 2.375e-07
3.150e-01, 5.000e-01, -6.950e-01, 1.153e+05, 0.000e+00, 5.119e-04, 0.000e+00, 2.095e+00, 9.984e+02, 2.300e-07
3.150e-01, 5.000e-01, -6.850e-01, 1.152e+05, 0.000e+00, 5.004e-04, 0.000e+00, 2.093e+00, 9.984e+02, 2.248e-07
3.150e-01, 5.000e-01, -6.750e-01, 1.151e+05, 0.000e+00, 4.916e-04, 0.000e+00, 2.092e+00, 9.984e+02, 2.208e-07
3.150e-01, 5.000e-01, -6.650e-01, 1.150e+05, 0.000e+00, 4.827e-04, 0.000e+00, 2.090e+00, 9.983e+02, 2.169e-07
3.150e-01, 5.000e-01, -6.550e-01, 1.149e+05, 0.000e+00, 4.718e-04, 0.000e+00, 2.088e+00, 9.983e+02, 2.119e-07
3.150e-01, 5.000e-01, -6.450e-01, 1.148e+05, 0.000e+00, 4.570e-04, 0.000e+00, 2.086e+00, 9.983e+02, 2.053e-07
3.150e-01, 5.000e-01, -6.350e-01, 1.147e+05, 0.000e+00, 4.375e-04, 0.000e+00, 2.084e+00, 9.983e+02, 1.966e-07
3.150e-01, 5.000e-01, -6.250e-01, 1.146e+05, 0.000e+00, 4.126e-04, 0.000e+00, 2.083e+00, 9.983e+02, 1.854e-07
3.150e-01, 5.000e-01, -6.150e-01, 1.145e+05, 0.000e+00, 3.817e-04, 0.000e+00, 2.081e+00, 9.983e+02, 1.715e-07
3.150e-01, 5.000e-01, -6.050e-01, 1.144e+05, 0.000e+00, 3.435e-04, 0.000e+00, 2.079e+00, 9.983e+02, 1.542e-07
3.150e-01, 5.000e-01, -5.950e-01, 1.144e+05, 0.000e+00, 3.013e-04, 0.000e+00, 2.079e+00, 9.983e+02, 1.324e-07
3.150e-01, 5.000e-01, -5.850e-01, 1.143e+05, 0.000e+00, 2.601e-04, 0.000e+00, 2.077e+00, 9.983e+02, 1.142e-07
3.150e-01, 5.000e-01, -5.750e-01, 1.142e+05, 0.000e+00, 2.226e-04, 0.000e+00, 2.075e+00, 9.983e+02, 9.778e-08
3.150e-01, 5.000e-01, -5.650e-01, 1.141e+05, 0.000e+00, 1.904e-04, 0.000e+00, 2.073e+00, 9.983e+02, 8.362e-08
3.150e-01, 5.000e-01, -5.550e-01, 1.140e+05, 0.000e+00, 1.649e-04, 0.000e+00, 2.071e+00, 9.983e+02, 7.243e-08
3.150e-01, 5.000e-01, -5.450e-01, 1.139e+05, 0.000e+00, 1.494e-04, 0.000e+00, 2.070e+00, 9.983e+02, 6.562e-08
3.150e-01, 5.000e-01, -5.350e-01, 1.138e+05, 0.000e+00, 1.499e-04, 0.000e+00, 2.068e+00, 9.983e+02, 6.585e-08
3.150e-01, 5.000e-01, -5.250e-01, 1.137e+05, 0.000e+00, 1.759e-04, 0.000e+00, 2.066e+00, 9.983e+02, 7.728e-08
3.150e-01, 5.000e-01, -5.150e-01, 1.136e+05, 0.000e+00, 2.368e-04, 0.000e+00, 2.064e+00, 9.983e+02, 1.037e-07
3.150e-01, 5.000e-01, -5.050e-01, 1.137e+05, 0.000e+00, 3.131e-04, 0.000e+00, 2.066e+00, 9.983e+02, 1.344e-07
3.150e-01, 5.000e-01, -4.950e-01, 1.136e+05, 0.000e+00, 3.564e-04, 0.000e+00, 2.064e+00, 9.983e+02, 1.530e-07
3.150e-01, 5.000e-01, -4.850e-01, 1.135e+05, 0.000e+00, 3.660e-04, 0.000e+00, 2.063e+00, 9.983e+02, 1.571e-07
3.150e-01, 5.000e-01, -4.750e-01, 1.135e+05, 0.000e+00, 3.566e-04, 0.000e+00, 2.061e+00, 9.983e+02, 1.531e-07
3.150e-01, 5.000e-01, -4.650e-01, 1.134e+05, 0.000e+00, 3.387e-04, 0.000e+00, 2.059e+00, 9.983e+02, 1.454e-07
3.150e-01, 5.000e-01, -4.550e-01, 1.130e+05, 0.000e+00, 3.188e-04, 0.000e+00, 2.052e+00, 9.983e+02, 1.368e-07
3.150e-01, 5.000e-01, -4.450e-01, 1.129e+05, 0.000e+00, 3.070e-04, 0.000e+00, 2.050e+00, 9.983e+02, 1.318e-07
3.150e-01, 5.000e-01, -4.350e-01, 1.128e+05, 0.000e+00, 3.069e-04, 0.000e+00, 2.048e+00, 9.983e+02, 1.317e-07
3.150e-01, 5.000e-01, -4.250e-01, 1.127e+05, 0.000e+00, 3.156e-04, 0.000e+00, 2.047e+00, 9.983e+02, 1.355e-07
3.150e-01, 5.000e-01, -4.150e-01, 1.126e+05, 0.000e+00, 3.270e-04, 0.000e+00, 2.045e+00, 9.983e+02, 1.404e-07
3.150e-01, 5.000e-01, -4.050e-01, 1.125e+05, 0.000e+00, 3.346e-04, 0.000e+00, 2.043e+00, 9.983e+02, 1.436e-07
3.150e-01, 5.000e-01, -3.950e-01, 1.124e+05, 0.000e+00, 3.347e-04, 0.000e+00, 2.041e+00, 9.983e+02, 1.437e-07
3.150e-01, 5.000e-01, -3.850e-01, 1.123e+05, 0.000e+00, 3.270e-04, 0.000e+00, 2.039e+00, 9.983e+02, 1.404e-07
3.150e-01, 5.000e-01, -3.750e-01, 1.122e+05, 0.000e+00, 3.121e-04, 0.000e+00, 2.038e+00, 9.983e+02, 1.340e-07
3.150e-01, 5.000e-01, -3.650e-01, 1.121e+05, 0.000e+00, 2.897e-04, 0.000e+00, 2.036e+00, 9.983e+02, 1.243e-07
3.150e-01, 5.000e-01, -3.550e-01, 1.120e+05, 0.000e+00, 2.588e-04, 0.000e+00, 2.034e+00, 9.983e+02, 1.111e-07
3.150e-01, 5.000e-01, -3.450e-01, 1.119e+05, 0.000e+00, 2.186e-04, 0.000e+00, 2.033e+00, 9.983e+02, 9.768e-08
3.150e-01, 5.000e-01, -3.350e-01, 1.118e+05, 0.000e+00, 1.869e-04, 0.000e+00, 2.031e+00, 9.983e+02, 8.398e-08
3.150e-01, 5.000e-01, -3.250e-01, 1.117e+05, 0.000e+00, 1.679e-04, 0.000e+00, 2.029e+00, 9.983e+02, 7.542e-08
3.150e-01, 5.000e-01, -3.150e-01, 1.116e+05, 0.000e+00, 1.574e-04, 0.000e+00, 2.027e+00, 9.983e+02, 7.069e-08
3.150e-01, 5.000e-01, -3.050e-01, 1.115e+05, 0.000e+00, 1.455e-04, 0.000e+00, 2.025e+00, 9.983e+02, 6.536e-08
3.150e-01, 5.000e-01, -2.950e-01, 1.114e+05, 0.000e+00, 1.299e-04, 0.000e+00, 2.024e+00, 9.983e+02, 5.837e-08
3.150e-01, 5.000e-01, -2.850e-01, 1.113e+05, 0.000e+00, 1.137e-04, 0.000e+00, 2.022e+00, 9.983e+02, 5.106e-08
3.150e-01, 5.000e-01, -2.750e-01, 1.112e+05, 0.000e+00, 9.935e-05, 0.000e+00, 2.020e+00, 9.983e+02, 4.463e-08
3.150e-01, 5.000e-01, -2.650e-01, 1.112e+05, 0.000e+00, 9.202e-05, 0.000e+00, 2.020e+00, 9.983e+02, 4.064e-08
3.150e-01, 5.000e-01, -2.550e-01, 1.111e+05, 0.000e+00, 8.681e-05, 0.000e+00, 2.018e+00, 9.983e+02, 3.813e-08
3.150e-01, 5.000e-01, -2.450e-01, 1.110e+05, 0.000e+00, 8.332e-05, 0.000e+00, 2.016e+00, 9.983e+02, 3.660e-08
3.150e-01, 5.000e-01, -2.350e-01, 1.109e+05, 0.000e+00, 8.374e-05, 0.000e+00, 2.014e+00, 9.983e+02, 3.678e-08
3.150e-01, 5.000e-01, -2.250e-01, 1.108e+05, 0.000e+00, 8.993e-05, 0.000e+00, 2.012e+00, 9.983e+02, 3.950e-08
3.150e-01, 5.000e-01, -2.150e-01, 1.107e+05, 0.000e+00, 1.008e-04, 0.000e+00, 2.011e+00, 9.983e+02, 4.427e-08
3.150e-01, 5.000e-01, -2.050e-01, 1.106e+05, 0.000e+00, 1.104e-04, 0.000e+00, 2.009e+00, 9.983e+02, 4.850e-08
3.150e-01, 5.000e-01, -1.950e-01, 1.105e+05, 0.000e+00, 1.115e-04, 0.000e+00, 2.007e+00, 9.983e+02, 4.877e-08
3.150e-01, 5.000e-01, -1.850e-01, 1.106e+05, 0.000e+00, 1.004e-04, 0.000e+00, 2.009e+00, 9.983e+02, 4.309e-08
3.150e-01, 5.000e-01, -1.750e-01, 1.105e+05, 0.000e+00, 7.697e-05, 0.000e+00, 2.007e+00, 9.983e+02, 3.304e-08
3.150e-01, 5.000e-01, -1.650e-01, 1.104e+05, 0.000e+00, 5.257e-05, 0.000e+00, 2.005e+00, 9.983e+02, 2.256e-08
3.150e-01, 5.000e-01, -1.550e-01, 1.103e+05, 0.000e+00, 3.370e-05, 0.000e+00, 2.004e+00, 9.983e+02, 1.447e-08
3.150e-01, 5.000e-01, -1.450e-01, 1.102e+05, 0.000e+00, 2.224e-05, 0.000e+00, 2.002e+00, 9.983e+02, 9.547e-09
3.150e-01, 5.000e-01, -1.350e-01, 1.101e+05, 0.000e+00, 1.766e-05, 0.000e+00, 2.000e+00, 9.983e+02, 7.662e-09
3.150e-01, 5.000e-01, -1.250e-01, 1.112e+05, 0.000e+00, 1.405e-05, 0.000e+00, 2.020e+00, 9.983e+02, 6.171e-09
3.150e-01, 5.000e-01, -1.150e-01, 1.111e+05, 0.000e+00, 1.016e-05, 0.000e+00, 2.018e+00, 9.983e+02, 4.463e-09
3.150e-01, 5.000e-01, -1.050e-01, 1.110e+05, 0.000e+00, 6.634e-06, 0.000e+00, 2.017e+00, 9.983e+02, 2.914e-09
3.150e-01, 5.000e-01, -9.500e-02, 1.109e+05, 0.000e+00, 3.929e-06, 0.000e+00, 2.015e+00, 9.983e+02, 1.726e-09
3.150e-01, 5.000e-01, -8.500e-02, 1.108e+05, 0.000e+00, 2.125e-06, 0.000e+00, 2.013e+00, 9.983e+02, 9.333e-10
3.150e-01, 5.000e-01, -7.500e-02, 1.107e+05, 0.000e+00, 1.057e-06, 0.000e+00, 2.011e+00, 9.983e+02, 4.644e-10
3.150e-01, 5.000e-01, -6.500e-02, 1.106e+05, 0.000e+00, 4.871e-07, 0.000e+00, 2.009e+00, 9.983e+02, 2.140e-10
3.150e-01, 5.000e-01, -5.500e-02, 1.105e+05, 0.000e+00, 2.090e-07, 0.000e+00, 2.008e+00, 9.983e+02, 9.182e-11
3.150e-01, 5.000e-01, -4.500e-02, 1.104e+05, 0.000e+00, 8.396e-08, 0.000e+00, 2.006e+00, 9.983e+02, 3.688e-11
3.150e-01, 5.000e-01, -3.500e-02, 1.103e+05, 0.000e+00, 3.171e-08, 0.000e+00, 2.004e+00, 9.983e+02, 1.393e-11
3.150e-01, 5.000e-01, -2.500e-02, 1.102e+05, 0.000e+00, 1.133e-08, 0.000e+00, 2.002e+00, 9.983e+02, 4.977e-12
3.150e-01, 5.000e-01, -1.500e-02, 1.101e+05, 0.000e+00, 3.919e-09, 0.000e+00, 2.000e+00, 9.983e+02, 1.721e-12
3.150e-01, 5.000e-01, -5.000e-03, 1.100e+05, 0.000e+00, 1.517e-09, 0.000e+00, 1.999e+00, 9.983e+02, 6.664e-13
3.250e-01, 5.000e-01, -1.195e+00, 1.202e+05, 0.000e+00, 1.002e-13, 0.000e+00, 2.184e+00, 9.983e+02, 2.000e-17
3.250e-01, 5.000e-01, -1.185e+00, 1.201e+05, 0.000e+00, 1.002e-13, 0.000e+00, 2.182e+00, 9.983e+02, 2.000e-17
3.250e-01, 5.000e-01, -1.175e+00, 1.200e+05, 0.000e+00, 1.002e-13, 0.000e+00, 2.181e+00, 9.983e+02, 2.000e-17
3.250e-01, 5.000e-01, -1.165e+00, 1.199e+05, 0.000e+00, 1.002e-13, 0.000e+00, 2.179e+00, 9.983e+02, 2.000e-17
3.250e-01, 5.000e-01, -1.155e+00, 1.198e+05, 0.000e+00, 1.002e-13, 0.000e+00, 2.177e+00, 9.983e+02, 2.000e-17
3.250e-01, 5.000e-01, -1.145e+00, 1.197e+05, 0.000e+00, 1.002e-13, 0.000e+00, 2.175e+00, 9.983e+02, 2.000e-17
3.250e-01, 5.000e-01, -1.135e+00, 1.196e+05, 0.000e+00, 1.002e-13, 0.000e+00, 2.173e+00, 9.983e+02, 2.000e-17
3.250e-01, 5.000e-01, -1.125e+00, 1.195e+05, 0.000e+00, 2.083e-10, 0.000e+00, 2.172e+00, 9.983e+02, 6.866e-14
3.250e-01, 5.000e-01, -1.115e+00, 1.194e+05, 0.000e+00, 6.821e-10, 0.000e+00, 2.170e+00, 9.983e+02, 2.744e-13
3.250e-01, 5.000e-01, -1.105e+00, 1.193e+05, 0.000e+00, 6.967e-04, 0.000e+00, 2.168e+00, 9.984e+02, 2.662e-07
3.250e-01, 5.000e-01, -1.095e+00, 1.192e+05, 0.000e+00, 7.064e-04, 0.000e+00, 2.166e+00, 9.984e+02, 3.244e-07
3.250e-01, 5.000e-01, -1.085e+00, 1.191e+05, 0.000e+00, 7.109e-04, 0.000e+00, 2.165e+00, 9.984e+02, 3.265e-07
3.250e-01, 5.000e-01, -1.075e+00, 1.190e+05, 0.000e+00, 7.143e-04, 0.000e+00, 2.163e+00, 9.984e+02, 3.281e-07
3.250e-01, 5.000e-01, -1.065e+00, 1.189e+05, 0.000e+00, 7.092e-04, 0.000e+00, 2.161e+00, 9.984e+02, 3.257e-07
3.250e-01, 5.000e-01, -1.055e+00, 1.188e+05, 0.000e+00, 6.867e-04, 0.000e+00, 2.159e+00, 9.984e+02, 3.154e-07
3.250e-01, 5.000e-01, -1.045e+00, 1.187e+05, 0.000e+00, 6.065e-04, 0.000e+00, 2.157e+00, 9.984e+02, 2.777e-07
3.250e-01, 5.000e-01, -1.035e+00, 1.186e+05, 0.000e+00, 5.310e-04, 0.000e+00, 2.156e+00, 9.984e+02, 2.400e-07
3.250e-01, 5.000e-01, -1.025e+00, 1.185e+05, 0.000e+00, 4.737e-04, 0.000e+00, 2.154e+00, 9.983e+02, 2.112e-07
3.250e-01, 5.000e-01, -1.015e+00, 1.185e+05, 0.000e+00, 4.248e-04, 0.000e+00, 2.152e+00, 9.983e+02, 1.867e-07
3.250e-01, 5.000e-01, -1.005e+00, 1.184e+05, 0.000e+00, 3.785e-04, 0.000e+00, 2.150e+00, 9.983e+02, 1.640e-07
3.250e-01, 5.000e-01, -9.950e-01, 1.183e+05, 0.000e+00, 3.293e-04, 0.000e+00, 2.149e+00, 9.983e+02, 1.414e-07
3.250e-01, 5.000e-01, -9.850e-01, 1.182e+05, 0.000e+00, 2.718e-04, 0.000e+00, 2.147e+00, 9.983e+02, 1.167e-07
3.250e-01, 5.000e-01, -9.750e-01, 1.181e+05, 0.000e+00, 2.089e-04, 0.000e+00, 2.145e+00, 9.983e+02, 8.968e-08
3.250e-01, 5.000e-01, -9.650e-01, 1.180e+05, 0.000e+00, 1.454e-04, 0.000e+00, 2.143e+00, 9.983e+02, 6.243e-08
3.250e-01, 5.000e-01, -9.550e-01, 1.179e+05, 0.000e+00, 8.772e-05, 0.000e+00, 2.141e+00, 9.983e+02, 3.766e-08
3.250e-01, 5.000e-01, -9.450e-01, 1.178e+05, 0.000e+00, 4.221e-05, 0.000e+00, 2.140e+00, 9.983e+02, 1.812e-08
3.250e-01, 5.000e-01, -9.350e-01, 1.177e+05, 0.000e+00, 1.342e-05, 0.000e+00, 2.138e+00, 9.983e+02, 5.760e-09
3.250e-01, 5.000e-01, -9.250e-01, 1.176e+05, 0.000e+00, 3.605e-06, 0.000e+00, 2.136e+00, 9.983e+02, 1.548e-09
3.250e-01, 5.000e-01, -9.150e-01, 1.175e+05, 0.000e+00, 1.003e-06, 0.000e+00, 2.134e+00, 9.983e+02, 4.313e-10
3.250e-01, 5.000e-01, -9.050e-01, 1.189e+05, 0.000e+00, 4.322e-07, 0.000e+00, 2.160e+00, 9.983e+02, 1.898e-10
3.250e-01, 5.000e-01, -8.950e-01, 1.188e+05, 0.000e+00, 3.196e-07, 0.000e+00, 2.158e+00, 9.983e+02, 1.404e-10
3.250e-01, 5.000e-01, -8.850e-01, 1.187e+05, 0.000e+00, 4.554e-07, 0.000e+00, 2.156e+00, 9.983e+02, 2.000e-10
3.250e-01, 5.000e-01, -8.750e-01, 1.186e+05, 0.000e+00, 9.593e-07, 0.000e+00, 2.154e+00, 9.983e+02, 4.214e-10
3.250e-01, 5.000e-01, -8.650e-01, 1.185e+05, 0.000e+00, 2.250e-06, 0.000e+00, 2.153e+00, 9.983e+02, 9.881e-10
3.250e-01, 5.000e-01, -8.550e-01, 1.184e+05, 0.000e+00, 5.245e-06, 0.000e+00, 2.151e+00, 9.983e+02, 2.304e-09
3.250e-01, 5.000e-01, -8.450e-01, 1.183e+05, 0.000e+00, 1.184e-05, 0.000e+00, 2.149e+00, 9.983e+02, 5.202e-09
3.250e-01, 5.000e-01, -8.350e-01, 1.182e+05, 0.000e+00, 2.568e-05, 0.000e+00, 2.147e+00, 9.983e+02, 1.128e-08
3.250e-01, 5.000e-01, -8.250e-01, 1.181e+05, 0.000e+00, 5.272e-05, 0.000e+00, 2.145e+00, 9.983e+02, 2.315e-08
3.250e-01, 5.000e-01, -8.150e-01, 1.180e+05, 0.000e+00, 1.003e-04, 0.000e+00, 2.144e+00, 9.983e+02, 4.407e-08
3.250e-01, 5.000e-01, -8.050e-01, 1.179e+05, 0.000e+00, 1.734e-04, 0.000e+00, 2.142e+00, 9.983e+02, 7.617e-08
3.250e-01, 5.000e-01, -7.950e-01, 1.178e+05, 0.000e+00, 2.691e-04, 0.000e+00, 2.140e+00, 9.983e+02, 1.182e-07
3.250e-01, 5.000e-01, -7.850e-01, 1.177e+05, 0.000e+00, 3.750e-04, 0.000e+00, 2.138e+00, 9.983e+02, 1.647e-07
3.250e-01, 5.000e-01, -7.750e-01, 1.176e+05, 0.000e+00, 4.739e-04, 0.000e+00, 2.136e+00, 9.983e+02, 2.082e-07
3.250e-01, 5.000e-01, -7.650e-01, 1.175e+05, 0.000e+00, 5.505e-04, 0.000e+00, 2.135e+00, 9.984e+02, 2.418e-07
3.250e-01, 5.000e-01, -7.550e-01, 1.174e+05, 0.000e+00, 5.964e-04, 0.000e+00, 2.133e+00, 9.984e+02, 2.620e-07
3.250e-01, 5.000e-01, -7.450e-01, 1.173e+05, 0.000e+00, 6.108e-04, 0.000e+00, 2.131e+00, 9.984e+02, 2.709e-07
3.250e-01, 5.000e-01, -7.350e-01, 1.157e+05, 0.000e+00, 6.005e-04, 0.000e+00, 2.102e+00, 9.984e+02, 2.698e-07
3.250e-01, 5.000e-01, -7.250e-01, 1.156e+05, 0.000e+00, 5.762e-04, 0.000e+00, 2.101e+00, 9.984e+02, 2.589e-07
3.250e-01, 5.000e-01, -7.150e-01, 1.155e+05, 0.000e+00, 5.483e-04, 0.000e+00, 2.099e+00, 9.984e+02, 2.463e-07
3.250e-01, 5.000e-01, -7.050e-01, 1.154e+05, 0.000e+00, 5.257e-04, 0.000e+00, 2.097e+00, 9.984e+02, 2.362e-07
3.250e-01, 5.000e-01, -6.950e-01, 1.153e+05, 0.000e+00, 5.101e-04, 0.000e+00, 2.095e+00, 9.984e+02, 2.292e-07
3.250e-01, 5.000e-01, -6.850e-01, 1.152e+05, 0.000e+00, 4.991e-04, 0.000e+00, 2.093e+00, 9.984e+02, 2.242e-07
3.250e-01, 5.000e-01, -6.750e-01, 1.151e+05, 0.000e+00, 4.897e-04, 0.000e+00, 2.092e+00, 9.984e+02, 2.200e-07
3.250e-01, 5.000e-01, -6.650e-01, 1.150e+05, 0.000e+00, 4.794e-04, 0.000e+00, 2.090e+00, 9.983e+02, 2.154e-07
3.250e-01, 5.000e-01, -6.550e-01, 1.149e+05, 0.000e+00, 4.665e-04, 0.000e+00, 2.088e+00, 9.983e+02, 2.096e-07
3.250e-01, 5.000e-01, -6.450e-01, 1.148e+05, 0.000e+00, 4.497e-04, 0.000e+00, 2.086e+00, 9.983e+02, 2.020e-07
3.250e-01, 5.000e-01, -6.350e-01, 1.147e+05, 0.000e+00, 4.282e-04, 0.000e+00, 2.084e+00, 9.983e+02, 1.924e-07
3.250e-01, 5.000e-01, -6.250e-01, 1.146e+05, 0.000e+00, 4.011e-04, 0.000e+00, 2.083e+00, 9.983e+02, 1.802e-07
3.250e-01, 5.000e-01, -6.150e-01, 1.145e+05, 0.000e+00, 3.677e-04, 0.000e+00, 2.081e+00, 9.983e+02, 1.652e-07
3.250e-01, 5.000e-01, -6.050e-01, 1.144e+05, 0.000e+00, 3.283e-04, 0.000e+00, 2.079e+00, 9.983e+02, 1.470e-07
3.250e-01, 5.000e-01, -5.950e-01, 1.144e+05, 0.000e+00, 2.904e-04, 0.000e+00, 2.079e+00, 9.983e+02, 1.276e-07
3.250e-01, 5.000e-01, -5.850e-01, 1.143e+05, 0.000e+00, 2.523e-04, 0.000e+00, 2.077e+00, 9.983e+02, 1.108e-07
3.250e-01, 5.000e-01, -5.750e-01, 1.142e+05, 0.000e+00, 2.172e-04, 0.000e+00, 2.075e+00, 9.983e+02, 9.542e-08
3.250e-01, 5.000e-01, -5.650e-01, 1.141e+05, 0.000e+00, 1.870e-04, 0.000e+00, 2.073e+00, 9.983e+02, 8.215e-08
3.250e-01, 5.000e-01, -5.550e-01, 1.140e+05, 0.000e+00, 1.633e-04, 0.000e+00, 2.071e+00, 9.983e+02, 7.173e-08
3.250e-01, 5.000e-01, -5.450e-01, 1.139e+05, 0.000e+00, 1.490e-04, 0.000e+00, 2.070e+00, 9.983e+02, 6.544e-08
3.250e-01, 5.000e-01, -5.350e-01, 1.138e+05, 0.000e+00, 1.496e-04, 0.000e+00, 2.068e+00, 9.983e+02, 6.572e-08
3.250e-01, 5.000e-01, -5.250e-01, 1.137e+05, 0.000e+00, 1.743e-04, 0.000e+00, 2.066e+00, 9.983e+02, 7.657e-08
3.250e-01, 5.000e-01, -5.150e-01, 1.136e+05, 0.000e+00, 2.325e-04, 0.000e+00, 2.064e+00, 9.983e+02, 1.015e-07
3.250e-01, 5.000e-01, -5.050e-01, 1.137e+05, 0.000e+00, 3.074e-04, 0.000e+00, 2.066e+00, 9.983e+02, 1.319e-07
3.250e-01, 5.000e-01, -4.950e-01, 1.136e+05, 0.000e+00, 3.532e-04, 0.000e+00, 2.064e+00, 9.983e+02, 1.516e-07
3.250e-01, 5.000e-01, -4.850e-01, 1.135e+05, 0.000e+00, 3.641e-04, 0.000e+00, 2.063e+00, 9.983e+02, 1.563e-07
3.250e-01, 5.000e-01, -4.750e-01, 1.135e+05, 0.000e+00, 3.546e-04, 0.000e+00, 2.061e+00, 9.983e+02, 1.522e-07
3.250e-01, 5.000e-01, -4.650e-01, 1.134e+05, 0.000e+00, 3.361e-04, 0.000e+00, 2.059e+00, 9.983e+02, 1.443e-07
3.250e-01, 5.000e-01, -4.550e-01, 1.130e+05, 0.000e+00, 3.158e-04, 0.000e+00, 2.052e+00, 9.983e+02, 1.356e-07
3.250e-01, 5.000e-01, -4.450e-01, 1.129e+05, 0.000e+00, 3.051e-04, 0.000e+00, 2.050e+00, 9.983e+02, 1.310e-07
3.250e-01, 5.000e-01, -4.350e-01, 1.128e+05, 0.000e+00, 3.062e-04, 0.000e+00, 2.048e+00, 9.983e+02, 1.314e-07
3.250e-01, 5.000e-01, -4.250e-01, 1.127e+05, 0.000e+00, 3.161e-04, 0.000e+00, 2.047e+00, 9.983e+02, 1.357e-07
3.250e-01, 5.000e-01, -4.150e-01, 1.126e+05, 0.000e+00, 3.282e-04, 0.000e+00, 2.045e+00, 9.983e+02, 1.409e-07
3.250e-01, 5.000e-01, -4.050e-01, 1.125e+05, 0.000e+00, 3.359e-04, 0.000e+00, 2.043e+00, 9.983e+02, 1.442e-07
3.250e-01, 5.000e-01, -3.950e-01, 1.124e+05, 0.000e+00, 3.364e-04, 0.000e+00, 2.041e+00, 9.983e+02, 1.444e-07
3.250e-01, 5.000e-01, -3.850e-01, 1.123e+05, 0.000e+00, 3.297e-04, 0.000e+00, 2.039e+00, 9.983e+02, 1.415e-07
3.250e-01, 5.000e-01, -3.750e-01, 1.122e+05, 0.000e+00, 3.163e-04, 0.000e+00, 2.038e+00, 9.983e+02, 1.358e-07
3.250e-01, 5.000e-01, -3.650e-01, 1.121e+05, 0.000e+00, 2.957e-04, 0.000e+00, 2.036e+00, 9.983e+02, 1.269e-07
3.250e-01, 5.000e-01, -3.550e-01, 1.120e+05, 0.000e+00, 2.664e-04, 0.000e+00, 2.034e+00, 9.983e+02, 1.144e-07
3.250e-01, 5.000e-01, -3.450e-01, 1.119e+05, 0.000e+00, 2.276e-04, 0.000e+00, 2.033e+00, 9.983e+02, 1.016e-07
3.250e-01, 5.000e-01, -3.350e-01, 1.118e+05, 0.000e+00, 1.976e-04, 0.000e+00, 2.031e+00, 9.983e+02, 8.877e-08
3.250e-01, 5.000e-01, -3.250e-01, 1.117e+05, 0.000e+00, 1.812e-04, 0.000e+00, 2.029e+00, 9.983e+02, 8.138e-08
3.250e-01, 5.000e-01, -3.150e-01, 1.116e+05, 0.000e+00, 1.743e-04, 0.000e+00, 2.027e+00, 9.983e+02, 7.830e-08
3.250e-01, 5.000e-01, -3.050e-01, 1.115e+05, 0.000e+00, 1.674e-04, 0.000e+00, 2.025e+00, 9.983e+02, 7.519e-08
3.250e-01, 5.000e-01, -2.950e-01, 1.114e+05, 0.000e+00, 1.527e-04, 0.000e+00, 2.024e+00, 9.983e+02, 6.861e-08
3.250e-01, 5.000e-01, -2.850e-01, 1.113e+05, 0.000e+00, 1.344e-04, 0.000e+00, 2.022e+00, 9.983e+02, 6.036e-08
3.250e-01, 5.000e-01, -2.750e-01, 1.112e+05, 0.000e+00, 1.189e-04, 0.000e+00, 2.020e+00, 9.983e+02, 5.341e-08
3.250e-01, 5.000e-01, -2.650e-01, 1.112e+05, 0.000e+00, 1.136e-04, 0.000e+00, 2.020e+00, 9.983e+02, 5.024e-08
3.250e-01, 5.000e-01, -2.550e-01, 1.111e+05, 0.000e+00, 1.097e-04, 0.000e+00, 2.018e+00, 9.983e+02, 4.820e-08
3.250e-01, 5.000e-01, -2.450e-01, 1.110e+05, 0.000e+00, 1.050e-04, 0.000e+00, 2.016e+00, 9.983e+02, 4.614e-08
3.250e-01, 5.000e-01, -2.350e-01, 1.109e+05, 0.000e+00, 1.028e-04, 0.000e+00, 2.014e+00, 9.983e+02, 4.516e-08
3.250e-01, 5.000e-01, -2.250e-01, 1.108e+05, 0.000e+00, 1.058e-04, 0.000e+00, 2.012e+00, 9.983e+02, 4.648e-08
3.250e-01, 5.000e-01, -2.150e-01, 1.107e+05, 0.000e+00, 1.137e-04, 0.000e+00, 2.011e+00, 9.983e+02, 4.993e-08
3.250e-01, 5.000e-01, -2.050e-01, 1.106e+05, 0.000e+00, 1.211e-04, 0.000e+00, 2.009e+00, 9.983e+02, 5.317e-08
3.250e-01, 5.000e-01, -1.950e-01, 1.105e+05, 0.000e+00, 1.207e-04, 0.000e+00, 2.007e+00, 9.983e+02, 5.288e-08
3.250e-01, 5.000e-01, -1.850e-01, 1.106e+05, 0.000e+00, 1.090e-04, 0.000e+00, 2.009e+00, 9.983e+02, 4.677e-08
3.250e-01, 5.000e-01, -1.750e-01, 1.105e+05, 0.000e+00, 8.440e-05, 0.000e+00, 2.007e+00, 9.983e+02, 3.623e-08
3.250e-01, 5.000e-01, -1.650e-01, 1.104e+05, 0.000e+00, 5.880e-05, 0.000e+00, 2.005e+00, 9.983e+02, 2.524e-08
3.250e-01, 5.000e-01, -1.550e-01, 1.103e+05, 0.000e+00, 3.890e-05, 0.000e+00, 2.004e+00, 9.983e+02, 1.670e-08
3.250e-01, 5.000e-01, -1.450e-01, 1.102e+05, 0.000e+00, 2.676e-05, 0.000e+00, 2.002e+00, 9.983e+02, 1.149e-08
3.250e-01, 5.000e-01, -1.350e-01, 1.101e+05, 0.000e+00, 2.193e-05, 0.000e+00, 2.000e+00, 9.983e+02, 9.503e-09
3.250e-01, 5.000e-01, -1.250e-01, 1.112e+05, 0.000e+00, 1.786e-05, 0.000e+00, 2.020e+00, 9.983e+02, 7.844e-09
3.250e-01, 5.000e-01, -1.150e-01, 1.111e+05, 0.000e+00, 1.302e-05, 0.000e+00, 2.018e+00, 9.983e+02, 5.721e-09
3.250e-01, 5.000e-01, -1.050e-01, 1.110e+05, 0.000e+00, 8.514e-06, 0.000e+00, 2.017e+00, 9.983e+02, 3.740e-09
3.250e-01, 5.000e-01, -9.500e-02, 1.109e+05, 0.000e+00, 5.031e-06, 0.000e+00, 2.015e+00, 9.983e+02, 2.210e-09
3.250e-01, 5.000e-01, -8.500e-02, 1.108e+05, 0.000e+00, 2.711e-06, 0.000e+00, 2.013e+00, 9.983e+02, 1.191e-09
3.250e-01, 5.000e-01, -7.500e-02, 1.107e+05, 0.000e+00, 1.344e-06, 0.000e+00, 2.011e+00, 9.983e+02, 5.902e-10
3.250e-01, 5.000e-01, -6.500e-02, 1.106e+05, 0.000e+00, 6.165e-07, 0.000e+00, 2.009e+00, 9.983e+02, 2.708e-10
3.250e-01, 5.000e-01, -5.500e-02, 1.105e+05, 0.000e+00, 2.635e-07, 0.000e+00, 2.008e+00, 9.983e+02, 1.157e-10
3.250e-01, 5.000e-01, -4.500e-02, 1.104e+05, 0.000e+00, 1.054e-07, 0.000e+00, 2.006e+00, 9.983e+02, 4.631e-11
3.250e-01, 5.000e-01, -3.500e-02, 1.103e+05, 0.000e+00, 3.967e-08, 0.000e+00, 2.004e+00, 9.983e+02, 1.743e-11
3.250e-01, 5.000e-01, -2.500e-02, 1.102e+05, 0.000e+00, 1.413e-08, 0.000e+00, 2.002e+00, 9.983e+02, 6.205e-12
3.250e-01, 5.000e-01, -1.500e-02, 1.101e+05, 0.000e+00, 4.870e-09, 0.000e+00, 2.000e+00, 9.983e+02, 2.139e-12
3.250e-01, 5.000e-01, -5.000e-03, 1.100e+05, 0.000e+00, 1.878e-09, 0.000e+00, 1.999e+00, 9.983e+02, 8.248e-13
3.350e-01, 5.000e-01, -1.195e+00, 1.202e+05, 0.000e+00, 1.002e-13, 0.000e+00, 2.184e+00, 9.983e+02, 2.000e-17
3.350e-01, 5.000e-01, -1.185e+00, 1.201e+05, 0.000e+00, 1.002e-13, 0.000e+00, 2.182e+00, 9.983e+02, 2.000e-17
3.350e-01, 5.000e-01, -1.175e+00, 1.200e+05, 0.000e+00, 1.002e-13, 0.000e+00, 2.181e+00, 9.983e+02, 2.000e-17
3.350e-01, 5.000e-01, -1.165e+00, 1.199e+05, 0.000e+00, 1.002e-13, 0.000e+00, 2.179e+00, 9.983e+02, 2.000e-17
3.350e-01, 5.000e-01, -1.155e+00, 1.198e+05, 0.000e+00, 1.002e-13, 0.000e+00, 2.177e+00, 9.983e+02, 2.000e-17
3.350e-01, 5.000e-01, -1.145e+00, 1.197e+05, 0.000e+00, 1.002e-13, 0.000e+00, 2.175e+00, 9.983e+02, 2.000e-17
3.350e-01, 5.000e-01, -1.135e+00, 1.196e+05, 0.000e+00, 1.002e-13, 0.000e+00, 2.173e+00, 9.983e+02, 2.000e-17
3.350e-01, 5.000e-01, -1.125e+00, 1.195e+05, 0.000e+00, 1.002e-13, 0.000e+00, 2.172e+00, 9.983e+02, 2.000e-17
3.350e-01, 5.000e-01, -1.115e+00, 1.194e+05, 0.000e+00, 5.815e-10, 0.000e+00, 2.170e+00, 9.983e+02, 2.222e-13
3.350e-01, 5.000e-01, -1.105e+00, 1.193e+05, 0.000e+00, 5.834e-10, 0.000e+00, 2.168e+00, 9.983e+02, 2.226e-13
3.350e-01, 5.000e-01, -1.095e+00, 1.192e+05, 0.000e+00, 3.424e-09, 0.000e+00, 2.166e+00, 9.983e+02, 1.270e-12
3.350e-01, 5.000e-01, -1.085e+00, 1.191e+05, 0.000e+00, 7.090e-04, 0.000e+00, 2.165e+00, 9.984e+02, 3.010e-07
3.350e-01, 5.000e-01, -1.075e+00, 1.190e+05, 0.000e+00, 7.223e-04, 0.000e+00, 2.163e+00, 9.984e+02, 3.317e-07
3.350e-01, 5.000e-01, -1.065e+00, 1.189e+05, 0.000e+00, 7.266e-04, 0.000e+00, 2.161e+00, 9.984e+02, 3.337e-07
3.350e-01, 5.000e-01, -1.055e+00, 1.188e+05, 0.000e+00, 7.140e-04, 0.000e+00, 2.159e+00, 9.984e+02, 3.279e-07
3.350e-01, 5.000e-01, -1.045e+00, 1.187e+05, 0.000e+00, 6.172e-04, 0.000e+00, 2.157e+00, 9.984e+02, 2.834e-07
3.350e-01, 5.000e-01, -1.035e+00, 1.186e+05, 0.000e+00, 5.368e-04, 0.000e+00, 2.156e+00, 9.984e+02, 2.465e-07
3.350e-01, 5.000e-01, -1.025e+00, 1.185e+05, 0.000e+00, 4.741e-04, 0.000e+00, 2.154e+00, 9.983e+02, 2.177e-07
3.350e-01, 5.000e-01, -1.015e+00, 1.184e+05, 0.000e+00, 4.256e-04, 0.000e+00, 2.152e+00, 9.983e+02, 1.955e-07
3.350e-01, 5.000e-01, -1.005e+00, 1.183e+05, 0.000e+00, 3.816e-04, 0.000e+00, 2.150e+00, 9.983e+02, 1.753e-07
3.350e-01, 5.000e-01, -9.950e-01, 1.182e+05, 0.000e+00, 3.368e-04, 0.000e+00, 2.148e+00, 9.983e+02, 1.539e-07
3.350e-01, 5.000e-01, -9.850e-01, 1.181e+05, 0.000e+00, 2.863e-04, 0.000e+00, 2.147e+00, 9.983e+02, 1.291e-07
3.350e-01, 5.000e-01, -9.750e-01, 1.180e+05, 0.000e+00, 2.263e-04, 0.000e+00, 2.145e+00, 9.983e+02, 1.007e-07
3.350e-01, 5.000e-01, -9.650e-01, 1.180e+05, 0.000e+00, 1.627e-04, 0.000e+00, 2.143e+00, 9.983e+02, 7.135e-08
3.350e-01, 5.000e-01, -9.550e-01, 1.179e+05, 0.000e+00, 1.011e-04, 0.000e+00, 2.141e+00, 9.983e+02, 4.370e-08
3.350e-01, 5.000e-01, -9.450e-01, 1.178e+05, 0.000e+00, 4.718e-05, 0.000e+00, 2.140e+00, 9.983e+02, 2.025e-08
3.350e-01, 5.000e-01, -9.350e-01, 1.177e+05, 0.000e+00, 1.282e-05, 0.000e+00, 2.138e+00, 9.983e+02, 5.503e-09
3.350e-01, 5.000e-01, -9.250e-01, 1.176e+05, 0.000e+00, 3.705e-06, 0.000e+00, 2.136e+00, 9.983e+02, 1.590e-09
3.350e-01, 5.000e-01, -9.150e-01, 1.175e+05, 0.000e+00, 1.224e-06, 0.000e+00, 2.134e+00, 9.983e+02, 5.282e-10
3.350e-01, 5.000e-01, -9.050e-01, 1.189e+05, 0.000e+00, 7.940e-07, 0.000e+00, 2.160e+00, 9.983e+02, 3.488e-10
3.350e-01, 5.000e-01, -8.950e-01, 1.188e+05, 0.000e+00, 7.049e-07, 0.000e+00, 2.158e+00, 9.983e+02, 3.096e-10
3.350e-01, 5.000e-01, -8.850e-01, 1.187e+05, 0.000e+00, 9.344e-07, 0.000e+00, 2.156e+00, 9.983e+02, 4.104e-10
3.350e-01, 5.000e-01, -8.750e-01, 1.186e+05, 0.000e+00, 1.780e-06, 0.000e+00, 2.154e+00, 9.983e+02, 7.818e-10
3.350e-01, 5.000e-01, -8.650e-01, 1.185e+05, 0.000e+00, 3.924e-06, 0.000e+00, 2.153e+00, 9.983e+02, 1.723e-09
3.350e-01, 5.000e-01, -8.550e-01, 1.184e+05, 0.000e+00, 8.631e-06, 0.000e+00, 2.151e+00, 9.983e+02, 3.791e-09
3.350e-01, 5.000e-01, -8.450e-01, 1.183e+05, 0.000e+00, 1.817e-05, 0.000e+00, 2.149e+00, 9.983e+02, 7.980e-09
3.350e-01, 5.000e-01, -8.350e-01, 1.182e+05, 0.000e+00, 3.652e-05, 0.000e+00, 2.147e+00, 9.983e+02, 1.604e-08
3.350e-01, 5.000e-01, -8.250e-01, 1.181e+05, 0.000e+00, 7.000e-05, 0.000e+00, 2.145e+00, 9.983e+02, 3.075e-08
3.350e-01, 5.000e-01, -8.150e-01, 1.180e+05, 0.000e+00, 1.260e-04, 0.000e+00, 2.144e+00, 9.983e+02, 5.533e-08
3.350e-01, 5.000e-01, -8.050e-01, 1.179e+05, 0.000e+00, 2.079e-04, 0.000e+00, 2.142e+00, 9.983e+02, 9.131e-08
3.350e-01, 5.000e-01, -7.950e-01, 1.178e+05, 0.000e+00, 3.096e-04, 0.000e+00, 2.140e+00, 9.983e+02, 1.360e-07
3.350e-01, 5.000e-01, -7.850e-01, 1.177e+05, 0.000e+00, 4.157e-04, 0.000e+00, 2.138e+00, 9.983e+02, 1.826e-07
3.350e-01, 5.000e-01, -7.750e-01, 1.176e+05, 0.000e+00, 5.082e-04, 0.000e+00, 2.136e+00, 9.984e+02, 2.232e-07
3.350e-01, 5.000e-01, -7.650e-01, 1.175e+05, 0.000e+00, 5.737e-04, 0.000e+00, 2.135e+00, 9.984e+02, 2.520e-07
3.350e-01, 5.000e-01, -7.550e-01, 1.174e+05, 0.000e+00, 6.076e-04, 0.000e+00, 2.133e+00, 9.984e+02, 2.669e-07
3.350e-01, 5.000e-01, -7.450e-01, 1.173e+05, 0.000e+00, 6.132e-04, 0.000e+00, 2.131e+00, 9.984e+02, 2.719e-07
3.350e-01, 5.000e-01, -7.350e-01, 1.157e+05, 0.000e+00, 5.989e-04, 0.000e+00, 2.102e+00, 9.984e+02, 2.690e-07
3.350e-01, 5.000e-01, -7.250e-01, 1.156e+05, 0.000e+00, 5.722e-04, 0.000e+00, 2.101e+00, 9.984e+02, 2.571e-07
3.350e-01, 5.000e-01, -7.150e-01, 1.155e+05, 0.000e+00, 5.441e-04, 0.000e+00, 2.099e+00, 9.984e+02, 2.445e-07
3.350e-01, 5.000e-01, -7.050e-01, 1.154e+05, 0.000e+00, 5.227e-04, 0.000e+00, 2.097e+00, 9.984e+02, 2.348e-07
3.350e-01, 5.000e-01, -6.950e-01, 1.153e+05, 0.000e+00, 5.082e-04, 0.000e+00, 2.095e+00, 9.984e+02, 2.283e-07
3.350e-01, 5.000e-01, -6.850e-01, 1.152e+05, 0.000e+00, 4.972e-04, 0.000e+00, 2.093e+00, 9.984e+02, 2.234e-07
3.350e-01, 5.000e-01, -6.750e-01, 1.151e+05, 0.000e+00, 4.868e-04, 0.000e+00, 2.092e+00, 9.984e+02, 2.187e-07
3.350e-01, 5.000e-01, -6.650e-01, 1.150e+05, 0.000e+00, 4.746e-04, 0.000e+00, 2.090e+00, 9.983e+02, 2.132e-07
3.350e-01, 5.000e-01, -6.550e-01, 1.149e+05, 0.000e+00, 4.595e-04, 0.000e+00, 2.088e+00, 9.983e+02, 2.064e-07
3.350e-01, 5.000e-01, -6.450e-01, 1.148e+05, 0.000e+00, 4.403e-04, 0.000e+00, 2.086e+00, 9.983e+02, 1.978e-07
3.350e-01, 5.000e-01, -6.350e-01, 1.147e+05, 0.000e+00, 4.166e-04, 0.000e+00, 2.084e+00, 9.983e+02, 1.871e-07
3.350e-01, 5.000e-01, -6.250e-01, 1.146e+05, 0.000e+00, 3.872e-04, 0.000e+00, 2.083e+00, 9.983e+02, 1.740e-07
3.350e-01, 5.000e-01, -6.150e-01, 1.145e+05, 0.000e+00, 3.516e-04, 0.000e+00, 2.081e+00, 9.983e+02, 1.580e-07
3.350e-01, 5.000e-01, -6.050e-01, 1.144e+05, 0.000e+00, 3.164e-04, 0.000e+00, 2.079e+00, 9.983e+02, 1.414e-07
3.350e-01, 5.000e-01, -5.950e-01, 1.144e+05, 0.000e+00, 2.818e-04, 0.000e+00, 2.079e+00, 9.983e+02, 1.238e-07
3.350e-01, 5.000e-01, -5.850e-01, 1.143e+05, 0.000e+00, 2.465e-04, 0.000e+00, 2.077e+00, 9.983e+02, 1.083e-07
3.350e-01, 5.000e-01, -5.750e-01, 1.142e+05, 0.000e+00, 2.141e-04, 0.000e+00, 2.075e+00, 9.983e+02, 9.403e-08
3.350e-01, 5.000e-01, -5.650e-01, 1.141e+05, 0.000e+00, 1.865e-04, 0.000e+00, 2.073e+00, 9.983e+02, 8.190e-08
3.350e-01, 5.000e-01, -5.550e-01, 1.140e+05, 0.000e+00, 1.654e-04, 0.000e+00, 2.071e+00, 9.983e+02, 7.267e-08
3.350e-01, 5.000e-01, -5.450e-01, 1.139e+05, 0.000e+00, 1.537e-04, 0.000e+00, 2.070e+00, 9.983e+02, 6.752e-08
3.350e-01, 5.000e-01, -5.350e-01, 1.138e+05, 0.000e+00, 1.564e-04, 0.000e+00, 2.068e+00, 9.983e+02, 6.871e-08
3.350e-01, 5.000e-01, -5.250e-01, 1.137e+05, 0.000e+00, 1.825e-04, 0.000e+00, 2.066e+00, 9.983e+02, 8.016e-08
3.350e-01, 5.000e-01, -5.150e-01, 1.136e+05, 0.000e+00, 2.417e-04, 0.000e+00, 2.064e+00, 9.983e+02, 1.050e-07
3.350e-01, 5.000e-01, -5.050e-01, 1.137e+05, 0.000e+00, 3.115e-04, 0.000e+00, 2.066e+00, 9.983e+02, 1.337e-07
3.350e-01, 5.000e-01, -4.950e-01, 1.136e+05, 0.000e+00, 3.533e-04, 0.000e+00, 2.064e+00, 9.983e+02, 1.517e-07
3.350e-01, 5.000e-01, -4.850e-01, 1.135e+05, 0.000e+00, 3.623e-04, 0.000e+00, 2.063e+00, 9.983e+02, 1.555e-07
3.350e-01, 5.000e-01, -4.750e-01, 1.135e+05, 0.000e+00, 3.517e-04, 0.000e+00, 2.061e+00, 9.983e+02, 1.510e-07
3.350e-01, 5.000e-01, -4.650e-01, 1.134e+05, 0.000e+00, 3.328e-04, 0.000e+00, 2.059e+00, 9.983e+02, 1.429e-07
3.350e-01, 5.000e-01, -4.550e-01, 1.130e+05, 0.000e+00, 3.132e-04, 0.000e+00, 2.052e+00, 9.983e+02, 1.345e-07
3.350e-01, 5.000e-01, -4.450e-01, 1.129e+05, 0.000e+00, 3.038e-04, 0.000e+00, 2.050e+00, 9.983e+02, 1.304e-07
3.350e-01, 5.000e-01, -4.350e-01, 1.128e+05, 0.000e+00, 3.060e-04, 0.000e+00, 2.048e+00, 9.983e+02, 1.314e-07
3.350e-01, 5.000e-01, -4.250e-01, 1.127e+05, 0.000e+00, 3.166e-04, 0.000e+00, 2.047e+00, 9.983e+02, 1.359e-07
3.350e-01, 5.000e-01, -4.150e-01, 1.126e+05, 0.000e+00, 3.288e-04, 0.000e+00, 2.045e+00, 9.983e+02, 1.412e-07
3.350e-01, 5.000e-01, -4.050e-01, 1.125e+05, 0.000e+00, 3.365e-04, 0.000e+00, 2.043e+00, 9.983e+02, 1.444e-07
3.350e-01, 5.000e-01, -3.950e-01, 1.124e+05, 0.000e+00, 3.373e-04, 0.000e+00, 2.041e+00, 9.983e+02, 1.448e-07
3.350e-01, 5.000e-01, -3.850e-01, 1.123e+05, 0.000e+00, 3.316e-04, 0.000e+00, 2.039e+00, 9.983e+02, 1.423e-07
3.350e-01, 5.000e-01, -3.750e-01, 1.122e+05, 0.000e+00, 3.199e-04, 0.000e+00, 2.038e+00, 9.983e+02, 1.373e-07
3.350e-01, 5.000e-01, -3.650e-01, 1.121e+05, 0.000e+00, 3.017e-04, 0.000e+00, 2.036e+00, 9.983e+02, 1.295e-07
3.350e-01, 5.000e-01, -3.550e-01, 1.120e+05, 0.000e+00, 2.750e-04, 0.000e+00, 2.034e+00, 9.983e+02, 1.180e-07
3.350e-01, 5.000e-01, -3.450e-01, 1.119e+05, 0.000e+00, 2.386e-04, 0.000e+00, 2.033e+00, 9.983e+02, 1.063e-07
3.350e-01, 5.000e-01, -3.350e-01, 1.118e+05, 0.000e+00, 2.096e-04, 0.000e+00, 2.031e+00, 9.983e+02, 9.416e-08
3.350e-01, 5.000e-01, -3.250e-01, 1.117e+05, 0.000e+00, 1.936e-04, 0.000e+00, 2.029e+00, 9.983e+02, 8.697e-08
3.350e-01, 5.000e-01, -3.150e-01, 1.116e+05, 0.000e+00, 1.881e-04, 0.000e+00, 2.027e+00, 9.983e+02, 8.452e-08
3.350e-01, 5.000e-01, -3.050e-01, 1.115e+05, 0.000e+00, 1.847e-04, 0.000e+00, 2.025e+00, 9.983e+02, 8.296e-08
3.350e-01, 5.000e-01, -2.950e-01, 1.114e+05, 0.000e+00, 1.762e-04, 0.000e+00, 2.024e+00, 9.983e+02, 7.915e-08
3.350e-01, 5.000e-01, -2.850e-01, 1.113e+05, 0.000e+00, 1.612e-04, 0.000e+00, 2.022e+00, 9.983e+02, 7.240e-08
3.350e-01, 5.000e-01, -2.750e-01, 1.112e+05, 0.000e+00, 1.464e-04, 0.000e+00, 2.020e+00, 9.983e+02, 6.577e-08
3.350e-01, 5.000e-01, -2.650e-01, 1.112e+05, 0.000e+00, 1.426e-04, 0.000e+00, 2.020e+00, 9.983e+02, 6.314e-08
3.350e-01, 5.000e-01, -2.550e-01, 1.111e+05, 0.000e+00, 1.395e-04, 0.000e+00, 2.018e+00, 9.983e+02, 6.127e-08
3.350e-01, 5.000e-01, -2.450e-01, 1.110e+05, 0.000e+00, 1.331e-04, 0.000e+00, 2.016e+00, 9.983e+02, 5.847e-08
3.350e-01, 5.000e-01, -2.350e-01, 1.109e+05, 0.000e+00, 1.280e-04, 0.000e+00, 2.014e+00, 9.983e+02, 5.621e-08
3.350e-01, 5.000e-01, -2.250e-01, 1.108e+05, 0.000e+00, 1.273e-04, 0.000e+00, 2.012e+00, 9.983e+02, 5.591e-08
3.350e-01, 5.000e-01, -2.150e-01, 1.107e+05, 0.000e+00, 1.309e-04, 0.000e+00, 2.011e+00, 9.983e+02, 5.750e-08
3.350e-01, 5.000e-01, -2.050e-01, 1.106e+05, 0.000e+00, 1.341e-04, 0.000e+00, 2.009e+00, 9.983e+02, 5.889e-08
3.350e-01, 5.000e-01, -1.950e-01, 1.105e+05, 0.000e+00, 1.305e-04, 0.000e+00, 2.007e+00, 9.983e+02, 5.724e-08
3.350e-01, 5.000e-01, -1.850e-01, 1.106e+05, 0.000e+00, 1.173e-04, 0.000e+00, 2.009e+00, 9.983e+02, 5.035e-08
3.350e-01, 5.000e-01, -1.750e-01, 1.105e+05, 0.000e+00, 9.176e-05, 0.000e+00, 2.007e+00, 9.983e+02, 3.939e-08
3.350e-01, 5.000e-01, -1.650e-01, 1.104e+05, 0.000e+00, 6.539e-05, 0.000e+00, 2.005e+00, 9.983e+02, 2.807e-08
3.350e-01, 5.000e-01, -1.550e-01, 1.103e+05, 0.000e+00, 4.477e-05, 0.000e+00, 2.004e+00, 9.983e+02, 1.922e-08
3.350e-01, 5.000e-01, -1.450e-01, 1.102e+05, 0.000e+00, 3.203e-05, 0.000e+00, 2.002e+00, 9.983e+02, 1.375e-08
3.350e-01, 5.000e-01, -1.350e-01, 1.101e+05, 0.000e+00, 2.671e-05, 0.000e+00, 2.000e+00, 9.983e+02, 1.156e-08
3.350e-01, 5.000e-01, -1.250e-01, 1.112e+05, 0.000e+00, 2.195e-05, 0.000e+00, 2.020e+00, 9.983e+02, 9.640e-09
3.350e-01, 5.000e-01, -1.150e-01, 1.111e+05, 0.000e+00, 1.598e-05, 0.000e+00, 2.018e+00, 9.983e+02, 7.019e-09
3.350e-01, 5.000e-01, -1.050e-01, 1.110e+05, 0.000e+00, 1.039e-05, 0.000e+00, 2.017e+00, 9.983e+02, 4.563e-09
3.350e-01, 5.000e-01, -9.500e-02, 1.109e+05, 0.000e+00, 6.096e-06, 0.000e+00, 2.015e+00, 9.983e+02, 2.678e-09
3.350e-01, 5.000e-01, -8.500e-02, 1.108e+05, 0.000e+00, 3.263e-06, 0.000e+00, 2.013e+00, 9.983e+02, 1.433e-09
3.350e-01, 5.000e-01, -7.500e-02, 1.107e+05, 0.000e+00, 1.607e-06, 0.000e+00, 2.011e+00, 9.983e+02, 7.059e-10
3.350e-01, 5.000e-01, -6.500e-02, 1.106e+05, 0.000e+00, 7.333e-07, 0.000e+00, 2.009e+00, 9.983e+02, 3.221e-10
3.350e-01, 5.000e-01, -5.500e-02, 1.105e+05, 0.000e+00, 3.118e-07, 0.000e+00, 2.008e+00, 9.983e+02, 1.370e-10
3.350e-01, 5.000e-01, -4.500e-02, 1.104e+05, 0.000e+00, 1.242e-07, 0.000e+00, 2.006e+00, 9.983e+02, 5.456e-11
3.350e-01, 5.000e-01, -3.500e-02, 1.103e+05, 0.000e+00, 4.656e-08, 0.000e+00, 2.004e+00, 9.983e+02, 2.045e-11
3.350e-01, 5.000e-01, -2.500e-02, 1.102e+05, 0.000e+00, 1.652e-08, 0.000e+00, 2.002e+00, 9.983e+02, 7.257e-12
3.350e-01, 5.000e-01, -1.500e-02, 1.101e+05, 0.000e+00, 5.678e-09, 0.000e+00, 2.000e+00, 9.983e+02, 2.494e-12
3.350e-01, 5.000e-01, -5.000e-03, 1.100e+05, 0.000e+00, 2.181e-09, 0.000e+00, 1.999e+00, 9.983e+02, 9.579e-13
3.450e-01, 5.000e-01, -1.195e+00, 1.202e+05, 0.000e+00, 1.002e-13, 0.000e+00, 2.184e+00, 9.983e+02, 2.000e-17
3.450e-01, 5.000e-01, -1.185e+00, 1.201e+05, 0.000e+00, 1.002e-13, 0.000e+00, 2.182e+00, 9.983e+02, 2.000e-17
3.450e-01, 5.000e-01, -1.175e+00, 1.200e+05, 0.000e+00, 1.002e-13, 0.000e+00, 2.181e+00, 9.983e+02, 2.000e-17
3.450e-01, 5.000e-01, -1.165e+00, 1.199e+05, 0.000e+00, 1.002e-13, 0.000e+00, 2.179e+00, 9.983e+02, 2.000e-17
3.450e-01, 5.000e-01, -1.155e+00, 1.198e+05, 0.000e+00, 1.002e-13, 0.000e+00, 2.177e+00, 9.983e+02, 2.000e-17
3.450e-01, 5.000e-01, -1.145e+00, 1.197e+05, 0.000e+00, 1.002e-13, 0.000e+00, 2.175e+00, 9.983e+02, 2.000e-17
3.450e-01, 5.000e-01, -1.135e+00, 1.196e+05, 0.000e+00, 1.002e-13, 0.000e+00, 2.173e+00, 9.983e+02, 2.000e-17
3.450e-01, 5.000e-01, -1.125e+00, 1.195e+05, 0.000e+00, 1.002e-13, 0.000e+00, 2.172e+00, 9.983e+02, 2.000e-17
3.450e-01, 5.000e-01, -1.115e+00, 1.194e+05, 0.000e+00, 1.002e-13, 0.000e+00, 2.170e+00, 9.983e+02, 2.000e-17
3.450e-01, 5.000e-01, -1.105e+00, 1.193e+05, 0.000e+00, 1.002e-13, 0.000e+00, 2.168e+00, 9.983e+02, 2.000e-17
3.450e-01, 5.000e-01, -1.095e+00, 1.192e+05, 0.000e+00, 1.002e-13, 0.000e+00, 2.166e+00, 9.983e+02, 2.000e-17
3.450e-01, 5.000e-01, -1.085e+00, 1.191e+05, 0.000e+00, 4.210e-12, 0.000e+00, 2.165e+00, 9.983e+02, 9.847e-16
3.450e-01, 5.000e-01, -1.075e+00, 1.190e+05, 0.000e+00, 2.385e-07, 0.000e+00, 2.163e+00, 9.983e+02, 7.886e-11
3.450e-01, 5.000e-01, -1.065e+00, 1.189e+05, 0.000e+00, 7.455e-04, 0.000e+00, 2.161e+00, 9.984e+02, 3.357e-07
3.450e-01, 5.000e-01, -1.055e+00, 1.188e+05, 0.000e+00, 7.496e-04, 0.000e+00, 2.159e+00, 9.984e+02, 3.443e-07
3.450e-01, 5.000e-01, -1.045e+00, 1.187e+05, 0.000e+00, 6.366e-04, 0.000e+00, 2.157e+00, 9.984e+02, 2.924e-07
3.450e-01, 5.000e-01, -1.035e+00, 1.186e+05, 0.000e+00, 5.443e-04, 0.000e+00, 2.156e+00, 9.984e+02, 2.500e-07
3.450e-01, 5.000e-01, -1.025e+00, 1.185e+05, 0.000e+00, 4.794e-04, 0.000e+00, 2.154e+00, 9.984e+02, 2.202e-07
3.450e-01, 5.000e-01, -1.015e+00, 1.184e+05, 0.000e+00, 4.268e-04, 0.000e+00, 2.152e+00, 9.983e+02, 1.960e-07
3.450e-01, 5.000e-01, -1.005e+00, 1.183e+05, 0.000e+00, 3.829e-04, 0.000e+00, 2.150e+00, 9.983e+02, 1.759e-07
3.450e-01, 5.000e-01, -9.950e-01, 1.182e+05, 0.000e+00, 3.397e-04, 0.000e+00, 2.148e+00, 9.983e+02, 1.560e-07
3.450e-01, 5.000e-01, -9.850e-01, 1.181e+05, 0.000e+00, 2.932e-04, 0.000e+00, 2.147e+00, 9.983e+02, 1.347e-07
3.450e-01, 5.000e-01, -9.750e-01, 1.180e+05, 0.000e+00, 2.397e-04, 0.000e+00, 2.145e+00, 9.983e+02, 1.101e-07
3.450e-01, 5.000e-01, -9.650e-01, 1.180e+05, 0.000e+00, 1.809e-04, 0.000e+00, 2.143e+00, 9.983e+02, 8.308e-08
3.450e-01, 5.000e-01, -9.550e-01, 1.179e+05, 0.000e+00, 1.204e-04, 0.000e+00, 2.141e+00, 9.983e+02, 5.530e-08
3.450e-01, 5.000e-01, -9.450e-01, 1.178e+05, 0.000e+00, 6.134e-05, 0.000e+00, 2.139e+00, 9.983e+02, 2.797e-08
3.450e-01, 5.000e-01, -9.350e-01, 1.177e+05, 0.000e+00, 1.533e-05, 0.000e+00, 2.138e+00, 9.983e+02, 6.779e-09
3.450e-01, 5.000e-01, -9.250e-01, 1.176e+05, 0.000e+00, 4.906e-06, 0.000e+00, 2.136e+00, 9.983e+02, 2.106e-09
3.450e-01, 5.000e-01, -9.150e-01, 1.175e+05, 0.000e+00, 2.428e-06, 0.000e+00, 2.134e+00, 9.983e+02, 1.049e-09
3.450e-01, 5.000e-01, -9.050e-01, 1.189e+05, 0.000e+00, 1.963e-06, 0.000e+00, 2.160e+00, 9.983e+02, 8.609e-10
3.450e-01, 5.000e-01, -8.950e-01, 1.188e+05, 0.000e+00, 1.730e-06, 0.000e+00, 2.158e+00, 9.983e+02, 7.599e-10
3.450e-01, 5.000e-01, -8.850e-01, 1.187e+05, 0.000e+00, 1.932e-06, 0.000e+00, 2.156e+00, 9.983e+02, 8.484e-10
3.450e-01, 5.000e-01, -8.750e-01, 1.186e+05, 0.000e+00, 3.175e-06, 0.000e+00, 2.154e+00, 9.983e+02, 1.394e-09
3.450e-01, 5.000e-01, -8.650e-01, 1.185e+05, 0.000e+00, 6.634e-06, 0.000e+00, 2.153e+00, 9.983e+02, 2.914e-09
3.450e-01, 5.000e-01, -8.550e-01, 1.184e+05, 0.000e+00, 1.422e-05, 0.000e+00, 2.151e+00, 9.983e+02, 6.247e-09
3.450e-01, 5.000e-01, -8.450e-01, 1.183e+05, 0.000e+00, 2.871e-05, 0.000e+00, 2.149e+00, 9.983e+02, 1.261e-08
3.450e-01, 5.000e-01, -8.350e-01, 1.182e+05, 0.000e+00, 5.406e-05, 0.000e+00, 2.147e+00, 9.983e+02, 2.374e-08
3.450e-01, 5.000e-01, -8.250e-01, 1.181e+05, 0.000e+00, 9.587e-05, 0.000e+00, 2.145e+00, 9.983e+02, 4.211e-08
3.450e-01, 5.000e-01, -8.150e-01, 1.180e+05, 0.000e+00, 1.605e-04, 0.000e+00, 2.144e+00, 9.983e+02, 7.048e-08
3.450e-01, 5.000e-01, -8.050e-01, 1.179e+05, 0.000e+00, 2.491e-04, 0.000e+00, 2.142e+00, 9.983e+02, 1.094e-07
3.450e-01, 5.000e-01, -7.950e-01, 1.178e+05, 0.000e+00, 3.530e-04, 0.000e+00, 2.140e+00, 9.983e+02, 1.550e-07
3.450e-01, 5.000e-01, -7.850e-01, 1.177e+05, 0.000e+00, 4.553e-04, 0.000e+00, 2.138e+00, 9.983e+02, 2.000e-07
3.450e-01, 5.000e-01, -7.750e-01, 1.176e+05, 0.000e+00, 5.386e-04, 0.000e+00, 2.136e+00, 9.984e+02, 2.366e-07
3.450e-01, 5.000e-01, -7.650e-01, 1.175e+05, 0.000e+00, 5.919e-04, 0.000e+00, 2.135e+00, 9.984e+02, 2.600e-07
3.450e-01, 5.000e-01, -7.550e-01, 1.174e+05, 0.000e+00, 6.146e-04, 0.000e+00, 2.133e+00, 9.984e+02, 2.700e-07
3.450e-01, 5.000e-01, -7.450e-01, 1.173e+05, 0.000e+00, 6.132e-04, 0.000e+00, 2.131e+00, 9.984e+02, 2.717e-07
3.450e-01, 5.000e-01, -7.350e-01, 1.157e+05, 0.000e+00, 5.965e-04, 0.000e+00, 2.102e+00, 9.984e+02, 2.680e-07
3.450e-01, 5.000e-01, -7.250e-01, 1.156e+05, 0.000e+00, 5.676e-04, 0.000e+00, 2.101e+00, 9.984e+02, 2.550e-07
3.450e-01, 5.000e-01, -7.150e-01, 1.155e+05, 0.000e+00, 5.396e-04, 0.000e+00, 2.099e+00, 9.984e+02, 2.424e-07
3.450e-01, 5.000e-01, -7.050e-01, 1.154e+05, 0.000e+00, 5.194e-04, 0.000e+00, 2.097e+00, 9.984e+02, 2.333e-07
3.450e-01, 5.000e-01, -6.950e-01, 1.153e+05, 0.000e+00, 5.055e-04, 0.000e+00, 2.095e+00, 9.984e+02, 2.271e-07
3.450e-01, 5.000e-01, -6.850e-01, 1.152e+05, 0.000e+00, 4.939e-04, 0.000e+00, 2.093e+00, 9.984e+02, 2.219e-07
3.450e-01, 5.000e-01, -6.750e-01, 1.151e+05, 0.000e+00, 4.818e-04, 0.000e+00, 2.092e+00, 9.983e+02, 2.165e-07
3.450e-01, 5.000e-01, -6.650e-01, 1.150e+05, 0.000e+00, 4.674e-04, 0.000e+00, 2.090e+00, 9.983e+02, 2.100e-07
3.450e-01, 5.000e-01, -6.550e-01, 1.149e+05, 0.000e+00, 4.498e-04, 0.000e+00, 2.088e+00, 9.983e+02, 2.021e-07
3.450e-01, 5.000e-01, -6.450e-01, 1.148e+05, 0.000e+00, 4.284e-04, 0.000e+00, 2.086e+00, 9.983e+02, 1.925e-07
3.450e-01, 5.000e-01, -6.350e-01, 1.147e+05, 0.000e+00, 4.024e-04, 0.000e+00, 2.084e+00, 9.983e+02, 1.808e-07
3.450e-01, 5.000e-01, -6.250e-01, 1.146e+05, 0.000e+00, 3.709e-04, 0.000e+00, 2.083e+00, 9.983e+02, 1.666e-07
3.450e-01, 5.000e-01, -6.150e-01, 1.145e+05, 0.000e+00, 3.389e-04, 0.000e+00, 2.081e+00, 9.983e+02, 1.523e-07
3.450e-01, 5.000e-01, -6.050e-01, 1.144e+05, 0.000e+00, 3.077e-04, 0.000e+00, 2.079e+00, 9.983e+02, 1.372e-07
3.450e-01, 5.000e-01, -5.950e-01, 1.144e+05, 0.000e+00, 2.753e-04, 0.000e+00, 2.079e+00, 9.983e+02, 1.209e-07
3.450e-01, 5.000e-01, -5.850e-01, 1.143e+05, 0.000e+00, 2.426e-04, 0.000e+00, 2.077e+00, 9.983e+02, 1.066e-07
3.450e-01, 5.000e-01, -5.750e-01, 1.142e+05, 0.000e+00, 2.132e-04, 0.000e+00, 2.075e+00, 9.983e+02, 9.365e-08
3.450e-01, 5.000e-01, -5.650e-01, 1.141e+05, 0.000e+00, 1.890e-04, 0.000e+00, 2.073e+00, 9.983e+02, 8.303e-08
3.450e-01, 5.000e-01, -5.550e-01, 1.140e+05, 0.000e+00, 1.718e-04, 0.000e+00, 2.071e+00, 9.983e+02, 7.547e-08
3.450e-01, 5.000e-01, -5.450e-01, 1.139e+05, 0.000e+00, 1.642e-04, 0.000e+00, 2.070e+00, 9.983e+02, 7.211e-08
3.450e-01, 5.000e-01, -5.350e-01, 1.138e+05, 0.000e+00, 1.715e-04, 0.000e+00, 2.068e+00, 9.983e+02, 7.534e-08
3.450e-01, 5.000e-01, -5.250e-01, 1.137e+05, 0.000e+00, 2.058e-04, 0.000e+00, 2.066e+00, 9.983e+02, 9.042e-08
3.450e-01, 5.000e-01, -5.150e-01, 1.138e+05, 0.000e+00, 2.671e-04, 0.000e+00, 2.068e+00, 9.983e+02, 1.156e-07
3.450e-01, 5.000e-01, -5.050e-01, 1.137e+05, 0.000e+00, 3.257e-04, 0.000e+00, 2.066e+00, 9.983e+02, 1.398e-07
3.450e-01, 5.000e-01, -4.950e-01, 1.136e+05, 0.000e+00, 3.567e-04, 0.000e+00, 2.064e+00, 9.983e+02, 1.531e-07
3.450e-01, 5.000e-01, -4.850e-01, 1.135e+05, 0.000e+00, 3.605e-04, 0.000e+00, 2.063e+00, 9.983e+02, 1.548e-07
3.450e-01, 5.000e-01, -4.750e-01, 1.135e+05, 0.000e+00, 3.481e-04, 0.000e+00, 2.061e+00, 9.983e+02, 1.494e-07
3.450e-01, 5.000e-01, -4.650e-01, 1.134e+05, 0.000e+00, 3.291e-04, 0.000e+00, 2.059e+00, 9.983e+02, 1.413e-07
3.450e-01, 5.000e-01, -4.550e-01, 1.130e+05, 0.000e+00, 3.111e-04, 0.000e+00, 2.052e+00, 9.983e+02, 1.335e-07
3.450e-01, 5.000e-01, -4.450e-01, 1.129e+05, 0.000e+00, 3.033e-04, 0.000e+00, 2.050e+00, 9.983e+02, 1.302e-07
3.450e-01, 5.000e-01, -4.350e-01, 1.128e+05, 0.000e+00, 3.063e-04, 0.000e+00, 2.048e+00, 9.983e+02, 1.315e-07
3.450e-01, 5.000e-01, -4.250e-01, 1.127e+05, 0.000e+00, 3.169e-04, 0.000e+00, 2.047e+00, 9.983e+02, 1.360e-07
3.450e-01, 5.000e-01, -4.150e-01, 1.126e+05, 0.000e+00, 3.287e-04, 0.000e+00, 2.045e+00, 9.983e+02, 1.411e-07
3.450e-01, 5.000e-01, -4.050e-01, 1.125e+05, 0.000e+00, 3.360e-04, 0.000e+00, 2.043e+00, 9.983e+02, 1.442e-07
3.450e-01, 5.000e-01, -3.950e-01, 1.124e+05, 0.000e+00, 3.372e-04, 0.000e+00, 2.041e+00, 9.983e+02, 1.447e-07
3.450e-01, 5.000e-01, -3.850e-01, 1.123e+05, 0.000e+00, 3.327e-04, 0.000e+00, 2.039e+00, 9.983e+02, 1.428e-07
3.450e-01, 5.000e-01, -3.750e-01, 1.122e+05, 0.000e+00, 3.231e-04, 0.000e+00, 2.038e+00, 9.983e+02, 1.387e-07
3.450e-01, 5.000e-01, -3.650e-01, 1.121e+05, 0.000e+00, 3.077e-04, 0.000e+00, 2.036e+00, 9.983e+02, 1.321e-07
3.450e-01, 5.000e-01, -3.550e-01, 1.120e+05, 0.000e+00, 2.846e-04, 0.000e+00, 2.034e+00, 9.983e+02, 1.222e-07
3.450e-01, 5.000e-01, -3.450e-01, 1.119e+05, 0.000e+00, 2.517e-04, 0.000e+00, 2.033e+00, 9.983e+02, 1.119e-07
3.450e-01, 5.000e-01, -3.350e-01, 1.118e+05, 0.000e+00, 2.232e-04, 0.000e+00, 2.031e+00, 9.983e+02, 1.003e-07
3.450e-01, 5.000e-01, -3.250e-01, 1.117e+05, 0.000e+00, 2.050e-04, 0.000e+00, 2.029e+00, 9.983e+02, 9.212e-08
3.450e-01, 5.000e-01, -3.150e-01, 1.116e+05, 0.000e+00, 1.981e-04, 0.000e+00, 2.027e+00, 9.983e+02, 8.901e-08
3.450e-01, 5.000e-01, -3.050e-01, 1.115e+05, 0.000e+00, 1.972e-04, 0.000e+00, 2.025e+00, 9.983e+02, 8.860e-08
3.450e-01, 5.000e-01, -2.950e-01, 1.114e+05, 0.000e+00, 1.951e-04, 0.000e+00, 2.024e+00, 9.983e+02, 8.765e-08
3.450e-01, 5.000e-01, -2.850e-01, 1.113e+05, 0.000e+00, 1.878e-04, 0.000e+00, 2.022e+00, 9.983e+02, 8.438e-08
3.450e-01, 5.000e-01, -2.750e-01, 1.112e+05, 0.000e+00, 1.782e-04, 0.000e+00, 2.020e+00, 9.983e+02, 8.005e-08
3.450e-01, 5.000e-01, -2.650e-01, 1.112e+05, 0.000e+00, 1.750e-04, 0.000e+00, 2.020e+00, 9.983e+02, 7.762e-08
3.450e-01, 5.000e-01, -2.550e-01, 1.111e+05, 0.000e+00, 1.719e-04, 0.000e+00, 2.018e+00, 9.983e+02, 7.550e-08
3.450e-01, 5.000e-01, -2.450e-01, 1.110e+05, 0.000e+00, 1.644e-04, 0.000e+00, 2.016e+00, 9.983e+02, 7.222e-08
3.450e-01, 5.000e-01, -2.350e-01, 1.109e+05, 0.000e+00, 1.569e-04, 0.000e+00, 2.014e+00, 9.983e+02, 6.890e-08
3.450e-01, 5.000e-01, -2.250e-01, 1.108e+05, 0.000e+00, 1.522e-04, 0.000e+00, 2.012e+00, 9.983e+02, 6.685e-08
3.450e-01, 5.000e-01, -2.150e-01, 1.107e+05, 0.000e+00, 1.506e-04, 0.000e+00, 2.011e+00, 9.983e+02, 6.616e-08
3.450e-01, 5.000e-01, -2.050e-01, 1.106e+05, 0.000e+00, 1.485e-04, 0.000e+00, 2.009e+00, 9.983e+02, 6.521e-08
3.450e-01, 5.000e-01, -1.950e-01, 1.105e+05, 0.000e+00, 1.407e-04, 0.000e+00, 2.007e+00, 9.983e+02, 6.181e-08
3.450e-01, 5.000e-01, -1.850e-01, 1.106e+05, 0.000e+00, 1.257e-04, 0.000e+00, 2.009e+00, 9.983e+02, 5.400e-08
3.450e-01, 5.000e-01, -1.750e-01, 1.105e+05, 0.000e+00, 9.945e-05, 0.000e+00, 2.007e+00, 9.983e+02, 4.269e-08
3.450e-01, 5.000e-01, -1.650e-01, 1.104e+05, 0.000e+00, 7.270e-05, 0.000e+00, 2.005e+00, 9.983e+02, 3.120e-08
3.450e-01, 5.000e-01, -1.550e-01, 1.103e+05, 0.000e+00, 5.157e-05, 0.000e+00, 2.004e+00, 9.983e+02, 2.214e-08
3.450e-01, 5.000e-01, -1.450e-01, 1.102e+05, 0.000e+00, 3.813e-05, 0.000e+00, 2.002e+00, 9.983e+02, 1.637e-08
3.450e-01, 5.000e-01, -1.350e-01, 1.101e+05, 0.000e+00, 3.190e-05, 0.000e+00, 2.000e+00, 9.983e+02, 1.379e-08
3.450e-01, 5.000e-01, -1.250e-01, 1.112e+05, 0.000e+00, 2.610e-05, 0.000e+00, 2.020e+00, 9.983e+02, 1.146e-08
3.450e-01, 5.000e-01, -1.150e-01, 1.111e+05, 0.000e+00, 1.881e-05, 0.000e+00, 2.018e+00, 9.983e+02, 8.264e-09
3.450e-01, 5.000e-01, -1.050e-01, 1.110e+05, 0.000e+00, 1.210e-05, 0.000e+00, 2.017e+00, 9.983e+02, 5.314e-09
3.450e-01, 5.000e-01, -9.500e-02, 1.109e+05, 0.000e+00, 7.028e-06, 0.000e+00, 2.015e+00, 9.983e+02, 3.087e-09
3.450e-01, 5.000e-01, -8.500e-02, 1.108e+05, 0.000e+00, 3.729e-06, 0.000e+00, 2.013e+00, 9.983e+02, 1.638e-09
3.450e-01, 5.000e-01, -7.500e-02, 1.107e+05, 0.000e+00, 1.823e-06, 0.000e+00, 2.011e+00, 9.983e+02, 8.006e-10
3.450e-01, 5.000e-01, -6.500e-02, 1.106e+05, 0.000e+00, 8.265e-07, 0.000e+00, 2.009e+00, 9.983e+02, 3.630e-10
3.450e-01, 5.000e-01, -5.500e-02, 1.105e+05, 0.000e+00, 3.496e-07, 0.000e+00, 2.008e+00, 9.983e+02, 1.536e-10
3.450e-01, 5.000e-01, -4.500e-02, 1.104e+05, 0.000e+00, 1.387e-07, 0.000e+00, 2.006e+00, 9.983e+02, 6.091e-11
3.450e-01, 5.000e-01, -3.500e-02, 1.103e+05, 0.000e+00, 5.180e-08, 0.000e+00, 2.004e+00, 9.983e+02, 2.275e-11
3.450e-01, 5.000e-01, -2.500e-02, 1.102e+05, 0.000e+00, 1.833e-08, 0.000e+00, 2.002e+00, 9.983e+02, 8.050e-12
3.450e-01, 5.000e-01, -1.500e-02, 1.101e+05, 0.000e+00, 6.283e-09, 0.000e+00, 2.000e+00, 9.983e+02, 2.760e-12
3.450e-01, 5.000e-01, -5.000e-03, 1.100e+05, 0.000e+00, 2.406e-09, 0.000e+00, 1.999e+00, 9.983e+02, 1.057e-12
3.550e-01, 5.000e-01, -1.195e+00, 1.202e+05, 0.000e+00, 1.002e-13, 0.000e+00, 2.184e+00, 9.983e+02, 2.000e-17
3.550e-01, 5.000e-01, -1.185e+00, 1.201e+05, 0.000e+00, 1.002e-13, 0.000e+00, 2.182e+00, 9.983e+02, 2.000e-17
3.550e-01, 5.000e-01, -1.175e+00, 1.200e+05, 0.000e+00, 1.002e-13, 0.000e+00, 2.181e+00, 9.983e+02, 2.000e-17
3.550e-01, 5.000e-01, -1.165e+00, 1.199e+05, 0.000e+00, 1.002e-13, 0.000e+00, 2.179e+00, 9.983e+02, 2.000e-17
3.550e-01, 5.000e-01, -1.155e+00, 1.198e+05, 0.000e+00, 1.002e-13, 0.000e+00, 2.177e+00, 9.983e+02, 2.000e-17
3.550e-01, 5.000e-01, -1.145e+00, 1.197e+05, 0.000e+00, 1.002e-13, 0.000e+00, 2.175e+00, 9.983e+02, 2.000e-17
3.550e-01, 5.000e-01, -1.135e+00, 1.196e+05, 0.000e+00, 1.002e-13, 0.000e+00, 2.173e+00, 9.983e+02, 2.000e-17
3.550e-01, 5.000e-01, -1.125e+00, 1.195e+05, 0.000e+00, 1.002e-13, 0.000e+00, 2.172e+00, 9.983e+02, 2.000e-17
3.550e-01, 5.000e-01, -1.115e+00, 1.194e+05, 0.000e+00, 1.002e-13, 0.000e+00, 2.170e+00, 9.983e+02, 2.000e-17
3.550e-01, 5.000e-01, -1.105e+00, 1.193e+05, 0.000e+00, 1.002e-13, 0.000e+00, 2.168e+00, 9.983e+02, 2.000e-17
3.550e-01, 5.000e-01, -1.095e+00, 1.192e+05, 0.000e+00, 1.002e-13, 0.000e+00, 2.166e+00, 9.983e+02, 2.000e-17
3.550e-01, 5.000e-01, -1.085e+00, 1.191e+05, 0.000e+00, 1.982e-13, 0.000e+00, 2.165e+00, 9.983e+02, 5.224e-17
3.550e-01, 5.000e-01, -1.075e+00, 1.190e+05, 0.000e+00, 3.113e-10, 0.000e+00, 2.163e+00, 9.983e+02, 1.401e-13
3.550e-01, 5.000e-01, -1.065e+00, 1.189e+05, 0.000e+00, 2.538e-08, 0.000e+00, 2.161e+00, 9.983e+02, 7.323e-12
3.550e-01, 5.000e-01, -1.055e+00, 1.188e+05, 0.000e+00, 7.923e-04, 0.000e+00, 2.159e+00, 9.984e+02, 3.508e-07
3.550e-01, 5.000e-01, -1.045e+00, 1.187e+05, 0.000e+00, 6.633e-04, 0.000e+00, 2.157e+00, 9.984e+02, 2.987e-07
3.550e-01, 5.000e-01, -1.035e+00, 1.186e+05, 0.000e+00, 5.573e-04, 0.000e+00, 2.156e+00, 9.984e+02, 2.550e-07
3.550e-01, 5.000e-01, -1.025e+00, 1.185e+05, 0.000e+00, 4.853e-04, 0.000e+00, 2.154e+00, 9.984e+02, 2.229e-07
3.550e-01, 5.000e-01, -1.015e+00, 1.184e+05, 0.000e+00, 4.323e-04, 0.000e+00, 2.152e+00, 9.983e+02, 1.985e-07
3.550e-01, 5.000e-01, -1.005e+00, 1.183e+05, 0.000e+00, 3.849e-04, 0.000e+00, 2.150e+00, 9.983e+02, 1.767e-07
3.550e-01, 5.000e-01, -9.950e-01, 1.182e+05, 0.000e+00, 3.419e-04, 0.000e+00, 2.148e+00, 9.983e+02, 1.570e-07
3.550e-01, 5.000e-01, -9.850e-01, 1.181e+05, 0.000e+00, 2.975e-04, 0.000e+00, 2.147e+00, 9.983e+02, 1.366e-07
3.550e-01, 5.000e-01, -9.750e-01, 1.180e+05, 0.000e+00, 2.479e-04, 0.000e+00, 2.145e+00, 9.983e+02, 1.139e-07
3.550e-01, 5.000e-01, -9.650e-01, 1.180e+05, 0.000e+00, 1.930e-04, 0.000e+00, 2.143e+00, 9.983e+02, 8.864e-08
3.550e-01, 5.000e-01, -9.550e-01, 1.179e+05, 0.000e+00, 1.345e-04, 0.000e+00, 2.141e+00, 9.983e+02, 6.177e-08
3.550e-01, 5.000e-01, -9.450e-01, 1.178e+05, 0.000e+00, 7.565e-05, 0.000e+00, 2.139e+00, 9.983e+02, 3.474e-08
3.550e-01, 5.000e-01, -9.350e-01, 1.177e+05, 0.000e+00, 3.117e-05, 0.000e+00, 2.138e+00, 9.983e+02, 1.401e-08
3.550e-01, 5.000e-01, -9.250e-01, 1.179e+05, 0.000e+00, 1.334e-05, 0.000e+00, 2.141e+00, 9.983e+02, 5.727e-09
3.550e-01, 5.000e-01, -9.150e-01, 1.178e+05, 0.000e+00, 6.762e-06, 0.000e+00, 2.140e+00, 9.983e+02, 2.903e-09
3.550e-01, 5.000e-01, -9.050e-01, 1.177e+05, 0.000e+00, 5.633e-06, 0.000e+00, 2.138e+00, 9.983e+02, 2.418e-09
3.550e-01, 5.000e-01, -8.950e-01, 1.176e+05, 0.000e+00, 4.559e-06, 0.000e+00, 2.136e+00, 9.983e+02, 1.963e-09
3.550e-01, 5.000e-01, -8.850e-01, 1.175e+05, 0.000e+00, 4.051e-06, 0.000e+00, 2.134e+00, 9.983e+02, 1.753e-09
3.550e-01, 5.000e-01, -8.750e-01, 1.186e+05, 0.000e+00, 5.217e-06, 0.000e+00, 2.154e+00, 9.983e+02, 2.268e-09
3.550e-01, 5.000e-01, -8.650e-01, 1.185e+05, 0.000e+00, 1.008e-05, 0.000e+00, 2.153e+00, 9.983e+02, 4.402e-09
3.550e-01, 5.000e-01, -8.550e-01, 1.184e+05, 0.000e+00, 2.186e-05, 0.000e+00, 2.151e+00, 9.983e+02, 9.592e-09
3.550e-01, 5.000e-01, -8.450e-01, 1.183e+05, 0.000e+00, 4.467e-05, 0.000e+00, 2.149e+00, 9.983e+02, 1.962e-08
3.550e-01, 5.000e-01, -8.350e-01, 1.182e+05, 0.000e+00, 8.211e-05, 0.000e+00, 2.147e+00, 9.983e+02, 3.607e-08
3.550e-01, 5.000e-01, -8.250e-01, 1.181e+05, 0.000e+00, 1.363e-04, 0.000e+00, 2.145e+00, 9.983e+02, 5.986e-08
3.550e-01, 5.000e-01, -8.150e-01, 1.180e+05, 0.000e+00, 2.096e-04, 0.000e+00, 2.144e+00, 9.983e+02, 9.205e-08
3.550e-01, 5.000e-01, -8.050e-01, 1.179e+05, 0.000e+00, 3.003e-04, 0.000e+00, 2.142e+00, 9.983e+02, 1.319e-07
3.550e-01, 5.000e-01, -7.950e-01, 1.178e+05, 0.000e+00, 3.994e-04, 0.000e+00, 2.140e+00, 9.983e+02, 1.754e-07
3.550e-01, 5.000e-01, -7.850e-01, 1.177e+05, 0.000e+00, 4.919e-04, 0.000e+00, 2.138e+00, 9.984e+02, 2.161e-07
3.550e-01, 5.000e-01, -7.750e-01, 1.176e+05, 0.000e+00, 5.625e-04, 0.000e+00, 2.136e+00, 9.984e+02, 2.471e-07
3.550e-01, 5.000e-01, -7.650e-01, 1.175e+05, 0.000e+00, 6.033e-04, 0.000e+00, 2.135e+00, 9.984e+02, 2.650e-07
3.550e-01, 5.000e-01, -7.550e-01, 1.174e+05, 0.000e+00, 6.165e-04, 0.000e+00, 2.133e+00, 9.984e+02, 2.708e-07
3.550e-01, 5.000e-01, -7.450e-01, 1.173e+05, 0.000e+00, 6.108e-04, 0.000e+00, 2.131e+00, 9.984e+02, 2.706e-07
3.550e-01, 5.000e-01, -7.350e-01, 1.157e+05, 0.000e+00, 5.945e-04, 0.000e+00, 2.102e+00, 9.984e+02, 2.671e-07
3.550e-01, 5.000e-01, -7.250e-01, 1.156e+05, 0.000e+00, 5.628e-04, 0.000e+00, 2.101e+00, 9.984e+02, 2.528e-07
3.550e-01, 5.000e-01, -7.150e-01, 1.155e+05, 0.000e+00, 5.345e-04, 0.000e+00, 2.099e+00, 9.984e+02, 2.401e-07
3.550e-01, 5.000e-01, -7.050e-01, 1.154e+05, 0.000e+00, 5.151e-04, 0.000e+00, 2.097e+00, 9.984e+02, 2.314e-07
3.550e-01, 5.000e-01, -6.950e-01, 1.153e+05, 0.000e+00, 5.011e-04, 0.000e+00, 2.095e+00, 9.984e+02, 2.251e-07
3.550e-01, 5.000e-01, -6.850e-01, 1.152e+05, 0.000e+00, 4.882e-04, 0.000e+00, 2.093e+00, 9.984e+02, 2.193e-07
3.550e-01, 5.000e-01, -6.750e-01, 1.151e+05, 0.000e+00, 4.740e-04, 0.000e+00, 2.092e+00, 9.983e+02, 2.129e-07
3.550e-01, 5.000e-01, -6.650e-01, 1.150e+05, 0.000e+00, 4.571e-04, 0.000e+00, 2.090e+00, 9.983e+02, 2.054e-07
3.550e-01, 5.000e-01, -6.550e-01, 1.149e+05, 0.000e+00, 4.371e-04, 0.000e+00, 2.088e+00, 9.983e+02, 1.964e-07
3.550e-01, 5.000e-01, -6.450e-01, 1.148e+05, 0.000e+00, 4.135e-04, 0.000e+00, 2.086e+00, 9.983e+02, 1.858e-07
3.550e-01, 5.000e-01, -6.350e-01, 1.147e+05, 0.000e+00, 3.859e-04, 0.000e+00, 2.084e+00, 9.983e+02, 1.734e-07
3.550e-01, 5.000e-01, -6.250e-01, 1.146e+05, 0.000e+00, 3.580e-04, 0.000e+00, 2.083e+00, 9.983e+02, 1.608e-07
3.550e-01, 5.000e-01, -6.150e-01, 1.145e+05, 0.000e+00, 3.304e-04, 0.000e+00, 2.081e+00, 9.983e+02, 1.484e-07
3.550e-01, 5.000e-01, -6.050e-01, 1.144e+05, 0.000e+00, 3.018e-04, 0.000e+00, 2.079e+00, 9.983e+02, 1.343e-07
3.550e-01, 5.000e-01, -5.950e-01, 1.144e+05, 0.000e+00, 2.710e-04, 0.000e+00, 2.079e+00, 9.983e+02, 1.191e-07
3.550e-01, 5.000e-01, -5.850e-01, 1.143e+05, 0.000e+00, 2.411e-04, 0.000e+00, 2.077e+00, 9.983e+02, 1.059e-07
3.550e-01, 5.000e-01, -5.750e-01, 1.142e+05, 0.000e+00, 2.154e-04, 0.000e+00, 2.075e+00, 9.983e+02, 9.463e-08
3.550e-01, 5.000e-01, -5.650e-01, 1.141e+05, 0.000e+00, 1.957e-04, 0.000e+00, 2.073e+00, 9.983e+02, 8.596e-08
3.550e-01, 5.000e-01, -5.550e-01, 1.140e+05, 0.000e+00, 1.835e-04, 0.000e+00, 2.071e+00, 9.983e+02, 8.062e-08
3.550e-01, 5.000e-01, -5.450e-01, 1.139e+05, 0.000e+00, 1.818e-04, 0.000e+00, 2.070e+00, 9.983e+02, 7.986e-08
3.550e-01, 5.000e-01, -5.350e-01, 1.138e+05, 0.000e+00, 1.986e-04, 0.000e+00, 2.068e+00, 9.983e+02, 8.724e-08
3.550e-01, 5.000e-01, -5.250e-01, 1.137e+05, 0.000e+00, 2.413e-04, 0.000e+00, 2.066e+00, 9.983e+02, 1.060e-07
3.550e-01, 5.000e-01, -5.150e-01, 1.138e+05, 0.000e+00, 2.968e-04, 0.000e+00, 2.068e+00, 9.983e+02, 1.280e-07
3.550e-01, 5.000e-01, -5.050e-01, 1.137e+05, 0.000e+00, 3.407e-04, 0.000e+00, 2.066e+00, 9.983e+02, 1.463e-07
3.550e-01, 5.000e-01, -4.950e-01, 1.136e+05, 0.000e+00, 3.600e-04, 0.000e+00, 2.064e+00, 9.983e+02, 1.545e-07
3.550e-01, 5.000e-01, -4.850e-01, 1.135e+05, 0.000e+00, 3.579e-04, 0.000e+00, 2.063e+00, 9.983e+02, 1.536e-07
3.550e-01, 5.000e-01, -4.750e-01, 1.135e+05, 0.000e+00, 3.436e-04, 0.000e+00, 2.061e+00, 9.983e+02, 1.475e-07
3.550e-01, 5.000e-01, -4.650e-01, 1.134e+05, 0.000e+00, 3.253e-04, 0.000e+00, 2.059e+00, 9.983e+02, 1.396e-07
3.550e-01, 5.000e-01, -4.550e-01, 1.130e+05, 0.000e+00, 3.096e-04, 0.000e+00, 2.052e+00, 9.983e+02, 1.329e-07
3.550e-01, 5.000e-01, -4.450e-01, 1.129e+05, 0.000e+00, 3.035e-04, 0.000e+00, 2.050e+00, 9.983e+02, 1.303e-07
3.550e-01, 5.000e-01, -4.350e-01, 1.128e+05, 0.000e+00, 3.066e-04, 0.000e+00, 2.048e+00, 9.983e+02, 1.316e-07
3.550e-01, 5.000e-01, -4.250e-01, 1.127e+05, 0.000e+00, 3.165e-04, 0.000e+00, 2.047e+00, 9.983e+02, 1.359e-07
3.550e-01, 5.000e-01, -4.150e-01, 1.126e+05, 0.000e+00, 3.275e-04, 0.000e+00, 2.045e+00, 9.983e+02, 1.406e-07
3.550e-01, 5.000e-01, -4.050e-01, 1.125e+05, 0.000e+00, 3.344e-04, 0.000e+00, 2.043e+00, 9.983e+02, 1.436e-07
3.550e-01, 5.000e-01, -3.950e-01, 1.124e+05, 0.000e+00, 3.360e-04, 0.000e+00, 2.041e+00, 9.983e+02, 1.443e-07
3.550e-01, 5.000e-01, -3.850e-01, 1.123e+05, 0.000e+00, 3.330e-04, 0.000e+00, 2.039e+00, 9.983e+02, 1.429e-07
3.550e-01, 5.000e-01, -3.750e-01, 1.122e+05, 0.000e+00, 3.258e-04, 0.000e+00, 2.038e+00, 9.983e+02, 1.398e-07
3.550e-01, 5.000e-01, -3.650e-01, 1.121e+05, 0.000e+00, 3.137e-04, 0.000e+00, 2.036e+00, 9.983e+02, 1.347e-07
3.550e-01, 5.000e-01, -3.550e-01, 1.120e+05, 0.000e+00, 2.948e-04, 0.000e+00, 2.034e+00, 9.983e+02, 1.266e-07
3.550e-01, 5.000e-01, -3.450e-01, 1.119e+05, 0.000e+00, 2.667e-04, 0.000e+00, 2.033e+00, 9.983e+02, 1.184e-07
3.550e-01, 5.000e-01, -3.350e-01, 1.118e+05, 0.000e+00, 2.396e-04, 0.000e+00, 2.031e+00, 9.983e+02, 1.077e-07
3.550e-01, 5.000e-01, -3.250e-01, 1.117e+05, 0.000e+00, 2.184e-04, 0.000e+00, 2.029e+00, 9.983e+02, 9.810e-08
3.550e-01, 5.000e-01, -3.150e-01, 1.116e+05, 0.000e+00, 2.061e-04, 0.000e+00, 2.027e+00, 9.983e+02, 9.257e-08
3.550e-01, 5.000e-01, -3.050e-01, 1.115e+05, 0.000e+00, 2.038e-04, 0.000e+00, 2.025e+00, 9.983e+02, 9.154e-08
3.550e-01, 5.000e-01, -2.950e-01, 1.114e+05, 0.000e+00, 2.061e-04, 0.000e+00, 2.024e+00, 9.983e+02, 9.260e-08
3.550e-01, 5.000e-01, -2.850e-01, 1.113e+05, 0.000e+00, 2.074e-04, 0.000e+00, 2.022e+00, 9.983e+02, 9.316e-08
3.550e-01, 5.000e-01, -2.750e-01, 1.112e+05, 0.000e+00, 2.055e-04, 0.000e+00, 2.020e+00, 9.983e+02, 9.231e-08
3.550e-01, 5.000e-01, -2.650e-01, 1.112e+05, 0.000e+00, 2.046e-04, 0.000e+00, 2.020e+00, 9.983e+02, 9.089e-08
3.550e-01, 5.000e-01, -2.550e-01, 1.111e+05, 0.000e+00, 2.023e-04, 0.000e+00, 2.018e+00, 9.983e+02, 8.886e-08
3.550e-01, 5.000e-01, -2.450e-01, 1.110e+05, 0.000e+00, 1.949e-04, 0.000e+00, 2.016e+00, 9.983e+02, 8.562e-08
3.550e-01, 5.000e-01, -2.350e-01, 1.109e+05, 0.000e+00, 1.859e-04, 0.000e+00, 2.014e+00, 9.983e+02, 8.165e-08
3.550e-01, 5.000e-01, -2.250e-01, 1.108e+05, 0.000e+00, 1.777e-04, 0.000e+00, 2.012e+00, 9.983e+02, 7.808e-08
3.550e-01, 5.000e-01, -2.150e-01, 1.107e+05, 0.000e+00, 1.710e-04, 0.000e+00, 2.011e+00, 9.983e+02, 7.512e-08
3.550e-01, 5.000e-01, -2.050e-01, 1.106e+05, 0.000e+00, 1.634e-04, 0.000e+00, 2.009e+00, 9.983e+02, 7.178e-08
3.550e-01, 5.000e-01, -1.950e-01, 1.105e+05, 0.000e+00, 1.515e-04, 0.000e+00, 2.007e+00, 9.983e+02, 6.656e-08
3.550e-01, 5.000e-01, -1.850e-01, 1.106e+05, 0.000e+00, 1.345e-04, 0.000e+00, 2.009e+00, 9.983e+02, 5.785e-08
3.550e-01, 5.000e-01, -1.750e-01, 1.105e+05, 0.000e+00, 1.078e-04, 0.000e+00, 2.007e+00, 9.983e+02, 4.629e-08
3.550e-01, 5.000e-01, -1.650e-01, 1.104e+05, 0.000e+00, 8.103e-05, 0.000e+00, 2.005e+00, 9.983e+02, 3.478e-08
3.550e-01, 5.000e-01, -1.550e-01, 1.103e+05, 0.000e+00, 5.950e-05, 0.000e+00, 2.004e+00, 9.983e+02, 2.554e-08
3.550e-01, 5.000e-01, -1.450e-01, 1.102e+05, 0.000e+00, 4.513e-05, 0.000e+00, 2.002e+00, 9.983e+02, 1.937e-08
3.550e-01, 5.000e-01, -1.350e-01, 1.101e+05, 0.000e+00, 3.734e-05, 0.000e+00, 2.000e+00, 9.983e+02, 1.612e-08
3.550e-01, 5.000e-01, -1.250e-01, 1.112e+05, 0.000e+00, 3.009e-05, 0.000e+00, 2.020e+00, 9.983e+02, 1.322e-08
3.550e-01, 5.000e-01, -1.150e-01, 1.111e+05, 0.000e+00, 2.135e-05, 0.000e+00, 2.018e+00, 9.983e+02, 9.376e-09
3.550e-01, 5.000e-01, -1.050e-01, 1.110e+05, 0.000e+00, 1.353e-05, 0.000e+00, 2.017e+00, 9.983e+02, 5.941e-09
3.550e-01, 5.000e-01, -9.500e-02, 1.109e+05, 0.000e+00, 7.764e-06, 0.000e+00, 2.015e+00, 9.983e+02, 3.410e-09
3.550e-01, 5.000e-01, -8.500e-02, 1.108e+05, 0.000e+00, 4.079e-06, 0.000e+00, 2.013e+00, 9.983e+02, 1.792e-09
3.550e-01, 5.000e-01, -7.500e-02, 1.107e+05, 0.000e+00, 1.978e-06, 0.000e+00, 2.011e+00, 9.983e+02, 8.689e-10
3.550e-01, 5.000e-01, -6.500e-02, 1.106e+05, 0.000e+00, 8.915e-07, 0.000e+00, 2.009e+00, 9.983e+02, 3.916e-10
3.550e-01, 5.000e-01, -5.500e-02, 1.105e+05, 0.000e+00, 3.754e-07, 0.000e+00, 2.008e+00, 9.983e+02, 1.649e-10
3.550e-01, 5.000e-01, -4.500e-02, 1.104e+05, 0.000e+00, 1.484e-07, 0.000e+00, 2.006e+00, 9.983e+02, 6.517e-11
3.550e-01, 5.000e-01, -3.500e-02, 1.103e+05, 0.000e+00, 5.527e-08, 0.000e+00, 2.004e+00, 9.983e+02, 2.428e-11
3.550e-01, 5.000e-01, -2.500e-02, 1.102e+05, 0.000e+00, 1.952e-08, 0.000e+00, 2.002e+00, 9.983e+02, 8.576e-12
3.550e-01, 5.000e-01, -1.500e-02, 1.101e+05, 0.000e+00, 6.687e-09, 0.000e+00, 2.000e+00, 9.983e+02, 2.937e-12
3.550e-01, 5.000e-01, -5.000e-03, 1.100e+05, 0.000e+00, 2.557e-09, 0.000e+00, 1.999e+00, 9.983e+02, 1.123e-12
3.650e-01, 5.000e-01, -1.195e+00, 1.202e+05, 0.000e+00, 1.002e-13, 0.000e+00, 2.184e+00, 9.983e+02, 2.000e-17
3.650e-01, 5.000e-01, -1.185e+00, 1.201e+05, 0.000e+00, 1.002e-13, 0.000e+00, 2.182e+00, 9.983e+02, 2.000e-17
3.650e-01, 5.000e-01, -1.175e+00, 1.200e+05, 0.000e+00, 1.002e-13, 0.000e+00, 2.181e+00, 9.983e+02, 2.000e-17
3.650e-01, 5.000e-01, -1.165e+00, 1.199e+05, 0.000e+00, 1.002e-13, 0.000e+00, 2.179e+00, 9.983e+02, 2.000e-17
3.650e-01, 5.000e-01, -1.155e+00, 1.198e+05, 0.000e+00, 1.002e-13, 0.000e+00, 2.177e+00, 9.983e+02, 2.000e-17
3.650e-01, 5.000e-01, -1.145e+00, 1.197e+05, 0.000e+00, 1.002e-13, 0.000e+00, 2.175e+00, 9.983e+02, 2.000e-17
3.650e-01, 5.000e-01, -1.135e+00, 1.196e+05, 0.000e+00, 1.002e-13, 0.000e+00, 2.173e+00, 9.983e+02, 2.000e-17
3.650e-01, 5.000e-01, -1.125e+00, 1.195e+05, 0.000e+00, 1.002e-13, 0.000e+00, 2.172e+00, 9.983e+02, 2.000e-17
3.650e-01, 5.000e-01, -1.115e+00, 1.194e+05, 0.000e+00, 1.002e-13, 0.000e+00, 2.170e+00, 9.983e+02, 2.000e-17
3.650e-01, 5.000e-01, -1.105e+00, 1.193e+05, 0.000e+00, 1.002e-13, 0.000e+00, 2.168e+00, 9.983e+02, 2.000e-17
3.650e-01, 5.000e-01, -1.095e+00, 1.192e+05, 0.000e+00, 1.002e-13, 0.000e+00, 2.166e+00, 9.983e+02, 2.000e-17
3.650e-01, 5.000e-01, -1.085e+00, 1.191e+05, 0.000e+00, 1.002e-13, 0.000e+00, 2.165e+00, 9.983e+02, 2.000e-17
3.650e-01, 5.000e-01, -1.075e+00, 1.190e+05, 0.000e+00, 3.225e-09, 0.000e+00, 2.163e+00, 9.983e+02, 1.092e-12
3.650e-01, 5.000e-01, -1.065e+00, 1.189e+05, 0.000e+00, 8.448e-04, 0.000e+00, 2.161e+00, 9.984e+02, 2.861e-07
3.650e-01, 5.000e-01, -1.055e+00, 1.188e+05, 0.000e+00, 8.273e-04, 0.000e+00, 2.159e+00, 9.984e+02, 3.552e-07
3.650e-01, 5.000e-01, -1.045e+00, 1.187e+05, 0.000e+00, 6.945e-04, 0.000e+00, 2.158e+00, 9.984e+02, 2.982e-07
3.650e-01, 5.000e-01, -1.035e+00, 1.186e+05, 0.000e+00, 5.786e-04, 0.000e+00, 2.156e+00, 9.984e+02, 2.486e-07
3.650e-01, 5.000e-01, -1.025e+00, 1.185e+05, 0.000e+00, 4.979e-04, 0.000e+00, 2.154e+00, 9.984e+02, 2.168e-07
3.650e-01, 5.000e-01, -1.015e+00, 1.185e+05, 0.000e+00, 4.389e-04, 0.000e+00, 2.152e+00, 9.983e+02, 1.945e-07
3.650e-01, 5.000e-01, -1.005e+00, 1.183e+05, 0.000e+00, 3.911e-04, 0.000e+00, 2.150e+00, 9.983e+02, 1.763e-07
3.650e-01, 5.000e-01, -9.950e-01, 1.182e+05, 0.000e+00, 3.451e-04, 0.000e+00, 2.148e+00, 9.983e+02, 1.580e-07
3.650e-01, 5.000e-01, -9.850e-01, 1.181e+05, 0.000e+00, 3.015e-04, 0.000e+00, 2.147e+00, 9.983e+02, 1.385e-07
3.650e-01, 5.000e-01, -9.750e-01, 1.180e+05, 0.000e+00, 2.546e-04, 0.000e+00, 2.145e+00, 9.983e+02, 1.169e-07
3.650e-01, 5.000e-01, -9.650e-01, 1.180e+05, 0.000e+00, 2.034e-04, 0.000e+00, 2.143e+00, 9.983e+02, 9.339e-08
3.650e-01, 5.000e-01, -9.550e-01, 1.179e+05, 0.000e+00, 1.484e-04, 0.000e+00, 2.141e+00, 9.983e+02, 6.817e-08
3.650e-01, 5.000e-01, -9.450e-01, 1.178e+05, 0.000e+00, 9.205e-05, 0.000e+00, 2.139e+00, 9.983e+02, 4.227e-08
3.650e-01, 5.000e-01, -9.350e-01, 1.177e+05, 0.000e+00, 5.270e-05, 0.000e+00, 2.138e+00, 9.983e+02, 2.405e-08
3.650e-01, 5.000e-01, -9.250e-01, 1.179e+05, 0.000e+00, 3.365e-05, 0.000e+00, 2.141e+00, 9.983e+02, 1.470e-08
3.650e-01, 5.000e-01, -9.150e-01, 1.178e+05, 0.000e+00, 2.020e-05, 0.000e+00, 2.140e+00, 9.983e+02, 8.672e-09
3.650e-01, 5.000e-01, -9.050e-01, 1.177e+05, 0.000e+00, 1.380e-05, 0.000e+00, 2.138e+00, 9.983e+02, 5.982e-09
3.650e-01, 5.000e-01, -8.950e-01, 1.176e+05, 0.000e+00, 1.025e-05, 0.000e+00, 2.136e+00, 9.983e+02, 4.399e-09
3.650e-01, 5.000e-01, -8.850e-01, 1.175e+05, 0.000e+00, 8.210e-06, 0.000e+00, 2.134e+00, 9.983e+02, 3.524e-09
3.650e-01, 5.000e-01, -8.750e-01, 1.174e+05, 0.000e+00, 8.367e-06, 0.000e+00, 2.132e+00, 9.983e+02, 3.592e-09
3.650e-01, 5.000e-01, -8.650e-01, 1.173e+05, 0.000e+00, 1.321e-05, 0.000e+00, 2.131e+00, 9.983e+02, 5.672e-09
3.650e-01, 5.000e-01, -8.550e-01, 1.172e+05, 0.000e+00, 2.844e-05, 0.000e+00, 2.129e+00, 9.983e+02, 1.221e-08
3.650e-01, 5.000e-01, -8.450e-01, 1.171e+05, 0.000e+00, 6.331e-05, 0.000e+00, 2.127e+00, 9.983e+02, 2.728e-08
3.650e-01, 5.000e-01, -8.350e-01, 1.170e+05, 0.000e+00, 1.244e-04, 0.000e+00, 2.125e+00, 9.983e+02, 5.386e-08
3.650e-01, 5.000e-01, -8.250e-01, 1.181e+05, 0.000e+00, 2.023e-04, 0.000e+00, 2.145e+00, 9.983e+02, 8.798e-08
3.650e-01, 5.000e-01, -8.150e-01, 1.180e+05, 0.000e+00, 2.849e-04, 0.000e+00, 2.144e+00, 9.983e+02, 1.245e-07
3.650e-01, 5.000e-01, -8.050e-01, 1.179e+05, 0.000e+00, 3.698e-04, 0.000e+00, 2.142e+00, 9.983e+02, 1.623e-07
3.650e-01, 5.000e-01, -7.950e-01, 1.178e+05, 0.000e+00, 4.524e-04, 0.000e+00, 2.140e+00, 9.983e+02, 1.987e-07
3.650e-01, 5.000e-01, -7.850e-01, 1.177e+05, 0.000e+00, 5.250e-04, 0.000e+00, 2.138e+00, 9.984e+02, 2.306e-07
3.650e-01, 5.000e-01, -7.750e-01, 1.176e+05, 0.000e+00, 5.777e-04, 0.000e+00, 2.136e+00, 9.984e+02, 2.538e-07
3.650e-01, 5.000e-01, -7.650e-01, 1.175e+05, 0.000e+00, 6.058e-04, 0.000e+00, 2.135e+00, 9.984e+02, 2.661e-07
3.650e-01, 5.000e-01, -7.550e-01, 1.174e+05, 0.000e+00, 6.125e-04, 0.000e+00, 2.133e+00, 9.984e+02, 2.691e-07
3.650e-01, 5.000e-01, -7.450e-01, 1.173e+05, 0.000e+00, 6.063e-04, 0.000e+00, 2.131e+00, 9.984e+02, 2.675e-07
3.650e-01, 5.000e-01, -7.350e-01, 1.157e+05, 0.000e+00, 5.939e-04, 0.000e+00, 2.102e+00, 9.984e+02, 2.668e-07
3.650e-01, 5.000e-01, -7.250e-01, 1.156e+05, 0.000e+00, 5.583e-04, 0.000e+00, 2.101e+00, 9.984e+02, 2.508e-07
3.650e-01, 5.000e-01, -7.150e-01, 1.155e+05, 0.000e+00, 5.283e-04, 0.000e+00, 2.099e+00, 9.984e+02, 2.373e-07
3.650e-01, 5.000e-01, -7.050e-01, 1.154e+05, 0.000e+00, 5.089e-04, 0.000e+00, 2.097e+00, 9.984e+02, 2.286e-07
3.650e-01, 5.000e-01, -6.950e-01, 1.153e+05, 0.000e+00, 4.939e-04, 0.000e+00, 2.095e+00, 9.984e+02, 2.219e-07
3.650e-01, 5.000e-01, -6.850e-01, 1.152e+05, 0.000e+00, 4.791e-04, 0.000e+00, 2.093e+00, 9.983e+02, 2.152e-07
3.650e-01, 5.000e-01, -6.750e-01, 1.151e+05, 0.000e+00, 4.624e-04, 0.000e+00, 2.092e+00, 9.983e+02, 2.077e-07
3.650e-01, 5.000e-01, -6.650e-01, 1.150e+05, 0.000e+00, 4.432e-04, 0.000e+00, 2.090e+00, 9.983e+02, 1.991e-07
3.650e-01, 5.000e-01, -6.550e-01, 1.149e+05, 0.000e+00, 4.212e-04, 0.000e+00, 2.088e+00, 9.983e+02, 1.892e-07
3.650e-01, 5.000e-01, -6.450e-01, 1.148e+05, 0.000e+00, 3.967e-04, 0.000e+00, 2.086e+00, 9.983e+02, 1.782e-07
3.650e-01, 5.000e-01, -6.350e-01, 1.147e+05, 0.000e+00, 3.727e-04, 0.000e+00, 2.084e+00, 9.983e+02, 1.674e-07
3.650e-01, 5.000e-01, -6.250e-01, 1.146e+05, 0.000e+00, 3.497e-04, 0.000e+00, 2.083e+00, 9.983e+02, 1.571e-07
3.650e-01, 5.000e-01, -6.150e-01, 1.145e+05, 0.000e+00, 3.254e-04, 0.000e+00, 2.081e+00, 9.983e+02, 1.462e-07
3.650e-01, 5.000e-01, -6.050e-01, 1.145e+05, 0.000e+00, 2.983e-04, 0.000e+00, 2.080e+00, 9.983e+02, 1.325e-07
3.650e-01, 5.000e-01, -5.950e-01, 1.144e+05, 0.000e+00, 2.693e-04, 0.000e+00, 2.079e+00, 9.983e+02, 1.183e-07
3.650e-01, 5.000e-01, -5.850e-01, 1.143e+05, 0.000e+00, 2.430e-04, 0.000e+00, 2.077e+00, 9.983e+02, 1.067e-07
3.650e-01, 5.000e-01, -5.750e-01, 1.142e+05, 0.000e+00, 2.221e-04, 0.000e+00, 2.075e+00, 9.983e+02, 9.754e-08
3.650e-01, 5.000e-01, -5.650e-01, 1.141e+05, 0.000e+00, 2.080e-04, 0.000e+00, 2.073e+00, 9.983e+02, 9.139e-08
3.650e-01, 5.000e-01, -5.550e-01, 1.140e+05, 0.000e+00, 2.026e-04, 0.000e+00, 2.071e+00, 9.983e+02, 8.899e-08
3.650e-01, 5.000e-01, -5.450e-01, 1.139e+05, 0.000e+00, 2.097e-04, 0.000e+00, 2.070e+00, 9.983e+02, 9.210e-08
3.650e-01, 5.000e-01, -5.350e-01, 1.138e+05, 0.000e+00, 2.375e-04, 0.000e+00, 2.068e+00, 9.983e+02, 1.043e-07
3.650e-01, 5.000e-01, -5.250e-01, 1.137e+05, 0.000e+00, 2.777e-04, 0.000e+00, 2.066e+00, 9.983e+02, 1.220e-07
3.650e-01, 5.000e-01, -5.150e-01, 1.138e+05, 0.000e+00, 3.233e-04, 0.000e+00, 2.068e+00, 9.983e+02, 1.391e-07
3.650e-01, 5.000e-01, -5.050e-01, 1.137e+05, 0.000e+00, 3.526e-04, 0.000e+00, 2.066e+00, 9.983e+02, 1.514e-07
3.650e-01, 5.000e-01, -4.950e-01, 1.136e+05, 0.000e+00, 3.613e-04, 0.000e+00, 2.064e+00, 9.983e+02, 1.551e-07
3.650e-01, 5.000e-01, -4.850e-01, 1.135e+05, 0.000e+00, 3.540e-04, 0.000e+00, 2.063e+00, 9.983e+02, 1.520e-07
3.650e-01, 5.000e-01, -4.750e-01, 1.135e+05, 0.000e+00, 3.386e-04, 0.000e+00, 2.061e+00, 9.983e+02, 1.453e-07
3.650e-01, 5.000e-01, -4.650e-01, 1.134e+05, 0.000e+00, 3.218e-04, 0.000e+00, 2.059e+00, 9.983e+02, 1.382e-07
3.650e-01, 5.000e-01, -4.550e-01, 1.130e+05, 0.000e+00, 3.091e-04, 0.000e+00, 2.052e+00, 9.983e+02, 1.327e-07
3.650e-01, 5.000e-01, -4.450e-01, 1.129e+05, 0.000e+00, 3.045e-04, 0.000e+00, 2.050e+00, 9.983e+02, 1.307e-07
3.650e-01, 5.000e-01, -4.350e-01, 1.128e+05, 0.000e+00, 3.069e-04, 0.000e+00, 2.048e+00, 9.983e+02, 1.318e-07
3.650e-01, 5.000e-01, -4.250e-01, 1.127e+05, 0.000e+00, 3.155e-04, 0.000e+00, 2.047e+00, 9.983e+02, 1.354e-07
3.650e-01, 5.000e-01, -4.150e-01, 1.126e+05, 0.000e+00, 3.252e-04, 0.000e+00, 2.045e+00, 9.983e+02, 1.396e-07
3.650e-01, 5.000e-01, -4.050e-01, 1.125e+05, 0.000e+00, 3.318e-04, 0.000e+00, 2.043e+00, 9.983e+02, 1.424e-07
3.650e-01, 5.000e-01, -3.950e-01, 1.124e+05, 0.000e+00, 3.339e-04, 0.000e+00, 2.041e+00, 9.983e+02, 1.434e-07
3.650e-01, 5.000e-01, -3.850e-01, 1.123e+05, 0.000e+00, 3.324e-04, 0.000e+00, 2.039e+00, 9.983e+02, 1.427e-07
3.650e-01, 5.000e-01, -3.750e-01, 1.122e+05, 0.000e+00, 3.276e-04, 0.000e+00, 2.038e+00, 9.983e+02, 1.406e-07
3.650e-01, 5.000e-01, -3.650e-01, 1.121e+05, 0.000e+00, 3.191e-04, 0.000e+00, 2.036e+00, 9.983e+02, 1.370e-07
3.650e-01, 5.000e-01, -3.550e-01, 1.120e+05, 0.000e+00, 3.051e-04, 0.000e+00, 2.034e+00, 9.983e+02, 1.310e-07
3.650e-01, 5.000e-01, -3.450e-01, 1.119e+05, 0.000e+00, 2.829e-04, 0.000e+00, 2.033e+00, 9.983e+02, 1.254e-07
3.650e-01, 5.000e-01, -3.350e-01, 1.118e+05, 0.000e+00, 2.591e-04, 0.000e+00, 2.031e+00, 9.983e+02, 1.164e-07
3.650e-01, 5.000e-01, -3.250e-01, 1.117e+05, 0.000e+00, 2.371e-04, 0.000e+00, 2.029e+00, 9.983e+02, 1.065e-07
3.650e-01, 5.000e-01, -3.150e-01, 1.116e+05, 0.000e+00, 2.190e-04, 0.000e+00, 2.027e+00, 9.983e+02, 9.837e-08
3.650e-01, 5.000e-01, -3.050e-01, 1.115e+05, 0.000e+00, 2.097e-04, 0.000e+00, 2.025e+00, 9.983e+02, 9.420e-08
3.650e-01, 5.000e-01, -2.950e-01, 1.114e+05, 0.000e+00, 2.108e-04, 0.000e+00, 2.024e+00, 9.983e+02, 9.470e-08
3.650e-01, 5.000e-01, -2.850e-01, 1.113e+05, 0.000e+00, 2.173e-04, 0.000e+00, 2.022e+00, 9.983e+02, 9.761e-08
3.650e-01, 5.000e-01, -2.750e-01, 1.112e+05, 0.000e+00, 2.232e-04, 0.000e+00, 2.020e+00, 9.983e+02, 1.003e-07
3.650e-01, 5.000e-01, -2.650e-01, 1.111e+05, 0.000e+00, 2.271e-04, 0.000e+00, 2.018e+00, 9.983e+02, 1.010e-07
3.650e-01, 5.000e-01, -2.550e-01, 1.111e+05, 0.000e+00, 2.273e-04, 0.000e+00, 2.018e+00, 9.983e+02, 9.985e-08
3.650e-01, 5.000e-01, -2.450e-01, 1.110e+05, 0.000e+00, 2.215e-04, 0.000e+00, 2.016e+00, 9.983e+02, 9.728e-08
3.650e-01, 5.000e-01, -2.350e-01, 1.109e+05, 0.000e+00, 2.121e-04, 0.000e+00, 2.014e+00, 9.983e+02, 9.318e-08
3.650e-01, 5.000e-01, -2.250e-01, 1.108e+05, 0.000e+00, 2.016e-04, 0.000e+00, 2.012e+00, 9.983e+02, 8.854e-08
3.650e-01, 5.000e-01, -2.150e-01, 1.107e+05, 0.000e+00, 1.906e-04, 0.000e+00, 2.011e+00, 9.983e+02, 8.373e-08
3.650e-01, 5.000e-01, -2.050e-01, 1.106e+05, 0.000e+00, 1.783e-04, 0.000e+00, 2.009e+00, 9.983e+02, 7.833e-08
3.650e-01, 5.000e-01, -1.950e-01, 1.105e+05, 0.000e+00, 1.629e-04, 0.000e+00, 2.007e+00, 9.983e+02, 7.154e-08
3.650e-01, 5.000e-01, -1.850e-01, 1.106e+05, 0.000e+00, 1.439e-04, 0.000e+00, 2.009e+00, 9.983e+02, 6.196e-08
3.650e-01, 5.000e-01, -1.750e-01, 1.105e+05, 0.000e+00, 1.171e-04, 0.000e+00, 2.007e+00, 9.983e+02, 5.028e-08
3.650e-01, 5.000e-01, -1.650e-01, 1.104e+05, 0.000e+00, 9.045e-05, 0.000e+00, 2.005e+00, 9.983e+02, 3.883e-08
3.650e-01, 5.000e-01, -1.550e-01, 1.103e+05, 0.000e+00, 6.853e-05, 0.000e+00, 2.004e+00, 9.983e+02, 2.942e-08
3.650e-01, 5.000e-01, -1.450e-01, 1.102e+05, 0.000e+00, 5.292e-05, 0.000e+00, 2.002e+00, 9.983e+02, 2.272e-08
3.650e-01, 5.000e-01, -1.350e-01, 1.101e+05, 0.000e+00, 4.282e-05, 0.000e+00, 2.000e+00, 9.983e+02, 1.844e-08
3.650e-01, 5.000e-01, -1.250e-01, 1.112e+05, 0.000e+00, 3.372e-05, 0.000e+00, 2.020e+00, 9.983e+02, 1.481e-08
3.650e-01, 5.000e-01, -1.150e-01, 1.111e+05, 0.000e+00, 2.344e-05, 0.000e+00, 2.018e+00, 9.983e+02, 1.029e-08
3.650e-01, 5.000e-01, -1.050e-01, 1.110e+05, 0.000e+00, 1.461e-05, 0.000e+00, 2.017e+00, 9.983e+02, 6.416e-09
3.650e-01, 5.000e-01, -9.500e-02, 1.109e+05, 0.000e+00, 8.278e-06, 0.000e+00, 2.015e+00, 9.983e+02, 3.636e-09
3.650e-01, 5.000e-01, -8.500e-02, 1.108e+05, 0.000e+00, 4.307e-06, 0.000e+00, 2.013e+00, 9.983e+02, 1.892e-09
3.650e-01, 5.000e-01, -7.500e-02, 1.107e+05, 0.000e+00, 2.074e-06, 0.000e+00, 2.011e+00, 9.983e+02, 9.110e-10
3.650e-01, 5.000e-01, -6.500e-02, 1.106e+05, 0.000e+00, 9.300e-07, 0.000e+00, 2.009e+00, 9.983e+02, 4.085e-10
3.650e-01, 5.000e-01, -5.500e-02, 1.105e+05, 0.000e+00, 3.903e-07, 0.000e+00, 2.008e+00, 9.983e+02, 1.714e-10
3.650e-01, 5.000e-01, -4.500e-02, 1.104e+05, 0.000e+00, 1.539e-07, 0.000e+00, 2.006e+00, 9.983e+02, 6.761e-11
3.650e-01, 5.000e-01, -3.500e-02, 1.103e+05, 0.000e+00, 5.729e-08, 0.000e+00, 2.004e+00, 9.983e+02, 2.516e-11
3.650e-01, 5.000e-01, -2.500e-02, 1.102e+05, 0.000e+00, 2.024e-08, 0.000e+00, 2.002e+00, 9.983e+02, 8.889e-12
3.650e-01, 5.000e-01, -1.500e-02, 1.101e+05, 0.000e+00, 6.937e-09, 0.000e+00, 2.000e+00, 9.983e+02, 3.047e-12
3.650e-01, 5.000e-01, -5.000e-03, 1.100e+05, 0.000e+00, 2.653e-09, 0.000e+00, 1.999e+00, 9.983e+02, 1.165e-12
3.750e-01, 5.000e-01, -1.195e+00, 1.202e+05, 0.000e+00, 1.002e-13, 0.000e+00, 2.184e+00, 9.983e+02, 2.000e-17
3.750e-01, 5.000e-01, -1.185e+00, 1.201e+05, 0.000e+00, 1.002e-13, 0.000e+00, 2.182e+00, 9.983e+02, 2.000e-17
3.750e-01, 5.000e-01, -1.175e+00, 1.200e+05, 0.000e+00, 1.002e-13, 0.000e+00, 2.181e+00, 9.983e+02, 2.000e-17
3.750e-01, 5.000e-01, -1.165e+00, 1.199e+05, 0.000e+00, 1.002e-13, 0.000e+00, 2.179e+00, 9.983e+02, 2.000e-17
3.750e-01, 5.000e-01, -1.155e+00, 1.198e+05, 0.000e+00, 1.002e-13, 0.000e+00, 2.177e+00, 9.983e+02, 2.000e-17
3.750e-01, 5.000e-01, -1.145e+00, 1.197e+05, 0.000e+00, 1.002e-13, 0.000e+00, 2.175e+00, 9.983e+02, 2.000e-17
3.750e-01, 5.000e-01, -1.135e+00, 1.196e+05, 0.000e+00, 1.002e-13, 0.000e+00, 2.173e+00, 9.983e+02, 2.000e-17
3.750e-01, 5.000e-01, -1.125e+00, 1.195e+05, 0.000e+00, 1.002e-13, 0.000e+00, 2.172e+00, 9.983e+02, 2.000e-17
3.750e-01, 5.000e-01, -1.115e+00, 1.194e+05, 0.000e+00, 1.002e-13, 0.000e+00, 2.170e+00, 9.983e+02, 2.000e-17
3.750e-01, 5.000e-01, -1.105e+00, 1.193e+05, 0.000e+00, 1.002e-13, 0.000e+00, 2.168e+00, 9.983e+02, 2.000e-17
3.750e-01, 5.000e-01, -1.095e+00, 1.192e+05, 0.000e+00, 1.002e-13, 0.000e+00, 2.166e+00, 9.983e+02, 2.000e-17
3.750e-01, 5.000e-01, -1.085e+00, 1.191e+05, 0.000e+00, 1.002e-13, 0.000e+00, 2.165e+00, 9.983e+02, 2.000e-17
3.750e-01, 5.000e-01, -1.075e+00, 1.190e+05, 0.000e+00, 4.180e-09, 0.000e+00, 2.163e+00, 9.983e+02, 1.707e-12
3.750e-01, 5.000e-01, -1.065e+00, 1.189e+05, 0.000e+00, 8.762e-04, 0.000e+00, 2.161e+00, 9.984e+02, 3.579e-07
3.750e-01, 5.000e-01, -1.055e+00, 1.188e+05, 0.000e+00, 8.495e-04, 0.000e+00, 2.159e+00, 9.984e+02, 3.647e-07
3.750e-01, 5.000e-01, -1.045e+00, 1.187e+05, 0.000e+00, 7.157e-04, 0.000e+00, 2.158e+00, 9.984e+02, 3.072e-07
3.750e-01, 5.000e-01, -1.035e+00, 1.186e+05, 0.000e+00, 5.951e-04, 0.000e+00, 2.156e+00, 9.984e+02, 2.555e-07
3.750e-01, 5.000e-01, -1.025e+00, 1.185e+05, 0.000e+00, 5.098e-04, 0.000e+00, 2.154e+00, 9.984e+02, 2.189e-07
3.750e-01, 5.000e-01, -1.015e+00, 1.185e+05, 0.000e+00, 4.471e-04, 0.000e+00, 2.152e+00, 9.983e+02, 1.919e-07
3.750e-01, 5.000e-01, -1.005e+00, 1.184e+05, 0.000e+00, 3.973e-04, 0.000e+00, 2.150e+00, 9.983e+02, 1.705e-07
3.750e-01, 5.000e-01, -9.950e-01, 1.183e+05, 0.000e+00, 3.515e-04, 0.000e+00, 2.149e+00, 9.983e+02, 1.511e-07
3.750e-01, 5.000e-01, -9.850e-01, 1.182e+05, 0.000e+00, 3.077e-04, 0.000e+00, 2.147e+00, 9.983e+02, 1.342e-07
3.750e-01, 5.000e-01, -9.750e-01, 1.181e+05, 0.000e+00, 2.610e-04, 0.000e+00, 2.145e+00, 9.983e+02, 1.158e-07
3.750e-01, 5.000e-01, -9.650e-01, 1.180e+05, 0.000e+00, 2.114e-04, 0.000e+00, 2.143e+00, 9.983e+02, 9.537e-08
3.750e-01, 5.000e-01, -9.550e-01, 1.179e+05, 0.000e+00, 1.608e-04, 0.000e+00, 2.141e+00, 9.983e+02, 7.367e-08
3.750e-01, 5.000e-01, -9.450e-01, 1.178e+05, 0.000e+00, 1.096e-04, 0.000e+00, 2.139e+00, 9.983e+02, 5.032e-08
3.750e-01, 5.000e-01, -9.350e-01, 1.177e+05, 0.000e+00, 7.230e-05, 0.000e+00, 2.138e+00, 9.983e+02, 3.311e-08
3.750e-01, 5.000e-01, -9.250e-01, 1.176e+05, 0.000e+00, 5.733e-05, 0.000e+00, 2.136e+00, 9.983e+02, 2.575e-08
3.750e-01, 5.000e-01, -9.150e-01, 1.175e+05, 0.000e+00, 4.280e-05, 0.000e+00, 2.135e+00, 9.983e+02, 1.890e-08
3.750e-01, 5.000e-01, -9.050e-01, 1.174e+05, 0.000e+00, 3.000e-05, 0.000e+00, 2.133e+00, 9.983e+02, 1.318e-08
3.750e-01, 5.000e-01, -8.950e-01, 1.176e+05, 0.000e+00, 2.159e-05, 0.000e+00, 2.136e+00, 9.983e+02, 9.460e-09
3.750e-01, 5.000e-01, -8.850e-01, 1.175e+05, 0.000e+00, 1.623e-05, 0.000e+00, 2.134e+00, 9.983e+02, 6.967e-09
3.750e-01, 5.000e-01, -8.750e-01, 1.174e+05, 0.000e+00, 1.469e-05, 0.000e+00, 2.132e+00, 9.983e+02, 6.306e-09
3.750e-01, 5.000e-01, -8.650e-01, 1.173e+05, 0.000e+00, 2.141e-05, 0.000e+00, 2.131e+00, 9.983e+02, 9.190e-09
3.750e-01, 5.000e-01, -8.550e-01, 1.172e+05, 0.000e+00, 4.550e-05, 0.000e+00, 2.129e+00, 9.983e+02, 1.953e-08
3.750e-01, 5.000e-01, -8.450e-01, 1.171e+05, 0.000e+00, 1.031e-04, 0.000e+00, 2.127e+00, 9.983e+02, 4.425e-08
3.750e-01, 5.000e-01, -8.350e-01, 1.170e+05, 0.000e+00, 2.142e-04, 0.000e+00, 2.125e+00, 9.983e+02, 9.196e-08
3.750e-01, 5.000e-01, -8.250e-01, 1.169e+05, 0.000e+00, 3.278e-04, 0.000e+00, 2.123e+00, 9.983e+02, 1.407e-07
3.750e-01, 5.000e-01, -8.150e-01, 1.168e+05, 0.000e+00, 4.170e-04, 0.000e+00, 2.122e+00, 9.983e+02, 1.790e-07
3.750e-01, 5.000e-01, -8.050e-01, 1.167e+05, 0.000e+00, 4.803e-04, 0.000e+00, 2.120e+00, 9.983e+02, 2.063e-07
3.750e-01, 5.000e-01, -7.950e-01, 1.166e+05, 0.000e+00, 5.245e-04, 0.000e+00, 2.118e+00, 9.984e+02, 2.261e-07
3.750e-01, 5.000e-01, -7.850e-01, 1.177e+05, 0.000e+00, 5.577e-04, 0.000e+00, 2.138e+00, 9.984e+02, 2.431e-07
3.750e-01, 5.000e-01, -7.750e-01, 1.176e+05, 0.000e+00, 5.811e-04, 0.000e+00, 2.136e+00, 9.984e+02, 2.553e-07
3.750e-01, 5.000e-01, -7.650e-01, 1.175e+05, 0.000e+00, 5.938e-04, 0.000e+00, 2.135e+00, 9.984e+02, 2.608e-07
3.750e-01, 5.000e-01, -7.550e-01, 1.174e+05, 0.000e+00, 5.960e-04, 0.000e+00, 2.133e+00, 9.984e+02, 2.618e-07
3.750e-01, 5.000e-01, -7.450e-01, 1.173e+05, 0.000e+00, 5.917e-04, 0.000e+00, 2.131e+00, 9.984e+02, 2.599e-07
3.750e-01, 5.000e-01, -7.350e-01, 1.157e+05, 0.000e+00, 5.836e-04, 0.000e+00, 2.102e+00, 9.984e+02, 2.598e-07
3.750e-01, 5.000e-01, -7.250e-01, 1.156e+05, 0.000e+00, 5.491e-04, 0.000e+00, 2.101e+00, 9.984e+02, 2.467e-07
3.750e-01, 5.000e-01, -7.150e-01, 1.155e+05, 0.000e+00, 5.197e-04, 0.000e+00, 2.099e+00, 9.984e+02, 2.335e-07
3.750e-01, 5.000e-01, -7.050e-01, 1.154e+05, 0.000e+00, 4.997e-04, 0.000e+00, 2.097e+00, 9.984e+02, 2.245e-07
3.750e-01, 5.000e-01, -6.950e-01, 1.153e+05, 0.000e+00, 4.830e-04, 0.000e+00, 2.095e+00, 9.983e+02, 2.170e-07
3.750e-01, 5.000e-01, -6.850e-01, 1.152e+05, 0.000e+00, 4.657e-04, 0.000e+00, 2.093e+00, 9.983e+02, 2.092e-07
3.750e-01, 5.000e-01, -6.750e-01, 1.151e+05, 0.000e+00, 4.467e-04, 0.000e+00, 2.092e+00, 9.983e+02, 2.007e-07
3.750e-01, 5.000e-01, -6.650e-01, 1.150e+05, 0.000e+00, 4.258e-04, 0.000e+00, 2.090e+00, 9.983e+02, 1.913e-07
3.750e-01, 5.000e-01, -6.550e-01, 1.149e+05, 0.000e+00, 4.036e-04, 0.000e+00, 2.088e+00, 9.983e+02, 1.813e-07
3.750e-01, 5.000e-01, -6.450e-01, 1.148e+05, 0.000e+00, 3.830e-04, 0.000e+00, 2.086e+00, 9.983e+02, 1.721e-07
3.750e-01, 5.000e-01, -6.350e-01, 1.147e+05, 0.000e+00, 3.646e-04, 0.000e+00, 2.084e+00, 9.983e+02, 1.638e-07
3.750e-01, 5.000e-01, -6.250e-01, 1.146e+05, 0.000e+00, 3.455e-04, 0.000e+00, 2.083e+00, 9.983e+02, 1.552e-07
3.750e-01, 5.000e-01, -6.150e-01, 1.145e+05, 0.000e+00, 3.236e-04, 0.000e+00, 2.081e+00, 9.983e+02, 1.454e-07
3.750e-01, 5.000e-01, -6.050e-01, 1.145e+05, 0.000e+00, 2.977e-04, 0.000e+00, 2.080e+00, 9.983e+02, 1.319e-07
3.750e-01, 5.000e-01, -5.950e-01, 1.144e+05, 0.000e+00, 2.712e-04, 0.000e+00, 2.079e+00, 9.983e+02, 1.191e-07
3.750e-01, 5.000e-01, -5.850e-01, 1.143e+05, 0.000e+00, 2.497e-04, 0.000e+00, 2.077e+00, 9.983e+02, 1.097e-07
3.750e-01, 5.000e-01, -5.750e-01, 1.142e+05, 0.000e+00, 2.350e-04, 0.000e+00, 2.075e+00, 9.983e+02, 1.032e-07
3.750e-01, 5.000e-01, -5.650e-01, 1.141e+05, 0.000e+00, 2.283e-04, 0.000e+00, 2.073e+00, 9.983e+02, 1.003e-07
3.750e-01, 5.000e-01, -5.550e-01, 1.140e+05, 0.000e+00, 2.322e-04, 0.000e+00, 2.071e+00, 9.983e+02, 1.020e-07
3.750e-01, 5.000e-01, -5.450e-01, 1.139e+05, 0.000e+00, 2.510e-04, 0.000e+00, 2.070e+00, 9.983e+02, 1.102e-07
3.750e-01, 5.000e-01, -5.350e-01, 1.138e+05, 0.000e+00, 2.775e-04, 0.000e+00, 2.068e+00, 9.983e+02, 1.219e-07
3.750e-01, 5.000e-01, -5.250e-01, 1.137e+05, 0.000e+00, 3.101e-04, 0.000e+00, 2.066e+00, 9.983e+02, 1.362e-07
3.750e-01, 5.000e-01, -5.150e-01, 1.138e+05, 0.000e+00, 3.435e-04, 0.000e+00, 2.068e+00, 9.983e+02, 1.479e-07
3.750e-01, 5.000e-01, -5.050e-01, 1.137e+05, 0.000e+00, 3.599e-04, 0.000e+00, 2.066e+00, 9.983e+02, 1.545e-07
3.750e-01, 5.000e-01, -4.950e-01, 1.136e+05, 0.000e+00, 3.599e-04, 0.000e+00, 2.064e+00, 9.983e+02, 1.545e-07
3.750e-01, 5.000e-01, -4.850e-01, 1.135e+05, 0.000e+00, 3.489e-04, 0.000e+00, 2.063e+00, 9.983e+02, 1.498e-07
3.750e-01, 5.000e-01, -4.750e-01, 1.135e+05, 0.000e+00, 3.336e-04, 0.000e+00, 2.061e+00, 9.983e+02, 1.432e-07
3.750e-01, 5.000e-01, -4.650e-01, 1.134e+05, 0.000e+00, 3.194e-04, 0.000e+00, 2.059e+00, 9.983e+02, 1.371e-07
3.750e-01, 5.000e-01, -4.550e-01, 1.130e+05, 0.000e+00, 3.099e-04, 0.000e+00, 2.052e+00, 9.983e+02, 1.330e-07
3.750e-01, 5.000e-01, -4.450e-01, 1.129e+05, 0.000e+00, 3.062e-04, 0.000e+00, 2.050e+00, 9.983e+02, 1.315e-07
3.750e-01, 5.000e-01, -4.350e-01, 1.128e+05, 0.000e+00, 3.075e-04, 0.000e+00, 2.048e+00, 9.983e+02, 1.320e-07
3.750e-01, 5.000e-01, -4.250e-01, 1.127e+05, 0.000e+00, 3.141e-04, 0.000e+00, 2.047e+00, 9.983e+02, 1.348e-07
3.750e-01, 5.000e-01, -4.150e-01, 1.126e+05, 0.000e+00, 3.223e-04, 0.000e+00, 2.045e+00, 9.983e+02, 1.384e-07
3.750e-01, 5.000e-01, -4.050e-01, 1.125e+05, 0.000e+00, 3.283e-04, 0.000e+00, 2.043e+00, 9.983e+02, 1.409e-07
3.750e-01, 5.000e-01, -3.950e-01, 1.124e+05, 0.000e+00, 3.310e-04, 0.000e+00, 2.041e+00, 9.983e+02, 1.421e-07
3.750e-01, 5.000e-01, -3.850e-01, 1.123e+05, 0.000e+00, 3.308e-04, 0.000e+00, 2.039e+00, 9.983e+02, 1.420e-07
3.750e-01, 5.000e-01, -3.750e-01, 1.122e+05, 0.000e+00, 3.283e-04, 0.000e+00, 2.038e+00, 9.983e+02, 1.409e-07
3.750e-01, 5.000e-01, -3.650e-01, 1.121e+05, 0.000e+00, 3.233e-04, 0.000e+00, 2.036e+00, 9.983e+02, 1.388e-07
3.750e-01, 5.000e-01, -3.550e-01, 1.120e+05, 0.000e+00, 3.143e-04, 0.000e+00, 2.034e+00, 9.983e+02, 1.349e-07
3.750e-01, 5.000e-01, -3.450e-01, 1.119e+05, 0.000e+00, 2.989e-04, 0.000e+00, 2.033e+00, 9.983e+02, 1.323e-07
3.750e-01, 5.000e-01, -3.350e-01, 1.118e+05, 0.000e+00, 2.802e-04, 0.000e+00, 2.031e+00, 9.983e+02, 1.259e-07
3.750e-01, 5.000e-01, -3.250e-01, 1.117e+05, 0.000e+00, 2.609e-04, 0.000e+00, 2.029e+00, 9.983e+02, 1.172e-07
3.750e-01, 5.000e-01, -3.150e-01, 1.116e+05, 0.000e+00, 2.415e-04, 0.000e+00, 2.027e+00, 9.983e+02, 1.085e-07
3.750e-01, 5.000e-01, -3.050e-01, 1.115e+05, 0.000e+00, 2.262e-04, 0.000e+00, 2.025e+00, 9.983e+02, 1.016e-07
3.750e-01, 5.000e-01, -2.950e-01, 1.114e+05, 0.000e+00, 2.206e-04, 0.000e+00, 2.024e+00, 9.983e+02, 9.909e-08
3.750e-01, 5.000e-01, -2.850e-01, 1.113e+05, 0.000e+00, 2.264e-04, 0.000e+00, 2.022e+00, 9.983e+02, 1.017e-07
3.750e-01, 5.000e-01, -2.750e-01, 1.112e+05, 0.000e+00, 2.361e-04, 0.000e+00, 2.020e+00, 9.983e+02, 1.061e-07
3.750e-01, 5.000e-01, -2.650e-01, 1.111e+05, 0.000e+00, 2.441e-04, 0.000e+00, 2.018e+00, 9.983e+02, 1.087e-07
3.750e-01, 5.000e-01, -2.550e-01, 1.111e+05, 0.000e+00, 2.472e-04, 0.000e+00, 2.018e+00, 9.983e+02, 1.086e-07
3.750e-01, 5.000e-01, -2.450e-01, 1.110e+05, 0.000e+00, 2.431e-04, 0.000e+00, 2.016e+00, 9.983e+02, 1.068e-07
3.750e-01, 5.000e-01, -2.350e-01, 1.109e+05, 0.000e+00, 2.342e-04, 0.000e+00, 2.014e+00, 9.983e+02, 1.029e-07
3.750e-01, 5.000e-01, -2.250e-01, 1.108e+05, 0.000e+00, 2.223e-04, 0.000e+00, 2.012e+00, 9.983e+02, 9.766e-08
3.750e-01, 5.000e-01, -2.150e-01, 1.107e+05, 0.000e+00, 2.086e-04, 0.000e+00, 2.011e+00, 9.983e+02, 9.161e-08
3.750e-01, 5.000e-01, -2.050e-01, 1.106e+05, 0.000e+00, 1.929e-04, 0.000e+00, 2.009e+00, 9.983e+02, 8.473e-08
3.750e-01, 5.000e-01, -1.950e-01, 1.105e+05, 0.000e+00, 1.747e-04, 0.000e+00, 2.007e+00, 9.983e+02, 7.673e-08
3.750e-01, 5.000e-01, -1.850e-01, 1.106e+05, 0.000e+00, 1.541e-04, 0.000e+00, 2.009e+00, 9.983e+02, 6.640e-08
3.750e-01, 5.000e-01, -1.750e-01, 1.105e+05, 0.000e+00, 1.273e-04, 0.000e+00, 2.007e+00, 9.983e+02, 5.465e-08
3.750e-01, 5.000e-01, -1.650e-01, 1.104e+05, 0.000e+00, 1.007e-04, 0.000e+00, 2.005e+00, 9.983e+02, 4.322e-08
3.750e-01, 5.000e-01, -1.550e-01, 1.103e+05, 0.000e+00, 7.817e-05, 0.000e+00, 2.004e+00, 9.983e+02, 3.355e-08
3.750e-01, 5.000e-01, -1.450e-01, 1.102e+05, 0.000e+00, 6.095e-05, 0.000e+00, 2.002e+00, 9.983e+02, 2.616e-08
3.750e-01, 5.000e-01, -1.350e-01, 1.101e+05, 0.000e+00, 4.806e-05, 0.000e+00, 2.000e+00, 9.983e+02, 2.064e-08
3.750e-01, 5.000e-01, -1.250e-01, 1.112e+05, 0.000e+00, 3.677e-05, 0.000e+00, 2.020e+00, 9.983e+02, 1.615e-08
3.750e-01, 5.000e-01, -1.150e-01, 1.111e+05, 0.000e+00, 2.499e-05, 0.000e+00, 2.018e+00, 9.983e+02, 1.098e-08
3.750e-01, 5.000e-01, -1.050e-01, 1.110e+05, 0.000e+00, 1.533e-05, 0.000e+00, 2.017e+00, 9.983e+02, 6.731e-09
3.750e-01, 5.000e-01, -9.500e-02, 1.109e+05, 0.000e+00, 8.582e-06, 0.000e+00, 2.015e+00, 9.983e+02, 3.770e-09
3.750e-01, 5.000e-01, -8.500e-02, 1.108e+05, 0.000e+00, 4.429e-06, 0.000e+00, 2.013e+00, 9.983e+02, 1.945e-09
3.750e-01, 5.000e-01, -7.500e-02, 1.107e+05, 0.000e+00, 2.121e-06, 0.000e+00, 2.011e+00, 9.983e+02, 9.315e-10
3.750e-01, 5.000e-01, -6.500e-02, 1.106e+05, 0.000e+00, 9.477e-07, 0.000e+00, 2.009e+00, 9.983e+02, 4.163e-10
3.750e-01, 5.000e-01, -5.500e-02, 1.105e+05, 0.000e+00, 3.971e-07, 0.000e+00, 2.008e+00, 9.983e+02, 1.744e-10
3.750e-01, 5.000e-01, -4.500e-02, 1.104e+05, 0.000e+00, 1.566e-07, 0.000e+00, 2.006e+00, 9.983e+02, 6.878e-11
3.750e-01, 5.000e-01, -3.500e-02, 1.103e+05, 0.000e+00, 5.834e-08, 0.000e+00, 2.004e+00, 9.983e+02, 2.562e-11
3.750e-01, 5.000e-01, -2.500e-02, 1.102e+05, 0.000e+00, 2.064e-08, 0.000e+00, 2.002e+00, 9.983e+02, 9.067e-12
3.750e-01, 5.000e-01, -1.500e-02, 1.101e+05, 0.000e+00, 7.095e-09, 0.000e+00, 2.000e+00, 9.983e+02, 3.116e-12
3.750e-01, 5.000e-01, -5.000e-03, 1.100e+05, 0.000e+00, 2.719e-09, 0.000e+00, 1.999e+00, 9.983e+02, 1.194e-12
3.850e-01, 5.000e-01, -1.195e+00, 1.202e+05, 0.000e+00, 1.002e-13, 0.000e+00, 2.184e+00, 9.983e+02, 2.000e-17
3.850e-01, 5.000e-01, -1.185e+00, 1.201e+05, 0.000e+00, 1.002e-13, 0.000e+00, 2.182e+00, 9.983e+02, 2.000e-17
3.850e-01, 5.000e-01, -1.175e+00, 1.200e+05, 0.000e+00, 1.002e-13, 0.000e+00, 2.181e+00, 9.983e+02, 2.000e-17
3.850e-01, 5.000e-01, -1.165e+00, 1.199e+05, 0.000e+00, 1.002e-13, 0.000e+00, 2.179e+00, 9.983e+02, 2.000e-17
3.850e-01, 5.000e-01, -1.155e+00, 1.198e+05, 0.000e+00, 1.002e-13, 0.000e+00, 2.177e+00, 9.983e+02, 2.000e-17
3.850e-01, 5.000e-01, -1.145e+00, 1.197e+05, 0.000e+00, 1.002e-13, 0.000e+00, 2.175e+00, 9.983e+02, 2.000e-17
3.850e-01, 5.000e-01, -1.135e+00, 1.196e+05, 0.000e+00, 1.002e-13, 0.000e+00, 2.173e+00, 9.983e+02, 2.000e-17
3.850e-01, 5.000e-01, -1.125e+00, 1.195e+05, 0.000e+00, 1.002e-13, 0.000e+00, 2.172e+00, 9.983e+02, 2.000e-17
3.850e-01, 5.000e-01, -1.115e+00, 1.194e+05, 0.000e+00, 1.002e-13, 0.000e+00, 2.170e+00, 9.983e+02, 2.000e-17
3.850e-01, 5.000e-01, -1.105e+00, 1.193e+05, 0.000e+00, 1.002e-13, 0.000e+00, 2.168e+00, 9.983e+02, 2.000e-17
3.850e-01, 5.000e-01, -1.095e+00, 1.192e+05, 0.000e+00, 1.002e-13, 0.000e+00, 2.166e+00, 9.983e+02, 2.000e-17
3.850e-01, 5.000e-01, -1.085e+00, 1.191e+05, 0.000e+00, 8.705e-10, 0.000e+00, 2.165e+00, 9.983e+02, 2.823e-13
3.850e-01, 5.000e-01, -1.075e+00, 1.190e+05, 0.000e+00, 4.795e-09, 0.000e+00, 2.163e+00, 9.983e+02, 1.974e-12
3.850e-01, 5.000e-01, -1.065e+00, 1.189e+05, 0.000e+00, 9.027e-04, 0.000e+00, 2.161e+00, 9.984e+02, 3.875e-07
3.850e-01, 5.000e-01, -1.055e+00, 1.188e+05, 0.000e+00, 8.607e-04, 0.000e+00, 2.159e+00, 9.984e+02, 3.695e-07
3.850e-01, 5.000e-01, -1.045e+00, 1.187e+05, 0.000e+00, 7.308e-04, 0.000e+00, 2.158e+00, 9.984e+02, 3.137e-07
3.850e-01, 5.000e-01, -1.035e+00, 1.186e+05, 0.000e+00, 6.068e-04, 0.000e+00, 2.156e+00, 9.984e+02, 2.605e-07
3.850e-01, 5.000e-01, -1.025e+00, 1.185e+05, 0.000e+00, 5.188e-04, 0.000e+00, 2.154e+00, 9.984e+02, 2.227e-07
3.850e-01, 5.000e-01, -1.015e+00, 1.185e+05, 0.000e+00, 4.536e-04, 0.000e+00, 2.152e+00, 9.983e+02, 1.947e-07
3.850e-01, 5.000e-01, -1.005e+00, 1.184e+05, 0.000e+00, 4.025e-04, 0.000e+00, 2.150e+00, 9.983e+02, 1.728e-07
3.850e-01, 5.000e-01, -9.950e-01, 1.183e+05, 0.000e+00, 3.580e-04, 0.000e+00, 2.149e+00, 9.983e+02, 1.537e-07
3.850e-01, 5.000e-01, -9.850e-01, 1.182e+05, 0.000e+00, 3.162e-04, 0.000e+00, 2.147e+00, 9.983e+02, 1.358e-07
3.850e-01, 5.000e-01, -9.750e-01, 1.181e+05, 0.000e+00, 2.715e-04, 0.000e+00, 2.145e+00, 9.983e+02, 1.165e-07
3.850e-01, 5.000e-01, -9.650e-01, 1.180e+05, 0.000e+00, 2.207e-04, 0.000e+00, 2.143e+00, 9.983e+02, 9.472e-08
3.850e-01, 5.000e-01, -9.550e-01, 1.179e+05, 0.000e+00, 1.712e-04, 0.000e+00, 2.141e+00, 9.983e+02, 7.364e-08
3.850e-01, 5.000e-01, -9.450e-01, 1.178e+05, 0.000e+00, 1.229e-04, 0.000e+00, 2.140e+00, 9.983e+02, 5.364e-08
3.850e-01, 5.000e-01, -9.350e-01, 1.177e+05, 0.000e+00, 8.648e-05, 0.000e+00, 2.138e+00, 9.983e+02, 3.837e-08
3.850e-01, 5.000e-01, -9.250e-01, 1.176e+05, 0.000e+00, 7.237e-05, 0.000e+00, 2.136e+00, 9.983e+02, 3.223e-08
3.850e-01, 5.000e-01, -9.150e-01, 1.175e+05, 0.000e+00, 5.883e-05, 0.000e+00, 2.135e+00, 9.983e+02, 2.643e-08
3.850e-01, 5.000e-01, -9.050e-01, 1.174e+05, 0.000e+00, 4.602e-05, 0.000e+00, 2.133e+00, 9.983e+02, 2.065e-08
3.850e-01, 5.000e-01, -8.950e-01, 1.173e+05, 0.000e+00, 3.523e-05, 0.000e+00, 2.131e+00, 9.983e+02, 1.581e-08
3.850e-01, 5.000e-01, -8.850e-01, 1.175e+05, 0.000e+00, 2.754e-05, 0.000e+00, 2.134e+00, 9.983e+02, 1.203e-08
3.850e-01, 5.000e-01, -8.750e-01, 1.174e+05, 0.000e+00, 2.383e-05, 0.000e+00, 2.132e+00, 9.983e+02, 1.029e-08
3.850e-01, 5.000e-01, -8.650e-01, 1.173e+05, 0.000e+00, 3.337e-05, 0.000e+00, 2.131e+00, 9.983e+02, 1.432e-08
3.850e-01, 5.000e-01, -8.550e-01, 1.172e+05, 0.000e+00, 7.322e-05, 0.000e+00, 2.129e+00, 9.983e+02, 3.159e-08
3.850e-01, 5.000e-01, -8.450e-01, 1.168e+05, 0.000e+00, 1.782e-04, 0.000e+00, 2.122e+00, 9.983e+02, 7.885e-08
3.850e-01, 5.000e-01, -8.350e-01, 1.170e+05, 0.000e+00, 3.173e-04, 0.000e+00, 2.125e+00, 9.983e+02, 1.362e-07
3.850e-01, 5.000e-01, -8.250e-01, 1.169e+05, 0.000e+00, 4.167e-04, 0.000e+00, 2.123e+00, 9.983e+02, 1.789e-07
3.850e-01, 5.000e-01, -8.150e-01, 1.168e+05, 0.000e+00, 4.844e-04, 0.000e+00, 2.122e+00, 9.984e+02, 2.079e-07
3.850e-01, 5.000e-01, -8.050e-01, 1.167e+05, 0.000e+00, 5.255e-04, 0.000e+00, 2.120e+00, 9.984e+02, 2.256e-07
3.850e-01, 5.000e-01, -7.950e-01, 1.166e+05, 0.000e+00, 5.451e-04, 0.000e+00, 2.118e+00, 9.984e+02, 2.340e-07
3.850e-01, 5.000e-01, -7.850e-01, 1.163e+05, 0.000e+00, 5.515e-04, 0.000e+00, 2.113e+00, 9.984e+02, 2.398e-07
3.850e-01, 5.000e-01, -7.750e-01, 1.162e+05, 0.000e+00, 5.529e-04, 0.000e+00, 2.111e+00, 9.984e+02, 2.429e-07
3.850e-01, 5.000e-01, -7.650e-01, 1.161e+05, 0.000e+00, 5.525e-04, 0.000e+00, 2.109e+00, 9.984e+02, 2.427e-07
3.850e-01, 5.000e-01, -7.550e-01, 1.160e+05, 0.000e+00, 5.504e-04, 0.000e+00, 2.107e+00, 9.984e+02, 2.418e-07
3.850e-01, 5.000e-01, -7.450e-01, 1.159e+05, 0.000e+00, 5.522e-04, 0.000e+00, 2.105e+00, 9.984e+02, 2.426e-07
3.850e-01, 5.000e-01, -7.350e-01, 1.158e+05, 0.000e+00, 5.567e-04, 0.000e+00, 2.104e+00, 9.984e+02, 2.455e-07
3.850e-01, 5.000e-01, -7.250e-01, 1.156e+05, 0.000e+00, 5.353e-04, 0.000e+00, 2.101e+00, 9.984e+02, 2.420e-07
3.850e-01, 5.000e-01, -7.150e-01, 1.155e+05, 0.000e+00, 5.068e-04, 0.000e+00, 2.099e+00, 9.984e+02, 2.277e-07
3.850e-01, 5.000e-01, -7.050e-01, 1.154e+05, 0.000e+00, 4.857e-04, 0.000e+00, 2.097e+00, 9.984e+02, 2.182e-07
3.850e-01, 5.000e-01, -6.950e-01, 1.153e+05, 0.000e+00, 4.669e-04, 0.000e+00, 2.095e+00, 9.983e+02, 2.097e-07
3.850e-01, 5.000e-01, -6.850e-01, 1.152e+05, 0.000e+00, 4.477e-04, 0.000e+00, 2.093e+00, 9.983e+02, 2.011e-07
3.850e-01, 5.000e-01, -6.750e-01, 1.151e+05, 0.000e+00, 4.275e-04, 0.000e+00, 2.092e+00, 9.983e+02, 1.920e-07
3.850e-01, 5.000e-01, -6.650e-01, 1.150e+05, 0.000e+00, 4.073e-04, 0.000e+00, 2.090e+00, 9.983e+02, 1.830e-07
3.850e-01, 5.000e-01, -6.550e-01, 1.149e+05, 0.000e+00, 3.893e-04, 0.000e+00, 2.088e+00, 9.983e+02, 1.749e-07
3.850e-01, 5.000e-01, -6.450e-01, 1.148e+05, 0.000e+00, 3.748e-04, 0.000e+00, 2.086e+00, 9.983e+02, 1.684e-07
3.850e-01, 5.000e-01, -6.350e-01, 1.147e+05, 0.000e+00, 3.604e-04, 0.000e+00, 2.084e+00, 9.983e+02, 1.619e-07
3.850e-01, 5.000e-01, -6.250e-01, 1.146e+05, 0.000e+00, 3.442e-04, 0.000e+00, 2.083e+00, 9.983e+02, 1.546e-07
3.850e-01, 5.000e-01, -6.150e-01, 1.145e+05, 0.000e+00, 3.246e-04, 0.000e+00, 2.081e+00, 9.983e+02, 1.458e-07
3.850e-01, 5.000e-01, -6.050e-01, 1.145e+05, 0.000e+00, 3.005e-04, 0.000e+00, 2.080e+00, 9.983e+02, 1.329e-07
3.850e-01, 5.000e-01, -5.950e-01, 1.144e+05, 0.000e+00, 2.782e-04, 0.000e+00, 2.079e+00, 9.983e+02, 1.222e-07
3.850e-01, 5.000e-01, -5.850e-01, 1.143e+05, 0.000e+00, 2.631e-04, 0.000e+00, 2.077e+00, 9.983e+02, 1.156e-07
3.850e-01, 5.000e-01, -5.750e-01, 1.142e+05, 0.000e+00, 2.563e-04, 0.000e+00, 2.075e+00, 9.983e+02, 1.126e-07
3.850e-01, 5.000e-01, -5.650e-01, 1.141e+05, 0.000e+00, 2.586e-04, 0.000e+00, 2.073e+00, 9.983e+02, 1.136e-07
3.850e-01, 5.000e-01, -5.550e-01, 1.140e+05, 0.000e+00, 2.712e-04, 0.000e+00, 2.071e+00, 9.983e+02, 1.191e-07
3.850e-01, 5.000e-01, -5.450e-01, 1.139e+05, 0.000e+00, 2.905e-04, 0.000e+00, 2.070e+00, 9.983e+02, 1.276e-07
3.850e-01, 5.000e-01, -5.350e-01, 1.138e+05, 0.000e+00, 3.122e-04, 0.000e+00, 2.068e+00, 9.983e+02, 1.371e-07
3.850e-01, 5.000e-01, -5.250e-01, 1.137e+05, 0.000e+00, 3.358e-04, 0.000e+00, 2.066e+00, 9.983e+02, 1.475e-07
3.850e-01, 5.000e-01, -5.150e-01, 1.138e+05, 0.000e+00, 3.567e-04, 0.000e+00, 2.068e+00, 9.983e+02, 1.538e-07
3.850e-01, 5.000e-01, -5.050e-01, 1.137e+05, 0.000e+00, 3.624e-04, 0.000e+00, 2.066e+00, 9.983e+02, 1.556e-07
3.850e-01, 5.000e-01, -4.950e-01, 1.136e+05, 0.000e+00, 3.562e-04, 0.000e+00, 2.064e+00, 9.983e+02, 1.529e-07
3.850e-01, 5.000e-01, -4.850e-01, 1.135e+05, 0.000e+00, 3.434e-04, 0.000e+00, 2.063e+00, 9.983e+02, 1.474e-07
3.850e-01, 5.000e-01, -4.750e-01, 1.135e+05, 0.000e+00, 3.295e-04, 0.000e+00, 2.061e+00, 9.983e+02, 1.415e-07
3.850e-01, 5.000e-01, -4.650e-01, 1.134e+05, 0.000e+00, 3.186e-04, 0.000e+00, 2.059e+00, 9.983e+02, 1.367e-07
3.850e-01, 5.000e-01, -4.550e-01, 1.130e+05, 0.000e+00, 3.119e-04, 0.000e+00, 2.052e+00, 9.983e+02, 1.339e-07
3.850e-01, 5.000e-01, -4.450e-01, 1.129e+05, 0.000e+00, 3.088e-04, 0.000e+00, 2.050e+00, 9.983e+02, 1.326e-07
3.850e-01, 5.000e-01, -4.350e-01, 1.128e+05, 0.000e+00, 3.087e-04, 0.000e+00, 2.048e+00, 9.983e+02, 1.325e-07
3.850e-01, 5.000e-01, -4.250e-01, 1.127e+05, 0.000e+00, 3.130e-04, 0.000e+00, 2.047e+00, 9.983e+02, 1.344e-07
3.850e-01, 5.000e-01, -4.150e-01, 1.126e+05, 0.000e+00, 3.194e-04, 0.000e+00, 2.045e+00, 9.983e+02, 1.371e-07
3.850e-01, 5.000e-01, -4.050e-01, 1.125e+05, 0.000e+00, 3.246e-04, 0.000e+00, 2.043e+00, 9.983e+02, 1.393e-07
3.850e-01, 5.000e-01, -3.950e-01, 1.124e+05, 0.000e+00, 3.273e-04, 0.000e+00, 2.041e+00, 9.983e+02, 1.405e-07
3.850e-01, 5.000e-01, -3.850e-01, 1.123e+05, 0.000e+00, 3.281e-04, 0.000e+00, 2.039e+00, 9.983e+02, 1.408e-07
3.850e-01, 5.000e-01, -3.750e-01, 1.122e+05, 0.000e+00, 3.274e-04, 0.000e+00, 2.038e+00, 9.983e+02, 1.405e-07
3.850e-01, 5.000e-01, -3.650e-01, 1.121e+05, 0.000e+00, 3.253e-04, 0.000e+00, 2.036e+00, 9.983e+02, 1.396e-07
3.850e-01, 5.000e-01, -3.550e-01, 1.120e+05, 0.000e+00, 3.210e-04, 0.000e+00, 2.034e+00, 9.983e+02, 1.378e-07
3.850e-01, 5.000e-01, -3.450e-01, 1.119e+05, 0.000e+00, 3.126e-04, 0.000e+00, 2.033e+00, 9.983e+02, 1.382e-07
3.850e-01, 5.000e-01, -3.350e-01, 1.118e+05, 0.000e+00, 3.003e-04, 0.000e+00, 2.031e+00, 9.983e+02, 1.349e-07
3.850e-01, 5.000e-01, -3.250e-01, 1.117e+05, 0.000e+00, 2.861e-04, 0.000e+00, 2.029e+00, 9.983e+02, 1.285e-07
3.850e-01, 5.000e-01, -3.150e-01, 1.116e+05, 0.000e+00, 2.702e-04, 0.000e+00, 2.027e+00, 9.983e+02, 1.214e-07
3.850e-01, 5.000e-01, -3.050e-01, 1.115e+05, 0.000e+00, 2.551e-04, 0.000e+00, 2.025e+00, 9.983e+02, 1.146e-07
3.850e-01, 5.000e-01, -2.950e-01, 1.114e+05, 0.000e+00, 2.451e-04, 0.000e+00, 2.024e+00, 9.983e+02, 1.101e-07
3.850e-01, 5.000e-01, -2.850e-01, 1.113e+05, 0.000e+00, 2.449e-04, 0.000e+00, 2.022e+00, 9.983e+02, 1.100e-07
3.850e-01, 5.000e-01, -2.750e-01, 1.112e+05, 0.000e+00, 2.528e-04, 0.000e+00, 2.020e+00, 9.983e+02, 1.135e-07
3.850e-01, 5.000e-01, -2.650e-01, 1.111e+05, 0.000e+00, 2.610e-04, 0.000e+00, 2.018e+00, 9.983e+02, 1.164e-07
3.850e-01, 5.000e-01, -2.550e-01, 1.111e+05, 0.000e+00, 2.648e-04, 0.000e+00, 2.018e+00, 9.983e+02, 1.163e-07
3.850e-01, 5.000e-01, -2.450e-01, 1.110e+05, 0.000e+00, 2.613e-04, 0.000e+00, 2.016e+00, 9.983e+02, 1.148e-07
3.850e-01, 5.000e-01, -2.350e-01, 1.109e+05, 0.000e+00, 2.525e-04, 0.000e+00, 2.014e+00, 9.983e+02, 1.109e-07
3.850e-01, 5.000e-01, -2.250e-01, 1.108e+05, 0.000e+00, 2.400e-04, 0.000e+00, 2.012e+00, 9.983e+02, 1.054e-07
3.850e-01, 5.000e-01, -2.150e-01, 1.107e+05, 0.000e+00, 2.246e-04, 0.000e+00, 2.011e+00, 9.983e+02, 9.866e-08
3.850e-01, 5.000e-01, -2.050e-01, 1.106e+05, 0.000e+00, 2.069e-04, 0.000e+00, 2.009e+00, 9.983e+02, 9.089e-08
3.850e-01, 5.000e-01, -1.950e-01, 1.105e+05, 0.000e+00, 1.869e-04, 0.000e+00, 2.007e+00, 9.983e+02, 8.211e-08
3.850e-01, 5.000e-01, -1.850e-01, 1.106e+05, 0.000e+00, 1.650e-04, 0.000e+00, 2.009e+00, 9.983e+02, 7.115e-08
3.850e-01, 5.000e-01, -1.750e-01, 1.105e+05, 0.000e+00, 1.381e-04, 0.000e+00, 2.007e+00, 9.983e+02, 5.928e-08
3.850e-01, 5.000e-01, -1.650e-01, 1.104e+05, 0.000e+00, 1.113e-04, 0.000e+00, 2.005e+00, 9.983e+02, 4.777e-08
3.850e-01, 5.000e-01, -1.550e-01, 1.103e+05, 0.000e+00, 8.775e-05, 0.000e+00, 2.004e+00, 9.983e+02, 3.767e-08
3.850e-01, 5.000e-01, -1.450e-01, 1.102e+05, 0.000e+00, 6.848e-05, 0.000e+00, 2.002e+00, 9.983e+02, 2.940e-08
3.850e-01, 5.000e-01, -1.350e-01, 1.101e+05, 0.000e+00, 5.274e-05, 0.000e+00, 2.000e+00, 9.983e+02, 2.264e-08
3.850e-01, 5.000e-01, -1.250e-01, 1.112e+05, 0.000e+00, 3.906e-05, 0.000e+00, 2.020e+00, 9.983e+02, 1.710e-08
3.850e-01, 5.000e-01, -1.150e-01, 1.111e+05, 0.000e+00, 2.600e-05, 0.000e+00, 2.018e+00, 9.983e+02, 1.142e-08
3.850e-01, 5.000e-01, -1.050e-01, 1.110e+05, 0.000e+00, 1.573e-05, 0.000e+00, 2.017e+00, 9.983e+02, 6.908e-09
3.850e-01, 5.000e-01, -9.500e-02, 1.109e+05, 0.000e+00, 8.724e-06, 0.000e+00, 2.015e+00, 9.983e+02, 3.832e-09
3.850e-01, 5.000e-01, -8.500e-02, 1.108e+05, 0.000e+00, 4.474e-06, 0.000e+00, 2.013e+00, 9.983e+02, 1.965e-09
3.850e-01, 5.000e-01, -7.500e-02, 1.107e+05, 0.000e+00, 2.135e-06, 0.000e+00, 2.011e+00, 9.983e+02, 9.376e-10
3.850e-01, 5.000e-01, -6.500e-02, 1.106e+05, 0.000e+00, 9.525e-07, 0.000e+00, 2.009e+00, 9.983e+02, 4.184e-10
3.850e-01, 5.000e-01, -5.500e-02, 1.105e+05, 0.000e+00, 3.992e-07, 0.000e+00, 2.008e+00, 9.983e+02, 1.753e-10
3.850e-01, 5.000e-01, -4.500e-02, 1.104e+05, 0.000e+00, 1.576e-07, 0.000e+00, 2.006e+00, 9.983e+02, 6.924e-11
3.850e-01, 5.000e-01, -3.500e-02, 1.103e+05, 0.000e+00, 5.887e-08, 0.000e+00, 2.004e+00, 9.983e+02, 2.586e-11
3.850e-01, 5.000e-01, -2.500e-02, 1.102e+05, 0.000e+00, 2.090e-08, 0.000e+00, 2.002e+00, 9.983e+02, 9.179e-12
3.850e-01, 5.000e-01, -1.500e-02, 1.101e+05, 0.000e+00, 7.211e-09, 0.000e+00, 2.000e+00, 9.983e+02, 3.167e-12
3.850e-01, 5.000e-01, -5.000e-03, 1.100e+05, 0.000e+00, 2.772e-09, 0.000e+00, 1.999e+00, 9.983e+02, 1.218e-12
3.950e-01, 5.000e-01, -1.195e+00, 1.202e+05, 0.000e+00, 1.002e-13, 0.000e+00, 2.184e+00, 9.983e+02, 2.000e-17
3.950e-01, 5.000e-01, -1.185e+00, 1.201e+05, 0.000e+00, 1.002e-13, 0.000e+00, 2.182e+00, 9.983e+02, 2.000e-17
3.950e-01, 5.000e-01, -1.175e+00, 1.200e+05, 0.000e+00, 1.002e-13, 0.000e+00, 2.181e+00, 9.983e+02, 2.000e-17
3.950e-01, 5.000e-01, -1.165e+00, 1.199e+05, 0.000e+00, 1.002e-13, 0.000e+00, 2.179e+00, 9.983e+02, 2.000e-17
3.950e-01, 5.000e-01, -1.155e+00, 1.198e+05, 0.000e+00, 1.002e-13, 0.000e+00, 2.177e+00, 9.983e+02, 2.000e-17
3.950e-01, 5.000e-01, -1.145e+00, 1.197e+05, 0.000e+00, 1.002e-13, 0.000e+00, 2.175e+00, 9.983e+02, 2.000e-17
3.950e-01, 5.000e-01, -1.135e+00, 1.196e+05, 0.000e+00, 1.002e-13, 0.000e+00, 2.173e+00, 9.983e+02, 2.000e-17
3.950e-01, 5.000e-01, -1.125e+00, 1.195e+05, 0.000e+00, 1.002e-13, 0.000e+00, 2.172e+00, 9.983e+02, 2.000e-17
3.950e-01, 5.000e-01, -1.115e+00, 1.194e+05, 0.000e+00, 1.002e-13, 0.000e+00, 2.170e+00, 9.983e+02, 2.000e-17
3.950e-01, 5.000e-01, -1.105e+00, 1.193e+05, 0.000e+00, 1.002e-13, 0.000e+00, 2.168e+00, 9.983e+02, 2.000e-17
3.950e-01, 5.000e-01, -1.095e+00, 1.192e+05, 0.000e+00, 1.002e-13, 0.000e+00, 2.166e+00, 9.983e+02, 2.000e-17
3.950e-01, 5.000e-01, -1.085e+00, 1.191e+05, 0.000e+00, 3.485e-09, 0.000e+00, 2.165e+00, 9.983e+02, 1.130e-12
3.950e-01, 5.000e-01, -1.075e+00, 1.190e+05, 0.000e+00, 9.126e-04, 0.000e+00, 2.163e+00, 9.984e+02, 2.960e-07
3.950e-01, 5.000e-01, -1.065e+00, 1.189e+05, 0.000e+00, 9.143e-04, 0.000e+00, 2.161e+00, 9.984e+02, 3.926e-07
3.950e-01, 5.000e-01, -1.055e+00, 1.188e+05, 0.000e+00, 8.525e-04, 0.000e+00, 2.159e+00, 9.984e+02, 3.660e-07
3.950e-01, 5.000e-01, -1.045e+00, 1.187e+05, 0.000e+00, 7.362e-04, 0.000e+00, 2.158e+00, 9.984e+02, 3.161e-07
3.950e-01, 5.000e-01, -1.035e+00, 1.186e+05, 0.000e+00, 6.158e-04, 0.000e+00, 2.156e+00, 9.984e+02, 2.644e-07
3.950e-01, 5.000e-01, -1.025e+00, 1.185e+05, 0.000e+00, 5.268e-04, 0.000e+00, 2.154e+00, 9.984e+02, 2.261e-07
3.950e-01, 5.000e-01, -1.015e+00, 1.185e+05, 0.000e+00, 4.596e-04, 0.000e+00, 2.152e+00, 9.983e+02, 1.973e-07
3.950e-01, 5.000e-01, -1.005e+00, 1.184e+05, 0.000e+00, 4.071e-04, 0.000e+00, 2.150e+00, 9.983e+02, 1.748e-07
3.950e-01, 5.000e-01, -9.950e-01, 1.183e+05, 0.000e+00, 3.633e-04, 0.000e+00, 2.149e+00, 9.983e+02, 1.559e-07
3.950e-01, 5.000e-01, -9.850e-01, 1.182e+05, 0.000e+00, 3.234e-04, 0.000e+00, 2.147e+00, 9.983e+02, 1.388e-07
3.950e-01, 5.000e-01, -9.750e-01, 1.181e+05, 0.000e+00, 2.830e-04, 0.000e+00, 2.145e+00, 9.983e+02, 1.215e-07
3.950e-01, 5.000e-01, -9.650e-01, 1.180e+05, 0.000e+00, 2.375e-04, 0.000e+00, 2.143e+00, 9.983e+02, 1.020e-07
3.950e-01, 5.000e-01, -9.550e-01, 1.179e+05, 0.000e+00, 1.877e-04, 0.000e+00, 2.141e+00, 9.983e+02, 8.055e-08
3.950e-01, 5.000e-01, -9.450e-01, 1.178e+05, 0.000e+00, 1.408e-04, 0.000e+00, 2.140e+00, 9.983e+02, 6.045e-08
3.950e-01, 5.000e-01, -9.350e-01, 1.177e+05, 0.000e+00, 1.033e-04, 0.000e+00, 2.138e+00, 9.983e+02, 4.433e-08
3.950e-01, 5.000e-01, -9.250e-01, 1.176e+05, 0.000e+00, 8.762e-05, 0.000e+00, 2.136e+00, 9.983e+02, 3.761e-08
3.950e-01, 5.000e-01, -9.150e-01, 1.175e+05, 0.000e+00, 7.479e-05, 0.000e+00, 2.134e+00, 9.983e+02, 3.236e-08
3.950e-01, 5.000e-01, -9.050e-01, 1.174e+05, 0.000e+00, 6.186e-05, 0.000e+00, 2.133e+00, 9.983e+02, 2.721e-08
3.950e-01, 5.000e-01, -8.950e-01, 1.173e+05, 0.000e+00, 4.870e-05, 0.000e+00, 2.131e+00, 9.983e+02, 2.177e-08
3.950e-01, 5.000e-01, -8.850e-01, 1.172e+05, 0.000e+00, 3.968e-05, 0.000e+00, 2.129e+00, 9.983e+02, 1.782e-08
3.950e-01, 5.000e-01, -8.750e-01, 1.171e+05, 0.000e+00, 3.436e-05, 0.000e+00, 2.127e+00, 9.983e+02, 1.542e-08
3.950e-01, 5.000e-01, -8.650e-01, 1.173e+05, 0.000e+00, 4.382e-05, 0.000e+00, 2.131e+00, 9.983e+02, 1.919e-08
3.950e-01, 5.000e-01, -8.550e-01, 1.169e+05, 0.000e+00, 1.082e-04, 0.000e+00, 2.124e+00, 9.983e+02, 4.804e-08
3.950e-01, 5.000e-01, -8.450e-01, 1.168e+05, 0.000e+00, 2.463e-04, 0.000e+00, 2.122e+00, 9.983e+02, 1.106e-07
3.950e-01, 5.000e-01, -8.350e-01, 1.170e+05, 0.000e+00, 3.863e-04, 0.000e+00, 2.125e+00, 9.983e+02, 1.685e-07
3.950e-01, 5.000e-01, -8.250e-01, 1.169e+05, 0.000e+00, 4.628e-04, 0.000e+00, 2.123e+00, 9.983e+02, 1.987e-07
3.950e-01, 5.000e-01, -8.150e-01, 1.168e+05, 0.000e+00, 5.060e-04, 0.000e+00, 2.122e+00, 9.984e+02, 2.172e-07
3.950e-01, 5.000e-01, -8.050e-01, 1.167e+05, 0.000e+00, 5.254e-04, 0.000e+00, 2.120e+00, 9.984e+02, 2.255e-07
3.950e-01, 5.000e-01, -7.950e-01, 1.166e+05, 0.000e+00, 5.291e-04, 0.000e+00, 2.118e+00, 9.984e+02, 2.271e-07
3.950e-01, 5.000e-01, -7.850e-01, 1.163e+05, 0.000e+00, 5.262e-04, 0.000e+00, 2.113e+00, 9.984e+02, 2.293e-07
3.950e-01, 5.000e-01, -7.750e-01, 1.162e+05, 0.000e+00, 5.202e-04, 0.000e+00, 2.111e+00, 9.984e+02, 2.285e-07
3.950e-01, 5.000e-01, -7.650e-01, 1.161e+05, 0.000e+00, 5.136e-04, 0.000e+00, 2.109e+00, 9.984e+02, 2.256e-07
3.950e-01, 5.000e-01, -7.550e-01, 1.160e+05, 0.000e+00, 5.106e-04, 0.000e+00, 2.107e+00, 9.984e+02, 2.243e-07
3.950e-01, 5.000e-01, -7.450e-01, 1.159e+05, 0.000e+00, 5.095e-04, 0.000e+00, 2.105e+00, 9.984e+02, 2.238e-07
3.950e-01, 5.000e-01, -7.350e-01, 1.157e+05, 0.000e+00, 5.081e-04, 0.000e+00, 2.102e+00, 9.984e+02, 2.291e-07
3.950e-01, 5.000e-01, -7.250e-01, 1.156e+05, 0.000e+00, 5.038e-04, 0.000e+00, 2.100e+00, 9.984e+02, 2.313e-07
3.950e-01, 5.000e-01, -7.150e-01, 1.155e+05, 0.000e+00, 4.794e-04, 0.000e+00, 2.098e+00, 9.983e+02, 2.196e-07
3.950e-01, 5.000e-01, -7.050e-01, 1.154e+05, 0.000e+00, 4.620e-04, 0.000e+00, 2.097e+00, 9.983e+02, 2.098e-07
3.950e-01, 5.000e-01, -6.950e-01, 1.153e+05, 0.000e+00, 4.436e-04, 0.000e+00, 2.095e+00, 9.983e+02, 1.997e-07
3.950e-01, 5.000e-01, -6.850e-01, 1.152e+05, 0.000e+00, 4.249e-04, 0.000e+00, 2.093e+00, 9.983e+02, 1.909e-07
3.950e-01, 5.000e-01, -6.750e-01, 1.151e+05, 0.000e+00, 4.069e-04, 0.000e+00, 2.092e+00, 9.983e+02, 1.828e-07
3.950e-01, 5.000e-01, -6.650e-01, 1.150e+05, 0.000e+00, 3.916e-04, 0.000e+00, 2.090e+00, 9.983e+02, 1.759e-07
3.950e-01, 5.000e-01, -6.550e-01, 1.149e+05, 0.000e+00, 3.804e-04, 0.000e+00, 2.088e+00, 9.983e+02, 1.709e-07
3.950e-01, 5.000e-01, -6.450e-01, 1.148e+05, 0.000e+00, 3.700e-04, 0.000e+00, 2.086e+00, 9.983e+02, 1.662e-07
3.950e-01, 5.000e-01, -6.350e-01, 1.147e+05, 0.000e+00, 3.585e-04, 0.000e+00, 2.084e+00, 9.983e+02, 1.611e-07
3.950e-01, 5.000e-01, -6.250e-01, 1.146e+05, 0.000e+00, 3.451e-04, 0.000e+00, 2.083e+00, 9.983e+02, 1.550e-07
3.950e-01, 5.000e-01, -6.150e-01, 1.145e+05, 0.000e+00, 3.285e-04, 0.000e+00, 2.081e+00, 9.983e+02, 1.476e-07
3.950e-01, 5.000e-01, -6.050e-01, 1.145e+05, 0.000e+00, 3.082e-04, 0.000e+00, 2.080e+00, 9.983e+02, 1.360e-07
3.950e-01, 5.000e-01, -5.950e-01, 1.144e+05, 0.000e+00, 2.921e-04, 0.000e+00, 2.079e+00, 9.983e+02, 1.283e-07
3.950e-01, 5.000e-01, -5.850e-01, 1.143e+05, 0.000e+00, 2.852e-04, 0.000e+00, 2.077e+00, 9.983e+02, 1.253e-07
3.950e-01, 5.000e-01, -5.750e-01, 1.142e+05, 0.000e+00, 2.867e-04, 0.000e+00, 2.075e+00, 9.983e+02, 1.260e-07
3.950e-01, 5.000e-01, -5.650e-01, 1.141e+05, 0.000e+00, 2.956e-04, 0.000e+00, 2.073e+00, 9.983e+02, 1.299e-07
3.950e-01, 5.000e-01, -5.550e-01, 1.140e+05, 0.000e+00, 3.100e-04, 0.000e+00, 2.071e+00, 9.983e+02, 1.362e-07
3.950e-01, 5.000e-01, -5.450e-01, 1.139e+05, 0.000e+00, 3.243e-04, 0.000e+00, 2.070e+00, 9.983e+02, 1.424e-07
3.950e-01, 5.000e-01, -5.350e-01, 1.138e+05, 0.000e+00, 3.394e-04, 0.000e+00, 2.068e+00, 9.983e+02, 1.491e-07
3.950e-01, 5.000e-01, -5.250e-01, 1.137e+05, 0.000e+00, 3.537e-04, 0.000e+00, 2.066e+00, 9.983e+02, 1.554e-07
3.950e-01, 5.000e-01, -5.150e-01, 1.138e+05, 0.000e+00, 3.634e-04, 0.000e+00, 2.068e+00, 9.983e+02, 1.568e-07
3.950e-01, 5.000e-01, -5.050e-01, 1.137e+05, 0.000e+00, 3.612e-04, 0.000e+00, 2.066e+00, 9.983e+02, 1.551e-07
3.950e-01, 5.000e-01, -4.950e-01, 1.136e+05, 0.000e+00, 3.512e-04, 0.000e+00, 2.064e+00, 9.983e+02, 1.508e-07
3.950e-01, 5.000e-01, -4.850e-01, 1.135e+05, 0.000e+00, 3.384e-04, 0.000e+00, 2.063e+00, 9.983e+02, 1.453e-07
3.950e-01, 5.000e-01, -4.750e-01, 1.135e+05, 0.000e+00, 3.271e-04, 0.000e+00, 2.061e+00, 9.983e+02, 1.404e-07
3.950e-01, 5.000e-01, -4.650e-01, 1.134e+05, 0.000e+00, 3.196e-04, 0.000e+00, 2.059e+00, 9.983e+02, 1.372e-07
3.950e-01, 5.000e-01, -4.550e-01, 1.130e+05, 0.000e+00, 3.152e-04, 0.000e+00, 2.052e+00, 9.983e+02, 1.353e-07
3.950e-01, 5.000e-01, -4.450e-01, 1.129e+05, 0.000e+00, 3.122e-04, 0.000e+00, 2.050e+00, 9.983e+02, 1.340e-07
3.950e-01, 5.000e-01, -4.350e-01, 1.128e+05, 0.000e+00, 3.109e-04, 0.000e+00, 2.048e+00, 9.983e+02, 1.335e-07
3.950e-01, 5.000e-01, -4.250e-01, 1.127e+05, 0.000e+00, 3.132e-04, 0.000e+00, 2.047e+00, 9.983e+02, 1.344e-07
3.950e-01, 5.000e-01, -4.150e-01, 1.126e+05, 0.000e+00, 3.175e-04, 0.000e+00, 2.045e+00, 9.983e+02, 1.363e-07
3.950e-01, 5.000e-01, -4.050e-01, 1.125e+05, 0.000e+00, 3.213e-04, 0.000e+00, 2.043e+00, 9.983e+02, 1.379e-07
3.950e-01, 5.000e-01, -3.950e-01, 1.124e+05, 0.000e+00, 3.235e-04, 0.000e+00, 2.041e+00, 9.983e+02, 1.389e-07
3.950e-01, 5.000e-01, -3.850e-01, 1.123e+05, 0.000e+00, 3.244e-04, 0.000e+00, 2.039e+00, 9.983e+02, 1.392e-07
3.950e-01, 5.000e-01, -3.750e-01, 1.122e+05, 0.000e+00, 3.246e-04, 0.000e+00, 2.038e+00, 9.983e+02, 1.394e-07
3.950e-01, 5.000e-01, -3.650e-01, 1.121e+05, 0.000e+00, 3.245e-04, 0.000e+00, 2.036e+00, 9.983e+02, 1.393e-07
3.950e-01, 5.000e-01, -3.550e-01, 1.120e+05, 0.000e+00, 3.238e-04, 0.000e+00, 2.034e+00, 9.983e+02, 1.390e-07
3.950e-01, 5.000e-01, -3.450e-01, 1.119e+05, 0.000e+00, 3.214e-04, 0.000e+00, 2.033e+00, 9.983e+02, 1.420e-07
3.950e-01, 5.000e-01, -3.350e-01, 1.118e+05, 0.000e+00, 3.158e-04, 0.000e+00, 2.031e+00, 9.983e+02, 1.419e-07
3.950e-01, 5.000e-01, -3.250e-01, 1.117e+05, 0.000e+00, 3.079e-04, 0.000e+00, 2.029e+00, 9.983e+02, 1.383e-07
3.950e-01, 5.000e-01, -3.150e-01, 1.116e+05, 0.000e+00, 2.982e-04, 0.000e+00, 2.027e+00, 9.983e+02, 1.340e-07
3.950e-01, 5.000e-01, -3.050e-01, 1.115e+05, 0.000e+00, 2.878e-04, 0.000e+00, 2.025e+00, 9.983e+02, 1.293e-07
3.950e-01, 5.000e-01, -2.950e-01, 1.114e+05, 0.000e+00, 2.787e-04, 0.000e+00, 2.024e+00, 9.983e+02, 1.252e-07
3.950e-01, 5.000e-01, -2.850e-01, 1.113e+05, 0.000e+00, 2.738e-04, 0.000e+00, 2.022e+00, 9.983e+02, 1.230e-07
3.950e-01, 5.000e-01, -2.750e-01, 1.112e+05, 0.000e+00, 2.758e-04, 0.000e+00, 2.020e+00, 9.983e+02, 1.239e-07
3.950e-01, 5.000e-01, -2.650e-01, 1.111e+05, 0.000e+00, 2.803e-04, 0.000e+00, 2.018e+00, 9.983e+02, 1.252e-07
3.950e-01, 5.000e-01, -2.550e-01, 1.111e+05, 0.000e+00, 2.821e-04, 0.000e+00, 2.018e+00, 9.983e+02, 1.239e-07
3.950e-01, 5.000e-01, -2.450e-01, 1.110e+05, 0.000e+00, 2.775e-04, 0.000e+00, 2.016e+00, 9.983e+02, 1.219e-07
3.950e-01, 5.000e-01, -2.350e-01, 1.109e+05, 0.000e+00, 2.681e-04, 0.000e+00, 2.014e+00, 9.983e+02, 1.178e-07
3.950e-01, 5.000e-01, -2.250e-01, 1.108e+05, 0.000e+00, 2.550e-04, 0.000e+00, 2.012e+00, 9.983e+02, 1.120e-07
3.950e-01, 5.000e-01, -2.150e-01, 1.107e+05, 0.000e+00, 2.390e-04, 0.000e+00, 2.011e+00, 9.983e+02, 1.050e-07
3.950e-01, 5.000e-01, -2.050e-01, 1.106e+05, 0.000e+00, 2.204e-04, 0.000e+00, 2.009e+00, 9.983e+02, 9.682e-08
3.950e-01, 5.000e-01, -1.950e-01, 1.105e+05, 0.000e+00, 1.995e-04, 0.000e+00, 2.007e+00, 9.983e+02, 8.763e-08
3.950e-01, 5.000e-01, -1.850e-01, 1.106e+05, 0.000e+00, 1.765e-04, 0.000e+00, 2.009e+00, 9.983e+02, 7.616e-08
3.950e-01, 5.000e-01, -1.750e-01, 1.105e+05, 0.000e+00, 1.493e-04, 0.000e+00, 2.007e+00, 9.983e+02, 6.409e-08
3.950e-01, 5.000e-01, -1.650e-01, 1.104e+05, 0.000e+00, 1.219e-04, 0.000e+00, 2.005e+00, 9.983e+02, 5.231e-08
3.950e-01, 5.000e-01, -1.550e-01, 1.103e+05, 0.000e+00, 9.687e-05, 0.000e+00, 2.004e+00, 9.983e+02, 4.158e-08
3.950e-01, 5.000e-01, -1.450e-01, 1.102e+05, 0.000e+00, 7.529e-05, 0.000e+00, 2.002e+00, 9.983e+02, 3.232e-08
3.950e-01, 5.000e-01, -1.350e-01, 1.101e+05, 0.000e+00, 5.682e-05, 0.000e+00, 2.000e+00, 9.983e+02, 2.439e-08
3.950e-01, 5.000e-01, -1.250e-01, 1.112e+05, 0.000e+00, 4.089e-05, 0.000e+00, 2.020e+00, 9.983e+02, 1.786e-08
3.950e-01, 5.000e-01, -1.150e-01, 1.111e+05, 0.000e+00, 2.672e-05, 0.000e+00, 2.018e+00, 9.983e+02, 1.174e-08
3.950e-01, 5.000e-01, -1.050e-01, 1.110e+05, 0.000e+00, 1.596e-05, 0.000e+00, 2.017e+00, 9.983e+02, 7.012e-09
3.950e-01, 5.000e-01, -9.500e-02, 1.109e+05, 0.000e+00, 8.783e-06, 0.000e+00, 2.015e+00, 9.983e+02, 3.858e-09
3.950e-01, 5.000e-01, -8.500e-02, 1.108e+05, 0.000e+00, 4.483e-06, 0.000e+00, 2.013e+00, 9.983e+02, 1.969e-09
3.950e-01, 5.000e-01, -7.500e-02, 1.107e+05, 0.000e+00, 2.134e-06, 0.000e+00, 2.011e+00, 9.983e+02, 9.373e-10
3.950e-01, 5.000e-01, -6.500e-02, 1.106e+05, 0.000e+00, 9.519e-07, 0.000e+00, 2.009e+00, 9.983e+02, 4.181e-10
3.950e-01, 5.000e-01, -5.500e-02, 1.105e+05, 0.000e+00, 3.993e-07, 0.000e+00, 2.008e+00, 9.983e+02, 1.754e-10
3.950e-01, 5.000e-01, -4.500e-02, 1.104e+05, 0.000e+00, 1.581e-07, 0.000e+00, 2.006e+00, 9.983e+02, 6.942e-11
3.950e-01, 5.000e-01, -3.500e-02, 1.103e+05, 0.000e+00, 5.921e-08, 0.000e+00, 2.004e+00, 9.983e+02, 2.600e-11
3.950e-01, 5.000e-01, -2.500e-02, 1.102e+05, 0.000e+00, 2.110e-08, 0.000e+00, 2.002e+00, 9.983e+02, 9.266e-12
3.950e-01, 5.000e-01, -1.500e-02, 1.101e+05, 0.000e+00, 7.310e-09, 0.000e+00, 2.000e+00, 9.983e+02, 3.211e-12
3.950e-01, 5.000e-01, -5.000e-03, 1.100e+05, 0.000e+00, 2.820e-09, 0.000e+00, 1.999e+00, 9.983e+02, 1.239e-12
4.050e-01, 5.000e-01, -1.195e+00, 1.202e+05, 0.000e+00, 1.002e-13, 0.000e+00, 2.184e+00, 9.983e+02, 2.000e-17
4.050e-01, 5.000e-01, -1.185e+00, 1.201e+05, 0.000e+00, 1.002e-13, 0.000e+00, 2.182e+00, 9.983e+02, 2.000e-17
4.050e-01, 5.000e-01, -1.175e+00, 1.200e+05, 0.000e+00, 1.002e-13, 0.000e+00, 2.181e+00, 9.983e+02, 2.000e-17
4.050e-01, 5.000e-01, -1.165e+00, 1.199e+05, 0.000e+00, 1.002e-13, 0.000e+00, 2.179e+00, 9.983e+02, 2.000e-17
4.050e-01, 5.000e-01, -1.155e+00, 1.198e+05, 0.000e+00, 1.002e-13, 0.000e+00, 2.177e+00, 9.983e+02, 2.000e-17
4.050e-01, 5.000e-01, -1.145e+00, 1.197e+05, 0.000e+00, 1.002e-13, 0.000e+00, 2.175e+00, 9.983e+02, 2.000e-17
4.050e-01, 5.000e-01, -1.135e+00, 1.196e+05, 0.000e+00, 1.002e-13, 0.000e+00, 2.173e+00, 9.983e+02, 2.000e-17
4.050e-01, 5.000e-01, -1.125e+00, 1.195e+05, 0.000e+00, 1.002e-13, 0.000e+00, 2.172e+00, 9.983e+02, 2.000e-17
4.050e-01, 5.000e-01, -1.115e+00, 1.194e+05, 0.000e+00, 1.002e-13, 0.000e+00, 2.170e+00, 9.983e+02, 2.000e-17
4.050e-01, 5.000e-01, -1.105e+00, 1.193e+05, 0.000e+00, 1.002e-13, 0.000e+00, 2.168e+00, 9.983e+02, 2.000e-17
4.050e-01, 5.000e-01, -1.095e+00, 1.192e+05, 0.000e+00, 1.002e-13, 0.000e+00, 2.166e+00, 9.983e+02, 2.000e-17
4.050e-01, 5.000e-01, -1.085e+00, 1.191e+05, 0.000e+00, 3.550e-09, 0.000e+00, 2.165e+00, 9.983e+02, 1.398e-12
4.050e-01, 5.000e-01, -1.075e+00, 1.190e+05, 0.000e+00, 9.307e-04, 0.000e+00, 2.163e+00, 9.984e+02, 3.685e-07
4.050e-01, 5.000e-01, -1.065e+00, 1.189e+05, 0.000e+00, 9.247e-04, 0.000e+00, 2.161e+00, 9.984e+02, 3.970e-07
4.050e-01, 5.000e-01, -1.055e+00, 1.188e+05, 0.000e+00, 8.494e-04, 0.000e+00, 2.159e+00, 9.984e+02, 3.646e-07
4.050e-01, 5.000e-01, -1.045e+00, 1.187e+05, 0.000e+00, 7.370e-04, 0.000e+00, 2.158e+00, 9.984e+02, 3.164e-07
4.050e-01, 5.000e-01, -1.035e+00, 1.186e+05, 0.000e+00, 6.226e-04, 0.000e+00, 2.156e+00, 9.984e+02, 2.673e-07
4.050e-01, 5.000e-01, -1.025e+00, 1.185e+05, 0.000e+00, 5.337e-04, 0.000e+00, 2.154e+00, 9.984e+02, 2.291e-07
4.050e-01, 5.000e-01, -1.015e+00, 1.185e+05, 0.000e+00, 4.652e-04, 0.000e+00, 2.152e+00, 9.983e+02, 1.997e-07
4.050e-01, 5.000e-01, -1.005e+00, 1.184e+05, 0.000e+00, 4.114e-04, 0.000e+00, 2.150e+00, 9.983e+02, 1.766e-07
4.050e-01, 5.000e-01, -9.950e-01, 1.183e+05, 0.000e+00, 3.676e-04, 0.000e+00, 2.149e+00, 9.983e+02, 1.578e-07
4.050e-01, 5.000e-01, -9.850e-01, 1.182e+05, 0.000e+00, 3.295e-04, 0.000e+00, 2.147e+00, 9.983e+02, 1.414e-07
4.050e-01, 5.000e-01, -9.750e-01, 1.181e+05, 0.000e+00, 2.925e-04, 0.000e+00, 2.145e+00, 9.983e+02, 1.256e-07
4.050e-01, 5.000e-01, -9.650e-01, 1.180e+05, 0.000e+00, 2.525e-04, 0.000e+00, 2.143e+00, 9.983e+02, 1.084e-07
4.050e-01, 5.000e-01, -9.550e-01, 1.179e+05, 0.000e+00, 2.064e-04, 0.000e+00, 2.141e+00, 9.983e+02, 8.860e-08
4.050e-01, 5.000e-01, -9.450e-01, 1.178e+05, 0.000e+00, 1.620e-04, 0.000e+00, 2.140e+00, 9.983e+02, 6.954e-08
4.050e-01, 5.000e-01, -9.350e-01, 1.177e+05, 0.000e+00, 1.253e-04, 0.000e+00, 2.138e+00, 9.983e+02, 5.378e-08
4.050e-01, 5.000e-01, -9.250e-01, 1.176e+05, 0.000e+00, 1.041e-04, 0.000e+00, 2.136e+00, 9.983e+02, 4.470e-08
4.050e-01, 5.000e-01, -9.150e-01, 1.175e+05, 0.000e+00, 8.877e-05, 0.000e+00, 2.134e+00, 9.983e+02, 3.810e-08
4.050e-01, 5.000e-01, -9.050e-01, 1.174e+05, 0.000e+00, 7.570e-05, 0.000e+00, 2.132e+00, 9.983e+02, 3.249e-08
4.050e-01, 5.000e-01, -8.950e-01, 1.173e+05, 0.000e+00, 6.358e-05, 0.000e+00, 2.131e+00, 9.983e+02, 2.730e-08
4.050e-01, 5.000e-01, -8.850e-01, 1.172e+05, 0.000e+00, 5.312e-05, 0.000e+00, 2.129e+00, 9.983e+02, 2.307e-08
4.050e-01, 5.000e-01, -8.750e-01, 1.171e+05, 0.000e+00, 4.467e-05, 0.000e+00, 2.127e+00, 9.983e+02, 1.972e-08
4.050e-01, 5.000e-01, -8.650e-01, 1.170e+05, 0.000e+00, 5.350e-05, 0.000e+00, 2.126e+00, 9.983e+02, 2.398e-08
4.050e-01, 5.000e-01, -8.550e-01, 1.169e+05, 0.000e+00, 1.606e-04, 0.000e+00, 2.124e+00, 9.983e+02, 7.213e-08
4.050e-01, 5.000e-01, -8.450e-01, 1.168e+05, 0.000e+00, 3.024e-04, 0.000e+00, 2.122e+00, 9.983e+02, 1.359e-07
4.050e-01, 5.000e-01, -8.350e-01, 1.167e+05, 0.000e+00, 4.214e-04, 0.000e+00, 2.120e+00, 9.983e+02, 1.885e-07
4.050e-01, 5.000e-01, -8.250e-01, 1.169e+05, 0.000e+00, 4.825e-04, 0.000e+00, 2.123e+00, 9.984e+02, 2.078e-07
4.050e-01, 5.000e-01, -8.150e-01, 1.168e+05, 0.000e+00, 5.089e-04, 0.000e+00, 2.122e+00, 9.984e+02, 2.185e-07
4.050e-01, 5.000e-01, -8.050e-01, 1.167e+05, 0.000e+00, 5.154e-04, 0.000e+00, 2.120e+00, 9.984e+02, 2.213e-07
4.050e-01, 5.000e-01, -7.950e-01, 1.166e+05, 0.000e+00, 5.111e-04, 0.000e+00, 2.118e+00, 9.984e+02, 2.194e-07
4.050e-01, 5.000e-01, -7.850e-01, 1.163e+05, 0.000e+00, 5.040e-04, 0.000e+00, 2.113e+00, 9.984e+02, 2.200e-07
4.050e-01, 5.000e-01, -7.750e-01, 1.162e+05, 0.000e+00, 4.944e-04, 0.000e+00, 2.111e+00, 9.984e+02, 2.172e-07
4.050e-01, 5.000e-01, -7.650e-01, 1.161e+05, 0.000e+00, 4.855e-04, 0.000e+00, 2.109e+00, 9.984e+02, 2.133e-07
4.050e-01, 5.000e-01, -7.550e-01, 1.160e+05, 0.000e+00, 4.806e-04, 0.000e+00, 2.107e+00, 9.983e+02, 2.111e-07
4.050e-01, 5.000e-01, -7.450e-01, 1.159e+05, 0.000e+00, 4.777e-04, 0.000e+00, 2.105e+00, 9.983e+02, 2.110e-07
4.050e-01, 5.000e-01, -7.350e-01, 1.157e+05, 0.000e+00, 4.738e-04, 0.000e+00, 2.102e+00, 9.983e+02, 2.170e-07
4.050e-01, 5.000e-01, -7.250e-01, 1.156e+05, 0.000e+00, 4.639e-04, 0.000e+00, 2.100e+00, 9.983e+02, 2.130e-07
4.050e-01, 5.000e-01, -7.150e-01, 1.155e+05, 0.000e+00, 4.311e-04, 0.000e+00, 2.098e+00, 9.983e+02, 1.980e-07
4.050e-01, 5.000e-01, -7.050e-01, 1.154e+05, 0.000e+00, 4.108e-04, 0.000e+00, 2.097e+00, 9.983e+02, 1.886e-07
4.050e-01, 5.000e-01, -6.950e-01, 1.153e+05, 0.000e+00, 4.022e-04, 0.000e+00, 2.095e+00, 9.983e+02, 1.846e-07
4.050e-01, 5.000e-01, -6.850e-01, 1.152e+05, 0.000e+00, 3.953e-04, 0.000e+00, 2.093e+00, 9.983e+02, 1.802e-07
4.050e-01, 5.000e-01, -6.750e-01, 1.151e+05, 0.000e+00, 3.882e-04, 0.000e+00, 2.092e+00, 9.983e+02, 1.754e-07
4.050e-01, 5.000e-01, -6.650e-01, 1.150e+05, 0.000e+00, 3.819e-04, 0.000e+00, 2.090e+00, 9.983e+02, 1.716e-07
4.050e-01, 5.000e-01, -6.550e-01, 1.149e+05, 0.000e+00, 3.749e-04, 0.000e+00, 2.088e+00, 9.983e+02, 1.684e-07
4.050e-01, 5.000e-01, -6.450e-01, 1.148e+05, 0.000e+00, 3.671e-04, 0.000e+00, 2.086e+00, 9.983e+02, 1.649e-07
4.050e-01, 5.000e-01, -6.350e-01, 1.147e+05, 0.000e+00, 3.581e-04, 0.000e+00, 2.084e+00, 9.983e+02, 1.609e-07
4.050e-01, 5.000e-01, -6.250e-01, 1.146e+05, 0.000e+00, 3.477e-04, 0.000e+00, 2.083e+00, 9.983e+02, 1.562e-07
4.050e-01, 5.000e-01, -6.150e-01, 1.145e+05, 0.000e+00, 3.354e-04, 0.000e+00, 2.081e+00, 9.983e+02, 1.507e-07
4.050e-01, 5.000e-01, -6.050e-01, 1.145e+05, 0.000e+00, 3.217e-04, 0.000e+00, 2.080e+00, 9.983e+02, 1.419e-07
4.050e-01, 5.000e-01, -5.950e-01, 1.144e+05, 0.000e+00, 3.132e-04, 0.000e+00, 2.079e+00, 9.983e+02, 1.376e-07
4.050e-01, 5.000e-01, -5.850e-01, 1.143e+05, 0.000e+00, 3.143e-04, 0.000e+00, 2.077e+00, 9.983e+02, 1.381e-07
4.050e-01, 5.000e-01, -5.750e-01, 1.142e+05, 0.000e+00, 3.215e-04, 0.000e+00, 2.075e+00, 9.983e+02, 1.412e-07
4.050e-01, 5.000e-01, -5.650e-01, 1.141e+05, 0.000e+00, 3.321e-04, 0.000e+00, 2.073e+00, 9.983e+02, 1.459e-07
4.050e-01, 5.000e-01, -5.550e-01, 1.140e+05, 0.000e+00, 3.412e-04, 0.000e+00, 2.071e+00, 9.983e+02, 1.499e-07
4.050e-01, 5.000e-01, -5.450e-01, 1.139e+05, 0.000e+00, 3.502e-04, 0.000e+00, 2.070e+00, 9.983e+02, 1.538e-07
4.050e-01, 5.000e-01, -5.350e-01, 1.138e+05, 0.000e+00, 3.585e-04, 0.000e+00, 2.068e+00, 9.983e+02, 1.575e-07
4.050e-01, 5.000e-01, -5.250e-01, 1.137e+05, 0.000e+00, 3.644e-04, 0.000e+00, 2.066e+00, 9.983e+02, 1.601e-07
4.050e-01, 5.000e-01, -5.150e-01, 1.138e+05, 0.000e+00, 3.650e-04, 0.000e+00, 2.068e+00, 9.983e+02, 1.576e-07
4.050e-01, 5.000e-01, -5.050e-01, 1.137e+05, 0.000e+00, 3.575e-04, 0.000e+00, 2.066e+00, 9.983e+02, 1.535e-07
4.050e-01, 5.000e-01, -4.950e-01, 1.136e+05, 0.000e+00, 3.460e-04, 0.000e+00, 2.064e+00, 9.983e+02, 1.485e-07
4.050e-01, 5.000e-01, -4.850e-01, 1.135e+05, 0.000e+00, 3.349e-04, 0.000e+00, 2.063e+00, 9.983e+02, 1.438e-07
4.050e-01, 5.000e-01, -4.750e-01, 1.135e+05, 0.000e+00, 3.269e-04, 0.000e+00, 2.061e+00, 9.983e+02, 1.403e-07
4.050e-01, 5.000e-01, -4.650e-01, 1.134e+05, 0.000e+00, 3.223e-04, 0.000e+00, 2.059e+00, 9.983e+02, 1.384e-07
4.050e-01, 5.000e-01, -4.550e-01, 1.130e+05, 0.000e+00, 3.193e-04, 0.000e+00, 2.052e+00, 9.983e+02, 1.371e-07
4.050e-01, 5.000e-01, -4.450e-01, 1.129e+05, 0.000e+00, 3.163e-04, 0.000e+00, 2.050e+00, 9.983e+02, 1.358e-07
4.050e-01, 5.000e-01, -4.350e-01, 1.128e+05, 0.000e+00, 3.143e-04, 0.000e+00, 2.048e+00, 9.983e+02, 1.349e-07
4.050e-01, 5.000e-01, -4.250e-01, 1.127e+05, 0.000e+00, 3.150e-04, 0.000e+00, 2.047e+00, 9.983e+02, 1.352e-07
4.050e-01, 5.000e-01, -4.150e-01, 1.126e+05, 0.000e+00, 3.172e-04, 0.000e+00, 2.045e+00, 9.983e+02, 1.361e-07
4.050e-01, 5.000e-01, -4.050e-01, 1.125e+05, 0.000e+00, 3.190e-04, 0.000e+00, 2.043e+00, 9.983e+02, 1.370e-07
4.050e-01, 5.000e-01, -3.950e-01, 1.124e+05, 0.000e+00, 3.198e-04, 0.000e+00, 2.041e+00, 9.983e+02, 1.373e-07
4.050e-01, 5.000e-01, -3.850e-01, 1.123e+05, 0.000e+00, 3.201e-04, 0.000e+00, 2.039e+00, 9.983e+02, 1.374e-07
4.050e-01, 5.000e-01, -3.750e-01, 1.122e+05, 0.000e+00, 3.204e-04, 0.000e+00, 2.038e+00, 9.983e+02, 1.376e-07
4.050e-01, 5.000e-01, -3.650e-01, 1.121e+05, 0.000e+00, 3.211e-04, 0.000e+00, 2.036e+00, 9.983e+02, 1.379e-07
4.050e-01, 5.000e-01, -3.550e-01, 1.120e+05, 0.000e+00, 3.220e-04, 0.000e+00, 2.034e+00, 9.983e+02, 1.382e-07
4.050e-01, 5.000e-01, -3.450e-01, 1.119e+05, 0.000e+00, 3.230e-04, 0.000e+00, 2.033e+00, 9.983e+02, 1.425e-07
4.050e-01, 5.000e-01, -3.350e-01, 1.118e+05, 0.000e+00, 3.225e-04, 0.000e+00, 2.031e+00, 9.983e+02, 1.449e-07
4.050e-01, 5.000e-01, -3.250e-01, 1.117e+05, 0.000e+00, 3.203e-04, 0.000e+00, 2.029e+00, 9.983e+02, 1.439e-07
4.050e-01, 5.000e-01, -3.150e-01, 1.116e+05, 0.000e+00, 3.171e-04, 0.000e+00, 2.027e+00, 9.983e+02, 1.424e-07
4.050e-01, 5.000e-01, -3.050e-01, 1.115e+05, 0.000e+00, 3.129e-04, 0.000e+00, 2.025e+00, 9.983e+02, 1.406e-07
4.050e-01, 5.000e-01, -2.950e-01, 1.114e+05, 0.000e+00, 3.083e-04, 0.000e+00, 2.024e+00, 9.983e+02, 1.385e-07
4.050e-01, 5.000e-01, -2.850e-01, 1.113e+05, 0.000e+00, 3.041e-04, 0.000e+00, 2.022e+00, 9.983e+02, 1.366e-07
4.050e-01, 5.000e-01, -2.750e-01, 1.112e+05, 0.000e+00, 3.009e-04, 0.000e+00, 2.020e+00, 9.983e+02, 1.352e-07
4.050e-01, 5.000e-01, -2.650e-01, 1.111e+05, 0.000e+00, 3.002e-04, 0.000e+00, 2.018e+00, 9.983e+02, 1.343e-07
4.050e-01, 5.000e-01, -2.550e-01, 1.111e+05, 0.000e+00, 2.982e-04, 0.000e+00, 2.018e+00, 9.983e+02, 1.310e-07
4.050e-01, 5.000e-01, -2.450e-01, 1.110e+05, 0.000e+00, 2.915e-04, 0.000e+00, 2.016e+00, 9.983e+02, 1.280e-07
4.050e-01, 5.000e-01, -2.350e-01, 1.109e+05, 0.000e+00, 2.811e-04, 0.000e+00, 2.014e+00, 9.983e+02, 1.235e-07
4.050e-01, 5.000e-01, -2.250e-01, 1.108e+05, 0.000e+00, 2.677e-04, 0.000e+00, 2.012e+00, 9.983e+02, 1.176e-07
4.050e-01, 5.000e-01, -2.150e-01, 1.107e+05, 0.000e+00, 2.518e-04, 0.000e+00, 2.011e+00, 9.983e+02, 1.106e-07
4.050e-01, 5.000e-01, -2.050e-01, 1.106e+05, 0.000e+00, 2.333e-04, 0.000e+00, 2.009e+00, 9.983e+02, 1.025e-07
4.050e-01, 5.000e-01, -1.950e-01, 1.105e+05, 0.000e+00, 2.123e-04, 0.000e+00, 2.007e+00, 9.983e+02, 9.326e-08
4.050e-01, 5.000e-01, -1.850e-01, 1.106e+05, 0.000e+00, 1.886e-04, 0.000e+00, 2.009e+00, 9.983e+02, 8.145e-08
4.050e-01, 5.000e-01, -1.750e-01, 1.105e+05, 0.000e+00, 1.609e-04, 0.000e+00, 2.007e+00, 9.983e+02, 6.909e-08
4.050e-01, 5.000e-01, -1.650e-01, 1.104e+05, 0.000e+00, 1.325e-04, 0.000e+00, 2.005e+00, 9.983e+02, 5.686e-08
4.050e-01, 5.000e-01, -1.550e-01, 1.103e+05, 0.000e+00, 1.056e-04, 0.000e+00, 2.004e+00, 9.983e+02, 4.534e-08
4.050e-01, 5.000e-01, -1.450e-01, 1.102e+05, 0.000e+00, 8.163e-05, 0.000e+00, 2.002e+00, 9.983e+02, 3.504e-08
4.050e-01, 5.000e-01, -1.350e-01, 1.101e+05, 0.000e+00, 6.067e-05, 0.000e+00, 2.000e+00, 9.983e+02, 2.604e-08
4.050e-01, 5.000e-01, -1.250e-01, 1.112e+05, 0.000e+00, 4.271e-05, 0.000e+00, 2.020e+00, 9.983e+02, 1.865e-08
4.050e-01, 5.000e-01, -1.150e-01, 1.111e+05, 0.000e+00, 2.743e-05, 0.000e+00, 2.018e+00, 9.983e+02, 1.205e-08
4.050e-01, 5.000e-01, -1.050e-01, 1.110e+05, 0.000e+00, 1.620e-05, 0.000e+00, 2.017e+00, 9.983e+02, 7.113e-09
4.050e-01, 5.000e-01, -9.500e-02, 1.109e+05, 0.000e+00, 8.841e-06, 0.000e+00, 2.015e+00, 9.983e+02, 3.883e-09
4.050e-01, 5.000e-01, -8.500e-02, 1.108e+05, 0.000e+00, 4.491e-06, 0.000e+00, 2.013e+00, 9.983e+02, 1.973e-09
4.050e-01, 5.000e-01, -7.500e-02, 1.107e+05, 0.000e+00, 2.134e-06, 0.000e+00, 2.011e+00, 9.983e+02, 9.371e-10
4.050e-01, 5.000e-01, -6.500e-02, 1.106e+05, 0.000e+00, 9.514e-07, 0.000e+00, 2.009e+00, 9.983e+02, 4.179e-10
4.050e-01, 5.000e-01, -5.500e-02, 1.105e+05, 0.000e+00, 3.995e-07, 0.000e+00, 2.008e+00, 9.983e+02, 1.755e-10
4.050e-01, 5.000e-01, -4.500e-02, 1.104e+05, 0.000e+00, 1.585e-07, 0.000e+00, 2.006e+00, 9.983e+02, 6.960e-11
4.050e-01, 5.000e-01, -3.500e-02, 1.103e+05, 0.000e+00, 5.952e-08, 0.000e+00, 2.004e+00, 9.983e+02, 2.614e-11
4.050e-01, 5.000e-01, -2.500e-02, 1.102e+05, 0.000e+00, 2.128e-08, 0.000e+00, 2.002e+00, 9.983e+02, 9.345e-12
4.050e-01, 5.000e-01, -1.500e-02, 1.101e+05, 0.000e+00, 7.400e-09, 0.000e+00, 2.000e+00, 9.983e+02, 3.250e-12
4.050e-01, 5.000e-01, -5.000e-03, 1.100e+05, 0.000e+00, 2.863e-09, 0.000e+00, 1.999e+00, 9.983e+02, 1.257e-12
4.150e-01, 5.000e-01, -1.195e+00, 1.202e+05, 0.000e+00, 1.002e-13, 0.000e+00, 2.184e+00, 9.983e+02, 2.000e-17
4.150e-01, 5.000e-01, -1.185e+00, 1.201e+05, 0.000e+00, 1.002e-13, 0.000e+00, 2.182e+00, 9.983e+02, 2.000e-17
4.150e-01, 5.000e-01, -1.175e+00, 1.200e+05, 0.000e+00, 1.002e-13, 0.000e+00, 2.181e+00, 9.983e+02, 2.000e-17
4.150e-01, 5.000e-01, -1.165e+00, 1.199e+05, 0.000e+00, 1.002e-13, 0.000e+00, 2.179e+00, 9.983e+02, 2.000e-17
4.150e-01, 5.000e-01, -1.155e+00, 1.198e+05, 0.000e+00, 1.002e-13, 0.000e+00, 2.177e+00, 9.983e+02, 2.000e-17
4.150e-01, 5.000e-01, -1.145e+00, 1.197e+05, 0.000e+00, 1.002e-13, 0.000e+00, 2.175e+00, 9.983e+02, 2.000e-17
4.150e-01, 5.000e-01, -1.135e+00, 1.196e+05, 0.000e+00, 1.002e-13, 0.000e+00, 2.173e+00, 9.983e+02, 2.000e-17
4.150e-01, 5.000e-01, -1.125e+00, 1.195e+05, 0.000e+00, 1.002e-13, 0.000e+00, 2.172e+00, 9.983e+02, 2.000e-17
4.150e-01, 5.000e-01, -1.115e+00, 1.194e+05, 0.000e+00, 1.002e-13, 0.000e+00, 2.170e+00, 9.983e+02, 2.000e-17
4.150e-01, 5.000e-01, -1.105e+00, 1.193e+05, 0.000e+00, 1.002e-13, 0.000e+00, 2.168e+00, 9.983e+02, 2.000e-17
4.150e-01, 5.000e-01, -1.095e+00, 1.192e+05, 0.000e+00, 1.002e-13, 0.000e+00, 2.166e+00, 9.983e+02, 2.000e-17
4.150e-01, 5.000e-01, -1.085e+00, 1.191e+05, 0.000e+00, 3.693e-09, 0.000e+00, 2.165e+00, 9.983e+02, 1.585e-12
4.150e-01, 5.000e-01, -1.075e+00, 1.190e+05, 0.000e+00, 9.645e-04, 0.000e+00, 2.163e+00, 9.984e+02, 4.141e-07
4.150e-01, 5.000e-01, -1.065e+00, 1.189e+05, 0.000e+00, 9.347e-04, 0.000e+00, 2.161e+00, 9.984e+02, 4.013e-07
4.150e-01, 5.000e-01, -1.055e+00, 1.188e+05, 0.000e+00, 8.483e-04, 0.000e+00, 2.159e+00, 9.984e+02, 3.642e-07
4.150e-01, 5.000e-01, -1.045e+00, 1.187e+05, 0.000e+00, 7.365e-04, 0.000e+00, 2.158e+00, 9.984e+02, 3.162e-07
4.150e-01, 5.000e-01, -1.035e+00, 1.186e+05, 0.000e+00, 6.277e-04, 0.000e+00, 2.156e+00, 9.984e+02, 2.695e-07
4.150e-01, 5.000e-01, -1.025e+00, 1.185e+05, 0.000e+00, 5.398e-04, 0.000e+00, 2.154e+00, 9.984e+02, 2.317e-07
4.150e-01, 5.000e-01, -1.015e+00, 1.185e+05, 0.000e+00, 4.704e-04, 0.000e+00, 2.152e+00, 9.983e+02, 2.020e-07
4.150e-01, 5.000e-01, -1.005e+00, 1.184e+05, 0.000e+00, 4.154e-04, 0.000e+00, 2.150e+00, 9.983e+02, 1.783e-07
4.150e-01, 5.000e-01, -9.950e-01, 1.183e+05, 0.000e+00, 3.712e-04, 0.000e+00, 2.149e+00, 9.983e+02, 1.594e-07
4.150e-01, 5.000e-01, -9.850e-01, 1.182e+05, 0.000e+00, 3.342e-04, 0.000e+00, 2.147e+00, 9.983e+02, 1.435e-07
4.150e-01, 5.000e-01, -9.750e-01, 1.181e+05, 0.000e+00, 2.998e-04, 0.000e+00, 2.145e+00, 9.983e+02, 1.287e-07
4.150e-01, 5.000e-01, -9.650e-01, 1.180e+05, 0.000e+00, 2.639e-04, 0.000e+00, 2.143e+00, 9.983e+02, 1.133e-07
4.150e-01, 5.000e-01, -9.550e-01, 1.179e+05, 0.000e+00, 2.250e-04, 0.000e+00, 2.141e+00, 9.983e+02, 9.660e-08
4.150e-01, 5.000e-01, -9.450e-01, 1.178e+05, 0.000e+00, 1.827e-04, 0.000e+00, 2.140e+00, 9.983e+02, 7.843e-08
4.150e-01, 5.000e-01, -9.350e-01, 1.177e+05, 0.000e+00, 1.473e-04, 0.000e+00, 2.138e+00, 9.983e+02, 6.324e-08
4.150e-01, 5.000e-01, -9.250e-01, 1.176e+05, 0.000e+00, 1.224e-04, 0.000e+00, 2.136e+00, 9.983e+02, 5.256e-08
4.150e-01, 5.000e-01, -9.150e-01, 1.175e+05, 0.000e+00, 1.040e-04, 0.000e+00, 2.134e+00, 9.983e+02, 4.465e-08
4.150e-01, 5.000e-01, -9.050e-01, 1.174e+05, 0.000e+00, 8.899e-05, 0.000e+00, 2.132e+00, 9.983e+02, 3.820e-08
4.150e-01, 5.000e-01, -8.950e-01, 1.173e+05, 0.000e+00, 7.562e-05, 0.000e+00, 2.131e+00, 9.983e+02, 3.246e-08
4.150e-01, 5.000e-01, -8.850e-01, 1.172e+05, 0.000e+00, 6.389e-05, 0.000e+00, 2.129e+00, 9.983e+02, 2.742e-08
4.150e-01, 5.000e-01, -8.750e-01, 1.171e+05, 0.000e+00, 5.421e-05, 0.000e+00, 2.127e+00, 9.983e+02, 2.327e-08
4.150e-01, 5.000e-01, -8.650e-01, 1.170e+05, 0.000e+00, 6.291e-05, 0.000e+00, 2.125e+00, 9.983e+02, 2.705e-08
4.150e-01, 5.000e-01, -8.550e-01, 1.169e+05, 0.000e+00, 1.906e-04, 0.000e+00, 2.124e+00, 9.983e+02, 8.311e-08
4.150e-01, 5.000e-01, -8.450e-01, 1.168e+05, 0.000e+00, 3.450e-04, 0.000e+00, 2.122e+00, 9.983e+02, 1.529e-07
4.150e-01, 5.000e-01, -8.350e-01, 1.167e+05, 0.000e+00, 4.441e-04, 0.000e+00, 2.120e+00, 9.983e+02, 1.994e-07
4.150e-01, 5.000e-01, -8.250e-01, 1.166e+05, 0.000e+00, 4.895e-04, 0.000e+00, 2.118e+00, 9.984e+02, 2.177e-07
4.150e-01, 5.000e-01, -8.150e-01, 1.165e+05, 0.000e+00, 5.034e-04, 0.000e+00, 2.117e+00, 9.984e+02, 2.217e-07
4.150e-01, 5.000e-01, -8.050e-01, 1.167e+05, 0.000e+00, 5.029e-04, 0.000e+00, 2.120e+00, 9.984e+02, 2.205e-07
4.150e-01, 5.000e-01, -7.950e-01, 1.166e+05, 0.000e+00, 4.957e-04, 0.000e+00, 2.118e+00, 9.984e+02, 2.164e-07
4.150e-01, 5.000e-01, -7.850e-01, 1.163e+05, 0.000e+00, 4.878e-04, 0.000e+00, 2.113e+00, 9.984e+02, 2.138e-07
4.150e-01, 5.000e-01, -7.750e-01, 1.162e+05, 0.000e+00, 4.774e-04, 0.000e+00, 2.111e+00, 9.983e+02, 2.097e-07
4.150e-01, 5.000e-01, -7.650e-01, 1.161e+05, 0.000e+00, 4.674e-04, 0.000e+00, 2.109e+00, 9.983e+02, 2.053e-07
4.150e-01, 5.000e-01, -7.550e-01, 1.160e+05, 0.000e+00, 4.651e-04, 0.000e+00, 2.107e+00, 9.983e+02, 2.043e-07
4.150e-01, 5.000e-01, -7.450e-01, 1.159e+05, 0.000e+00, 4.667e-04, 0.000e+00, 2.105e+00, 9.983e+02, 2.050e-07
4.150e-01, 5.000e-01, -7.350e-01, 1.158e+05, 0.000e+00, 4.629e-04, 0.000e+00, 2.104e+00, 9.983e+02, 2.034e-07
4.150e-01, 5.000e-01, -7.250e-01, 1.157e+05, 0.000e+00, 4.451e-04, 0.000e+00, 2.102e+00, 9.983e+02, 1.974e-07
4.150e-01, 5.000e-01, -7.150e-01, 1.156e+05, 0.000e+00, 4.183e-04, 0.000e+00, 2.100e+00, 9.983e+02, 1.876e-07
4.150e-01, 5.000e-01, -7.050e-01, 1.154e+05, 0.000e+00, 4.017e-04, 0.000e+00, 2.097e+00, 9.983e+02, 1.822e-07
4.150e-01, 5.000e-01, -6.950e-01, 1.153e+05, 0.000e+00, 3.924e-04, 0.000e+00, 2.095e+00, 9.983e+02, 1.799e-07
4.150e-01, 5.000e-01, -6.850e-01, 1.152e+05, 0.000e+00, 3.863e-04, 0.000e+00, 2.093e+00, 9.983e+02, 1.774e-07
4.150e-01, 5.000e-01, -6.750e-01, 1.151e+05, 0.000e+00, 3.814e-04, 0.000e+00, 2.091e+00, 9.983e+02, 1.752e-07
4.150e-01, 5.000e-01, -6.650e-01, 1.150e+05, 0.000e+00, 3.769e-04, 0.000e+00, 2.089e+00, 9.983e+02, 1.725e-07
4.150e-01, 5.000e-01, -6.550e-01, 1.149e+05, 0.000e+00, 3.716e-04, 0.000e+00, 2.088e+00, 9.983e+02, 1.686e-07
4.150e-01, 5.000e-01, -6.450e-01, 1.148e+05, 0.000e+00, 3.655e-04, 0.000e+00, 2.086e+00, 9.983e+02, 1.644e-07
4.150e-01, 5.000e-01, -6.350e-01, 1.147e+05, 0.000e+00, 3.588e-04, 0.000e+00, 2.084e+00, 9.983e+02, 1.612e-07
4.150e-01, 5.000e-01, -6.250e-01, 1.146e+05, 0.000e+00, 3.517e-04, 0.000e+00, 2.083e+00, 9.983e+02, 1.580e-07
4.150e-01, 5.000e-01, -6.150e-01, 1.145e+05, 0.000e+00, 3.446e-04, 0.000e+00, 2.081e+00, 9.983e+02, 1.548e-07
4.150e-01, 5.000e-01, -6.050e-01, 1.144e+05, 0.000e+00, 3.391e-04, 0.000e+00, 2.079e+00, 9.983e+02, 1.507e-07
4.150e-01, 5.000e-01, -5.950e-01, 1.144e+05, 0.000e+00, 3.385e-04, 0.000e+00, 2.079e+00, 9.983e+02, 1.487e-07
4.150e-01, 5.000e-01, -5.850e-01, 1.143e+05, 0.000e+00, 3.445e-04, 0.000e+00, 2.077e+00, 9.983e+02, 1.513e-07
4.150e-01, 5.000e-01, -5.750e-01, 1.142e+05, 0.000e+00, 3.526e-04, 0.000e+00, 2.075e+00, 9.983e+02, 1.549e-07
4.150e-01, 5.000e-01, -5.650e-01, 1.141e+05, 0.000e+00, 3.590e-04, 0.000e+00, 2.073e+00, 9.983e+02, 1.577e-07
4.150e-01, 5.000e-01, -5.550e-01, 1.140e+05, 0.000e+00, 3.639e-04, 0.000e+00, 2.071e+00, 9.983e+02, 1.599e-07
4.150e-01, 5.000e-01, -5.450e-01, 1.139e+05, 0.000e+00, 3.677e-04, 0.000e+00, 2.070e+00, 9.983e+02, 1.615e-07
4.150e-01, 5.000e-01, -5.350e-01, 1.138e+05, 0.000e+00, 3.698e-04, 0.000e+00, 2.068e+00, 9.983e+02, 1.624e-07
4.150e-01, 5.000e-01, -5.250e-01, 1.137e+05, 0.000e+00, 3.687e-04, 0.000e+00, 2.066e+00, 9.983e+02, 1.620e-07
4.150e-01, 5.000e-01, -5.150e-01, 1.138e+05, 0.000e+00, 3.629e-04, 0.000e+00, 2.068e+00, 9.983e+02, 1.568e-07
4.150e-01, 5.000e-01, -5.050e-01, 1.137e+05, 0.000e+00, 3.527e-04, 0.000e+00, 2.066e+00, 9.983e+02, 1.514e-07
4.150e-01, 5.000e-01, -4.950e-01, 1.136e+05, 0.000e+00, 3.418e-04, 0.000e+00, 2.064e+00, 9.983e+02, 1.467e-07
4.150e-01, 5.000e-01, -4.850e-01, 1.135e+05, 0.000e+00, 3.334e-04, 0.000e+00, 2.063e+00, 9.983e+02, 1.431e-07
4.150e-01, 5.000e-01, -4.750e-01, 1.135e+05, 0.000e+00, 3.288e-04, 0.000e+00, 2.061e+00, 9.983e+02, 1.411e-07
4.150e-01, 5.000e-01, -4.650e-01, 1.134e+05, 0.000e+00, 3.264e-04, 0.000e+00, 2.059e+00, 9.983e+02, 1.401e-07
4.150e-01, 5.000e-01, -4.550e-01, 1.130e+05, 0.000e+00, 3.240e-04, 0.000e+00, 2.052e+00, 9.983e+02, 1.391e-07
4.150e-01, 5.000e-01, -4.450e-01, 1.129e+05, 0.000e+00, 3.207e-04, 0.000e+00, 2.050e+00, 9.983e+02, 1.377e-07
4.150e-01, 5.000e-01, -4.350e-01, 1.128e+05, 0.000e+00, 3.183e-04, 0.000e+00, 2.048e+00, 9.983e+02, 1.366e-07
4.150e-01, 5.000e-01, -4.250e-01, 1.127e+05, 0.000e+00, 3.176e-04, 0.000e+00, 2.047e+00, 9.983e+02, 1.363e-07
4.150e-01, 5.000e-01, -4.150e-01, 1.126e+05, 0.000e+00, 3.175e-04, 0.000e+00, 2.045e+00, 9.983e+02, 1.363e-07
4.150e-01, 5.000e-01, -4.050e-01, 1.125e+05, 0.000e+00, 3.168e-04, 0.000e+00, 2.043e+00, 9.983e+02, 1.360e-07
4.150e-01, 5.000e-01, -3.950e-01, 1.124e+05, 0.000e+00, 3.157e-04, 0.000e+00, 2.041e+00, 9.983e+02, 1.355e-07
4.150e-01, 5.000e-01, -3.850e-01, 1.123e+05, 0.000e+00, 3.151e-04, 0.000e+00, 2.039e+00, 9.983e+02, 1.353e-07
4.150e-01, 5.000e-01, -3.750e-01, 1.122e+05, 0.000e+00, 3.155e-04, 0.000e+00, 2.038e+00, 9.983e+02, 1.354e-07
4.150e-01, 5.000e-01, -3.650e-01, 1.121e+05, 0.000e+00, 3.166e-04, 0.000e+00, 2.036e+00, 9.983e+02, 1.359e-07
4.150e-01, 5.000e-01, -3.550e-01, 1.120e+05, 0.000e+00, 3.176e-04, 0.000e+00, 2.034e+00, 9.983e+02, 1.363e-07
4.150e-01, 5.000e-01, -3.450e-01, 1.119e+05, 0.000e+00, 3.181e-04, 0.000e+00, 2.033e+00, 9.983e+02, 1.402e-07
4.150e-01, 5.000e-01, -3.350e-01, 1.118e+05, 0.000e+00, 3.185e-04, 0.000e+00, 2.031e+00, 9.983e+02, 1.431e-07
4.150e-01, 5.000e-01, -3.250e-01, 1.117e+05, 0.000e+00, 3.189e-04, 0.000e+00, 2.029e+00, 9.983e+02, 1.432e-07
4.150e-01, 5.000e-01, -3.150e-01, 1.116e+05, 0.000e+00, 3.195e-04, 0.000e+00, 2.027e+00, 9.983e+02, 1.435e-07
4.150e-01, 5.000e-01, -3.050e-01, 1.115e+05, 0.000e+00, 3.198e-04, 0.000e+00, 2.025e+00, 9.983e+02, 1.437e-07
4.150e-01, 5.000e-01, -2.950e-01, 1.114e+05, 0.000e+00, 3.195e-04, 0.000e+00, 2.024e+00, 9.983e+02, 1.435e-07
4.150e-01, 5.000e-01, -2.850e-01, 1.113e+05, 0.000e+00, 3.182e-04, 0.000e+00, 2.022e+00, 9.983e+02, 1.429e-07
4.150e-01, 5.000e-01, -2.750e-01, 1.112e+05, 0.000e+00, 3.159e-04, 0.000e+00, 2.020e+00, 9.983e+02, 1.419e-07
4.150e-01, 5.000e-01, -2.650e-01, 1.111e+05, 0.000e+00, 3.125e-04, 0.000e+00, 2.018e+00, 9.983e+02, 1.400e-07
4.150e-01, 5.000e-01, -2.550e-01, 1.111e+05, 0.000e+00, 3.077e-04, 0.000e+00, 2.018e+00, 9.983e+02, 1.352e-07
4.150e-01, 5.000e-01, -2.450e-01, 1.110e+05, 0.000e+00, 2.995e-04, 0.000e+00, 2.016e+00, 9.983e+02, 1.316e-07
4.150e-01, 5.000e-01, -2.350e-01, 1.109e+05, 0.000e+00, 2.888e-04, 0.000e+00, 2.014e+00, 9.983e+02, 1.268e-07
4.150e-01, 5.000e-01, -2.250e-01, 1.108e+05, 0.000e+00, 2.759e-04, 0.000e+00, 2.012e+00, 9.983e+02, 1.212e-07
4.150e-01, 5.000e-01, -2.150e-01, 1.107e+05, 0.000e+00, 2.612e-04, 0.000e+00, 2.011e+00, 9.983e+02, 1.147e-07
4.150e-01, 5.000e-01, -2.050e-01, 1.106e+05, 0.000e+00, 2.443e-04, 0.000e+00, 2.009e+00, 9.983e+02, 1.073e-07
4.150e-01, 5.000e-01, -1.950e-01, 1.105e+05, 0.000e+00, 2.247e-04, 0.000e+00, 2.007e+00, 9.983e+02, 9.871e-08
4.150e-01, 5.000e-01, -1.850e-01, 1.106e+05, 0.000e+00, 2.012e-04, 0.000e+00, 2.009e+00, 9.983e+02, 8.701e-08
4.150e-01, 5.000e-01, -1.750e-01, 1.105e+05, 0.000e+00, 1.733e-04, 0.000e+00, 2.007e+00, 9.983e+02, 7.441e-08
4.150e-01, 5.000e-01, -1.650e-01, 1.104e+05, 0.000e+00, 1.435e-04, 0.000e+00, 2.005e+00, 9.983e+02, 6.162e-08
4.150e-01, 5.000e-01, -1.550e-01, 1.103e+05, 0.000e+00, 1.145e-04, 0.000e+00, 2.004e+00, 9.983e+02, 4.915e-08
4.150e-01, 5.000e-01, -1.450e-01, 1.102e+05, 0.000e+00, 8.792e-05, 0.000e+00, 2.002e+00, 9.983e+02, 3.774e-08
4.150e-01, 5.000e-01, -1.350e-01, 1.101e+05, 0.000e+00, 6.453e-05, 0.000e+00, 2.000e+00, 9.983e+02, 2.770e-08
4.150e-01, 5.000e-01, -1.250e-01, 1.112e+05, 0.000e+00, 4.463e-05, 0.000e+00, 2.020e+00, 9.983e+02, 1.949e-08
4.150e-01, 5.000e-01, -1.150e-01, 1.111e+05, 0.000e+00, 2.826e-05, 0.000e+00, 2.018e+00, 9.983e+02, 1.241e-08
4.150e-01, 5.000e-01, -1.050e-01, 1.110e+05, 0.000e+00, 1.650e-05, 0.000e+00, 2.017e+00, 9.983e+02, 7.249e-09
4.150e-01, 5.000e-01, -9.500e-02, 1.109e+05, 0.000e+00, 8.942e-06, 0.000e+00, 2.015e+00, 9.983e+02, 3.928e-09
4.150e-01, 5.000e-01, -8.500e-02, 1.108e+05, 0.000e+00, 4.521e-06, 0.000e+00, 2.013e+00, 9.983e+02, 1.986e-09
4.150e-01, 5.000e-01, -7.500e-02, 1.107e+05, 0.000e+00, 2.142e-06, 0.000e+00, 2.011e+00, 9.983e+02, 9.407e-10
4.150e-01, 5.000e-01, -6.500e-02, 1.106e+05, 0.000e+00, 9.541e-07, 0.000e+00, 2.009e+00, 9.983e+02, 4.191e-10
4.150e-01, 5.000e-01, -5.500e-02, 1.105e+05, 0.000e+00, 4.008e-07, 0.000e+00, 2.008e+00, 9.983e+02, 1.760e-10
4.150e-01, 5.000e-01, -4.500e-02, 1.104e+05, 0.000e+00, 1.591e-07, 0.000e+00, 2.006e+00, 9.983e+02, 6.989e-11
4.150e-01, 5.000e-01, -3.500e-02, 1.103e+05, 0.000e+00, 5.987e-08, 0.000e+00, 2.004e+00, 9.983e+02, 2.630e-11
4.150e-01, 5.000e-01, -2.500e-02, 1.102e+05, 0.000e+00, 2.145e-08, 0.000e+00, 2.002e+00, 9.983e+02, 9.421e-12
4.150e-01, 5.000e-01, -1.500e-02, 1.101e+05, 0.000e+00, 7.480e-09, 0.000e+00, 2.000e+00, 9.983e+02, 3.286e-12
4.150e-01, 5.000e-01, -5.000e-03, 1.100e+05, 0.000e+00, 2.899e-09, 0.000e+00, 1.999e+00, 9.983e+02, 1.273e-12
4.250e-01, 5.000e-01, -1.195e+00, 1.202e+05, 0.000e+00, 1.002e-13, 0.000e+00, 2.184e+00, 9.983e+02, 2.000e-17
4.250e-01, 5.000e-01, -1.185e+00, 1.201e+05, 0.000e+00, 1.002e-13, 0.000e+00, 2.182e+00, 9.983e+02, 2.000e-17
4.250e-01, 5.000e-01, -1.175e+00, 1.200e+05, 0.000e+00, 1.002e-13, 0.000e+00, 2.181e+00, 9.983e+02, 2.000e-17
4.250e-01, 5.000e-01, -1.165e+00, 1.199e+05, 0.000e+00, 1.002e-13, 0.000e+00, 2.179e+00, 9.983e+02, 2.000e-17
4.250e-01, 5.000e-01, -1.155e+00, 1.198e+05, 0.000e+00, 1.002e-13, 0.000e+00, 2.177e+00, 9.983e+02, 2.000e-17
4.250e-01, 5.000e-01, -1.145e+00, 1.197e+05, 0.000e+00, 1.002e-13, 0.000e+00, 2.175e+00, 9.983e+02, 2.000e-17
4.250e-01, 5.000e-01, -1.135e+00, 1.196e+05, 0.000e+00, 1.002e-13, 0.000e+00, 2.173e+00, 9.983e+02, 2.000e-17
4.250e-01, 5.000e-01, -1.125e+00, 1.195e+05, 0.000e+00, 1.002e-13, 0.000e+00, 2.172e+00, 9.983e+02, 2.000e-17
4.250e-01, 5.000e-01, -1.115e+00, 1.194e+05, 0.000e+00, 1.002e-13, 0.000e+00, 2.170e+00, 9.983e+02, 2.000e-17
4.250e-01, 5.000e-01, -1.105e+00, 1.193e+05, 0.000e+00, 1.002e-13, 0.000e+00, 2.168e+00, 9.983e+02, 2.000e-17
4.250e-01, 5.000e-01, -1.095e+00, 1.192e+05, 0.000e+00, 1.226e-12, 0.000e+00, 2.166e+00, 9.983e+02, 3.688e-16
4.250e-01, 5.000e-01, -1.085e+00, 1.191e+05, 0.000e+00, 3.974e-07, 0.000e+00, 2.165e+00, 9.983e+02, 1.236e-10
4.250e-01, 5.000e-01, -1.075e+00, 1.190e+05, 0.000e+00, 9.802e-04, 0.000e+00, 2.163e+00, 9.984e+02, 4.208e-07
4.250e-01, 5.000e-01, -1.065e+00, 1.189e+05, 0.000e+00, 9.302e-04, 0.000e+00, 2.161e+00, 9.984e+02, 3.994e-07
4.250e-01, 5.000e-01, -1.055e+00, 1.188e+05, 0.000e+00, 8.418e-04, 0.000e+00, 2.159e+00, 9.984e+02, 3.614e-07
4.250e-01, 5.000e-01, -1.045e+00, 1.187e+05, 0.000e+00, 7.351e-04, 0.000e+00, 2.158e+00, 9.984e+02, 3.156e-07
4.250e-01, 5.000e-01, -1.035e+00, 1.186e+05, 0.000e+00, 6.314e-04, 0.000e+00, 2.156e+00, 9.984e+02, 2.711e-07
4.250e-01, 5.000e-01, -1.025e+00, 1.185e+05, 0.000e+00, 5.450e-04, 0.000e+00, 2.154e+00, 9.984e+02, 2.340e-07
4.250e-01, 5.000e-01, -1.015e+00, 1.185e+05, 0.000e+00, 4.753e-04, 0.000e+00, 2.152e+00, 9.983e+02, 2.040e-07
4.250e-01, 5.000e-01, -1.005e+00, 1.184e+05, 0.000e+00, 4.192e-04, 0.000e+00, 2.150e+00, 9.983e+02, 1.800e-07
4.250e-01, 5.000e-01, -9.950e-01, 1.183e+05, 0.000e+00, 3.744e-04, 0.000e+00, 2.149e+00, 9.983e+02, 1.607e-07
4.250e-01, 5.000e-01, -9.850e-01, 1.182e+05, 0.000e+00, 3.380e-04, 0.000e+00, 2.147e+00, 9.983e+02, 1.451e-07
4.250e-01, 5.000e-01, -9.750e-01, 1.181e+05, 0.000e+00, 3.054e-04, 0.000e+00, 2.145e+00, 9.983e+02, 1.311e-07
4.250e-01, 5.000e-01, -9.650e-01, 1.180e+05, 0.000e+00, 2.721e-04, 0.000e+00, 2.143e+00, 9.983e+02, 1.168e-07
4.250e-01, 5.000e-01, -9.550e-01, 1.179e+05, 0.000e+00, 2.369e-04, 0.000e+00, 2.141e+00, 9.983e+02, 1.017e-07
4.250e-01, 5.000e-01, -9.450e-01, 1.178e+05, 0.000e+00, 2.014e-04, 0.000e+00, 2.140e+00, 9.983e+02, 8.644e-08
4.250e-01, 5.000e-01, -9.350e-01, 1.177e+05, 0.000e+00, 1.671e-04, 0.000e+00, 2.138e+00, 9.983e+02, 7.171e-08
4.250e-01, 5.000e-01, -9.250e-01, 1.176e+05, 0.000e+00, 1.407e-04, 0.000e+00, 2.136e+00, 9.983e+02, 6.040e-08
4.250e-01, 5.000e-01, -9.150e-01, 1.175e+05, 0.000e+00, 1.201e-04, 0.000e+00, 2.134e+00, 9.983e+02, 5.157e-08
4.250e-01, 5.000e-01, -9.050e-01, 1.174e+05, 0.000e+00, 1.031e-04, 0.000e+00, 2.132e+00, 9.983e+02, 4.427e-08
4.250e-01, 5.000e-01, -8.950e-01, 1.173e+05, 0.000e+00, 8.812e-05, 0.000e+00, 2.131e+00, 9.983e+02, 3.783e-08
4.250e-01, 5.000e-01, -8.850e-01, 1.172e+05, 0.000e+00, 7.460e-05, 0.000e+00, 2.129e+00, 9.983e+02, 3.202e-08
4.250e-01, 5.000e-01, -8.750e-01, 1.171e+05, 0.000e+00, 6.278e-05, 0.000e+00, 2.127e+00, 9.983e+02, 2.695e-08
4.250e-01, 5.000e-01, -8.650e-01, 1.170e+05, 0.000e+00, 6.169e-05, 0.000e+00, 2.125e+00, 9.983e+02, 2.648e-08
4.250e-01, 5.000e-01, -8.550e-01, 1.169e+05, 0.000e+00, 1.601e-04, 0.000e+00, 2.124e+00, 9.983e+02, 6.871e-08
4.250e-01, 5.000e-01, -8.450e-01, 1.168e+05, 0.000e+00, 3.345e-04, 0.000e+00, 2.122e+00, 9.983e+02, 1.436e-07
4.250e-01, 5.000e-01, -8.350e-01, 1.167e+05, 0.000e+00, 4.341e-04, 0.000e+00, 2.120e+00, 9.983e+02, 1.871e-07
4.250e-01, 5.000e-01, -8.250e-01, 1.166e+05, 0.000e+00, 4.755e-04, 0.000e+00, 2.118e+00, 9.983e+02, 2.082e-07
4.250e-01, 5.000e-01, -8.150e-01, 1.165e+05, 0.000e+00, 4.906e-04, 0.000e+00, 2.117e+00, 9.984e+02, 2.183e-07
4.250e-01, 5.000e-01, -8.050e-01, 1.164e+05, 0.000e+00, 4.914e-04, 0.000e+00, 2.115e+00, 9.984e+02, 2.207e-07
4.250e-01, 5.000e-01, -7.950e-01, 1.163e+05, 0.000e+00, 4.859e-04, 0.000e+00, 2.113e+00, 9.984e+02, 2.183e-07
4.250e-01, 5.000e-01, -7.850e-01, 1.163e+05, 0.000e+00, 4.792e-04, 0.000e+00, 2.113e+00, 9.983e+02, 2.110e-07
4.250e-01, 5.000e-01, -7.750e-01, 1.162e+05, 0.000e+00, 4.716e-04, 0.000e+00, 2.111e+00, 9.983e+02, 2.072e-07
4.250e-01, 5.000e-01, -7.650e-01, 1.175e+05, 0.000e+00, 4.555e-04, 0.000e+00, 2.135e+00, 9.983e+02, 2.001e-07
4.250e-01, 5.000e-01, -7.550e-01, 1.160e+05, 0.000e+00, 4.494e-04, 0.000e+00, 2.107e+00, 9.983e+02, 1.974e-07
4.250e-01, 5.000e-01, -7.450e-01, 1.159e+05, 0.000e+00, 4.474e-04, 0.000e+00, 2.105e+00, 9.983e+02, 1.965e-07
4.250e-01, 5.000e-01, -7.350e-01, 1.158e+05, 0.000e+00, 4.461e-04, 0.000e+00, 2.104e+00, 9.983e+02, 1.959e-07
4.250e-01, 5.000e-01, -7.250e-01, 1.157e+05, 0.000e+00, 4.360e-04, 0.000e+00, 2.102e+00, 9.983e+02, 1.915e-07
4.250e-01, 5.000e-01, -7.150e-01, 1.156e+05, 0.000e+00, 4.227e-04, 0.000e+00, 2.100e+00, 9.983e+02, 1.857e-07
4.250e-01, 5.000e-01, -7.050e-01, 1.155e+05, 0.000e+00, 4.137e-04, 0.000e+00, 2.098e+00, 9.983e+02, 1.817e-07
4.250e-01, 5.000e-01, -6.950e-01, 1.154e+05, 0.000e+00, 4.053e-04, 0.000e+00, 2.097e+00, 9.983e+02, 1.782e-07
4.250e-01, 5.000e-01, -6.850e-01, 1.153e+05, 0.000e+00, 3.951e-04, 0.000e+00, 2.095e+00, 9.983e+02, 1.754e-07
4.250e-01, 5.000e-01, -6.750e-01, 1.152e+05, 0.000e+00, 3.857e-04, 0.000e+00, 2.093e+00, 9.983e+02, 1.732e-07
4.250e-01, 5.000e-01, -6.650e-01, 1.150e+05, 0.000e+00, 3.779e-04, 0.000e+00, 2.089e+00, 9.983e+02, 1.729e-07
4.250e-01, 5.000e-01, -6.550e-01, 1.149e+05, 0.000e+00, 3.715e-04, 0.000e+00, 2.088e+00, 9.983e+02, 1.706e-07
4.250e-01, 5.000e-01, -6.450e-01, 1.148e+05, 0.000e+00, 3.653e-04, 0.000e+00, 2.086e+00, 9.983e+02, 1.676e-07
4.250e-01, 5.000e-01, -6.350e-01, 1.147e+05, 0.000e+00, 3.601e-04, 0.000e+00, 2.084e+00, 9.983e+02, 1.641e-07
4.250e-01, 5.000e-01, -6.250e-01, 1.146e+05, 0.000e+00, 3.560e-04, 0.000e+00, 2.083e+00, 9.983e+02, 1.607e-07
4.250e-01, 5.000e-01, -6.150e-01, 1.145e+05, 0.000e+00, 3.536e-04, 0.000e+00, 2.081e+00, 9.983e+02, 1.589e-07
4.250e-01, 5.000e-01, -6.050e-01, 1.144e+05, 0.000e+00, 3.546e-04, 0.000e+00, 2.079e+00, 9.983e+02, 1.588e-07
4.250e-01, 5.000e-01, -5.950e-01, 1.144e+05, 0.000e+00, 3.596e-04, 0.000e+00, 2.079e+00, 9.983e+02, 1.580e-07
4.250e-01, 5.000e-01, -5.850e-01, 1.143e+05, 0.000e+00, 3.667e-04, 0.000e+00, 2.077e+00, 9.983e+02, 1.611e-07
4.250e-01, 5.000e-01, -5.750e-01, 1.142e+05, 0.000e+00, 3.722e-04, 0.000e+00, 2.075e+00, 9.983e+02, 1.635e-07
4.250e-01, 5.000e-01, -5.650e-01, 1.141e+05, 0.000e+00, 3.755e-04, 0.000e+00, 2.073e+00, 9.983e+02, 1.649e-07
4.250e-01, 5.000e-01, -5.550e-01, 1.140e+05, 0.000e+00, 3.769e-04, 0.000e+00, 2.071e+00, 9.983e+02, 1.655e-07
4.250e-01, 5.000e-01, -5.450e-01, 1.139e+05, 0.000e+00, 3.764e-04, 0.000e+00, 2.070e+00, 9.983e+02, 1.653e-07
4.250e-01, 5.000e-01, -5.350e-01, 1.138e+05, 0.000e+00, 3.736e-04, 0.000e+00, 2.068e+00, 9.983e+02, 1.641e-07
4.250e-01, 5.000e-01, -5.250e-01, 1.137e+05, 0.000e+00, 3.677e-04, 0.000e+00, 2.066e+00, 9.983e+02, 1.615e-07
4.250e-01, 5.000e-01, -5.150e-01, 1.138e+05, 0.000e+00, 3.584e-04, 0.000e+00, 2.068e+00, 9.983e+02, 1.550e-07
4.250e-01, 5.000e-01, -5.050e-01, 1.137e+05, 0.000e+00, 3.479e-04, 0.000e+00, 2.066e+00, 9.983e+02, 1.494e-07
4.250e-01, 5.000e-01, -4.950e-01, 1.136e+05, 0.000e+00, 3.392e-04, 0.000e+00, 2.064e+00, 9.983e+02, 1.456e-07
4.250e-01, 5.000e-01, -4.850e-01, 1.135e+05, 0.000e+00, 3.341e-04, 0.000e+00, 2.063e+00, 9.983e+02, 1.434e-07
4.250e-01, 5.000e-01, -4.750e-01, 1.135e+05, 0.000e+00, 3.323e-04, 0.000e+00, 2.061e+00, 9.983e+02, 1.427e-07
4.250e-01, 5.000e-01, -4.650e-01, 1.134e+05, 0.000e+00, 3.314e-04, 0.000e+00, 2.059e+00, 9.983e+02, 1.423e-07
4.250e-01, 5.000e-01, -4.550e-01, 1.130e+05, 0.000e+00, 3.290e-04, 0.000e+00, 2.052e+00, 9.983e+02, 1.412e-07
4.250e-01, 5.000e-01, -4.450e-01, 1.129e+05, 0.000e+00, 3.251e-04, 0.000e+00, 2.050e+00, 9.983e+02, 1.395e-07
4.250e-01, 5.000e-01, -4.350e-01, 1.128e+05, 0.000e+00, 3.216e-04, 0.000e+00, 2.048e+00, 9.983e+02, 1.381e-07
4.250e-01, 5.000e-01, -4.250e-01, 1.127e+05, 0.000e+00, 3.188e-04, 0.000e+00, 2.047e+00, 9.983e+02, 1.368e-07
4.250e-01, 5.000e-01, -4.150e-01, 1.126e+05, 0.000e+00, 3.156e-04, 0.000e+00, 2.045e+00, 9.983e+02, 1.355e-07
4.250e-01, 5.000e-01, -4.050e-01, 1.125e+05, 0.000e+00, 3.118e-04, 0.000e+00, 2.043e+00, 9.983e+02, 1.338e-07
4.250e-01, 5.000e-01, -3.950e-01, 1.124e+05, 0.000e+00, 3.087e-04, 0.000e+00, 2.041e+00, 9.983e+02, 1.325e-07
4.250e-01, 5.000e-01, -3.850e-01, 1.123e+05, 0.000e+00, 3.078e-04, 0.000e+00, 2.039e+00, 9.983e+02, 1.321e-07
4.250e-01, 5.000e-01, -3.750e-01, 1.122e+05, 0.000e+00, 3.093e-04, 0.000e+00, 2.038e+00, 9.983e+02, 1.328e-07
4.250e-01, 5.000e-01, -3.650e-01, 1.121e+05, 0.000e+00, 3.123e-04, 0.000e+00, 2.036e+00, 9.983e+02, 1.341e-07
4.250e-01, 5.000e-01, -3.550e-01, 1.120e+05, 0.000e+00, 3.145e-04, 0.000e+00, 2.034e+00, 9.983e+02, 1.350e-07
4.250e-01, 5.000e-01, -3.450e-01, 1.119e+05, 0.000e+00, 3.136e-04, 0.000e+00, 2.033e+00, 9.983e+02, 1.381e-07
4.250e-01, 5.000e-01, -3.350e-01, 1.118e+05, 0.000e+00, 3.102e-04, 0.000e+00, 2.031e+00, 9.983e+02, 1.394e-07
4.250e-01, 5.000e-01, -3.250e-01, 1.117e+05, 0.000e+00, 3.077e-04, 0.000e+00, 2.029e+00, 9.983e+02, 1.382e-07
4.250e-01, 5.000e-01, -3.150e-01, 1.116e+05, 0.000e+00, 3.065e-04, 0.000e+00, 2.027e+00, 9.983e+02, 1.377e-07
4.250e-01, 5.000e-01, -3.050e-01, 1.115e+05, 0.000e+00, 3.063e-04, 0.000e+00, 2.025e+00, 9.983e+02, 1.376e-07
4.250e-01, 5.000e-01, -2.950e-01, 1.114e+05, 0.000e+00, 3.064e-04, 0.000e+00, 2.024e+00, 9.983e+02, 1.377e-07
4.250e-01, 5.000e-01, -2.850e-01, 1.113e+05, 0.000e+00, 3.059e-04, 0.000e+00, 2.022e+00, 9.983e+02, 1.374e-07
4.250e-01, 5.000e-01, -2.750e-01, 1.112e+05, 0.000e+00, 3.045e-04, 0.000e+00, 2.020e+00, 9.983e+02, 1.368e-07
4.250e-01, 5.000e-01, -2.650e-01, 1.111e+05, 0.000e+00, 3.021e-04, 0.000e+00, 2.018e+00, 9.983e+02, 1.355e-07
4.250e-01, 5.000e-01, -2.550e-01, 1.111e+05, 0.000e+00, 2.994e-04, 0.000e+00, 2.018e+00, 9.983e+02, 1.315e-07
4.250e-01, 5.000e-01, -2.450e-01, 1.110e+05, 0.000e+00, 2.929e-04, 0.000e+00, 2.016e+00, 9.983e+02, 1.286e-07
4.250e-01, 5.000e-01, -2.350e-01, 1.109e+05, 0.000e+00, 2.836e-04, 0.000e+00, 2.014e+00, 9.983e+02, 1.246e-07
4.250e-01, 5.000e-01, -2.250e-01, 1.108e+05, 0.000e+00, 2.728e-04, 0.000e+00, 2.012e+00, 9.983e+02, 1.198e-07
4.250e-01, 5.000e-01, -2.150e-01, 1.107e+05, 0.000e+00, 2.611e-04, 0.000e+00, 2.011e+00, 9.983e+02, 1.147e-07
4.250e-01, 5.000e-01, -2.050e-01, 1.106e+05, 0.000e+00, 2.485e-04, 0.000e+00, 2.009e+00, 9.983e+02, 1.091e-07
4.250e-01, 5.000e-01, -1.950e-01, 1.105e+05, 0.000e+00, 2.335e-04, 0.000e+00, 2.007e+00, 9.983e+02, 1.026e-07
4.250e-01, 5.000e-01, -1.850e-01, 1.106e+05, 0.000e+00, 2.133e-04, 0.000e+00, 2.009e+00, 9.983e+02, 9.230e-08
4.250e-01, 5.000e-01, -1.750e-01, 1.105e+05, 0.000e+00, 1.866e-04, 0.000e+00, 2.007e+00, 9.983e+02, 8.010e-08
4.250e-01, 5.000e-01, -1.650e-01, 1.104e+05, 0.000e+00, 1.558e-04, 0.000e+00, 2.005e+00, 9.983e+02, 6.686e-08
4.250e-01, 5.000e-01, -1.550e-01, 1.103e+05, 0.000e+00, 1.242e-04, 0.000e+00, 2.004e+00, 9.983e+02, 5.333e-08
4.250e-01, 5.000e-01, -1.450e-01, 1.102e+05, 0.000e+00, 9.470e-05, 0.000e+00, 2.002e+00, 9.983e+02, 4.065e-08
4.250e-01, 5.000e-01, -1.350e-01, 1.101e+05, 0.000e+00, 6.869e-05, 0.000e+00, 2.000e+00, 9.983e+02, 2.949e-08
4.250e-01, 5.000e-01, -1.250e-01, 1.112e+05, 0.000e+00, 4.680e-05, 0.000e+00, 2.020e+00, 9.983e+02, 2.043e-08
4.250e-01, 5.000e-01, -1.150e-01, 1.111e+05, 0.000e+00, 2.926e-05, 0.000e+00, 2.018e+00, 9.983e+02, 1.285e-08
4.250e-01, 5.000e-01, -1.050e-01, 1.110e+05, 0.000e+00, 1.692e-05, 0.000e+00, 2.017e+00, 9.983e+02, 7.432e-09
4.250e-01, 5.000e-01, -9.500e-02, 1.109e+05, 0.000e+00, 9.101e-06, 0.000e+00, 2.015e+00, 9.983e+02, 3.997e-09
4.250e-01, 5.000e-01, -8.500e-02, 1.108e+05, 0.000e+00, 4.578e-06, 0.000e+00, 2.013e+00, 9.983e+02, 2.011e-09
4.250e-01, 5.000e-01, -7.500e-02, 1.107e+05, 0.000e+00, 2.162e-06, 0.000e+00, 2.011e+00, 9.983e+02, 9.495e-10
4.250e-01, 5.000e-01, -6.500e-02, 1.106e+05, 0.000e+00, 9.611e-07, 0.000e+00, 2.009e+00, 9.983e+02, 4.222e-10
4.250e-01, 5.000e-01, -5.500e-02, 1.105e+05, 0.000e+00, 4.034e-07, 0.000e+00, 2.008e+00, 9.983e+02, 1.772e-10
4.250e-01, 5.000e-01, -4.500e-02, 1.104e+05, 0.000e+00, 1.602e-07, 0.000e+00, 2.006e+00, 9.983e+02, 7.035e-11
4.250e-01, 5.000e-01, -3.500e-02, 1.103e+05, 0.000e+00, 6.030e-08, 0.000e+00, 2.004e+00, 9.983e+02, 2.649e-11
4.250e-01, 5.000e-01, -2.500e-02, 1.102e+05, 0.000e+00, 2.163e-08, 0.000e+00, 2.002e+00, 9.983e+02, 9.501e-12
4.250e-01, 5.000e-01, -1.500e-02, 1.101e+05, 0.000e+00, 7.556e-09, 0.000e+00, 2.000e+00, 9.983e+02, 3.319e-12
4.250e-01, 5.000e-01, -5.000e-03, 1.100e+05, 0.000e+00, 2.931e-09, 0.000e+00, 1.999e+00, 9.983e+02, 1.287e-12
4.350e-01, 5.000e-01, -1.195e+00, 1.202e+05, 0.000e+00, 1.002e-13, 0.000e+00, 2.184e+00, 9.983e+02, 2.000e-17
4.350e-01, 5.000e-01, -1.185e+00, 1.201e+05, 0.000e+00, 1.002e-13, 0.000e+00, 2.182e+00, 9.983e+02, 2.000e-17
4.350e-01, 5.000e-01, -1.175e+00, 1.200e+05, 0.000e+00, 1.002e-13, 0.000e+00, 2.181e+00, 9.983e+02, 2.000e-17
4.350e-01, 5.000e-01, -1.165e+00, 1.199e+05, 0.000e+00, 1.002e-13, 0.000e+00, 2.179e+00, 9.983e+02, 2.000e-17
4.350e-01, 5.000e-01, -1.155e+00, 1.198e+05, 0.000e+00, 1.002e-13, 0.000e+00, 2.177e+00, 9.983e+02, 2.000e-17
4.350e-01, 5.000e-01, -1.145e+00, 1.197e+05, 0.000e+00, 1.002e-13, 0.000e+00, 2.175e+00, 9.983e+02, 2.000e-17
4.350e-01, 5.000e-01, -1.135e+00, 1.196e+05, 0.000e+00, 1.002e-13, 0.000e+00, 2.173e+00, 9.983e+02, 2.000e-17
4.350e-01, 5.000e-01, -1.125e+00, 1.195e+05, 0.000e+00, 1.002e-13, 0.000e+00, 2.172e+00, 9.983e+02, 2.000e-17
4.350e-01, 5.000e-01, -1.115e+00, 1.194e+05, 0.000e+00, 1.002e-13, 0.000e+00, 2.170e+00, 9.983e+02, 2.000e-17
4.350e-01, 5.000e-01, -1.105e+00, 1.193e+05, 0.000e+00, 1.002e-13, 0.000e+00, 2.168e+00, 9.983e+02, 2.000e-17
4.350e-01, 5.000e-01, -1.095e+00, 1.192e+05, 0.000e+00, 2.629e-09, 0.000e+00, 2.166e+00, 9.983e+02, 1.003e-12
4.350e-01, 5.000e-01, -1.085e+00, 1.191e+05, 0.000e+00, 1.001e-03, 0.000e+00, 2.165e+00, 9.984e+02, 3.821e-07
4.350e-01, 5.000e-01, -1.075e+00, 1.190e+05, 0.000e+00, 9.929e-04, 0.000e+00, 2.163e+00, 9.984e+02, 4.263e-07
4.350e-01, 5.000e-01, -1.065e+00, 1.189e+05, 0.000e+00, 9.282e-04, 0.000e+00, 2.161e+00, 9.984e+02, 3.985e-07
4.350e-01, 5.000e-01, -1.055e+00, 1.188e+05, 0.000e+00, 8.352e-04, 0.000e+00, 2.159e+00, 9.984e+02, 3.586e-07
4.350e-01, 5.000e-01, -1.045e+00, 1.187e+05, 0.000e+00, 7.326e-04, 0.000e+00, 2.158e+00, 9.984e+02, 3.145e-07
4.350e-01, 5.000e-01, -1.035e+00, 1.186e+05, 0.000e+00, 6.341e-04, 0.000e+00, 2.156e+00, 9.984e+02, 2.722e-07
4.350e-01, 5.000e-01, -1.025e+00, 1.185e+05, 0.000e+00, 5.496e-04, 0.000e+00, 2.154e+00, 9.984e+02, 2.359e-07
4.350e-01, 5.000e-01, -1.015e+00, 1.185e+05, 0.000e+00, 4.798e-04, 0.000e+00, 2.152e+00, 9.984e+02, 2.060e-07
4.350e-01, 5.000e-01, -1.005e+00, 1.184e+05, 0.000e+00, 4.228e-04, 0.000e+00, 2.150e+00, 9.983e+02, 1.815e-07
4.350e-01, 5.000e-01, -9.950e-01, 1.183e+05, 0.000e+00, 3.773e-04, 0.000e+00, 2.149e+00, 9.983e+02, 1.620e-07
4.350e-01, 5.000e-01, -9.850e-01, 1.182e+05, 0.000e+00, 3.410e-04, 0.000e+00, 2.147e+00, 9.983e+02, 1.464e-07
4.350e-01, 5.000e-01, -9.750e-01, 1.181e+05, 0.000e+00, 3.096e-04, 0.000e+00, 2.145e+00, 9.983e+02, 1.329e-07
4.350e-01, 5.000e-01, -9.650e-01, 1.180e+05, 0.000e+00, 2.781e-04, 0.000e+00, 2.143e+00, 9.983e+02, 1.194e-07
4.350e-01, 5.000e-01, -9.550e-01, 1.179e+05, 0.000e+00, 2.449e-04, 0.000e+00, 2.141e+00, 9.983e+02, 1.051e-07
4.350e-01, 5.000e-01, -9.450e-01, 1.178e+05, 0.000e+00, 2.122e-04, 0.000e+00, 2.140e+00, 9.983e+02, 9.108e-08
4.350e-01, 5.000e-01, -9.350e-01, 1.177e+05, 0.000e+00, 1.833e-04, 0.000e+00, 2.138e+00, 9.983e+02, 7.867e-08
4.350e-01, 5.000e-01, -9.250e-01, 1.176e+05, 0.000e+00, 1.580e-04, 0.000e+00, 2.136e+00, 9.983e+02, 6.784e-08
4.350e-01, 5.000e-01, -9.150e-01, 1.175e+05, 0.000e+00, 1.371e-04, 0.000e+00, 2.134e+00, 9.983e+02, 5.883e-08
4.350e-01, 5.000e-01, -9.050e-01, 1.174e+05, 0.000e+00, 1.188e-04, 0.000e+00, 2.132e+00, 9.983e+02, 5.100e-08
4.350e-01, 5.000e-01, -8.950e-01, 1.173e+05, 0.000e+00, 1.022e-04, 0.000e+00, 2.131e+00, 9.983e+02, 4.388e-08
4.350e-01, 5.000e-01, -8.850e-01, 1.172e+05, 0.000e+00, 8.681e-05, 0.000e+00, 2.129e+00, 9.983e+02, 3.726e-08
4.350e-01, 5.000e-01, -8.750e-01, 1.171e+05, 0.000e+00, 7.278e-05, 0.000e+00, 2.127e+00, 9.983e+02, 3.124e-08
4.350e-01, 5.000e-01, -8.650e-01, 1.170e+05, 0.000e+00, 6.561e-05, 0.000e+00, 2.125e+00, 9.983e+02, 2.816e-08
4.350e-01, 5.000e-01, -8.550e-01, 1.169e+05, 0.000e+00, 1.099e-04, 0.000e+00, 2.124e+00, 9.983e+02, 4.717e-08
4.350e-01, 5.000e-01, -8.450e-01, 1.168e+05, 0.000e+00, 2.340e-04, 0.000e+00, 2.122e+00, 9.983e+02, 1.004e-07
4.350e-01, 5.000e-01, -8.350e-01, 1.167e+05, 0.000e+00, 3.405e-04, 0.000e+00, 2.120e+00, 9.983e+02, 1.462e-07
4.350e-01, 5.000e-01, -8.250e-01, 1.166e+05, 0.000e+00, 4.057e-04, 0.000e+00, 2.118e+00, 9.983e+02, 1.742e-07
4.350e-01, 5.000e-01, -8.150e-01, 1.165e+05, 0.000e+00, 4.576e-04, 0.000e+00, 2.116e+00, 9.983e+02, 1.964e-07
4.350e-01, 5.000e-01, -8.050e-01, 1.164e+05, 0.000e+00, 4.797e-04, 0.000e+00, 2.115e+00, 9.983e+02, 2.068e-07
4.350e-01, 5.000e-01, -7.950e-01, 1.163e+05, 0.000e+00, 4.801e-04, 0.000e+00, 2.113e+00, 9.983e+02, 2.097e-07
4.350e-01, 5.000e-01, -7.850e-01, 1.163e+05, 0.000e+00, 4.741e-04, 0.000e+00, 2.113e+00, 9.983e+02, 2.068e-07
4.350e-01, 5.000e-01, -7.750e-01, 1.162e+05, 0.000e+00, 4.674e-04, 0.000e+00, 2.111e+00, 9.983e+02, 2.050e-07
4.350e-01, 5.000e-01, -7.650e-01, 1.175e+05, 0.000e+00, 4.591e-04, 0.000e+00, 2.135e+00, 9.983e+02, 2.017e-07
4.350e-01, 5.000e-01, -7.550e-01, 1.174e+05, 0.000e+00, 4.546e-04, 0.000e+00, 2.133e+00, 9.983e+02, 1.997e-07
4.350e-01, 5.000e-01, -7.450e-01, 1.159e+05, 0.000e+00, 4.508e-04, 0.000e+00, 2.105e+00, 9.983e+02, 1.980e-07
4.350e-01, 5.000e-01, -7.350e-01, 1.158e+05, 0.000e+00, 4.467e-04, 0.000e+00, 2.104e+00, 9.983e+02, 1.962e-07
4.350e-01, 5.000e-01, -7.250e-01, 1.157e+05, 0.000e+00, 4.409e-04, 0.000e+00, 2.102e+00, 9.983e+02, 1.937e-07
4.350e-01, 5.000e-01, -7.150e-01, 1.156e+05, 0.000e+00, 4.348e-04, 0.000e+00, 2.100e+00, 9.983e+02, 1.910e-07
4.350e-01, 5.000e-01, -7.050e-01, 1.155e+05, 0.000e+00, 4.291e-04, 0.000e+00, 2.098e+00, 9.983e+02, 1.885e-07
4.350e-01, 5.000e-01, -6.950e-01, 1.154e+05, 0.000e+00, 4.224e-04, 0.000e+00, 2.097e+00, 9.983e+02, 1.855e-07
4.350e-01, 5.000e-01, -6.850e-01, 1.153e+05, 0.000e+00, 4.143e-04, 0.000e+00, 2.095e+00, 9.983e+02, 1.820e-07
4.350e-01, 5.000e-01, -6.750e-01, 1.152e+05, 0.000e+00, 4.051e-04, 0.000e+00, 2.093e+00, 9.983e+02, 1.780e-07
4.350e-01, 5.000e-01, -6.650e-01, 1.151e+05, 0.000e+00, 3.949e-04, 0.000e+00, 2.091e+00, 9.983e+02, 1.741e-07
4.350e-01, 5.000e-01, -6.550e-01, 1.149e+05, 0.000e+00, 3.787e-04, 0.000e+00, 2.088e+00, 9.983e+02, 1.714e-07
4.350e-01, 5.000e-01, -6.450e-01, 1.148e+05, 0.000e+00, 3.681e-04, 0.000e+00, 2.086e+00, 9.983e+02, 1.690e-07
4.350e-01, 5.000e-01, -6.350e-01, 1.147e+05, 0.000e+00, 3.620e-04, 0.000e+00, 2.084e+00, 9.983e+02, 1.662e-07
4.350e-01, 5.000e-01, -6.250e-01, 1.146e+05, 0.000e+00, 3.586e-04, 0.000e+00, 2.082e+00, 9.983e+02, 1.647e-07
4.350e-01, 5.000e-01, -6.150e-01, 1.145e+05, 0.000e+00, 3.576e-04, 0.000e+00, 2.080e+00, 9.983e+02, 1.636e-07
4.350e-01, 5.000e-01, -6.050e-01, 1.144e+05, 0.000e+00, 3.594e-04, 0.000e+00, 2.079e+00, 9.983e+02, 1.629e-07
4.350e-01, 5.000e-01, -5.950e-01, 1.144e+05, 0.000e+00, 3.658e-04, 0.000e+00, 2.079e+00, 9.983e+02, 1.617e-07
4.350e-01, 5.000e-01, -5.850e-01, 1.143e+05, 0.000e+00, 3.730e-04, 0.000e+00, 2.077e+00, 9.983e+02, 1.638e-07
4.350e-01, 5.000e-01, -5.750e-01, 1.142e+05, 0.000e+00, 3.776e-04, 0.000e+00, 2.075e+00, 9.983e+02, 1.659e-07
4.350e-01, 5.000e-01, -5.650e-01, 1.141e+05, 0.000e+00, 3.794e-04, 0.000e+00, 2.073e+00, 9.983e+02, 1.666e-07
4.350e-01, 5.000e-01, -5.550e-01, 1.140e+05, 0.000e+00, 3.786e-04, 0.000e+00, 2.071e+00, 9.983e+02, 1.663e-07
4.350e-01, 5.000e-01, -5.450e-01, 1.139e+05, 0.000e+00, 3.756e-04, 0.000e+00, 2.070e+00, 9.983e+02, 1.650e-07
4.350e-01, 5.000e-01, -5.350e-01, 1.138e+05, 0.000e+00, 3.701e-04, 0.000e+00, 2.068e+00, 9.983e+02, 1.626e-07
4.350e-01, 5.000e-01, -5.250e-01, 1.137e+05, 0.000e+00, 3.623e-04, 0.000e+00, 2.066e+00, 9.983e+02, 1.591e-07
4.350e-01, 5.000e-01, -5.150e-01, 1.138e+05, 0.000e+00, 3.525e-04, 0.000e+00, 2.068e+00, 9.983e+02, 1.526e-07
4.350e-01, 5.000e-01, -5.050e-01, 1.137e+05, 0.000e+00, 3.437e-04, 0.000e+00, 2.066e+00, 9.983e+02, 1.476e-07
4.350e-01, 5.000e-01, -4.950e-01, 1.136e+05, 0.000e+00, 3.381e-04, 0.000e+00, 2.064e+00, 9.983e+02, 1.451e-07
4.350e-01, 5.000e-01, -4.850e-01, 1.135e+05, 0.000e+00, 3.363e-04, 0.000e+00, 2.063e+00, 9.983e+02, 1.444e-07
4.350e-01, 5.000e-01, -4.750e-01, 1.135e+05, 0.000e+00, 3.365e-04, 0.000e+00, 2.061e+00, 9.983e+02, 1.445e-07
4.350e-01, 5.000e-01, -4.650e-01, 1.134e+05, 0.000e+00, 3.358e-04, 0.000e+00, 2.059e+00, 9.983e+02, 1.442e-07
4.350e-01, 5.000e-01, -4.550e-01, 1.130e+05, 0.000e+00, 3.321e-04, 0.000e+00, 2.052e+00, 9.983e+02, 1.425e-07
4.350e-01, 5.000e-01, -4.450e-01, 1.129e+05, 0.000e+00, 3.262e-04, 0.000e+00, 2.050e+00, 9.983e+02, 1.400e-07
4.350e-01, 5.000e-01, -4.350e-01, 1.128e+05, 0.000e+00, 3.206e-04, 0.000e+00, 2.048e+00, 9.983e+02, 1.376e-07
4.350e-01, 5.000e-01, -4.250e-01, 1.127e+05, 0.000e+00, 3.147e-04, 0.000e+00, 2.047e+00, 9.983e+02, 1.351e-07
4.350e-01, 5.000e-01, -4.150e-01, 1.126e+05, 0.000e+00, 3.078e-04, 0.000e+00, 2.045e+00, 9.983e+02, 1.321e-07
4.350e-01, 5.000e-01, -4.050e-01, 1.125e+05, 0.000e+00, 3.002e-04, 0.000e+00, 2.043e+00, 9.983e+02, 1.289e-07
4.350e-01, 5.000e-01, -3.950e-01, 1.124e+05, 0.000e+00, 2.954e-04, 0.000e+00, 2.041e+00, 9.983e+02, 1.268e-07
4.350e-01, 5.000e-01, -3.850e-01, 1.123e+05, 0.000e+00, 2.952e-04, 0.000e+00, 2.039e+00, 9.983e+02, 1.267e-07
4.350e-01, 5.000e-01, -3.750e-01, 1.122e+05, 0.000e+00, 2.992e-04, 0.000e+00, 2.038e+00, 9.983e+02, 1.284e-07
4.350e-01, 5.000e-01, -3.650e-01, 1.121e+05, 0.000e+00, 3.061e-04, 0.000e+00, 2.036e+00, 9.983e+02, 1.314e-07
4.350e-01, 5.000e-01, -3.550e-01, 1.120e+05, 0.000e+00, 3.131e-04, 0.000e+00, 2.034e+00, 9.983e+02, 1.344e-07
4.350e-01, 5.000e-01, -3.450e-01, 1.119e+05, 0.000e+00, 3.154e-04, 0.000e+00, 2.033e+00, 9.983e+02, 1.387e-07
4.350e-01, 5.000e-01, -3.350e-01, 1.118e+05, 0.000e+00, 3.099e-04, 0.000e+00, 2.031e+00, 9.983e+02, 1.392e-07
4.350e-01, 5.000e-01, -3.250e-01, 1.117e+05, 0.000e+00, 3.027e-04, 0.000e+00, 2.029e+00, 9.983e+02, 1.360e-07
4.350e-01, 5.000e-01, -3.150e-01, 1.116e+05, 0.000e+00, 2.954e-04, 0.000e+00, 2.027e+00, 9.983e+02, 1.327e-07
4.350e-01, 5.000e-01, -3.050e-01, 1.115e+05, 0.000e+00, 2.891e-04, 0.000e+00, 2.025e+00, 9.983e+02, 1.299e-07
4.350e-01, 5.000e-01, -2.950e-01, 1.114e+05, 0.000e+00, 2.842e-04, 0.000e+00, 2.024e+00, 9.983e+02, 1.277e-07
4.350e-01, 5.000e-01, -2.850e-01, 1.113e+05, 0.000e+00, 2.803e-04, 0.000e+00, 2.022e+00, 9.983e+02, 1.259e-07
4.350e-01, 5.000e-01, -2.750e-01, 1.112e+05, 0.000e+00, 2.771e-04, 0.000e+00, 2.020e+00, 9.983e+02, 1.245e-07
4.350e-01, 5.000e-01, -2.650e-01, 1.111e+05, 0.000e+00, 2.743e-04, 0.000e+00, 2.018e+00, 9.983e+02, 1.232e-07
4.350e-01, 5.000e-01, -2.550e-01, 1.111e+05, 0.000e+00, 2.730e-04, 0.000e+00, 2.018e+00, 9.983e+02, 1.199e-07
4.350e-01, 5.000e-01, -2.450e-01, 1.110e+05, 0.000e+00, 2.685e-04, 0.000e+00, 2.016e+00, 9.983e+02, 1.179e-07
4.350e-01, 5.000e-01, -2.350e-01, 1.109e+05, 0.000e+00, 2.612e-04, 0.000e+00, 2.014e+00, 9.983e+02, 1.147e-07
4.350e-01, 5.000e-01, -2.250e-01, 1.108e+05, 0.000e+00, 2.532e-04, 0.000e+00, 2.012e+00, 9.983e+02, 1.112e-07
4.350e-01, 5.000e-01, -2.150e-01, 1.107e+05, 0.000e+00, 2.456e-04, 0.000e+00, 2.011e+00, 9.983e+02, 1.079e-07
4.350e-01, 5.000e-01, -2.050e-01, 1.106e+05, 0.000e+00, 2.388e-04, 0.000e+00, 2.009e+00, 9.983e+02, 1.049e-07
4.350e-01, 5.000e-01, -1.950e-01, 1.105e+05, 0.000e+00, 2.316e-04, 0.000e+00, 2.007e+00, 9.983e+02, 1.017e-07
4.350e-01, 5.000e-01, -1.850e-01, 1.106e+05, 0.000e+00, 2.204e-04, 0.000e+00, 2.009e+00, 9.983e+02, 9.551e-08
4.350e-01, 5.000e-01, -1.750e-01, 1.105e+05, 0.000e+00, 1.991e-04, 0.000e+00, 2.007e+00, 9.983e+02, 8.547e-08
4.350e-01, 5.000e-01, -1.650e-01, 1.104e+05, 0.000e+00, 1.690e-04, 0.000e+00, 2.005e+00, 9.983e+02, 7.256e-08
4.350e-01, 5.000e-01, -1.550e-01, 1.103e+05, 0.000e+00, 1.353e-04, 0.000e+00, 2.004e+00, 9.983e+02, 5.807e-08
4.350e-01, 5.000e-01, -1.450e-01, 1.102e+05, 0.000e+00, 1.025e-04, 0.000e+00, 2.002e+00, 9.983e+02, 4.400e-08
4.350e-01, 5.000e-01, -1.350e-01, 1.101e+05, 0.000e+00, 7.348e-05, 0.000e+00, 2.000e+00, 9.983e+02, 3.154e-08
4.350e-01, 5.000e-01, -1.250e-01, 1.112e+05, 0.000e+00, 4.935e-05, 0.000e+00, 2.020e+00, 9.983e+02, 2.154e-08
4.350e-01, 5.000e-01, -1.150e-01, 1.111e+05, 0.000e+00, 3.049e-05, 0.000e+00, 2.018e+00, 9.983e+02, 1.339e-08
4.350e-01, 5.000e-01, -1.050e-01, 1.110e+05, 0.000e+00, 1.746e-05, 0.000e+00, 2.017e+00, 9.983e+02, 7.669e-09
4.350e-01, 5.000e-01, -9.500e-02, 1.109e+05, 0.000e+00, 9.322e-06, 0.000e+00, 2.015e+00, 9.983e+02, 4.095e-09
4.350e-01, 5.000e-01, -8.500e-02, 1.108e+05, 0.000e+00, 4.663e-06, 0.000e+00, 2.013e+00, 9.983e+02, 2.048e-09
4.350e-01, 5.000e-01, -7.500e-02, 1.107e+05, 0.000e+00, 2.193e-06, 0.000e+00, 2.011e+00, 9.983e+02, 9.634e-10
4.350e-01, 5.000e-01, -6.500e-02, 1.106e+05, 0.000e+00, 9.727e-07, 0.000e+00, 2.009e+00, 9.983e+02, 4.273e-10
4.350e-01, 5.000e-01, -5.500e-02, 1.105e+05, 0.000e+00, 4.076e-07, 0.000e+00, 2.008e+00, 9.983e+02, 1.790e-10
4.350e-01, 5.000e-01, -4.500e-02, 1.104e+05, 0.000e+00, 1.617e-07, 0.000e+00, 2.006e+00, 9.983e+02, 7.103e-11
4.350e-01, 5.000e-01, -3.500e-02, 1.103e+05, 0.000e+00, 6.087e-08, 0.000e+00, 2.004e+00, 9.983e+02, 2.674e-11
4.350e-01, 5.000e-01, -2.500e-02, 1.102e+05, 0.000e+00, 2.184e-08, 0.000e+00, 2.002e+00, 9.983e+02, 9.593e-12
4.350e-01, 5.000e-01, -1.500e-02, 1.101e+05, 0.000e+00, 7.636e-09, 0.000e+00, 2.000e+00, 9.983e+02, 3.354e-12
4.350e-01, 5.000e-01, -5.000e-03, 1.100e+05, 0.000e+00, 2.963e-09, 0.000e+00, 1.999e+00, 9.983e+02, 1.301e-12
4.450e-01, 5.000e-01, -1.195e+00, 1.202e+05, 0.000e+00, 1.002e-13, 0.000e+00, 2.184e+00, 9.983e+02, 2.000e-17
4.450e-01, 5.000e-01, -1.185e+00, 1.201e+05, 0.000e+00, 1.002e-13, 0.000e+00, 2.182e+00, 9.983e+02, 2.000e-17
4.450e-01, 5.000e-01, -1.175e+00, 1.200e+05, 0.000e+00, 1.002e-13, 0.000e+00, 2.181e+00, 9.983e+02, 2.000e-17
4.450e-01, 5.000e-01, -1.165e+00, 1.199e+05, 0.000e+00, 1.002e-13, 0.000e+00, 2.179e+00, 9.983e+02, 2.000e-17
4.450e-01, 5.000e-01, -1.155e+00, 1.198e+05, 0.000e+00, 1.002e-13, 0.000e+00, 2.177e+00, 9.983e+02, 2.000e-17
4.450e-01, 5.000e-01, -1.145e+00, 1.197e+05, 0.000e+00, 1.002e-13, 0.000e+00, 2.175e+00, 9.983e+02, 2.000e-17
4.450e-01, 5.000e-01, -1.135e+00, 1.196e+05, 0.000e+00, 1.002e-13, 0.000e+00, 2.173e+00, 9.983e+02, 2.000e-17
4.450e-01, 5.000e-01, -1.125e+00, 1.195e+05, 0.000e+00, 1.002e-13, 0.000e+00, 2.172e+00, 9.983e+02, 2.000e-17
4.450e-01, 5.000e-01, -1.115e+00, 1.194e+05, 0.000e+00, 1.002e-13, 0.000e+00, 2.170e+00, 9.983e+02, 2.000e-17
4.450e-01, 5.000e-01, -1.105e+00, 1.193e+05, 0.000e+00, 1.002e-13, 0.000e+00, 2.168e+00, 9.983e+02, 2.000e-17
4.450e-01, 5.000e-01, -1.095e+00, 1.192e+05, 0.000e+00, 2.966e-09, 0.000e+00, 2.166e+00, 9.983e+02, 1.271e-12
4.450e-01, 5.000e-01, -1.085e+00, 1.191e+05, 0.000e+00, 1.032e-03, 0.000e+00, 2.165e+00, 9.985e+02, 4.419e-07
4.450e-01, 5.000e-01, -1.075e+00, 1.190e+05, 0.000e+00, 1.005e-03, 0.000e+00, 2.163e+00, 9.984e+02, 4.313e-07
4.450e-01, 5.000e-01, -1.065e+00, 1.189e+05, 0.000e+00, 9.279e-04, 0.000e+00, 2.161e+00, 9.984e+02, 3.984e-07
4.450e-01, 5.000e-01, -1.055e+00, 1.188e+05, 0.000e+00, 8.296e-04, 0.000e+00, 2.159e+00, 9.984e+02, 3.562e-07
4.450e-01, 5.000e-01, -1.045e+00, 1.187e+05, 0.000e+00, 7.297e-04, 0.000e+00, 2.158e+00, 9.984e+02, 3.133e-07
4.450e-01, 5.000e-01, -1.035e+00, 1.186e+05, 0.000e+00, 6.358e-04, 0.000e+00, 2.156e+00, 9.984e+02, 2.729e-07
4.450e-01, 5.000e-01, -1.025e+00, 1.185e+05, 0.000e+00, 5.535e-04, 0.000e+00, 2.154e+00, 9.984e+02, 2.376e-07
4.450e-01, 5.000e-01, -1.015e+00, 1.185e+05, 0.000e+00, 4.840e-04, 0.000e+00, 2.152e+00, 9.984e+02, 2.078e-07
4.450e-01, 5.000e-01, -1.005e+00, 1.184e+05, 0.000e+00, 4.263e-04, 0.000e+00, 2.150e+00, 9.983e+02, 1.830e-07
4.450e-01, 5.000e-01, -9.950e-01, 1.183e+05, 0.000e+00, 3.799e-04, 0.000e+00, 2.149e+00, 9.983e+02, 1.631e-07
4.450e-01, 5.000e-01, -9.850e-01, 1.182e+05, 0.000e+00, 3.434e-04, 0.000e+00, 2.147e+00, 9.983e+02, 1.474e-07
4.450e-01, 5.000e-01, -9.750e-01, 1.181e+05, 0.000e+00, 3.126e-04, 0.000e+00, 2.145e+00, 9.983e+02, 1.342e-07
4.450e-01, 5.000e-01, -9.650e-01, 1.180e+05, 0.000e+00, 2.825e-04, 0.000e+00, 2.143e+00, 9.983e+02, 1.213e-07
4.450e-01, 5.000e-01, -9.550e-01, 1.179e+05, 0.000e+00, 2.503e-04, 0.000e+00, 2.141e+00, 9.983e+02, 1.074e-07
4.450e-01, 5.000e-01, -9.450e-01, 1.178e+05, 0.000e+00, 2.185e-04, 0.000e+00, 2.140e+00, 9.983e+02, 9.381e-08
4.450e-01, 5.000e-01, -9.350e-01, 1.177e+05, 0.000e+00, 1.918e-04, 0.000e+00, 2.138e+00, 9.983e+02, 8.233e-08
4.450e-01, 5.000e-01, -9.250e-01, 1.176e+05, 0.000e+00, 1.735e-04, 0.000e+00, 2.136e+00, 9.983e+02, 7.448e-08
4.450e-01, 5.000e-01, -9.150e-01, 1.175e+05, 0.000e+00, 1.563e-04, 0.000e+00, 2.134e+00, 9.983e+02, 6.708e-08
4.450e-01, 5.000e-01, -9.050e-01, 1.174e+05, 0.000e+00, 1.385e-04, 0.000e+00, 2.132e+00, 9.983e+02, 5.947e-08
4.450e-01, 5.000e-01, -8.950e-01, 1.173e+05, 0.000e+00, 1.205e-04, 0.000e+00, 2.131e+00, 9.983e+02, 5.172e-08
4.450e-01, 5.000e-01, -8.850e-01, 1.172e+05, 0.000e+00, 1.028e-04, 0.000e+00, 2.129e+00, 9.983e+02, 4.411e-08
4.450e-01, 5.000e-01, -8.750e-01, 1.171e+05, 0.000e+00, 8.614e-05, 0.000e+00, 2.127e+00, 9.983e+02, 3.697e-08
4.450e-01, 5.000e-01, -8.650e-01, 1.170e+05, 0.000e+00, 7.418e-05, 0.000e+00, 2.125e+00, 9.983e+02, 3.184e-08
4.450e-01, 5.000e-01, -8.550e-01, 1.169e+05, 0.000e+00, 9.010e-05, 0.000e+00, 2.124e+00, 9.983e+02, 3.868e-08
4.450e-01, 5.000e-01, -8.450e-01, 1.168e+05, 0.000e+00, 1.597e-04, 0.000e+00, 2.122e+00, 9.983e+02, 6.857e-08
4.450e-01, 5.000e-01, -8.350e-01, 1.167e+05, 0.000e+00, 2.339e-04, 0.000e+00, 2.120e+00, 9.983e+02, 1.004e-07
4.450e-01, 5.000e-01, -8.250e-01, 1.166e+05, 0.000e+00, 2.894e-04, 0.000e+00, 2.118e+00, 9.983e+02, 1.242e-07
4.450e-01, 5.000e-01, -8.150e-01, 1.165e+05, 0.000e+00, 3.563e-04, 0.000e+00, 2.116e+00, 9.983e+02, 1.530e-07
4.450e-01, 5.000e-01, -8.050e-01, 1.164e+05, 0.000e+00, 4.376e-04, 0.000e+00, 2.115e+00, 9.983e+02, 1.878e-07
4.450e-01, 5.000e-01, -7.950e-01, 1.163e+05, 0.000e+00, 4.726e-04, 0.000e+00, 2.113e+00, 9.983e+02, 2.029e-07
4.450e-01, 5.000e-01, -7.850e-01, 1.162e+05, 0.000e+00, 4.714e-04, 0.000e+00, 2.111e+00, 9.983e+02, 2.024e-07
4.450e-01, 5.000e-01, -7.750e-01, 1.161e+05, 0.000e+00, 4.670e-04, 0.000e+00, 2.109e+00, 9.983e+02, 2.020e-07
4.450e-01, 5.000e-01, -7.650e-01, 1.175e+05, 0.000e+00, 4.659e-04, 0.000e+00, 2.135e+00, 9.983e+02, 2.046e-07
4.450e-01, 5.000e-01, -7.550e-01, 1.174e+05, 0.000e+00, 4.626e-04, 0.000e+00, 2.133e+00, 9.983e+02, 2.032e-07
4.450e-01, 5.000e-01, -7.450e-01, 1.173e+05, 0.000e+00, 4.588e-04, 0.000e+00, 2.131e+00, 9.983e+02, 2.016e-07
4.450e-01, 5.000e-01, -7.350e-01, 1.172e+05, 0.000e+00, 4.556e-04, 0.000e+00, 2.129e+00, 9.983e+02, 2.001e-07
4.450e-01, 5.000e-01, -7.250e-01, 1.171e+05, 0.000e+00, 4.515e-04, 0.000e+00, 2.127e+00, 9.983e+02, 1.983e-07
4.450e-01, 5.000e-01, -7.150e-01, 1.170e+05, 0.000e+00, 4.472e-04, 0.000e+00, 2.126e+00, 9.983e+02, 1.964e-07
4.450e-01, 5.000e-01, -7.050e-01, 1.169e+05, 0.000e+00, 4.430e-04, 0.000e+00, 2.124e+00, 9.983e+02, 1.946e-07
4.450e-01, 5.000e-01, -6.950e-01, 1.168e+05, 0.000e+00, 4.387e-04, 0.000e+00, 2.122e+00, 9.983e+02, 1.927e-07
4.450e-01, 5.000e-01, -6.850e-01, 1.167e+05, 0.000e+00, 4.336e-04, 0.000e+00, 2.120e+00, 9.983e+02, 1.905e-07
4.450e-01, 5.000e-01, -6.750e-01, 1.166e+05, 0.000e+00, 4.254e-04, 0.000e+00, 2.119e+00, 9.983e+02, 1.869e-07
4.450e-01, 5.000e-01, -6.650e-01, 1.151e+05, 0.000e+00, 4.134e-04, 0.000e+00, 2.091e+00, 9.983e+02, 1.816e-07
4.450e-01, 5.000e-01, -6.550e-01, 1.150e+05, 0.000e+00, 3.988e-04, 0.000e+00, 2.089e+00, 9.983e+02, 1.752e-07
4.450e-01, 5.000e-01, -6.450e-01, 1.149e+05, 0.000e+00, 3.829e-04, 0.000e+00, 2.088e+00, 9.983e+02, 1.701e-07
4.450e-01, 5.000e-01, -6.350e-01, 1.147e+05, 0.000e+00, 3.687e-04, 0.000e+00, 2.084e+00, 9.983e+02, 1.666e-07
4.450e-01, 5.000e-01, -6.250e-01, 1.146e+05, 0.000e+00, 3.604e-04, 0.000e+00, 2.082e+00, 9.983e+02, 1.652e-07
4.450e-01, 5.000e-01, -6.150e-01, 1.145e+05, 0.000e+00, 3.565e-04, 0.000e+00, 2.080e+00, 9.983e+02, 1.637e-07
4.450e-01, 5.000e-01, -6.050e-01, 1.144e+05, 0.000e+00, 3.547e-04, 0.000e+00, 2.079e+00, 9.983e+02, 1.629e-07
4.450e-01, 5.000e-01, -5.950e-01, 1.143e+05, 0.000e+00, 3.553e-04, 0.000e+00, 2.077e+00, 9.983e+02, 1.628e-07
4.450e-01, 5.000e-01, -5.850e-01, 1.142e+05, 0.000e+00, 3.591e-04, 0.000e+00, 2.075e+00, 9.983e+02, 1.621e-07
4.450e-01, 5.000e-01, -5.750e-01, 1.142e+05, 0.000e+00, 3.654e-04, 0.000e+00, 2.075e+00, 9.983e+02, 1.620e-07
4.450e-01, 5.000e-01, -5.650e-01, 1.141e+05, 0.000e+00, 3.684e-04, 0.000e+00, 2.073e+00, 9.983e+02, 1.618e-07
4.450e-01, 5.000e-01, -5.550e-01, 1.140e+05, 0.000e+00, 3.681e-04, 0.000e+00, 2.071e+00, 9.983e+02, 1.617e-07
4.450e-01, 5.000e-01, -5.450e-01, 1.139e+05, 0.000e+00, 3.652e-04, 0.000e+00, 2.070e+00, 9.983e+02, 1.604e-07
4.450e-01, 5.000e-01, -5.350e-01, 1.138e+05, 0.000e+00, 3.600e-04, 0.000e+00, 2.068e+00, 9.983e+02, 1.581e-07
4.450e-01, 5.000e-01, -5.250e-01, 1.137e+05, 0.000e+00, 3.531e-04, 0.000e+00, 2.066e+00, 9.983e+02, 1.551e-07
4.450e-01, 5.000e-01, -5.150e-01, 1.138e+05, 0.000e+00, 3.455e-04, 0.000e+00, 2.068e+00, 9.983e+02, 1.497e-07
4.450e-01, 5.000e-01, -5.050e-01, 1.137e+05, 0.000e+00, 3.400e-04, 0.000e+00, 2.066e+00, 9.983e+02, 1.459e-07
4.450e-01, 5.000e-01, -4.950e-01, 1.136e+05, 0.000e+00, 3.379e-04, 0.000e+00, 2.064e+00, 9.983e+02, 1.450e-07
4.450e-01, 5.000e-01, -4.850e-01, 1.135e+05, 0.000e+00, 3.387e-04, 0.000e+00, 2.063e+00, 9.983e+02, 1.454e-07
4.450e-01, 5.000e-01, -4.750e-01, 1.135e+05, 0.000e+00, 3.399e-04, 0.000e+00, 2.061e+00, 9.983e+02, 1.459e-07
4.450e-01, 5.000e-01, -4.650e-01, 1.134e+05, 0.000e+00, 3.382e-04, 0.000e+00, 2.059e+00, 9.983e+02, 1.452e-07
4.450e-01, 5.000e-01, -4.550e-01, 1.130e+05, 0.000e+00, 3.321e-04, 0.000e+00, 2.052e+00, 9.983e+02, 1.426e-07
4.450e-01, 5.000e-01, -4.450e-01, 1.129e+05, 0.000e+00, 3.235e-04, 0.000e+00, 2.050e+00, 9.983e+02, 1.389e-07
4.450e-01, 5.000e-01, -4.350e-01, 1.128e+05, 0.000e+00, 3.141e-04, 0.000e+00, 2.048e+00, 9.983e+02, 1.348e-07
4.450e-01, 5.000e-01, -4.250e-01, 1.127e+05, 0.000e+00, 3.033e-04, 0.000e+00, 2.047e+00, 9.983e+02, 1.302e-07
4.450e-01, 5.000e-01, -4.150e-01, 1.126e+05, 0.000e+00, 2.911e-04, 0.000e+00, 2.045e+00, 9.983e+02, 1.250e-07
4.450e-01, 5.000e-01, -4.050e-01, 1.125e+05, 0.000e+00, 2.795e-04, 0.000e+00, 2.043e+00, 9.983e+02, 1.200e-07
4.450e-01, 5.000e-01, -3.950e-01, 1.124e+05, 0.000e+00, 2.740e-04, 0.000e+00, 2.041e+00, 9.983e+02, 1.176e-07
4.450e-01, 5.000e-01, -3.850e-01, 1.123e+05, 0.000e+00, 2.752e-04, 0.000e+00, 2.039e+00, 9.983e+02, 1.182e-07
4.450e-01, 5.000e-01, -3.750e-01, 1.122e+05, 0.000e+00, 2.825e-04, 0.000e+00, 2.038e+00, 9.983e+02, 1.213e-07
4.450e-01, 5.000e-01, -3.650e-01, 1.121e+05, 0.000e+00, 2.946e-04, 0.000e+00, 2.036e+00, 9.983e+02, 1.265e-07
4.450e-01, 5.000e-01, -3.550e-01, 1.120e+05, 0.000e+00, 3.087e-04, 0.000e+00, 2.034e+00, 9.983e+02, 1.325e-07
4.450e-01, 5.000e-01, -3.450e-01, 1.119e+05, 0.000e+00, 3.192e-04, 0.000e+00, 2.033e+00, 9.983e+02, 1.402e-07
4.450e-01, 5.000e-01, -3.350e-01, 1.118e+05, 0.000e+00, 3.178e-04, 0.000e+00, 2.031e+00, 9.983e+02, 1.428e-07
4.450e-01, 5.000e-01, -3.250e-01, 1.117e+05, 0.000e+00, 3.104e-04, 0.000e+00, 2.029e+00, 9.983e+02, 1.394e-07
4.450e-01, 5.000e-01, -3.150e-01, 1.116e+05, 0.000e+00, 3.003e-04, 0.000e+00, 2.027e+00, 9.983e+02, 1.349e-07
4.450e-01, 5.000e-01, -3.050e-01, 1.115e+05, 0.000e+00, 2.890e-04, 0.000e+00, 2.025e+00, 9.983e+02, 1.298e-07
4.450e-01, 5.000e-01, -2.950e-01, 1.114e+05, 0.000e+00, 2.771e-04, 0.000e+00, 2.024e+00, 9.983e+02, 1.245e-07
4.450e-01, 5.000e-01, -2.850e-01, 1.113e+05, 0.000e+00, 2.655e-04, 0.000e+00, 2.022e+00, 9.983e+02, 1.193e-07
4.450e-01, 5.000e-01, -2.750e-01, 1.112e+05, 0.000e+00, 2.549e-04, 0.000e+00, 2.020e+00, 9.983e+02, 1.145e-07
4.450e-01, 5.000e-01, -2.650e-01, 1.111e+05, 0.000e+00, 2.467e-04, 0.000e+00, 2.018e+00, 9.983e+02, 1.108e-07
4.450e-01, 5.000e-01, -2.550e-01, 1.111e+05, 0.000e+00, 2.419e-04, 0.000e+00, 2.018e+00, 9.983e+02, 1.064e-07
4.450e-01, 5.000e-01, -2.450e-01, 1.110e+05, 0.000e+00, 2.367e-04, 0.000e+00, 2.016e+00, 9.983e+02, 1.040e-07
4.450e-01, 5.000e-01, -2.350e-01, 1.109e+05, 0.000e+00, 2.302e-04, 0.000e+00, 2.014e+00, 9.983e+02, 1.011e-07
4.450e-01, 5.000e-01, -2.250e-01, 1.108e+05, 0.000e+00, 2.236e-04, 0.000e+00, 2.012e+00, 9.983e+02, 9.822e-08
4.450e-01, 5.000e-01, -2.150e-01, 1.107e+05, 0.000e+00, 2.190e-04, 0.000e+00, 2.011e+00, 9.983e+02, 9.618e-08
4.450e-01, 5.000e-01, -2.050e-01, 1.106e+05, 0.000e+00, 2.174e-04, 0.000e+00, 2.009e+00, 9.983e+02, 9.550e-08
4.450e-01, 5.000e-01, -1.950e-01, 1.105e+05, 0.000e+00, 2.184e-04, 0.000e+00, 2.007e+00, 9.983e+02, 9.595e-08
4.450e-01, 5.000e-01, -1.850e-01, 1.104e+05, 0.000e+00, 2.181e-04, 0.000e+00, 2.005e+00, 9.983e+02, 9.483e-08
4.450e-01, 5.000e-01, -1.750e-01, 1.105e+05, 0.000e+00, 2.072e-04, 0.000e+00, 2.007e+00, 9.983e+02, 8.893e-08
4.450e-01, 5.000e-01, -1.650e-01, 1.104e+05, 0.000e+00, 1.817e-04, 0.000e+00, 2.005e+00, 9.983e+02, 7.801e-08
4.450e-01, 5.000e-01, -1.550e-01, 1.103e+05, 0.000e+00, 1.473e-04, 0.000e+00, 2.004e+00, 9.983e+02, 6.323e-08
4.450e-01, 5.000e-01, -1.450e-01, 1.102e+05, 0.000e+00, 1.114e-04, 0.000e+00, 2.002e+00, 9.983e+02, 4.781e-08
4.450e-01, 5.000e-01, -1.350e-01, 1.101e+05, 0.000e+00, 7.904e-05, 0.000e+00, 2.000e+00, 9.983e+02, 3.393e-08
4.450e-01, 5.000e-01, -1.250e-01, 1.112e+05, 0.000e+00, 5.235e-05, 0.000e+00, 2.020e+00, 9.983e+02, 2.286e-08
4.450e-01, 5.000e-01, -1.150e-01, 1.111e+05, 0.000e+00, 3.196e-05, 0.000e+00, 2.018e+00, 9.983e+02, 1.404e-08
4.450e-01, 5.000e-01, -1.050e-01, 1.110e+05, 0.000e+00, 1.812e-05, 0.000e+00, 2.017e+00, 9.983e+02, 7.961e-09
4.450e-01, 5.000e-01, -9.500e-02, 1.109e+05, 0.000e+00, 9.603e-06, 0.000e+00, 2.015e+00, 9.983e+02, 4.218e-09
4.450e-01, 5.000e-01, -8.500e-02, 1.108e+05, 0.000e+00, 4.776e-06, 0.000e+00, 2.013e+00, 9.983e+02, 2.098e-09
4.450e-01, 5.000e-01, -7.500e-02, 1.107e+05, 0.000e+00, 2.237e-06, 0.000e+00, 2.011e+00, 9.983e+02, 9.824e-10
4.450e-01, 5.000e-01, -6.500e-02, 1.106e+05, 0.000e+00, 9.888e-07, 0.000e+00, 2.009e+00, 9.983e+02, 4.343e-10
4.450e-01, 5.000e-01, -5.500e-02, 1.105e+05, 0.000e+00, 4.134e-07, 0.000e+00, 2.008e+00, 9.983e+02, 1.816e-10
4.450e-01, 5.000e-01, -4.500e-02, 1.104e+05, 0.000e+00, 1.638e-07, 0.000e+00, 2.006e+00, 9.983e+02, 7.194e-11
4.450e-01, 5.000e-01, -3.500e-02, 1.103e+05, 0.000e+00, 6.160e-08, 0.000e+00, 2.004e+00, 9.983e+02, 2.706e-11
4.450e-01, 5.000e-01, -2.500e-02, 1.102e+05, 0.000e+00, 2.210e-08, 0.000e+00, 2.002e+00, 9.983e+02, 9.706e-12
4.450e-01, 5.000e-01, -1.500e-02, 1.101e+05, 0.000e+00, 7.727e-09, 0.000e+00, 2.000e+00, 9.983e+02, 3.394e-12
4.450e-01, 5.000e-01, -5.000e-03, 1.100e+05, 0.000e+00, 2.998e-09, 0.000e+00, 1.999e+00, 9.983e+02, 1.317e-12
4.550e-01, 5.000e-01, -1.195e+00, 1.202e+05, 0.000e+00, 1.002e-13, 0.000e+00, 2.184e+00, 9.983e+02, 2.000e-17
4.550e-01, 5.000e-01, -1.185e+00, 1.201e+05, 0.000e+00, 1.002e-13, 0.000e+00, 2.182e+00, 9.983e+02, 2.000e-17
4.550e-01, 5.000e-01, -1.175e+00, 1.200e+05, 0.000e+00, 1.002e-13, 0.000e+00, 2.181e+00, 9.983e+02, 2.000e-17
4.550e-01, 5.000e-01, -1.165e+00, 1.199e+05, 0.000e+00, 1.002e-13, 0.000e+00, 2.179e+00, 9.983e+02, 2.000e-17
4.550e-01, 5.000e-01, -1.155e+00, 1.198e+05, 0.000e+00, 1.002e-13, 0.000e+00, 2.177e+00, 9.983e+02, 2.000e-17
4.550e-01, 5.000e-01, -1.145e+00, 1.197e+05, 0.000e+00, 1.002e-13, 0.000e+00, 2.175e+00, 9.983e+02, 2.000e-17
4.550e-01, 5.000e-01, -1.135e+00, 1.196e+05, 0.000e+00, 1.002e-13, 0.000e+00, 2.173e+00, 9.983e+02, 2.000e-17
4.550e-01, 5.000e-01, -1.125e+00, 1.195e+05, 0.000e+00, 1.002e-13, 0.000e+00, 2.172e+00, 9.983e+02, 2.000e-17
4.550e-01, 5.000e-01, -1.115e+00, 1.194e+05, 0.000e+00, 1.002e-13, 0.000e+00, 2.170e+00, 9.983e+02, 2.000e-17
4.550e-01, 5.000e-01, -1.105e+00, 1.193e+05, 0.000e+00, 1.923e-10, 0.000e+00, 2.168e+00, 9.983e+02, 7.057e-14
4.550e-01, 5.000e-01, -1.095e+00, 1.192e+05, 0.000e+00, 9.006e-08, 0.000e+00, 2.166e+00, 9.983e+02, 2.702e-11
4.550e-01, 5.000e-01, -1.085e+00, 1.191e+05, 0.000e+00, 1.049e-03, 0.000e+00, 2.165e+00, 9.985e+02, 4.505e-07
4.550e-01, 5.000e-01, -1.075e+00, 1.190e+05, 0.000e+00, 1.003e-03, 0.000e+00, 2.163e+00, 9.984e+02, 4.307e-07
4.550e-01, 5.000e-01, -1.065e+00, 1.189e+05, 0.000e+00, 9.223e-04, 0.000e+00, 2.161e+00, 9.984e+02, 3.960e-07
4.550e-01, 5.000e-01, -1.055e+00, 1.188e+05, 0.000e+00, 8.245e-04, 0.000e+00, 2.159e+00, 9.984e+02, 3.540e-07
4.550e-01, 5.000e-01, -1.045e+00, 1.187e+05, 0.000e+00, 7.270e-04, 0.000e+00, 2.158e+00, 9.984e+02, 3.121e-07
4.550e-01, 5.000e-01, -1.035e+00, 1.186e+05, 0.000e+00, 6.368e-04, 0.000e+00, 2.156e+00, 9.984e+02, 2.734e-07
4.550e-01, 5.000e-01, -1.025e+00, 1.185e+05, 0.000e+00, 5.569e-04, 0.000e+00, 2.154e+00, 9.984e+02, 2.391e-07
4.550e-01, 5.000e-01, -1.015e+00, 1.185e+05, 0.000e+00, 4.880e-04, 0.000e+00, 2.152e+00, 9.984e+02, 2.095e-07
4.550e-01, 5.000e-01, -1.005e+00, 1.184e+05, 0.000e+00, 4.297e-04, 0.000e+00, 2.150e+00, 9.983e+02, 1.845e-07
4.550e-01, 5.000e-01, -9.950e-01, 1.183e+05, 0.000e+00, 3.825e-04, 0.000e+00, 2.149e+00, 9.983e+02, 1.642e-07
4.550e-01, 5.000e-01, -9.850e-01, 1.182e+05, 0.000e+00, 3.454e-04, 0.000e+00, 2.147e+00, 9.983e+02, 1.483e-07
4.550e-01, 5.000e-01, -9.750e-01, 1.181e+05, 0.000e+00, 3.146e-04, 0.000e+00, 2.145e+00, 9.983e+02, 1.351e-07
4.550e-01, 5.000e-01, -9.650e-01, 1.180e+05, 0.000e+00, 2.852e-04, 0.000e+00, 2.143e+00, 9.983e+02, 1.224e-07
4.550e-01, 5.000e-01, -9.550e-01, 1.179e+05, 0.000e+00, 2.539e-04, 0.000e+00, 2.141e+00, 9.983e+02, 1.090e-07
4.550e-01, 5.000e-01, -9.450e-01, 1.178e+05, 0.000e+00, 2.225e-04, 0.000e+00, 2.140e+00, 9.983e+02, 9.551e-08
4.550e-01, 5.000e-01, -9.350e-01, 1.177e+05, 0.000e+00, 1.993e-04, 0.000e+00, 2.138e+00, 9.983e+02, 8.556e-08
4.550e-01, 5.000e-01, -9.250e-01, 1.176e+05, 0.000e+00, 1.907e-04, 0.000e+00, 2.136e+00, 9.983e+02, 8.185e-08
4.550e-01, 5.000e-01, -9.150e-01, 1.175e+05, 0.000e+00, 1.848e-04, 0.000e+00, 2.134e+00, 9.983e+02, 7.933e-08
4.550e-01, 5.000e-01, -9.050e-01, 1.174e+05, 0.000e+00, 1.693e-04, 0.000e+00, 2.132e+00, 9.983e+02, 7.266e-08
4.550e-01, 5.000e-01, -8.950e-01, 1.173e+05, 0.000e+00, 1.488e-04, 0.000e+00, 2.131e+00, 9.983e+02, 6.387e-08
4.550e-01, 5.000e-01, -8.850e-01, 1.172e+05, 0.000e+00, 1.268e-04, 0.000e+00, 2.129e+00, 9.983e+02, 5.442e-08
4.550e-01, 5.000e-01, -8.750e-01, 1.171e+05, 0.000e+00, 1.059e-04, 0.000e+00, 2.127e+00, 9.983e+02, 4.546e-08
4.550e-01, 5.000e-01, -8.650e-01, 1.170e+05, 0.000e+00, 8.906e-05, 0.000e+00, 2.125e+00, 9.983e+02, 3.823e-08
4.550e-01, 5.000e-01, -8.550e-01, 1.169e+05, 0.000e+00, 8.845e-05, 0.000e+00, 2.124e+00, 9.983e+02, 3.797e-08
4.550e-01, 5.000e-01, -8.450e-01, 1.168e+05, 0.000e+00, 1.216e-04, 0.000e+00, 2.122e+00, 9.983e+02, 5.221e-08
4.550e-01, 5.000e-01, -8.350e-01, 1.167e+05, 0.000e+00, 1.678e-04, 0.000e+00, 2.120e+00, 9.983e+02, 7.201e-08
4.550e-01, 5.000e-01, -8.250e-01, 1.166e+05, 0.000e+00, 2.124e-04, 0.000e+00, 2.118e+00, 9.983e+02, 9.116e-08
4.550e-01, 5.000e-01, -8.150e-01, 1.165e+05, 0.000e+00, 2.705e-04, 0.000e+00, 2.116e+00, 9.983e+02, 1.161e-07
4.550e-01, 5.000e-01, -8.050e-01, 1.164e+05, 0.000e+00, 3.596e-04, 0.000e+00, 2.115e+00, 9.983e+02, 1.544e-07
4.550e-01, 5.000e-01, -7.950e-01, 1.163e+05, 0.000e+00, 4.461e-04, 0.000e+00, 2.113e+00, 9.983e+02, 1.915e-07
4.550e-01, 5.000e-01, -7.850e-01, 1.162e+05, 0.000e+00, 4.699e-04, 0.000e+00, 2.111e+00, 9.983e+02, 2.017e-07
4.550e-01, 5.000e-01, -7.750e-01, 1.161e+05, 0.000e+00, 4.687e-04, 0.000e+00, 2.109e+00, 9.983e+02, 2.027e-07
4.550e-01, 5.000e-01, -7.650e-01, 1.175e+05, 0.000e+00, 4.685e-04, 0.000e+00, 2.135e+00, 9.983e+02, 2.058e-07
4.550e-01, 5.000e-01, -7.550e-01, 1.174e+05, 0.000e+00, 4.651e-04, 0.000e+00, 2.133e+00, 9.983e+02, 2.043e-07
4.550e-01, 5.000e-01, -7.450e-01, 1.173e+05, 0.000e+00, 4.603e-04, 0.000e+00, 2.131e+00, 9.983e+02, 2.022e-07
4.550e-01, 5.000e-01, -7.350e-01, 1.172e+05, 0.000e+00, 4.548e-04, 0.000e+00, 2.129e+00, 9.983e+02, 1.998e-07
4.550e-01, 5.000e-01, -7.250e-01, 1.171e+05, 0.000e+00, 4.484e-04, 0.000e+00, 2.127e+00, 9.983e+02, 1.970e-07
4.550e-01, 5.000e-01, -7.150e-01, 1.170e+05, 0.000e+00, 4.418e-04, 0.000e+00, 2.126e+00, 9.983e+02, 1.941e-07
4.550e-01, 5.000e-01, -7.050e-01, 1.169e+05, 0.000e+00, 4.362e-04, 0.000e+00, 2.124e+00, 9.983e+02, 1.916e-07
4.550e-01, 5.000e-01, -6.950e-01, 1.168e+05, 0.000e+00, 4.323e-04, 0.000e+00, 2.122e+00, 9.983e+02, 1.899e-07
4.550e-01, 5.000e-01, -6.850e-01, 1.167e+05, 0.000e+00, 4.297e-04, 0.000e+00, 2.120e+00, 9.983e+02, 1.888e-07
4.550e-01, 5.000e-01, -6.750e-01, 1.166e+05, 0.000e+00, 4.266e-04, 0.000e+00, 2.119e+00, 9.983e+02, 1.874e-07
4.550e-01, 5.000e-01, -6.650e-01, 1.151e+05, 0.000e+00, 4.202e-04, 0.000e+00, 2.091e+00, 9.983e+02, 1.846e-07
4.550e-01, 5.000e-01, -6.550e-01, 1.150e+05, 0.000e+00, 4.117e-04, 0.000e+00, 2.089e+00, 9.983e+02, 1.808e-07
4.550e-01, 5.000e-01, -6.450e-01, 1.149e+05, 0.000e+00, 4.029e-04, 0.000e+00, 2.088e+00, 9.983e+02, 1.770e-07
4.550e-01, 5.000e-01, -6.350e-01, 1.148e+05, 0.000e+00, 3.916e-04, 0.000e+00, 2.086e+00, 9.983e+02, 1.720e-07
4.550e-01, 5.000e-01, -6.250e-01, 1.147e+05, 0.000e+00, 3.776e-04, 0.000e+00, 2.084e+00, 9.983e+02, 1.663e-07
4.550e-01, 5.000e-01, -6.150e-01, 1.146e+05, 0.000e+00, 3.619e-04, 0.000e+00, 2.082e+00, 9.983e+02, 1.617e-07
4.550e-01, 5.000e-01, -6.050e-01, 1.144e+05, 0.000e+00, 3.503e-04, 0.000e+00, 2.079e+00, 9.983e+02, 1.585e-07
4.550e-01, 5.000e-01, -5.950e-01, 1.143e+05, 0.000e+00, 3.459e-04, 0.000e+00, 2.077e+00, 9.983e+02, 1.584e-07
4.550e-01, 5.000e-01, -5.850e-01, 1.142e+05, 0.000e+00, 3.445e-04, 0.000e+00, 2.075e+00, 9.983e+02, 1.582e-07
4.550e-01, 5.000e-01, -5.750e-01, 1.141e+05, 0.000e+00, 3.430e-04, 0.000e+00, 2.073e+00, 9.983e+02, 1.575e-07
4.550e-01, 5.000e-01, -5.650e-01, 1.140e+05, 0.000e+00, 3.414e-04, 0.000e+00, 2.071e+00, 9.983e+02, 1.554e-07
4.550e-01, 5.000e-01, -5.550e-01, 1.140e+05, 0.000e+00, 3.448e-04, 0.000e+00, 2.071e+00, 9.983e+02, 1.541e-07
4.550e-01, 5.000e-01, -5.450e-01, 1.139e+05, 0.000e+00, 3.469e-04, 0.000e+00, 2.070e+00, 9.983e+02, 1.527e-07
4.550e-01, 5.000e-01, -5.350e-01, 1.138e+05, 0.000e+00, 3.457e-04, 0.000e+00, 2.068e+00, 9.983e+02, 1.519e-07
4.550e-01, 5.000e-01, -5.250e-01, 1.137e+05, 0.000e+00, 3.421e-04, 0.000e+00, 2.066e+00, 9.983e+02, 1.503e-07
4.550e-01, 5.000e-01, -5.150e-01, 1.138e+05, 0.000e+00, 3.382e-04, 0.000e+00, 2.068e+00, 9.983e+02, 1.466e-07
4.550e-01, 5.000e-01, -5.050e-01, 1.137e+05, 0.000e+00, 3.362e-04, 0.000e+00, 2.066e+00, 9.983e+02, 1.443e-07
4.550e-01, 5.000e-01, -4.950e-01, 1.136e+05, 0.000e+00, 3.373e-04, 0.000e+00, 2.064e+00, 9.983e+02, 1.448e-07
4.550e-01, 5.000e-01, -4.850e-01, 1.135e+05, 0.000e+00, 3.399e-04, 0.000e+00, 2.063e+00, 9.983e+02, 1.459e-07
4.550e-01, 5.000e-01, -4.750e-01, 1.135e+05, 0.000e+00, 3.409e-04, 0.000e+00, 2.061e+00, 9.983e+02, 1.463e-07
4.550e-01, 5.000e-01, -4.650e-01, 1.134e+05, 0.000e+00, 3.372e-04, 0.000e+00, 2.059e+00, 9.983e+02, 1.448e-07
4.550e-01, 5.000e-01, -4.550e-01, 1.133e+05, 0.000e+00, 3.285e-04, 0.000e+00, 2.057e+00, 9.983e+02, 1.410e-07
4.550e-01, 5.000e-01, -4.450e-01, 1.129e+05, 0.000e+00, 3.168e-04, 0.000e+00, 2.050e+00, 9.983e+02, 1.360e-07
4.550e-01, 5.000e-01, -4.350e-01, 1.128e+05, 0.000e+00, 3.020e-04, 0.000e+00, 2.048e+00, 9.983e+02, 1.297e-07
4.550e-01, 5.000e-01, -4.250e-01, 1.127e+05, 0.000e+00, 2.846e-04, 0.000e+00, 2.047e+00, 9.983e+02, 1.222e-07
4.550e-01, 5.000e-01, -4.150e-01, 1.126e+05, 0.000e+00, 2.644e-04, 0.000e+00, 2.045e+00, 9.983e+02, 1.135e-07
4.550e-01, 5.000e-01, -4.050e-01, 1.125e+05, 0.000e+00, 2.505e-04, 0.000e+00, 2.043e+00, 9.983e+02, 1.075e-07
4.550e-01, 5.000e-01, -3.950e-01, 1.124e+05, 0.000e+00, 2.461e-04, 0.000e+00, 2.041e+00, 9.983e+02, 1.057e-07
4.550e-01, 5.000e-01, -3.850e-01, 1.123e+05, 0.000e+00, 2.493e-04, 0.000e+00, 2.039e+00, 9.983e+02, 1.070e-07
4.550e-01, 5.000e-01, -3.750e-01, 1.122e+05, 0.000e+00, 2.593e-04, 0.000e+00, 2.038e+00, 9.983e+02, 1.113e-07
4.550e-01, 5.000e-01, -3.650e-01, 1.121e+05, 0.000e+00, 2.760e-04, 0.000e+00, 2.036e+00, 9.983e+02, 1.185e-07
4.550e-01, 5.000e-01, -3.550e-01, 1.120e+05, 0.000e+00, 2.976e-04, 0.000e+00, 2.034e+00, 9.983e+02, 1.278e-07
4.550e-01, 5.000e-01, -3.450e-01, 1.119e+05, 0.000e+00, 3.182e-04, 0.000e+00, 2.032e+00, 9.983e+02, 1.396e-07
4.550e-01, 5.000e-01, -3.350e-01, 1.118e+05, 0.000e+00, 3.248e-04, 0.000e+00, 2.031e+00, 9.983e+02, 1.459e-07
4.550e-01, 5.000e-01, -3.250e-01, 1.117e+05, 0.000e+00, 3.209e-04, 0.000e+00, 2.029e+00, 9.983e+02, 1.442e-07
4.550e-01, 5.000e-01, -3.150e-01, 1.116e+05, 0.000e+00, 3.125e-04, 0.000e+00, 2.027e+00, 9.983e+02, 1.404e-07
4.550e-01, 5.000e-01, -3.050e-01, 1.115e+05, 0.000e+00, 3.015e-04, 0.000e+00, 2.025e+00, 9.983e+02, 1.355e-07
4.550e-01, 5.000e-01, -2.950e-01, 1.114e+05, 0.000e+00, 2.883e-04, 0.000e+00, 2.024e+00, 9.983e+02, 1.295e-07
4.550e-01, 5.000e-01, -2.850e-01, 1.113e+05, 0.000e+00, 2.729e-04, 0.000e+00, 2.022e+00, 9.983e+02, 1.226e-07
4.550e-01, 5.000e-01, -2.750e-01, 1.112e+05, 0.000e+00, 2.550e-04, 0.000e+00, 2.020e+00, 9.983e+02, 1.145e-07
4.550e-01, 5.000e-01, -2.650e-01, 1.111e+05, 0.000e+00, 2.357e-04, 0.000e+00, 2.018e+00, 9.983e+02, 1.059e-07
4.550e-01, 5.000e-01, -2.550e-01, 1.111e+05, 0.000e+00, 2.196e-04, 0.000e+00, 2.018e+00, 9.983e+02, 9.670e-08
4.550e-01, 5.000e-01, -2.450e-01, 1.110e+05, 0.000e+00, 2.088e-04, 0.000e+00, 2.016e+00, 9.983e+02, 9.170e-08
4.550e-01, 5.000e-01, -2.350e-01, 1.109e+05, 0.000e+00, 1.999e-04, 0.000e+00, 2.014e+00, 9.983e+02, 8.782e-08
4.550e-01, 5.000e-01, -2.250e-01, 1.108e+05, 0.000e+00, 1.925e-04, 0.000e+00, 2.012e+00, 9.983e+02, 8.456e-08
4.550e-01, 5.000e-01, -2.150e-01, 1.107e+05, 0.000e+00, 1.882e-04, 0.000e+00, 2.011e+00, 9.983e+02, 8.267e-08
4.550e-01, 5.000e-01, -2.050e-01, 1.106e+05, 0.000e+00, 1.894e-04, 0.000e+00, 2.009e+00, 9.983e+02, 8.321e-08
4.550e-01, 5.000e-01, -1.950e-01, 1.105e+05, 0.000e+00, 1.970e-04, 0.000e+00, 2.007e+00, 9.983e+02, 8.654e-08
4.550e-01, 5.000e-01, -1.850e-01, 1.104e+05, 0.000e+00, 2.071e-04, 0.000e+00, 2.005e+00, 9.983e+02, 9.032e-08
4.550e-01, 5.000e-01, -1.750e-01, 1.105e+05, 0.000e+00, 2.084e-04, 0.000e+00, 2.007e+00, 9.983e+02, 8.946e-08
4.550e-01, 5.000e-01, -1.650e-01, 1.104e+05, 0.000e+00, 1.912e-04, 0.000e+00, 2.005e+00, 9.983e+02, 8.209e-08
4.550e-01, 5.000e-01, -1.550e-01, 1.103e+05, 0.000e+00, 1.588e-04, 0.000e+00, 2.004e+00, 9.983e+02, 6.816e-08
4.550e-01, 5.000e-01, -1.450e-01, 1.102e+05, 0.000e+00, 1.208e-04, 0.000e+00, 2.002e+00, 9.983e+02, 5.185e-08
4.550e-01, 5.000e-01, -1.350e-01, 1.101e+05, 0.000e+00, 8.519e-05, 0.000e+00, 2.000e+00, 9.983e+02, 3.657e-08
4.550e-01, 5.000e-01, -1.250e-01, 1.112e+05, 0.000e+00, 5.572e-05, 0.000e+00, 2.020e+00, 9.983e+02, 2.433e-08
4.550e-01, 5.000e-01, -1.150e-01, 1.111e+05, 0.000e+00, 3.363e-05, 0.000e+00, 2.018e+00, 9.983e+02, 1.477e-08
4.550e-01, 5.000e-01, -1.050e-01, 1.110e+05, 0.000e+00, 1.889e-05, 0.000e+00, 2.017e+00, 9.983e+02, 8.298e-09
4.550e-01, 5.000e-01, -9.500e-02, 1.109e+05, 0.000e+00, 9.933e-06, 0.000e+00, 2.015e+00, 9.983e+02, 4.363e-09
4.550e-01, 5.000e-01, -8.500e-02, 1.108e+05, 0.000e+00, 4.911e-06, 0.000e+00, 2.013e+00, 9.983e+02, 2.157e-09
4.550e-01, 5.000e-01, -7.500e-02, 1.107e+05, 0.000e+00, 2.289e-06, 0.000e+00, 2.011e+00, 9.983e+02, 1.006e-09
4.550e-01, 5.000e-01, -6.500e-02, 1.106e+05, 0.000e+00, 1.009e-06, 0.000e+00, 2.009e+00, 9.983e+02, 4.430e-10
4.550e-01, 5.000e-01, -5.500e-02, 1.105e+05, 0.000e+00, 4.206e-07, 0.000e+00, 2.008e+00, 9.983e+02, 1.848e-10
4.550e-01, 5.000e-01, -4.500e-02, 1.104e+05, 0.000e+00, 1.663e-07, 0.000e+00, 2.006e+00, 9.983e+02, 7.305e-11
4.550e-01, 5.000e-01, -3.500e-02, 1.103e+05, 0.000e+00, 6.248e-08, 0.000e+00, 2.004e+00, 9.983e+02, 2.744e-11
4.550e-01, 5.000e-01, -2.500e-02, 1.102e+05, 0.000e+00, 2.239e-08, 0.000e+00, 2.002e+00, 9.983e+02, 9.836e-12
4.550e-01, 5.000e-01, -1.500e-02, 1.101e+05, 0.000e+00, 7.827e-09, 0.000e+00, 2.000e+00, 9.983e+02, 3.438e-12
4.550e-01, 5.000e-01, -5.000e-03, 1.100e+05, 0.000e+00, 3.035e-09, 0.000e+00, 1.999e+00, 9.983e+02, 1.333e-12
4.650e-01, 5.000e-01, -1.195e+00, 1.202e+05, 0.000e+00, 1.002e-13, 0.000e+00, 2.184e+00, 9.983e+02, 2.000e-17
4.650e-01, 5.000e-01, -1.185e+00, 1.201e+05, 0.000e+00, 1.002e-13, 0.000e+00, 2.182e+00, 9.983e+02, 2.000e-17
4.650e-01, 5.000e-01, -1.175e+00, 1.200e+05, 0.000e+00, 1.002e-13, 0.000e+00, 2.181e+00, 9.983e+02, 2.000e-17
4.650e-01, 5.000e-01, -1.165e+00, 1.199e+05, 0.000e+00, 1.002e-13, 0.000e+00, 2.179e+00, 9.983e+02, 2.000e-17
4.650e-01, 5.000e-01, -1.155e+00, 1.198e+05, 0.000e+00, 1.002e-13, 0.000e+00, 2.177e+00, 9.983e+02, 2.000e-17
4.650e-01, 5.000e-01, -1.145e+00, 1.197e+05, 0.000e+00, 1.002e-13, 0.000e+00, 2.175e+00, 9.983e+02, 2.000e-17
4.650e-01, 5.000e-01, -1.135e+00, 1.196e+05, 0.000e+00, 1.002e-13, 0.000e+00, 2.173e+00, 9.983e+02, 2.000e-17
4.650e-01, 5.000e-01, -1.125e+00, 1.195e+05, 0.000e+00, 1.002e-13, 0.000e+00, 2.172e+00, 9.983e+02, 2.000e-17
4.650e-01, 5.000e-01, -1.115e+00, 1.194e+05, 0.000e+00, 1.002e-13, 0.000e+00, 2.170e+00, 9.983e+02, 2.000e-17
4.650e-01, 5.000e-01, -1.105e+00, 1.193e+05, 0.000e+00, 2.051e-09, 0.000e+00, 2.168e+00, 9.983e+02, 7.526e-13
4.650e-01, 5.000e-01, -1.095e+00, 1.192e+05, 0.000e+00, 1.074e-03, 0.000e+00, 2.167e+00, 9.985e+02, 3.943e-07
4.650e-01, 5.000e-01, -1.085e+00, 1.191e+05, 0.000e+00, 1.064e-03, 0.000e+00, 2.165e+00, 9.985e+02, 4.568e-07
4.650e-01, 5.000e-01, -1.075e+00, 1.190e+05, 0.000e+00, 1.003e-03, 0.000e+00, 2.163e+00, 9.984e+02, 4.305e-07
4.650e-01, 5.000e-01, -1.065e+00, 1.189e+05, 0.000e+00, 9.161e-04, 0.000e+00, 2.161e+00, 9.984e+02, 3.933e-07
4.650e-01, 5.000e-01, -1.055e+00, 1.188e+05, 0.000e+00, 8.191e-04, 0.000e+00, 2.159e+00, 9.984e+02, 3.517e-07
4.650e-01, 5.000e-01, -1.045e+00, 1.187e+05, 0.000e+00, 7.244e-04, 0.000e+00, 2.158e+00, 9.984e+02, 3.110e-07
4.650e-01, 5.000e-01, -1.035e+00, 1.186e+05, 0.000e+00, 6.375e-04, 0.000e+00, 2.156e+00, 9.984e+02, 2.737e-07
4.650e-01, 5.000e-01, -1.025e+00, 1.185e+05, 0.000e+00, 5.599e-04, 0.000e+00, 2.154e+00, 9.984e+02, 2.403e-07
4.650e-01, 5.000e-01, -1.015e+00, 1.185e+05, 0.000e+00, 4.918e-04, 0.000e+00, 2.152e+00, 9.984e+02, 2.111e-07
4.650e-01, 5.000e-01, -1.005e+00, 1.184e+05, 0.000e+00, 4.331e-04, 0.000e+00, 2.150e+00, 9.983e+02, 1.859e-07
4.650e-01, 5.000e-01, -9.950e-01, 1.183e+05, 0.000e+00, 3.850e-04, 0.000e+00, 2.149e+00, 9.983e+02, 1.653e-07
4.650e-01, 5.000e-01, -9.850e-01, 1.182e+05, 0.000e+00, 3.472e-04, 0.000e+00, 2.147e+00, 9.983e+02, 1.490e-07
4.650e-01, 5.000e-01, -9.750e-01, 1.181e+05, 0.000e+00, 3.159e-04, 0.000e+00, 2.145e+00, 9.983e+02, 1.356e-07
4.650e-01, 5.000e-01, -9.650e-01, 1.180e+05, 0.000e+00, 2.863e-04, 0.000e+00, 2.143e+00, 9.983e+02, 1.229e-07
4.650e-01, 5.000e-01, -9.550e-01, 1.179e+05, 0.000e+00, 2.557e-04, 0.000e+00, 2.141e+00, 9.983e+02, 1.098e-07
4.650e-01, 5.000e-01, -9.450e-01, 1.178e+05, 0.000e+00, 2.265e-04, 0.000e+00, 2.140e+00, 9.983e+02, 9.724e-08
4.650e-01, 5.000e-01, -9.350e-01, 1.177e+05, 0.000e+00, 2.122e-04, 0.000e+00, 2.138e+00, 9.983e+02, 9.108e-08
4.650e-01, 5.000e-01, -9.250e-01, 1.176e+05, 0.000e+00, 2.193e-04, 0.000e+00, 2.136e+00, 9.983e+02, 9.414e-08
4.650e-01, 5.000e-01, -9.150e-01, 1.175e+05, 0.000e+00, 2.284e-04, 0.000e+00, 2.134e+00, 9.983e+02, 9.806e-08
4.650e-01, 5.000e-01, -9.050e-01, 1.174e+05, 0.000e+00, 2.207e-04, 0.000e+00, 2.132e+00, 9.983e+02, 9.472e-08
4.650e-01, 5.000e-01, -8.950e-01, 1.173e+05, 0.000e+00, 1.924e-04, 0.000e+00, 2.131e+00, 9.983e+02, 8.258e-08
4.650e-01, 5.000e-01, -8.850e-01, 1.172e+05, 0.000e+00, 1.618e-04, 0.000e+00, 2.129e+00, 9.983e+02, 6.944e-08
4.650e-01, 5.000e-01, -8.750e-01, 1.171e+05, 0.000e+00, 1.345e-04, 0.000e+00, 2.127e+00, 9.983e+02, 5.776e-08
4.650e-01, 5.000e-01, -8.650e-01, 1.170e+05, 0.000e+00, 1.124e-04, 0.000e+00, 2.125e+00, 9.983e+02, 4.826e-08
4.650e-01, 5.000e-01, -8.550e-01, 1.169e+05, 0.000e+00, 1.015e-04, 0.000e+00, 2.124e+00, 9.983e+02, 4.359e-08
4.650e-01, 5.000e-01, -8.450e-01, 1.168e+05, 0.000e+00, 1.127e-04, 0.000e+00, 2.122e+00, 9.983e+02, 4.838e-08
4.650e-01, 5.000e-01, -8.350e-01, 1.167e+05, 0.000e+00, 1.396e-04, 0.000e+00, 2.120e+00, 9.983e+02, 5.995e-08
4.650e-01, 5.000e-01, -8.250e-01, 1.166e+05, 0.000e+00, 1.765e-04, 0.000e+00, 2.118e+00, 9.983e+02, 7.578e-08
4.650e-01, 5.000e-01, -8.150e-01, 1.165e+05, 0.000e+00, 2.344e-04, 0.000e+00, 2.116e+00, 9.983e+02, 1.006e-07
4.650e-01, 5.000e-01, -8.050e-01, 1.164e+05, 0.000e+00, 3.284e-04, 0.000e+00, 2.115e+00, 9.983e+02, 1.410e-07
4.650e-01, 5.000e-01, -7.950e-01, 1.163e+05, 0.000e+00, 4.292e-04, 0.000e+00, 2.113e+00, 9.983e+02, 1.842e-07
4.650e-01, 5.000e-01, -7.850e-01, 1.162e+05, 0.000e+00, 4.676e-04, 0.000e+00, 2.111e+00, 9.983e+02, 2.007e-07
4.650e-01, 5.000e-01, -7.750e-01, 1.161e+05, 0.000e+00, 4.660e-04, 0.000e+00, 2.109e+00, 9.983e+02, 2.015e-07
4.650e-01, 5.000e-01, -7.650e-01, 1.175e+05, 0.000e+00, 4.575e-04, 0.000e+00, 2.135e+00, 9.983e+02, 2.010e-07
4.650e-01, 5.000e-01, -7.550e-01, 1.174e+05, 0.000e+00, 4.502e-04, 0.000e+00, 2.133e+00, 9.983e+02, 1.978e-07
4.650e-01, 5.000e-01, -7.450e-01, 1.173e+05, 0.000e+00, 4.421e-04, 0.000e+00, 2.131e+00, 9.983e+02, 1.942e-07
4.650e-01, 5.000e-01, -7.350e-01, 1.172e+05, 0.000e+00, 4.326e-04, 0.000e+00, 2.129e+00, 9.983e+02, 1.900e-07
4.650e-01, 5.000e-01, -7.250e-01, 1.171e+05, 0.000e+00, 4.219e-04, 0.000e+00, 2.127e+00, 9.983e+02, 1.853e-07
4.650e-01, 5.000e-01, -7.150e-01, 1.170e+05, 0.000e+00, 4.115e-04, 0.000e+00, 2.126e+00, 9.983e+02, 1.808e-07
4.650e-01, 5.000e-01, -7.050e-01, 1.169e+05, 0.000e+00, 4.035e-04, 0.000e+00, 2.124e+00, 9.983e+02, 1.772e-07
4.650e-01, 5.000e-01, -6.950e-01, 1.168e+05, 0.000e+00, 3.995e-04, 0.000e+00, 2.122e+00, 9.983e+02, 1.755e-07
4.650e-01, 5.000e-01, -6.850e-01, 1.167e+05, 0.000e+00, 3.999e-04, 0.000e+00, 2.120e+00, 9.983e+02, 1.757e-07
4.650e-01, 5.000e-01, -6.750e-01, 1.166e+05, 0.000e+00, 4.035e-04, 0.000e+00, 2.119e+00, 9.983e+02, 1.773e-07
4.650e-01, 5.000e-01, -6.650e-01, 1.165e+05, 0.000e+00, 4.079e-04, 0.000e+00, 2.117e+00, 9.983e+02, 1.792e-07
4.650e-01, 5.000e-01, -6.550e-01, 1.150e+05, 0.000e+00, 4.108e-04, 0.000e+00, 2.089e+00, 9.983e+02, 1.805e-07
4.650e-01, 5.000e-01, -6.450e-01, 1.149e+05, 0.000e+00, 4.102e-04, 0.000e+00, 2.088e+00, 9.983e+02, 1.802e-07
4.650e-01, 5.000e-01, -6.350e-01, 1.148e+05, 0.000e+00, 4.054e-04, 0.000e+00, 2.086e+00, 9.983e+02, 1.781e-07
4.650e-01, 5.000e-01, -6.250e-01, 1.147e+05, 0.000e+00, 3.974e-04, 0.000e+00, 2.084e+00, 9.983e+02, 1.746e-07
4.650e-01, 5.000e-01, -6.150e-01, 1.146e+05, 0.000e+00, 3.838e-04, 0.000e+00, 2.082e+00, 9.983e+02, 1.686e-07
4.650e-01, 5.000e-01, -6.050e-01, 1.145e+05, 0.000e+00, 3.656e-04, 0.000e+00, 2.080e+00, 9.983e+02, 1.606e-07
4.650e-01, 5.000e-01, -5.950e-01, 1.144e+05, 0.000e+00, 3.520e-04, 0.000e+00, 2.079e+00, 9.983e+02, 1.547e-07
4.650e-01, 5.000e-01, -5.850e-01, 1.143e+05, 0.000e+00, 3.450e-04, 0.000e+00, 2.077e+00, 9.983e+02, 1.530e-07
4.650e-01, 5.000e-01, -5.750e-01, 1.141e+05, 0.000e+00, 3.390e-04, 0.000e+00, 2.073e+00, 9.983e+02, 1.529e-07
4.650e-01, 5.000e-01, -5.650e-01, 1.140e+05, 0.000e+00, 3.339e-04, 0.000e+00, 2.071e+00, 9.983e+02, 1.532e-07
4.650e-01, 5.000e-01, -5.550e-01, 1.139e+05, 0.000e+00, 3.317e-04, 0.000e+00, 2.070e+00, 9.983e+02, 1.523e-07
4.650e-01, 5.000e-01, -5.450e-01, 1.138e+05, 0.000e+00, 3.296e-04, 0.000e+00, 2.068e+00, 9.983e+02, 1.509e-07
4.650e-01, 5.000e-01, -5.350e-01, 1.137e+05, 0.000e+00, 3.297e-04, 0.000e+00, 2.066e+00, 9.983e+02, 1.486e-07
4.650e-01, 5.000e-01, -5.250e-01, 1.137e+05, 0.000e+00, 3.308e-04, 0.000e+00, 2.066e+00, 9.983e+02, 1.465e-07
4.650e-01, 5.000e-01, -5.150e-01, 1.138e+05, 0.000e+00, 3.312e-04, 0.000e+00, 2.068e+00, 9.983e+02, 1.437e-07
4.650e-01, 5.000e-01, -5.050e-01, 1.137e+05, 0.000e+00, 3.322e-04, 0.000e+00, 2.066e+00, 9.983e+02, 1.426e-07
4.650e-01, 5.000e-01, -4.950e-01, 1.136e+05, 0.000e+00, 3.353e-04, 0.000e+00, 2.064e+00, 9.983e+02, 1.439e-07
4.650e-01, 5.000e-01, -4.850e-01, 1.135e+05, 0.000e+00, 3.383e-04, 0.000e+00, 2.063e+00, 9.983e+02, 1.452e-07
4.650e-01, 5.000e-01, -4.750e-01, 1.135e+05, 0.000e+00, 3.380e-04, 0.000e+00, 2.061e+00, 9.983e+02, 1.451e-07
4.650e-01, 5.000e-01, -4.650e-01, 1.134e+05, 0.000e+00, 3.319e-04, 0.000e+00, 2.059e+00, 9.983e+02, 1.425e-07
4.650e-01, 5.000e-01, -4.550e-01, 1.133e+05, 0.000e+00, 3.201e-04, 0.000e+00, 2.057e+00, 9.983e+02, 1.374e-07
4.650e-01, 5.000e-01, -4.450e-01, 1.129e+05, 0.000e+00, 3.054e-04, 0.000e+00, 2.050e+00, 9.983e+02, 1.311e-07
4.650e-01, 5.000e-01, -4.350e-01, 1.128e+05, 0.000e+00, 2.842e-04, 0.000e+00, 2.048e+00, 9.983e+02, 1.220e-07
4.650e-01, 5.000e-01, -4.250e-01, 1.127e+05, 0.000e+00, 2.582e-04, 0.000e+00, 2.047e+00, 9.983e+02, 1.108e-07
4.650e-01, 5.000e-01, -4.150e-01, 1.126e+05, 0.000e+00, 2.299e-04, 0.000e+00, 2.045e+00, 9.983e+02, 9.868e-08
4.650e-01, 5.000e-01, -4.050e-01, 1.125e+05, 0.000e+00, 2.200e-04, 0.000e+00, 2.043e+00, 9.983e+02, 9.443e-08
4.650e-01, 5.000e-01, -3.950e-01, 1.124e+05, 0.000e+00, 2.187e-04, 0.000e+00, 2.041e+00, 9.983e+02, 9.388e-08
4.650e-01, 5.000e-01, -3.850e-01, 1.123e+05, 0.000e+00, 2.228e-04, 0.000e+00, 2.039e+00, 9.983e+02, 9.564e-08
4.650e-01, 5.000e-01, -3.750e-01, 1.122e+05, 0.000e+00, 2.328e-04, 0.000e+00, 2.038e+00, 9.983e+02, 9.993e-08
4.650e-01, 5.000e-01, -3.650e-01, 1.121e+05, 0.000e+00, 2.513e-04, 0.000e+00, 2.036e+00, 9.983e+02, 1.079e-07
4.650e-01, 5.000e-01, -3.550e-01, 1.120e+05, 0.000e+00, 2.791e-04, 0.000e+00, 2.034e+00, 9.983e+02, 1.198e-07
4.650e-01, 5.000e-01, -3.450e-01, 1.119e+05, 0.000e+00, 3.095e-04, 0.000e+00, 2.032e+00, 9.983e+02, 1.357e-07
4.650e-01, 5.000e-01, -3.350e-01, 1.118e+05, 0.000e+00, 3.254e-04, 0.000e+00, 2.031e+00, 9.983e+02, 1.462e-07
4.650e-01, 5.000e-01, -3.250e-01, 1.117e+05, 0.000e+00, 3.267e-04, 0.000e+00, 2.029e+00, 9.983e+02, 1.467e-07
4.650e-01, 5.000e-01, -3.150e-01, 1.116e+05, 0.000e+00, 3.220e-04, 0.000e+00, 2.027e+00, 9.983e+02, 1.446e-07
4.650e-01, 5.000e-01, -3.050e-01, 1.115e+05, 0.000e+00, 3.139e-04, 0.000e+00, 2.025e+00, 9.983e+02, 1.410e-07
4.650e-01, 5.000e-01, -2.950e-01, 1.114e+05, 0.000e+00, 3.032e-04, 0.000e+00, 2.024e+00, 9.983e+02, 1.362e-07
4.650e-01, 5.000e-01, -2.850e-01, 1.113e+05, 0.000e+00, 2.893e-04, 0.000e+00, 2.022e+00, 9.983e+02, 1.300e-07
4.650e-01, 5.000e-01, -2.750e-01, 1.112e+05, 0.000e+00, 2.712e-04, 0.000e+00, 2.020e+00, 9.983e+02, 1.218e-07
4.650e-01, 5.000e-01, -2.650e-01, 1.111e+05, 0.000e+00, 2.474e-04, 0.000e+00, 2.018e+00, 9.983e+02, 1.111e-07
4.650e-01, 5.000e-01, -2.550e-01, 1.111e+05, 0.000e+00, 2.188e-04, 0.000e+00, 2.018e+00, 9.983e+02, 9.645e-08
4.650e-01, 5.000e-01, -2.450e-01, 1.110e+05, 0.000e+00, 1.979e-04, 0.000e+00, 2.016e+00, 9.983e+02, 8.691e-08
4.650e-01, 5.000e-01, -2.350e-01, 1.109e+05, 0.000e+00, 1.828e-04, 0.000e+00, 2.014e+00, 9.983e+02, 8.029e-08
4.650e-01, 5.000e-01, -2.250e-01, 1.108e+05, 0.000e+00, 1.712e-04, 0.000e+00, 2.012e+00, 9.983e+02, 7.520e-08
4.650e-01, 5.000e-01, -2.150e-01, 1.107e+05, 0.000e+00, 1.635e-04, 0.000e+00, 2.011e+00, 9.983e+02, 7.183e-08
4.650e-01, 5.000e-01, -2.050e-01, 1.106e+05, 0.000e+00, 1.627e-04, 0.000e+00, 2.009e+00, 9.983e+02, 7.147e-08
4.650e-01, 5.000e-01, -1.950e-01, 1.105e+05, 0.000e+00, 1.724e-04, 0.000e+00, 2.007e+00, 9.983e+02, 7.572e-08
4.650e-01, 5.000e-01, -1.850e-01, 1.104e+05, 0.000e+00, 1.902e-04, 0.000e+00, 2.005e+00, 9.983e+02, 8.320e-08
4.650e-01, 5.000e-01, -1.750e-01, 1.105e+05, 0.000e+00, 2.032e-04, 0.000e+00, 2.007e+00, 9.983e+02, 8.723e-08
4.650e-01, 5.000e-01, -1.650e-01, 1.104e+05, 0.000e+00, 1.959e-04, 0.000e+00, 2.005e+00, 9.983e+02, 8.410e-08
4.650e-01, 5.000e-01, -1.550e-01, 1.103e+05, 0.000e+00, 1.681e-04, 0.000e+00, 2.004e+00, 9.983e+02, 7.216e-08
4.650e-01, 5.000e-01, -1.450e-01, 1.102e+05, 0.000e+00, 1.296e-04, 0.000e+00, 2.002e+00, 9.983e+02, 5.563e-08
4.650e-01, 5.000e-01, -1.350e-01, 1.101e+05, 0.000e+00, 9.133e-05, 0.000e+00, 2.000e+00, 9.983e+02, 3.921e-08
4.650e-01, 5.000e-01, -1.250e-01, 1.112e+05, 0.000e+00, 5.917e-05, 0.000e+00, 2.020e+00, 9.983e+02, 2.583e-08
4.650e-01, 5.000e-01, -1.150e-01, 1.111e+05, 0.000e+00, 3.539e-05, 0.000e+00, 2.018e+00, 9.983e+02, 1.554e-08
4.650e-01, 5.000e-01, -1.050e-01, 1.110e+05, 0.000e+00, 1.972e-05, 0.000e+00, 2.017e+00, 9.983e+02, 8.660e-09
4.650e-01, 5.000e-01, -9.500e-02, 1.109e+05, 0.000e+00, 1.029e-05, 0.000e+00, 2.015e+00, 9.983e+02, 4.521e-09
4.650e-01, 5.000e-01, -8.500e-02, 1.108e+05, 0.000e+00, 5.060e-06, 0.000e+00, 2.013e+00, 9.983e+02, 2.222e-09
4.650e-01, 5.000e-01, -7.500e-02, 1.107e+05, 0.000e+00, 2.348e-06, 0.000e+00, 2.011e+00, 9.983e+02, 1.031e-09
4.650e-01, 5.000e-01, -6.500e-02, 1.106e+05, 0.000e+00, 1.031e-06, 0.000e+00, 2.009e+00, 9.983e+02, 4.527e-10
4.650e-01, 5.000e-01, -5.500e-02, 1.105e+05, 0.000e+00, 4.285e-07, 0.000e+00, 2.008e+00, 9.983e+02, 1.882e-10
4.650e-01, 5.000e-01, -4.500e-02, 1.104e+05, 0.000e+00, 1.691e-07, 0.000e+00, 2.006e+00, 9.983e+02, 7.425e-11
4.650e-01, 5.000e-01, -3.500e-02, 1.103e+05, 0.000e+00, 6.338e-08, 0.000e+00, 2.004e+00, 9.983e+02, 2.784e-11
4.650e-01, 5.000e-01, -2.500e-02, 1.102e+05, 0.000e+00, 2.269e-08, 0.000e+00, 2.002e+00, 9.983e+02, 9.964e-12
4.650e-01, 5.000e-01, -1.500e-02, 1.101e+05, 0.000e+00, 7.921e-09, 0.000e+00, 2.000e+00, 9.983e+02, 3.479e-12
4.650e-01, 5.000e-01, -5.000e-03, 1.100e+05, 0.000e+00, 3.067e-09, 0.000e+00, 1.999e+00, 9.983e+02, 1.347e-12
4.750e-01, 5.000e-01, -1.195e+00, 1.202e+05, 0.000e+00, 1.002e-13, 0.000e+00, 2.184e+00, 9.983e+02, 2.000e-17
4.750e-01, 5.000e-01, -1.185e+00, 1.201e+05, 0.000e+00, 1.002e-13, 0.000e+00, 2.182e+00, 9.983e+02, 2.000e-17
4.750e-01, 5.000e-01, -1.175e+00, 1.200e+05, 0.000e+00, 1.002e-13, 0.000e+00, 2.181e+00, 9.983e+02, 2.000e-17
4.750e-01, 5.000e-01, -1.165e+00, 1.199e+05, 0.000e+00, 1.002e-13, 0.000e+00, 2.179e+00, 9.983e+02, 2.000e-17
4.750e-01, 5.000e-01, -1.155e+00, 1.198e+05, 0.000e+00, 1.002e-13, 0.000e+00, 2.177e+00, 9.983e+02, 2.000e-17
4.750e-01, 5.000e-01, -1.145e+00, 1.197e+05, 0.000e+00, 1.002e-13, 0.000e+00, 2.175e+00, 9.983e+02, 2.000e-17
4.750e-01, 5.000e-01, -1.135e+00, 1.196e+05, 0.000e+00, 1.002e-13, 0.000e+00, 2.173e+00, 9.983e+02, 2.000e-17
4.750e-01, 5.000e-01, -1.125e+00, 1.195e+05, 0.000e+00, 1.002e-13, 0.000e+00, 2.172e+00, 9.983e+02, 2.000e-17
4.750e-01, 5.000e-01, -1.115e+00, 1.194e+05, 0.000e+00, 1.117e-13, 0.000e+00, 2.170e+00, 9.983e+02, 2.324e-17
4.750e-01, 5.000e-01, -1.105e+00, 1.193e+05, 0.000e+00, 2.106e-09, 0.000e+00, 2.168e+00, 9.983e+02, 8.936e-13
4.750e-01, 5.000e-01, -1.095e+00, 1.192e+05, 0.000e+00, 1.103e-03, 0.000e+00, 2.167e+00, 9.985e+02, 4.682e-07
4.750e-01, 5.000e-01, -1.085e+00, 1.191e+05, 0.000e+00, 1.077e-03, 0.000e+00, 2.165e+00, 9.985e+02, 4.624e-07
4.750e-01, 5.000e-01, -1.075e+00, 1.190e+05, 0.000e+00, 1.004e-03, 0.000e+00, 2.163e+00, 9.984e+02, 4.310e-07
4.750e-01, 5.000e-01, -1.065e+00, 1.189e+05, 0.000e+00, 9.103e-04, 0.000e+00, 2.161e+00, 9.984e+02, 3.908e-07
4.750e-01, 5.000e-01, -1.055e+00, 1.188e+05, 0.000e+00, 8.139e-04, 0.000e+00, 2.159e+00, 9.984e+02, 3.494e-07
4.750e-01, 5.000e-01, -1.045e+00, 1.187e+05, 0.000e+00, 7.218e-04, 0.000e+00, 2.158e+00, 9.984e+02, 3.099e-07
4.750e-01, 5.000e-01, -1.035e+00, 1.186e+05, 0.000e+00, 6.379e-04, 0.000e+00, 2.156e+00, 9.984e+02, 2.738e-07
4.750e-01, 5.000e-01, -1.025e+00, 1.185e+05, 0.000e+00, 5.625e-04, 0.000e+00, 2.154e+00, 9.984e+02, 2.415e-07
4.750e-01, 5.000e-01, -1.015e+00, 1.185e+05, 0.000e+00, 4.955e-04, 0.000e+00, 2.152e+00, 9.984e+02, 2.127e-07
4.750e-01, 5.000e-01, -1.005e+00, 1.184e+05, 0.000e+00, 4.367e-04, 0.000e+00, 2.150e+00, 9.983e+02, 1.875e-07
4.750e-01, 5.000e-01, -9.950e-01, 1.183e+05, 0.000e+00, 3.876e-04, 0.000e+00, 2.149e+00, 9.983e+02, 1.664e-07
4.750e-01, 5.000e-01, -9.850e-01, 1.182e+05, 0.000e+00, 3.489e-04, 0.000e+00, 2.147e+00, 9.983e+02, 1.498e-07
4.750e-01, 5.000e-01, -9.750e-01, 1.181e+05, 0.000e+00, 3.170e-04, 0.000e+00, 2.145e+00, 9.983e+02, 1.361e-07
4.750e-01, 5.000e-01, -9.650e-01, 1.180e+05, 0.000e+00, 2.869e-04, 0.000e+00, 2.143e+00, 9.983e+02, 1.232e-07
4.750e-01, 5.000e-01, -9.550e-01, 1.179e+05, 0.000e+00, 2.564e-04, 0.000e+00, 2.141e+00, 9.983e+02, 1.101e-07
4.750e-01, 5.000e-01, -9.450e-01, 1.178e+05, 0.000e+00, 2.333e-04, 0.000e+00, 2.140e+00, 9.983e+02, 1.001e-07
4.750e-01, 5.000e-01, -9.350e-01, 1.177e+05, 0.000e+00, 2.372e-04, 0.000e+00, 2.138e+00, 9.983e+02, 1.018e-07
4.750e-01, 5.000e-01, -9.250e-01, 1.176e+05, 0.000e+00, 2.625e-04, 0.000e+00, 2.136e+00, 9.983e+02, 1.127e-07
4.750e-01, 5.000e-01, -9.150e-01, 1.175e+05, 0.000e+00, 2.799e-04, 0.000e+00, 2.134e+00, 9.983e+02, 1.202e-07
4.750e-01, 5.000e-01, -9.050e-01, 1.174e+05, 0.000e+00, 2.739e-04, 0.000e+00, 2.132e+00, 9.983e+02, 1.176e-07
4.750e-01, 5.000e-01, -8.950e-01, 1.173e+05, 0.000e+00, 2.457e-04, 0.000e+00, 2.131e+00, 9.983e+02, 1.055e-07
4.750e-01, 5.000e-01, -8.850e-01, 1.172e+05, 0.000e+00, 2.073e-04, 0.000e+00, 2.129e+00, 9.983e+02, 8.901e-08
4.750e-01, 5.000e-01, -8.750e-01, 1.171e+05, 0.000e+00, 1.736e-04, 0.000e+00, 2.127e+00, 9.983e+02, 7.451e-08
4.750e-01, 5.000e-01, -8.650e-01, 1.170e+05, 0.000e+00, 1.470e-04, 0.000e+00, 2.125e+00, 9.983e+02, 6.312e-08
4.750e-01, 5.000e-01, -8.550e-01, 1.169e+05, 0.000e+00, 1.303e-04, 0.000e+00, 2.124e+00, 9.983e+02, 5.593e-08
4.750e-01, 5.000e-01, -8.450e-01, 1.168e+05, 0.000e+00, 1.305e-04, 0.000e+00, 2.122e+00, 9.983e+02, 5.603e-08
4.750e-01, 5.000e-01, -8.350e-01, 1.167e+05, 0.000e+00, 1.486e-04, 0.000e+00, 2.120e+00, 9.983e+02, 6.381e-08
4.750e-01, 5.000e-01, -8.250e-01, 1.166e+05, 0.000e+00, 1.855e-04, 0.000e+00, 2.118e+00, 9.983e+02, 7.962e-08
4.750e-01, 5.000e-01, -8.150e-01, 1.165e+05, 0.000e+00, 2.508e-04, 0.000e+00, 2.116e+00, 9.983e+02, 1.077e-07
4.750e-01, 5.000e-01, -8.050e-01, 1.164e+05, 0.000e+00, 3.503e-04, 0.000e+00, 2.115e+00, 9.983e+02, 1.504e-07
4.750e-01, 5.000e-01, -7.950e-01, 1.163e+05, 0.000e+00, 4.418e-04, 0.000e+00, 2.113e+00, 9.983e+02, 1.896e-07
4.750e-01, 5.000e-01, -7.850e-01, 1.162e+05, 0.000e+00, 4.670e-04, 0.000e+00, 2.111e+00, 9.983e+02, 2.005e-07
4.750e-01, 5.000e-01, -7.750e-01, 1.161e+05, 0.000e+00, 4.522e-04, 0.000e+00, 2.109e+00, 9.983e+02, 1.956e-07
4.750e-01, 5.000e-01, -7.650e-01, 1.175e+05, 0.000e+00, 4.258e-04, 0.000e+00, 2.135e+00, 9.983e+02, 1.870e-07
4.750e-01, 5.000e-01, -7.550e-01, 1.174e+05, 0.000e+00, 4.105e-04, 0.000e+00, 2.133e+00, 9.983e+02, 1.803e-07
4.750e-01, 5.000e-01, -7.450e-01, 1.173e+05, 0.000e+00, 3.973e-04, 0.000e+00, 2.131e+00, 9.983e+02, 1.745e-07
4.750e-01, 5.000e-01, -7.350e-01, 1.172e+05, 0.000e+00, 3.833e-04, 0.000e+00, 2.129e+00, 9.983e+02, 1.684e-07
4.750e-01, 5.000e-01, -7.250e-01, 1.171e+05, 0.000e+00, 3.686e-04, 0.000e+00, 2.127e+00, 9.983e+02, 1.619e-07
4.750e-01, 5.000e-01, -7.150e-01, 1.170e+05, 0.000e+00, 3.551e-04, 0.000e+00, 2.126e+00, 9.983e+02, 1.560e-07
4.750e-01, 5.000e-01, -7.050e-01, 1.169e+05, 0.000e+00, 3.454e-04, 0.000e+00, 2.124e+00, 9.983e+02, 1.517e-07
4.750e-01, 5.000e-01, -6.950e-01, 1.168e+05, 0.000e+00, 3.417e-04, 0.000e+00, 2.122e+00, 9.983e+02, 1.501e-07
4.750e-01, 5.000e-01, -6.850e-01, 1.167e+05, 0.000e+00, 3.450e-04, 0.000e+00, 2.120e+00, 9.983e+02, 1.516e-07
4.750e-01, 5.000e-01, -6.750e-01, 1.166e+05, 0.000e+00, 3.546e-04, 0.000e+00, 2.119e+00, 9.983e+02, 1.558e-07
4.750e-01, 5.000e-01, -6.650e-01, 1.165e+05, 0.000e+00, 3.681e-04, 0.000e+00, 2.117e+00, 9.983e+02, 1.617e-07
4.750e-01, 5.000e-01, -6.550e-01, 1.164e+05, 0.000e+00, 3.828e-04, 0.000e+00, 2.115e+00, 9.983e+02, 1.681e-07
4.750e-01, 5.000e-01, -6.450e-01, 1.163e+05, 0.000e+00, 3.975e-04, 0.000e+00, 2.113e+00, 9.983e+02, 1.746e-07
4.750e-01, 5.000e-01, -6.350e-01, 1.162e+05, 0.000e+00, 4.076e-04, 0.000e+00, 2.111e+00, 9.983e+02, 1.791e-07
4.750e-01, 5.000e-01, -6.250e-01, 1.147e+05, 0.000e+00, 4.067e-04, 0.000e+00, 2.084e+00, 9.983e+02, 1.794e-07
4.750e-01, 5.000e-01, -6.150e-01, 1.146e+05, 0.000e+00, 3.968e-04, 0.000e+00, 2.082e+00, 9.983e+02, 1.756e-07
4.750e-01, 5.000e-01, -6.050e-01, 1.145e+05, 0.000e+00, 3.807e-04, 0.000e+00, 2.080e+00, 9.983e+02, 1.681e-07
4.750e-01, 5.000e-01, -5.950e-01, 1.144e+05, 0.000e+00, 3.655e-04, 0.000e+00, 2.079e+00, 9.983e+02, 1.612e-07
4.750e-01, 5.000e-01, -5.850e-01, 1.157e+05, 0.000e+00, 3.576e-04, 0.000e+00, 2.102e+00, 9.983e+02, 1.571e-07
4.750e-01, 5.000e-01, -5.750e-01, 1.156e+05, 0.000e+00, 3.497e-04, 0.000e+00, 2.101e+00, 9.983e+02, 1.536e-07
4.750e-01, 5.000e-01, -5.650e-01, 1.155e+05, 0.000e+00, 3.406e-04, 0.000e+00, 2.099e+00, 9.983e+02, 1.503e-07
4.750e-01, 5.000e-01, -5.550e-01, 1.139e+05, 0.000e+00, 3.316e-04, 0.000e+00, 2.070e+00, 9.983e+02, 1.494e-07
4.750e-01, 5.000e-01, -5.450e-01, 1.138e+05, 0.000e+00, 3.248e-04, 0.000e+00, 2.068e+00, 9.983e+02, 1.489e-07
4.750e-01, 5.000e-01, -5.350e-01, 1.137e+05, 0.000e+00, 3.213e-04, 0.000e+00, 2.066e+00, 9.983e+02, 1.475e-07
4.750e-01, 5.000e-01, -5.250e-01, 1.136e+05, 0.000e+00, 3.196e-04, 0.000e+00, 2.064e+00, 9.983e+02, 1.467e-07
4.750e-01, 5.000e-01, -5.150e-01, 1.135e+05, 0.000e+00, 3.194e-04, 0.000e+00, 2.063e+00, 9.983e+02, 1.446e-07
4.750e-01, 5.000e-01, -5.050e-01, 1.137e+05, 0.000e+00, 3.233e-04, 0.000e+00, 2.066e+00, 9.983e+02, 1.423e-07
4.750e-01, 5.000e-01, -4.950e-01, 1.136e+05, 0.000e+00, 3.281e-04, 0.000e+00, 2.064e+00, 9.983e+02, 1.411e-07
4.750e-01, 5.000e-01, -4.850e-01, 1.135e+05, 0.000e+00, 3.298e-04, 0.000e+00, 2.063e+00, 9.983e+02, 1.416e-07
4.750e-01, 5.000e-01, -4.750e-01, 1.135e+05, 0.000e+00, 3.268e-04, 0.000e+00, 2.061e+00, 9.983e+02, 1.403e-07
4.750e-01, 5.000e-01, -4.650e-01, 1.134e+05, 0.000e+00, 3.174e-04, 0.000e+00, 2.059e+00, 9.983e+02, 1.369e-07
4.750e-01, 5.000e-01, -4.550e-01, 1.130e+05, 0.000e+00, 3.028e-04, 0.000e+00, 2.052e+00, 9.983e+02, 1.323e-07
4.750e-01, 5.000e-01, -4.450e-01, 1.129e+05, 0.000e+00, 2.861e-04, 0.000e+00, 2.050e+00, 9.983e+02, 1.228e-07
4.750e-01, 5.000e-01, -4.350e-01, 1.128e+05, 0.000e+00, 2.563e-04, 0.000e+00, 2.048e+00, 9.983e+02, 1.100e-07
4.750e-01, 5.000e-01, -4.250e-01, 1.127e+05, 0.000e+00, 2.142e-04, 0.000e+00, 2.047e+00, 9.983e+02, 9.196e-08
4.750e-01, 5.000e-01, -4.150e-01, 1.126e+05, 0.000e+00, 1.988e-04, 0.000e+00, 2.045e+00, 9.983e+02, 8.532e-08
4.750e-01, 5.000e-01, -4.050e-01, 1.125e+05, 0.000e+00, 1.981e-04, 0.000e+00, 2.043e+00, 9.983e+02, 8.504e-08
4.750e-01, 5.000e-01, -3.950e-01, 1.124e+05, 0.000e+00, 2.004e-04, 0.000e+00, 2.041e+00, 9.983e+02, 8.603e-08
4.750e-01, 5.000e-01, -3.850e-01, 1.123e+05, 0.000e+00, 2.043e-04, 0.000e+00, 2.039e+00, 9.983e+02, 8.769e-08
4.750e-01, 5.000e-01, -3.750e-01, 1.122e+05, 0.000e+00, 2.106e-04, 0.000e+00, 2.038e+00, 9.983e+02, 9.041e-08
4.750e-01, 5.000e-01, -3.650e-01, 1.121e+05, 0.000e+00, 2.246e-04, 0.000e+00, 2.036e+00, 9.983e+02, 9.643e-08
4.750e-01, 5.000e-01, -3.550e-01, 1.120e+05, 0.000e+00, 2.546e-04, 0.000e+00, 2.034e+00, 9.983e+02, 1.093e-07
4.750e-01, 5.000e-01, -3.450e-01, 1.119e+05, 0.000e+00, 2.929e-04, 0.000e+00, 2.032e+00, 9.983e+02, 1.282e-07
4.750e-01, 5.000e-01, -3.350e-01, 1.118e+05, 0.000e+00, 3.182e-04, 0.000e+00, 2.031e+00, 9.983e+02, 1.430e-07
4.750e-01, 5.000e-01, -3.250e-01, 1.117e+05, 0.000e+00, 3.253e-04, 0.000e+00, 2.029e+00, 9.983e+02, 1.462e-07
4.750e-01, 5.000e-01, -3.150e-01, 1.116e+05, 0.000e+00, 3.250e-04, 0.000e+00, 2.027e+00, 9.983e+02, 1.460e-07
4.750e-01, 5.000e-01, -3.050e-01, 1.115e+05, 0.000e+00, 3.208e-04, 0.000e+00, 2.025e+00, 9.983e+02, 1.441e-07
4.750e-01, 5.000e-01, -2.950e-01, 1.114e+05, 0.000e+00, 3.139e-04, 0.000e+00, 2.024e+00, 9.983e+02, 1.410e-07
4.750e-01, 5.000e-01, -2.850e-01, 1.113e+05, 0.000e+00, 3.039e-04, 0.000e+00, 2.022e+00, 9.983e+02, 1.365e-07
4.750e-01, 5.000e-01, -2.750e-01, 1.112e+05, 0.000e+00, 2.896e-04, 0.000e+00, 2.020e+00, 9.983e+02, 1.301e-07
4.750e-01, 5.000e-01, -2.650e-01, 1.111e+05, 0.000e+00, 2.687e-04, 0.000e+00, 2.018e+00, 9.983e+02, 1.207e-07
4.750e-01, 5.000e-01, -2.550e-01, 1.111e+05, 0.000e+00, 2.377e-04, 0.000e+00, 2.018e+00, 9.983e+02, 1.049e-07
4.750e-01, 5.000e-01, -2.450e-01, 1.110e+05, 0.000e+00, 2.102e-04, 0.000e+00, 2.016e+00, 9.983e+02, 9.234e-08
4.750e-01, 5.000e-01, -2.350e-01, 1.109e+05, 0.000e+00, 1.883e-04, 0.000e+00, 2.014e+00, 9.983e+02, 8.272e-08
4.750e-01, 5.000e-01, -2.250e-01, 1.108e+05, 0.000e+00, 1.699e-04, 0.000e+00, 2.012e+00, 9.983e+02, 7.461e-08
4.750e-01, 5.000e-01, -2.150e-01, 1.107e+05, 0.000e+00, 1.556e-04, 0.000e+00, 2.011e+00, 9.983e+02, 6.833e-08
4.750e-01, 5.000e-01, -2.050e-01, 1.106e+05, 0.000e+00, 1.484e-04, 0.000e+00, 2.009e+00, 9.983e+02, 6.516e-08
4.750e-01, 5.000e-01, -1.950e-01, 1.105e+05, 0.000e+00, 1.534e-04, 0.000e+00, 2.007e+00, 9.983e+02, 6.740e-08
4.750e-01, 5.000e-01, -1.850e-01, 1.104e+05, 0.000e+00, 1.732e-04, 0.000e+00, 2.005e+00, 9.983e+02, 7.571e-08
4.750e-01, 5.000e-01, -1.750e-01, 1.105e+05, 0.000e+00, 1.946e-04, 0.000e+00, 2.007e+00, 9.983e+02, 8.354e-08
4.750e-01, 5.000e-01, -1.650e-01, 1.104e+05, 0.000e+00, 1.968e-04, 0.000e+00, 2.005e+00, 9.983e+02, 8.447e-08
4.750e-01, 5.000e-01, -1.550e-01, 1.103e+05, 0.000e+00, 1.744e-04, 0.000e+00, 2.004e+00, 9.983e+02, 7.486e-08
4.750e-01, 5.000e-01, -1.450e-01, 1.102e+05, 0.000e+00, 1.367e-04, 0.000e+00, 2.002e+00, 9.983e+02, 5.869e-08
4.750e-01, 5.000e-01, -1.350e-01, 1.101e+05, 0.000e+00, 9.676e-05, 0.000e+00, 2.000e+00, 9.983e+02, 4.153e-08
4.750e-01, 5.000e-01, -1.250e-01, 1.112e+05, 0.000e+00, 6.235e-05, 0.000e+00, 2.020e+00, 9.983e+02, 2.722e-08
4.750e-01, 5.000e-01, -1.150e-01, 1.111e+05, 0.000e+00, 3.706e-05, 0.000e+00, 2.018e+00, 9.983e+02, 1.628e-08
4.750e-01, 5.000e-01, -1.050e-01, 1.110e+05, 0.000e+00, 2.052e-05, 0.000e+00, 2.017e+00, 9.983e+02, 9.015e-09
4.750e-01, 5.000e-01, -9.500e-02, 1.109e+05, 0.000e+00, 1.065e-05, 0.000e+00, 2.015e+00, 9.983e+02, 4.680e-09
4.750e-01, 5.000e-01, -8.500e-02, 1.108e+05, 0.000e+00, 5.211e-06, 0.000e+00, 2.013e+00, 9.983e+02, 2.289e-09
4.750e-01, 5.000e-01, -7.500e-02, 1.107e+05, 0.000e+00, 2.408e-06, 0.000e+00, 2.011e+00, 9.983e+02, 1.057e-09
4.750e-01, 5.000e-01, -6.500e-02, 1.106e+05, 0.000e+00, 1.053e-06, 0.000e+00, 2.009e+00, 9.983e+02, 4.624e-10
4.750e-01, 5.000e-01, -5.500e-02, 1.105e+05, 0.000e+00, 4.363e-07, 0.000e+00, 2.008e+00, 9.983e+02, 1.916e-10
4.750e-01, 5.000e-01, -4.500e-02, 1.104e+05, 0.000e+00, 1.716e-07, 0.000e+00, 2.006e+00, 9.983e+02, 7.538e-11
4.750e-01, 5.000e-01, -3.500e-02, 1.103e+05, 0.000e+00, 6.419e-08, 0.000e+00, 2.004e+00, 9.983e+02, 2.819e-11
4.750e-01, 5.000e-01, -2.500e-02, 1.102e+05, 0.000e+00, 2.292e-08, 0.000e+00, 2.002e+00, 9.983e+02, 1.007e-11
4.750e-01, 5.000e-01, -1.500e-02, 1.101e+05, 0.000e+00, 7.987e-09, 0.000e+00, 2.000e+00, 9.983e+02, 3.508e-12
4.750e-01, 5.000e-01, -5.000e-03, 1.100e+05, 0.000e+00, 3.086e-09, 0.000e+00, 1.999e+00, 9.983e+02, 1.356e-12
4.850e-01, 5.000e-01, -1.195e+00, 1.202e+05, 0.000e+00, 1.002e-13, 0.000e+00, 2.184e+00, 9.983e+02, 2.000e-17
4.850e-01, 5.000e-01, -1.185e+00, 1.201e+05, 0.000e+00, 1.002e-13, 0.000e+00, 2.182e+00, 9.983e+02, 2.000e-17
4.850e-01, 5.000e-01, -1.175e+00, 1.200e+05, 0.000e+00, 1.002e-13, 0.000e+00, 2.181e+00, 9.983e+02, 2.000e-17
4.850e-01, 5.000e-01, -1.165e+00, 1.199e+05, 0.000e+00, 1.002e-13, 0.000e+00, 2.179e+00, 9.983e+02, 2.000e-17
4.850e-01, 5.000e-01, -1.155e+00, 1.198e+05, 0.000e+00, 1.002e-13, 0.000e+00, 2.177e+00, 9.983e+02, 2.000e-17
4.850e-01, 5.000e-01, -1.145e+00, 1.197e+05, 0.000e+00, 1.002e-13, 0.000e+00, 2.175e+00, 9.983e+02, 2.000e-17
4.850e-01, 5.000e-01, -1.135e+00, 1.196e+05, 0.000e+00, 1.002e-13, 0.000e+00, 2.173e+00, 9.983e+02, 2.000e-17
4.850e-01, 5.000e-01, -1.125e+00, 1.195e+05, 0.000e+00, 1.002e-13, 0.000e+00, 2.172e+00, 9.983e+02, 2.000e-17
4.850e-01, 5.000e-01, -1.115e+00, 1.194e+05, 0.000e+00, 1.187e-13, 0.000e+00, 2.170e+00, 9.983e+02, 2.519e-17
4.850e-01, 5.000e-01, -1.105e+00, 1.193e+05, 0.000e+00, 2.150e-08, 0.000e+00, 2.168e+00, 9.983e+02, 6.358e-12
4.850e-01, 5.000e-01, -1.095e+00, 1.192e+05, 0.000e+00, 1.123e-03, 0.000e+00, 2.167e+00, 9.985e+02, 4.820e-07
4.850e-01, 5.000e-01, -1.085e+00, 1.191e+05, 0.000e+00, 1.080e-03, 0.000e+00, 2.165e+00, 9.985e+02, 4.636e-07
4.850e-01, 5.000e-01, -1.075e+00, 1.190e+05, 0.000e+00, 1.001e-03, 0.000e+00, 2.163e+00, 9.984e+02, 4.295e-07
4.850e-01, 5.000e-01, -1.065e+00, 1.189e+05, 0.000e+00, 9.051e-04, 0.000e+00, 2.161e+00, 9.984e+02, 3.886e-07
4.850e-01, 5.000e-01, -1.055e+00, 1.188e+05, 0.000e+00, 8.091e-04, 0.000e+00, 2.159e+00, 9.984e+02, 3.474e-07
4.850e-01, 5.000e-01, -1.045e+00, 1.187e+05, 0.000e+00, 7.193e-04, 0.000e+00, 2.158e+00, 9.984e+02, 3.088e-07
4.850e-01, 5.000e-01, -1.035e+00, 1.186e+05, 0.000e+00, 6.381e-04, 0.000e+00, 2.156e+00, 9.984e+02, 2.739e-07
4.850e-01, 5.000e-01, -1.025e+00, 1.185e+05, 0.000e+00, 5.650e-04, 0.000e+00, 2.154e+00, 9.984e+02, 2.425e-07
4.850e-01, 5.000e-01, -1.015e+00, 1.185e+05, 0.000e+00, 4.992e-04, 0.000e+00, 2.152e+00, 9.984e+02, 2.143e-07
4.850e-01, 5.000e-01, -1.005e+00, 1.184e+05, 0.000e+00, 4.404e-04, 0.000e+00, 2.150e+00, 9.983e+02, 1.891e-07
4.850e-01, 5.000e-01, -9.950e-01, 1.183e+05, 0.000e+00, 3.905e-04, 0.000e+00, 2.149e+00, 9.983e+02, 1.676e-07
4.850e-01, 5.000e-01, -9.850e-01, 1.182e+05, 0.000e+00, 3.508e-04, 0.000e+00, 2.147e+00, 9.983e+02, 1.506e-07
4.850e-01, 5.000e-01, -9.750e-01, 1.181e+05, 0.000e+00, 3.183e-04, 0.000e+00, 2.145e+00, 9.983e+02, 1.366e-07
4.850e-01, 5.000e-01, -9.650e-01, 1.180e+05, 0.000e+00, 2.883e-04, 0.000e+00, 2.143e+00, 9.983e+02, 1.237e-07
4.850e-01, 5.000e-01, -9.550e-01, 1.179e+05, 0.000e+00, 2.595e-04, 0.000e+00, 2.141e+00, 9.983e+02, 1.114e-07
4.850e-01, 5.000e-01, -9.450e-01, 1.178e+05, 0.000e+00, 2.460e-04, 0.000e+00, 2.140e+00, 9.983e+02, 1.056e-07
4.850e-01, 5.000e-01, -9.350e-01, 1.177e+05, 0.000e+00, 2.661e-04, 0.000e+00, 2.138e+00, 9.983e+02, 1.142e-07
4.850e-01, 5.000e-01, -9.250e-01, 1.176e+05, 0.000e+00, 3.004e-04, 0.000e+00, 2.136e+00, 9.983e+02, 1.290e-07
4.850e-01, 5.000e-01, -9.150e-01, 1.175e+05, 0.000e+00, 3.202e-04, 0.000e+00, 2.134e+00, 9.983e+02, 1.375e-07
4.850e-01, 5.000e-01, -9.050e-01, 1.174e+05, 0.000e+00, 3.177e-04, 0.000e+00, 2.132e+00, 9.983e+02, 1.364e-07
4.850e-01, 5.000e-01, -8.950e-01, 1.173e+05, 0.000e+00, 2.958e-04, 0.000e+00, 2.131e+00, 9.983e+02, 1.270e-07
4.850e-01, 5.000e-01, -8.850e-01, 1.172e+05, 0.000e+00, 2.636e-04, 0.000e+00, 2.129e+00, 9.983e+02, 1.131e-07
4.850e-01, 5.000e-01, -8.750e-01, 1.171e+05, 0.000e+00, 2.294e-04, 0.000e+00, 2.127e+00, 9.983e+02, 9.849e-08
4.850e-01, 5.000e-01, -8.650e-01, 1.170e+05, 0.000e+00, 1.998e-04, 0.000e+00, 2.125e+00, 9.983e+02, 8.578e-08
4.850e-01, 5.000e-01, -8.550e-01, 1.169e+05, 0.000e+00, 1.804e-04, 0.000e+00, 2.124e+00, 9.983e+02, 7.746e-08
4.850e-01, 5.000e-01, -8.450e-01, 1.168e+05, 0.000e+00, 1.784e-04, 0.000e+00, 2.122e+00, 9.983e+02, 7.660e-08
4.850e-01, 5.000e-01, -8.350e-01, 1.167e+05, 0.000e+00, 1.974e-04, 0.000e+00, 2.120e+00, 9.983e+02, 8.476e-08
4.850e-01, 5.000e-01, -8.250e-01, 1.166e+05, 0.000e+00, 2.406e-04, 0.000e+00, 2.118e+00, 9.983e+02, 1.033e-07
4.850e-01, 5.000e-01, -8.150e-01, 1.165e+05, 0.000e+00, 3.123e-04, 0.000e+00, 2.116e+00, 9.983e+02, 1.340e-07
4.850e-01, 5.000e-01, -8.050e-01, 1.164e+05, 0.000e+00, 3.990e-04, 0.000e+00, 2.115e+00, 9.983e+02, 1.713e-07
4.850e-01, 5.000e-01, -7.950e-01, 1.163e+05, 0.000e+00, 4.557e-04, 0.000e+00, 2.113e+00, 9.983e+02, 1.956e-07
4.850e-01, 5.000e-01, -7.850e-01, 1.162e+05, 0.000e+00, 4.612e-04, 0.000e+00, 2.111e+00, 9.983e+02, 1.980e-07
4.850e-01, 5.000e-01, -7.750e-01, 1.161e+05, 0.000e+00, 4.216e-04, 0.000e+00, 2.109e+00, 9.983e+02, 1.823e-07
4.850e-01, 5.000e-01, -7.650e-01, 1.175e+05, 0.000e+00, 3.753e-04, 0.000e+00, 2.135e+00, 9.983e+02, 1.648e-07
4.850e-01, 5.000e-01, -7.550e-01, 1.174e+05, 0.000e+00, 3.497e-04, 0.000e+00, 2.133e+00, 9.983e+02, 1.536e-07
4.850e-01, 5.000e-01, -7.450e-01, 1.173e+05, 0.000e+00, 3.301e-04, 0.000e+00, 2.131e+00, 9.983e+02, 1.450e-07
4.850e-01, 5.000e-01, -7.350e-01, 1.172e+05, 0.000e+00, 3.122e-04, 0.000e+00, 2.129e+00, 9.983e+02, 1.371e-07
4.850e-01, 5.000e-01, -7.250e-01, 1.171e+05, 0.000e+00, 2.951e-04, 0.000e+00, 2.127e+00, 9.983e+02, 1.296e-07
4.850e-01, 5.000e-01, -7.150e-01, 1.170e+05, 0.000e+00, 2.803e-04, 0.000e+00, 2.126e+00, 9.983e+02, 1.231e-07
4.850e-01, 5.000e-01, -7.050e-01, 1.169e+05, 0.000e+00, 2.703e-04, 0.000e+00, 2.124e+00, 9.983e+02, 1.187e-07
4.850e-01, 5.000e-01, -6.950e-01, 1.168e+05, 0.000e+00, 2.675e-04, 0.000e+00, 2.122e+00, 9.983e+02, 1.175e-07
4.850e-01, 5.000e-01, -6.850e-01, 1.167e+05, 0.000e+00, 2.731e-04, 0.000e+00, 2.120e+00, 9.983e+02, 1.200e-07
4.850e-01, 5.000e-01, -6.750e-01, 1.166e+05, 0.000e+00, 2.868e-04, 0.000e+00, 2.119e+00, 9.983e+02, 1.260e-07
4.850e-01, 5.000e-01, -6.650e-01, 1.165e+05, 0.000e+00, 3.074e-04, 0.000e+00, 2.117e+00, 9.983e+02, 1.350e-07
4.850e-01, 5.000e-01, -6.550e-01, 1.164e+05, 0.000e+00, 3.334e-04, 0.000e+00, 2.115e+00, 9.983e+02, 1.465e-07
4.850e-01, 5.000e-01, -6.450e-01, 1.163e+05, 0.000e+00, 3.631e-04, 0.000e+00, 2.113e+00, 9.983e+02, 1.595e-07
4.850e-01, 5.000e-01, -6.350e-01, 1.162e+05, 0.000e+00, 3.900e-04, 0.000e+00, 2.111e+00, 9.983e+02, 1.713e-07
4.850e-01, 5.000e-01, -6.250e-01, 1.161e+05, 0.000e+00, 4.040e-04, 0.000e+00, 2.110e+00, 9.983e+02, 1.792e-07
4.850e-01, 5.000e-01, -6.150e-01, 1.145e+05, 0.000e+00, 4.000e-04, 0.000e+00, 2.081e+00, 9.983e+02, 1.797e-07
4.850e-01, 5.000e-01, -6.050e-01, 1.144e+05, 0.000e+00, 3.866e-04, 0.000e+00, 2.079e+00, 9.983e+02, 1.737e-07
4.850e-01, 5.000e-01, -5.950e-01, 1.144e+05, 0.000e+00, 3.713e-04, 0.000e+00, 2.077e+00, 9.983e+02, 1.668e-07
4.850e-01, 5.000e-01, -5.850e-01, 1.143e+05, 0.000e+00, 3.597e-04, 0.000e+00, 2.075e+00, 9.983e+02, 1.611e-07
4.850e-01, 5.000e-01, -5.750e-01, 1.156e+05, 0.000e+00, 3.505e-04, 0.000e+00, 2.101e+00, 9.983e+02, 1.553e-07
4.850e-01, 5.000e-01, -5.650e-01, 1.155e+05, 0.000e+00, 3.412e-04, 0.000e+00, 2.099e+00, 9.983e+02, 1.499e-07
4.850e-01, 5.000e-01, -5.550e-01, 1.154e+05, 0.000e+00, 3.330e-04, 0.000e+00, 2.097e+00, 9.983e+02, 1.463e-07
4.850e-01, 5.000e-01, -5.450e-01, 1.153e+05, 0.000e+00, 3.264e-04, 0.000e+00, 2.095e+00, 9.983e+02, 1.440e-07
4.850e-01, 5.000e-01, -5.350e-01, 1.137e+05, 0.000e+00, 3.165e-04, 0.000e+00, 2.066e+00, 9.983e+02, 1.448e-07
4.850e-01, 5.000e-01, -5.250e-01, 1.136e+05, 0.000e+00, 3.101e-04, 0.000e+00, 2.064e+00, 9.983e+02, 1.424e-07
4.850e-01, 5.000e-01, -5.150e-01, 1.135e+05, 0.000e+00, 3.057e-04, 0.000e+00, 2.063e+00, 9.983e+02, 1.404e-07
4.850e-01, 5.000e-01, -5.050e-01, 1.134e+05, 0.000e+00, 3.023e-04, 0.000e+00, 2.061e+00, 9.983e+02, 1.388e-07
4.850e-01, 5.000e-01, -4.950e-01, 1.133e+05, 0.000e+00, 2.998e-04, 0.000e+00, 2.059e+00, 9.983e+02, 1.370e-07
4.850e-01, 5.000e-01, -4.850e-01, 1.133e+05, 0.000e+00, 3.003e-04, 0.000e+00, 2.057e+00, 9.983e+02, 1.338e-07
4.850e-01, 5.000e-01, -4.750e-01, 1.132e+05, 0.000e+00, 2.939e-04, 0.000e+00, 2.055e+00, 9.983e+02, 1.310e-07
4.850e-01, 5.000e-01, -4.650e-01, 1.131e+05, 0.000e+00, 2.842e-04, 0.000e+00, 2.054e+00, 9.983e+02, 1.301e-07
4.850e-01, 5.000e-01, -4.550e-01, 1.130e+05, 0.000e+00, 2.746e-04, 0.000e+00, 2.052e+00, 9.983e+02, 1.245e-07
4.850e-01, 5.000e-01, -4.450e-01, 1.129e+05, 0.000e+00, 2.480e-04, 0.000e+00, 2.050e+00, 9.983e+02, 1.065e-07
4.850e-01, 5.000e-01, -4.350e-01, 1.128e+05, 0.000e+00, 2.004e-04, 0.000e+00, 2.048e+00, 9.983e+02, 8.602e-08
4.850e-01, 5.000e-01, -4.250e-01, 1.127e+05, 0.000e+00, 1.812e-04, 0.000e+00, 2.047e+00, 9.983e+02, 7.776e-08
4.850e-01, 5.000e-01, -4.150e-01, 1.126e+05, 0.000e+00, 1.835e-04, 0.000e+00, 2.045e+00, 9.983e+02, 7.877e-08
4.850e-01, 5.000e-01, -4.050e-01, 1.125e+05, 0.000e+00, 1.889e-04, 0.000e+00, 2.043e+00, 9.983e+02, 8.108e-08
4.850e-01, 5.000e-01, -3.950e-01, 1.124e+05, 0.000e+00, 1.939e-04, 0.000e+00, 2.041e+00, 9.983e+02, 8.323e-08
4.850e-01, 5.000e-01, -3.850e-01, 1.123e+05, 0.000e+00, 1.978e-04, 0.000e+00, 2.039e+00, 9.983e+02, 8.491e-08
4.850e-01, 5.000e-01, -3.750e-01, 1.122e+05, 0.000e+00, 2.014e-04, 0.000e+00, 2.038e+00, 9.983e+02, 8.647e-08
4.850e-01, 5.000e-01, -3.650e-01, 1.121e+05, 0.000e+00, 2.080e-04, 0.000e+00, 2.036e+00, 9.983e+02, 8.929e-08
4.850e-01, 5.000e-01, -3.550e-01, 1.120e+05, 0.000e+00, 2.270e-04, 0.000e+00, 2.034e+00, 9.983e+02, 9.745e-08
4.850e-01, 5.000e-01, -3.450e-01, 1.119e+05, 0.000e+00, 2.693e-04, 0.000e+00, 2.032e+00, 9.983e+02, 1.177e-07
4.850e-01, 5.000e-01, -3.350e-01, 1.118e+05, 0.000e+00, 3.033e-04, 0.000e+00, 2.031e+00, 9.983e+02, 1.362e-07
4.850e-01, 5.000e-01, -3.250e-01, 1.117e+05, 0.000e+00, 3.168e-04, 0.000e+00, 2.029e+00, 9.983e+02, 1.423e-07
4.850e-01, 5.000e-01, -3.150e-01, 1.116e+05, 0.000e+00, 3.210e-04, 0.000e+00, 2.027e+00, 9.983e+02, 1.442e-07
4.850e-01, 5.000e-01, -3.050e-01, 1.115e+05, 0.000e+00, 3.208e-04, 0.000e+00, 2.025e+00, 9.983e+02, 1.441e-07
4.850e-01, 5.000e-01, -2.950e-01, 1.114e+05, 0.000e+00, 3.180e-04, 0.000e+00, 2.024e+00, 9.983e+02, 1.429e-07
4.850e-01, 5.000e-01, -2.850e-01, 1.113e+05, 0.000e+00, 3.128e-04, 0.000e+00, 2.022e+00, 9.983e+02, 1.405e-07
4.850e-01, 5.000e-01, -2.750e-01, 1.112e+05, 0.000e+00, 3.040e-04, 0.000e+00, 2.020e+00, 9.983e+02, 1.366e-07
4.850e-01, 5.000e-01, -2.650e-01, 1.111e+05, 0.000e+00, 2.892e-04, 0.000e+00, 2.018e+00, 9.983e+02, 1.299e-07
4.850e-01, 5.000e-01, -2.550e-01, 1.111e+05, 0.000e+00, 2.645e-04, 0.000e+00, 2.018e+00, 9.983e+02, 1.169e-07
4.850e-01, 5.000e-01, -2.450e-01, 1.110e+05, 0.000e+00, 2.387e-04, 0.000e+00, 2.016e+00, 9.983e+02, 1.049e-07
4.850e-01, 5.000e-01, -2.350e-01, 1.109e+05, 0.000e+00, 2.152e-04, 0.000e+00, 2.014e+00, 9.983e+02, 9.452e-08
4.850e-01, 5.000e-01, -2.250e-01, 1.108e+05, 0.000e+00, 1.917e-04, 0.000e+00, 2.012e+00, 9.983e+02, 8.421e-08
4.850e-01, 5.000e-01, -2.150e-01, 1.107e+05, 0.000e+00, 1.697e-04, 0.000e+00, 2.011e+00, 9.983e+02, 7.454e-08
4.850e-01, 5.000e-01, -2.050e-01, 1.106e+05, 0.000e+00, 1.536e-04, 0.000e+00, 2.009e+00, 9.983e+02, 6.746e-08
4.850e-01, 5.000e-01, -1.950e-01, 1.105e+05, 0.000e+00, 1.508e-04, 0.000e+00, 2.007e+00, 9.983e+02, 6.626e-08
4.850e-01, 5.000e-01, -1.850e-01, 1.104e+05, 0.000e+00, 1.666e-04, 0.000e+00, 2.005e+00, 9.983e+02, 7.264e-08
4.850e-01, 5.000e-01, -1.750e-01, 1.105e+05, 0.000e+00, 1.897e-04, 0.000e+00, 2.007e+00, 9.983e+02, 8.145e-08
4.850e-01, 5.000e-01, -1.650e-01, 1.104e+05, 0.000e+00, 1.970e-04, 0.000e+00, 2.005e+00, 9.983e+02, 8.457e-08
4.850e-01, 5.000e-01, -1.550e-01, 1.103e+05, 0.000e+00, 1.783e-04, 0.000e+00, 2.004e+00, 9.983e+02, 7.654e-08
4.850e-01, 5.000e-01, -1.450e-01, 1.102e+05, 0.000e+00, 1.417e-04, 0.000e+00, 2.002e+00, 9.983e+02, 6.083e-08
4.850e-01, 5.000e-01, -1.350e-01, 1.101e+05, 0.000e+00, 1.009e-04, 0.000e+00, 2.000e+00, 9.983e+02, 4.332e-08
4.850e-01, 5.000e-01, -1.250e-01, 1.112e+05, 0.000e+00, 6.495e-05, 0.000e+00, 2.020e+00, 9.983e+02, 2.836e-08
4.850e-01, 5.000e-01, -1.150e-01, 1.111e+05, 0.000e+00, 3.850e-05, 0.000e+00, 2.018e+00, 9.983e+02, 1.691e-08
4.850e-01, 5.000e-01, -1.050e-01, 1.110e+05, 0.000e+00, 2.125e-05, 0.000e+00, 2.017e+00, 9.983e+02, 9.333e-09
4.850e-01, 5.000e-01, -9.500e-02, 1.109e+05, 0.000e+00, 1.099e-05, 0.000e+00, 2.015e+00, 9.983e+02, 4.827e-09
4.850e-01, 5.000e-01, -8.500e-02, 1.108e+05, 0.000e+00, 5.354e-06, 0.000e+00, 2.013e+00, 9.983e+02, 2.352e-09
4.850e-01, 5.000e-01, -7.500e-02, 1.107e+05, 0.000e+00, 2.464e-06, 0.000e+00, 2.011e+00, 9.983e+02, 1.082e-09
4.850e-01, 5.000e-01, -6.500e-02, 1.106e+05, 0.000e+00, 1.073e-06, 0.000e+00, 2.009e+00, 9.983e+02, 4.715e-10
4.850e-01, 5.000e-01, -5.500e-02, 1.105e+05, 0.000e+00, 4.433e-07, 0.000e+00, 2.008e+00, 9.983e+02, 1.947e-10
4.850e-01, 5.000e-01, -4.500e-02, 1.104e+05, 0.000e+00, 1.738e-07, 0.000e+00, 2.006e+00, 9.983e+02, 7.633e-11
4.850e-01, 5.000e-01, -3.500e-02, 1.103e+05, 0.000e+00, 6.479e-08, 0.000e+00, 2.004e+00, 9.983e+02, 2.846e-11
4.850e-01, 5.000e-01, -2.500e-02, 1.102e+05, 0.000e+00, 2.307e-08, 0.000e+00, 2.002e+00, 9.983e+02, 1.013e-11
4.850e-01, 5.000e-01, -1.500e-02, 1.101e+05, 0.000e+00, 8.014e-09, 0.000e+00, 2.000e+00, 9.983e+02, 3.520e-12
4.850e-01, 5.000e-01, -5.000e-03, 1.100e+05, 0.000e+00, 3.087e-09, 0.000e+00, 1.999e+00, 9.983e+02, 1.356e-12
4.950e-01, 5.000e-01, -1.195e+00, 1.202e+05, 0.000e+00, 1.002e-13, 0.000e+00, 2.184e+00, 9.983e+02, 2.000e-17
4.950e-01, 5.000e-01, -1.185e+00, 1.201e+05, 0.000e+00, 1.002e-13, 0.000e+00, 2.182e+00, 9.983e+02, 2.000e-17
4.950e-01, 5.000e-01, -1.175e+00, 1.200e+05, 0.000e+00, 1.002e-13, 0.000e+00, 2.181e+00, 9.983e+02, 2.000e-17
4.950e-01, 5.000e-01, -1.165e+00, 1.199e+05, 0.000e+00, 1.002e-13, 0.000e+00, 2.179e+00, 9.983e+02, 2.000e-17
4.950e-01, 5.000e-01, -1.155e+00, 1.198e+05, 0.000e+00, 1.002e-13, 0.000e+00, 2.177e+00, 9.983e+02, 2.000e-17
4.950e-01, 5.000e-01, -1.145e+00, 1.197e+05, 0.000e+00, 1.002e-13, 0.000e+00, 2.175e+00, 9.983e+02, 2.000e-17
4.950e-01, 5.000e-01, -1.135e+00, 1.196e+05, 0.000e+00, 1.002e-13, 0.000e+00, 2.173e+00, 9.983e+02, 2.000e-17
4.950e-01, 5.000e-01, -1.125e+00, 1.195e+05, 0.000e+00, 1.002e-13, 0.000e+00, 2.172e+00, 9.983e+02, 2.000e-17
4.950e-01, 5.000e-01, -1.115e+00, 1.194e+05, 0.000e+00, 5.526e-10, 0.000e+00, 2.170e+00, 9.983e+02, 1.944e-13
4.950e-01, 5.000e-01, -1.105e+00, 1.193e+05, 0.000e+00, 1.151e-03, 0.000e+00, 2.168e+00, 9.985e+02, 4.061e-07
4.950e-01, 5.000e-01, -1.095e+00, 1.192e+05, 0.000e+00, 1.138e-03, 0.000e+00, 2.167e+00, 9.985e+02, 4.887e-07
4.950e-01, 5.000e-01, -1.085e+00, 1.191e+05, 0.000e+00, 1.080e-03, 0.000e+00, 2.165e+00, 9.985e+02, 4.636e-07
4.950e-01, 5.000e-01, -1.075e+00, 1.190e+05, 0.000e+00, 9.956e-04, 0.000e+00, 2.163e+00, 9.984e+02, 4.275e-07
4.950e-01, 5.000e-01, -1.065e+00, 1.189e+05, 0.000e+00, 8.998e-04, 0.000e+00, 2.161e+00, 9.984e+02, 3.863e-07
4.950e-01, 5.000e-01, -1.055e+00, 1.188e+05, 0.000e+00, 8.047e-04, 0.000e+00, 2.159e+00, 9.984e+02, 3.455e-07
4.950e-01, 5.000e-01, -1.045e+00, 1.187e+05, 0.000e+00, 7.169e-04, 0.000e+00, 2.158e+00, 9.984e+02, 3.078e-07
4.950e-01, 5.000e-01, -1.035e+00, 1.186e+05, 0.000e+00, 6.381e-04, 0.000e+00, 2.156e+00, 9.984e+02, 2.740e-07
4.950e-01, 5.000e-01, -1.025e+00, 1.185e+05, 0.000e+00, 5.673e-04, 0.000e+00, 2.154e+00, 9.984e+02, 2.435e-07
4.950e-01, 5.000e-01, -1.015e+00, 1.185e+05, 0.000e+00, 5.029e-04, 0.000e+00, 2.152e+00, 9.984e+02, 2.159e-07
4.950e-01, 5.000e-01, -1.005e+00, 1.184e+05, 0.000e+00, 4.444e-04, 0.000e+00, 2.150e+00, 9.983e+02, 1.908e-07
4.950e-01, 5.000e-01, -9.950e-01, 1.183e+05, 0.000e+00, 3.938e-04, 0.000e+00, 2.149e+00, 9.983e+02, 1.690e-07
4.950e-01, 5.000e-01, -9.850e-01, 1.182e+05, 0.000e+00, 3.530e-04, 0.000e+00, 2.147e+00, 9.983e+02, 1.515e-07
4.950e-01, 5.000e-01, -9.750e-01, 1.181e+05, 0.000e+00, 3.203e-04, 0.000e+00, 2.145e+00, 9.983e+02, 1.375e-07
4.950e-01, 5.000e-01, -9.650e-01, 1.180e+05, 0.000e+00, 2.915e-04, 0.000e+00, 2.143e+00, 9.983e+02, 1.251e-07
4.950e-01, 5.000e-01, -9.550e-01, 1.179e+05, 0.000e+00, 2.654e-04, 0.000e+00, 2.141e+00, 9.983e+02, 1.139e-07
4.950e-01, 5.000e-01, -9.450e-01, 1.178e+05, 0.000e+00, 2.567e-04, 0.000e+00, 2.140e+00, 9.983e+02, 1.102e-07
4.950e-01, 5.000e-01, -9.350e-01, 1.177e+05, 0.000e+00, 2.835e-04, 0.000e+00, 2.138e+00, 9.983e+02, 1.217e-07
4.950e-01, 5.000e-01, -9.250e-01, 1.176e+05, 0.000e+00, 3.237e-04, 0.000e+00, 2.136e+00, 9.983e+02, 1.389e-07
4.950e-01, 5.000e-01, -9.150e-01, 1.175e+05, 0.000e+00, 3.495e-04, 0.000e+00, 2.134e+00, 9.983e+02, 1.500e-07
4.950e-01, 5.000e-01, -9.050e-01, 1.174e+05, 0.000e+00, 3.549e-04, 0.000e+00, 2.132e+00, 9.983e+02, 1.524e-07
4.950e-01, 5.000e-01, -8.950e-01, 1.173e+05, 0.000e+00, 3.432e-04, 0.000e+00, 2.131e+00, 9.983e+02, 1.473e-07
4.950e-01, 5.000e-01, -8.850e-01, 1.172e+05, 0.000e+00, 3.206e-04, 0.000e+00, 2.129e+00, 9.983e+02, 1.376e-07
4.950e-01, 5.000e-01, -8.750e-01, 1.171e+05, 0.000e+00, 2.941e-04, 0.000e+00, 2.127e+00, 9.983e+02, 1.263e-07
4.950e-01, 5.000e-01, -8.650e-01, 1.170e+05, 0.000e+00, 2.702e-04, 0.000e+00, 2.125e+00, 9.983e+02, 1.160e-07
4.950e-01, 5.000e-01, -8.550e-01, 1.169e+05, 0.000e+00, 2.551e-04, 0.000e+00, 2.124e+00, 9.983e+02, 1.095e-07
4.950e-01, 5.000e-01, -8.450e-01, 1.168e+05, 0.000e+00, 2.558e-04, 0.000e+00, 2.122e+00, 9.983e+02, 1.098e-07
4.950e-01, 5.000e-01, -8.350e-01, 1.167e+05, 0.000e+00, 2.768e-04, 0.000e+00, 2.120e+00, 9.983e+02, 1.188e-07
4.950e-01, 5.000e-01, -8.250e-01, 1.166e+05, 0.000e+00, 3.183e-04, 0.000e+00, 2.118e+00, 9.983e+02, 1.367e-07
4.950e-01, 5.000e-01, -8.150e-01, 1.165e+05, 0.000e+00, 3.752e-04, 0.000e+00, 2.116e+00, 9.983e+02, 1.611e-07
4.950e-01, 5.000e-01, -8.050e-01, 1.164e+05, 0.000e+00, 4.302e-04, 0.000e+00, 2.115e+00, 9.983e+02, 1.847e-07
4.950e-01, 5.000e-01, -7.950e-01, 1.163e+05, 0.000e+00, 4.559e-04, 0.000e+00, 2.113e+00, 9.983e+02, 1.957e-07
4.950e-01, 5.000e-01, -7.850e-01, 1.162e+05, 0.000e+00, 4.456e-04, 0.000e+00, 2.111e+00, 9.983e+02, 1.913e-07
4.950e-01, 5.000e-01, -7.750e-01, 1.161e+05, 0.000e+00, 3.773e-04, 0.000e+00, 2.109e+00, 9.983e+02, 1.632e-07
4.950e-01, 5.000e-01, -7.650e-01, 1.175e+05, 0.000e+00, 3.184e-04, 0.000e+00, 2.135e+00, 9.983e+02, 1.398e-07
4.950e-01, 5.000e-01, -7.550e-01, 1.174e+05, 0.000e+00, 2.818e-04, 0.000e+00, 2.133e+00, 9.983e+02, 1.238e-07
4.950e-01, 5.000e-01, -7.450e-01, 1.173e+05, 0.000e+00, 2.552e-04, 0.000e+00, 2.131e+00, 9.983e+02, 1.121e-07
4.950e-01, 5.000e-01, -7.350e-01, 1.172e+05, 0.000e+00, 2.339e-04, 0.000e+00, 2.129e+00, 9.983e+02, 1.028e-07
4.950e-01, 5.000e-01, -7.250e-01, 1.171e+05, 0.000e+00, 2.158e-04, 0.000e+00, 2.127e+00, 9.983e+02, 9.480e-08
4.950e-01, 5.000e-01, -7.150e-01, 1.170e+05, 0.000e+00, 2.014e-04, 0.000e+00, 2.126e+00, 9.983e+02, 8.845e-08
4.950e-01, 5.000e-01, -7.050e-01, 1.169e+05, 0.000e+00, 1.924e-04, 0.000e+00, 2.124e+00, 9.983e+02, 8.453e-08
4.950e-01, 5.000e-01, -6.950e-01, 1.168e+05, 0.000e+00, 1.910e-04, 0.000e+00, 2.122e+00, 9.983e+02, 8.388e-08
4.950e-01, 5.000e-01, -6.850e-01, 1.167e+05, 0.000e+00, 1.982e-04, 0.000e+00, 2.120e+00, 9.983e+02, 8.707e-08
4.950e-01, 5.000e-01, -6.750e-01, 1.166e+05, 0.000e+00, 2.147e-04, 0.000e+00, 2.119e+00, 9.983e+02, 9.432e-08
4.950e-01, 5.000e-01, -6.650e-01, 1.165e+05, 0.000e+00, 2.407e-04, 0.000e+00, 2.117e+00, 9.983e+02, 1.057e-07
4.950e-01, 5.000e-01, -6.550e-01, 1.164e+05, 0.000e+00, 2.759e-04, 0.000e+00, 2.115e+00, 9.983e+02, 1.212e-07
4.950e-01, 5.000e-01, -6.450e-01, 1.163e+05, 0.000e+00, 3.185e-04, 0.000e+00, 2.113e+00, 9.983e+02, 1.399e-07
4.950e-01, 5.000e-01, -6.350e-01, 1.162e+05, 0.000e+00, 3.608e-04, 0.000e+00, 2.111e+00, 9.983e+02, 1.585e-07
4.950e-01, 5.000e-01, -6.250e-01, 1.161e+05, 0.000e+00, 3.906e-04, 0.000e+00, 2.110e+00, 9.983e+02, 1.730e-07
4.950e-01, 5.000e-01, -6.150e-01, 1.145e+05, 0.000e+00, 3.979e-04, 0.000e+00, 2.081e+00, 9.983e+02, 1.788e-07
4.950e-01, 5.000e-01, -6.050e-01, 1.144e+05, 0.000e+00, 3.870e-04, 0.000e+00, 2.079e+00, 9.983e+02, 1.739e-07
4.950e-01, 5.000e-01, -5.950e-01, 1.144e+05, 0.000e+00, 3.678e-04, 0.000e+00, 2.077e+00, 9.983e+02, 1.652e-07
4.950e-01, 5.000e-01, -5.850e-01, 1.143e+05, 0.000e+00, 3.491e-04, 0.000e+00, 2.075e+00, 9.983e+02, 1.568e-07
4.950e-01, 5.000e-01, -5.750e-01, 1.142e+05, 0.000e+00, 3.371e-04, 0.000e+00, 2.074e+00, 9.983e+02, 1.514e-07
4.950e-01, 5.000e-01, -5.650e-01, 1.141e+05, 0.000e+00, 3.304e-04, 0.000e+00, 2.072e+00, 9.983e+02, 1.480e-07
4.950e-01, 5.000e-01, -5.550e-01, 1.154e+05, 0.000e+00, 3.269e-04, 0.000e+00, 2.097e+00, 9.983e+02, 1.448e-07
4.950e-01, 5.000e-01, -5.450e-01, 1.153e+05, 0.000e+00, 3.222e-04, 0.000e+00, 2.095e+00, 9.983e+02, 1.422e-07
4.950e-01, 5.000e-01, -5.350e-01, 1.137e+05, 0.000e+00, 3.117e-04, 0.000e+00, 2.066e+00, 9.983e+02, 1.431e-07
4.950e-01, 5.000e-01, -5.250e-01, 1.136e+05, 0.000e+00, 3.018e-04, 0.000e+00, 2.064e+00, 9.983e+02, 1.386e-07
4.950e-01, 5.000e-01, -5.150e-01, 1.135e+05, 0.000e+00, 2.917e-04, 0.000e+00, 2.063e+00, 9.983e+02, 1.340e-07
4.950e-01, 5.000e-01, -5.050e-01, 1.134e+05, 0.000e+00, 2.837e-04, 0.000e+00, 2.061e+00, 9.983e+02, 1.303e-07
4.950e-01, 5.000e-01, -4.950e-01, 1.133e+05, 0.000e+00, 2.781e-04, 0.000e+00, 2.059e+00, 9.983e+02, 1.277e-07
4.950e-01, 5.000e-01, -4.850e-01, 1.133e+05, 0.000e+00, 2.738e-04, 0.000e+00, 2.057e+00, 9.983e+02, 1.258e-07
4.950e-01, 5.000e-01, -4.750e-01, 1.132e+05, 0.000e+00, 2.691e-04, 0.000e+00, 2.055e+00, 9.983e+02, 1.236e-07
4.950e-01, 5.000e-01, -4.650e-01, 1.131e+05, 0.000e+00, 2.590e-04, 0.000e+00, 2.054e+00, 9.983e+02, 1.190e-07
4.950e-01, 5.000e-01, -4.550e-01, 1.130e+05, 0.000e+00, 2.300e-04, 0.000e+00, 2.052e+00, 9.983e+02, 1.055e-07
4.950e-01, 5.000e-01, -4.450e-01, 1.129e+05, 0.000e+00, 1.828e-04, 0.000e+00, 2.050e+00, 9.983e+02, 7.867e-08
4.950e-01, 5.000e-01, -4.350e-01, 1.128e+05, 0.000e+00, 1.653e-04, 0.000e+00, 2.048e+00, 9.983e+02, 7.096e-08
4.950e-01, 5.000e-01, -4.250e-01, 1.127e+05, 0.000e+00, 1.703e-04, 0.000e+00, 2.047e+00, 9.983e+02, 7.310e-08
4.950e-01, 5.000e-01, -4.150e-01, 1.126e+05, 0.000e+00, 1.824e-04, 0.000e+00, 2.045e+00, 9.983e+02, 7.829e-08
4.950e-01, 5.000e-01, -4.050e-01, 1.125e+05, 0.000e+00, 1.930e-04, 0.000e+00, 2.043e+00, 9.983e+02, 8.283e-08
4.950e-01, 5.000e-01, -3.950e-01, 1.124e+05, 0.000e+00, 1.999e-04, 0.000e+00, 2.041e+00, 9.983e+02, 8.581e-08
4.950e-01, 5.000e-01, -3.850e-01, 1.123e+05, 0.000e+00, 2.033e-04, 0.000e+00, 2.039e+00, 9.983e+02, 8.726e-08
4.950e-01, 5.000e-01, -3.750e-01, 1.122e+05, 0.000e+00, 2.041e-04, 0.000e+00, 2.038e+00, 9.983e+02, 8.763e-08
4.950e-01, 5.000e-01, -3.650e-01, 1.121e+05, 0.000e+00, 2.049e-04, 0.000e+00, 2.036e+00, 9.983e+02, 8.797e-08
4.950e-01, 5.000e-01, -3.550e-01, 1.120e+05, 0.000e+00, 2.120e-04, 0.000e+00, 2.034e+00, 9.983e+02, 9.101e-08
4.950e-01, 5.000e-01, -3.450e-01, 1.119e+05, 0.000e+00, 2.397e-04, 0.000e+00, 2.032e+00, 9.983e+02, 1.047e-07
4.950e-01, 5.000e-01, -3.350e-01, 1.118e+05, 0.000e+00, 2.804e-04, 0.000e+00, 2.031e+00, 9.983e+02, 1.260e-07
4.950e-01, 5.000e-01, -3.250e-01, 1.117e+05, 0.000e+00, 3.011e-04, 0.000e+00, 2.029e+00, 9.983e+02, 1.353e-07
4.950e-01, 5.000e-01, -3.150e-01, 1.116e+05, 0.000e+00, 3.100e-04, 0.000e+00, 2.027e+00, 9.983e+02, 1.393e-07
4.950e-01, 5.000e-01, -3.050e-01, 1.115e+05, 0.000e+00, 3.136e-04, 0.000e+00, 2.025e+00, 9.983e+02, 1.409e-07
4.950e-01, 5.000e-01, -2.950e-01, 1.114e+05, 0.000e+00, 3.149e-04, 0.000e+00, 2.024e+00, 9.983e+02, 1.415e-07
4.950e-01, 5.000e-01, -2.850e-01, 1.113e+05, 0.000e+00, 3.145e-04, 0.000e+00, 2.022e+00, 9.983e+02, 1.413e-07
4.950e-01, 5.000e-01, -2.750e-01, 1.112e+05, 0.000e+00, 3.118e-04, 0.000e+00, 2.020e+00, 9.983e+02, 1.401e-07
4.950e-01, 5.000e-01, -2.650e-01, 1.111e+05, 0.000e+00, 3.048e-04, 0.000e+00, 2.018e+00, 9.983e+02, 1.369e-07
4.950e-01, 5.000e-01, -2.550e-01, 1.111e+05, 0.000e+00, 2.902e-04, 0.000e+00, 2.018e+00, 9.983e+02, 1.284e-07
4.950e-01, 5.000e-01, -2.450e-01, 1.110e+05, 0.000e+00, 2.707e-04, 0.000e+00, 2.016e+00, 9.983e+02, 1.189e-07
4.950e-01, 5.000e-01, -2.350e-01, 1.109e+05, 0.000e+00, 2.503e-04, 0.000e+00, 2.014e+00, 9.983e+02, 1.099e-07
4.950e-01, 5.000e-01, -2.250e-01, 1.108e+05, 0.000e+00, 2.277e-04, 0.000e+00, 2.012e+00, 9.983e+02, 1.000e-07
4.950e-01, 5.000e-01, -2.150e-01, 1.107e+05, 0.000e+00, 2.037e-04, 0.000e+00, 2.011e+00, 9.983e+02, 8.949e-08
4.950e-01, 5.000e-01, -2.050e-01, 1.106e+05, 0.000e+00, 1.814e-04, 0.000e+00, 2.009e+00, 9.983e+02, 7.967e-08
4.950e-01, 5.000e-01, -1.950e-01, 1.105e+05, 0.000e+00, 1.697e-04, 0.000e+00, 2.007e+00, 9.983e+02, 7.456e-08
4.950e-01, 5.000e-01, -1.850e-01, 1.104e+05, 0.000e+00, 1.795e-04, 0.000e+00, 2.005e+00, 9.983e+02, 7.809e-08
4.950e-01, 5.000e-01, -1.750e-01, 1.105e+05, 0.000e+00, 1.972e-04, 0.000e+00, 2.007e+00, 9.983e+02, 8.466e-08
4.950e-01, 5.000e-01, -1.650e-01, 1.104e+05, 0.000e+00, 2.011e-04, 0.000e+00, 2.005e+00, 9.983e+02, 8.632e-08
4.950e-01, 5.000e-01, -1.550e-01, 1.103e+05, 0.000e+00, 1.814e-04, 0.000e+00, 2.004e+00, 9.983e+02, 7.787e-08
4.950e-01, 5.000e-01, -1.450e-01, 1.102e+05, 0.000e+00, 1.448e-04, 0.000e+00, 2.002e+00, 9.983e+02, 6.216e-08
4.950e-01, 5.000e-01, -1.350e-01, 1.101e+05, 0.000e+00, 1.037e-04, 0.000e+00, 2.000e+00, 9.983e+02, 4.450e-08
4.950e-01, 5.000e-01, -1.250e-01, 1.112e+05, 0.000e+00, 6.682e-05, 0.000e+00, 2.020e+00, 9.983e+02, 2.917e-08
4.950e-01, 5.000e-01, -1.150e-01, 1.111e+05, 0.000e+00, 3.963e-05, 0.000e+00, 2.018e+00, 9.983e+02, 1.741e-08
4.950e-01, 5.000e-01, -1.050e-01, 1.110e+05, 0.000e+00, 2.186e-05, 0.000e+00, 2.017e+00, 9.983e+02, 9.600e-09
4.950e-01, 5.000e-01, -9.500e-02, 1.109e+05, 0.000e+00, 1.128e-05, 0.000e+00, 2.015e+00, 9.983e+02, 4.956e-09
4.950e-01, 5.000e-01, -8.500e-02, 1.108e+05, 0.000e+00, 5.483e-06, 0.000e+00, 2.013e+00, 9.983e+02, 2.408e-09
4.950e-01, 5.000e-01, -7.500e-02, 1.107e+05, 0.000e+00, 2.516e-06, 0.000e+00, 2.011e+00, 9.983e+02, 1.105e-09
4.950e-01, 5.000e-01, -6.500e-02, 1.106e+05, 0.000e+00, 1.092e-06, 0.000e+00, 2.009e+00, 9.983e+02, 4.797e-10
4.950e-01, 5.000e-01, -5.500e-02, 1.105e+05, 0.000e+00, 4.494e-07, 0.000e+00, 2.008e+00, 9.983e+02, 1.974e-10
4.950e-01, 5.000e-01, -4.500e-02, 1.104e+05, 0.000e+00, 1.755e-07, 0.000e+00, 2.006e+00, 9.983e+02, 7.710e-11
4.950e-01, 5.000e-01, -3.500e-02, 1.103e+05, 0.000e+00, 6.520e-08, 0.000e+00, 2.004e+00, 9.983e+02, 2.864e-11
4.950e-01, 5.000e-01, -2.500e-02, 1.102e+05, 0.000e+00, 2.313e-08, 0.000e+00, 2.002e+00, 9.983e+02, 1.016e-11
4.950e-01, 5.000e-01, -1.500e-02, 1.101e+05, 0.000e+00, 8.005e-09, 0.000e+00, 2.000e+00, 9.983e+02, 3.516e-12
4.950e-01, 5.000e-01, -5.000e-03, 1.100e+05, 0.000e+00, 3.072e-09, 0.000e+00, 1.999e+00, 9.983e+02, 1.349e-12
5.050e-01, 5.000e-01, -1.195e+00, 1.202e+05, 0.000e+00, 1.002e-13, 0.000e+00, 2.184e+00, 9.983e+02, 2.000e-17
5.050e-01, 5.000e-01, -1.185e+00, 1.201e+05, 0.000e+00, 1.002e-13, 0.000e+00, 2.182e+00, 9.983e+02, 2.000e-17
5.050e-01, 5.000e-01, -1.175e+00, 1.200e+05, 0.000e+00, 1.002e-13, 0.000e+00, 2.181e+00, 9.983e+02, 2.000e-17
5.050e-01, 5.000e-01, -1.165e+00, 1.199e+05, 0.000e+00, 1.002e-13, 0.000e+00, 2.179e+00, 9.983e+02, 2.000e-17
5.050e-01, 5.000e-01, -1.155e+00, 1.198e+05, 0.000e+00, 1.002e-13, 0.000e+00, 2.177e+00, 9.983e+02, 2.000e-17
5.050e-01, 5.000e-01, -1.145e+00, 1.197e+05, 0.000e+00, 1.002e-13, 0.000e+00, 2.175e+00, 9.983e+02, 2.000e-17
5.050e-01, 5.000e-01, -1.135e+00, 1.196e+05, 0.000e+00, 1.002e-13, 0.000e+00, 2.173e+00, 9.983e+02, 2.000e-17
5.050e-01, 5.000e-01, -1.125e+00, 1.195e+05, 0.000e+00, 1.002e-13, 0.000e+00, 2.172e+00, 9.983e+02, 2.000e-17
5.050e-01, 5.000e-01, -1.115e+00, 1.194e+05, 0.000e+00, 1.123e-09, 0.000e+00, 2.170e+00, 9.983e+02, 4.688e-13
5.050e-01, 5.000e-01, -1.105e+00, 1.193e+05, 0.000e+00, 1.175e-03, 0.000e+00, 2.168e+00, 9.985e+02, 4.909e-07
5.050e-01, 5.000e-01, -1.095e+00, 1.192e+05, 0.000e+00, 1.151e-03, 0.000e+00, 2.167e+00, 9.985e+02, 4.944e-07
5.050e-01, 5.000e-01, -1.085e+00, 1.191e+05, 0.000e+00, 1.082e-03, 0.000e+00, 2.165e+00, 9.985e+02, 4.644e-07
5.050e-01, 5.000e-01, -1.075e+00, 1.190e+05, 0.000e+00, 9.908e-04, 0.000e+00, 2.163e+00, 9.984e+02, 4.254e-07
5.050e-01, 5.000e-01, -1.065e+00, 1.189e+05, 0.000e+00, 8.945e-04, 0.000e+00, 2.161e+00, 9.984e+02, 3.840e-07
5.050e-01, 5.000e-01, -1.055e+00, 1.188e+05, 0.000e+00, 8.006e-04, 0.000e+00, 2.159e+00, 9.984e+02, 3.437e-07
5.050e-01, 5.000e-01, -1.045e+00, 1.187e+05, 0.000e+00, 7.146e-04, 0.000e+00, 2.158e+00, 9.984e+02, 3.068e-07
5.050e-01, 5.000e-01, -1.035e+00, 1.186e+05, 0.000e+00, 6.382e-04, 0.000e+00, 2.156e+00, 9.984e+02, 2.740e-07
5.050e-01, 5.000e-01, -1.025e+00, 1.185e+05, 0.000e+00, 5.695e-04, 0.000e+00, 2.154e+00, 9.984e+02, 2.445e-07
5.050e-01, 5.000e-01, -1.015e+00, 1.185e+05, 0.000e+00, 5.066e-04, 0.000e+00, 2.152e+00, 9.984e+02, 2.175e-07
5.050e-01, 5.000e-01, -1.005e+00, 1.184e+05, 0.000e+00, 4.488e-04, 0.000e+00, 2.150e+00, 9.983e+02, 1.927e-07
5.050e-01, 5.000e-01, -9.950e-01, 1.183e+05, 0.000e+00, 3.976e-04, 0.000e+00, 2.149e+00, 9.983e+02, 1.707e-07
5.050e-01, 5.000e-01, -9.850e-01, 1.182e+05, 0.000e+00, 3.559e-04, 0.000e+00, 2.147e+00, 9.983e+02, 1.528e-07
5.050e-01, 5.000e-01, -9.750e-01, 1.181e+05, 0.000e+00, 3.233e-04, 0.000e+00, 2.145e+00, 9.983e+02, 1.388e-07
5.050e-01, 5.000e-01, -9.650e-01, 1.180e+05, 0.000e+00, 2.966e-04, 0.000e+00, 2.143e+00, 9.983e+02, 1.273e-07
5.050e-01, 5.000e-01, -9.550e-01, 1.179e+05, 0.000e+00, 2.729e-04, 0.000e+00, 2.141e+00, 9.983e+02, 1.172e-07
5.050e-01, 5.000e-01, -9.450e-01, 1.178e+05, 0.000e+00, 2.596e-04, 0.000e+00, 2.140e+00, 9.983e+02, 1.115e-07
5.050e-01, 5.000e-01, -9.350e-01, 1.177e+05, 0.000e+00, 2.780e-04, 0.000e+00, 2.138e+00, 9.983e+02, 1.193e-07
5.050e-01, 5.000e-01, -9.250e-01, 1.176e+05, 0.000e+00, 3.228e-04, 0.000e+00, 2.136e+00, 9.983e+02, 1.386e-07
5.050e-01, 5.000e-01, -9.150e-01, 1.175e+05, 0.000e+00, 3.609e-04, 0.000e+00, 2.134e+00, 9.983e+02, 1.549e-07
5.050e-01, 5.000e-01, -9.050e-01, 1.174e+05, 0.000e+00, 3.785e-04, 0.000e+00, 2.132e+00, 9.983e+02, 1.625e-07
5.050e-01, 5.000e-01, -8.950e-01, 1.173e+05, 0.000e+00, 3.790e-04, 0.000e+00, 2.131e+00, 9.983e+02, 1.627e-07
5.050e-01, 5.000e-01, -8.850e-01, 1.172e+05, 0.000e+00, 3.687e-04, 0.000e+00, 2.129e+00, 9.983e+02, 1.583e-07
5.050e-01, 5.000e-01, -8.750e-01, 1.171e+05, 0.000e+00, 3.535e-04, 0.000e+00, 2.127e+00, 9.983e+02, 1.517e-07
5.050e-01, 5.000e-01, -8.650e-01, 1.170e+05, 0.000e+00, 3.388e-04, 0.000e+00, 2.125e+00, 9.983e+02, 1.454e-07
5.050e-01, 5.000e-01, -8.550e-01, 1.169e+05, 0.000e+00, 3.302e-04, 0.000e+00, 2.124e+00, 9.983e+02, 1.417e-07
5.050e-01, 5.000e-01, -8.450e-01, 1.168e+05, 0.000e+00, 3.328e-04, 0.000e+00, 2.122e+00, 9.983e+02, 1.429e-07
5.050e-01, 5.000e-01, -8.350e-01, 1.167e+05, 0.000e+00, 3.496e-04, 0.000e+00, 2.120e+00, 9.983e+02, 1.501e-07
5.050e-01, 5.000e-01, -8.250e-01, 1.166e+05, 0.000e+00, 3.788e-04, 0.000e+00, 2.118e+00, 9.983e+02, 1.626e-07
5.050e-01, 5.000e-01, -8.150e-01, 1.165e+05, 0.000e+00, 4.132e-04, 0.000e+00, 2.116e+00, 9.983e+02, 1.774e-07
5.050e-01, 5.000e-01, -8.050e-01, 1.164e+05, 0.000e+00, 4.388e-04, 0.000e+00, 2.115e+00, 9.983e+02, 1.884e-07
5.050e-01, 5.000e-01, -7.950e-01, 1.163e+05, 0.000e+00, 4.403e-04, 0.000e+00, 2.113e+00, 9.983e+02, 1.890e-07
5.050e-01, 5.000e-01, -7.850e-01, 1.162e+05, 0.000e+00, 4.153e-04, 0.000e+00, 2.111e+00, 9.983e+02, 1.783e-07
5.050e-01, 5.000e-01, -7.750e-01, 1.161e+05, 0.000e+00, 3.343e-04, 0.000e+00, 2.109e+00, 9.983e+02, 1.446e-07
5.050e-01, 5.000e-01, -7.650e-01, 1.175e+05, 0.000e+00, 2.695e-04, 0.000e+00, 2.135e+00, 9.983e+02, 1.184e-07
5.050e-01, 5.000e-01, -7.550e-01, 1.174e+05, 0.000e+00, 2.223e-04, 0.000e+00, 2.133e+00, 9.983e+02, 9.765e-08
5.050e-01, 5.000e-01, -7.450e-01, 1.173e+05, 0.000e+00, 1.888e-04, 0.000e+00, 2.131e+00, 9.983e+02, 8.294e-08
5.050e-01, 5.000e-01, -7.350e-01, 1.172e+05, 0.000e+00, 1.645e-04, 0.000e+00, 2.129e+00, 9.983e+02, 7.224e-08
5.050e-01, 5.000e-01, -7.250e-01, 1.171e+05, 0.000e+00, 1.460e-04, 0.000e+00, 2.127e+00, 9.983e+02, 6.412e-08
5.050e-01, 5.000e-01, -7.150e-01, 1.170e+05, 0.000e+00, 1.326e-04, 0.000e+00, 2.126e+00, 9.983e+02, 5.826e-08
5.050e-01, 5.000e-01, -7.050e-01, 1.169e+05, 0.000e+00, 1.253e-04, 0.000e+00, 2.124e+00, 9.983e+02, 5.503e-08
5.050e-01, 5.000e-01, -6.950e-01, 1.168e+05, 0.000e+00, 1.252e-04, 0.000e+00, 2.122e+00, 9.983e+02, 5.498e-08
5.050e-01, 5.000e-01, -6.850e-01, 1.167e+05, 0.000e+00, 1.336e-04, 0.000e+00, 2.120e+00, 9.983e+02, 5.869e-08
5.050e-01, 5.000e-01, -6.750e-01, 1.166e+05, 0.000e+00, 1.519e-04, 0.000e+00, 2.119e+00, 9.983e+02, 6.672e-08
5.050e-01, 5.000e-01, -6.650e-01, 1.165e+05, 0.000e+00, 1.815e-04, 0.000e+00, 2.117e+00, 9.983e+02, 7.971e-08
5.050e-01, 5.000e-01, -6.550e-01, 1.164e+05, 0.000e+00, 2.232e-04, 0.000e+00, 2.115e+00, 9.983e+02, 9.803e-08
5.050e-01, 5.000e-01, -6.450e-01, 1.163e+05, 0.000e+00, 2.750e-04, 0.000e+00, 2.113e+00, 9.983e+02, 1.208e-07
5.050e-01, 5.000e-01, -6.350e-01, 1.162e+05, 0.000e+00, 3.293e-04, 0.000e+00, 2.111e+00, 9.983e+02, 1.446e-07
5.050e-01, 5.000e-01, -6.250e-01, 1.161e+05, 0.000e+00, 3.728e-04, 0.000e+00, 2.110e+00, 9.983e+02, 1.647e-07
5.050e-01, 5.000e-01, -6.150e-01, 1.145e+05, 0.000e+00, 3.929e-04, 0.000e+00, 2.081e+00, 9.983e+02, 1.765e-07
5.050e-01, 5.000e-01, -6.050e-01, 1.144e+05, 0.000e+00, 3.866e-04, 0.000e+00, 2.079e+00, 9.983e+02, 1.737e-07
5.050e-01, 5.000e-01, -5.950e-01, 1.144e+05, 0.000e+00, 3.653e-04, 0.000e+00, 2.077e+00, 9.983e+02, 1.641e-07
5.050e-01, 5.000e-01, -5.850e-01, 1.143e+05, 0.000e+00, 3.421e-04, 0.000e+00, 2.075e+00, 9.983e+02, 1.537e-07
5.050e-01, 5.000e-01, -5.750e-01, 1.142e+05, 0.000e+00, 3.273e-04, 0.000e+00, 2.074e+00, 9.983e+02, 1.471e-07
5.050e-01, 5.000e-01, -5.650e-01, 1.141e+05, 0.000e+00, 3.217e-04, 0.000e+00, 2.072e+00, 9.983e+02, 1.445e-07
5.050e-01, 5.000e-01, -5.550e-01, 1.140e+05, 0.000e+00, 3.191e-04, 0.000e+00, 2.070e+00, 9.983e+02, 1.433e-07
5.050e-01, 5.000e-01, -5.450e-01, 1.139e+05, 0.000e+00, 3.158e-04, 0.000e+00, 2.068e+00, 9.983e+02, 1.418e-07
5.050e-01, 5.000e-01, -5.350e-01, 1.138e+05, 0.000e+00, 3.117e-04, 0.000e+00, 2.067e+00, 9.983e+02, 1.407e-07
5.050e-01, 5.000e-01, -5.250e-01, 1.137e+05, 0.000e+00, 3.036e-04, 0.000e+00, 2.065e+00, 9.983e+02, 1.370e-07
5.050e-01, 5.000e-01, -5.150e-01, 1.136e+05, 0.000e+00, 2.941e-04, 0.000e+00, 2.063e+00, 9.983e+02, 1.325e-07
5.050e-01, 5.000e-01, -5.050e-01, 1.135e+05, 0.000e+00, 2.840e-04, 0.000e+00, 2.061e+00, 9.983e+02, 1.279e-07
5.050e-01, 5.000e-01, -4.950e-01, 1.134e+05, 0.000e+00, 2.738e-04, 0.000e+00, 2.061e+00, 9.983e+02, 1.216e-07
5.050e-01, 5.000e-01, -4.850e-01, 1.133e+05, 0.000e+00, 2.644e-04, 0.000e+00, 2.059e+00, 9.983e+02, 1.186e-07
5.050e-01, 5.000e-01, -4.750e-01, 1.132e+05, 0.000e+00, 2.550e-04, 0.000e+00, 2.055e+00, 9.983e+02, 1.159e-07
5.050e-01, 5.000e-01, -4.650e-01, 1.131e+05, 0.000e+00, 2.391e-04, 0.000e+00, 2.054e+00, 9.983e+02, 1.098e-07
5.050e-01, 5.000e-01, -4.550e-01, 1.130e+05, 0.000e+00, 1.877e-04, 0.000e+00, 2.052e+00, 9.983e+02, 8.619e-08
5.050e-01, 5.000e-01, -4.450e-01, 1.129e+05, 0.000e+00, 1.572e-04, 0.000e+00, 2.050e+00, 9.983e+02, 6.824e-08
5.050e-01, 5.000e-01, -4.350e-01, 1.128e+05, 0.000e+00, 1.535e-04, 0.000e+00, 2.048e+00, 9.983e+02, 6.590e-08
5.050e-01, 5.000e-01, -4.250e-01, 1.127e+05, 0.000e+00, 1.724e-04, 0.000e+00, 2.047e+00, 9.983e+02, 7.400e-08
5.050e-01, 5.000e-01, -4.150e-01, 1.126e+05, 0.000e+00, 1.941e-04, 0.000e+00, 2.045e+00, 9.983e+02, 8.333e-08
5.050e-01, 5.000e-01, -4.050e-01, 1.125e+05, 0.000e+00, 2.087e-04, 0.000e+00, 2.043e+00, 9.983e+02, 8.959e-08
5.050e-01, 5.000e-01, -3.950e-01, 1.124e+05, 0.000e+00, 2.161e-04, 0.000e+00, 2.041e+00, 9.983e+02, 9.278e-08
5.050e-01, 5.000e-01, -3.850e-01, 1.123e+05, 0.000e+00, 2.182e-04, 0.000e+00, 2.039e+00, 9.983e+02, 9.366e-08
5.050e-01, 5.000e-01, -3.750e-01, 1.122e+05, 0.000e+00, 2.163e-04, 0.000e+00, 2.038e+00, 9.983e+02, 9.283e-08
5.050e-01, 5.000e-01, -3.650e-01, 1.121e+05, 0.000e+00, 2.121e-04, 0.000e+00, 2.036e+00, 9.983e+02, 9.106e-08
5.050e-01, 5.000e-01, -3.550e-01, 1.120e+05, 0.000e+00, 2.102e-04, 0.000e+00, 2.034e+00, 9.983e+02, 9.023e-08
5.050e-01, 5.000e-01, -3.450e-01, 1.119e+05, 0.000e+00, 2.199e-04, 0.000e+00, 2.032e+00, 9.983e+02, 9.599e-08
5.050e-01, 5.000e-01, -3.350e-01, 1.118e+05, 0.000e+00, 2.491e-04, 0.000e+00, 2.031e+00, 9.983e+02, 1.119e-07
5.050e-01, 5.000e-01, -3.250e-01, 1.117e+05, 0.000e+00, 2.780e-04, 0.000e+00, 2.029e+00, 9.983e+02, 1.249e-07
5.050e-01, 5.000e-01, -3.150e-01, 1.116e+05, 0.000e+00, 2.923e-04, 0.000e+00, 2.027e+00, 9.983e+02, 1.313e-07
5.050e-01, 5.000e-01, -3.050e-01, 1.115e+05, 0.000e+00, 2.995e-04, 0.000e+00, 2.025e+00, 9.983e+02, 1.346e-07
5.050e-01, 5.000e-01, -2.950e-01, 1.114e+05, 0.000e+00, 3.042e-04, 0.000e+00, 2.024e+00, 9.983e+02, 1.367e-07
5.050e-01, 5.000e-01, -2.850e-01, 1.113e+05, 0.000e+00, 3.081e-04, 0.000e+00, 2.022e+00, 9.983e+02, 1.384e-07
5.050e-01, 5.000e-01, -2.750e-01, 1.112e+05, 0.000e+00, 3.112e-04, 0.000e+00, 2.020e+00, 9.983e+02, 1.398e-07
5.050e-01, 5.000e-01, -2.650e-01, 1.111e+05, 0.000e+00, 3.121e-04, 0.000e+00, 2.018e+00, 9.983e+02, 1.402e-07
5.050e-01, 5.000e-01, -2.550e-01, 1.111e+05, 0.000e+00, 3.083e-04, 0.000e+00, 2.018e+00, 9.983e+02, 1.366e-07
5.050e-01, 5.000e-01, -2.450e-01, 1.110e+05, 0.000e+00, 2.973e-04, 0.000e+00, 2.016e+00, 9.983e+02, 1.306e-07
5.050e-01, 5.000e-01, -2.350e-01, 1.109e+05, 0.000e+00, 2.826e-04, 0.000e+00, 2.014e+00, 9.983e+02, 1.241e-07
5.050e-01, 5.000e-01, -2.250e-01, 1.108e+05, 0.000e+00, 2.649e-04, 0.000e+00, 2.012e+00, 9.983e+02, 1.164e-07
5.050e-01, 5.000e-01, -2.150e-01, 1.107e+05, 0.000e+00, 2.451e-04, 0.000e+00, 2.011e+00, 9.983e+02, 1.077e-07
5.050e-01, 5.000e-01, -2.050e-01, 1.106e+05, 0.000e+00, 2.249e-04, 0.000e+00, 2.009e+00, 9.983e+02, 9.880e-08
5.050e-01, 5.000e-01, -1.950e-01, 1.105e+05, 0.000e+00, 2.094e-04, 0.000e+00, 2.007e+00, 9.983e+02, 9.197e-08
5.050e-01, 5.000e-01, -1.850e-01, 1.106e+05, 0.000e+00, 2.076e-04, 0.000e+00, 2.009e+00, 9.983e+02, 9.010e-08
5.050e-01, 5.000e-01, -1.750e-01, 1.105e+05, 0.000e+00, 2.138e-04, 0.000e+00, 2.007e+00, 9.983e+02, 9.179e-08
5.050e-01, 5.000e-01, -1.650e-01, 1.104e+05, 0.000e+00, 2.083e-04, 0.000e+00, 2.005e+00, 9.983e+02, 8.943e-08
5.050e-01, 5.000e-01, -1.550e-01, 1.103e+05, 0.000e+00, 1.842e-04, 0.000e+00, 2.004e+00, 9.983e+02, 7.905e-08
5.050e-01, 5.000e-01, -1.450e-01, 1.102e+05, 0.000e+00, 1.465e-04, 0.000e+00, 2.002e+00, 9.983e+02, 6.287e-08
5.050e-01, 5.000e-01, -1.350e-01, 1.101e+05, 0.000e+00, 1.053e-04, 0.000e+00, 2.000e+00, 9.983e+02, 4.519e-08
5.050e-01, 5.000e-01, -1.250e-01, 1.112e+05, 0.000e+00, 6.806e-05, 0.000e+00, 2.020e+00, 9.983e+02, 2.972e-08
5.050e-01, 5.000e-01, -1.150e-01, 1.111e+05, 0.000e+00, 4.048e-05, 0.000e+00, 2.018e+00, 9.983e+02, 1.778e-08
5.050e-01, 5.000e-01, -1.050e-01, 1.110e+05, 0.000e+00, 2.236e-05, 0.000e+00, 2.017e+00, 9.983e+02, 9.822e-09
5.050e-01, 5.000e-01, -9.500e-02, 1.109e+05, 0.000e+00, 1.155e-05, 0.000e+00, 2.015e+00, 9.983e+02, 5.073e-09
5.050e-01, 5.000e-01, -8.500e-02, 1.108e+05, 0.000e+00, 5.606e-06, 0.000e+00, 2.013e+00, 9.983e+02, 2.462e-09
5.050e-01, 5.000e-01, -7.500e-02, 1.107e+05, 0.000e+00, 2.567e-06, 0.000e+00, 2.011e+00, 9.983e+02, 1.127e-09
5.050e-01, 5.000e-01, -6.500e-02, 1.106e+05, 0.000e+00, 1.111e-06, 0.000e+00, 2.009e+00, 9.983e+02, 4.880e-10
5.050e-01, 5.000e-01, -5.500e-02, 1.105e+05, 0.000e+00, 4.556e-07, 0.000e+00, 2.008e+00, 9.983e+02, 2.001e-10
5.050e-01, 5.000e-01, -4.500e-02, 1.104e+05, 0.000e+00, 1.773e-07, 0.000e+00, 2.006e+00, 9.983e+02, 7.786e-11
5.050e-01, 5.000e-01, -3.500e-02, 1.103e+05, 0.000e+00, 6.558e-08, 0.000e+00, 2.004e+00, 9.983e+02, 2.881e-11
5.050e-01, 5.000e-01, -2.500e-02, 1.102e+05, 0.000e+00, 2.317e-08, 0.000e+00, 2.002e+00, 9.983e+02, 1.018e-11
5.050e-01, 5.000e-01, -1.500e-02, 1.101e+05, 0.000e+00, 7.984e-09, 0.000e+00, 2.000e+00, 9.983e+02, 3.507e-12
5.050e-01, 5.000e-01, -5.000e-03, 1.100e+05, 0.000e+00, 3.051e-09, 0.000e+00, 1.999e+00, 9.983e+02, 1.340e-12
5.150e-01, 5.000e-01, -1.195e+00, 1.202e+05, 0.000e+00, 1.002e-13, 0.000e+00, 2.184e+00, 9.983e+02, 2.000e-17
5.150e-01, 5.000e-01, -1.185e+00, 1.201e+05, 0.000e+00, 1.002e-13, 0.000e+00, 2.182e+00, 9.983e+02, 2.000e-17
5.150e-01, 5.000e-01, -1.175e+00, 1.200e+05, 0.000e+00, 1.002e-13, 0.000e+00, 2.181e+00, 9.983e+02, 2.000e-17
5.150e-01, 5.000e-01, -1.165e+00, 1.199e+05, 0.000e+00, 1.002e-13, 0.000e+00, 2.179e+00, 9.983e+02, 2.000e-17
5.150e-01, 5.000e-01, -1.155e+00, 1.198e+05, 0.000e+00, 1.002e-13, 0.000e+00, 2.177e+00, 9.983e+02, 2.000e-17
5.150e-01, 5.000e-01, -1.145e+00, 1.197e+05, 0.000e+00, 1.002e-13, 0.000e+00, 2.175e+00, 9.983e+02, 2.000e-17
5.150e-01, 5.000e-01, -1.135e+00, 1.196e+05, 0.000e+00, 1.002e-13, 0.000e+00, 2.173e+00, 9.983e+02, 2.000e-17
5.150e-01, 5.000e-01, -1.125e+00, 1.195e+05, 0.000e+00, 1.002e-13, 0.000e+00, 2.172e+00, 9.983e+02, 2.000e-17
5.150e-01, 5.000e-01, -1.115e+00, 1.194e+05, 0.000e+00, 6.935e-09, 0.000e+00, 2.170e+00, 9.983e+02, 2.160e-12
5.150e-01, 5.000e-01, -1.105e+00, 1.193e+05, 0.000e+00, 1.196e-03, 0.000e+00, 2.168e+00, 9.985e+02, 5.135e-07
5.150e-01, 5.000e-01, -1.095e+00, 1.192e+05, 0.000e+00, 1.158e-03, 0.000e+00, 2.167e+00, 9.985e+02, 4.973e-07
5.150e-01, 5.000e-01, -1.085e+00, 1.191e+05, 0.000e+00, 1.081e-03, 0.000e+00, 2.165e+00, 9.985e+02, 4.639e-07
5.150e-01, 5.000e-01, -1.075e+00, 1.190e+05, 0.000e+00, 9.864e-04, 0.000e+00, 2.163e+00, 9.984e+02, 4.235e-07
5.150e-01, 5.000e-01, -1.065e+00, 1.189e+05, 0.000e+00, 8.895e-04, 0.000e+00, 2.161e+00, 9.984e+02, 3.819e-07
5.150e-01, 5.000e-01, -1.055e+00, 1.188e+05, 0.000e+00, 7.966e-04, 0.000e+00, 2.159e+00, 9.984e+02, 3.420e-07
5.150e-01, 5.000e-01, -1.045e+00, 1.187e+05, 0.000e+00, 7.125e-04, 0.000e+00, 2.158e+00, 9.984e+02, 3.059e-07
5.150e-01, 5.000e-01, -1.035e+00, 1.186e+05, 0.000e+00, 6.381e-04, 0.000e+00, 2.156e+00, 9.984e+02, 2.740e-07
5.150e-01, 5.000e-01, -1.025e+00, 1.185e+05, 0.000e+00, 5.716e-04, 0.000e+00, 2.154e+00, 9.984e+02, 2.454e-07
5.150e-01, 5.000e-01, -1.015e+00, 1.185e+05, 0.000e+00, 5.105e-04, 0.000e+00, 2.152e+00, 9.984e+02, 2.192e-07
5.150e-01, 5.000e-01, -1.005e+00, 1.184e+05, 0.000e+00, 4.535e-04, 0.000e+00, 2.150e+00, 9.983e+02, 1.947e-07
5.150e-01, 5.000e-01, -9.950e-01, 1.183e+05, 0.000e+00, 4.021e-04, 0.000e+00, 2.149e+00, 9.983e+02, 1.726e-07
5.150e-01, 5.000e-01, -9.850e-01, 1.182e+05, 0.000e+00, 3.595e-04, 0.000e+00, 2.147e+00, 9.983e+02, 1.543e-07
5.150e-01, 5.000e-01, -9.750e-01, 1.181e+05, 0.000e+00, 3.270e-04, 0.000e+00, 2.145e+00, 9.983e+02, 1.404e-07
5.150e-01, 5.000e-01, -9.650e-01, 1.180e+05, 0.000e+00, 3.028e-04, 0.000e+00, 2.143e+00, 9.983e+02, 1.300e-07
5.150e-01, 5.000e-01, -9.550e-01, 1.179e+05, 0.000e+00, 2.829e-04, 0.000e+00, 2.141e+00, 9.983e+02, 1.214e-07
5.150e-01, 5.000e-01, -9.450e-01, 1.178e+05, 0.000e+00, 2.648e-04, 0.000e+00, 2.140e+00, 9.983e+02, 1.137e-07
5.150e-01, 5.000e-01, -9.350e-01, 1.177e+05, 0.000e+00, 2.660e-04, 0.000e+00, 2.138e+00, 9.983e+02, 1.142e-07
5.150e-01, 5.000e-01, -9.250e-01, 1.176e+05, 0.000e+00, 3.020e-04, 0.000e+00, 2.136e+00, 9.983e+02, 1.296e-07
5.150e-01, 5.000e-01, -9.150e-01, 1.175e+05, 0.000e+00, 3.477e-04, 0.000e+00, 2.134e+00, 9.983e+02, 1.492e-07
5.150e-01, 5.000e-01, -9.050e-01, 1.174e+05, 0.000e+00, 3.790e-04, 0.000e+00, 2.132e+00, 9.983e+02, 1.627e-07
5.150e-01, 5.000e-01, -8.950e-01, 1.173e+05, 0.000e+00, 3.933e-04, 0.000e+00, 2.131e+00, 9.983e+02, 1.688e-07
5.150e-01, 5.000e-01, -8.850e-01, 1.172e+05, 0.000e+00, 3.954e-04, 0.000e+00, 2.129e+00, 9.983e+02, 1.698e-07
5.150e-01, 5.000e-01, -8.750e-01, 1.171e+05, 0.000e+00, 3.911e-04, 0.000e+00, 2.127e+00, 9.983e+02, 1.679e-07
5.150e-01, 5.000e-01, -8.650e-01, 1.170e+05, 0.000e+00, 3.851e-04, 0.000e+00, 2.125e+00, 9.983e+02, 1.653e-07
5.150e-01, 5.000e-01, -8.550e-01, 1.169e+05, 0.000e+00, 3.815e-04, 0.000e+00, 2.124e+00, 9.983e+02, 1.638e-07
5.150e-01, 5.000e-01, -8.450e-01, 1.168e+05, 0.000e+00, 3.839e-04, 0.000e+00, 2.122e+00, 9.983e+02, 1.648e-07
5.150e-01, 5.000e-01, -8.350e-01, 1.167e+05, 0.000e+00, 3.936e-04, 0.000e+00, 2.120e+00, 9.983e+02, 1.690e-07
5.150e-01, 5.000e-01, -8.250e-01, 1.166e+05, 0.000e+00, 4.084e-04, 0.000e+00, 2.118e+00, 9.983e+02, 1.753e-07
5.150e-01, 5.000e-01, -8.150e-01, 1.165e+05, 0.000e+00, 4.219e-04, 0.000e+00, 2.116e+00, 9.983e+02, 1.811e-07
5.150e-01, 5.000e-01, -8.050e-01, 1.164e+05, 0.000e+00, 4.242e-04, 0.000e+00, 2.115e+00, 9.983e+02, 1.821e-07
5.150e-01, 5.000e-01, -7.950e-01, 1.163e+05, 0.000e+00, 4.080e-04, 0.000e+00, 2.113e+00, 9.983e+02, 1.751e-07
5.150e-01, 5.000e-01, -7.850e-01, 1.162e+05, 0.000e+00, 3.741e-04, 0.000e+00, 2.111e+00, 9.983e+02, 1.606e-07
5.150e-01, 5.000e-01, -7.750e-01, 1.176e+05, 0.000e+00, 3.012e-04, 0.000e+00, 2.136e+00, 9.983e+02, 1.309e-07
5.150e-01, 5.000e-01, -7.650e-01, 1.175e+05, 0.000e+00, 2.342e-04, 0.000e+00, 2.135e+00, 9.983e+02, 1.029e-07
5.150e-01, 5.000e-01, -7.550e-01, 1.174e+05, 0.000e+00, 1.795e-04, 0.000e+00, 2.133e+00, 9.983e+02, 7.883e-08
5.150e-01, 5.000e-01, -7.450e-01, 1.173e+05, 0.000e+00, 1.405e-04, 0.000e+00, 2.131e+00, 9.983e+02, 6.171e-08
5.150e-01, 5.000e-01, -7.350e-01, 1.172e+05, 0.000e+00, 1.134e-04, 0.000e+00, 2.129e+00, 9.983e+02, 4.981e-08
5.150e-01, 5.000e-01, -7.250e-01, 1.171e+05, 0.000e+00, 9.449e-05, 0.000e+00, 2.127e+00, 9.983e+02, 4.151e-08
5.150e-01, 5.000e-01, -7.150e-01, 1.170e+05, 0.000e+00, 8.211e-05, 0.000e+00, 2.126e+00, 9.983e+02, 3.607e-08
5.150e-01, 5.000e-01, -7.050e-01, 1.169e+05, 0.000e+00, 7.608e-05, 0.000e+00, 2.124e+00, 9.983e+02, 3.342e-08
5.150e-01, 5.000e-01, -6.950e-01, 1.168e+05, 0.000e+00, 7.704e-05, 0.000e+00, 2.122e+00, 9.983e+02, 3.384e-08
5.150e-01, 5.000e-01, -6.850e-01, 1.167e+05, 0.000e+00, 8.628e-05, 0.000e+00, 2.120e+00, 9.983e+02, 3.790e-08
5.150e-01, 5.000e-01, -6.750e-01, 1.166e+05, 0.000e+00, 1.057e-04, 0.000e+00, 2.119e+00, 9.983e+02, 4.643e-08
5.150e-01, 5.000e-01, -6.650e-01, 1.165e+05, 0.000e+00, 1.376e-04, 0.000e+00, 2.117e+00, 9.983e+02, 6.046e-08
5.150e-01, 5.000e-01, -6.550e-01, 1.164e+05, 0.000e+00, 1.835e-04, 0.000e+00, 2.115e+00, 9.983e+02, 8.061e-08
5.150e-01, 5.000e-01, -6.450e-01, 1.163e+05, 0.000e+00, 2.414e-04, 0.000e+00, 2.113e+00, 9.983e+02, 1.060e-07
5.150e-01, 5.000e-01, -6.350e-01, 1.162e+05, 0.000e+00, 3.036e-04, 0.000e+00, 2.111e+00, 9.983e+02, 1.333e-07
5.150e-01, 5.000e-01, -6.250e-01, 1.161e+05, 0.000e+00, 3.568e-04, 0.000e+00, 2.110e+00, 9.983e+02, 1.575e-07
5.150e-01, 5.000e-01, -6.150e-01, 1.145e+05, 0.000e+00, 3.872e-04, 0.000e+00, 2.081e+00, 9.983e+02, 1.740e-07
5.150e-01, 5.000e-01, -6.050e-01, 1.144e+05, 0.000e+00, 3.867e-04, 0.000e+00, 2.079e+00, 9.983e+02, 1.737e-07
5.150e-01, 5.000e-01, -5.950e-01, 1.144e+05, 0.000e+00, 3.655e-04, 0.000e+00, 2.077e+00, 9.983e+02, 1.642e-07
5.150e-01, 5.000e-01, -5.850e-01, 1.143e+05, 0.000e+00, 3.394e-04, 0.000e+00, 2.075e+00, 9.983e+02, 1.525e-07
5.150e-01, 5.000e-01, -5.750e-01, 1.142e+05, 0.000e+00, 3.221e-04, 0.000e+00, 2.074e+00, 9.983e+02, 1.447e-07
5.150e-01, 5.000e-01, -5.650e-01, 1.141e+05, 0.000e+00, 3.161e-04, 0.000e+00, 2.072e+00, 9.983e+02, 1.420e-07
5.150e-01, 5.000e-01, -5.550e-01, 1.140e+05, 0.000e+00, 3.148e-04, 0.000e+00, 2.070e+00, 9.983e+02, 1.414e-07
5.150e-01, 5.000e-01, -5.450e-01, 1.139e+05, 0.000e+00, 3.130e-04, 0.000e+00, 2.068e+00, 9.983e+02, 1.406e-07
5.150e-01, 5.000e-01, -5.350e-01, 1.138e+05, 0.000e+00, 3.094e-04, 0.000e+00, 2.067e+00, 9.983e+02, 1.390e-07
5.150e-01, 5.000e-01, -5.250e-01, 1.137e+05, 0.000e+00, 3.016e-04, 0.000e+00, 2.065e+00, 9.983e+02, 1.355e-07
5.150e-01, 5.000e-01, -5.150e-01, 1.136e+05, 0.000e+00, 2.913e-04, 0.000e+00, 2.063e+00, 9.983e+02, 1.309e-07
5.150e-01, 5.000e-01, -5.050e-01, 1.135e+05, 0.000e+00, 2.796e-04, 0.000e+00, 2.061e+00, 9.983e+02, 1.256e-07
5.150e-01, 5.000e-01, -4.950e-01, 1.134e+05, 0.000e+00, 2.670e-04, 0.000e+00, 2.061e+00, 9.983e+02, 1.176e-07
5.150e-01, 5.000e-01, -4.850e-01, 1.133e+05, 0.000e+00, 2.557e-04, 0.000e+00, 2.059e+00, 9.983e+02, 1.123e-07
5.150e-01, 5.000e-01, -4.750e-01, 1.133e+05, 0.000e+00, 2.425e-04, 0.000e+00, 2.057e+00, 9.983e+02, 1.066e-07
5.150e-01, 5.000e-01, -4.650e-01, 1.131e+05, 0.000e+00, 2.209e-04, 0.000e+00, 2.054e+00, 9.983e+02, 1.007e-07
5.150e-01, 5.000e-01, -4.550e-01, 1.130e+05, 0.000e+00, 1.671e-04, 0.000e+00, 2.052e+00, 9.983e+02, 7.675e-08
5.150e-01, 5.000e-01, -4.450e-01, 1.129e+05, 0.000e+00, 1.409e-04, 0.000e+00, 2.050e+00, 9.983e+02, 6.113e-08
5.150e-01, 5.000e-01, -4.350e-01, 1.128e+05, 0.000e+00, 1.497e-04, 0.000e+00, 2.048e+00, 9.983e+02, 6.425e-08
5.150e-01, 5.000e-01, -4.250e-01, 1.127e+05, 0.000e+00, 1.846e-04, 0.000e+00, 2.047e+00, 9.983e+02, 7.922e-08
5.150e-01, 5.000e-01, -4.150e-01, 1.126e+05, 0.000e+00, 2.149e-04, 0.000e+00, 2.045e+00, 9.983e+02, 9.227e-08
5.150e-01, 5.000e-01, -4.050e-01, 1.125e+05, 0.000e+00, 2.306e-04, 0.000e+00, 2.043e+00, 9.983e+02, 9.900e-08
5.150e-01, 5.000e-01, -3.950e-01, 1.124e+05, 0.000e+00, 2.364e-04, 0.000e+00, 2.041e+00, 9.983e+02, 1.015e-07
5.150e-01, 5.000e-01, -3.850e-01, 1.123e+05, 0.000e+00, 2.366e-04, 0.000e+00, 2.039e+00, 9.983e+02, 1.016e-07
5.150e-01, 5.000e-01, -3.750e-01, 1.122e+05, 0.000e+00, 2.329e-04, 0.000e+00, 2.038e+00, 9.983e+02, 9.998e-08
5.150e-01, 5.000e-01, -3.650e-01, 1.121e+05, 0.000e+00, 2.258e-04, 0.000e+00, 2.036e+00, 9.983e+02, 9.692e-08
5.150e-01, 5.000e-01, -3.550e-01, 1.120e+05, 0.000e+00, 2.174e-04, 0.000e+00, 2.034e+00, 9.983e+02, 9.333e-08
5.150e-01, 5.000e-01, -3.450e-01, 1.119e+05, 0.000e+00, 2.146e-04, 0.000e+00, 2.032e+00, 9.983e+02, 9.362e-08
5.150e-01, 5.000e-01, -3.350e-01, 1.118e+05, 0.000e+00, 2.249e-04, 0.000e+00, 2.031e+00, 9.983e+02, 1.010e-07
5.150e-01, 5.000e-01, -3.250e-01, 1.117e+05, 0.000e+00, 2.461e-04, 0.000e+00, 2.029e+00, 9.983e+02, 1.106e-07
5.150e-01, 5.000e-01, -3.150e-01, 1.116e+05, 0.000e+00, 2.675e-04, 0.000e+00, 2.027e+00, 9.983e+02, 1.202e-07
5.150e-01, 5.000e-01, -3.050e-01, 1.115e+05, 0.000e+00, 2.785e-04, 0.000e+00, 2.025e+00, 9.983e+02, 1.251e-07
5.150e-01, 5.000e-01, -2.950e-01, 1.114e+05, 0.000e+00, 2.861e-04, 0.000e+00, 2.024e+00, 9.983e+02, 1.285e-07
5.150e-01, 5.000e-01, -2.850e-01, 1.113e+05, 0.000e+00, 2.929e-04, 0.000e+00, 2.022e+00, 9.983e+02, 1.316e-07
5.150e-01, 5.000e-01, -2.750e-01, 1.112e+05, 0.000e+00, 3.004e-04, 0.000e+00, 2.020e+00, 9.983e+02, 1.349e-07
5.150e-01, 5.000e-01, -2.650e-01, 1.111e+05, 0.000e+00, 3.079e-04, 0.000e+00, 2.018e+00, 9.983e+02, 1.383e-07
5.150e-01, 5.000e-01, -2.550e-01, 1.111e+05, 0.000e+00, 3.138e-04, 0.000e+00, 2.018e+00, 9.983e+02, 1.393e-07
5.150e-01, 5.000e-01, -2.450e-01, 1.110e+05, 0.000e+00, 3.122e-04, 0.000e+00, 2.016e+00, 9.983e+02, 1.371e-07
5.150e-01, 5.000e-01, -2.350e-01, 1.109e+05, 0.000e+00, 3.044e-04, 0.000e+00, 2.014e+00, 9.983e+02, 1.337e-07
5.150e-01, 5.000e-01, -2.250e-01, 1.108e+05, 0.000e+00, 2.936e-04, 0.000e+00, 2.012e+00, 9.983e+02, 1.290e-07
5.150e-01, 5.000e-01, -2.150e-01, 1.107e+05, 0.000e+00, 2.811e-04, 0.000e+00, 2.011e+00, 9.983e+02, 1.235e-07
5.150e-01, 5.000e-01, -2.050e-01, 1.106e+05, 0.000e+00, 2.676e-04, 0.000e+00, 2.009e+00, 9.983e+02, 1.175e-07
5.150e-01, 5.000e-01, -1.950e-01, 1.105e+05, 0.000e+00, 2.541e-04, 0.000e+00, 2.007e+00, 9.983e+02, 1.116e-07
5.150e-01, 5.000e-01, -1.850e-01, 1.106e+05, 0.000e+00, 2.425e-04, 0.000e+00, 2.009e+00, 9.983e+02, 1.050e-07
5.150e-01, 5.000e-01, -1.750e-01, 1.105e+05, 0.000e+00, 2.336e-04, 0.000e+00, 2.007e+00, 9.983e+02, 1.003e-07
5.150e-01, 5.000e-01, -1.650e-01, 1.104e+05, 0.000e+00, 2.164e-04, 0.000e+00, 2.005e+00, 9.983e+02, 9.291e-08
5.150e-01, 5.000e-01, -1.550e-01, 1.103e+05, 0.000e+00, 1.864e-04, 0.000e+00, 2.004e+00, 9.983e+02, 8.003e-08
5.150e-01, 5.000e-01, -1.450e-01, 1.102e+05, 0.000e+00, 1.473e-04, 0.000e+00, 2.002e+00, 9.983e+02, 6.322e-08
5.150e-01, 5.000e-01, -1.350e-01, 1.101e+05, 0.000e+00, 1.062e-04, 0.000e+00, 2.000e+00, 9.983e+02, 4.559e-08
5.150e-01, 5.000e-01, -1.250e-01, 1.112e+05, 0.000e+00, 6.897e-05, 0.000e+00, 2.020e+00, 9.983e+02, 3.011e-08
5.150e-01, 5.000e-01, -1.150e-01, 1.111e+05, 0.000e+00, 4.120e-05, 0.000e+00, 2.018e+00, 9.983e+02, 1.810e-08
5.150e-01, 5.000e-01, -1.050e-01, 1.110e+05, 0.000e+00, 2.284e-05, 0.000e+00, 2.017e+00, 9.983e+02, 1.003e-08
5.150e-01, 5.000e-01, -9.500e-02, 1.109e+05, 0.000e+00, 1.182e-05, 0.000e+00, 2.015e+00, 9.983e+02, 5.191e-09
5.150e-01, 5.000e-01, -8.500e-02, 1.108e+05, 0.000e+00, 5.738e-06, 0.000e+00, 2.013e+00, 9.983e+02, 2.520e-09
5.150e-01, 5.000e-01, -7.500e-02, 1.107e+05, 0.000e+00, 2.624e-06, 0.000e+00, 2.011e+00, 9.983e+02, 1.153e-09
5.150e-01, 5.000e-01, -6.500e-02, 1.106e+05, 0.000e+00, 1.133e-06, 0.000e+00, 2.009e+00, 9.983e+02, 4.978e-10
5.150e-01, 5.000e-01, -5.500e-02, 1.105e+05, 0.000e+00, 4.634e-07, 0.000e+00, 2.008e+00, 9.983e+02, 2.035e-10
5.150e-01, 5.000e-01, -4.500e-02, 1.104e+05, 0.000e+00, 1.797e-07, 0.000e+00, 2.006e+00, 9.983e+02, 7.893e-11
5.150e-01, 5.000e-01, -3.500e-02, 1.103e+05, 0.000e+00, 6.623e-08, 0.000e+00, 2.004e+00, 9.983e+02, 2.909e-11
5.150e-01, 5.000e-01, -2.500e-02, 1.102e+05, 0.000e+00, 2.331e-08, 0.000e+00, 2.002e+00, 9.983e+02, 1.024e-11
5.150e-01, 5.000e-01, -1.500e-02, 1.101e+05, 0.000e+00, 7.998e-09, 0.000e+00, 2.000e+00, 9.983e+02, 3.513e-12
5.150e-01, 5.000e-01, -5.000e-03, 1.100e+05, 0.000e+00, 3.044e-09, 0.000e+00, 1.999e+00, 9.983e+02, 1.337e-12
5.250e-01, 5.000e-01, -1.195e+00, 1.202e+05, 0.000e+00, 1.002e-13, 0.000e+00, 2.184e+00, 9.983e+02, 2.000e-17
5.250e-01, 5.000e-01, -1.185e+00, 1.201e+05, 0.000e+00, 1.002e-13, 0.000e+00, 2.182e+00, 9.983e+02, 2.000e-17
5.250e-01, 5.000e-01, -1.175e+00, 1.200e+05, 0.000e+00, 1.002e-13, 0.000e+00, 2.181e+00, 9.983e+02, 2.000e-17
5.250e-01, 5.000e-01, -1.165e+00, 1.199e+05, 0.000e+00, 1.002e-13, 0.000e+00, 2.179e+00, 9.983e+02, 2.000e-17
5.250e-01, 5.000e-01, -1.155e+00, 1.198e+05, 0.000e+00, 1.002e-13, 0.000e+00, 2.177e+00, 9.983e+02, 2.000e-17
5.250e-01, 5.000e-01, -1.145e+00, 1.197e+05, 0.000e+00, 1.002e-13, 0.000e+00, 2.175e+00, 9.983e+02, 2.000e-17
5.250e-01, 5.000e-01, -1.135e+00, 1.196e+05, 0.000e+00, 1.002e-13, 0.000e+00, 2.173e+00, 9.983e+02, 2.000e-17
5.250e-01, 5.000e-01, -1.125e+00, 1.195e+05, 0.000e+00, 4.498e-12, 0.000e+00, 2.172e+00, 9.983e+02, 8.980e-16
5.250e-01, 5.000e-01, -1.115e+00, 1.194e+05, 0.000e+00, 1.227e-03, 0.000e+00, 2.170e+00, 9.985e+02, 4.152e-07
5.250e-01, 5.000e-01, -1.105e+00, 1.193e+05, 0.000e+00, 1.211e-03, 0.000e+00, 2.168e+00, 9.985e+02, 5.200e-07
5.250e-01, 5.000e-01, -1.095e+00, 1.192e+05, 0.000e+00, 1.158e-03, 0.000e+00, 2.167e+00, 9.985e+02, 4.971e-07
5.250e-01, 5.000e-01, -1.085e+00, 1.191e+05, 0.000e+00, 1.077e-03, 0.000e+00, 2.165e+00, 9.985e+02, 4.625e-07
5.250e-01, 5.000e-01, -1.075e+00, 1.190e+05, 0.000e+00, 9.821e-04, 0.000e+00, 2.163e+00, 9.984e+02, 4.217e-07
5.250e-01, 5.000e-01, -1.065e+00, 1.189e+05, 0.000e+00, 8.849e-04, 0.000e+00, 2.161e+00, 9.984e+02, 3.799e-07
5.250e-01, 5.000e-01, -1.055e+00, 1.188e+05, 0.000e+00, 7.929e-04, 0.000e+00, 2.159e+00, 9.984e+02, 3.404e-07
5.250e-01, 5.000e-01, -1.045e+00, 1.187e+05, 0.000e+00, 7.105e-04, 0.000e+00, 2.158e+00, 9.984e+02, 3.050e-07
5.250e-01, 5.000e-01, -1.035e+00, 1.186e+05, 0.000e+00, 6.381e-04, 0.000e+00, 2.156e+00, 9.984e+02, 2.740e-07
5.250e-01, 5.000e-01, -1.025e+00, 1.185e+05, 0.000e+00, 5.737e-04, 0.000e+00, 2.154e+00, 9.984e+02, 2.463e-07
5.250e-01, 5.000e-01, -1.015e+00, 1.185e+05, 0.000e+00, 5.145e-04, 0.000e+00, 2.152e+00, 9.984e+02, 2.209e-07
5.250e-01, 5.000e-01, -1.005e+00, 1.184e+05, 0.000e+00, 4.587e-04, 0.000e+00, 2.150e+00, 9.983e+02, 1.969e-07
5.250e-01, 5.000e-01, -9.950e-01, 1.183e+05, 0.000e+00, 4.073e-04, 0.000e+00, 2.149e+00, 9.983e+02, 1.749e-07
5.250e-01, 5.000e-01, -9.850e-01, 1.182e+05, 0.000e+00, 3.639e-04, 0.000e+00, 2.147e+00, 9.983e+02, 1.562e-07
5.250e-01, 5.000e-01, -9.750e-01, 1.181e+05, 0.000e+00, 3.314e-04, 0.000e+00, 2.145e+00, 9.983e+02, 1.423e-07
5.250e-01, 5.000e-01, -9.650e-01, 1.180e+05, 0.000e+00, 3.092e-04, 0.000e+00, 2.143e+00, 9.983e+02, 1.327e-07
5.250e-01, 5.000e-01, -9.550e-01, 1.179e+05, 0.000e+00, 2.934e-04, 0.000e+00, 2.141e+00, 9.983e+02, 1.260e-07
5.250e-01, 5.000e-01, -9.450e-01, 1.178e+05, 0.000e+00, 2.757e-04, 0.000e+00, 2.140e+00, 9.983e+02, 1.184e-07
5.250e-01, 5.000e-01, -9.350e-01, 1.177e+05, 0.000e+00, 2.617e-04, 0.000e+00, 2.138e+00, 9.983e+02, 1.123e-07
5.250e-01, 5.000e-01, -9.250e-01, 1.176e+05, 0.000e+00, 2.765e-04, 0.000e+00, 2.136e+00, 9.983e+02, 1.187e-07
5.250e-01, 5.000e-01, -9.150e-01, 1.175e+05, 0.000e+00, 3.174e-04, 0.000e+00, 2.134e+00, 9.983e+02, 1.363e-07
5.250e-01, 5.000e-01, -9.050e-01, 1.174e+05, 0.000e+00, 3.574e-04, 0.000e+00, 2.132e+00, 9.983e+02, 1.534e-07
5.250e-01, 5.000e-01, -8.950e-01, 1.173e+05, 0.000e+00, 3.836e-04, 0.000e+00, 2.131e+00, 9.983e+02, 1.647e-07
5.250e-01, 5.000e-01, -8.850e-01, 1.172e+05, 0.000e+00, 3.971e-04, 0.000e+00, 2.129e+00, 9.983e+02, 1.704e-07
5.250e-01, 5.000e-01, -8.750e-01, 1.171e+05, 0.000e+00, 4.020e-04, 0.000e+00, 2.127e+00, 9.983e+02, 1.726e-07
5.250e-01, 5.000e-01, -8.650e-01, 1.170e+05, 0.000e+00, 4.025e-04, 0.000e+00, 2.125e+00, 9.983e+02, 1.728e-07
5.250e-01, 5.000e-01, -8.550e-01, 1.169e+05, 0.000e+00, 4.021e-04, 0.000e+00, 2.124e+00, 9.983e+02, 1.726e-07
5.250e-01, 5.000e-01, -8.450e-01, 1.168e+05, 0.000e+00, 4.030e-04, 0.000e+00, 2.122e+00, 9.983e+02, 1.730e-07
5.250e-01, 5.000e-01, -8.350e-01, 1.167e+05, 0.000e+00, 4.056e-04, 0.000e+00, 2.120e+00, 9.983e+02, 1.741e-07
5.250e-01, 5.000e-01, -8.250e-01, 1.166e+05, 0.000e+00, 4.076e-04, 0.000e+00, 2.118e+00, 9.983e+02, 1.750e-07
5.250e-01, 5.000e-01, -8.150e-01, 1.165e+05, 0.000e+00, 4.043e-04, 0.000e+00, 2.116e+00, 9.983e+02, 1.736e-07
5.250e-01, 5.000e-01, -8.050e-01, 1.164e+05, 0.000e+00, 3.900e-04, 0.000e+00, 2.115e+00, 9.983e+02, 1.674e-07
5.250e-01, 5.000e-01, -7.950e-01, 1.163e+05, 0.000e+00, 3.637e-04, 0.000e+00, 2.113e+00, 9.983e+02, 1.561e-07
5.250e-01, 5.000e-01, -7.850e-01, 1.162e+05, 0.000e+00, 3.356e-04, 0.000e+00, 2.111e+00, 9.983e+02, 1.441e-07
5.250e-01, 5.000e-01, -7.750e-01, 1.176e+05, 0.000e+00, 2.789e-04, 0.000e+00, 2.136e+00, 9.983e+02, 1.220e-07
5.250e-01, 5.000e-01, -7.650e-01, 1.175e+05, 0.000e+00, 2.113e-04, 0.000e+00, 2.135e+00, 9.983e+02, 9.281e-08
5.250e-01, 5.000e-01, -7.550e-01, 1.174e+05, 0.000e+00, 1.530e-04, 0.000e+00, 2.133e+00, 9.983e+02, 6.721e-08
5.250e-01, 5.000e-01, -7.450e-01, 1.173e+05, 0.000e+00, 1.108e-04, 0.000e+00, 2.131e+00, 9.983e+02, 4.865e-08
5.250e-01, 5.000e-01, -7.350e-01, 1.172e+05, 0.000e+00, 8.161e-05, 0.000e+00, 2.129e+00, 9.983e+02, 3.585e-08
5.250e-01, 5.000e-01, -7.250e-01, 1.171e+05, 0.000e+00, 6.212e-05, 0.000e+00, 2.127e+00, 9.983e+02, 2.729e-08
5.250e-01, 5.000e-01, -7.150e-01, 1.170e+05, 0.000e+00, 5.019e-05, 0.000e+00, 2.126e+00, 9.983e+02, 2.205e-08
5.250e-01, 5.000e-01, -7.050e-01, 1.169e+05, 0.000e+00, 4.497e-05, 0.000e+00, 2.124e+00, 9.983e+02, 1.975e-08
5.250e-01, 5.000e-01, -6.950e-01, 1.168e+05, 0.000e+00, 4.665e-05, 0.000e+00, 2.122e+00, 9.983e+02, 2.049e-08
5.250e-01, 5.000e-01, -6.850e-01, 1.167e+05, 0.000e+00, 5.651e-05, 0.000e+00, 2.120e+00, 9.983e+02, 2.482e-08
5.250e-01, 5.000e-01, -6.750e-01, 1.166e+05, 0.000e+00, 7.687e-05, 0.000e+00, 2.119e+00, 9.983e+02, 3.377e-08
5.250e-01, 5.000e-01, -6.650e-01, 1.165e+05, 0.000e+00, 1.106e-04, 0.000e+00, 2.117e+00, 9.983e+02, 4.856e-08
5.250e-01, 5.000e-01, -6.550e-01, 1.164e+05, 0.000e+00, 1.593e-04, 0.000e+00, 2.115e+00, 9.983e+02, 6.996e-08
5.250e-01, 5.000e-01, -6.450e-01, 1.163e+05, 0.000e+00, 2.210e-04, 0.000e+00, 2.113e+00, 9.983e+02, 9.707e-08
5.250e-01, 5.000e-01, -6.350e-01, 1.162e+05, 0.000e+00, 2.878e-04, 0.000e+00, 2.111e+00, 9.983e+02, 1.264e-07
5.250e-01, 5.000e-01, -6.250e-01, 1.161e+05, 0.000e+00, 3.464e-04, 0.000e+00, 2.110e+00, 9.983e+02, 1.532e-07
5.250e-01, 5.000e-01, -6.150e-01, 1.145e+05, 0.000e+00, 3.830e-04, 0.000e+00, 2.081e+00, 9.983e+02, 1.721e-07
5.250e-01, 5.000e-01, -6.050e-01, 1.144e+05, 0.000e+00, 3.874e-04, 0.000e+00, 2.079e+00, 9.983e+02, 1.741e-07
5.250e-01, 5.000e-01, -5.950e-01, 1.144e+05, 0.000e+00, 3.678e-04, 0.000e+00, 2.077e+00, 9.983e+02, 1.652e-07
5.250e-01, 5.000e-01, -5.850e-01, 1.143e+05, 0.000e+00, 3.401e-04, 0.000e+00, 2.075e+00, 9.983e+02, 1.528e-07
5.250e-01, 5.000e-01, -5.750e-01, 1.142e+05, 0.000e+00, 3.192e-04, 0.000e+00, 2.074e+00, 9.983e+02, 1.434e-07
5.250e-01, 5.000e-01, -5.650e-01, 1.141e+05, 0.000e+00, 3.105e-04, 0.000e+00, 2.072e+00, 9.983e+02, 1.395e-07
5.250e-01, 5.000e-01, -5.550e-01, 1.140e+05, 0.000e+00, 3.087e-04, 0.000e+00, 2.070e+00, 9.983e+02, 1.387e-07
5.250e-01, 5.000e-01, -5.450e-01, 1.139e+05, 0.000e+00, 3.071e-04, 0.000e+00, 2.068e+00, 9.983e+02, 1.380e-07
5.250e-01, 5.000e-01, -5.350e-01, 1.138e+05, 0.000e+00, 3.031e-04, 0.000e+00, 2.067e+00, 9.983e+02, 1.362e-07
5.250e-01, 5.000e-01, -5.250e-01, 1.137e+05, 0.000e+00, 2.945e-04, 0.000e+00, 2.065e+00, 9.983e+02, 1.323e-07
5.250e-01, 5.000e-01, -5.150e-01, 1.136e+05, 0.000e+00, 2.823e-04, 0.000e+00, 2.063e+00, 9.983e+02, 1.268e-07
5.250e-01, 5.000e-01, -5.050e-01, 1.135e+05, 0.000e+00, 2.674e-04, 0.000e+00, 2.061e+00, 9.983e+02, 1.201e-07
5.250e-01, 5.000e-01, -4.950e-01, 1.134e+05, 0.000e+00, 2.493e-04, 0.000e+00, 2.061e+00, 9.983e+02, 1.100e-07
5.250e-01, 5.000e-01, -4.850e-01, 1.133e+05, 0.000e+00, 2.338e-04, 0.000e+00, 2.059e+00, 9.983e+02, 1.027e-07
5.250e-01, 5.000e-01, -4.750e-01, 1.133e+05, 0.000e+00, 2.155e-04, 0.000e+00, 2.057e+00, 9.983e+02, 9.464e-08
5.250e-01, 5.000e-01, -4.650e-01, 1.132e+05, 0.000e+00, 1.887e-04, 0.000e+00, 2.055e+00, 9.983e+02, 8.372e-08
5.250e-01, 5.000e-01, -4.550e-01, 1.130e+05, 0.000e+00, 1.500e-04, 0.000e+00, 2.052e+00, 9.983e+02, 6.883e-08
5.250e-01, 5.000e-01, -4.450e-01, 1.129e+05, 0.000e+00, 1.284e-04, 0.000e+00, 2.050e+00, 9.983e+02, 5.563e-08
5.250e-01, 5.000e-01, -4.350e-01, 1.128e+05, 0.000e+00, 1.530e-04, 0.000e+00, 2.048e+00, 9.983e+02, 6.566e-08
5.250e-01, 5.000e-01, -4.250e-01, 1.127e+05, 0.000e+00, 2.022e-04, 0.000e+00, 2.047e+00, 9.983e+02, 8.681e-08
5.250e-01, 5.000e-01, -4.150e-01, 1.126e+05, 0.000e+00, 2.359e-04, 0.000e+00, 2.045e+00, 9.983e+02, 1.013e-07
5.250e-01, 5.000e-01, -4.050e-01, 1.125e+05, 0.000e+00, 2.491e-04, 0.000e+00, 2.043e+00, 9.983e+02, 1.069e-07
5.250e-01, 5.000e-01, -3.950e-01, 1.124e+05, 0.000e+00, 2.524e-04, 0.000e+00, 2.041e+00, 9.983e+02, 1.083e-07
5.250e-01, 5.000e-01, -3.850e-01, 1.123e+05, 0.000e+00, 2.520e-04, 0.000e+00, 2.039e+00, 9.983e+02, 1.082e-07
5.250e-01, 5.000e-01, -3.750e-01, 1.122e+05, 0.000e+00, 2.490e-04, 0.000e+00, 2.038e+00, 9.983e+02, 1.069e-07
5.250e-01, 5.000e-01, -3.650e-01, 1.121e+05, 0.000e+00, 2.421e-04, 0.000e+00, 2.036e+00, 9.983e+02, 1.039e-07
5.250e-01, 5.000e-01, -3.550e-01, 1.120e+05, 0.000e+00, 2.310e-04, 0.000e+00, 2.034e+00, 9.983e+02, 9.914e-08
5.250e-01, 5.000e-01, -3.450e-01, 1.119e+05, 0.000e+00, 2.198e-04, 0.000e+00, 2.032e+00, 9.983e+02, 9.581e-08
5.250e-01, 5.000e-01, -3.350e-01, 1.118e+05, 0.000e+00, 2.166e-04, 0.000e+00, 2.031e+00, 9.983e+02, 9.729e-08
5.250e-01, 5.000e-01, -3.250e-01, 1.117e+05, 0.000e+00, 2.221e-04, 0.000e+00, 2.029e+00, 9.983e+02, 9.980e-08
5.250e-01, 5.000e-01, -3.150e-01, 1.116e+05, 0.000e+00, 2.356e-04, 0.000e+00, 2.027e+00, 9.983e+02, 1.059e-07
5.250e-01, 5.000e-01, -3.050e-01, 1.115e+05, 0.000e+00, 2.505e-04, 0.000e+00, 2.025e+00, 9.983e+02, 1.125e-07
5.250e-01, 5.000e-01, -2.950e-01, 1.114e+05, 0.000e+00, 2.610e-04, 0.000e+00, 2.024e+00, 9.983e+02, 1.173e-07
5.250e-01, 5.000e-01, -2.850e-01, 1.113e+05, 0.000e+00, 2.694e-04, 0.000e+00, 2.022e+00, 9.983e+02, 1.210e-07
5.250e-01, 5.000e-01, -2.750e-01, 1.112e+05, 0.000e+00, 2.791e-04, 0.000e+00, 2.020e+00, 9.983e+02, 1.254e-07
5.250e-01, 5.000e-01, -2.650e-01, 1.111e+05, 0.000e+00, 2.908e-04, 0.000e+00, 2.018e+00, 9.983e+02, 1.306e-07
5.250e-01, 5.000e-01, -2.550e-01, 1.110e+05, 0.000e+00, 3.040e-04, 0.000e+00, 2.016e+00, 9.983e+02, 1.351e-07
5.250e-01, 5.000e-01, -2.450e-01, 1.110e+05, 0.000e+00, 3.109e-04, 0.000e+00, 2.016e+00, 9.983e+02, 1.366e-07
5.250e-01, 5.000e-01, -2.350e-01, 1.109e+05, 0.000e+00, 3.094e-04, 0.000e+00, 2.014e+00, 9.983e+02, 1.359e-07
5.250e-01, 5.000e-01, -2.250e-01, 1.108e+05, 0.000e+00, 3.048e-04, 0.000e+00, 2.012e+00, 9.983e+02, 1.339e-07
5.250e-01, 5.000e-01, -2.150e-01, 1.107e+05, 0.000e+00, 2.987e-04, 0.000e+00, 2.011e+00, 9.983e+02, 1.312e-07
5.250e-01, 5.000e-01, -2.050e-01, 1.106e+05, 0.000e+00, 2.916e-04, 0.000e+00, 2.009e+00, 9.983e+02, 1.281e-07
5.250e-01, 5.000e-01, -1.950e-01, 1.105e+05, 0.000e+00, 2.824e-04, 0.000e+00, 2.007e+00, 9.983e+02, 1.241e-07
5.250e-01, 5.000e-01, -1.850e-01, 1.106e+05, 0.000e+00, 2.688e-04, 0.000e+00, 2.009e+00, 9.983e+02, 1.161e-07
5.250e-01, 5.000e-01, -1.750e-01, 1.105e+05, 0.000e+00, 2.502e-04, 0.000e+00, 2.007e+00, 9.983e+02, 1.074e-07
5.250e-01, 5.000e-01, -1.650e-01, 1.104e+05, 0.000e+00, 2.239e-04, 0.000e+00, 2.005e+00, 9.983e+02, 9.609e-08
5.250e-01, 5.000e-01, -1.550e-01, 1.103e+05, 0.000e+00, 1.890e-04, 0.000e+00, 2.004e+00, 9.983e+02, 8.113e-08
5.250e-01, 5.000e-01, -1.450e-01, 1.102e+05, 0.000e+00, 1.485e-04, 0.000e+00, 2.002e+00, 9.983e+02, 6.374e-08
5.250e-01, 5.000e-01, -1.350e-01, 1.101e+05, 0.000e+00, 1.074e-04, 0.000e+00, 2.000e+00, 9.983e+02, 4.611e-08
5.250e-01, 5.000e-01, -1.250e-01, 1.112e+05, 0.000e+00, 7.002e-05, 0.000e+00, 2.020e+00, 9.983e+02, 3.057e-08
5.250e-01, 5.000e-01, -1.150e-01, 1.111e+05, 0.000e+00, 4.203e-05, 0.000e+00, 2.018e+00, 9.983e+02, 1.846e-08
5.250e-01, 5.000e-01, -1.050e-01, 1.110e+05, 0.000e+00, 2.340e-05, 0.000e+00, 2.017e+00, 9.983e+02, 1.028e-08
5.250e-01, 5.000e-01, -9.500e-02, 1.109e+05, 0.000e+00, 1.214e-05, 0.000e+00, 2.015e+00, 9.983e+02, 5.332e-09
5.250e-01, 5.000e-01, -8.500e-02, 1.108e+05, 0.000e+00, 5.901e-06, 0.000e+00, 2.013e+00, 9.983e+02, 2.592e-09
5.250e-01, 5.000e-01, -7.500e-02, 1.107e+05, 0.000e+00, 2.698e-06, 0.000e+00, 2.011e+00, 9.983e+02, 1.185e-09
5.250e-01, 5.000e-01, -6.500e-02, 1.106e+05, 0.000e+00, 1.164e-06, 0.000e+00, 2.009e+00, 9.983e+02, 5.112e-10
5.250e-01, 5.000e-01, -5.500e-02, 1.105e+05, 0.000e+00, 4.750e-07, 0.000e+00, 2.008e+00, 9.983e+02, 2.086e-10
5.250e-01, 5.000e-01, -4.500e-02, 1.104e+05, 0.000e+00, 1.837e-07, 0.000e+00, 2.006e+00, 9.983e+02, 8.070e-11
5.250e-01, 5.000e-01, -3.500e-02, 1.103e+05, 0.000e+00, 6.753e-08, 0.000e+00, 2.004e+00, 9.983e+02, 2.966e-11
5.250e-01, 5.000e-01, -2.500e-02, 1.102e+05, 0.000e+00, 2.369e-08, 0.000e+00, 2.002e+00, 9.983e+02, 1.040e-11
5.250e-01, 5.000e-01, -1.500e-02, 1.101e+05, 0.000e+00, 8.101e-09, 0.000e+00, 2.000e+00, 9.983e+02, 3.558e-12
5.250e-01, 5.000e-01, -5.000e-03, 1.100e+05, 0.000e+00, 3.072e-09, 0.000e+00, 1.999e+00, 9.983e+02, 1.350e-12
5.350e-01, 5.000e-01, -1.195e+00, 1.202e+05, 0.000e+00, 1.002e-13, 0.000e+00, 2.184e+00, 9.983e+02, 2.000e-17
5.350e-01, 5.000e-01, -1.185e+00, 1.201e+05, 0.000e+00, 1.002e-13, 0.000e+00, 2.182e+00, 9.983e+02, 2.000e-17
5.350e-01, 5.000e-01, -1.175e+00, 1.200e+05, 0.000e+00, 1.002e-13, 0.000e+00, 2.181e+00, 9.983e+02, 2.000e-17
5.350e-01, 5.000e-01, -1.165e+00, 1.199e+05, 0.000e+00, 1.002e-13, 0.000e+00, 2.179e+00, 9.983e+02, 2.000e-17
5.350e-01, 5.000e-01, -1.155e+00, 1.198e+05, 0.000e+00, 1.002e-13, 0.000e+00, 2.177e+00, 9.983e+02, 2.000e-17
5.350e-01, 5.000e-01, -1.145e+00, 1.197e+05, 0.000e+00, 1.002e-13, 0.000e+00, 2.175e+00, 9.983e+02, 2.000e-17
5.350e-01, 5.000e-01, -1.135e+00, 1.196e+05, 0.000e+00, 1.002e-13, 0.000e+00, 2.173e+00, 9.983e+02, 2.000e-17
5.350e-01, 5.000e-01, -1.125e+00, 1.195e+05, 0.000e+00, 2.895e-12, 0.000e+00, 2.172e+00, 9.983e+02, 5.836e-16
5.350e-01, 5.000e-01, -1.115e+00, 1.194e+05, 0.000e+00, 1.243e-03, 0.000e+00, 2.170e+00, 9.985e+02, 5.074e-07
5.350e-01, 5.000e-01, -1.105e+00, 1.193e+05, 0.000e+00, 1.223e-03, 0.000e+00, 2.168e+00, 9.985e+02, 5.250e-07
5.350e-01, 5.000e-01, -1.095e+00, 1.192e+05, 0.000e+00, 1.159e-03, 0.000e+00, 2.167e+00, 9.985e+02, 4.976e-07
5.350e-01, 5.000e-01, -1.085e+00, 1.191e+05, 0.000e+00, 1.073e-03, 0.000e+00, 2.165e+00, 9.985e+02, 4.609e-07
5.350e-01, 5.000e-01, -1.075e+00, 1.190e+05, 0.000e+00, 9.778e-04, 0.000e+00, 2.163e+00, 9.984e+02, 4.198e-07
5.350e-01, 5.000e-01, -1.065e+00, 1.189e+05, 0.000e+00, 8.806e-04, 0.000e+00, 2.161e+00, 9.984e+02, 3.781e-07
5.350e-01, 5.000e-01, -1.055e+00, 1.188e+05, 0.000e+00, 7.894e-04, 0.000e+00, 2.159e+00, 9.984e+02, 3.389e-07
5.350e-01, 5.000e-01, -1.045e+00, 1.187e+05, 0.000e+00, 7.085e-04, 0.000e+00, 2.158e+00, 9.984e+02, 3.042e-07
5.350e-01, 5.000e-01, -1.035e+00, 1.186e+05, 0.000e+00, 6.381e-04, 0.000e+00, 2.156e+00, 9.984e+02, 2.740e-07
5.350e-01, 5.000e-01, -1.025e+00, 1.185e+05, 0.000e+00, 5.758e-04, 0.000e+00, 2.154e+00, 9.984e+02, 2.472e-07
5.350e-01, 5.000e-01, -1.015e+00, 1.185e+05, 0.000e+00, 5.185e-04, 0.000e+00, 2.152e+00, 9.984e+02, 2.226e-07
5.350e-01, 5.000e-01, -1.005e+00, 1.184e+05, 0.000e+00, 4.643e-04, 0.000e+00, 2.150e+00, 9.983e+02, 1.993e-07
5.350e-01, 5.000e-01, -9.950e-01, 1.183e+05, 0.000e+00, 4.133e-04, 0.000e+00, 2.149e+00, 9.983e+02, 1.774e-07
5.350e-01, 5.000e-01, -9.850e-01, 1.182e+05, 0.000e+00, 3.692e-04, 0.000e+00, 2.147e+00, 9.983e+02, 1.585e-07
5.350e-01, 5.000e-01, -9.750e-01, 1.181e+05, 0.000e+00, 3.362e-04, 0.000e+00, 2.145e+00, 9.983e+02, 1.443e-07
5.350e-01, 5.000e-01, -9.650e-01, 1.180e+05, 0.000e+00, 3.150e-04, 0.000e+00, 2.143e+00, 9.983e+02, 1.352e-07
5.350e-01, 5.000e-01, -9.550e-01, 1.179e+05, 0.000e+00, 3.027e-04, 0.000e+00, 2.141e+00, 9.983e+02, 1.300e-07
5.350e-01, 5.000e-01, -9.450e-01, 1.178e+05, 0.000e+00, 2.895e-04, 0.000e+00, 2.140e+00, 9.983e+02, 1.243e-07
5.350e-01, 5.000e-01, -9.350e-01, 1.177e+05, 0.000e+00, 2.702e-04, 0.000e+00, 2.138e+00, 9.983e+02, 1.160e-07
5.350e-01, 5.000e-01, -9.250e-01, 1.176e+05, 0.000e+00, 2.620e-04, 0.000e+00, 2.136e+00, 9.983e+02, 1.125e-07
5.350e-01, 5.000e-01, -9.150e-01, 1.175e+05, 0.000e+00, 2.834e-04, 0.000e+00, 2.134e+00, 9.983e+02, 1.217e-07
5.350e-01, 5.000e-01, -9.050e-01, 1.174e+05, 0.000e+00, 3.212e-04, 0.000e+00, 2.132e+00, 9.983e+02, 1.379e-07
5.350e-01, 5.000e-01, -8.950e-01, 1.173e+05, 0.000e+00, 3.543e-04, 0.000e+00, 2.131e+00, 9.983e+02, 1.521e-07
5.350e-01, 5.000e-01, -8.850e-01, 1.172e+05, 0.000e+00, 3.766e-04, 0.000e+00, 2.129e+00, 9.983e+02, 1.617e-07
5.350e-01, 5.000e-01, -8.750e-01, 1.171e+05, 0.000e+00, 3.892e-04, 0.000e+00, 2.127e+00, 9.983e+02, 1.671e-07
5.350e-01, 5.000e-01, -8.650e-01, 1.170e+05, 0.000e+00, 3.949e-04, 0.000e+00, 2.125e+00, 9.983e+02, 1.695e-07
5.350e-01, 5.000e-01, -8.550e-01, 1.169e+05, 0.000e+00, 3.965e-04, 0.000e+00, 2.124e+00, 9.983e+02, 1.702e-07
5.350e-01, 5.000e-01, -8.450e-01, 1.168e+05, 0.000e+00, 3.955e-04, 0.000e+00, 2.122e+00, 9.983e+02, 1.698e-07
5.350e-01, 5.000e-01, -8.350e-01, 1.167e+05, 0.000e+00, 3.920e-04, 0.000e+00, 2.120e+00, 9.983e+02, 1.683e-07
5.350e-01, 5.000e-01, -8.250e-01, 1.166e+05, 0.000e+00, 3.843e-04, 0.000e+00, 2.118e+00, 9.983e+02, 1.650e-07
5.350e-01, 5.000e-01, -8.150e-01, 1.165e+05, 0.000e+00, 3.690e-04, 0.000e+00, 2.116e+00, 9.983e+02, 1.584e-07
5.350e-01, 5.000e-01, -8.050e-01, 1.164e+05, 0.000e+00, 3.451e-04, 0.000e+00, 2.115e+00, 9.983e+02, 1.481e-07
5.350e-01, 5.000e-01, -7.950e-01, 1.163e+05, 0.000e+00, 3.236e-04, 0.000e+00, 2.113e+00, 9.983e+02, 1.389e-07
5.350e-01, 5.000e-01, -7.850e-01, 1.162e+05, 0.000e+00, 3.159e-04, 0.000e+00, 2.111e+00, 9.983e+02, 1.359e-07
5.350e-01, 5.000e-01, -7.750e-01, 1.176e+05, 0.000e+00, 2.653e-04, 0.000e+00, 2.136e+00, 9.983e+02, 1.165e-07
5.350e-01, 5.000e-01, -7.650e-01, 1.175e+05, 0.000e+00, 1.969e-04, 0.000e+00, 2.135e+00, 9.983e+02, 8.649e-08
5.350e-01, 5.000e-01, -7.550e-01, 1.174e+05, 0.000e+00, 1.381e-04, 0.000e+00, 2.133e+00, 9.983e+02, 6.067e-08
5.350e-01, 5.000e-01, -7.450e-01, 1.173e+05, 0.000e+00, 9.471e-05, 0.000e+00, 2.131e+00, 9.983e+02, 4.160e-08
5.350e-01, 5.000e-01, -7.350e-01, 1.172e+05, 0.000e+00, 6.443e-05, 0.000e+00, 2.129e+00, 9.983e+02, 2.830e-08
5.350e-01, 5.000e-01, -7.250e-01, 1.171e+05, 0.000e+00, 4.442e-05, 0.000e+00, 2.127e+00, 9.983e+02, 1.951e-08
5.350e-01, 5.000e-01, -7.150e-01, 1.170e+05, 0.000e+00, 3.259e-05, 0.000e+00, 2.126e+00, 9.983e+02, 1.431e-08
5.350e-01, 5.000e-01, -7.050e-01, 1.169e+05, 0.000e+00, 2.779e-05, 0.000e+00, 2.124e+00, 9.983e+02, 1.221e-08
5.350e-01, 5.000e-01, -6.950e-01, 1.168e+05, 0.000e+00, 2.999e-05, 0.000e+00, 2.122e+00, 9.983e+02, 1.317e-08
5.350e-01, 5.000e-01, -6.850e-01, 1.167e+05, 0.000e+00, 4.049e-05, 0.000e+00, 2.120e+00, 9.983e+02, 1.778e-08
5.350e-01, 5.000e-01, -6.750e-01, 1.166e+05, 0.000e+00, 6.188e-05, 0.000e+00, 2.119e+00, 9.983e+02, 2.718e-08
5.350e-01, 5.000e-01, -6.650e-01, 1.165e+05, 0.000e+00, 9.724e-05, 0.000e+00, 2.117e+00, 9.983e+02, 4.271e-08
5.350e-01, 5.000e-01, -6.550e-01, 1.164e+05, 0.000e+00, 1.482e-04, 0.000e+00, 2.115e+00, 9.983e+02, 6.511e-08
5.350e-01, 5.000e-01, -6.450e-01, 1.163e+05, 0.000e+00, 2.125e-04, 0.000e+00, 2.113e+00, 9.983e+02, 9.333e-08
5.350e-01, 5.000e-01, -6.350e-01, 1.162e+05, 0.000e+00, 2.817e-04, 0.000e+00, 2.111e+00, 9.983e+02, 1.237e-07
5.350e-01, 5.000e-01, -6.250e-01, 1.161e+05, 0.000e+00, 3.425e-04, 0.000e+00, 2.110e+00, 9.983e+02, 1.518e-07
5.350e-01, 5.000e-01, -6.150e-01, 1.145e+05, 0.000e+00, 3.814e-04, 0.000e+00, 2.081e+00, 9.983e+02, 1.713e-07
5.350e-01, 5.000e-01, -6.050e-01, 1.144e+05, 0.000e+00, 3.890e-04, 0.000e+00, 2.079e+00, 9.983e+02, 1.747e-07
5.350e-01, 5.000e-01, -5.950e-01, 1.144e+05, 0.000e+00, 3.713e-04, 0.000e+00, 2.077e+00, 9.983e+02, 1.668e-07
5.350e-01, 5.000e-01, -5.850e-01, 1.143e+05, 0.000e+00, 3.432e-04, 0.000e+00, 2.075e+00, 9.983e+02, 1.542e-07
5.350e-01, 5.000e-01, -5.750e-01, 1.142e+05, 0.000e+00, 3.188e-04, 0.000e+00, 2.074e+00, 9.983e+02, 1.432e-07
5.350e-01, 5.000e-01, -5.650e-01, 1.141e+05, 0.000e+00, 3.057e-04, 0.000e+00, 2.072e+00, 9.983e+02, 1.373e-07
5.350e-01, 5.000e-01, -5.550e-01, 1.140e+05, 0.000e+00, 3.010e-04, 0.000e+00, 2.070e+00, 9.983e+02, 1.352e-07
5.350e-01, 5.000e-01, -5.450e-01, 1.139e+05, 0.000e+00, 2.983e-04, 0.000e+00, 2.068e+00, 9.983e+02, 1.340e-07
5.350e-01, 5.000e-01, -5.350e-01, 1.138e+05, 0.000e+00, 2.932e-04, 0.000e+00, 2.067e+00, 9.983e+02, 1.317e-07
5.350e-01, 5.000e-01, -5.250e-01, 1.137e+05, 0.000e+00, 2.831e-04, 0.000e+00, 2.065e+00, 9.983e+02, 1.272e-07
5.350e-01, 5.000e-01, -5.150e-01, 1.136e+05, 0.000e+00, 2.683e-04, 0.000e+00, 2.063e+00, 9.983e+02, 1.205e-07
5.350e-01, 5.000e-01, -5.050e-01, 1.135e+05, 0.000e+00, 2.489e-04, 0.000e+00, 2.061e+00, 9.983e+02, 1.118e-07
5.350e-01, 5.000e-01, -4.950e-01, 1.134e+05, 0.000e+00, 2.251e-04, 0.000e+00, 2.061e+00, 9.983e+02, 9.936e-08
5.350e-01, 5.000e-01, -4.850e-01, 1.133e+05, 0.000e+00, 2.036e-04, 0.000e+00, 2.059e+00, 9.983e+02, 8.942e-08
5.350e-01, 5.000e-01, -4.750e-01, 1.133e+05, 0.000e+00, 1.803e-04, 0.000e+00, 2.057e+00, 9.983e+02, 7.921e-08
5.350e-01, 5.000e-01, -4.650e-01, 1.132e+05, 0.000e+00, 1.568e-04, 0.000e+00, 2.055e+00, 9.983e+02, 6.890e-08
5.350e-01, 5.000e-01, -4.550e-01, 1.130e+05, 0.000e+00, 1.331e-04, 0.000e+00, 2.052e+00, 9.983e+02, 5.997e-08
5.350e-01, 5.000e-01, -4.450e-01, 1.129e+05, 0.000e+00, 1.210e-04, 0.000e+00, 2.050e+00, 9.983e+02, 5.236e-08
5.350e-01, 5.000e-01, -4.350e-01, 1.128e+05, 0.000e+00, 1.578e-04, 0.000e+00, 2.048e+00, 9.983e+02, 6.773e-08
5.350e-01, 5.000e-01, -4.250e-01, 1.127e+05, 0.000e+00, 2.126e-04, 0.000e+00, 2.047e+00, 9.983e+02, 9.126e-08
5.350e-01, 5.000e-01, -4.150e-01, 1.126e+05, 0.000e+00, 2.465e-04, 0.000e+00, 2.045e+00, 9.983e+02, 1.058e-07
5.350e-01, 5.000e-01, -4.050e-01, 1.125e+05, 0.000e+00, 2.587e-04, 0.000e+00, 2.043e+00, 9.983e+02, 1.111e-07
5.350e-01, 5.000e-01, -3.950e-01, 1.124e+05, 0.000e+00, 2.615e-04, 0.000e+00, 2.041e+00, 9.983e+02, 1.123e-07
5.350e-01, 5.000e-01, -3.850e-01, 1.123e+05, 0.000e+00, 2.620e-04, 0.000e+00, 2.039e+00, 9.983e+02, 1.125e-07
5.350e-01, 5.000e-01, -3.750e-01, 1.122e+05, 0.000e+00, 2.615e-04, 0.000e+00, 2.038e+00, 9.983e+02, 1.122e-07
5.350e-01, 5.000e-01, -3.650e-01, 1.121e+05, 0.000e+00, 2.583e-04, 0.000e+00, 2.036e+00, 9.983e+02, 1.109e-07
5.350e-01, 5.000e-01, -3.550e-01, 1.120e+05, 0.000e+00, 2.486e-04, 0.000e+00, 2.034e+00, 9.983e+02, 1.067e-07
5.350e-01, 5.000e-01, -3.450e-01, 1.119e+05, 0.000e+00, 2.326e-04, 0.000e+00, 2.032e+00, 9.983e+02, 1.013e-07
5.350e-01, 5.000e-01, -3.350e-01, 1.118e+05, 0.000e+00, 2.203e-04, 0.000e+00, 2.031e+00, 9.983e+02, 9.895e-08
5.350e-01, 5.000e-01, -3.250e-01, 1.117e+05, 0.000e+00, 2.153e-04, 0.000e+00, 2.029e+00, 9.983e+02, 9.670e-08
5.350e-01, 5.000e-01, -3.150e-01, 1.116e+05, 0.000e+00, 2.160e-04, 0.000e+00, 2.027e+00, 9.983e+02, 9.701e-08
5.350e-01, 5.000e-01, -3.050e-01, 1.115e+05, 0.000e+00, 2.213e-04, 0.000e+00, 2.025e+00, 9.983e+02, 9.943e-08
5.350e-01, 5.000e-01, -2.950e-01, 1.114e+05, 0.000e+00, 2.304e-04, 0.000e+00, 2.024e+00, 9.983e+02, 1.035e-07
5.350e-01, 5.000e-01, -2.850e-01, 1.113e+05, 0.000e+00, 2.396e-04, 0.000e+00, 2.022e+00, 9.983e+02, 1.076e-07
5.350e-01, 5.000e-01, -2.750e-01, 1.112e+05, 0.000e+00, 2.493e-04, 0.000e+00, 2.020e+00, 9.983e+02, 1.120e-07
5.350e-01, 5.000e-01, -2.650e-01, 1.111e+05, 0.000e+00, 2.623e-04, 0.000e+00, 2.018e+00, 9.983e+02, 1.178e-07
5.350e-01, 5.000e-01, -2.550e-01, 1.110e+05, 0.000e+00, 2.792e-04, 0.000e+00, 2.016e+00, 9.983e+02, 1.242e-07
5.350e-01, 5.000e-01, -2.450e-01, 1.110e+05, 0.000e+00, 2.923e-04, 0.000e+00, 2.016e+00, 9.983e+02, 1.284e-07
5.350e-01, 5.000e-01, -2.350e-01, 1.109e+05, 0.000e+00, 2.955e-04, 0.000e+00, 2.014e+00, 9.983e+02, 1.298e-07
5.350e-01, 5.000e-01, -2.250e-01, 1.108e+05, 0.000e+00, 2.949e-04, 0.000e+00, 2.012e+00, 9.983e+02, 1.295e-07
5.350e-01, 5.000e-01, -2.150e-01, 1.107e+05, 0.000e+00, 2.931e-04, 0.000e+00, 2.011e+00, 9.983e+02, 1.287e-07
5.350e-01, 5.000e-01, -2.050e-01, 1.106e+05, 0.000e+00, 2.910e-04, 0.000e+00, 2.009e+00, 9.983e+02, 1.278e-07
5.350e-01, 5.000e-01, -1.950e-01, 1.105e+05, 0.000e+00, 2.878e-04, 0.000e+00, 2.007e+00, 9.983e+02, 1.264e-07
5.350e-01, 5.000e-01, -1.850e-01, 1.106e+05, 0.000e+00, 2.800e-04, 0.000e+00, 2.009e+00, 9.983e+02, 1.207e-07
5.350e-01, 5.000e-01, -1.750e-01, 1.105e+05, 0.000e+00, 2.602e-04, 0.000e+00, 2.007e+00, 9.983e+02, 1.117e-07
5.350e-01, 5.000e-01, -1.650e-01, 1.104e+05, 0.000e+00, 2.306e-04, 0.000e+00, 2.005e+00, 9.983e+02, 9.898e-08
5.350e-01, 5.000e-01, -1.550e-01, 1.103e+05, 0.000e+00, 1.931e-04, 0.000e+00, 2.004e+00, 9.983e+02, 8.288e-08
5.350e-01, 5.000e-01, -1.450e-01, 1.102e+05, 0.000e+00, 1.513e-04, 0.000e+00, 2.002e+00, 9.983e+02, 6.495e-08
5.350e-01, 5.000e-01, -1.350e-01, 1.101e+05, 0.000e+00, 1.097e-04, 0.000e+00, 2.000e+00, 9.983e+02, 4.708e-08
5.350e-01, 5.000e-01, -1.250e-01, 1.112e+05, 0.000e+00, 7.161e-05, 0.000e+00, 2.020e+00, 9.983e+02, 3.127e-08
5.350e-01, 5.000e-01, -1.150e-01, 1.111e+05, 0.000e+00, 4.314e-05, 0.000e+00, 2.018e+00, 9.983e+02, 1.895e-08
5.350e-01, 5.000e-01, -1.050e-01, 1.110e+05, 0.000e+00, 2.411e-05, 0.000e+00, 2.017e+00, 9.983e+02, 1.059e-08
5.350e-01, 5.000e-01, -9.500e-02, 1.109e+05, 0.000e+00, 1.254e-05, 0.000e+00, 2.015e+00, 9.983e+02, 5.510e-09
5.350e-01, 5.000e-01, -8.500e-02, 1.108e+05, 0.000e+00, 6.110e-06, 0.000e+00, 2.013e+00, 9.983e+02, 2.684e-09
5.350e-01, 5.000e-01, -7.500e-02, 1.107e+05, 0.000e+00, 2.796e-06, 0.000e+00, 2.011e+00, 9.983e+02, 1.228e-09
5.350e-01, 5.000e-01, -6.500e-02, 1.106e+05, 0.000e+00, 1.206e-06, 0.000e+00, 2.009e+00, 9.983e+02, 5.299e-10
5.350e-01, 5.000e-01, -5.500e-02, 1.105e+05, 0.000e+00, 4.921e-07, 0.000e+00, 2.008e+00, 9.983e+02, 2.161e-10
5.350e-01, 5.000e-01, -4.500e-02, 1.104e+05, 0.000e+00, 1.902e-07, 0.000e+00, 2.006e+00, 9.983e+02, 8.353e-11
5.350e-01, 5.000e-01, -3.500e-02, 1.103e+05, 0.000e+00, 6.980e-08, 0.000e+00, 2.004e+00, 9.983e+02, 3.066e-11
5.350e-01, 5.000e-01, -2.500e-02, 1.102e+05, 0.000e+00, 2.445e-08, 0.000e+00, 2.002e+00, 9.983e+02, 1.074e-11
5.350e-01, 5.000e-01, -1.500e-02, 1.101e+05, 0.000e+00, 8.347e-09, 0.000e+00, 2.000e+00, 9.983e+02, 3.666e-12
5.350e-01, 5.000e-01, -5.000e-03, 1.100e+05, 0.000e+00, 3.160e-09, 0.000e+00, 1.999e+00, 9.983e+02, 1.388e-12
5.450e-01, 5.000e-01, -1.195e+00, 1.202e+05, 0.000e+00, 1.002e-13, 0.000e+00, 2.184e+00, 9.983e+02, 2.000e-17
5.450e-01, 5.000e-01, -1.185e+00, 1.201e+05, 0.000e+00, 1.002e-13, 0.000e+00, 2.182e+00, 9.983e+02, 2.000e-17
5.450e-01, 5.000e-01, -1.175e+00, 1.200e+05, 0.000e+00, 1.002e-13, 0.000e+00, 2.181e+00, 9.983e+02, 2.000e-17
5.450e-01, 5.000e-01, -1.165e+00, 1.199e+05, 0.000e+00, 1.002e-13, 0.000e+00, 2.179e+00, 9.983e+02, 2.000e-17
5.450e-01, 5.000e-01, -1.155e+00, 1.198e+05, 0.000e+00, 1.002e-13, 0.000e+00, 2.177e+00, 9.983e+02, 2.000e-17
5.450e-01, 5.000e-01, -1.145e+00, 1.197e+05, 0.000e+00, 1.002e-13, 0.000e+00, 2.175e+00, 9.983e+02, 2.000e-17
5.450e-01, 5.000e-01, -1.135e+00, 1.196e+05, 0.000e+00, 1.002e-13, 0.000e+00, 2.173e+00, 9.983e+02, 2.000e-17
5.450e-01, 5.000e-01, -1.125e+00, 1.195e+05, 0.000e+00, 8.126e-10, 0.000e+00, 2.172e+00, 9.983e+02, 2.049e-13
5.450e-01, 5.000e-01, -1.115e+00, 1.194e+05, 0.000e+00, 1.263e-03, 0.000e+00, 2.170e+00, 9.985e+02, 5.423e-07
5.450e-01, 5.000e-01, -1.105e+00, 1.193e+05, 0.000e+00, 1.232e-03, 0.000e+00, 2.168e+00, 9.985e+02, 5.289e-07
5.450e-01, 5.000e-01, -1.095e+00, 1.192e+05, 0.000e+00, 1.159e-03, 0.000e+00, 2.167e+00, 9.985e+02, 4.978e-07
5.450e-01, 5.000e-01, -1.085e+00, 1.191e+05, 0.000e+00, 1.070e-03, 0.000e+00, 2.165e+00, 9.985e+02, 4.594e-07
5.450e-01, 5.000e-01, -1.075e+00, 1.190e+05, 0.000e+00, 9.735e-04, 0.000e+00, 2.163e+00, 9.984e+02, 4.180e-07
5.450e-01, 5.000e-01, -1.065e+00, 1.189e+05, 0.000e+00, 8.765e-04, 0.000e+00, 2.161e+00, 9.984e+02, 3.763e-07
5.450e-01, 5.000e-01, -1.055e+00, 1.188e+05, 0.000e+00, 7.861e-04, 0.000e+00, 2.159e+00, 9.984e+02, 3.375e-07
5.450e-01, 5.000e-01, -1.045e+00, 1.187e+05, 0.000e+00, 7.067e-04, 0.000e+00, 2.158e+00, 9.984e+02, 3.034e-07
5.450e-01, 5.000e-01, -1.035e+00, 1.186e+05, 0.000e+00, 6.382e-04, 0.000e+00, 2.156e+00, 9.984e+02, 2.740e-07
5.450e-01, 5.000e-01, -1.025e+00, 1.185e+05, 0.000e+00, 5.778e-04, 0.000e+00, 2.154e+00, 9.984e+02, 2.481e-07
5.450e-01, 5.000e-01, -1.015e+00, 1.185e+05, 0.000e+00, 5.226e-04, 0.000e+00, 2.152e+00, 9.984e+02, 2.243e-07
5.450e-01, 5.000e-01, -1.005e+00, 1.184e+05, 0.000e+00, 4.701e-04, 0.000e+00, 2.150e+00, 9.983e+02, 2.018e-07
5.450e-01, 5.000e-01, -9.950e-01, 1.183e+05, 0.000e+00, 4.200e-04, 0.000e+00, 2.149e+00, 9.983e+02, 1.803e-07
5.450e-01, 5.000e-01, -9.850e-01, 1.182e+05, 0.000e+00, 3.755e-04, 0.000e+00, 2.147e+00, 9.983e+02, 1.612e-07
5.450e-01, 5.000e-01, -9.750e-01, 1.181e+05, 0.000e+00, 3.415e-04, 0.000e+00, 2.145e+00, 9.983e+02, 1.466e-07
5.450e-01, 5.000e-01, -9.650e-01, 1.180e+05, 0.000e+00, 3.202e-04, 0.000e+00, 2.143e+00, 9.983e+02, 1.375e-07
5.450e-01, 5.000e-01, -9.550e-01, 1.179e+05, 0.000e+00, 3.098e-04, 0.000e+00, 2.141e+00, 9.983e+02, 1.330e-07
5.450e-01, 5.000e-01, -9.450e-01, 1.178e+05, 0.000e+00, 3.019e-04, 0.000e+00, 2.140e+00, 9.983e+02, 1.296e-07
5.450e-01, 5.000e-01, -9.350e-01, 1.177e+05, 0.000e+00, 2.862e-04, 0.000e+00, 2.138e+00, 9.983e+02, 1.229e-07
5.450e-01, 5.000e-01, -9.250e-01, 1.176e+05, 0.000e+00, 2.660e-04, 0.000e+00, 2.136e+00, 9.983e+02, 1.142e-07
5.450e-01, 5.000e-01, -9.150e-01, 1.175e+05, 0.000e+00, 2.617e-04, 0.000e+00, 2.134e+00, 9.983e+02, 1.124e-07
5.450e-01, 5.000e-01, -9.050e-01, 1.174e+05, 0.000e+00, 2.848e-04, 0.000e+00, 2.132e+00, 9.983e+02, 1.223e-07
5.450e-01, 5.000e-01, -8.950e-01, 1.173e+05, 0.000e+00, 3.154e-04, 0.000e+00, 2.131e+00, 9.983e+02, 1.354e-07
5.450e-01, 5.000e-01, -8.850e-01, 1.172e+05, 0.000e+00, 3.413e-04, 0.000e+00, 2.129e+00, 9.983e+02, 1.465e-07
5.450e-01, 5.000e-01, -8.750e-01, 1.171e+05, 0.000e+00, 3.591e-04, 0.000e+00, 2.127e+00, 9.983e+02, 1.541e-07
5.450e-01, 5.000e-01, -8.650e-01, 1.170e+05, 0.000e+00, 3.691e-04, 0.000e+00, 2.125e+00, 9.983e+02, 1.584e-07
5.450e-01, 5.000e-01, -8.550e-01, 1.169e+05, 0.000e+00, 3.726e-04, 0.000e+00, 2.124e+00, 9.983e+02, 1.599e-07
5.450e-01, 5.000e-01, -8.450e-01, 1.168e+05, 0.000e+00, 3.706e-04, 0.000e+00, 2.122e+00, 9.983e+02, 1.591e-07
5.450e-01, 5.000e-01, -8.350e-01, 1.167e+05, 0.000e+00, 3.632e-04, 0.000e+00, 2.120e+00, 9.983e+02, 1.559e-07
5.450e-01, 5.000e-01, -8.250e-01, 1.166e+05, 0.000e+00, 3.491e-04, 0.000e+00, 2.118e+00, 9.983e+02, 1.499e-07
5.450e-01, 5.000e-01, -8.150e-01, 1.165e+05, 0.000e+00, 3.275e-04, 0.000e+00, 2.116e+00, 9.983e+02, 1.406e-07
5.450e-01, 5.000e-01, -8.050e-01, 1.164e+05, 0.000e+00, 3.037e-04, 0.000e+00, 2.115e+00, 9.983e+02, 1.304e-07
5.450e-01, 5.000e-01, -7.950e-01, 1.163e+05, 0.000e+00, 2.997e-04, 0.000e+00, 2.113e+00, 9.983e+02, 1.287e-07
5.450e-01, 5.000e-01, -7.850e-01, 1.162e+05, 0.000e+00, 3.055e-04, 0.000e+00, 2.111e+00, 9.983e+02, 1.323e-07
5.450e-01, 5.000e-01, -7.750e-01, 1.176e+05, 0.000e+00, 2.534e-04, 0.000e+00, 2.136e+00, 9.983e+02, 1.113e-07
5.450e-01, 5.000e-01, -7.650e-01, 1.175e+05, 0.000e+00, 1.865e-04, 0.000e+00, 2.135e+00, 9.983e+02, 8.193e-08
5.450e-01, 5.000e-01, -7.550e-01, 1.174e+05, 0.000e+00, 1.297e-04, 0.000e+00, 2.133e+00, 9.983e+02, 5.695e-08
5.450e-01, 5.000e-01, -7.450e-01, 1.173e+05, 0.000e+00, 8.670e-05, 0.000e+00, 2.131e+00, 9.983e+02, 3.808e-08
5.450e-01, 5.000e-01, -7.350e-01, 1.172e+05, 0.000e+00, 5.612e-05, 0.000e+00, 2.129e+00, 9.983e+02, 2.465e-08
5.450e-01, 5.000e-01, -7.250e-01, 1.171e+05, 0.000e+00, 3.582e-05, 0.000e+00, 2.127e+00, 9.983e+02, 1.573e-08
5.450e-01, 5.000e-01, -7.150e-01, 1.170e+05, 0.000e+00, 2.399e-05, 0.000e+00, 2.126e+00, 9.983e+02, 1.054e-08
5.450e-01, 5.000e-01, -7.050e-01, 1.169e+05, 0.000e+00, 1.945e-05, 0.000e+00, 2.124e+00, 9.983e+02, 8.544e-09
5.450e-01, 5.000e-01, -6.950e-01, 1.168e+05, 0.000e+00, 2.212e-05, 0.000e+00, 2.122e+00, 9.983e+02, 9.715e-09
5.450e-01, 5.000e-01, -6.850e-01, 1.167e+05, 0.000e+00, 3.338e-05, 0.000e+00, 2.120e+00, 9.983e+02, 1.466e-08
5.450e-01, 5.000e-01, -6.750e-01, 1.166e+05, 0.000e+00, 5.601e-05, 0.000e+00, 2.119e+00, 9.983e+02, 2.460e-08
5.450e-01, 5.000e-01, -6.650e-01, 1.165e+05, 0.000e+00, 9.316e-05, 0.000e+00, 2.117e+00, 9.983e+02, 4.092e-08
5.450e-01, 5.000e-01, -6.550e-01, 1.164e+05, 0.000e+00, 1.463e-04, 0.000e+00, 2.115e+00, 9.983e+02, 6.425e-08
5.450e-01, 5.000e-01, -6.450e-01, 1.163e+05, 0.000e+00, 2.124e-04, 0.000e+00, 2.113e+00, 9.983e+02, 9.330e-08
5.450e-01, 5.000e-01, -6.350e-01, 1.162e+05, 0.000e+00, 2.828e-04, 0.000e+00, 2.111e+00, 9.983e+02, 1.242e-07
5.450e-01, 5.000e-01, -6.250e-01, 1.161e+05, 0.000e+00, 3.436e-04, 0.000e+00, 2.110e+00, 9.983e+02, 1.526e-07
5.450e-01, 5.000e-01, -6.150e-01, 1.145e+05, 0.000e+00, 3.824e-04, 0.000e+00, 2.081e+00, 9.983e+02, 1.718e-07
5.450e-01, 5.000e-01, -6.050e-01, 1.144e+05, 0.000e+00, 3.912e-04, 0.000e+00, 2.079e+00, 9.983e+02, 1.757e-07
5.450e-01, 5.000e-01, -5.950e-01, 1.144e+05, 0.000e+00, 3.752e-04, 0.000e+00, 2.077e+00, 9.983e+02, 1.686e-07
5.450e-01, 5.000e-01, -5.850e-01, 1.143e+05, 0.000e+00, 3.475e-04, 0.000e+00, 2.075e+00, 9.983e+02, 1.561e-07
5.450e-01, 5.000e-01, -5.750e-01, 1.142e+05, 0.000e+00, 3.209e-04, 0.000e+00, 2.074e+00, 9.983e+02, 1.442e-07
5.450e-01, 5.000e-01, -5.650e-01, 1.141e+05, 0.000e+00, 3.032e-04, 0.000e+00, 2.072e+00, 9.983e+02, 1.362e-07
5.450e-01, 5.000e-01, -5.550e-01, 1.140e+05, 0.000e+00, 2.941e-04, 0.000e+00, 2.070e+00, 9.983e+02, 1.321e-07
5.450e-01, 5.000e-01, -5.450e-01, 1.139e+05, 0.000e+00, 2.884e-04, 0.000e+00, 2.068e+00, 9.983e+02, 1.296e-07
5.450e-01, 5.000e-01, -5.350e-01, 1.138e+05, 0.000e+00, 2.812e-04, 0.000e+00, 2.067e+00, 9.983e+02, 1.263e-07
5.450e-01, 5.000e-01, -5.250e-01, 1.137e+05, 0.000e+00, 2.690e-04, 0.000e+00, 2.065e+00, 9.983e+02, 1.208e-07
5.450e-01, 5.000e-01, -5.150e-01, 1.136e+05, 0.000e+00, 2.510e-04, 0.000e+00, 2.063e+00, 9.983e+02, 1.128e-07
5.450e-01, 5.000e-01, -5.050e-01, 1.135e+05, 0.000e+00, 2.282e-04, 0.000e+00, 2.061e+00, 9.983e+02, 1.025e-07
5.450e-01, 5.000e-01, -4.950e-01, 1.134e+05, 0.000e+00, 2.023e-04, 0.000e+00, 2.061e+00, 9.983e+02, 8.943e-08
5.450e-01, 5.000e-01, -4.850e-01, 1.133e+05, 0.000e+00, 1.779e-04, 0.000e+00, 2.059e+00, 9.983e+02, 7.814e-08
5.450e-01, 5.000e-01, -4.750e-01, 1.133e+05, 0.000e+00, 1.550e-04, 0.000e+00, 2.057e+00, 9.983e+02, 6.809e-08
5.450e-01, 5.000e-01, -4.650e-01, 1.132e+05, 0.000e+00, 1.340e-04, 0.000e+00, 2.055e+00, 9.983e+02, 5.884e-08
5.450e-01, 5.000e-01, -4.550e-01, 1.131e+05, 0.000e+00, 1.171e-04, 0.000e+00, 2.054e+00, 9.983e+02, 5.154e-08
5.450e-01, 5.000e-01, -4.450e-01, 1.129e+05, 0.000e+00, 1.121e-04, 0.000e+00, 2.050e+00, 9.983e+02, 4.836e-08
5.450e-01, 5.000e-01, -4.350e-01, 1.128e+05, 0.000e+00, 1.503e-04, 0.000e+00, 2.048e+00, 9.983e+02, 6.454e-08
5.450e-01, 5.000e-01, -4.250e-01, 1.127e+05, 0.000e+00, 2.082e-04, 0.000e+00, 2.047e+00, 9.983e+02, 8.937e-08
5.450e-01, 5.000e-01, -4.150e-01, 1.126e+05, 0.000e+00, 2.464e-04, 0.000e+00, 2.045e+00, 9.983e+02, 1.058e-07
5.450e-01, 5.000e-01, -4.050e-01, 1.125e+05, 0.000e+00, 2.615e-04, 0.000e+00, 2.043e+00, 9.983e+02, 1.123e-07
5.450e-01, 5.000e-01, -3.950e-01, 1.124e+05, 0.000e+00, 2.654e-04, 0.000e+00, 2.041e+00, 9.983e+02, 1.139e-07
5.450e-01, 5.000e-01, -3.850e-01, 1.123e+05, 0.000e+00, 2.675e-04, 0.000e+00, 2.039e+00, 9.983e+02, 1.148e-07
5.450e-01, 5.000e-01, -3.750e-01, 1.122e+05, 0.000e+00, 2.698e-04, 0.000e+00, 2.038e+00, 9.983e+02, 1.158e-07
5.450e-01, 5.000e-01, -3.650e-01, 1.121e+05, 0.000e+00, 2.711e-04, 0.000e+00, 2.036e+00, 9.983e+02, 1.164e-07
5.450e-01, 5.000e-01, -3.550e-01, 1.120e+05, 0.000e+00, 2.675e-04, 0.000e+00, 2.034e+00, 9.983e+02, 1.148e-07
5.450e-01, 5.000e-01, -3.450e-01, 1.119e+05, 0.000e+00, 2.515e-04, 0.000e+00, 2.032e+00, 9.983e+02, 1.095e-07
5.450e-01, 5.000e-01, -3.350e-01, 1.118e+05, 0.000e+00, 2.325e-04, 0.000e+00, 2.031e+00, 9.983e+02, 1.045e-07
5.450e-01, 5.000e-01, -3.250e-01, 1.117e+05, 0.000e+00, 2.192e-04, 0.000e+00, 2.029e+00, 9.983e+02, 9.846e-08
5.450e-01, 5.000e-01, -3.150e-01, 1.116e+05, 0.000e+00, 2.115e-04, 0.000e+00, 2.027e+00, 9.983e+02, 9.501e-08
5.450e-01, 5.000e-01, -3.050e-01, 1.115e+05, 0.000e+00, 2.079e-04, 0.000e+00, 2.025e+00, 9.983e+02, 9.341e-08
5.450e-01, 5.000e-01, -2.950e-01, 1.114e+05, 0.000e+00, 2.069e-04, 0.000e+00, 2.024e+00, 9.983e+02, 9.295e-08
5.450e-01, 5.000e-01, -2.850e-01, 1.113e+05, 0.000e+00, 2.093e-04, 0.000e+00, 2.022e+00, 9.983e+02, 9.405e-08
5.450e-01, 5.000e-01, -2.750e-01, 1.112e+05, 0.000e+00, 2.154e-04, 0.000e+00, 2.020e+00, 9.983e+02, 9.679e-08
5.450e-01, 5.000e-01, -2.650e-01, 1.111e+05, 0.000e+00, 2.270e-04, 0.000e+00, 2.018e+00, 9.983e+02, 1.020e-07
5.450e-01, 5.000e-01, -2.550e-01, 1.110e+05, 0.000e+00, 2.435e-04, 0.000e+00, 2.016e+00, 9.983e+02, 1.084e-07
5.450e-01, 5.000e-01, -2.450e-01, 1.110e+05, 0.000e+00, 2.600e-04, 0.000e+00, 2.016e+00, 9.983e+02, 1.142e-07
5.450e-01, 5.000e-01, -2.350e-01, 1.109e+05, 0.000e+00, 2.664e-04, 0.000e+00, 2.014e+00, 9.983e+02, 1.170e-07
5.450e-01, 5.000e-01, -2.250e-01, 1.108e+05, 0.000e+00, 2.679e-04, 0.000e+00, 2.012e+00, 9.983e+02, 1.177e-07
5.450e-01, 5.000e-01, -2.150e-01, 1.107e+05, 0.000e+00, 2.686e-04, 0.000e+00, 2.011e+00, 9.983e+02, 1.180e-07
5.450e-01, 5.000e-01, -2.050e-01, 1.106e+05, 0.000e+00, 2.707e-04, 0.000e+00, 2.009e+00, 9.983e+02, 1.189e-07
5.450e-01, 5.000e-01, -1.950e-01, 1.105e+05, 0.000e+00, 2.750e-04, 0.000e+00, 2.007e+00, 9.983e+02, 1.208e-07
5.450e-01, 5.000e-01, -1.850e-01, 1.106e+05, 0.000e+00, 2.788e-04, 0.000e+00, 2.009e+00, 9.983e+02, 1.199e-07
5.450e-01, 5.000e-01, -1.750e-01, 1.105e+05, 0.000e+00, 2.650e-04, 0.000e+00, 2.007e+00, 9.983e+02, 1.138e-07
5.450e-01, 5.000e-01, -1.650e-01, 1.104e+05, 0.000e+00, 2.371e-04, 0.000e+00, 2.005e+00, 9.983e+02, 1.018e-07
5.450e-01, 5.000e-01, -1.550e-01, 1.103e+05, 0.000e+00, 1.991e-04, 0.000e+00, 2.004e+00, 9.983e+02, 8.547e-08
5.450e-01, 5.000e-01, -1.450e-01, 1.102e+05, 0.000e+00, 1.561e-04, 0.000e+00, 2.002e+00, 9.983e+02, 6.700e-08
5.450e-01, 5.000e-01, -1.350e-01, 1.101e+05, 0.000e+00, 1.132e-04, 0.000e+00, 2.000e+00, 9.983e+02, 4.860e-08
5.450e-01, 5.000e-01, -1.250e-01, 1.112e+05, 0.000e+00, 7.388e-05, 0.000e+00, 2.020e+00, 9.983e+02, 3.226e-08
5.450e-01, 5.000e-01, -1.150e-01, 1.111e+05, 0.000e+00, 4.458e-05, 0.000e+00, 2.018e+00, 9.983e+02, 1.958e-08
5.450e-01, 5.000e-01, -1.050e-01, 1.110e+05, 0.000e+00, 2.498e-05, 0.000e+00, 2.017e+00, 9.983e+02, 1.097e-08
5.450e-01, 5.000e-01, -9.500e-02, 1.109e+05, 0.000e+00, 1.304e-05, 0.000e+00, 2.015e+00, 9.983e+02, 5.727e-09
5.450e-01, 5.000e-01, -8.500e-02, 1.108e+05, 0.000e+00, 6.367e-06, 0.000e+00, 2.013e+00, 9.983e+02, 2.797e-09
5.450e-01, 5.000e-01, -7.500e-02, 1.107e+05, 0.000e+00, 2.920e-06, 0.000e+00, 2.011e+00, 9.983e+02, 1.283e-09
5.450e-01, 5.000e-01, -6.500e-02, 1.106e+05, 0.000e+00, 1.262e-06, 0.000e+00, 2.009e+00, 9.983e+02, 5.544e-10
5.450e-01, 5.000e-01, -5.500e-02, 1.105e+05, 0.000e+00, 5.155e-07, 0.000e+00, 2.008e+00, 9.983e+02, 2.264e-10
5.450e-01, 5.000e-01, -4.500e-02, 1.104e+05, 0.000e+00, 1.994e-07, 0.000e+00, 2.006e+00, 9.983e+02, 8.760e-11
5.450e-01, 5.000e-01, -3.500e-02, 1.103e+05, 0.000e+00, 7.325e-08, 0.000e+00, 2.004e+00, 9.983e+02, 3.218e-11
5.450e-01, 5.000e-01, -2.500e-02, 1.102e+05, 0.000e+00, 2.567e-08, 0.000e+00, 2.002e+00, 9.983e+02, 1.127e-11
5.450e-01, 5.000e-01, -1.500e-02, 1.101e+05, 0.000e+00, 8.766e-09, 0.000e+00, 2.000e+00, 9.983e+02, 3.850e-12
5.450e-01, 5.000e-01, -5.000e-03, 1.100e+05, 0.000e+00, 3.320e-09, 0.000e+00, 1.999e+00, 9.983e+02, 1.458e-12
5.550e-01, 5.000e-01, -1.195e+00, 1.202e+05, 0.000e+00, 1.002e-13, 0.000e+00, 2.184e+00, 9.983e+02, 2.000e-17
5.550e-01, 5.000e-01, -1.185e+00, 1.201e+05, 0.000e+00, 1.002e-13, 0.000e+00, 2.182e+00, 9.983e+02, 2.000e-17
5.550e-01, 5.000e-01, -1.175e+00, 1.200e+05, 0.000e+00, 1.002e-13, 0.000e+00, 2.181e+00, 9.983e+02, 2.000e-17
5.550e-01, 5.000e-01, -1.165e+00, 1.199e+05, 0.000e+00, 1.002e-13, 0.000e+00, 2.179e+00, 9.983e+02, 2.000e-17
5.550e-01, 5.000e-01, -1.155e+00, 1.198e+05, 0.000e+00, 1.002e-13, 0.000e+00, 2.177e+00, 9.983e+02, 2.000e-17
5.550e-01, 5.000e-01, -1.145e+00, 1.197e+05, 0.000e+00, 1.002e-13, 0.000e+00, 2.175e+00, 9.983e+02, 2.000e-17
5.550e-01, 5.000e-01, -1.135e+00, 1.196e+05, 0.000e+00, 5.550e-12, 0.000e+00, 2.173e+00, 9.983e+02, 1.108e-15
5.550e-01, 5.000e-01, -1.125e+00, 1.195e+05, 0.000e+00, 1.297e-03, 0.000e+00, 2.172e+00, 9.985e+02, 4.200e-07
5.550e-01, 5.000e-01, -1.115e+00, 1.194e+05, 0.000e+00, 1.276e-03, 0.000e+00, 2.170e+00, 9.985e+02, 5.477e-07
5.550e-01, 5.000e-01, -1.105e+00, 1.193e+05, 0.000e+00, 1.230e-03, 0.000e+00, 2.168e+00, 9.985e+02, 5.281e-07
5.550e-01, 5.000e-01, -1.095e+00, 1.192e+05, 0.000e+00, 1.157e-03, 0.000e+00, 2.167e+00, 9.985e+02, 4.967e-07
5.550e-01, 5.000e-01, -1.085e+00, 1.191e+05, 0.000e+00, 1.067e-03, 0.000e+00, 2.165e+00, 9.985e+02, 4.581e-07
5.550e-01, 5.000e-01, -1.075e+00, 1.190e+05, 0.000e+00, 9.697e-04, 0.000e+00, 2.163e+00, 9.984e+02, 4.163e-07
5.550e-01, 5.000e-01, -1.065e+00, 1.189e+05, 0.000e+00, 8.725e-04, 0.000e+00, 2.161e+00, 9.984e+02, 3.746e-07
5.550e-01, 5.000e-01, -1.055e+00, 1.188e+05, 0.000e+00, 7.829e-04, 0.000e+00, 2.159e+00, 9.984e+02, 3.361e-07
5.550e-01, 5.000e-01, -1.045e+00, 1.187e+05, 0.000e+00, 7.050e-04, 0.000e+00, 2.158e+00, 9.984e+02, 3.026e-07
5.550e-01, 5.000e-01, -1.035e+00, 1.186e+05, 0.000e+00, 6.382e-04, 0.000e+00, 2.156e+00, 9.984e+02, 2.740e-07
5.550e-01, 5.000e-01, -1.025e+00, 1.185e+05, 0.000e+00, 5.799e-04, 0.000e+00, 2.154e+00, 9.984e+02, 2.489e-07
5.550e-01, 5.000e-01, -1.015e+00, 1.185e+05, 0.000e+00, 5.267e-04, 0.000e+00, 2.152e+00, 9.984e+02, 2.261e-07
5.550e-01, 5.000e-01, -1.005e+00, 1.184e+05, 0.000e+00, 4.761e-04, 0.000e+00, 2.150e+00, 9.983e+02, 2.044e-07
5.550e-01, 5.000e-01, -9.950e-01, 1.183e+05, 0.000e+00, 4.273e-04, 0.000e+00, 2.149e+00, 9.983e+02, 1.834e-07
5.550e-01, 5.000e-01, -9.850e-01, 1.182e+05, 0.000e+00, 3.827e-04, 0.000e+00, 2.147e+00, 9.983e+02, 1.643e-07
5.550e-01, 5.000e-01, -9.750e-01, 1.181e+05, 0.000e+00, 3.476e-04, 0.000e+00, 2.145e+00, 9.983e+02, 1.492e-07
5.550e-01, 5.000e-01, -9.650e-01, 1.180e+05, 0.000e+00, 3.251e-04, 0.000e+00, 2.143e+00, 9.983e+02, 1.395e-07
5.550e-01, 5.000e-01, -9.550e-01, 1.179e+05, 0.000e+00, 3.146e-04, 0.000e+00, 2.141e+00, 9.983e+02, 1.351e-07
5.550e-01, 5.000e-01, -9.450e-01, 1.178e+05, 0.000e+00, 3.108e-04, 0.000e+00, 2.140e+00, 9.983e+02, 1.334e-07
5.550e-01, 5.000e-01, -9.350e-01, 1.177e+05, 0.000e+00, 3.021e-04, 0.000e+00, 2.138e+00, 9.983e+02, 1.297e-07
5.550e-01, 5.000e-01, -9.250e-01, 1.176e+05, 0.000e+00, 2.827e-04, 0.000e+00, 2.136e+00, 9.983e+02, 1.214e-07
5.550e-01, 5.000e-01, -9.150e-01, 1.175e+05, 0.000e+00, 2.607e-04, 0.000e+00, 2.134e+00, 9.983e+02, 1.119e-07
5.550e-01, 5.000e-01, -9.050e-01, 1.174e+05, 0.000e+00, 2.637e-04, 0.000e+00, 2.132e+00, 9.983e+02, 1.132e-07
5.550e-01, 5.000e-01, -8.950e-01, 1.173e+05, 0.000e+00, 2.815e-04, 0.000e+00, 2.131e+00, 9.983e+02, 1.208e-07
5.550e-01, 5.000e-01, -8.850e-01, 1.172e+05, 0.000e+00, 3.029e-04, 0.000e+00, 2.129e+00, 9.983e+02, 1.300e-07
5.550e-01, 5.000e-01, -8.750e-01, 1.171e+05, 0.000e+00, 3.211e-04, 0.000e+00, 2.127e+00, 9.983e+02, 1.378e-07
5.550e-01, 5.000e-01, -8.650e-01, 1.170e+05, 0.000e+00, 3.331e-04, 0.000e+00, 2.125e+00, 9.983e+02, 1.430e-07
5.550e-01, 5.000e-01, -8.550e-01, 1.169e+05, 0.000e+00, 3.382e-04, 0.000e+00, 2.124e+00, 9.983e+02, 1.452e-07
5.550e-01, 5.000e-01, -8.450e-01, 1.168e+05, 0.000e+00, 3.364e-04, 0.000e+00, 2.122e+00, 9.983e+02, 1.444e-07
5.550e-01, 5.000e-01, -8.350e-01, 1.167e+05, 0.000e+00, 3.275e-04, 0.000e+00, 2.120e+00, 9.983e+02, 1.406e-07
5.550e-01, 5.000e-01, -8.250e-01, 1.166e+05, 0.000e+00, 3.115e-04, 0.000e+00, 2.118e+00, 9.983e+02, 1.337e-07
5.550e-01, 5.000e-01, -8.150e-01, 1.165e+05, 0.000e+00, 2.909e-04, 0.000e+00, 2.116e+00, 9.983e+02, 1.249e-07
5.550e-01, 5.000e-01, -8.050e-01, 1.164e+05, 0.000e+00, 2.775e-04, 0.000e+00, 2.115e+00, 9.983e+02, 1.191e-07
5.550e-01, 5.000e-01, -7.950e-01, 1.163e+05, 0.000e+00, 2.869e-04, 0.000e+00, 2.113e+00, 9.983e+02, 1.231e-07
5.550e-01, 5.000e-01, -7.850e-01, 1.177e+05, 0.000e+00, 2.912e-04, 0.000e+00, 2.138e+00, 9.983e+02, 1.269e-07
5.550e-01, 5.000e-01, -7.750e-01, 1.176e+05, 0.000e+00, 2.391e-04, 0.000e+00, 2.136e+00, 9.983e+02, 1.050e-07
5.550e-01, 5.000e-01, -7.650e-01, 1.175e+05, 0.000e+00, 1.773e-04, 0.000e+00, 2.135e+00, 9.983e+02, 7.786e-08
5.550e-01, 5.000e-01, -7.550e-01, 1.174e+05, 0.000e+00, 1.241e-04, 0.000e+00, 2.133e+00, 9.983e+02, 5.450e-08
5.550e-01, 5.000e-01, -7.450e-01, 1.173e+05, 0.000e+00, 8.261e-05, 0.000e+00, 2.131e+00, 9.983e+02, 3.628e-08
5.550e-01, 5.000e-01, -7.350e-01, 1.172e+05, 0.000e+00, 5.233e-05, 0.000e+00, 2.129e+00, 9.983e+02, 2.298e-08
5.550e-01, 5.000e-01, -7.250e-01, 1.171e+05, 0.000e+00, 3.200e-05, 0.000e+00, 2.127e+00, 9.983e+02, 1.406e-08
5.550e-01, 5.000e-01, -7.150e-01, 1.170e+05, 0.000e+00, 2.022e-05, 0.000e+00, 2.126e+00, 9.983e+02, 8.881e-09
5.550e-01, 5.000e-01, -7.050e-01, 1.169e+05, 0.000e+00, 1.591e-05, 0.000e+00, 2.124e+00, 9.983e+02, 6.988e-09
5.550e-01, 5.000e-01, -6.950e-01, 1.168e+05, 0.000e+00, 1.905e-05, 0.000e+00, 2.122e+00, 9.983e+02, 8.369e-09
5.550e-01, 5.000e-01, -6.850e-01, 1.167e+05, 0.000e+00, 3.116e-05, 0.000e+00, 2.120e+00, 9.983e+02, 1.369e-08
5.550e-01, 5.000e-01, -6.750e-01, 1.166e+05, 0.000e+00, 5.515e-05, 0.000e+00, 2.119e+00, 9.983e+02, 2.423e-08
5.550e-01, 5.000e-01, -6.650e-01, 1.165e+05, 0.000e+00, 9.418e-05, 0.000e+00, 2.117e+00, 9.983e+02, 4.137e-08
5.550e-01, 5.000e-01, -6.550e-01, 1.164e+05, 0.000e+00, 1.493e-04, 0.000e+00, 2.115e+00, 9.983e+02, 6.559e-08
5.550e-01, 5.000e-01, -6.450e-01, 1.163e+05, 0.000e+00, 2.170e-04, 0.000e+00, 2.113e+00, 9.983e+02, 9.531e-08
5.550e-01, 5.000e-01, -6.350e-01, 1.162e+05, 0.000e+00, 2.878e-04, 0.000e+00, 2.111e+00, 9.983e+02, 1.264e-07
5.550e-01, 5.000e-01, -6.250e-01, 1.146e+05, 0.000e+00, 3.476e-04, 0.000e+00, 2.083e+00, 9.983e+02, 1.547e-07
5.550e-01, 5.000e-01, -6.150e-01, 1.145e+05, 0.000e+00, 3.851e-04, 0.000e+00, 2.081e+00, 9.983e+02, 1.730e-07
5.550e-01, 5.000e-01, -6.050e-01, 1.144e+05, 0.000e+00, 3.938e-04, 0.000e+00, 2.079e+00, 9.983e+02, 1.769e-07
5.550e-01, 5.000e-01, -5.950e-01, 1.144e+05, 0.000e+00, 3.789e-04, 0.000e+00, 2.077e+00, 9.983e+02, 1.702e-07
5.550e-01, 5.000e-01, -5.850e-01, 1.143e+05, 0.000e+00, 3.522e-04, 0.000e+00, 2.075e+00, 9.983e+02, 1.582e-07
5.550e-01, 5.000e-01, -5.750e-01, 1.142e+05, 0.000e+00, 3.246e-04, 0.000e+00, 2.074e+00, 9.983e+02, 1.458e-07
5.550e-01, 5.000e-01, -5.650e-01, 1.141e+05, 0.000e+00, 3.031e-04, 0.000e+00, 2.072e+00, 9.983e+02, 1.362e-07
5.550e-01, 5.000e-01, -5.550e-01, 1.140e+05, 0.000e+00, 2.893e-04, 0.000e+00, 2.070e+00, 9.983e+02, 1.300e-07
5.550e-01, 5.000e-01, -5.450e-01, 1.139e+05, 0.000e+00, 2.795e-04, 0.000e+00, 2.068e+00, 9.983e+02, 1.256e-07
5.550e-01, 5.000e-01, -5.350e-01, 1.138e+05, 0.000e+00, 2.690e-04, 0.000e+00, 2.067e+00, 9.983e+02, 1.208e-07
5.550e-01, 5.000e-01, -5.250e-01, 1.137e+05, 0.000e+00, 2.542e-04, 0.000e+00, 2.065e+00, 9.983e+02, 1.142e-07
5.550e-01, 5.000e-01, -5.150e-01, 1.136e+05, 0.000e+00, 2.343e-04, 0.000e+00, 2.063e+00, 9.983e+02, 1.053e-07
5.550e-01, 5.000e-01, -5.050e-01, 1.135e+05, 0.000e+00, 2.098e-04, 0.000e+00, 2.061e+00, 9.983e+02, 9.424e-08
5.550e-01, 5.000e-01, -4.950e-01, 1.134e+05, 0.000e+00, 1.835e-04, 0.000e+00, 2.061e+00, 9.983e+02, 8.118e-08
5.550e-01, 5.000e-01, -4.850e-01, 1.133e+05, 0.000e+00, 1.591e-04, 0.000e+00, 2.059e+00, 9.983e+02, 6.988e-08
5.550e-01, 5.000e-01, -4.750e-01, 1.133e+05, 0.000e+00, 1.367e-04, 0.000e+00, 2.057e+00, 9.983e+02, 6.005e-08
5.550e-01, 5.000e-01, -4.650e-01, 1.132e+05, 0.000e+00, 1.174e-04, 0.000e+00, 2.055e+00, 9.983e+02, 5.157e-08
5.550e-01, 5.000e-01, -4.550e-01, 1.131e+05, 0.000e+00, 1.039e-04, 0.000e+00, 2.054e+00, 9.983e+02, 4.565e-08
5.550e-01, 5.000e-01, -4.450e-01, 1.129e+05, 0.000e+00, 1.014e-04, 0.000e+00, 2.050e+00, 9.983e+02, 4.362e-08
5.550e-01, 5.000e-01, -4.350e-01, 1.128e+05, 0.000e+00, 1.294e-04, 0.000e+00, 2.048e+00, 9.983e+02, 5.553e-08
5.550e-01, 5.000e-01, -4.250e-01, 1.127e+05, 0.000e+00, 1.900e-04, 0.000e+00, 2.047e+00, 9.983e+02, 8.157e-08
5.550e-01, 5.000e-01, -4.150e-01, 1.126e+05, 0.000e+00, 2.374e-04, 0.000e+00, 2.045e+00, 9.983e+02, 1.019e-07
5.550e-01, 5.000e-01, -4.050e-01, 1.125e+05, 0.000e+00, 2.597e-04, 0.000e+00, 2.043e+00, 9.983e+02, 1.115e-07
5.550e-01, 5.000e-01, -3.950e-01, 1.124e+05, 0.000e+00, 2.656e-04, 0.000e+00, 2.041e+00, 9.983e+02, 1.140e-07
5.550e-01, 5.000e-01, -3.850e-01, 1.123e+05, 0.000e+00, 2.692e-04, 0.000e+00, 2.039e+00, 9.983e+02, 1.156e-07
5.550e-01, 5.000e-01, -3.750e-01, 1.122e+05, 0.000e+00, 2.742e-04, 0.000e+00, 2.038e+00, 9.983e+02, 1.177e-07
5.550e-01, 5.000e-01, -3.650e-01, 1.121e+05, 0.000e+00, 2.797e-04, 0.000e+00, 2.036e+00, 9.983e+02, 1.201e-07
5.550e-01, 5.000e-01, -3.550e-01, 1.120e+05, 0.000e+00, 2.823e-04, 0.000e+00, 2.034e+00, 9.983e+02, 1.212e-07
5.550e-01, 5.000e-01, -3.450e-01, 1.119e+05, 0.000e+00, 2.736e-04, 0.000e+00, 2.032e+00, 9.983e+02, 1.191e-07
5.550e-01, 5.000e-01, -3.350e-01, 1.118e+05, 0.000e+00, 2.517e-04, 0.000e+00, 2.031e+00, 9.983e+02, 1.131e-07
5.550e-01, 5.000e-01, -3.250e-01, 1.117e+05, 0.000e+00, 2.326e-04, 0.000e+00, 2.029e+00, 9.983e+02, 1.045e-07
5.550e-01, 5.000e-01, -3.150e-01, 1.116e+05, 0.000e+00, 2.172e-04, 0.000e+00, 2.027e+00, 9.983e+02, 9.759e-08
5.550e-01, 5.000e-01, -3.050e-01, 1.115e+05, 0.000e+00, 2.066e-04, 0.000e+00, 2.025e+00, 9.983e+02, 9.283e-08
5.550e-01, 5.000e-01, -2.950e-01, 1.114e+05, 0.000e+00, 1.991e-04, 0.000e+00, 2.024e+00, 9.983e+02, 8.942e-08
5.550e-01, 5.000e-01, -2.850e-01, 1.113e+05, 0.000e+00, 1.936e-04, 0.000e+00, 2.022e+00, 9.983e+02, 8.697e-08
5.550e-01, 5.000e-01, -2.750e-01, 1.112e+05, 0.000e+00, 1.904e-04, 0.000e+00, 2.020e+00, 9.983e+02, 8.555e-08
5.550e-01, 5.000e-01, -2.650e-01, 1.111e+05, 0.000e+00, 1.929e-04, 0.000e+00, 2.018e+00, 9.983e+02, 8.666e-08
5.550e-01, 5.000e-01, -2.550e-01, 1.110e+05, 0.000e+00, 2.037e-04, 0.000e+00, 2.016e+00, 9.983e+02, 9.067e-08
5.550e-01, 5.000e-01, -2.450e-01, 1.110e+05, 0.000e+00, 2.199e-04, 0.000e+00, 2.016e+00, 9.983e+02, 9.658e-08
5.550e-01, 5.000e-01, -2.350e-01, 1.109e+05, 0.000e+00, 2.280e-04, 0.000e+00, 2.014e+00, 9.983e+02, 1.002e-07
5.550e-01, 5.000e-01, -2.250e-01, 1.108e+05, 0.000e+00, 2.308e-04, 0.000e+00, 2.012e+00, 9.983e+02, 1.014e-07
5.550e-01, 5.000e-01, -2.150e-01, 1.107e+05, 0.000e+00, 2.326e-04, 0.000e+00, 2.011e+00, 9.983e+02, 1.022e-07
5.550e-01, 5.000e-01, -2.050e-01, 1.106e+05, 0.000e+00, 2.378e-04, 0.000e+00, 2.009e+00, 9.983e+02, 1.045e-07
5.550e-01, 5.000e-01, -1.950e-01, 1.105e+05, 0.000e+00, 2.493e-04, 0.000e+00, 2.007e+00, 9.983e+02, 1.095e-07
5.550e-01, 5.000e-01, -1.850e-01, 1.106e+05, 0.000e+00, 2.662e-04, 0.000e+00, 2.009e+00, 9.983e+02, 1.146e-07
5.550e-01, 5.000e-01, -1.750e-01, 1.105e+05, 0.000e+00, 2.638e-04, 0.000e+00, 2.007e+00, 9.983e+02, 1.132e-07
5.550e-01, 5.000e-01, -1.650e-01, 1.104e+05, 0.000e+00, 2.421e-04, 0.000e+00, 2.005e+00, 9.983e+02, 1.039e-07
5.550e-01, 5.000e-01, -1.550e-01, 1.103e+05, 0.000e+00, 2.061e-04, 0.000e+00, 2.004e+00, 9.983e+02, 8.846e-08
5.550e-01, 5.000e-01, -1.450e-01, 1.102e+05, 0.000e+00, 1.621e-04, 0.000e+00, 2.002e+00, 9.983e+02, 6.958e-08
5.550e-01, 5.000e-01, -1.350e-01, 1.101e+05, 0.000e+00, 1.175e-04, 0.000e+00, 2.000e+00, 9.983e+02, 5.042e-08
5.550e-01, 5.000e-01, -1.250e-01, 1.112e+05, 0.000e+00, 7.659e-05, 0.000e+00, 2.020e+00, 9.983e+02, 3.344e-08
5.550e-01, 5.000e-01, -1.150e-01, 1.111e+05, 0.000e+00, 4.621e-05, 0.000e+00, 2.018e+00, 9.983e+02, 2.030e-08
5.550e-01, 5.000e-01, -1.050e-01, 1.110e+05, 0.000e+00, 2.595e-05, 0.000e+00, 2.017e+00, 9.983e+02, 1.140e-08
5.550e-01, 5.000e-01, -9.500e-02, 1.109e+05, 0.000e+00, 1.359e-05, 0.000e+00, 2.015e+00, 9.983e+02, 5.967e-09
5.550e-01, 5.000e-01, -8.500e-02, 1.108e+05, 0.000e+00, 6.658e-06, 0.000e+00, 2.013e+00, 9.983e+02, 2.925e-09
5.550e-01, 5.000e-01, -7.500e-02, 1.107e+05, 0.000e+00, 3.065e-06, 0.000e+00, 2.011e+00, 9.983e+02, 1.346e-09
5.550e-01, 5.000e-01, -6.500e-02, 1.106e+05, 0.000e+00, 1.329e-06, 0.000e+00, 2.009e+00, 9.983e+02, 5.838e-10
5.550e-01, 5.000e-01, -5.500e-02, 1.105e+05, 0.000e+00, 5.446e-07, 0.000e+00, 2.008e+00, 9.983e+02, 2.392e-10
5.550e-01, 5.000e-01, -4.500e-02, 1.104e+05, 0.000e+00, 2.113e-07, 0.000e+00, 2.006e+00, 9.983e+02, 9.280e-11
5.550e-01, 5.000e-01, -3.500e-02, 1.103e+05, 0.000e+00, 7.781e-08, 0.000e+00, 2.004e+00, 9.983e+02, 3.417e-11
5.550e-01, 5.000e-01, -2.500e-02, 1.102e+05, 0.000e+00, 2.733e-08, 0.000e+00, 2.002e+00, 9.983e+02, 1.200e-11
5.550e-01, 5.000e-01, -1.500e-02, 1.101e+05, 0.000e+00, 9.355e-09, 0.000e+00, 2.000e+00, 9.983e+02, 4.109e-12
5.550e-01, 5.000e-01, -5.000e-03, 1.100e+05, 0.000e+00, 3.550e-09, 0.000e+00, 1.999e+00, 9.983e+02, 1.559e-12
5.650e-01, 5.000e-01, -1.195e+00, 1.202e+05, 0.000e+00, 1.002e-13, 0.000e+00, 2.184e+00, 9.983e+02, 2.000e-17
5.650e-01, 5.000e-01, -1.185e+00, 1.201e+05, 0.000e+00, 1.002e-13, 0.000e+00, 2.182e+00, 9.983e+02, 2.000e-17
5.650e-01, 5.000e-01, -1.175e+00, 1.200e+05, 0.000e+00, 1.002e-13, 0.000e+00, 2.181e+00, 9.983e+02, 2.000e-17
5.650e-01, 5.000e-01, -1.165e+00, 1.199e+05, 0.000e+00, 1.002e-13, 0.000e+00, 2.179e+00, 9.983e+02, 2.000e-17
5.650e-01, 5.000e-01, -1.155e+00, 1.198e+05, 0.000e+00, 1.002e-13, 0.000e+00, 2.177e+00, 9.983e+02, 2.000e-17
5.650e-01, 5.000e-01, -1.145e+00, 1.197e+05, 0.000e+00, 1.002e-13, 0.000e+00, 2.175e+00, 9.983e+02, 2.000e-17
5.650e-01, 5.000e-01, -1.135e+00, 1.196e+05, 0.000e+00, 3.430e-12, 0.000e+00, 2.173e+00, 9.983e+02, 6.849e-16
5.650e-01, 5.000e-01, -1.125e+00, 1.195e+05, 0.000e+00, 1.305e-03, 0.000e+00, 2.172e+00, 9.985e+02, 5.163e-07
5.650e-01, 5.000e-01, -1.115e+00, 1.194e+05, 0.000e+00, 1.284e-03, 0.000e+00, 2.170e+00, 9.985e+02, 5.511e-07
5.650e-01, 5.000e-01, -1.105e+00, 1.193e+05, 0.000e+00, 1.229e-03, 0.000e+00, 2.168e+00, 9.985e+02, 5.278e-07
5.650e-01, 5.000e-01, -1.095e+00, 1.192e+05, 0.000e+00, 1.154e-03, 0.000e+00, 2.167e+00, 9.985e+02, 4.954e-07
5.650e-01, 5.000e-01, -1.085e+00, 1.191e+05, 0.000e+00, 1.064e-03, 0.000e+00, 2.165e+00, 9.985e+02, 4.568e-07
5.650e-01, 5.000e-01, -1.075e+00, 1.190e+05, 0.000e+00, 9.661e-04, 0.000e+00, 2.163e+00, 9.984e+02, 4.148e-07
5.650e-01, 5.000e-01, -1.065e+00, 1.189e+05, 0.000e+00, 8.688e-04, 0.000e+00, 2.161e+00, 9.984e+02, 3.730e-07
5.650e-01, 5.000e-01, -1.055e+00, 1.188e+05, 0.000e+00, 7.799e-04, 0.000e+00, 2.159e+00, 9.984e+02, 3.348e-07
5.650e-01, 5.000e-01, -1.045e+00, 1.187e+05, 0.000e+00, 7.033e-04, 0.000e+00, 2.158e+00, 9.984e+02, 3.019e-07
5.650e-01, 5.000e-01, -1.035e+00, 1.186e+05, 0.000e+00, 6.383e-04, 0.000e+00, 2.156e+00, 9.984e+02, 2.740e-07
5.650e-01, 5.000e-01, -1.025e+00, 1.185e+05, 0.000e+00, 5.819e-04, 0.000e+00, 2.154e+00, 9.984e+02, 2.498e-07
5.650e-01, 5.000e-01, -1.015e+00, 1.185e+05, 0.000e+00, 5.307e-04, 0.000e+00, 2.152e+00, 9.984e+02, 2.278e-07
5.650e-01, 5.000e-01, -1.005e+00, 1.184e+05, 0.000e+00, 4.822e-04, 0.000e+00, 2.150e+00, 9.984e+02, 2.070e-07
5.650e-01, 5.000e-01, -9.950e-01, 1.183e+05, 0.000e+00, 4.350e-04, 0.000e+00, 2.149e+00, 9.983e+02, 1.867e-07
5.650e-01, 5.000e-01, -9.850e-01, 1.182e+05, 0.000e+00, 3.907e-04, 0.000e+00, 2.147e+00, 9.983e+02, 1.677e-07
5.650e-01, 5.000e-01, -9.750e-01, 1.181e+05, 0.000e+00, 3.545e-04, 0.000e+00, 2.145e+00, 9.983e+02, 1.522e-07
5.650e-01, 5.000e-01, -9.650e-01, 1.180e+05, 0.000e+00, 3.302e-04, 0.000e+00, 2.143e+00, 9.983e+02, 1.417e-07
5.650e-01, 5.000e-01, -9.550e-01, 1.179e+05, 0.000e+00, 3.179e-04, 0.000e+00, 2.141e+00, 9.983e+02, 1.365e-07
5.650e-01, 5.000e-01, -9.450e-01, 1.178e+05, 0.000e+00, 3.156e-04, 0.000e+00, 2.140e+00, 9.983e+02, 1.355e-07
5.650e-01, 5.000e-01, -9.350e-01, 1.177e+05, 0.000e+00, 3.134e-04, 0.000e+00, 2.138e+00, 9.983e+02, 1.345e-07
5.650e-01, 5.000e-01, -9.250e-01, 1.176e+05, 0.000e+00, 3.014e-04, 0.000e+00, 2.136e+00, 9.983e+02, 1.294e-07
5.650e-01, 5.000e-01, -9.150e-01, 1.175e+05, 0.000e+00, 2.762e-04, 0.000e+00, 2.134e+00, 9.983e+02, 1.186e-07
5.650e-01, 5.000e-01, -9.050e-01, 1.174e+05, 0.000e+00, 2.620e-04, 0.000e+00, 2.132e+00, 9.983e+02, 1.125e-07
5.650e-01, 5.000e-01, -8.950e-01, 1.173e+05, 0.000e+00, 2.647e-04, 0.000e+00, 2.131e+00, 9.983e+02, 1.136e-07
5.650e-01, 5.000e-01, -8.850e-01, 1.172e+05, 0.000e+00, 2.753e-04, 0.000e+00, 2.129e+00, 9.983e+02, 1.182e-07
5.650e-01, 5.000e-01, -8.750e-01, 1.171e+05, 0.000e+00, 2.875e-04, 0.000e+00, 2.127e+00, 9.983e+02, 1.234e-07
5.650e-01, 5.000e-01, -8.650e-01, 1.170e+05, 0.000e+00, 2.972e-04, 0.000e+00, 2.125e+00, 9.983e+02, 1.276e-07
5.650e-01, 5.000e-01, -8.550e-01, 1.169e+05, 0.000e+00, 3.020e-04, 0.000e+00, 2.124e+00, 9.983e+02, 1.296e-07
5.650e-01, 5.000e-01, -8.450e-01, 1.168e+05, 0.000e+00, 3.006e-04, 0.000e+00, 2.122e+00, 9.983e+02, 1.290e-07
5.650e-01, 5.000e-01, -8.350e-01, 1.167e+05, 0.000e+00, 2.928e-04, 0.000e+00, 2.120e+00, 9.983e+02, 1.257e-07
5.650e-01, 5.000e-01, -8.250e-01, 1.166e+05, 0.000e+00, 2.802e-04, 0.000e+00, 2.118e+00, 9.983e+02, 1.203e-07
5.650e-01, 5.000e-01, -8.150e-01, 1.165e+05, 0.000e+00, 2.678e-04, 0.000e+00, 2.116e+00, 9.983e+02, 1.150e-07
5.650e-01, 5.000e-01, -8.050e-01, 1.164e+05, 0.000e+00, 2.651e-04, 0.000e+00, 2.115e+00, 9.983e+02, 1.138e-07
5.650e-01, 5.000e-01, -7.950e-01, 1.163e+05, 0.000e+00, 2.808e-04, 0.000e+00, 2.113e+00, 9.983e+02, 1.205e-07
5.650e-01, 5.000e-01, -7.850e-01, 1.177e+05, 0.000e+00, 2.778e-04, 0.000e+00, 2.138e+00, 9.983e+02, 1.213e-07
5.650e-01, 5.000e-01, -7.750e-01, 1.176e+05, 0.000e+00, 2.264e-04, 0.000e+00, 2.136e+00, 9.983e+02, 9.943e-08
5.650e-01, 5.000e-01, -7.650e-01, 1.175e+05, 0.000e+00, 1.695e-04, 0.000e+00, 2.135e+00, 9.983e+02, 7.445e-08
5.650e-01, 5.000e-01, -7.550e-01, 1.174e+05, 0.000e+00, 1.200e-04, 0.000e+00, 2.133e+00, 9.983e+02, 5.271e-08
5.650e-01, 5.000e-01, -7.450e-01, 1.173e+05, 0.000e+00, 8.027e-05, 0.000e+00, 2.131e+00, 9.983e+02, 3.526e-08
5.650e-01, 5.000e-01, -7.350e-01, 1.172e+05, 0.000e+00, 5.057e-05, 0.000e+00, 2.129e+00, 9.983e+02, 2.221e-08
5.650e-01, 5.000e-01, -7.250e-01, 1.171e+05, 0.000e+00, 3.040e-05, 0.000e+00, 2.127e+00, 9.983e+02, 1.335e-08
5.650e-01, 5.000e-01, -7.150e-01, 1.170e+05, 0.000e+00, 1.871e-05, 0.000e+00, 2.126e+00, 9.983e+02, 8.220e-09
5.650e-01, 5.000e-01, -7.050e-01, 1.169e+05, 0.000e+00, 1.463e-05, 0.000e+00, 2.124e+00, 9.983e+02, 6.425e-09
5.650e-01, 5.000e-01, -6.950e-01, 1.168e+05, 0.000e+00, 1.823e-05, 0.000e+00, 2.122e+00, 9.983e+02, 8.007e-09
5.650e-01, 5.000e-01, -6.850e-01, 1.167e+05, 0.000e+00, 3.117e-05, 0.000e+00, 2.120e+00, 9.983e+02, 1.369e-08
5.650e-01, 5.000e-01, -6.750e-01, 1.166e+05, 0.000e+00, 5.647e-05, 0.000e+00, 2.119e+00, 9.983e+02, 2.480e-08
5.650e-01, 5.000e-01, -6.650e-01, 1.165e+05, 0.000e+00, 9.724e-05, 0.000e+00, 2.117e+00, 9.983e+02, 4.271e-08
5.650e-01, 5.000e-01, -6.550e-01, 1.164e+05, 0.000e+00, 1.542e-04, 0.000e+00, 2.115e+00, 9.983e+02, 6.775e-08
5.650e-01, 5.000e-01, -6.450e-01, 1.163e+05, 0.000e+00, 2.232e-04, 0.000e+00, 2.113e+00, 9.983e+02, 9.806e-08
5.650e-01, 5.000e-01, -6.350e-01, 1.162e+05, 0.000e+00, 2.943e-04, 0.000e+00, 2.111e+00, 9.983e+02, 1.293e-07
5.650e-01, 5.000e-01, -6.250e-01, 1.146e+05, 0.000e+00, 3.530e-04, 0.000e+00, 2.083e+00, 9.983e+02, 1.574e-07
5.650e-01, 5.000e-01, -6.150e-01, 1.145e+05, 0.000e+00, 3.887e-04, 0.000e+00, 2.081e+00, 9.983e+02, 1.746e-07
5.650e-01, 5.000e-01, -6.050e-01, 1.144e+05, 0.000e+00, 3.964e-04, 0.000e+00, 2.079e+00, 9.983e+02, 1.781e-07
5.650e-01, 5.000e-01, -5.950e-01, 1.144e+05, 0.000e+00, 3.822e-04, 0.000e+00, 2.077e+00, 9.983e+02, 1.717e-07
5.650e-01, 5.000e-01, -5.850e-01, 1.143e+05, 0.000e+00, 3.566e-04, 0.000e+00, 2.075e+00, 9.983e+02, 1.602e-07
5.650e-01, 5.000e-01, -5.750e-01, 1.142e+05, 0.000e+00, 3.287e-04, 0.000e+00, 2.074e+00, 9.983e+02, 1.477e-07
5.650e-01, 5.000e-01, -5.650e-01, 1.141e+05, 0.000e+00, 3.048e-04, 0.000e+00, 2.072e+00, 9.983e+02, 1.369e-07
5.650e-01, 5.000e-01, -5.550e-01, 1.140e+05, 0.000e+00, 2.869e-04, 0.000e+00, 2.070e+00, 9.983e+02, 1.289e-07
5.650e-01, 5.000e-01, -5.450e-01, 1.139e+05, 0.000e+00, 2.728e-04, 0.000e+00, 2.068e+00, 9.983e+02, 1.225e-07
5.650e-01, 5.000e-01, -5.350e-01, 1.138e+05, 0.000e+00, 2.585e-04, 0.000e+00, 2.067e+00, 9.983e+02, 1.162e-07
5.650e-01, 5.000e-01, -5.250e-01, 1.137e+05, 0.000e+00, 2.412e-04, 0.000e+00, 2.065e+00, 9.983e+02, 1.083e-07
5.650e-01, 5.000e-01, -5.150e-01, 1.136e+05, 0.000e+00, 2.194e-04, 0.000e+00, 2.063e+00, 9.983e+02, 9.857e-08
5.650e-01, 5.000e-01, -5.050e-01, 1.135e+05, 0.000e+00, 1.936e-04, 0.000e+00, 2.061e+00, 9.983e+02, 8.696e-08
5.650e-01, 5.000e-01, -4.950e-01, 1.134e+05, 0.000e+00, 1.678e-04, 0.000e+00, 2.061e+00, 9.983e+02, 7.433e-08
5.650e-01, 5.000e-01, -4.850e-01, 1.133e+05, 0.000e+00, 1.440e-04, 0.000e+00, 2.059e+00, 9.983e+02, 6.324e-08
5.650e-01, 5.000e-01, -4.750e-01, 1.133e+05, 0.000e+00, 1.224e-04, 0.000e+00, 2.057e+00, 9.983e+02, 5.378e-08
5.650e-01, 5.000e-01, -4.650e-01, 1.132e+05, 0.000e+00, 1.047e-04, 0.000e+00, 2.055e+00, 9.983e+02, 4.600e-08
5.650e-01, 5.000e-01, -4.550e-01, 1.131e+05, 0.000e+00, 9.366e-05, 0.000e+00, 2.054e+00, 9.983e+02, 4.114e-08
5.650e-01, 5.000e-01, -4.450e-01, 1.129e+05, 0.000e+00, 9.372e-05, 0.000e+00, 2.050e+00, 9.983e+02, 4.029e-08
5.650e-01, 5.000e-01, -4.350e-01, 1.128e+05, 0.000e+00, 1.147e-04, 0.000e+00, 2.048e+00, 9.983e+02, 4.924e-08
5.650e-01, 5.000e-01, -4.250e-01, 1.127e+05, 0.000e+00, 1.606e-04, 0.000e+00, 2.047e+00, 9.983e+02, 6.893e-08
5.650e-01, 5.000e-01, -4.150e-01, 1.126e+05, 0.000e+00, 2.192e-04, 0.000e+00, 2.045e+00, 9.983e+02, 9.408e-08
5.650e-01, 5.000e-01, -4.050e-01, 1.125e+05, 0.000e+00, 2.537e-04, 0.000e+00, 2.043e+00, 9.983e+02, 1.089e-07
5.650e-01, 5.000e-01, -3.950e-01, 1.124e+05, 0.000e+00, 2.630e-04, 0.000e+00, 2.041e+00, 9.983e+02, 1.129e-07
5.650e-01, 5.000e-01, -3.850e-01, 1.123e+05, 0.000e+00, 2.677e-04, 0.000e+00, 2.039e+00, 9.983e+02, 1.149e-07
5.650e-01, 5.000e-01, -3.750e-01, 1.122e+05, 0.000e+00, 2.749e-04, 0.000e+00, 2.038e+00, 9.983e+02, 1.180e-07
5.650e-01, 5.000e-01, -3.650e-01, 1.121e+05, 0.000e+00, 2.842e-04, 0.000e+00, 2.036e+00, 9.983e+02, 1.220e-07
5.650e-01, 5.000e-01, -3.550e-01, 1.120e+05, 0.000e+00, 2.926e-04, 0.000e+00, 2.034e+00, 9.983e+02, 1.256e-07
5.650e-01, 5.000e-01, -3.450e-01, 1.119e+05, 0.000e+00, 2.931e-04, 0.000e+00, 2.032e+00, 9.983e+02, 1.275e-07
5.650e-01, 5.000e-01, -3.350e-01, 1.118e+05, 0.000e+00, 2.754e-04, 0.000e+00, 2.031e+00, 9.983e+02, 1.237e-07
5.650e-01, 5.000e-01, -3.250e-01, 1.117e+05, 0.000e+00, 2.555e-04, 0.000e+00, 2.029e+00, 9.983e+02, 1.148e-07
5.650e-01, 5.000e-01, -3.150e-01, 1.116e+05, 0.000e+00, 2.332e-04, 0.000e+00, 2.027e+00, 9.983e+02, 1.048e-07
5.650e-01, 5.000e-01, -3.050e-01, 1.115e+05, 0.000e+00, 2.148e-04, 0.000e+00, 2.025e+00, 9.983e+02, 9.651e-08
5.650e-01, 5.000e-01, -2.950e-01, 1.114e+05, 0.000e+00, 2.008e-04, 0.000e+00, 2.024e+00, 9.983e+02, 9.020e-08
5.650e-01, 5.000e-01, -2.850e-01, 1.113e+05, 0.000e+00, 1.894e-04, 0.000e+00, 2.022e+00, 9.983e+02, 8.510e-08
5.650e-01, 5.000e-01, -2.750e-01, 1.112e+05, 0.000e+00, 1.799e-04, 0.000e+00, 2.020e+00, 9.983e+02, 8.083e-08
5.650e-01, 5.000e-01, -2.650e-01, 1.111e+05, 0.000e+00, 1.728e-04, 0.000e+00, 2.018e+00, 9.983e+02, 7.764e-08
5.650e-01, 5.000e-01, -2.550e-01, 1.110e+05, 0.000e+00, 1.722e-04, 0.000e+00, 2.016e+00, 9.983e+02, 7.666e-08
5.650e-01, 5.000e-01, -2.450e-01, 1.110e+05, 0.000e+00, 1.790e-04, 0.000e+00, 2.016e+00, 9.983e+02, 7.862e-08
5.650e-01, 5.000e-01, -2.350e-01, 1.109e+05, 0.000e+00, 1.867e-04, 0.000e+00, 2.014e+00, 9.983e+02, 8.203e-08
5.650e-01, 5.000e-01, -2.250e-01, 1.108e+05, 0.000e+00, 1.902e-04, 0.000e+00, 2.012e+00, 9.983e+02, 8.356e-08
5.650e-01, 5.000e-01, -2.150e-01, 1.107e+05, 0.000e+00, 1.921e-04, 0.000e+00, 2.011e+00, 9.983e+02, 8.440e-08
5.650e-01, 5.000e-01, -2.050e-01, 1.106e+05, 0.000e+00, 1.986e-04, 0.000e+00, 2.009e+00, 9.983e+02, 8.723e-08
5.650e-01, 5.000e-01, -1.950e-01, 1.105e+05, 0.000e+00, 2.150e-04, 0.000e+00, 2.007e+00, 9.983e+02, 9.444e-08
5.650e-01, 5.000e-01, -1.850e-01, 1.106e+05, 0.000e+00, 2.426e-04, 0.000e+00, 2.009e+00, 9.983e+02, 1.047e-07
5.650e-01, 5.000e-01, -1.750e-01, 1.105e+05, 0.000e+00, 2.548e-04, 0.000e+00, 2.007e+00, 9.983e+02, 1.094e-07
5.650e-01, 5.000e-01, -1.650e-01, 1.104e+05, 0.000e+00, 2.434e-04, 0.000e+00, 2.005e+00, 9.983e+02, 1.045e-07
5.650e-01, 5.000e-01, -1.550e-01, 1.103e+05, 0.000e+00, 2.123e-04, 0.000e+00, 2.004e+00, 9.983e+02, 9.113e-08
5.650e-01, 5.000e-01, -1.450e-01, 1.102e+05, 0.000e+00, 1.683e-04, 0.000e+00, 2.002e+00, 9.983e+02, 7.224e-08
5.650e-01, 5.000e-01, -1.350e-01, 1.101e+05, 0.000e+00, 1.214e-04, 0.000e+00, 2.000e+00, 9.983e+02, 5.213e-08
5.650e-01, 5.000e-01, -1.250e-01, 1.112e+05, 0.000e+00, 7.930e-05, 0.000e+00, 2.020e+00, 9.983e+02, 3.453e-08
5.650e-01, 5.000e-01, -1.150e-01, 1.111e+05, 0.000e+00, 4.784e-05, 0.000e+00, 2.018e+00, 9.983e+02, 2.101e-08
5.650e-01, 5.000e-01, -1.050e-01, 1.110e+05, 0.000e+00, 2.692e-05, 0.000e+00, 2.017e+00, 9.983e+02, 1.183e-08
5.650e-01, 5.000e-01, -9.500e-02, 1.109e+05, 0.000e+00, 1.415e-05, 0.000e+00, 2.015e+00, 9.983e+02, 6.214e-09
5.650e-01, 5.000e-01, -8.500e-02, 1.108e+05, 0.000e+00, 6.963e-06, 0.000e+00, 2.013e+00, 9.983e+02, 3.058e-09
5.650e-01, 5.000e-01, -7.500e-02, 1.107e+05, 0.000e+00, 3.219e-06, 0.000e+00, 2.011e+00, 9.983e+02, 1.414e-09
5.650e-01, 5.000e-01, -6.500e-02, 1.106e+05, 0.000e+00, 1.402e-06, 0.000e+00, 2.009e+00, 9.983e+02, 6.160e-10
5.650e-01, 5.000e-01, -5.500e-02, 1.105e+05, 0.000e+00, 5.770e-07, 0.000e+00, 2.008e+00, 9.983e+02, 2.534e-10
5.650e-01, 5.000e-01, -4.500e-02, 1.104e+05, 0.000e+00, 2.247e-07, 0.000e+00, 2.006e+00, 9.983e+02, 9.871e-11
5.650e-01, 5.000e-01, -3.500e-02, 1.103e+05, 0.000e+00, 8.308e-08, 0.000e+00, 2.004e+00, 9.983e+02, 3.649e-11
5.650e-01, 5.000e-01, -2.500e-02, 1.102e+05, 0.000e+00, 2.929e-08, 0.000e+00, 2.002e+00, 9.983e+02, 1.286e-11
5.650e-01, 5.000e-01, -1.500e-02, 1.101e+05, 0.000e+00, 1.006e-08, 0.000e+00, 2.000e+00, 9.983e+02, 4.418e-12
5.650e-01, 5.000e-01, -5.000e-03, 1.100e+05, 0.000e+00, 3.830e-09, 0.000e+00, 1.999e+00, 9.983e+02, 1.682e-12
5.750e-01, 5.000e-01, -1.195e+00, 1.202e+05, 0.000e+00, 1.002e-13, 0.000e+00, 2.184e+00, 9.983e+02, 2.000e-17
5.750e-01, 5.000e-01, -1.185e+00, 1.201e+05, 0.000e+00, 1.002e-13, 0.000e+00, 2.182e+00, 9.983e+02, 2.000e-17
5.750e-01, 5.000e-01, -1.175e+00, 1.200e+05, 0.000e+00, 1.002e-13, 0.000e+00, 2.181e+00, 9.983e+02, 2.000e-17
5.750e-01, 5.000e-01, -1.165e+00, 1.199e+05, 0.000e+00, 1.002e-13, 0.000e+00, 2.179e+00, 9.983e+02, 2.000e-17
5.750e-01, 5.000e-01, -1.155e+00, 1.198e+05, 0.000e+00, 1.002e-13, 0.000e+00, 2.177e+00, 9.983e+02, 2.000e-17
5.750e-01, 5.000e-01, -1.145e+00, 1.197e+05, 0.000e+00, 1.002e-13, 0.000e+00, 2.175e+00, 9.983e+02, 2.000e-17
5.750e-01, 5.000e-01, -1.135e+00, 1.196e+05, 0.000e+00, 1.543e-12, 0.000e+00, 2.173e+00, 9.983e+02, 3.788e-16
5.750e-01, 5.000e-01, -1.125e+00, 1.195e+05, 0.000e+00, 1.316e-03, 0.000e+00, 2.172e+00, 9.985e+02, 5.650e-07
5.750e-01, 5.000e-01, -1.115e+00, 1.194e+05, 0.000e+00, 1.290e-03, 0.000e+00, 2.170e+00, 9.985e+02, 5.538e-07
5.750e-01, 5.000e-01, -1.105e+00, 1.193e+05, 0.000e+00, 1.229e-03, 0.000e+00, 2.168e+00, 9.985e+02, 5.275e-07
5.750e-01, 5.000e-01, -1.095e+00, 1.192e+05, 0.000e+00, 1.151e-03, 0.000e+00, 2.167e+00, 9.985e+02, 4.943e-07
5.750e-01, 5.000e-01, -1.085e+00, 1.191e+05, 0.000e+00, 1.061e-03, 0.000e+00, 2.165e+00, 9.985e+02, 4.555e-07
5.750e-01, 5.000e-01, -1.075e+00, 1.190e+05, 0.000e+00, 9.626e-04, 0.000e+00, 2.163e+00, 9.984e+02, 4.133e-07
5.750e-01, 5.000e-01, -1.065e+00, 1.189e+05, 0.000e+00, 8.651e-04, 0.000e+00, 2.161e+00, 9.984e+02, 3.714e-07
5.750e-01, 5.000e-01, -1.055e+00, 1.188e+05, 0.000e+00, 7.770e-04, 0.000e+00, 2.159e+00, 9.984e+02, 3.336e-07
5.750e-01, 5.000e-01, -1.045e+00, 1.187e+05, 0.000e+00, 7.018e-04, 0.000e+00, 2.158e+00, 9.984e+02, 3.013e-07
5.750e-01, 5.000e-01, -1.035e+00, 1.186e+05, 0.000e+00, 6.384e-04, 0.000e+00, 2.156e+00, 9.984e+02, 2.741e-07
5.750e-01, 5.000e-01, -1.025e+00, 1.185e+05, 0.000e+00, 5.839e-04, 0.000e+00, 2.154e+00, 9.984e+02, 2.506e-07
5.750e-01, 5.000e-01, -1.015e+00, 1.185e+05, 0.000e+00, 5.347e-04, 0.000e+00, 2.152e+00, 9.984e+02, 2.296e-07
5.750e-01, 5.000e-01, -1.005e+00, 1.184e+05, 0.000e+00, 4.883e-04, 0.000e+00, 2.150e+00, 9.984e+02, 2.096e-07
5.750e-01, 5.000e-01, -9.950e-01, 1.183e+05, 0.000e+00, 4.429e-04, 0.000e+00, 2.149e+00, 9.983e+02, 1.901e-07
5.750e-01, 5.000e-01, -9.850e-01, 1.182e+05, 0.000e+00, 3.993e-04, 0.000e+00, 2.147e+00, 9.983e+02, 1.714e-07
5.750e-01, 5.000e-01, -9.750e-01, 1.181e+05, 0.000e+00, 3.623e-04, 0.000e+00, 2.145e+00, 9.983e+02, 1.555e-07
5.750e-01, 5.000e-01, -9.650e-01, 1.180e+05, 0.000e+00, 3.361e-04, 0.000e+00, 2.143e+00, 9.983e+02, 1.443e-07
5.750e-01, 5.000e-01, -9.550e-01, 1.179e+05, 0.000e+00, 3.210e-04, 0.000e+00, 2.141e+00, 9.983e+02, 1.378e-07
5.750e-01, 5.000e-01, -9.450e-01, 1.178e+05, 0.000e+00, 3.175e-04, 0.000e+00, 2.140e+00, 9.983e+02, 1.363e-07
5.750e-01, 5.000e-01, -9.350e-01, 1.177e+05, 0.000e+00, 3.192e-04, 0.000e+00, 2.138e+00, 9.983e+02, 1.370e-07
5.750e-01, 5.000e-01, -9.250e-01, 1.176e+05, 0.000e+00, 3.153e-04, 0.000e+00, 2.136e+00, 9.983e+02, 1.354e-07
5.750e-01, 5.000e-01, -9.150e-01, 1.175e+05, 0.000e+00, 2.983e-04, 0.000e+00, 2.134e+00, 9.983e+02, 1.280e-07
5.750e-01, 5.000e-01, -9.050e-01, 1.174e+05, 0.000e+00, 2.751e-04, 0.000e+00, 2.132e+00, 9.983e+02, 1.181e-07
5.750e-01, 5.000e-01, -8.950e-01, 1.173e+05, 0.000e+00, 2.649e-04, 0.000e+00, 2.131e+00, 9.983e+02, 1.137e-07
5.750e-01, 5.000e-01, -8.850e-01, 1.172e+05, 0.000e+00, 2.642e-04, 0.000e+00, 2.129e+00, 9.983e+02, 1.134e-07
5.750e-01, 5.000e-01, -8.750e-01, 1.171e+05, 0.000e+00, 2.680e-04, 0.000e+00, 2.127e+00, 9.983e+02, 1.150e-07
5.750e-01, 5.000e-01, -8.650e-01, 1.170e+05, 0.000e+00, 2.723e-04, 0.000e+00, 2.125e+00, 9.983e+02, 1.169e-07
5.750e-01, 5.000e-01, -8.550e-01, 1.169e+05, 0.000e+00, 2.744e-04, 0.000e+00, 2.124e+00, 9.983e+02, 1.178e-07
5.750e-01, 5.000e-01, -8.450e-01, 1.168e+05, 0.000e+00, 2.729e-04, 0.000e+00, 2.122e+00, 9.983e+02, 1.172e-07
5.750e-01, 5.000e-01, -8.350e-01, 1.167e+05, 0.000e+00, 2.678e-04, 0.000e+00, 2.120e+00, 9.983e+02, 1.150e-07
5.750e-01, 5.000e-01, -8.250e-01, 1.166e+05, 0.000e+00, 2.610e-04, 0.000e+00, 2.118e+00, 9.983e+02, 1.121e-07
5.750e-01, 5.000e-01, -8.150e-01, 1.165e+05, 0.000e+00, 2.567e-04, 0.000e+00, 2.116e+00, 9.983e+02, 1.102e-07
5.750e-01, 5.000e-01, -8.050e-01, 1.164e+05, 0.000e+00, 2.617e-04, 0.000e+00, 2.115e+00, 9.983e+02, 1.123e-07
5.750e-01, 5.000e-01, -7.950e-01, 1.163e+05, 0.000e+00, 2.803e-04, 0.000e+00, 2.113e+00, 9.983e+02, 1.203e-07
5.750e-01, 5.000e-01, -7.850e-01, 1.177e+05, 0.000e+00, 2.691e-04, 0.000e+00, 2.138e+00, 9.983e+02, 1.175e-07
5.750e-01, 5.000e-01, -7.750e-01, 1.176e+05, 0.000e+00, 2.171e-04, 0.000e+00, 2.136e+00, 9.983e+02, 9.535e-08
5.750e-01, 5.000e-01, -7.650e-01, 1.175e+05, 0.000e+00, 1.638e-04, 0.000e+00, 2.135e+00, 9.983e+02, 7.193e-08
5.750e-01, 5.000e-01, -7.550e-01, 1.174e+05, 0.000e+00, 1.171e-04, 0.000e+00, 2.133e+00, 9.983e+02, 5.145e-08
5.750e-01, 5.000e-01, -7.450e-01, 1.173e+05, 0.000e+00, 7.890e-05, 0.000e+00, 2.131e+00, 9.983e+02, 3.466e-08
5.750e-01, 5.000e-01, -7.350e-01, 1.172e+05, 0.000e+00, 4.979e-05, 0.000e+00, 2.129e+00, 9.983e+02, 2.187e-08
5.750e-01, 5.000e-01, -7.250e-01, 1.171e+05, 0.000e+00, 2.980e-05, 0.000e+00, 2.127e+00, 9.983e+02, 1.309e-08
5.750e-01, 5.000e-01, -7.150e-01, 1.170e+05, 0.000e+00, 1.820e-05, 0.000e+00, 2.126e+00, 9.983e+02, 7.993e-09
5.750e-01, 5.000e-01, -7.050e-01, 1.169e+05, 0.000e+00, 1.428e-05, 0.000e+00, 2.124e+00, 9.983e+02, 6.270e-09
5.750e-01, 5.000e-01, -6.950e-01, 1.168e+05, 0.000e+00, 1.824e-05, 0.000e+00, 2.122e+00, 9.983e+02, 8.010e-09
5.750e-01, 5.000e-01, -6.850e-01, 1.167e+05, 0.000e+00, 3.184e-05, 0.000e+00, 2.120e+00, 9.983e+02, 1.399e-08
5.750e-01, 5.000e-01, -6.750e-01, 1.166e+05, 0.000e+00, 5.822e-05, 0.000e+00, 2.119e+00, 9.983e+02, 2.557e-08
5.750e-01, 5.000e-01, -6.650e-01, 1.165e+05, 0.000e+00, 1.004e-04, 0.000e+00, 2.117e+00, 9.983e+02, 4.412e-08
5.750e-01, 5.000e-01, -6.550e-01, 1.164e+05, 0.000e+00, 1.590e-04, 0.000e+00, 2.115e+00, 9.983e+02, 6.982e-08
5.750e-01, 5.000e-01, -6.450e-01, 1.163e+05, 0.000e+00, 2.291e-04, 0.000e+00, 2.113e+00, 9.983e+02, 1.006e-07
5.750e-01, 5.000e-01, -6.350e-01, 1.162e+05, 0.000e+00, 3.003e-04, 0.000e+00, 2.111e+00, 9.983e+02, 1.319e-07
5.750e-01, 5.000e-01, -6.250e-01, 1.146e+05, 0.000e+00, 3.582e-04, 0.000e+00, 2.083e+00, 9.983e+02, 1.600e-07
5.750e-01, 5.000e-01, -6.150e-01, 1.145e+05, 0.000e+00, 3.922e-04, 0.000e+00, 2.081e+00, 9.983e+02, 1.762e-07
5.750e-01, 5.000e-01, -6.050e-01, 1.144e+05, 0.000e+00, 3.987e-04, 0.000e+00, 2.079e+00, 9.983e+02, 1.791e-07
5.750e-01, 5.000e-01, -5.950e-01, 1.144e+05, 0.000e+00, 3.848e-04, 0.000e+00, 2.077e+00, 9.983e+02, 1.729e-07
5.750e-01, 5.000e-01, -5.850e-01, 1.143e+05, 0.000e+00, 3.602e-04, 0.000e+00, 2.075e+00, 9.983e+02, 1.618e-07
5.750e-01, 5.000e-01, -5.750e-01, 1.142e+05, 0.000e+00, 3.325e-04, 0.000e+00, 2.074e+00, 9.983e+02, 1.494e-07
5.750e-01, 5.000e-01, -5.650e-01, 1.141e+05, 0.000e+00, 3.071e-04, 0.000e+00, 2.072e+00, 9.983e+02, 1.380e-07
5.750e-01, 5.000e-01, -5.550e-01, 1.140e+05, 0.000e+00, 2.860e-04, 0.000e+00, 2.070e+00, 9.983e+02, 1.285e-07
5.750e-01, 5.000e-01, -5.450e-01, 1.139e+05, 0.000e+00, 2.679e-04, 0.000e+00, 2.068e+00, 9.983e+02, 1.204e-07
5.750e-01, 5.000e-01, -5.350e-01, 1.138e+05, 0.000e+00, 2.500e-04, 0.000e+00, 2.067e+00, 9.983e+02, 1.123e-07
5.750e-01, 5.000e-01, -5.250e-01, 1.137e+05, 0.000e+00, 2.298e-04, 0.000e+00, 2.065e+00, 9.983e+02, 1.033e-07
5.750e-01, 5.000e-01, -5.150e-01, 1.136e+05, 0.000e+00, 2.061e-04, 0.000e+00, 2.063e+00, 9.983e+02, 9.259e-08
5.750e-01, 5.000e-01, -5.050e-01, 1.135e+05, 0.000e+00, 1.795e-04, 0.000e+00, 2.061e+00, 9.983e+02, 8.062e-08
5.750e-01, 5.000e-01, -4.950e-01, 1.134e+05, 0.000e+00, 1.542e-04, 0.000e+00, 2.061e+00, 9.983e+02, 6.835e-08
5.750e-01, 5.000e-01, -4.850e-01, 1.133e+05, 0.000e+00, 1.312e-04, 0.000e+00, 2.059e+00, 9.983e+02, 5.761e-08
5.750e-01, 5.000e-01, -4.750e-01, 1.133e+05, 0.000e+00, 1.107e-04, 0.000e+00, 2.057e+00, 9.983e+02, 4.864e-08
5.750e-01, 5.000e-01, -4.650e-01, 1.132e+05, 0.000e+00, 9.468e-05, 0.000e+00, 2.055e+00, 9.983e+02, 4.159e-08
5.750e-01, 5.000e-01, -4.550e-01, 1.131e+05, 0.000e+00, 8.587e-05, 0.000e+00, 2.054e+00, 9.983e+02, 3.772e-08
5.750e-01, 5.000e-01, -4.450e-01, 1.129e+05, 0.000e+00, 8.901e-05, 0.000e+00, 2.050e+00, 9.983e+02, 3.825e-08
5.750e-01, 5.000e-01, -4.350e-01, 1.128e+05, 0.000e+00, 1.074e-04, 0.000e+00, 2.048e+00, 9.983e+02, 4.610e-08
5.750e-01, 5.000e-01, -4.250e-01, 1.127e+05, 0.000e+00, 1.445e-04, 0.000e+00, 2.047e+00, 9.983e+02, 6.201e-08
5.750e-01, 5.000e-01, -4.150e-01, 1.126e+05, 0.000e+00, 1.970e-04, 0.000e+00, 2.045e+00, 9.983e+02, 8.457e-08
5.750e-01, 5.000e-01, -4.050e-01, 1.125e+05, 0.000e+00, 2.428e-04, 0.000e+00, 2.043e+00, 9.983e+02, 1.042e-07
5.750e-01, 5.000e-01, -3.950e-01, 1.124e+05, 0.000e+00, 2.583e-04, 0.000e+00, 2.041e+00, 9.983e+02, 1.109e-07
5.750e-01, 5.000e-01, -3.850e-01, 1.123e+05, 0.000e+00, 2.633e-04, 0.000e+00, 2.039e+00, 9.983e+02, 1.130e-07
5.750e-01, 5.000e-01, -3.750e-01, 1.122e+05, 0.000e+00, 2.720e-04, 0.000e+00, 2.038e+00, 9.983e+02, 1.168e-07
5.750e-01, 5.000e-01, -3.650e-01, 1.121e+05, 0.000e+00, 2.847e-04, 0.000e+00, 2.036e+00, 9.983e+02, 1.222e-07
5.750e-01, 5.000e-01, -3.550e-01, 1.120e+05, 0.000e+00, 2.987e-04, 0.000e+00, 2.034e+00, 9.983e+02, 1.282e-07
5.750e-01, 5.000e-01, -3.450e-01, 1.119e+05, 0.000e+00, 3.073e-04, 0.000e+00, 2.032e+00, 9.983e+02, 1.336e-07
5.750e-01, 5.000e-01, -3.350e-01, 1.118e+05, 0.000e+00, 3.003e-04, 0.000e+00, 2.031e+00, 9.983e+02, 1.349e-07
5.750e-01, 5.000e-01, -3.250e-01, 1.117e+05, 0.000e+00, 2.854e-04, 0.000e+00, 2.029e+00, 9.983e+02, 1.282e-07
5.750e-01, 5.000e-01, -3.150e-01, 1.116e+05, 0.000e+00, 2.599e-04, 0.000e+00, 2.027e+00, 9.983e+02, 1.168e-07
5.750e-01, 5.000e-01, -3.050e-01, 1.115e+05, 0.000e+00, 2.320e-04, 0.000e+00, 2.025e+00, 9.983e+02, 1.042e-07
5.750e-01, 5.000e-01, -2.950e-01, 1.114e+05, 0.000e+00, 2.101e-04, 0.000e+00, 2.024e+00, 9.983e+02, 9.441e-08
5.750e-01, 5.000e-01, -2.850e-01, 1.113e+05, 0.000e+00, 1.927e-04, 0.000e+00, 2.022e+00, 9.983e+02, 8.655e-08
5.750e-01, 5.000e-01, -2.750e-01, 1.112e+05, 0.000e+00, 1.779e-04, 0.000e+00, 2.020e+00, 9.983e+02, 7.992e-08
5.750e-01, 5.000e-01, -2.650e-01, 1.111e+05, 0.000e+00, 1.652e-04, 0.000e+00, 2.018e+00, 9.983e+02, 7.422e-08
5.750e-01, 5.000e-01, -2.550e-01, 1.110e+05, 0.000e+00, 1.554e-04, 0.000e+00, 2.016e+00, 9.983e+02, 6.922e-08
5.750e-01, 5.000e-01, -2.450e-01, 1.110e+05, 0.000e+00, 1.512e-04, 0.000e+00, 2.016e+00, 9.983e+02, 6.643e-08
5.750e-01, 5.000e-01, -2.350e-01, 1.109e+05, 0.000e+00, 1.515e-04, 0.000e+00, 2.014e+00, 9.983e+02, 6.654e-08
5.750e-01, 5.000e-01, -2.250e-01, 1.108e+05, 0.000e+00, 1.525e-04, 0.000e+00, 2.012e+00, 9.983e+02, 6.697e-08
5.750e-01, 5.000e-01, -2.150e-01, 1.107e+05, 0.000e+00, 1.534e-04, 0.000e+00, 2.011e+00, 9.983e+02, 6.737e-08
5.750e-01, 5.000e-01, -2.050e-01, 1.106e+05, 0.000e+00, 1.588e-04, 0.000e+00, 2.009e+00, 9.983e+02, 6.974e-08
5.750e-01, 5.000e-01, -1.950e-01, 1.105e+05, 0.000e+00, 1.761e-04, 0.000e+00, 2.007e+00, 9.983e+02, 7.737e-08
5.750e-01, 5.000e-01, -1.850e-01, 1.106e+05, 0.000e+00, 2.097e-04, 0.000e+00, 2.009e+00, 9.983e+02, 9.077e-08
5.750e-01, 5.000e-01, -1.750e-01, 1.105e+05, 0.000e+00, 2.370e-04, 0.000e+00, 2.007e+00, 9.983e+02, 1.017e-07
5.750e-01, 5.000e-01, -1.650e-01, 1.104e+05, 0.000e+00, 2.391e-04, 0.000e+00, 2.005e+00, 9.983e+02, 1.026e-07
5.750e-01, 5.000e-01, -1.550e-01, 1.103e+05, 0.000e+00, 2.163e-04, 0.000e+00, 2.004e+00, 9.983e+02, 9.286e-08
5.750e-01, 5.000e-01, -1.450e-01, 1.102e+05, 0.000e+00, 1.743e-04, 0.000e+00, 2.002e+00, 9.983e+02, 7.483e-08
5.750e-01, 5.000e-01, -1.350e-01, 1.101e+05, 0.000e+00, 1.257e-04, 0.000e+00, 2.000e+00, 9.983e+02, 5.395e-08
5.750e-01, 5.000e-01, -1.250e-01, 1.100e+05, 0.000e+00, 8.244e-05, 0.000e+00, 1.998e+00, 9.983e+02, 3.576e-08
5.750e-01, 5.000e-01, -1.150e-01, 1.111e+05, 0.000e+00, 4.962e-05, 0.000e+00, 2.018e+00, 9.983e+02, 2.180e-08
5.750e-01, 5.000e-01, -1.050e-01, 1.110e+05, 0.000e+00, 2.795e-05, 0.000e+00, 2.017e+00, 9.983e+02, 1.228e-08
5.750e-01, 5.000e-01, -9.500e-02, 1.109e+05, 0.000e+00, 1.472e-05, 0.000e+00, 2.015e+00, 9.983e+02, 6.465e-09
5.750e-01, 5.000e-01, -8.500e-02, 1.108e+05, 0.000e+00, 7.268e-06, 0.000e+00, 2.013e+00, 9.983e+02, 3.192e-09
5.750e-01, 5.000e-01, -7.500e-02, 1.107e+05, 0.000e+00, 3.374e-06, 0.000e+00, 2.011e+00, 9.983e+02, 1.482e-09
5.750e-01, 5.000e-01, -6.500e-02, 1.106e+05, 0.000e+00, 1.476e-06, 0.000e+00, 2.009e+00, 9.983e+02, 6.482e-10
5.750e-01, 5.000e-01, -5.500e-02, 1.105e+05, 0.000e+00, 6.098e-07, 0.000e+00, 2.008e+00, 9.983e+02, 2.678e-10
5.750e-01, 5.000e-01, -4.500e-02, 1.104e+05, 0.000e+00, 2.385e-07, 0.000e+00, 2.006e+00, 9.983e+02, 1.047e-10
5.750e-01, 5.000e-01, -3.500e-02, 1.103e+05, 0.000e+00, 8.849e-08, 0.000e+00, 2.004e+00, 9.983e+02, 3.887e-11
5.750e-01, 5.000e-01, -2.500e-02, 1.102e+05, 0.000e+00, 3.131e-08, 0.000e+00, 2.002e+00, 9.983e+02, 1.375e-11
5.750e-01, 5.000e-01, -1.500e-02, 1.101e+05, 0.000e+00, 1.079e-08, 0.000e+00, 2.000e+00, 9.983e+02, 4.739e-12
5.750e-01, 5.000e-01, -5.000e-03, 1.100e+05, 0.000e+00, 4.122e-09, 0.000e+00, 1.999e+00, 9.983e+02, 1.810e-12
5.850e-01, 5.000e-01, -1.195e+00, 1.202e+05, 0.000e+00, 1.002e-13, 0.000e+00, 2.184e+00, 9.983e+02, 2.000e-17
5.850e-01, 5.000e-01, -1.185e+00, 1.201e+05, 0.000e+00, 1.002e-13, 0.000e+00, 2.182e+00, 9.983e+02, 2.000e-17
5.850e-01, 5.000e-01, -1.175e+00, 1.200e+05, 0.000e+00, 1.002e-13, 0.000e+00, 2.181e+00, 9.983e+02, 2.000e-17
5.850e-01, 5.000e-01, -1.165e+00, 1.199e+05, 0.000e+00, 1.002e-13, 0.000e+00, 2.179e+00, 9.983e+02, 2.000e-17
5.850e-01, 5.000e-01, -1.155e+00, 1.198e+05, 0.000e+00, 1.002e-13, 0.000e+00, 2.177e+00, 9.983e+02, 2.000e-17
5.850e-01, 5.000e-01, -1.145e+00, 1.197e+05, 0.000e+00, 1.020e-13, 0.000e+00, 2.175e+00, 9.983e+02, 2.035e-17
5.850e-01, 5.000e-01, -1.135e+00, 1.196e+05, 0.000e+00, 7.028e-07, 0.000e+00, 2.173e+00, 9.983e+02, 2.176e-10
5.850e-01, 5.000e-01, -1.125e+00, 1.195e+05, 0.000e+00, 1.322e-03, 0.000e+00, 2.172e+00, 9.985e+02, 5.675e-07
5.850e-01, 5.000e-01, -1.115e+00, 1.194e+05, 0.000e+00, 1.286e-03, 0.000e+00, 2.170e+00, 9.985e+02, 5.521e-07
5.850e-01, 5.000e-01, -1.105e+00, 1.193e+05, 0.000e+00, 1.226e-03, 0.000e+00, 2.168e+00, 9.985e+02, 5.264e-07
5.850e-01, 5.000e-01, -1.095e+00, 1.192e+05, 0.000e+00, 1.149e-03, 0.000e+00, 2.167e+00, 9.985e+02, 4.934e-07
5.850e-01, 5.000e-01, -1.085e+00, 1.191e+05, 0.000e+00, 1.058e-03, 0.000e+00, 2.165e+00, 9.985e+02, 4.544e-07
5.850e-01, 5.000e-01, -1.075e+00, 1.190e+05, 0.000e+00, 9.592e-04, 0.000e+00, 2.163e+00, 9.984e+02, 4.118e-07
5.850e-01, 5.000e-01, -1.065e+00, 1.189e+05, 0.000e+00, 8.616e-04, 0.000e+00, 2.161e+00, 9.984e+02, 3.699e-07
5.850e-01, 5.000e-01, -1.055e+00, 1.188e+05, 0.000e+00, 7.742e-04, 0.000e+00, 2.159e+00, 9.984e+02, 3.324e-07
5.850e-01, 5.000e-01, -1.045e+00, 1.187e+05, 0.000e+00, 7.003e-04, 0.000e+00, 2.158e+00, 9.984e+02, 3.006e-07
5.850e-01, 5.000e-01, -1.035e+00, 1.186e+05, 0.000e+00, 6.386e-04, 0.000e+00, 2.156e+00, 9.984e+02, 2.742e-07
5.850e-01, 5.000e-01, -1.025e+00, 1.185e+05, 0.000e+00, 5.858e-04, 0.000e+00, 2.154e+00, 9.984e+02, 2.515e-07
5.850e-01, 5.000e-01, -1.015e+00, 1.185e+05, 0.000e+00, 5.386e-04, 0.000e+00, 2.152e+00, 9.984e+02, 2.312e-07
5.850e-01, 5.000e-01, -1.005e+00, 1.184e+05, 0.000e+00, 4.944e-04, 0.000e+00, 2.150e+00, 9.984e+02, 2.122e-07
5.850e-01, 5.000e-01, -9.950e-01, 1.183e+05, 0.000e+00, 4.509e-04, 0.000e+00, 2.149e+00, 9.983e+02, 1.936e-07
5.850e-01, 5.000e-01, -9.850e-01, 1.182e+05, 0.000e+00, 4.084e-04, 0.000e+00, 2.147e+00, 9.983e+02, 1.753e-07
5.850e-01, 5.000e-01, -9.750e-01, 1.181e+05, 0.000e+00, 3.709e-04, 0.000e+00, 2.145e+00, 9.983e+02, 1.592e-07
5.850e-01, 5.000e-01, -9.650e-01, 1.180e+05, 0.000e+00, 3.429e-04, 0.000e+00, 2.143e+00, 9.983e+02, 1.472e-07
5.850e-01, 5.000e-01, -9.550e-01, 1.179e+05, 0.000e+00, 3.249e-04, 0.000e+00, 2.141e+00, 9.983e+02, 1.395e-07
5.850e-01, 5.000e-01, -9.450e-01, 1.178e+05, 0.000e+00, 3.181e-04, 0.000e+00, 2.140e+00, 9.983e+02, 1.365e-07
5.850e-01, 5.000e-01, -9.350e-01, 1.177e+05, 0.000e+00, 3.205e-04, 0.000e+00, 2.138e+00, 9.983e+02, 1.376e-07
5.850e-01, 5.000e-01, -9.250e-01, 1.176e+05, 0.000e+00, 3.226e-04, 0.000e+00, 2.136e+00, 9.983e+02, 1.385e-07
5.850e-01, 5.000e-01, -9.150e-01, 1.175e+05, 0.000e+00, 3.156e-04, 0.000e+00, 2.134e+00, 9.983e+02, 1.355e-07
5.850e-01, 5.000e-01, -9.050e-01, 1.174e+05, 0.000e+00, 2.966e-04, 0.000e+00, 2.132e+00, 9.983e+02, 1.273e-07
5.850e-01, 5.000e-01, -8.950e-01, 1.173e+05, 0.000e+00, 2.782e-04, 0.000e+00, 2.131e+00, 9.983e+02, 1.194e-07
5.850e-01, 5.000e-01, -8.850e-01, 1.172e+05, 0.000e+00, 2.681e-04, 0.000e+00, 2.129e+00, 9.983e+02, 1.151e-07
5.850e-01, 5.000e-01, -8.750e-01, 1.171e+05, 0.000e+00, 2.640e-04, 0.000e+00, 2.127e+00, 9.983e+02, 1.133e-07
5.850e-01, 5.000e-01, -8.650e-01, 1.170e+05, 0.000e+00, 2.625e-04, 0.000e+00, 2.125e+00, 9.983e+02, 1.127e-07
5.850e-01, 5.000e-01, -8.550e-01, 1.169e+05, 0.000e+00, 2.614e-04, 0.000e+00, 2.124e+00, 9.983e+02, 1.122e-07
5.850e-01, 5.000e-01, -8.450e-01, 1.168e+05, 0.000e+00, 2.595e-04, 0.000e+00, 2.122e+00, 9.983e+02, 1.114e-07
5.850e-01, 5.000e-01, -8.350e-01, 1.167e+05, 0.000e+00, 2.568e-04, 0.000e+00, 2.120e+00, 9.983e+02, 1.102e-07
5.850e-01, 5.000e-01, -8.250e-01, 1.166e+05, 0.000e+00, 2.546e-04, 0.000e+00, 2.118e+00, 9.983e+02, 1.093e-07
5.850e-01, 5.000e-01, -8.150e-01, 1.165e+05, 0.000e+00, 2.560e-04, 0.000e+00, 2.116e+00, 9.983e+02, 1.099e-07
5.850e-01, 5.000e-01, -8.050e-01, 1.164e+05, 0.000e+00, 2.657e-04, 0.000e+00, 2.115e+00, 9.983e+02, 1.141e-07
5.850e-01, 5.000e-01, -7.950e-01, 1.163e+05, 0.000e+00, 2.842e-04, 0.000e+00, 2.113e+00, 9.983e+02, 1.220e-07
5.850e-01, 5.000e-01, -7.850e-01, 1.177e+05, 0.000e+00, 2.636e-04, 0.000e+00, 2.138e+00, 9.983e+02, 1.152e-07
5.850e-01, 5.000e-01, -7.750e-01, 1.176e+05, 0.000e+00, 2.108e-04, 0.000e+00, 2.136e+00, 9.983e+02, 9.260e-08
5.850e-01, 5.000e-01, -7.650e-01, 1.175e+05, 0.000e+00, 1.600e-04, 0.000e+00, 2.135e+00, 9.983e+02, 7.030e-08
5.850e-01, 5.000e-01, -7.550e-01, 1.174e+05, 0.000e+00, 1.155e-04, 0.000e+00, 2.133e+00, 9.983e+02, 5.074e-08
5.850e-01, 5.000e-01, -7.450e-01, 1.173e+05, 0.000e+00, 7.840e-05, 0.000e+00, 2.131e+00, 9.983e+02, 3.444e-08
5.850e-01, 5.000e-01, -7.350e-01, 1.172e+05, 0.000e+00, 4.970e-05, 0.000e+00, 2.129e+00, 9.983e+02, 2.183e-08
5.850e-01, 5.000e-01, -7.250e-01, 1.171e+05, 0.000e+00, 2.976e-05, 0.000e+00, 2.127e+00, 9.983e+02, 1.307e-08
5.850e-01, 5.000e-01, -7.150e-01, 1.170e+05, 0.000e+00, 1.814e-05, 0.000e+00, 2.126e+00, 9.983e+02, 7.969e-09
5.850e-01, 5.000e-01, -7.050e-01, 1.169e+05, 0.000e+00, 1.425e-05, 0.000e+00, 2.124e+00, 9.983e+02, 6.261e-09
5.850e-01, 5.000e-01, -6.950e-01, 1.168e+05, 0.000e+00, 1.839e-05, 0.000e+00, 2.122e+00, 9.983e+02, 8.076e-09
5.850e-01, 5.000e-01, -6.850e-01, 1.167e+05, 0.000e+00, 3.239e-05, 0.000e+00, 2.120e+00, 9.983e+02, 1.423e-08
5.850e-01, 5.000e-01, -6.750e-01, 1.166e+05, 0.000e+00, 5.945e-05, 0.000e+00, 2.119e+00, 9.983e+02, 2.611e-08
5.850e-01, 5.000e-01, -6.650e-01, 1.165e+05, 0.000e+00, 1.026e-04, 0.000e+00, 2.117e+00, 9.983e+02, 4.507e-08
5.850e-01, 5.000e-01, -6.550e-01, 1.164e+05, 0.000e+00, 1.622e-04, 0.000e+00, 2.115e+00, 9.983e+02, 7.123e-08
5.850e-01, 5.000e-01, -6.450e-01, 1.163e+05, 0.000e+00, 2.331e-04, 0.000e+00, 2.113e+00, 9.983e+02, 1.024e-07
5.850e-01, 5.000e-01, -6.350e-01, 1.162e+05, 0.000e+00, 3.046e-04, 0.000e+00, 2.111e+00, 9.983e+02, 1.338e-07
5.850e-01, 5.000e-01, -6.250e-01, 1.146e+05, 0.000e+00, 3.623e-04, 0.000e+00, 2.083e+00, 9.983e+02, 1.622e-07
5.850e-01, 5.000e-01, -6.150e-01, 1.145e+05, 0.000e+00, 3.948e-04, 0.000e+00, 2.081e+00, 9.983e+02, 1.774e-07
5.850e-01, 5.000e-01, -6.050e-01, 1.144e+05, 0.000e+00, 4.003e-04, 0.000e+00, 2.079e+00, 9.983e+02, 1.799e-07
5.850e-01, 5.000e-01, -5.950e-01, 1.144e+05, 0.000e+00, 3.868e-04, 0.000e+00, 2.077e+00, 9.983e+02, 1.738e-07
5.850e-01, 5.000e-01, -5.850e-01, 1.143e+05, 0.000e+00, 3.629e-04, 0.000e+00, 2.075e+00, 9.983e+02, 1.630e-07
5.850e-01, 5.000e-01, -5.750e-01, 1.142e+05, 0.000e+00, 3.355e-04, 0.000e+00, 2.074e+00, 9.983e+02, 1.507e-07
5.850e-01, 5.000e-01, -5.650e-01, 1.141e+05, 0.000e+00, 3.090e-04, 0.000e+00, 2.072e+00, 9.983e+02, 1.388e-07
5.850e-01, 5.000e-01, -5.550e-01, 1.140e+05, 0.000e+00, 2.854e-04, 0.000e+00, 2.070e+00, 9.983e+02, 1.282e-07
5.850e-01, 5.000e-01, -5.450e-01, 1.139e+05, 0.000e+00, 2.640e-04, 0.000e+00, 2.068e+00, 9.983e+02, 1.186e-07
5.850e-01, 5.000e-01, -5.350e-01, 1.138e+05, 0.000e+00, 2.427e-04, 0.000e+00, 2.067e+00, 9.983e+02, 1.090e-07
5.850e-01, 5.000e-01, -5.250e-01, 1.137e+05, 0.000e+00, 2.197e-04, 0.000e+00, 2.065e+00, 9.983e+02, 9.869e-08
5.850e-01, 5.000e-01, -5.150e-01, 1.136e+05, 0.000e+00, 1.940e-04, 0.000e+00, 2.063e+00, 9.983e+02, 8.714e-08
5.850e-01, 5.000e-01, -5.050e-01, 1.135e+05, 0.000e+00, 1.673e-04, 0.000e+00, 2.061e+00, 9.983e+02, 7.515e-08
5.850e-01, 5.000e-01, -4.950e-01, 1.134e+05, 0.000e+00, 1.425e-04, 0.000e+00, 2.061e+00, 9.983e+02, 6.324e-08
5.850e-01, 5.000e-01, -4.850e-01, 1.133e+05, 0.000e+00, 1.203e-04, 0.000e+00, 2.059e+00, 9.983e+02, 5.286e-08
5.850e-01, 5.000e-01, -4.750e-01, 1.133e+05, 0.000e+00, 1.011e-04, 0.000e+00, 2.057e+00, 9.983e+02, 4.443e-08
5.850e-01, 5.000e-01, -4.650e-01, 1.132e+05, 0.000e+00, 8.696e-05, 0.000e+00, 2.055e+00, 9.983e+02, 3.819e-08
5.850e-01, 5.000e-01, -4.550e-01, 1.131e+05, 0.000e+00, 8.089e-05, 0.000e+00, 2.054e+00, 9.983e+02, 3.553e-08
5.850e-01, 5.000e-01, -4.450e-01, 1.129e+05, 0.000e+00, 8.881e-05, 0.000e+00, 2.050e+00, 9.983e+02, 3.815e-08
5.850e-01, 5.000e-01, -4.350e-01, 1.128e+05, 0.000e+00, 1.073e-04, 0.000e+00, 2.048e+00, 9.983e+02, 4.607e-08
5.850e-01, 5.000e-01, -4.250e-01, 1.127e+05, 0.000e+00, 1.389e-04, 0.000e+00, 2.047e+00, 9.983e+02, 5.962e-08
5.850e-01, 5.000e-01, -4.150e-01, 1.126e+05, 0.000e+00, 1.852e-04, 0.000e+00, 2.045e+00, 9.983e+02, 7.952e-08
5.850e-01, 5.000e-01, -4.050e-01, 1.125e+05, 0.000e+00, 2.313e-04, 0.000e+00, 2.043e+00, 9.983e+02, 9.929e-08
5.850e-01, 5.000e-01, -3.950e-01, 1.124e+05, 0.000e+00, 2.521e-04, 0.000e+00, 2.041e+00, 9.983e+02, 1.082e-07
5.850e-01, 5.000e-01, -3.850e-01, 1.123e+05, 0.000e+00, 2.565e-04, 0.000e+00, 2.039e+00, 9.983e+02, 1.101e-07
5.850e-01, 5.000e-01, -3.750e-01, 1.122e+05, 0.000e+00, 2.655e-04, 0.000e+00, 2.038e+00, 9.983e+02, 1.140e-07
5.850e-01, 5.000e-01, -3.650e-01, 1.121e+05, 0.000e+00, 2.810e-04, 0.000e+00, 2.036e+00, 9.983e+02, 1.206e-07
5.850e-01, 5.000e-01, -3.550e-01, 1.120e+05, 0.000e+00, 3.002e-04, 0.000e+00, 2.034e+00, 9.983e+02, 1.289e-07
5.850e-01, 5.000e-01, -3.450e-01, 1.119e+05, 0.000e+00, 3.175e-04, 0.000e+00, 2.032e+00, 9.983e+02, 1.379e-07
5.850e-01, 5.000e-01, -3.350e-01, 1.118e+05, 0.000e+00, 3.219e-04, 0.000e+00, 2.031e+00, 9.983e+02, 1.446e-07
5.850e-01, 5.000e-01, -3.250e-01, 1.117e+05, 0.000e+00, 3.144e-04, 0.000e+00, 2.029e+00, 9.983e+02, 1.413e-07
5.850e-01, 5.000e-01, -3.150e-01, 1.116e+05, 0.000e+00, 2.931e-04, 0.000e+00, 2.027e+00, 9.983e+02, 1.317e-07
5.850e-01, 5.000e-01, -3.050e-01, 1.115e+05, 0.000e+00, 2.592e-04, 0.000e+00, 2.025e+00, 9.983e+02, 1.164e-07
5.850e-01, 5.000e-01, -2.950e-01, 1.114e+05, 0.000e+00, 2.259e-04, 0.000e+00, 2.024e+00, 9.983e+02, 1.015e-07
5.850e-01, 5.000e-01, -2.850e-01, 1.113e+05, 0.000e+00, 2.012e-04, 0.000e+00, 2.022e+00, 9.983e+02, 9.038e-08
5.850e-01, 5.000e-01, -2.750e-01, 1.112e+05, 0.000e+00, 1.810e-04, 0.000e+00, 2.020e+00, 9.983e+02, 8.132e-08
5.850e-01, 5.000e-01, -2.650e-01, 1.111e+05, 0.000e+00, 1.637e-04, 0.000e+00, 2.018e+00, 9.983e+02, 7.356e-08
5.850e-01, 5.000e-01, -2.550e-01, 1.110e+05, 0.000e+00, 1.488e-04, 0.000e+00, 2.016e+00, 9.983e+02, 6.631e-08
5.850e-01, 5.000e-01, -2.450e-01, 1.110e+05, 0.000e+00, 1.370e-04, 0.000e+00, 2.016e+00, 9.983e+02, 6.019e-08
5.850e-01, 5.000e-01, -2.350e-01, 1.109e+05, 0.000e+00, 1.294e-04, 0.000e+00, 2.014e+00, 9.983e+02, 5.683e-08
5.850e-01, 5.000e-01, -2.250e-01, 1.108e+05, 0.000e+00, 1.249e-04, 0.000e+00, 2.012e+00, 9.983e+02, 5.486e-08
5.850e-01, 5.000e-01, -2.150e-01, 1.107e+05, 0.000e+00, 1.228e-04, 0.000e+00, 2.011e+00, 9.983e+02, 5.392e-08
5.850e-01, 5.000e-01, -2.050e-01, 1.106e+05, 0.000e+00, 1.249e-04, 0.000e+00, 2.009e+00, 9.983e+02, 5.488e-08
5.850e-01, 5.000e-01, -1.950e-01, 1.105e+05, 0.000e+00, 1.384e-04, 0.000e+00, 2.007e+00, 9.983e+02, 6.079e-08
5.850e-01, 5.000e-01, -1.850e-01, 1.106e+05, 0.000e+00, 1.720e-04, 0.000e+00, 2.009e+00, 9.983e+02, 7.468e-08
5.850e-01, 5.000e-01, -1.750e-01, 1.105e+05, 0.000e+00, 2.108e-04, 0.000e+00, 2.007e+00, 9.983e+02, 9.047e-08
5.850e-01, 5.000e-01, -1.650e-01, 1.104e+05, 0.000e+00, 2.280e-04, 0.000e+00, 2.005e+00, 9.983e+02, 9.787e-08
5.850e-01, 5.000e-01, -1.550e-01, 1.103e+05, 0.000e+00, 2.171e-04, 0.000e+00, 2.004e+00, 9.983e+02, 9.318e-08
5.850e-01, 5.000e-01, -1.450e-01, 1.102e+05, 0.000e+00, 1.798e-04, 0.000e+00, 2.002e+00, 9.983e+02, 7.719e-08
5.850e-01, 5.000e-01, -1.350e-01, 1.101e+05, 0.000e+00, 1.306e-04, 0.000e+00, 2.000e+00, 9.983e+02, 5.608e-08
5.850e-01, 5.000e-01, -1.250e-01, 1.100e+05, 0.000e+00, 8.636e-05, 0.000e+00, 1.998e+00, 9.983e+02, 3.732e-08
5.850e-01, 5.000e-01, -1.150e-01, 1.111e+05, 0.000e+00, 5.177e-05, 0.000e+00, 2.018e+00, 9.983e+02, 2.274e-08
5.850e-01, 5.000e-01, -1.050e-01, 1.110e+05, 0.000e+00, 2.909e-05, 0.000e+00, 2.017e+00, 9.983e+02, 1.278e-08
5.850e-01, 5.000e-01, -9.500e-02, 1.109e+05, 0.000e+00, 1.531e-05, 0.000e+00, 2.015e+00, 9.983e+02, 6.726e-09
5.850e-01, 5.000e-01, -8.500e-02, 1.108e+05, 0.000e+00, 7.570e-06, 0.000e+00, 2.013e+00, 9.983e+02, 3.325e-09
5.850e-01, 5.000e-01, -7.500e-02, 1.107e+05, 0.000e+00, 3.521e-06, 0.000e+00, 2.011e+00, 9.983e+02, 1.547e-09
5.850e-01, 5.000e-01, -6.500e-02, 1.106e+05, 0.000e+00, 1.545e-06, 0.000e+00, 2.009e+00, 9.983e+02, 6.785e-10
5.850e-01, 5.000e-01, -5.500e-02, 1.105e+05, 0.000e+00, 6.401e-07, 0.000e+00, 2.008e+00, 9.983e+02, 2.812e-10
5.850e-01, 5.000e-01, -4.500e-02, 1.104e+05, 0.000e+00, 2.511e-07, 0.000e+00, 2.006e+00, 9.983e+02, 1.103e-10
5.850e-01, 5.000e-01, -3.500e-02, 1.103e+05, 0.000e+00, 9.344e-08, 0.000e+00, 2.004e+00, 9.983e+02, 4.104e-11
5.850e-01, 5.000e-01, -2.500e-02, 1.102e+05, 0.000e+00, 3.315e-08, 0.000e+00, 2.002e+00, 9.983e+02, 1.456e-11
5.850e-01, 5.000e-01, -1.500e-02, 1.101e+05, 0.000e+00, 1.145e-08, 0.000e+00, 2.000e+00, 9.983e+02, 5.030e-12
5.850e-01, 5.000e-01, -5.000e-03, 1.100e+05, 0.000e+00, 4.387e-09, 0.000e+00, 1.999e+00, 9.983e+02, 1.927e-12
5.950e-01, 5.000e-01, -1.195e+00, 1.202e+05, 0.000e+00, 1.002e-13, 0.000e+00, 2.184e+00, 9.983e+02, 2.000e-17
5.950e-01, 5.000e-01, -1.185e+00, 1.201e+05, 0.000e+00, 1.002e-13, 0.000e+00, 2.182e+00, 9.983e+02, 2.000e-17
5.950e-01, 5.000e-01, -1.175e+00, 1.200e+05, 0.000e+00, 1.002e-13, 0.000e+00, 2.181e+00, 9.983e+02, 2.000e-17
5.950e-01, 5.000e-01, -1.165e+00, 1.199e+05, 0.000e+00, 1.002e-13, 0.000e+00, 2.179e+00, 9.983e+02, 2.000e-17
5.950e-01, 5.000e-01, -1.155e+00, 1.198e+05, 0.000e+00, 1.002e-13, 0.000e+00, 2.177e+00, 9.983e+02, 2.000e-17
5.950e-01, 5.000e-01, -1.145e+00, 1.197e+05, 0.000e+00, 5.927e-12, 0.000e+00, 2.175e+00, 9.983e+02, 1.183e-15
5.950e-01, 5.000e-01, -1.135e+00, 1.196e+05, 0.000e+00, 1.358e-03, 0.000e+00, 2.174e+00, 9.985e+02, 5.177e-07
5.950e-01, 5.000e-01, -1.125e+00, 1.195e+05, 0.000e+00, 1.327e-03, 0.000e+00, 2.172e+00, 9.985e+02, 5.699e-07
5.950e-01, 5.000e-01, -1.115e+00, 1.194e+05, 0.000e+00, 1.282e-03, 0.000e+00, 2.170e+00, 9.985e+02, 5.504e-07
5.950e-01, 5.000e-01, -1.105e+00, 1.193e+05, 0.000e+00, 1.223e-03, 0.000e+00, 2.168e+00, 9.985e+02, 5.251e-07
5.950e-01, 5.000e-01, -1.095e+00, 1.192e+05, 0.000e+00, 1.148e-03, 0.000e+00, 2.167e+00, 9.985e+02, 4.927e-07
5.950e-01, 5.000e-01, -1.085e+00, 1.191e+05, 0.000e+00, 1.056e-03, 0.000e+00, 2.165e+00, 9.985e+02, 4.534e-07
5.950e-01, 5.000e-01, -1.075e+00, 1.190e+05, 0.000e+00, 9.560e-04, 0.000e+00, 2.163e+00, 9.984e+02, 4.104e-07
5.950e-01, 5.000e-01, -1.065e+00, 1.189e+05, 0.000e+00, 8.582e-04, 0.000e+00, 2.161e+00, 9.984e+02, 3.684e-07
5.950e-01, 5.000e-01, -1.055e+00, 1.188e+05, 0.000e+00, 7.715e-04, 0.000e+00, 2.159e+00, 9.984e+02, 3.312e-07
5.950e-01, 5.000e-01, -1.045e+00, 1.187e+05, 0.000e+00, 6.989e-04, 0.000e+00, 2.158e+00, 9.984e+02, 3.000e-07
5.950e-01, 5.000e-01, -1.035e+00, 1.186e+05, 0.000e+00, 6.388e-04, 0.000e+00, 2.156e+00, 9.984e+02, 2.742e-07
5.950e-01, 5.000e-01, -1.025e+00, 1.185e+05, 0.000e+00, 5.877e-04, 0.000e+00, 2.154e+00, 9.984e+02, 2.523e-07
5.950e-01, 5.000e-01, -1.015e+00, 1.185e+05, 0.000e+00, 5.424e-04, 0.000e+00, 2.152e+00, 9.984e+02, 2.329e-07
5.950e-01, 5.000e-01, -1.005e+00, 1.184e+05, 0.000e+00, 5.002e-04, 0.000e+00, 2.150e+00, 9.984e+02, 2.147e-07
5.950e-01, 5.000e-01, -9.950e-01, 1.183e+05, 0.000e+00, 4.588e-04, 0.000e+00, 2.149e+00, 9.983e+02, 1.970e-07
5.950e-01, 5.000e-01, -9.850e-01, 1.182e+05, 0.000e+00, 4.176e-04, 0.000e+00, 2.147e+00, 9.983e+02, 1.793e-07
5.950e-01, 5.000e-01, -9.750e-01, 1.181e+05, 0.000e+00, 3.799e-04, 0.000e+00, 2.145e+00, 9.983e+02, 1.631e-07
5.950e-01, 5.000e-01, -9.650e-01, 1.180e+05, 0.000e+00, 3.506e-04, 0.000e+00, 2.143e+00, 9.983e+02, 1.505e-07
5.950e-01, 5.000e-01, -9.550e-01, 1.179e+05, 0.000e+00, 3.302e-04, 0.000e+00, 2.141e+00, 9.983e+02, 1.417e-07
5.950e-01, 5.000e-01, -9.450e-01, 1.178e+05, 0.000e+00, 3.193e-04, 0.000e+00, 2.140e+00, 9.983e+02, 1.371e-07
5.950e-01, 5.000e-01, -9.350e-01, 1.177e+05, 0.000e+00, 3.192e-04, 0.000e+00, 2.138e+00, 9.983e+02, 1.370e-07
5.950e-01, 5.000e-01, -9.250e-01, 1.176e+05, 0.000e+00, 3.239e-04, 0.000e+00, 2.136e+00, 9.983e+02, 1.391e-07
5.950e-01, 5.000e-01, -9.150e-01, 1.175e+05, 0.000e+00, 3.245e-04, 0.000e+00, 2.134e+00, 9.983e+02, 1.393e-07
5.950e-01, 5.000e-01, -9.050e-01, 1.174e+05, 0.000e+00, 3.154e-04, 0.000e+00, 2.132e+00, 9.983e+02, 1.354e-07
5.950e-01, 5.000e-01, -8.950e-01, 1.173e+05, 0.000e+00, 2.985e-04, 0.000e+00, 2.131e+00, 9.983e+02, 1.281e-07
5.950e-01, 5.000e-01, -8.850e-01, 1.172e+05, 0.000e+00, 2.830e-04, 0.000e+00, 2.129e+00, 9.983e+02, 1.215e-07
5.950e-01, 5.000e-01, -8.750e-01, 1.171e+05, 0.000e+00, 2.729e-04, 0.000e+00, 2.127e+00, 9.983e+02, 1.171e-07
5.950e-01, 5.000e-01, -8.650e-01, 1.170e+05, 0.000e+00, 2.666e-04, 0.000e+00, 2.125e+00, 9.983e+02, 1.145e-07
5.950e-01, 5.000e-01, -8.550e-01, 1.169e+05, 0.000e+00, 2.627e-04, 0.000e+00, 2.124e+00, 9.983e+02, 1.128e-07
5.950e-01, 5.000e-01, -8.450e-01, 1.168e+05, 0.000e+00, 2.601e-04, 0.000e+00, 2.122e+00, 9.983e+02, 1.117e-07
5.950e-01, 5.000e-01, -8.350e-01, 1.167e+05, 0.000e+00, 2.587e-04, 0.000e+00, 2.120e+00, 9.983e+02, 1.111e-07
5.950e-01, 5.000e-01, -8.250e-01, 1.166e+05, 0.000e+00, 2.594e-04, 0.000e+00, 2.118e+00, 9.983e+02, 1.114e-07
5.950e-01, 5.000e-01, -8.150e-01, 1.165e+05, 0.000e+00, 2.641e-04, 0.000e+00, 2.116e+00, 9.983e+02, 1.134e-07
5.950e-01, 5.000e-01, -8.050e-01, 1.164e+05, 0.000e+00, 2.759e-04, 0.000e+00, 2.115e+00, 9.983e+02, 1.184e-07
5.950e-01, 5.000e-01, -7.950e-01, 1.163e+05, 0.000e+00, 2.911e-04, 0.000e+00, 2.113e+00, 9.983e+02, 1.250e-07
5.950e-01, 5.000e-01, -7.850e-01, 1.177e+05, 0.000e+00, 2.598e-04, 0.000e+00, 2.138e+00, 9.983e+02, 1.136e-07
5.950e-01, 5.000e-01, -7.750e-01, 1.176e+05, 0.000e+00, 2.070e-04, 0.000e+00, 2.136e+00, 9.983e+02, 9.093e-08
5.950e-01, 5.000e-01, -7.650e-01, 1.175e+05, 0.000e+00, 1.584e-04, 0.000e+00, 2.135e+00, 9.983e+02, 6.958e-08
5.950e-01, 5.000e-01, -7.550e-01, 1.174e+05, 0.000e+00, 1.154e-04, 0.000e+00, 2.133e+00, 9.983e+02, 5.069e-08
5.950e-01, 5.000e-01, -7.450e-01, 1.173e+05, 0.000e+00, 7.895e-05, 0.000e+00, 2.131e+00, 9.983e+02, 3.468e-08
5.950e-01, 5.000e-01, -7.350e-01, 1.172e+05, 0.000e+00, 5.034e-05, 0.000e+00, 2.129e+00, 9.983e+02, 2.211e-08
5.950e-01, 5.000e-01, -7.250e-01, 1.171e+05, 0.000e+00, 3.023e-05, 0.000e+00, 2.127e+00, 9.983e+02, 1.328e-08
5.950e-01, 5.000e-01, -7.150e-01, 1.170e+05, 0.000e+00, 1.839e-05, 0.000e+00, 2.126e+00, 9.983e+02, 8.079e-09
5.950e-01, 5.000e-01, -7.050e-01, 1.169e+05, 0.000e+00, 1.434e-05, 0.000e+00, 2.124e+00, 9.983e+02, 6.297e-09
5.950e-01, 5.000e-01, -6.950e-01, 1.168e+05, 0.000e+00, 1.839e-05, 0.000e+00, 2.122e+00, 9.983e+02, 8.076e-09
5.950e-01, 5.000e-01, -6.850e-01, 1.167e+05, 0.000e+00, 3.242e-05, 0.000e+00, 2.120e+00, 9.983e+02, 1.424e-08
5.950e-01, 5.000e-01, -6.750e-01, 1.166e+05, 0.000e+00, 5.964e-05, 0.000e+00, 2.119e+00, 9.983e+02, 2.620e-08
5.950e-01, 5.000e-01, -6.650e-01, 1.165e+05, 0.000e+00, 1.031e-04, 0.000e+00, 2.117e+00, 9.983e+02, 4.529e-08
5.950e-01, 5.000e-01, -6.550e-01, 1.164e+05, 0.000e+00, 1.631e-04, 0.000e+00, 2.115e+00, 9.983e+02, 7.164e-08
5.950e-01, 5.000e-01, -6.450e-01, 1.163e+05, 0.000e+00, 2.345e-04, 0.000e+00, 2.113e+00, 9.983e+02, 1.030e-07
5.950e-01, 5.000e-01, -6.350e-01, 1.162e+05, 0.000e+00, 3.063e-04, 0.000e+00, 2.111e+00, 9.983e+02, 1.345e-07
5.950e-01, 5.000e-01, -6.250e-01, 1.146e+05, 0.000e+00, 3.643e-04, 0.000e+00, 2.083e+00, 9.983e+02, 1.634e-07
5.950e-01, 5.000e-01, -6.150e-01, 1.145e+05, 0.000e+00, 3.960e-04, 0.000e+00, 2.081e+00, 9.983e+02, 1.779e-07
5.950e-01, 5.000e-01, -6.050e-01, 1.144e+05, 0.000e+00, 4.012e-04, 0.000e+00, 2.079e+00, 9.983e+02, 1.802e-07
5.950e-01, 5.000e-01, -5.950e-01, 1.144e+05, 0.000e+00, 3.879e-04, 0.000e+00, 2.077e+00, 9.983e+02, 1.743e-07
5.950e-01, 5.000e-01, -5.850e-01, 1.143e+05, 0.000e+00, 3.646e-04, 0.000e+00, 2.075e+00, 9.983e+02, 1.638e-07
5.950e-01, 5.000e-01, -5.750e-01, 1.142e+05, 0.000e+00, 3.372e-04, 0.000e+00, 2.074e+00, 9.983e+02, 1.515e-07
5.950e-01, 5.000e-01, -5.650e-01, 1.141e+05, 0.000e+00, 3.099e-04, 0.000e+00, 2.072e+00, 9.983e+02, 1.392e-07
5.950e-01, 5.000e-01, -5.550e-01, 1.140e+05, 0.000e+00, 2.842e-04, 0.000e+00, 2.070e+00, 9.983e+02, 1.277e-07
5.950e-01, 5.000e-01, -5.450e-01, 1.139e+05, 0.000e+00, 2.598e-04, 0.000e+00, 2.068e+00, 9.983e+02, 1.167e-07
5.950e-01, 5.000e-01, -5.350e-01, 1.138e+05, 0.000e+00, 2.355e-04, 0.000e+00, 2.067e+00, 9.983e+02, 1.058e-07
5.950e-01, 5.000e-01, -5.250e-01, 1.137e+05, 0.000e+00, 2.100e-04, 0.000e+00, 2.065e+00, 9.983e+02, 9.432e-08
5.950e-01, 5.000e-01, -5.150e-01, 1.136e+05, 0.000e+00, 1.832e-04, 0.000e+00, 2.063e+00, 9.983e+02, 8.232e-08
5.950e-01, 5.000e-01, -5.050e-01, 1.135e+05, 0.000e+00, 1.569e-04, 0.000e+00, 2.061e+00, 9.983e+02, 7.046e-08
5.950e-01, 5.000e-01, -4.950e-01, 1.134e+05, 0.000e+00, 1.326e-04, 0.000e+00, 2.059e+00, 9.983e+02, 5.895e-08
5.950e-01, 5.000e-01, -4.850e-01, 1.133e+05, 0.000e+00, 1.114e-04, 0.000e+00, 2.059e+00, 9.983e+02, 4.894e-08
5.950e-01, 5.000e-01, -4.750e-01, 1.133e+05, 0.000e+00, 9.359e-05, 0.000e+00, 2.057e+00, 9.983e+02, 4.111e-08
5.950e-01, 5.000e-01, -4.650e-01, 1.132e+05, 0.000e+00, 8.170e-05, 0.000e+00, 2.055e+00, 9.983e+02, 3.588e-08
5.950e-01, 5.000e-01, -4.550e-01, 1.131e+05, 0.000e+00, 7.928e-05, 0.000e+00, 2.054e+00, 9.983e+02, 3.482e-08
5.950e-01, 5.000e-01, -4.450e-01, 1.129e+05, 0.000e+00, 9.398e-05, 0.000e+00, 2.050e+00, 9.983e+02, 4.035e-08
5.950e-01, 5.000e-01, -4.350e-01, 1.128e+05, 0.000e+00, 1.154e-04, 0.000e+00, 2.048e+00, 9.983e+02, 4.955e-08
5.950e-01, 5.000e-01, -4.250e-01, 1.127e+05, 0.000e+00, 1.447e-04, 0.000e+00, 2.047e+00, 9.983e+02, 6.210e-08
5.950e-01, 5.000e-01, -4.150e-01, 1.126e+05, 0.000e+00, 1.853e-04, 0.000e+00, 2.045e+00, 9.983e+02, 7.956e-08
5.950e-01, 5.000e-01, -4.050e-01, 1.125e+05, 0.000e+00, 2.268e-04, 0.000e+00, 2.043e+00, 9.983e+02, 9.738e-08
5.950e-01, 5.000e-01, -3.950e-01, 1.124e+05, 0.000e+00, 2.451e-04, 0.000e+00, 2.041e+00, 9.983e+02, 1.052e-07
5.950e-01, 5.000e-01, -3.850e-01, 1.123e+05, 0.000e+00, 2.470e-04, 0.000e+00, 2.039e+00, 9.983e+02, 1.060e-07
5.950e-01, 5.000e-01, -3.750e-01, 1.122e+05, 0.000e+00, 2.550e-04, 0.000e+00, 2.038e+00, 9.983e+02, 1.095e-07
5.950e-01, 5.000e-01, -3.650e-01, 1.121e+05, 0.000e+00, 2.719e-04, 0.000e+00, 2.036e+00, 9.983e+02, 1.167e-07
5.950e-01, 5.000e-01, -3.550e-01, 1.120e+05, 0.000e+00, 2.957e-04, 0.000e+00, 2.034e+00, 9.983e+02, 1.270e-07
5.950e-01, 5.000e-01, -3.450e-01, 1.119e+05, 0.000e+00, 3.218e-04, 0.000e+00, 2.032e+00, 9.983e+02, 1.397e-07
5.950e-01, 5.000e-01, -3.350e-01, 1.118e+05, 0.000e+00, 3.380e-04, 0.000e+00, 2.031e+00, 9.983e+02, 1.519e-07
5.950e-01, 5.000e-01, -3.250e-01, 1.117e+05, 0.000e+00, 3.376e-04, 0.000e+00, 2.029e+00, 9.983e+02, 1.517e-07
5.950e-01, 5.000e-01, -3.150e-01, 1.116e+05, 0.000e+00, 3.217e-04, 0.000e+00, 2.027e+00, 9.983e+02, 1.445e-07
5.950e-01, 5.000e-01, -3.050e-01, 1.115e+05, 0.000e+00, 2.914e-04, 0.000e+00, 2.025e+00, 9.983e+02, 1.309e-07
5.950e-01, 5.000e-01, -2.950e-01, 1.114e+05, 0.000e+00, 2.502e-04, 0.000e+00, 2.024e+00, 9.983e+02, 1.124e-07
5.950e-01, 5.000e-01, -2.850e-01, 1.113e+05, 0.000e+00, 2.139e-04, 0.000e+00, 2.022e+00, 9.983e+02, 9.611e-08
5.950e-01, 5.000e-01, -2.750e-01, 1.112e+05, 0.000e+00, 1.877e-04, 0.000e+00, 2.020e+00, 9.983e+02, 8.430e-08
5.950e-01, 5.000e-01, -2.650e-01, 1.111e+05, 0.000e+00, 1.659e-04, 0.000e+00, 2.018e+00, 9.983e+02, 7.455e-08
5.950e-01, 5.000e-01, -2.550e-01, 1.110e+05, 0.000e+00, 1.473e-04, 0.000e+00, 2.016e+00, 9.983e+02, 6.565e-08
5.950e-01, 5.000e-01, -2.450e-01, 1.110e+05, 0.000e+00, 1.311e-04, 0.000e+00, 2.016e+00, 9.983e+02, 5.760e-08
5.950e-01, 5.000e-01, -2.350e-01, 1.109e+05, 0.000e+00, 1.180e-04, 0.000e+00, 2.014e+00, 9.983e+02, 5.184e-08
5.950e-01, 5.000e-01, -2.250e-01, 1.108e+05, 0.000e+00, 1.084e-04, 0.000e+00, 2.012e+00, 9.983e+02, 4.761e-08
5.950e-01, 5.000e-01, -2.150e-01, 1.107e+05, 0.000e+00, 1.023e-04, 0.000e+00, 2.011e+00, 9.983e+02, 4.494e-08
5.950e-01, 5.000e-01, -2.050e-01, 1.106e+05, 0.000e+00, 1.011e-04, 0.000e+00, 2.009e+00, 9.983e+02, 4.442e-08
5.950e-01, 5.000e-01, -1.950e-01, 1.105e+05, 0.000e+00, 1.094e-04, 0.000e+00, 2.007e+00, 9.983e+02, 4.807e-08
5.950e-01, 5.000e-01, -1.850e-01, 1.104e+05, 0.000e+00, 1.363e-04, 0.000e+00, 2.005e+00, 9.983e+02, 5.938e-08
5.950e-01, 5.000e-01, -1.750e-01, 1.105e+05, 0.000e+00, 1.790e-04, 0.000e+00, 2.007e+00, 9.983e+02, 7.685e-08
5.950e-01, 5.000e-01, -1.650e-01, 1.104e+05, 0.000e+00, 2.103e-04, 0.000e+00, 2.005e+00, 9.983e+02, 9.029e-08
5.950e-01, 5.000e-01, -1.550e-01, 1.103e+05, 0.000e+00, 2.138e-04, 0.000e+00, 2.004e+00, 9.983e+02, 9.176e-08
5.950e-01, 5.000e-01, -1.450e-01, 1.102e+05, 0.000e+00, 1.843e-04, 0.000e+00, 2.002e+00, 9.983e+02, 7.912e-08
5.950e-01, 5.000e-01, -1.350e-01, 1.101e+05, 0.000e+00, 1.362e-04, 0.000e+00, 2.000e+00, 9.983e+02, 5.847e-08
5.950e-01, 5.000e-01, -1.250e-01, 1.100e+05, 0.000e+00, 9.081e-05, 0.000e+00, 1.998e+00, 9.983e+02, 3.909e-08
5.950e-01, 5.000e-01, -1.150e-01, 1.111e+05, 0.000e+00, 5.422e-05, 0.000e+00, 2.018e+00, 9.983e+02, 2.382e-08
5.950e-01, 5.000e-01, -1.050e-01, 1.110e+05, 0.000e+00, 3.036e-05, 0.000e+00, 2.017e+00, 9.983e+02, 1.334e-08
5.950e-01, 5.000e-01, -9.500e-02, 1.109e+05, 0.000e+00, 1.593e-05, 0.000e+00, 2.015e+00, 9.983e+02, 6.999e-09
5.950e-01, 5.000e-01, -8.500e-02, 1.108e+05, 0.000e+00, 7.865e-06, 0.000e+00, 2.013e+00, 9.983e+02, 3.455e-09
5.950e-01, 5.000e-01, -7.500e-02, 1.107e+05, 0.000e+00, 3.658e-06, 0.000e+00, 2.011e+00, 9.983e+02, 1.607e-09
5.950e-01, 5.000e-01, -6.500e-02, 1.106e+05, 0.000e+00, 1.606e-06, 0.000e+00, 2.009e+00, 9.983e+02, 7.053e-10
5.950e-01, 5.000e-01, -5.500e-02, 1.105e+05, 0.000e+00, 6.662e-07, 0.000e+00, 2.008e+00, 9.983e+02, 2.926e-10
5.950e-01, 5.000e-01, -4.500e-02, 1.104e+05, 0.000e+00, 2.617e-07, 0.000e+00, 2.006e+00, 9.983e+02, 1.149e-10
5.950e-01, 5.000e-01, -3.500e-02, 1.103e+05, 0.000e+00, 9.751e-08, 0.000e+00, 2.004e+00, 9.983e+02, 4.283e-11
5.950e-01, 5.000e-01, -2.500e-02, 1.102e+05, 0.000e+00, 3.463e-08, 0.000e+00, 2.002e+00, 9.983e+02, 1.521e-11
5.950e-01, 5.000e-01, -1.500e-02, 1.101e+05, 0.000e+00, 1.198e-08, 0.000e+00, 2.000e+00, 9.983e+02, 5.263e-12
5.950e-01, 5.000e-01, -5.000e-03, 1.100e+05, 0.000e+00, 4.596e-09, 0.000e+00, 1.999e+00, 9.983e+02, 2.019e-12
6.050e-01, 5.000e-01, -1.195e+00, 1.202e+05, 0.000e+00, 1.002e-13, 0.000e+00, 2.184e+00, 9.983e+02, 2.000e-17
6.050e-01, 5.000e-01, -1.185e+00, 1.201e+05, 0.000e+00, 1.002e-13, 0.000e+00, 2.182e+00, 9.983e+02, 2.000e-17
6.050e-01, 5.000e-01, -1.175e+00, 1.200e+05, 0.000e+00, 1.002e-13, 0.000e+00, 2.181e+00, 9.983e+02, 2.000e-17
6.050e-01, 5.000e-01, -1.165e+00, 1.199e+05, 0.000e+00, 1.002e-13, 0.000e+00, 2.179e+00, 9.983e+02, 2.000e-17
6.050e-01, 5.000e-01, -1.155e+00, 1.198e+05, 0.000e+00, 1.002e-13, 0.000e+00, 2.177e+00, 9.983e+02, 2.000e-17
6.050e-01, 5.000e-01, -1.145e+00, 1.197e+05, 0.000e+00, 1.377e-11, 0.000e+00, 2.175e+00, 9.983e+02, 2.963e-15
6.050e-01, 5.000e-01, -1.135e+00, 1.196e+05, 0.000e+00, 1.354e-03, 0.000e+00, 2.174e+00, 9.985e+02, 5.800e-07
6.050e-01, 5.000e-01, -1.125e+00, 1.195e+05, 0.000e+00, 1.326e-03, 0.000e+00, 2.172e+00, 9.985e+02, 5.693e-07
6.050e-01, 5.000e-01, -1.115e+00, 1.194e+05, 0.000e+00, 1.278e-03, 0.000e+00, 2.170e+00, 9.985e+02, 5.489e-07
6.050e-01, 5.000e-01, -1.105e+00, 1.193e+05, 0.000e+00, 1.221e-03, 0.000e+00, 2.168e+00, 9.985e+02, 5.241e-07
6.050e-01, 5.000e-01, -1.095e+00, 1.192e+05, 0.000e+00, 1.146e-03, 0.000e+00, 2.167e+00, 9.985e+02, 4.921e-07
6.050e-01, 5.000e-01, -1.085e+00, 1.191e+05, 0.000e+00, 1.054e-03, 0.000e+00, 2.165e+00, 9.985e+02, 4.525e-07
6.050e-01, 5.000e-01, -1.075e+00, 1.190e+05, 0.000e+00, 9.528e-04, 0.000e+00, 2.163e+00, 9.984e+02, 4.091e-07
6.050e-01, 5.000e-01, -1.065e+00, 1.189e+05, 0.000e+00, 8.548e-04, 0.000e+00, 2.161e+00, 9.984e+02, 3.670e-07
6.050e-01, 5.000e-01, -1.055e+00, 1.188e+05, 0.000e+00, 7.688e-04, 0.000e+00, 2.159e+00, 9.984e+02, 3.301e-07
6.050e-01, 5.000e-01, -1.045e+00, 1.187e+05, 0.000e+00, 6.976e-04, 0.000e+00, 2.158e+00, 9.984e+02, 2.995e-07
6.050e-01, 5.000e-01, -1.035e+00, 1.186e+05, 0.000e+00, 6.390e-04, 0.000e+00, 2.156e+00, 9.984e+02, 2.743e-07
6.050e-01, 5.000e-01, -1.025e+00, 1.185e+05, 0.000e+00, 5.896e-04, 0.000e+00, 2.154e+00, 9.984e+02, 2.531e-07
6.050e-01, 5.000e-01, -1.015e+00, 1.185e+05, 0.000e+00, 5.461e-04, 0.000e+00, 2.152e+00, 9.984e+02, 2.344e-07
6.050e-01, 5.000e-01, -1.005e+00, 1.184e+05, 0.000e+00, 5.059e-04, 0.000e+00, 2.150e+00, 9.984e+02, 2.172e-07
6.050e-01, 5.000e-01, -9.950e-01, 1.183e+05, 0.000e+00, 4.666e-04, 0.000e+00, 2.149e+00, 9.983e+02, 2.003e-07
6.050e-01, 5.000e-01, -9.850e-01, 1.182e+05, 0.000e+00, 4.269e-04, 0.000e+00, 2.147e+00, 9.983e+02, 1.833e-07
6.050e-01, 5.000e-01, -9.750e-01, 1.181e+05, 0.000e+00, 3.892e-04, 0.000e+00, 2.145e+00, 9.983e+02, 1.671e-07
6.050e-01, 5.000e-01, -9.650e-01, 1.180e+05, 0.000e+00, 3.587e-04, 0.000e+00, 2.143e+00, 9.983e+02, 1.540e-07
6.050e-01, 5.000e-01, -9.550e-01, 1.179e+05, 0.000e+00, 3.368e-04, 0.000e+00, 2.141e+00, 9.983e+02, 1.446e-07
6.050e-01, 5.000e-01, -9.450e-01, 1.178e+05, 0.000e+00, 3.225e-04, 0.000e+00, 2.140e+00, 9.983e+02, 1.385e-07
6.050e-01, 5.000e-01, -9.350e-01, 1.177e+05, 0.000e+00, 3.179e-04, 0.000e+00, 2.138e+00, 9.983e+02, 1.365e-07
6.050e-01, 5.000e-01, -9.250e-01, 1.176e+05, 0.000e+00, 3.216e-04, 0.000e+00, 2.136e+00, 9.983e+02, 1.381e-07
6.050e-01, 5.000e-01, -9.150e-01, 1.175e+05, 0.000e+00, 3.263e-04, 0.000e+00, 2.134e+00, 9.983e+02, 1.401e-07
6.050e-01, 5.000e-01, -9.050e-01, 1.174e+05, 0.000e+00, 3.252e-04, 0.000e+00, 2.132e+00, 9.983e+02, 1.396e-07
6.050e-01, 5.000e-01, -8.950e-01, 1.173e+05, 0.000e+00, 3.162e-04, 0.000e+00, 2.131e+00, 9.983e+02, 1.357e-07
6.050e-01, 5.000e-01, -8.850e-01, 1.172e+05, 0.000e+00, 3.025e-04, 0.000e+00, 2.129e+00, 9.983e+02, 1.299e-07
6.050e-01, 5.000e-01, -8.750e-01, 1.171e+05, 0.000e+00, 2.897e-04, 0.000e+00, 2.127e+00, 9.983e+02, 1.243e-07
6.050e-01, 5.000e-01, -8.650e-01, 1.170e+05, 0.000e+00, 2.804e-04, 0.000e+00, 2.125e+00, 9.983e+02, 1.204e-07
6.050e-01, 5.000e-01, -8.550e-01, 1.169e+05, 0.000e+00, 2.744e-04, 0.000e+00, 2.124e+00, 9.983e+02, 1.178e-07
6.050e-01, 5.000e-01, -8.450e-01, 1.168e+05, 0.000e+00, 2.710e-04, 0.000e+00, 2.122e+00, 9.983e+02, 1.164e-07
6.050e-01, 5.000e-01, -8.350e-01, 1.167e+05, 0.000e+00, 2.702e-04, 0.000e+00, 2.120e+00, 9.983e+02, 1.160e-07
6.050e-01, 5.000e-01, -8.250e-01, 1.166e+05, 0.000e+00, 2.722e-04, 0.000e+00, 2.118e+00, 9.983e+02, 1.169e-07
6.050e-01, 5.000e-01, -8.150e-01, 1.165e+05, 0.000e+00, 2.782e-04, 0.000e+00, 2.116e+00, 9.983e+02, 1.194e-07
6.050e-01, 5.000e-01, -8.050e-01, 1.164e+05, 0.000e+00, 2.894e-04, 0.000e+00, 2.115e+00, 9.983e+02, 1.242e-07
6.050e-01, 5.000e-01, -7.950e-01, 1.163e+05, 0.000e+00, 2.985e-04, 0.000e+00, 2.113e+00, 9.983e+02, 1.282e-07
6.050e-01, 5.000e-01, -7.850e-01, 1.177e+05, 0.000e+00, 2.569e-04, 0.000e+00, 2.138e+00, 9.983e+02, 1.124e-07
6.050e-01, 5.000e-01, -7.750e-01, 1.176e+05, 0.000e+00, 2.055e-04, 0.000e+00, 2.136e+00, 9.983e+02, 9.025e-08
6.050e-01, 5.000e-01, -7.650e-01, 1.175e+05, 0.000e+00, 1.589e-04, 0.000e+00, 2.135e+00, 9.983e+02, 6.981e-08
6.050e-01, 5.000e-01, -7.550e-01, 1.174e+05, 0.000e+00, 1.170e-04, 0.000e+00, 2.133e+00, 9.983e+02, 5.140e-08
6.050e-01, 5.000e-01, -7.450e-01, 1.173e+05, 0.000e+00, 8.079e-05, 0.000e+00, 2.131e+00, 9.983e+02, 3.548e-08
6.050e-01, 5.000e-01, -7.350e-01, 1.172e+05, 0.000e+00, 5.186e-05, 0.000e+00, 2.129e+00, 9.983e+02, 2.278e-08
6.050e-01, 5.000e-01, -7.250e-01, 1.171e+05, 0.000e+00, 3.126e-05, 0.000e+00, 2.127e+00, 9.983e+02, 1.373e-08
6.050e-01, 5.000e-01, -7.150e-01, 1.170e+05, 0.000e+00, 1.893e-05, 0.000e+00, 2.126e+00, 9.983e+02, 8.316e-09
6.050e-01, 5.000e-01, -7.050e-01, 1.169e+05, 0.000e+00, 1.445e-05, 0.000e+00, 2.124e+00, 9.983e+02, 6.349e-09
6.050e-01, 5.000e-01, -6.950e-01, 1.168e+05, 0.000e+00, 1.812e-05, 0.000e+00, 2.122e+00, 9.983e+02, 7.959e-09
6.050e-01, 5.000e-01, -6.850e-01, 1.167e+05, 0.000e+00, 3.175e-05, 0.000e+00, 2.120e+00, 9.983e+02, 1.395e-08
6.050e-01, 5.000e-01, -6.750e-01, 1.166e+05, 0.000e+00, 5.854e-05, 0.000e+00, 2.119e+00, 9.983e+02, 2.571e-08
6.050e-01, 5.000e-01, -6.650e-01, 1.165e+05, 0.000e+00, 1.016e-04, 0.000e+00, 2.117e+00, 9.983e+02, 4.462e-08
6.050e-01, 5.000e-01, -6.550e-01, 1.164e+05, 0.000e+00, 1.613e-04, 0.000e+00, 2.115e+00, 9.983e+02, 7.083e-08
6.050e-01, 5.000e-01, -6.450e-01, 1.163e+05, 0.000e+00, 2.325e-04, 0.000e+00, 2.113e+00, 9.983e+02, 1.021e-07
6.050e-01, 5.000e-01, -6.350e-01, 1.162e+05, 0.000e+00, 3.046e-04, 0.000e+00, 2.111e+00, 9.983e+02, 1.338e-07
6.050e-01, 5.000e-01, -6.250e-01, 1.146e+05, 0.000e+00, 3.631e-04, 0.000e+00, 2.083e+00, 9.983e+02, 1.631e-07
6.050e-01, 5.000e-01, -6.150e-01, 1.145e+05, 0.000e+00, 3.953e-04, 0.000e+00, 2.081e+00, 9.983e+02, 1.776e-07
6.050e-01, 5.000e-01, -6.050e-01, 1.144e+05, 0.000e+00, 4.010e-04, 0.000e+00, 2.079e+00, 9.983e+02, 1.802e-07
6.050e-01, 5.000e-01, -5.950e-01, 1.144e+05, 0.000e+00, 3.882e-04, 0.000e+00, 2.077e+00, 9.983e+02, 1.744e-07
6.050e-01, 5.000e-01, -5.850e-01, 1.143e+05, 0.000e+00, 3.651e-04, 0.000e+00, 2.075e+00, 9.983e+02, 1.640e-07
6.050e-01, 5.000e-01, -5.750e-01, 1.142e+05, 0.000e+00, 3.374e-04, 0.000e+00, 2.074e+00, 9.983e+02, 1.516e-07
6.050e-01, 5.000e-01, -5.650e-01, 1.141e+05, 0.000e+00, 3.091e-04, 0.000e+00, 2.072e+00, 9.983e+02, 1.389e-07
6.050e-01, 5.000e-01, -5.550e-01, 1.140e+05, 0.000e+00, 2.816e-04, 0.000e+00, 2.070e+00, 9.983e+02, 1.265e-07
6.050e-01, 5.000e-01, -5.450e-01, 1.139e+05, 0.000e+00, 2.548e-04, 0.000e+00, 2.068e+00, 9.983e+02, 1.145e-07
6.050e-01, 5.000e-01, -5.350e-01, 1.138e+05, 0.000e+00, 2.280e-04, 0.000e+00, 2.067e+00, 9.983e+02, 1.024e-07
6.050e-01, 5.000e-01, -5.250e-01, 1.137e+05, 0.000e+00, 2.010e-04, 0.000e+00, 2.065e+00, 9.983e+02, 9.027e-08
6.050e-01, 5.000e-01, -5.150e-01, 1.136e+05, 0.000e+00, 1.742e-04, 0.000e+00, 2.063e+00, 9.983e+02, 7.826e-08
6.050e-01, 5.000e-01, -5.050e-01, 1.135e+05, 0.000e+00, 1.484e-04, 0.000e+00, 2.061e+00, 9.983e+02, 6.665e-08
6.050e-01, 5.000e-01, -4.950e-01, 1.134e+05, 0.000e+00, 1.248e-04, 0.000e+00, 2.059e+00, 9.983e+02, 5.551e-08
6.050e-01, 5.000e-01, -4.850e-01, 1.133e+05, 0.000e+00, 1.044e-04, 0.000e+00, 2.059e+00, 9.983e+02, 4.585e-08
6.050e-01, 5.000e-01, -4.750e-01, 1.133e+05, 0.000e+00, 8.814e-05, 0.000e+00, 2.057e+00, 9.983e+02, 3.872e-08
6.050e-01, 5.000e-01, -4.650e-01, 1.132e+05, 0.000e+00, 7.916e-05, 0.000e+00, 2.055e+00, 9.983e+02, 3.477e-08
6.050e-01, 5.000e-01, -4.550e-01, 1.131e+05, 0.000e+00, 8.158e-05, 0.000e+00, 2.054e+00, 9.983e+02, 3.583e-08
6.050e-01, 5.000e-01, -4.450e-01, 1.129e+05, 0.000e+00, 1.042e-04, 0.000e+00, 2.050e+00, 9.983e+02, 4.472e-08
6.050e-01, 5.000e-01, -4.350e-01, 1.128e+05, 0.000e+00, 1.313e-04, 0.000e+00, 2.048e+00, 9.983e+02, 5.636e-08
6.050e-01, 5.000e-01, -4.250e-01, 1.127e+05, 0.000e+00, 1.619e-04, 0.000e+00, 2.047e+00, 9.983e+02, 6.948e-08
6.050e-01, 5.000e-01, -4.150e-01, 1.126e+05, 0.000e+00, 2.014e-04, 0.000e+00, 2.045e+00, 9.983e+02, 8.647e-08
6.050e-01, 5.000e-01, -4.050e-01, 1.125e+05, 0.000e+00, 2.325e-04, 0.000e+00, 2.043e+00, 9.983e+02, 9.982e-08
6.050e-01, 5.000e-01, -3.950e-01, 1.124e+05, 0.000e+00, 2.378e-04, 0.000e+00, 2.041e+00, 9.983e+02, 1.021e-07
6.050e-01, 5.000e-01, -3.850e-01, 1.123e+05, 0.000e+00, 2.347e-04, 0.000e+00, 2.039e+00, 9.983e+02, 1.008e-07
6.050e-01, 5.000e-01, -3.750e-01, 1.122e+05, 0.000e+00, 2.398e-04, 0.000e+00, 2.038e+00, 9.983e+02, 1.030e-07
6.050e-01, 5.000e-01, -3.650e-01, 1.121e+05, 0.000e+00, 2.563e-04, 0.000e+00, 2.036e+00, 9.983e+02, 1.100e-07
6.050e-01, 5.000e-01, -3.550e-01, 1.120e+05, 0.000e+00, 2.835e-04, 0.000e+00, 2.034e+00, 9.983e+02, 1.217e-07
6.050e-01, 5.000e-01, -3.450e-01, 1.119e+05, 0.000e+00, 3.179e-04, 0.000e+00, 2.032e+00, 9.983e+02, 1.379e-07
6.050e-01, 5.000e-01, -3.350e-01, 1.118e+05, 0.000e+00, 3.466e-04, 0.000e+00, 2.031e+00, 9.983e+02, 1.557e-07
6.050e-01, 5.000e-01, -3.250e-01, 1.117e+05, 0.000e+00, 3.541e-04, 0.000e+00, 2.029e+00, 9.983e+02, 1.591e-07
6.050e-01, 5.000e-01, -3.150e-01, 1.116e+05, 0.000e+00, 3.434e-04, 0.000e+00, 2.027e+00, 9.983e+02, 1.543e-07
6.050e-01, 5.000e-01, -3.050e-01, 1.115e+05, 0.000e+00, 3.170e-04, 0.000e+00, 2.025e+00, 9.983e+02, 1.424e-07
6.050e-01, 5.000e-01, -2.950e-01, 1.114e+05, 0.000e+00, 2.791e-04, 0.000e+00, 2.024e+00, 9.983e+02, 1.254e-07
6.050e-01, 5.000e-01, -2.850e-01, 1.113e+05, 0.000e+00, 2.343e-04, 0.000e+00, 2.022e+00, 9.983e+02, 1.053e-07
6.050e-01, 5.000e-01, -2.750e-01, 1.112e+05, 0.000e+00, 1.974e-04, 0.000e+00, 2.020e+00, 9.983e+02, 8.869e-08
6.050e-01, 5.000e-01, -2.650e-01, 1.111e+05, 0.000e+00, 1.707e-04, 0.000e+00, 2.018e+00, 9.983e+02, 7.669e-08
6.050e-01, 5.000e-01, -2.550e-01, 1.110e+05, 0.000e+00, 1.488e-04, 0.000e+00, 2.016e+00, 9.983e+02, 6.632e-08
6.050e-01, 5.000e-01, -2.450e-01, 1.110e+05, 0.000e+00, 1.297e-04, 0.000e+00, 2.016e+00, 9.983e+02, 5.695e-08
6.050e-01, 5.000e-01, -2.350e-01, 1.109e+05, 0.000e+00, 1.132e-04, 0.000e+00, 2.014e+00, 9.983e+02, 4.973e-08
6.050e-01, 5.000e-01, -2.250e-01, 1.108e+05, 0.000e+00, 1.001e-04, 0.000e+00, 2.012e+00, 9.983e+02, 4.395e-08
6.050e-01, 5.000e-01, -2.150e-01, 1.107e+05, 0.000e+00, 9.073e-05, 0.000e+00, 2.011e+00, 9.983e+02, 3.985e-08
6.050e-01, 5.000e-01, -2.050e-01, 1.106e+05, 0.000e+00, 8.645e-05, 0.000e+00, 2.009e+00, 9.983e+02, 3.797e-08
6.050e-01, 5.000e-01, -1.950e-01, 1.105e+05, 0.000e+00, 9.075e-05, 0.000e+00, 2.007e+00, 9.983e+02, 3.986e-08
6.050e-01, 5.000e-01, -1.850e-01, 1.104e+05, 0.000e+00, 1.108e-04, 0.000e+00, 2.005e+00, 9.983e+02, 4.831e-08
6.050e-01, 5.000e-01, -1.750e-01, 1.105e+05, 0.000e+00, 1.493e-04, 0.000e+00, 2.007e+00, 9.983e+02, 6.408e-08
6.050e-01, 5.000e-01, -1.650e-01, 1.104e+05, 0.000e+00, 1.890e-04, 0.000e+00, 2.005e+00, 9.983e+02, 8.112e-08
6.050e-01, 5.000e-01, -1.550e-01, 1.103e+05, 0.000e+00, 2.067e-04, 0.000e+00, 2.004e+00, 9.983e+02, 8.871e-08
6.050e-01, 5.000e-01, -1.450e-01, 1.102e+05, 0.000e+00, 1.872e-04, 0.000e+00, 2.002e+00, 9.983e+02, 8.036e-08
6.050e-01, 5.000e-01, -1.350e-01, 1.101e+05, 0.000e+00, 1.420e-04, 0.000e+00, 2.000e+00, 9.983e+02, 6.094e-08
6.050e-01, 5.000e-01, -1.250e-01, 1.100e+05, 0.000e+00, 9.515e-05, 0.000e+00, 1.998e+00, 9.983e+02, 4.085e-08
6.050e-01, 5.000e-01, -1.150e-01, 1.111e+05, 0.000e+00, 5.675e-05, 0.000e+00, 2.018e+00, 9.983e+02, 2.492e-08
6.050e-01, 5.000e-01, -1.050e-01, 1.110e+05, 0.000e+00, 3.167e-05, 0.000e+00, 2.017e+00, 9.983e+02, 1.391e-08
6.050e-01, 5.000e-01, -9.500e-02, 1.109e+05, 0.000e+00, 1.655e-05, 0.000e+00, 2.015e+00, 9.983e+02, 7.271e-09
6.050e-01, 5.000e-01, -8.500e-02, 1.108e+05, 0.000e+00, 8.145e-06, 0.000e+00, 2.013e+00, 9.983e+02, 3.578e-09
6.050e-01, 5.000e-01, -7.500e-02, 1.107e+05, 0.000e+00, 3.781e-06, 0.000e+00, 2.011e+00, 9.983e+02, 1.661e-09
6.050e-01, 5.000e-01, -6.500e-02, 1.106e+05, 0.000e+00, 1.658e-06, 0.000e+00, 2.009e+00, 9.983e+02, 7.280e-10
6.050e-01, 5.000e-01, -5.500e-02, 1.105e+05, 0.000e+00, 6.873e-07, 0.000e+00, 2.008e+00, 9.983e+02, 3.019e-10
6.050e-01, 5.000e-01, -4.500e-02, 1.104e+05, 0.000e+00, 2.699e-07, 0.000e+00, 2.006e+00, 9.983e+02, 1.185e-10
6.050e-01, 5.000e-01, -3.500e-02, 1.103e+05, 0.000e+00, 1.006e-07, 0.000e+00, 2.004e+00, 9.983e+02, 4.417e-11
6.050e-01, 5.000e-01, -2.500e-02, 1.102e+05, 0.000e+00, 3.572e-08, 0.000e+00, 2.002e+00, 9.983e+02, 1.569e-11
6.050e-01, 5.000e-01, -1.500e-02, 1.101e+05, 0.000e+00, 1.236e-08, 0.000e+00, 2.000e+00, 9.983e+02, 5.427e-12
6.050e-01, 5.000e-01, -5.000e-03, 1.100e+05, 0.000e+00, 4.741e-09, 0.000e+00, 1.999e+00, 9.983e+02, 2.082e-12
6.150e-01, 5.000e-01, -1.195e+00, 1.202e+05, 0.000e+00, 1.002e-13, 0.000e+00, 2.184e+00, 9.983e+02, 2.000e-17
6.150e-01, 5.000e-01, -1.185e+00, 1.201e+05, 0.000e+00, 1.002e-13, 0.000e+00, 2.182e+00, 9.983e+02, 2.000e-17
6.150e-01, 5.000e-01, -1.175e+00, 1.200e+05, 0.000e+00, 1.002e-13, 0.000e+00, 2.181e+00, 9.983e+02, 2.000e-17
6.150e-01, 5.000e-01, -1.165e+00, 1.199e+05, 0.000e+00, 1.002e-13, 0.000e+00, 2.179e+00, 9.983e+02, 2.000e-17
6.150e-01, 5.000e-01, -1.155e+00, 1.198e+05, 0.000e+00, 1.002e-13, 0.000e+00, 2.177e+00, 9.983e+02, 2.000e-17
6.150e-01, 5.000e-01, -1.145e+00, 1.197e+05, 0.000e+00, 1.349e-11, 0.000e+00, 2.175e+00, 9.983e+02, 2.896e-15
6.150e-01, 5.000e-01, -1.135e+00, 1.196e+05, 0.000e+00, 1.348e-03, 0.000e+00, 2.174e+00, 9.985e+02, 5.788e-07
6.150e-01, 5.000e-01, -1.125e+00, 1.195e+05, 0.000e+00, 1.318e-03, 0.000e+00, 2.172e+00, 9.985e+02, 5.660e-07
6.150e-01, 5.000e-01, -1.115e+00, 1.194e+05, 0.000e+00, 1.275e-03, 0.000e+00, 2.170e+00, 9.985e+02, 5.473e-07
6.150e-01, 5.000e-01, -1.105e+00, 1.193e+05, 0.000e+00, 1.220e-03, 0.000e+00, 2.168e+00, 9.985e+02, 5.237e-07
6.150e-01, 5.000e-01, -1.095e+00, 1.192e+05, 0.000e+00, 1.145e-03, 0.000e+00, 2.167e+00, 9.985e+02, 4.917e-07
6.150e-01, 5.000e-01, -1.085e+00, 1.191e+05, 0.000e+00, 1.052e-03, 0.000e+00, 2.165e+00, 9.985e+02, 4.516e-07
6.150e-01, 5.000e-01, -1.075e+00, 1.190e+05, 0.000e+00, 9.496e-04, 0.000e+00, 2.163e+00, 9.984e+02, 4.077e-07
6.150e-01, 5.000e-01, -1.065e+00, 1.189e+05, 0.000e+00, 8.515e-04, 0.000e+00, 2.161e+00, 9.984e+02, 3.656e-07
6.150e-01, 5.000e-01, -1.055e+00, 1.188e+05, 0.000e+00, 7.663e-04, 0.000e+00, 2.159e+00, 9.984e+02, 3.290e-07
6.150e-01, 5.000e-01, -1.045e+00, 1.187e+05, 0.000e+00, 6.963e-04, 0.000e+00, 2.158e+00, 9.984e+02, 2.989e-07
6.150e-01, 5.000e-01, -1.035e+00, 1.186e+05, 0.000e+00, 6.392e-04, 0.000e+00, 2.156e+00, 9.984e+02, 2.744e-07
6.150e-01, 5.000e-01, -1.025e+00, 1.185e+05, 0.000e+00, 5.915e-04, 0.000e+00, 2.154e+00, 9.984e+02, 2.539e-07
6.150e-01, 5.000e-01, -1.015e+00, 1.185e+05, 0.000e+00, 5.496e-04, 0.000e+00, 2.152e+00, 9.984e+02, 2.360e-07
6.150e-01, 5.000e-01, -1.005e+00, 1.184e+05, 0.000e+00, 5.113e-04, 0.000e+00, 2.150e+00, 9.984e+02, 2.195e-07
6.150e-01, 5.000e-01, -9.950e-01, 1.183e+05, 0.000e+00, 4.740e-04, 0.000e+00, 2.149e+00, 9.983e+02, 2.035e-07
6.150e-01, 5.000e-01, -9.850e-01, 1.182e+05, 0.000e+00, 4.362e-04, 0.000e+00, 2.147e+00, 9.983e+02, 1.873e-07
6.150e-01, 5.000e-01, -9.750e-01, 1.181e+05, 0.000e+00, 3.989e-04, 0.000e+00, 2.145e+00, 9.983e+02, 1.713e-07
6.150e-01, 5.000e-01, -9.650e-01, 1.180e+05, 0.000e+00, 3.672e-04, 0.000e+00, 2.143e+00, 9.983e+02, 1.576e-07
6.150e-01, 5.000e-01, -9.550e-01, 1.179e+05, 0.000e+00, 3.439e-04, 0.000e+00, 2.141e+00, 9.983e+02, 1.476e-07
6.150e-01, 5.000e-01, -9.450e-01, 1.178e+05, 0.000e+00, 3.276e-04, 0.000e+00, 2.140e+00, 9.983e+02, 1.406e-07
6.150e-01, 5.000e-01, -9.350e-01, 1.177e+05, 0.000e+00, 3.187e-04, 0.000e+00, 2.138e+00, 9.983e+02, 1.368e-07
6.150e-01, 5.000e-01, -9.250e-01, 1.176e+05, 0.000e+00, 3.185e-04, 0.000e+00, 2.136e+00, 9.983e+02, 1.367e-07
6.150e-01, 5.000e-01, -9.150e-01, 1.175e+05, 0.000e+00, 3.235e-04, 0.000e+00, 2.134e+00, 9.983e+02, 1.389e-07
6.150e-01, 5.000e-01, -9.050e-01, 1.174e+05, 0.000e+00, 3.272e-04, 0.000e+00, 2.132e+00, 9.983e+02, 1.405e-07
6.150e-01, 5.000e-01, -8.950e-01, 1.173e+05, 0.000e+00, 3.254e-04, 0.000e+00, 2.131e+00, 9.983e+02, 1.397e-07
6.150e-01, 5.000e-01, -8.850e-01, 1.172e+05, 0.000e+00, 3.180e-04, 0.000e+00, 2.129e+00, 9.983e+02, 1.365e-07
6.150e-01, 5.000e-01, -8.750e-01, 1.171e+05, 0.000e+00, 3.077e-04, 0.000e+00, 2.127e+00, 9.983e+02, 1.321e-07
6.150e-01, 5.000e-01, -8.650e-01, 1.170e+05, 0.000e+00, 2.981e-04, 0.000e+00, 2.125e+00, 9.983e+02, 1.280e-07
6.150e-01, 5.000e-01, -8.550e-01, 1.169e+05, 0.000e+00, 2.912e-04, 0.000e+00, 2.124e+00, 9.983e+02, 1.250e-07
6.150e-01, 5.000e-01, -8.450e-01, 1.168e+05, 0.000e+00, 2.873e-04, 0.000e+00, 2.122e+00, 9.983e+02, 1.233e-07
6.150e-01, 5.000e-01, -8.350e-01, 1.167e+05, 0.000e+00, 2.865e-04, 0.000e+00, 2.120e+00, 9.983e+02, 1.230e-07
6.150e-01, 5.000e-01, -8.250e-01, 1.166e+05, 0.000e+00, 2.887e-04, 0.000e+00, 2.118e+00, 9.983e+02, 1.239e-07
6.150e-01, 5.000e-01, -8.150e-01, 1.165e+05, 0.000e+00, 2.942e-04, 0.000e+00, 2.116e+00, 9.983e+02, 1.263e-07
6.150e-01, 5.000e-01, -8.050e-01, 1.164e+05, 0.000e+00, 3.025e-04, 0.000e+00, 2.115e+00, 9.983e+02, 1.299e-07
6.150e-01, 5.000e-01, -7.950e-01, 1.163e+05, 0.000e+00, 3.041e-04, 0.000e+00, 2.113e+00, 9.983e+02, 1.306e-07
6.150e-01, 5.000e-01, -7.850e-01, 1.177e+05, 0.000e+00, 2.548e-04, 0.000e+00, 2.138e+00, 9.983e+02, 1.115e-07
6.150e-01, 5.000e-01, -7.750e-01, 1.176e+05, 0.000e+00, 2.061e-04, 0.000e+00, 2.136e+00, 9.983e+02, 9.053e-08
6.150e-01, 5.000e-01, -7.650e-01, 1.175e+05, 0.000e+00, 1.616e-04, 0.000e+00, 2.135e+00, 9.983e+02, 7.099e-08
6.150e-01, 5.000e-01, -7.550e-01, 1.174e+05, 0.000e+00, 1.205e-04, 0.000e+00, 2.133e+00, 9.983e+02, 5.291e-08
6.150e-01, 5.000e-01, -7.450e-01, 1.173e+05, 0.000e+00, 8.400e-05, 0.000e+00, 2.131e+00, 9.983e+02, 3.690e-08
6.150e-01, 5.000e-01, -7.350e-01, 1.172e+05, 0.000e+00, 5.435e-05, 0.000e+00, 2.129e+00, 9.983e+02, 2.387e-08
6.150e-01, 5.000e-01, -7.250e-01, 1.171e+05, 0.000e+00, 3.289e-05, 0.000e+00, 2.127e+00, 9.983e+02, 1.445e-08
6.150e-01, 5.000e-01, -7.150e-01, 1.170e+05, 0.000e+00, 1.978e-05, 0.000e+00, 2.126e+00, 9.983e+02, 8.689e-09
6.150e-01, 5.000e-01, -7.050e-01, 1.169e+05, 0.000e+00, 1.461e-05, 0.000e+00, 2.124e+00, 9.983e+02, 6.417e-09
6.150e-01, 5.000e-01, -6.950e-01, 1.168e+05, 0.000e+00, 1.758e-05, 0.000e+00, 2.122e+00, 9.983e+02, 7.720e-09
6.150e-01, 5.000e-01, -6.850e-01, 1.167e+05, 0.000e+00, 3.036e-05, 0.000e+00, 2.120e+00, 9.983e+02, 1.333e-08
6.150e-01, 5.000e-01, -6.750e-01, 1.166e+05, 0.000e+00, 5.607e-05, 0.000e+00, 2.119e+00, 9.983e+02, 2.463e-08
6.150e-01, 5.000e-01, -6.650e-01, 1.165e+05, 0.000e+00, 9.789e-05, 0.000e+00, 2.117e+00, 9.983e+02, 4.300e-08
6.150e-01, 5.000e-01, -6.550e-01, 1.164e+05, 0.000e+00, 1.564e-04, 0.000e+00, 2.115e+00, 9.983e+02, 6.871e-08
6.150e-01, 5.000e-01, -6.450e-01, 1.163e+05, 0.000e+00, 2.271e-04, 0.000e+00, 2.113e+00, 9.983e+02, 9.975e-08
6.150e-01, 5.000e-01, -6.350e-01, 1.162e+05, 0.000e+00, 2.994e-04, 0.000e+00, 2.111e+00, 9.983e+02, 1.315e-07
6.150e-01, 5.000e-01, -6.250e-01, 1.146e+05, 0.000e+00, 3.588e-04, 0.000e+00, 2.083e+00, 9.983e+02, 1.609e-07
6.150e-01, 5.000e-01, -6.150e-01, 1.145e+05, 0.000e+00, 3.922e-04, 0.000e+00, 2.081e+00, 9.983e+02, 1.762e-07
6.150e-01, 5.000e-01, -6.050e-01, 1.144e+05, 0.000e+00, 3.995e-04, 0.000e+00, 2.079e+00, 9.983e+02, 1.795e-07
6.150e-01, 5.000e-01, -5.950e-01, 1.144e+05, 0.000e+00, 3.874e-04, 0.000e+00, 2.077e+00, 9.983e+02, 1.740e-07
6.150e-01, 5.000e-01, -5.850e-01, 1.143e+05, 0.000e+00, 3.642e-04, 0.000e+00, 2.075e+00, 9.983e+02, 1.636e-07
6.150e-01, 5.000e-01, -5.750e-01, 1.142e+05, 0.000e+00, 3.359e-04, 0.000e+00, 2.074e+00, 9.983e+02, 1.509e-07
6.150e-01, 5.000e-01, -5.650e-01, 1.141e+05, 0.000e+00, 3.064e-04, 0.000e+00, 2.072e+00, 9.983e+02, 1.376e-07
6.150e-01, 5.000e-01, -5.550e-01, 1.140e+05, 0.000e+00, 2.772e-04, 0.000e+00, 2.070e+00, 9.983e+02, 1.245e-07
6.150e-01, 5.000e-01, -5.450e-01, 1.139e+05, 0.000e+00, 2.485e-04, 0.000e+00, 2.068e+00, 9.983e+02, 1.117e-07
6.150e-01, 5.000e-01, -5.350e-01, 1.138e+05, 0.000e+00, 2.206e-04, 0.000e+00, 2.067e+00, 9.983e+02, 9.908e-08
6.150e-01, 5.000e-01, -5.250e-01, 1.137e+05, 0.000e+00, 1.934e-04, 0.000e+00, 2.065e+00, 9.983e+02, 8.686e-08
6.150e-01, 5.000e-01, -5.150e-01, 1.136e+05, 0.000e+00, 1.670e-04, 0.000e+00, 2.063e+00, 9.983e+02, 7.503e-08
6.150e-01, 5.000e-01, -5.050e-01, 1.135e+05, 0.000e+00, 1.418e-04, 0.000e+00, 2.061e+00, 9.983e+02, 6.371e-08
6.150e-01, 5.000e-01, -4.950e-01, 1.134e+05, 0.000e+00, 1.188e-04, 0.000e+00, 2.059e+00, 9.983e+02, 5.292e-08
6.150e-01, 5.000e-01, -4.850e-01, 1.133e+05, 0.000e+00, 9.929e-05, 0.000e+00, 2.059e+00, 9.983e+02, 4.361e-08
6.150e-01, 5.000e-01, -4.750e-01, 1.133e+05, 0.000e+00, 8.483e-05, 0.000e+00, 2.057e+00, 9.983e+02, 3.726e-08
6.150e-01, 5.000e-01, -4.650e-01, 1.132e+05, 0.000e+00, 7.945e-05, 0.000e+00, 2.055e+00, 9.983e+02, 3.490e-08
6.150e-01, 5.000e-01, -4.550e-01, 1.131e+05, 0.000e+00, 8.787e-05, 0.000e+00, 2.054e+00, 9.983e+02, 3.857e-08
6.150e-01, 5.000e-01, -4.450e-01, 1.129e+05, 0.000e+00, 1.182e-04, 0.000e+00, 2.050e+00, 9.983e+02, 5.075e-08
6.150e-01, 5.000e-01, -4.350e-01, 1.128e+05, 0.000e+00, 1.535e-04, 0.000e+00, 2.048e+00, 9.983e+02, 6.590e-08
6.150e-01, 5.000e-01, -4.250e-01, 1.127e+05, 0.000e+00, 1.891e-04, 0.000e+00, 2.047e+00, 9.983e+02, 8.118e-08
6.150e-01, 5.000e-01, -4.150e-01, 1.126e+05, 0.000e+00, 2.210e-04, 0.000e+00, 2.045e+00, 9.983e+02, 9.486e-08
6.150e-01, 5.000e-01, -4.050e-01, 1.125e+05, 0.000e+00, 2.354e-04, 0.000e+00, 2.043e+00, 9.983e+02, 1.010e-07
6.150e-01, 5.000e-01, -3.950e-01, 1.124e+05, 0.000e+00, 2.291e-04, 0.000e+00, 2.041e+00, 9.983e+02, 9.835e-08
6.150e-01, 5.000e-01, -3.850e-01, 1.123e+05, 0.000e+00, 2.206e-04, 0.000e+00, 2.039e+00, 9.983e+02, 9.471e-08
6.150e-01, 5.000e-01, -3.750e-01, 1.122e+05, 0.000e+00, 2.211e-04, 0.000e+00, 2.038e+00, 9.983e+02, 9.491e-08
6.150e-01, 5.000e-01, -3.650e-01, 1.121e+05, 0.000e+00, 2.347e-04, 0.000e+00, 2.036e+00, 9.983e+02, 1.007e-07
6.150e-01, 5.000e-01, -3.550e-01, 1.120e+05, 0.000e+00, 2.629e-04, 0.000e+00, 2.034e+00, 9.983e+02, 1.129e-07
6.150e-01, 5.000e-01, -3.450e-01, 1.119e+05, 0.000e+00, 3.047e-04, 0.000e+00, 2.032e+00, 9.983e+02, 1.321e-07
6.150e-01, 5.000e-01, -3.350e-01, 1.118e+05, 0.000e+00, 3.465e-04, 0.000e+00, 2.031e+00, 9.983e+02, 1.557e-07
6.150e-01, 5.000e-01, -3.250e-01, 1.117e+05, 0.000e+00, 3.637e-04, 0.000e+00, 2.029e+00, 9.983e+02, 1.634e-07
6.150e-01, 5.000e-01, -3.150e-01, 1.116e+05, 0.000e+00, 3.591e-04, 0.000e+00, 2.027e+00, 9.983e+02, 1.613e-07
6.150e-01, 5.000e-01, -3.050e-01, 1.115e+05, 0.000e+00, 3.361e-04, 0.000e+00, 2.025e+00, 9.983e+02, 1.510e-07
6.150e-01, 5.000e-01, -2.950e-01, 1.114e+05, 0.000e+00, 3.012e-04, 0.000e+00, 2.024e+00, 9.983e+02, 1.353e-07
6.150e-01, 5.000e-01, -2.850e-01, 1.113e+05, 0.000e+00, 2.589e-04, 0.000e+00, 2.022e+00, 9.983e+02, 1.163e-07
6.150e-01, 5.000e-01, -2.750e-01, 1.112e+05, 0.000e+00, 2.141e-04, 0.000e+00, 2.020e+00, 9.983e+02, 9.619e-08
6.150e-01, 5.000e-01, -2.650e-01, 1.111e+05, 0.000e+00, 1.784e-04, 0.000e+00, 2.018e+00, 9.983e+02, 8.013e-08
6.150e-01, 5.000e-01, -2.550e-01, 1.110e+05, 0.000e+00, 1.525e-04, 0.000e+00, 2.016e+00, 9.983e+02, 6.802e-08
6.150e-01, 5.000e-01, -2.450e-01, 1.110e+05, 0.000e+00, 1.310e-04, 0.000e+00, 2.016e+00, 9.983e+02, 5.754e-08
6.150e-01, 5.000e-01, -2.350e-01, 1.109e+05, 0.000e+00, 1.124e-04, 0.000e+00, 2.014e+00, 9.983e+02, 4.936e-08
6.150e-01, 5.000e-01, -2.250e-01, 1.108e+05, 0.000e+00, 9.719e-05, 0.000e+00, 2.012e+00, 9.983e+02, 4.269e-08
6.150e-01, 5.000e-01, -2.150e-01, 1.107e+05, 0.000e+00, 8.584e-05, 0.000e+00, 2.011e+00, 9.983e+02, 3.770e-08
6.150e-01, 5.000e-01, -2.050e-01, 1.106e+05, 0.000e+00, 7.942e-05, 0.000e+00, 2.009e+00, 9.983e+02, 3.488e-08
6.150e-01, 5.000e-01, -1.950e-01, 1.105e+05, 0.000e+00, 8.084e-05, 0.000e+00, 2.007e+00, 9.983e+02, 3.551e-08
6.150e-01, 5.000e-01, -1.850e-01, 1.104e+05, 0.000e+00, 9.589e-05, 0.000e+00, 2.005e+00, 9.983e+02, 4.166e-08
6.150e-01, 5.000e-01, -1.750e-01, 1.105e+05, 0.000e+00, 1.287e-04, 0.000e+00, 2.007e+00, 9.983e+02, 5.527e-08
6.150e-01, 5.000e-01, -1.650e-01, 1.104e+05, 0.000e+00, 1.701e-04, 0.000e+00, 2.005e+00, 9.983e+02, 7.304e-08
6.150e-01, 5.000e-01, -1.550e-01, 1.103e+05, 0.000e+00, 1.979e-04, 0.000e+00, 2.004e+00, 9.983e+02, 8.494e-08
6.150e-01, 5.000e-01, -1.450e-01, 1.102e+05, 0.000e+00, 1.880e-04, 0.000e+00, 2.002e+00, 9.983e+02, 8.070e-08
6.150e-01, 5.000e-01, -1.350e-01, 1.101e+05, 0.000e+00, 1.465e-04, 0.000e+00, 2.000e+00, 9.983e+02, 6.289e-08
6.150e-01, 5.000e-01, -1.250e-01, 1.100e+05, 0.000e+00, 9.864e-05, 0.000e+00, 1.998e+00, 9.983e+02, 4.234e-08
6.150e-01, 5.000e-01, -1.150e-01, 1.111e+05, 0.000e+00, 5.902e-05, 0.000e+00, 2.018e+00, 9.983e+02, 2.592e-08
6.150e-01, 5.000e-01, -1.050e-01, 1.110e+05, 0.000e+00, 3.288e-05, 0.000e+00, 2.017e+00, 9.983e+02, 1.444e-08
6.150e-01, 5.000e-01, -9.500e-02, 1.109e+05, 0.000e+00, 1.713e-05, 0.000e+00, 2.015e+00, 9.983e+02, 7.523e-09
6.150e-01, 5.000e-01, -8.500e-02, 1.108e+05, 0.000e+00, 8.397e-06, 0.000e+00, 2.013e+00, 9.983e+02, 3.688e-09
6.150e-01, 5.000e-01, -7.500e-02, 1.107e+05, 0.000e+00, 3.886e-06, 0.000e+00, 2.011e+00, 9.983e+02, 1.707e-09
6.150e-01, 5.000e-01, -6.500e-02, 1.106e+05, 0.000e+00, 1.700e-06, 0.000e+00, 2.009e+00, 9.983e+02, 7.466e-10
6.150e-01, 5.000e-01, -5.500e-02, 1.105e+05, 0.000e+00, 7.036e-07, 0.000e+00, 2.008e+00, 9.983e+02, 3.090e-10
6.150e-01, 5.000e-01, -4.500e-02, 1.104e+05, 0.000e+00, 2.759e-07, 0.000e+00, 2.006e+00, 9.983e+02, 1.212e-10
6.150e-01, 5.000e-01, -3.500e-02, 1.103e+05, 0.000e+00, 1.027e-07, 0.000e+00, 2.004e+00, 9.983e+02, 4.511e-11
6.150e-01, 5.000e-01, -2.500e-02, 1.102e+05, 0.000e+00, 3.644e-08, 0.000e+00, 2.002e+00, 9.983e+02, 1.600e-11
6.150e-01, 5.000e-01, -1.500e-02, 1.101e+05, 0.000e+00, 1.259e-08, 0.000e+00, 2.000e+00, 9.983e+02, 5.531e-12
6.150e-01, 5.000e-01, -5.000e-03, 1.100e+05, 0.000e+00, 4.829e-09, 0.000e+00, 1.999e+00, 9.983e+02, 2.121e-12
6.250e-01, 5.000e-01, -1.195e+00, 1.202e+05, 0.000e+00, 1.002e-13, 0.000e+00, 2.184e+00, 9.983e+02, 2.000e-17
6.250e-01, 5.000e-01, -1.185e+00, 1.201e+05, 0.000e+00, 1.002e-13, 0.000e+00, 2.182e+00, 9.983e+02, 2.000e-17
6.250e-01, 5.000e-01, -1.175e+00, 1.200e+05, 0.000e+00, 1.002e-13, 0.000e+00, 2.181e+00, 9.983e+02, 2.000e-17
6.250e-01, 5.000e-01, -1.165e+00, 1.199e+05, 0.000e+00, 1.002e-13, 0.000e+00, 2.179e+00, 9.983e+02, 2.000e-17
6.250e-01, 5.000e-01, -1.155e+00, 1.198e+05, 0.000e+00, 1.002e-13, 0.000e+00, 2.177e+00, 9.983e+02, 2.000e-17
6.250e-01, 5.000e-01, -1.145e+00, 1.197e+05, 0.000e+00, 7.672e-12, 0.000e+00, 2.175e+00, 9.983e+02, 1.562e-15
6.250e-01, 5.000e-01, -1.135e+00, 1.196e+05, 0.000e+00, 1.339e-03, 0.000e+00, 2.174e+00, 9.985e+02, 5.749e-07
6.250e-01, 5.000e-01, -1.125e+00, 1.195e+05, 0.000e+00, 1.310e-03, 0.000e+00, 2.172e+00, 9.985e+02, 5.624e-07
6.250e-01, 5.000e-01, -1.115e+00, 1.194e+05, 0.000e+00, 1.271e-03, 0.000e+00, 2.170e+00, 9.985e+02, 5.459e-07
6.250e-01, 5.000e-01, -1.105e+00, 1.193e+05, 0.000e+00, 1.219e-03, 0.000e+00, 2.168e+00, 9.985e+02, 5.235e-07
6.250e-01, 5.000e-01, -1.095e+00, 1.192e+05, 0.000e+00, 1.145e-03, 0.000e+00, 2.167e+00, 9.985e+02, 4.915e-07
6.250e-01, 5.000e-01, -1.085e+00, 1.191e+05, 0.000e+00, 1.050e-03, 0.000e+00, 2.165e+00, 9.985e+02, 4.507e-07
6.250e-01, 5.000e-01, -1.075e+00, 1.190e+05, 0.000e+00, 9.465e-04, 0.000e+00, 2.163e+00, 9.984e+02, 4.063e-07
6.250e-01, 5.000e-01, -1.065e+00, 1.189e+05, 0.000e+00, 8.483e-04, 0.000e+00, 2.161e+00, 9.984e+02, 3.642e-07
6.250e-01, 5.000e-01, -1.055e+00, 1.188e+05, 0.000e+00, 7.638e-04, 0.000e+00, 2.159e+00, 9.984e+02, 3.279e-07
6.250e-01, 5.000e-01, -1.045e+00, 1.187e+05, 0.000e+00, 6.950e-04, 0.000e+00, 2.158e+00, 9.984e+02, 2.984e-07
6.250e-01, 5.000e-01, -1.035e+00, 1.186e+05, 0.000e+00, 6.395e-04, 0.000e+00, 2.156e+00, 9.984e+02, 2.745e-07
6.250e-01, 5.000e-01, -1.025e+00, 1.185e+05, 0.000e+00, 5.933e-04, 0.000e+00, 2.154e+00, 9.984e+02, 2.547e-07
6.250e-01, 5.000e-01, -1.015e+00, 1.185e+05, 0.000e+00, 5.530e-04, 0.000e+00, 2.152e+00, 9.984e+02, 2.374e-07
6.250e-01, 5.000e-01, -1.005e+00, 1.184e+05, 0.000e+00, 5.164e-04, 0.000e+00, 2.150e+00, 9.984e+02, 2.217e-07
6.250e-01, 5.000e-01, -9.950e-01, 1.183e+05, 0.000e+00, 4.812e-04, 0.000e+00, 2.149e+00, 9.984e+02, 2.066e-07
6.250e-01, 5.000e-01, -9.850e-01, 1.182e+05, 0.000e+00, 4.453e-04, 0.000e+00, 2.147e+00, 9.983e+02, 1.912e-07
6.250e-01, 5.000e-01, -9.750e-01, 1.181e+05, 0.000e+00, 4.089e-04, 0.000e+00, 2.145e+00, 9.983e+02, 1.755e-07
6.250e-01, 5.000e-01, -9.650e-01, 1.180e+05, 0.000e+00, 3.762e-04, 0.000e+00, 2.143e+00, 9.983e+02, 1.615e-07
6.250e-01, 5.000e-01, -9.550e-01, 1.179e+05, 0.000e+00, 3.513e-04, 0.000e+00, 2.141e+00, 9.983e+02, 1.508e-07
6.250e-01, 5.000e-01, -9.450e-01, 1.178e+05, 0.000e+00, 3.337e-04, 0.000e+00, 2.140e+00, 9.983e+02, 1.432e-07
6.250e-01, 5.000e-01, -9.350e-01, 1.177e+05, 0.000e+00, 3.219e-04, 0.000e+00, 2.138e+00, 9.983e+02, 1.382e-07
6.250e-01, 5.000e-01, -9.250e-01, 1.176e+05, 0.000e+00, 3.172e-04, 0.000e+00, 2.136e+00, 9.983e+02, 1.362e-07
6.250e-01, 5.000e-01, -9.150e-01, 1.175e+05, 0.000e+00, 3.192e-04, 0.000e+00, 2.134e+00, 9.983e+02, 1.370e-07
6.250e-01, 5.000e-01, -9.050e-01, 1.174e+05, 0.000e+00, 3.242e-04, 0.000e+00, 2.132e+00, 9.983e+02, 1.392e-07
6.250e-01, 5.000e-01, -8.950e-01, 1.173e+05, 0.000e+00, 3.271e-04, 0.000e+00, 2.131e+00, 9.983e+02, 1.404e-07
6.250e-01, 5.000e-01, -8.850e-01, 1.172e+05, 0.000e+00, 3.255e-04, 0.000e+00, 2.129e+00, 9.983e+02, 1.397e-07
6.250e-01, 5.000e-01, -8.750e-01, 1.171e+05, 0.000e+00, 3.202e-04, 0.000e+00, 2.127e+00, 9.983e+02, 1.375e-07
6.250e-01, 5.000e-01, -8.650e-01, 1.170e+05, 0.000e+00, 3.134e-04, 0.000e+00, 2.125e+00, 9.983e+02, 1.345e-07
6.250e-01, 5.000e-01, -8.550e-01, 1.169e+05, 0.000e+00, 3.075e-04, 0.000e+00, 2.124e+00, 9.983e+02, 1.320e-07
6.250e-01, 5.000e-01, -8.450e-01, 1.168e+05, 0.000e+00, 3.038e-04, 0.000e+00, 2.122e+00, 9.983e+02, 1.304e-07
6.250e-01, 5.000e-01, -8.350e-01, 1.167e+05, 0.000e+00, 3.027e-04, 0.000e+00, 2.120e+00, 9.983e+02, 1.299e-07
6.250e-01, 5.000e-01, -8.250e-01, 1.166e+05, 0.000e+00, 3.041e-04, 0.000e+00, 2.118e+00, 9.983e+02, 1.306e-07
6.250e-01, 5.000e-01, -8.150e-01, 1.165e+05, 0.000e+00, 3.077e-04, 0.000e+00, 2.116e+00, 9.983e+02, 1.321e-07
6.250e-01, 5.000e-01, -8.050e-01, 1.164e+05, 0.000e+00, 3.115e-04, 0.000e+00, 2.115e+00, 9.983e+02, 1.337e-07
6.250e-01, 5.000e-01, -7.950e-01, 1.163e+05, 0.000e+00, 3.062e-04, 0.000e+00, 2.113e+00, 9.983e+02, 1.314e-07
6.250e-01, 5.000e-01, -7.850e-01, 1.177e+05, 0.000e+00, 2.539e-04, 0.000e+00, 2.138e+00, 9.983e+02, 1.112e-07
6.250e-01, 5.000e-01, -7.750e-01, 1.176e+05, 0.000e+00, 2.088e-04, 0.000e+00, 2.136e+00, 9.983e+02, 9.172e-08
6.250e-01, 5.000e-01, -7.650e-01, 1.175e+05, 0.000e+00, 1.663e-04, 0.000e+00, 2.135e+00, 9.983e+02, 7.303e-08
6.250e-01, 5.000e-01, -7.550e-01, 1.174e+05, 0.000e+00, 1.256e-04, 0.000e+00, 2.133e+00, 9.983e+02, 5.516e-08
6.250e-01, 5.000e-01, -7.450e-01, 1.173e+05, 0.000e+00, 8.853e-05, 0.000e+00, 2.131e+00, 9.983e+02, 3.889e-08
6.250e-01, 5.000e-01, -7.350e-01, 1.172e+05, 0.000e+00, 5.777e-05, 0.000e+00, 2.129e+00, 9.983e+02, 2.537e-08
6.250e-01, 5.000e-01, -7.250e-01, 1.171e+05, 0.000e+00, 3.511e-05, 0.000e+00, 2.127e+00, 9.983e+02, 1.542e-08
6.250e-01, 5.000e-01, -7.150e-01, 1.170e+05, 0.000e+00, 2.093e-05, 0.000e+00, 2.126e+00, 9.983e+02, 9.195e-09
6.250e-01, 5.000e-01, -7.050e-01, 1.169e+05, 0.000e+00, 1.482e-05, 0.000e+00, 2.124e+00, 9.983e+02, 6.509e-09
6.250e-01, 5.000e-01, -6.950e-01, 1.168e+05, 0.000e+00, 1.679e-05, 0.000e+00, 2.122e+00, 9.983e+02, 7.374e-09
6.250e-01, 5.000e-01, -6.850e-01, 1.167e+05, 0.000e+00, 2.831e-05, 0.000e+00, 2.120e+00, 9.983e+02, 1.243e-08
6.250e-01, 5.000e-01, -6.750e-01, 1.166e+05, 0.000e+00, 5.234e-05, 0.000e+00, 2.119e+00, 9.983e+02, 2.299e-08
6.250e-01, 5.000e-01, -6.650e-01, 1.165e+05, 0.000e+00, 9.213e-05, 0.000e+00, 2.117e+00, 9.983e+02, 4.047e-08
6.250e-01, 5.000e-01, -6.550e-01, 1.164e+05, 0.000e+00, 1.487e-04, 0.000e+00, 2.115e+00, 9.983e+02, 6.533e-08
6.250e-01, 5.000e-01, -6.450e-01, 1.163e+05, 0.000e+00, 2.182e-04, 0.000e+00, 2.113e+00, 9.983e+02, 9.584e-08
6.250e-01, 5.000e-01, -6.350e-01, 1.162e+05, 0.000e+00, 2.907e-04, 0.000e+00, 2.111e+00, 9.983e+02, 1.277e-07
6.250e-01, 5.000e-01, -6.250e-01, 1.146e+05, 0.000e+00, 3.519e-04, 0.000e+00, 2.083e+00, 9.983e+02, 1.575e-07
6.250e-01, 5.000e-01, -6.150e-01, 1.145e+05, 0.000e+00, 3.873e-04, 0.000e+00, 2.081e+00, 9.983e+02, 1.740e-07
6.250e-01, 5.000e-01, -6.050e-01, 1.144e+05, 0.000e+00, 3.966e-04, 0.000e+00, 2.079e+00, 9.983e+02, 1.782e-07
6.250e-01, 5.000e-01, -5.950e-01, 1.144e+05, 0.000e+00, 3.852e-04, 0.000e+00, 2.077e+00, 9.983e+02, 1.730e-07
6.250e-01, 5.000e-01, -5.850e-01, 1.143e+05, 0.000e+00, 3.616e-04, 0.000e+00, 2.075e+00, 9.983e+02, 1.625e-07
6.250e-01, 5.000e-01, -5.750e-01, 1.142e+05, 0.000e+00, 3.321e-04, 0.000e+00, 2.074e+00, 9.983e+02, 1.492e-07
6.250e-01, 5.000e-01, -5.650e-01, 1.141e+05, 0.000e+00, 3.014e-04, 0.000e+00, 2.072e+00, 9.983e+02, 1.354e-07
6.250e-01, 5.000e-01, -5.550e-01, 1.140e+05, 0.000e+00, 2.711e-04, 0.000e+00, 2.070e+00, 9.983e+02, 1.218e-07
6.250e-01, 5.000e-01, -5.450e-01, 1.139e+05, 0.000e+00, 2.419e-04, 0.000e+00, 2.068e+00, 9.983e+02, 1.087e-07
6.250e-01, 5.000e-01, -5.350e-01, 1.138e+05, 0.000e+00, 2.141e-04, 0.000e+00, 2.067e+00, 9.983e+02, 9.617e-08
6.250e-01, 5.000e-01, -5.250e-01, 1.137e+05, 0.000e+00, 1.873e-04, 0.000e+00, 2.065e+00, 9.983e+02, 8.416e-08
6.250e-01, 5.000e-01, -5.150e-01, 1.136e+05, 0.000e+00, 1.616e-04, 0.000e+00, 2.063e+00, 9.983e+02, 7.261e-08
6.250e-01, 5.000e-01, -5.050e-01, 1.135e+05, 0.000e+00, 1.371e-04, 0.000e+00, 2.061e+00, 9.983e+02, 6.161e-08
6.250e-01, 5.000e-01, -4.950e-01, 1.134e+05, 0.000e+00, 1.147e-04, 0.000e+00, 2.059e+00, 9.983e+02, 5.115e-08
6.250e-01, 5.000e-01, -4.850e-01, 1.133e+05, 0.000e+00, 9.603e-05, 0.000e+00, 2.059e+00, 9.983e+02, 4.218e-08
6.250e-01, 5.000e-01, -4.750e-01, 1.133e+05, 0.000e+00, 8.352e-05, 0.000e+00, 2.057e+00, 9.983e+02, 3.669e-08
6.250e-01, 5.000e-01, -4.650e-01, 1.132e+05, 0.000e+00, 8.227e-05, 0.000e+00, 2.055e+00, 9.983e+02, 3.614e-08
6.250e-01, 5.000e-01, -4.550e-01, 1.131e+05, 0.000e+00, 9.749e-05, 0.000e+00, 2.054e+00, 9.983e+02, 4.278e-08
6.250e-01, 5.000e-01, -4.450e-01, 1.129e+05, 0.000e+00, 1.345e-04, 0.000e+00, 2.050e+00, 9.983e+02, 5.774e-08
6.250e-01, 5.000e-01, -4.350e-01, 1.128e+05, 0.000e+00, 1.810e-04, 0.000e+00, 2.048e+00, 9.983e+02, 7.769e-08
6.250e-01, 5.000e-01, -4.250e-01, 1.127e+05, 0.000e+00, 2.173e-04, 0.000e+00, 2.047e+00, 9.983e+02, 9.329e-08
6.250e-01, 5.000e-01, -4.150e-01, 1.126e+05, 0.000e+00, 2.315e-04, 0.000e+00, 2.045e+00, 9.983e+02, 9.937e-08
6.250e-01, 5.000e-01, -4.050e-01, 1.125e+05, 0.000e+00, 2.313e-04, 0.000e+00, 2.043e+00, 9.983e+02, 9.929e-08
6.250e-01, 5.000e-01, -3.950e-01, 1.124e+05, 0.000e+00, 2.197e-04, 0.000e+00, 2.041e+00, 9.983e+02, 9.431e-08
6.250e-01, 5.000e-01, -3.850e-01, 1.123e+05, 0.000e+00, 2.083e-04, 0.000e+00, 2.039e+00, 9.983e+02, 8.940e-08
6.250e-01, 5.000e-01, -3.750e-01, 1.122e+05, 0.000e+00, 2.033e-04, 0.000e+00, 2.038e+00, 9.983e+02, 8.726e-08
6.250e-01, 5.000e-01, -3.650e-01, 1.121e+05, 0.000e+00, 2.103e-04, 0.000e+00, 2.036e+00, 9.983e+02, 9.028e-08
6.250e-01, 5.000e-01, -3.550e-01, 1.120e+05, 0.000e+00, 2.359e-04, 0.000e+00, 2.034e+00, 9.983e+02, 1.013e-07
6.250e-01, 5.000e-01, -3.450e-01, 1.119e+05, 0.000e+00, 2.827e-04, 0.000e+00, 2.032e+00, 9.983e+02, 1.225e-07
6.250e-01, 5.000e-01, -3.350e-01, 1.118e+05, 0.000e+00, 3.376e-04, 0.000e+00, 2.031e+00, 9.983e+02, 1.517e-07
6.250e-01, 5.000e-01, -3.250e-01, 1.117e+05, 0.000e+00, 3.671e-04, 0.000e+00, 2.029e+00, 9.983e+02, 1.649e-07
6.250e-01, 5.000e-01, -3.150e-01, 1.116e+05, 0.000e+00, 3.699e-04, 0.000e+00, 2.027e+00, 9.983e+02, 1.662e-07
6.250e-01, 5.000e-01, -3.050e-01, 1.115e+05, 0.000e+00, 3.500e-04, 0.000e+00, 2.025e+00, 9.983e+02, 1.573e-07
6.250e-01, 5.000e-01, -2.950e-01, 1.114e+05, 0.000e+00, 3.174e-04, 0.000e+00, 2.024e+00, 9.983e+02, 1.426e-07
6.250e-01, 5.000e-01, -2.850e-01, 1.113e+05, 0.000e+00, 2.783e-04, 0.000e+00, 2.022e+00, 9.983e+02, 1.250e-07
6.250e-01, 5.000e-01, -2.750e-01, 1.112e+05, 0.000e+00, 2.353e-04, 0.000e+00, 2.020e+00, 9.983e+02, 1.057e-07
6.250e-01, 5.000e-01, -2.650e-01, 1.111e+05, 0.000e+00, 1.925e-04, 0.000e+00, 2.018e+00, 9.983e+02, 8.646e-08
6.250e-01, 5.000e-01, -2.550e-01, 1.110e+05, 0.000e+00, 1.592e-04, 0.000e+00, 2.016e+00, 9.983e+02, 7.102e-08
6.250e-01, 5.000e-01, -2.450e-01, 1.110e+05, 0.000e+00, 1.348e-04, 0.000e+00, 2.016e+00, 9.983e+02, 5.919e-08
6.250e-01, 5.000e-01, -2.350e-01, 1.109e+05, 0.000e+00, 1.147e-04, 0.000e+00, 2.014e+00, 9.983e+02, 5.037e-08
6.250e-01, 5.000e-01, -2.250e-01, 1.108e+05, 0.000e+00, 9.852e-05, 0.000e+00, 2.012e+00, 9.983e+02, 4.327e-08
6.250e-01, 5.000e-01, -2.150e-01, 1.107e+05, 0.000e+00, 8.628e-05, 0.000e+00, 2.011e+00, 9.983e+02, 3.790e-08
6.250e-01, 5.000e-01, -2.050e-01, 1.106e+05, 0.000e+00, 7.879e-05, 0.000e+00, 2.009e+00, 9.983e+02, 3.461e-08
6.250e-01, 5.000e-01, -1.950e-01, 1.105e+05, 0.000e+00, 7.857e-05, 0.000e+00, 2.007e+00, 9.983e+02, 3.451e-08
6.250e-01, 5.000e-01, -1.850e-01, 1.106e+05, 0.000e+00, 9.051e-05, 0.000e+00, 2.009e+00, 9.983e+02, 3.920e-08
6.250e-01, 5.000e-01, -1.750e-01, 1.105e+05, 0.000e+00, 1.195e-04, 0.000e+00, 2.007e+00, 9.983e+02, 5.128e-08
6.250e-01, 5.000e-01, -1.650e-01, 1.104e+05, 0.000e+00, 1.599e-04, 0.000e+00, 2.005e+00, 9.983e+02, 6.865e-08
6.250e-01, 5.000e-01, -1.550e-01, 1.103e+05, 0.000e+00, 1.916e-04, 0.000e+00, 2.004e+00, 9.983e+02, 8.225e-08
6.250e-01, 5.000e-01, -1.450e-01, 1.102e+05, 0.000e+00, 1.871e-04, 0.000e+00, 2.002e+00, 9.983e+02, 8.034e-08
6.250e-01, 5.000e-01, -1.350e-01, 1.101e+05, 0.000e+00, 1.484e-04, 0.000e+00, 2.000e+00, 9.983e+02, 6.369e-08
6.250e-01, 5.000e-01, -1.250e-01, 1.100e+05, 0.000e+00, 1.006e-04, 0.000e+00, 1.998e+00, 9.983e+02, 4.318e-08
6.250e-01, 5.000e-01, -1.150e-01, 1.111e+05, 0.000e+00, 6.061e-05, 0.000e+00, 2.018e+00, 9.983e+02, 2.662e-08
6.250e-01, 5.000e-01, -1.050e-01, 1.110e+05, 0.000e+00, 3.381e-05, 0.000e+00, 2.017e+00, 9.983e+02, 1.485e-08
6.250e-01, 5.000e-01, -9.500e-02, 1.109e+05, 0.000e+00, 1.758e-05, 0.000e+00, 2.015e+00, 9.983e+02, 7.724e-09
6.250e-01, 5.000e-01, -8.500e-02, 1.108e+05, 0.000e+00, 8.600e-06, 0.000e+00, 2.013e+00, 9.983e+02, 3.778e-09
6.250e-01, 5.000e-01, -7.500e-02, 1.107e+05, 0.000e+00, 3.970e-06, 0.000e+00, 2.011e+00, 9.983e+02, 1.744e-09
6.250e-01, 5.000e-01, -6.500e-02, 1.106e+05, 0.000e+00, 1.733e-06, 0.000e+00, 2.009e+00, 9.983e+02, 7.610e-10
6.250e-01, 5.000e-01, -5.500e-02, 1.105e+05, 0.000e+00, 7.157e-07, 0.000e+00, 2.008e+00, 9.983e+02, 3.144e-10
6.250e-01, 5.000e-01, -4.500e-02, 1.104e+05, 0.000e+00, 2.802e-07, 0.000e+00, 2.006e+00, 9.983e+02, 1.231e-10
6.250e-01, 5.000e-01, -3.500e-02, 1.103e+05, 0.000e+00, 1.041e-07, 0.000e+00, 2.004e+00, 9.983e+02, 4.573e-11
6.250e-01, 5.000e-01, -2.500e-02, 1.102e+05, 0.000e+00, 3.688e-08, 0.000e+00, 2.002e+00, 9.983e+02, 1.620e-11
6.250e-01, 5.000e-01, -1.500e-02, 1.101e+05, 0.000e+00, 1.273e-08, 0.000e+00, 2.000e+00, 9.983e+02, 5.590e-12
6.250e-01, 5.000e-01, -5.000e-03, 1.100e+05, 0.000e+00, 4.875e-09, 0.000e+00, 1.999e+00, 9.983e+02, 2.141e-12
6.350e-01, 5.000e-01, -1.195e+00, 1.202e+05, 0.000e+00, 1.002e-13, 0.000e+00, 2.184e+00, 9.983e+02, 2.000e-17
6.350e-01, 5.000e-01, -1.185e+00, 1.201e+05, 0.000e+00, 1.002e-13, 0.000e+00, 2.182e+00, 9.983e+02, 2.000e-17
6.350e-01, 5.000e-01, -1.175e+00, 1.200e+05, 0.000e+00, 1.002e-13, 0.000e+00, 2.181e+00, 9.983e+02, 2.000e-17
6.350e-01, 5.000e-01, -1.165e+00, 1.199e+05, 0.000e+00, 1.002e-13, 0.000e+00, 2.179e+00, 9.983e+02, 2.000e-17
6.350e-01, 5.000e-01, -1.155e+00, 1.198e+05, 0.000e+00, 1.002e-13, 0.000e+00, 2.177e+00, 9.983e+02, 2.000e-17
6.350e-01, 5.000e-01, -1.145e+00, 1.197e+05, 0.000e+00, 7.303e-12, 0.000e+00, 2.175e+00, 9.983e+02, 1.458e-15
6.350e-01, 5.000e-01, -1.135e+00, 1.196e+05, 0.000e+00, 1.330e-03, 0.000e+00, 2.174e+00, 9.985e+02, 5.611e-07
6.350e-01, 5.000e-01, -1.125e+00, 1.195e+05, 0.000e+00, 1.302e-03, 0.000e+00, 2.172e+00, 9.985e+02, 5.591e-07
6.350e-01, 5.000e-01, -1.115e+00, 1.194e+05, 0.000e+00, 1.269e-03, 0.000e+00, 2.170e+00, 9.985e+02, 5.450e-07
6.350e-01, 5.000e-01, -1.105e+00, 1.193e+05, 0.000e+00, 1.220e-03, 0.000e+00, 2.168e+00, 9.985e+02, 5.236e-07
6.350e-01, 5.000e-01, -1.095e+00, 1.192e+05, 0.000e+00, 1.144e-03, 0.000e+00, 2.167e+00, 9.985e+02, 4.913e-07
6.350e-01, 5.000e-01, -1.085e+00, 1.191e+05, 0.000e+00, 1.048e-03, 0.000e+00, 2.165e+00, 9.985e+02, 4.498e-07
6.350e-01, 5.000e-01, -1.075e+00, 1.190e+05, 0.000e+00, 9.433e-04, 0.000e+00, 2.163e+00, 9.984e+02, 4.050e-07
6.350e-01, 5.000e-01, -1.065e+00, 1.189e+05, 0.000e+00, 8.451e-04, 0.000e+00, 2.161e+00, 9.984e+02, 3.628e-07
6.350e-01, 5.000e-01, -1.055e+00, 1.188e+05, 0.000e+00, 7.614e-04, 0.000e+00, 2.159e+00, 9.984e+02, 3.269e-07
6.350e-01, 5.000e-01, -1.045e+00, 1.187e+05, 0.000e+00, 6.938e-04, 0.000e+00, 2.158e+00, 9.984e+02, 2.979e-07
6.350e-01, 5.000e-01, -1.035e+00, 1.186e+05, 0.000e+00, 6.397e-04, 0.000e+00, 2.156e+00, 9.984e+02, 2.746e-07
6.350e-01, 5.000e-01, -1.025e+00, 1.185e+05, 0.000e+00, 5.950e-04, 0.000e+00, 2.154e+00, 9.984e+02, 2.554e-07
6.350e-01, 5.000e-01, -1.015e+00, 1.185e+05, 0.000e+00, 5.563e-04, 0.000e+00, 2.152e+00, 9.984e+02, 2.388e-07
6.350e-01, 5.000e-01, -1.005e+00, 1.184e+05, 0.000e+00, 5.213e-04, 0.000e+00, 2.150e+00, 9.984e+02, 2.238e-07
6.350e-01, 5.000e-01, -9.950e-01, 1.183e+05, 0.000e+00, 4.879e-04, 0.000e+00, 2.149e+00, 9.984e+02, 2.095e-07
6.350e-01, 5.000e-01, -9.850e-01, 1.182e+05, 0.000e+00, 4.541e-04, 0.000e+00, 2.147e+00, 9.983e+02, 1.949e-07
6.350e-01, 5.000e-01, -9.750e-01, 1.181e+05, 0.000e+00, 4.190e-04, 0.000e+00, 2.145e+00, 9.983e+02, 1.799e-07
6.350e-01, 5.000e-01, -9.650e-01, 1.180e+05, 0.000e+00, 3.857e-04, 0.000e+00, 2.143e+00, 9.983e+02, 1.656e-07
6.350e-01, 5.000e-01, -9.550e-01, 1.179e+05, 0.000e+00, 3.592e-04, 0.000e+00, 2.141e+00, 9.983e+02, 1.542e-07
6.350e-01, 5.000e-01, -9.450e-01, 1.178e+05, 0.000e+00, 3.402e-04, 0.000e+00, 2.140e+00, 9.983e+02, 1.460e-07
6.350e-01, 5.000e-01, -9.350e-01, 1.177e+05, 0.000e+00, 3.267e-04, 0.000e+00, 2.138e+00, 9.983e+02, 1.402e-07
6.350e-01, 5.000e-01, -9.250e-01, 1.176e+05, 0.000e+00, 3.185e-04, 0.000e+00, 2.136e+00, 9.983e+02, 1.367e-07
6.350e-01, 5.000e-01, -9.150e-01, 1.175e+05, 0.000e+00, 3.164e-04, 0.000e+00, 2.134e+00, 9.983e+02, 1.358e-07
6.350e-01, 5.000e-01, -9.050e-01, 1.174e+05, 0.000e+00, 3.192e-04, 0.000e+00, 2.132e+00, 9.983e+02, 1.370e-07
6.350e-01, 5.000e-01, -8.950e-01, 1.173e+05, 0.000e+00, 3.236e-04, 0.000e+00, 2.131e+00, 9.983e+02, 1.389e-07
6.350e-01, 5.000e-01, -8.850e-01, 1.172e+05, 0.000e+00, 3.260e-04, 0.000e+00, 2.129e+00, 9.983e+02, 1.400e-07
6.350e-01, 5.000e-01, -8.750e-01, 1.171e+05, 0.000e+00, 3.253e-04, 0.000e+00, 2.127e+00, 9.983e+02, 1.396e-07
6.350e-01, 5.000e-01, -8.650e-01, 1.170e+05, 0.000e+00, 3.222e-04, 0.000e+00, 2.125e+00, 9.983e+02, 1.383e-07
6.350e-01, 5.000e-01, -8.550e-01, 1.169e+05, 0.000e+00, 3.185e-04, 0.000e+00, 2.124e+00, 9.983e+02, 1.367e-07
6.350e-01, 5.000e-01, -8.450e-01, 1.168e+05, 0.000e+00, 3.157e-04, 0.000e+00, 2.122e+00, 9.983e+02, 1.355e-07
6.350e-01, 5.000e-01, -8.350e-01, 1.167e+05, 0.000e+00, 3.144e-04, 0.000e+00, 2.120e+00, 9.983e+02, 1.350e-07
6.350e-01, 5.000e-01, -8.250e-01, 1.166e+05, 0.000e+00, 3.147e-04, 0.000e+00, 2.118e+00, 9.983e+02, 1.351e-07
6.350e-01, 5.000e-01, -8.150e-01, 1.165e+05, 0.000e+00, 3.158e-04, 0.000e+00, 2.116e+00, 9.983e+02, 1.355e-07
6.350e-01, 5.000e-01, -8.050e-01, 1.164e+05, 0.000e+00, 3.150e-04, 0.000e+00, 2.115e+00, 9.983e+02, 1.352e-07
6.350e-01, 5.000e-01, -7.950e-01, 1.163e+05, 0.000e+00, 3.039e-04, 0.000e+00, 2.113e+00, 9.983e+02, 1.304e-07
6.350e-01, 5.000e-01, -7.850e-01, 1.177e+05, 0.000e+00, 2.549e-04, 0.000e+00, 2.138e+00, 9.983e+02, 1.115e-07
6.350e-01, 5.000e-01, -7.750e-01, 1.176e+05, 0.000e+00, 2.134e-04, 0.000e+00, 2.136e+00, 9.983e+02, 9.373e-08
6.350e-01, 5.000e-01, -7.650e-01, 1.175e+05, 0.000e+00, 1.725e-04, 0.000e+00, 2.135e+00, 9.983e+02, 7.578e-08
6.350e-01, 5.000e-01, -7.550e-01, 1.174e+05, 0.000e+00, 1.320e-04, 0.000e+00, 2.133e+00, 9.983e+02, 5.798e-08
6.350e-01, 5.000e-01, -7.450e-01, 1.173e+05, 0.000e+00, 9.408e-05, 0.000e+00, 2.131e+00, 9.983e+02, 4.132e-08
6.350e-01, 5.000e-01, -7.350e-01, 1.172e+05, 0.000e+00, 6.191e-05, 0.000e+00, 2.129e+00, 9.983e+02, 2.719e-08
6.350e-01, 5.000e-01, -7.250e-01, 1.171e+05, 0.000e+00, 3.779e-05, 0.000e+00, 2.127e+00, 9.983e+02, 1.660e-08
6.350e-01, 5.000e-01, -7.150e-01, 1.170e+05, 0.000e+00, 2.234e-05, 0.000e+00, 2.126e+00, 9.983e+02, 9.812e-09
6.350e-01, 5.000e-01, -7.050e-01, 1.169e+05, 0.000e+00, 1.508e-05, 0.000e+00, 2.124e+00, 9.983e+02, 6.624e-09
6.350e-01, 5.000e-01, -6.950e-01, 1.168e+05, 0.000e+00, 1.582e-05, 0.000e+00, 2.122e+00, 9.983e+02, 6.951e-09
6.350e-01, 5.000e-01, -6.850e-01, 1.167e+05, 0.000e+00, 2.574e-05, 0.000e+00, 2.120e+00, 9.983e+02, 1.130e-08
6.350e-01, 5.000e-01, -6.750e-01, 1.166e+05, 0.000e+00, 4.756e-05, 0.000e+00, 2.119e+00, 9.983e+02, 2.089e-08
6.350e-01, 5.000e-01, -6.650e-01, 1.165e+05, 0.000e+00, 8.461e-05, 0.000e+00, 2.117e+00, 9.983e+02, 3.716e-08
6.350e-01, 5.000e-01, -6.550e-01, 1.164e+05, 0.000e+00, 1.384e-04, 0.000e+00, 2.115e+00, 9.983e+02, 6.080e-08
6.350e-01, 5.000e-01, -6.450e-01, 1.163e+05, 0.000e+00, 2.060e-04, 0.000e+00, 2.113e+00, 9.983e+02, 9.050e-08
6.350e-01, 5.000e-01, -6.350e-01, 1.162e+05, 0.000e+00, 2.786e-04, 0.000e+00, 2.111e+00, 9.983e+02, 1.224e-07
6.350e-01, 5.000e-01, -6.250e-01, 1.146e+05, 0.000e+00, 3.422e-04, 0.000e+00, 2.083e+00, 9.983e+02, 1.528e-07
6.350e-01, 5.000e-01, -6.150e-01, 1.145e+05, 0.000e+00, 3.808e-04, 0.000e+00, 2.081e+00, 9.983e+02, 1.711e-07
6.350e-01, 5.000e-01, -6.050e-01, 1.144e+05, 0.000e+00, 3.921e-04, 0.000e+00, 2.079e+00, 9.983e+02, 1.761e-07
6.350e-01, 5.000e-01, -5.950e-01, 1.144e+05, 0.000e+00, 3.811e-04, 0.000e+00, 2.077e+00, 9.983e+02, 1.712e-07
6.350e-01, 5.000e-01, -5.850e-01, 1.143e+05, 0.000e+00, 3.565e-04, 0.000e+00, 2.075e+00, 9.983e+02, 1.602e-07
6.350e-01, 5.000e-01, -5.750e-01, 1.142e+05, 0.000e+00, 3.258e-04, 0.000e+00, 2.074e+00, 9.983e+02, 1.464e-07
6.350e-01, 5.000e-01, -5.650e-01, 1.141e+05, 0.000e+00, 2.944e-04, 0.000e+00, 2.072e+00, 9.983e+02, 1.323e-07
6.350e-01, 5.000e-01, -5.550e-01, 1.140e+05, 0.000e+00, 2.643e-04, 0.000e+00, 2.070e+00, 9.983e+02, 1.187e-07
6.350e-01, 5.000e-01, -5.450e-01, 1.139e+05, 0.000e+00, 2.358e-04, 0.000e+00, 2.068e+00, 9.983e+02, 1.059e-07
6.350e-01, 5.000e-01, -5.350e-01, 1.138e+05, 0.000e+00, 2.087e-04, 0.000e+00, 2.067e+00, 9.983e+02, 9.377e-08
6.350e-01, 5.000e-01, -5.250e-01, 1.137e+05, 0.000e+00, 1.828e-04, 0.000e+00, 2.065e+00, 9.983e+02, 8.212e-08
6.350e-01, 5.000e-01, -5.150e-01, 1.136e+05, 0.000e+00, 1.579e-04, 0.000e+00, 2.063e+00, 9.983e+02, 7.093e-08
6.350e-01, 5.000e-01, -5.050e-01, 1.135e+05, 0.000e+00, 1.342e-04, 0.000e+00, 2.061e+00, 9.983e+02, 6.027e-08
6.350e-01, 5.000e-01, -4.950e-01, 1.134e+05, 0.000e+00, 1.124e-04, 0.000e+00, 2.059e+00, 9.983e+02, 5.016e-08
6.350e-01, 5.000e-01, -4.850e-01, 1.133e+05, 0.000e+00, 9.447e-05, 0.000e+00, 2.059e+00, 9.983e+02, 4.150e-08
6.350e-01, 5.000e-01, -4.750e-01, 1.133e+05, 0.000e+00, 8.379e-05, 0.000e+00, 2.057e+00, 9.983e+02, 3.680e-08
6.350e-01, 5.000e-01, -4.650e-01, 1.132e+05, 0.000e+00, 8.660e-05, 0.000e+00, 2.055e+00, 9.983e+02, 3.804e-08
6.350e-01, 5.000e-01, -4.550e-01, 1.131e+05, 0.000e+00, 1.086e-04, 0.000e+00, 2.054e+00, 9.983e+02, 4.764e-08
6.350e-01, 5.000e-01, -4.450e-01, 1.129e+05, 0.000e+00, 1.508e-04, 0.000e+00, 2.050e+00, 9.983e+02, 6.471e-08
6.350e-01, 5.000e-01, -4.350e-01, 1.128e+05, 0.000e+00, 2.102e-04, 0.000e+00, 2.048e+00, 9.983e+02, 9.025e-08
6.350e-01, 5.000e-01, -4.250e-01, 1.127e+05, 0.000e+00, 2.284e-04, 0.000e+00, 2.047e+00, 9.983e+02, 9.805e-08
6.350e-01, 5.000e-01, -4.150e-01, 1.126e+05, 0.000e+00, 2.311e-04, 0.000e+00, 2.045e+00, 9.983e+02, 9.921e-08
6.350e-01, 5.000e-01, -4.050e-01, 1.125e+05, 0.000e+00, 2.224e-04, 0.000e+00, 2.043e+00, 9.983e+02, 9.546e-08
6.350e-01, 5.000e-01, -3.950e-01, 1.124e+05, 0.000e+00, 2.089e-04, 0.000e+00, 2.041e+00, 9.983e+02, 8.969e-08
6.350e-01, 5.000e-01, -3.850e-01, 1.123e+05, 0.000e+00, 1.983e-04, 0.000e+00, 2.039e+00, 9.983e+02, 8.511e-08
6.350e-01, 5.000e-01, -3.750e-01, 1.122e+05, 0.000e+00, 1.916e-04, 0.000e+00, 2.038e+00, 9.983e+02, 8.225e-08
6.350e-01, 5.000e-01, -3.650e-01, 1.121e+05, 0.000e+00, 1.909e-04, 0.000e+00, 2.036e+00, 9.983e+02, 8.195e-08
6.350e-01, 5.000e-01, -3.550e-01, 1.120e+05, 0.000e+00, 2.065e-04, 0.000e+00, 2.034e+00, 9.983e+02, 8.866e-08
6.350e-01, 5.000e-01, -3.450e-01, 1.119e+05, 0.000e+00, 2.535e-04, 0.000e+00, 2.032e+00, 9.983e+02, 1.098e-07
6.350e-01, 5.000e-01, -3.350e-01, 1.118e+05, 0.000e+00, 3.200e-04, 0.000e+00, 2.031e+00, 9.983e+02, 1.438e-07
6.350e-01, 5.000e-01, -3.250e-01, 1.117e+05, 0.000e+00, 3.650e-04, 0.000e+00, 2.029e+00, 9.983e+02, 1.640e-07
6.350e-01, 5.000e-01, -3.150e-01, 1.116e+05, 0.000e+00, 3.766e-04, 0.000e+00, 2.027e+00, 9.983e+02, 1.692e-07
6.350e-01, 5.000e-01, -3.050e-01, 1.115e+05, 0.000e+00, 3.599e-04, 0.000e+00, 2.025e+00, 9.983e+02, 1.617e-07
6.350e-01, 5.000e-01, -2.950e-01, 1.114e+05, 0.000e+00, 3.293e-04, 0.000e+00, 2.024e+00, 9.983e+02, 1.479e-07
6.350e-01, 5.000e-01, -2.850e-01, 1.113e+05, 0.000e+00, 2.930e-04, 0.000e+00, 2.022e+00, 9.983e+02, 1.316e-07
6.350e-01, 5.000e-01, -2.750e-01, 1.112e+05, 0.000e+00, 2.536e-04, 0.000e+00, 2.020e+00, 9.983e+02, 1.139e-07
6.350e-01, 5.000e-01, -2.650e-01, 1.111e+05, 0.000e+00, 2.120e-04, 0.000e+00, 2.018e+00, 9.983e+02, 9.524e-08
6.350e-01, 5.000e-01, -2.550e-01, 1.110e+05, 0.000e+00, 1.719e-04, 0.000e+00, 2.016e+00, 9.983e+02, 7.669e-08
6.350e-01, 5.000e-01, -2.450e-01, 1.110e+05, 0.000e+00, 1.421e-04, 0.000e+00, 2.016e+00, 9.983e+02, 6.241e-08
6.350e-01, 5.000e-01, -2.350e-01, 1.109e+05, 0.000e+00, 1.208e-04, 0.000e+00, 2.014e+00, 9.983e+02, 5.307e-08
6.350e-01, 5.000e-01, -2.250e-01, 1.108e+05, 0.000e+00, 1.045e-04, 0.000e+00, 2.012e+00, 9.983e+02, 4.592e-08
6.350e-01, 5.000e-01, -2.150e-01, 1.107e+05, 0.000e+00, 9.223e-05, 0.000e+00, 2.011e+00, 9.983e+02, 4.051e-08
6.350e-01, 5.000e-01, -2.050e-01, 1.106e+05, 0.000e+00, 8.448e-05, 0.000e+00, 2.009e+00, 9.983e+02, 3.711e-08
6.350e-01, 5.000e-01, -1.950e-01, 1.105e+05, 0.000e+00, 8.375e-05, 0.000e+00, 2.007e+00, 9.983e+02, 3.679e-08
6.350e-01, 5.000e-01, -1.850e-01, 1.106e+05, 0.000e+00, 9.492e-05, 0.000e+00, 2.009e+00, 9.983e+02, 4.097e-08
6.350e-01, 5.000e-01, -1.750e-01, 1.105e+05, 0.000e+00, 1.228e-04, 0.000e+00, 2.007e+00, 9.983e+02, 5.271e-08
6.350e-01, 5.000e-01, -1.650e-01, 1.104e+05, 0.000e+00, 1.621e-04, 0.000e+00, 2.005e+00, 9.983e+02, 6.957e-08
6.350e-01, 5.000e-01, -1.550e-01, 1.103e+05, 0.000e+00, 1.916e-04, 0.000e+00, 2.004e+00, 9.983e+02, 8.226e-08
6.350e-01, 5.000e-01, -1.450e-01, 1.102e+05, 0.000e+00, 1.859e-04, 0.000e+00, 2.002e+00, 9.983e+02, 7.982e-08
6.350e-01, 5.000e-01, -1.350e-01, 1.101e+05, 0.000e+00, 1.477e-04, 0.000e+00, 2.000e+00, 9.983e+02, 6.340e-08
6.350e-01, 5.000e-01, -1.250e-01, 1.100e+05, 0.000e+00, 1.007e-04, 0.000e+00, 1.998e+00, 9.983e+02, 4.323e-08
6.350e-01, 5.000e-01, -1.150e-01, 1.111e+05, 0.000e+00, 6.126e-05, 0.000e+00, 2.018e+00, 9.983e+02, 2.690e-08
6.350e-01, 5.000e-01, -1.050e-01, 1.110e+05, 0.000e+00, 3.431e-05, 0.000e+00, 2.017e+00, 9.983e+02, 1.507e-08
6.350e-01, 5.000e-01, -9.500e-02, 1.109e+05, 0.000e+00, 1.787e-05, 0.000e+00, 2.015e+00, 9.983e+02, 7.849e-09
6.350e-01, 5.000e-01, -8.500e-02, 1.108e+05, 0.000e+00, 8.737e-06, 0.000e+00, 2.013e+00, 9.983e+02, 3.837e-09
6.350e-01, 5.000e-01, -7.500e-02, 1.107e+05, 0.000e+00, 4.029e-06, 0.000e+00, 2.011e+00, 9.983e+02, 1.769e-09
6.350e-01, 5.000e-01, -6.500e-02, 1.106e+05, 0.000e+00, 1.756e-06, 0.000e+00, 2.009e+00, 9.983e+02, 7.712e-10
6.350e-01, 5.000e-01, -5.500e-02, 1.105e+05, 0.000e+00, 7.243e-07, 0.000e+00, 2.008e+00, 9.983e+02, 3.181e-10
6.350e-01, 5.000e-01, -4.500e-02, 1.104e+05, 0.000e+00, 2.831e-07, 0.000e+00, 2.006e+00, 9.983e+02, 1.244e-10
6.350e-01, 5.000e-01, -3.500e-02, 1.103e+05, 0.000e+00, 1.050e-07, 0.000e+00, 2.004e+00, 9.983e+02, 4.614e-11
6.350e-01, 5.000e-01, -2.500e-02, 1.102e+05, 0.000e+00, 3.715e-08, 0.000e+00, 2.002e+00, 9.983e+02, 1.632e-11
6.350e-01, 5.000e-01, -1.500e-02, 1.101e+05, 0.000e+00, 1.280e-08, 0.000e+00, 2.000e+00, 9.983e+02, 5.621e-12
6.350e-01, 5.000e-01, -5.000e-03, 1.100e+05, 0.000e+00, 4.897e-09, 0.000e+00, 1.999e+00, 9.983e+02, 2.151e-12
6.450e-01, 5.000e-01, -1.195e+00, 1.202e+05, 0.000e+00, 1.002e-13, 0.000e+00, 2.184e+00, 9.983e+02, 2.000e-17
6.450e-01, 5.000e-01, -1.185e+00, 1.201e+05, 0.000e+00, 1.002e-13, 0.000e+00, 2.182e+00, 9.983e+02, 2.000e-17
6.450e-01, 5.000e-01, -1.175e+00, 1.200e+05, 0.000e+00, 1.002e-13, 0.000e+00, 2.181e+00, 9.983e+02, 2.000e-17
6.450e-01, 5.000e-01, -1.165e+00, 1.199e+05, 0.000e+00, 1.002e-13, 0.000e+00, 2.179e+00, 9.983e+02, 2.000e-17
6.450e-01, 5.000e-01, -1.155e+00, 1.198e+05, 0.000e+00, 1.002e-13, 0.000e+00, 2.177e+00, 9.983e+02, 2.000e-17
6.450e-01, 5.000e-01, -1.145e+00, 1.197e+05, 0.000e+00, 8.122e-12, 0.000e+00, 2.175e+00, 9.983e+02, 1.622e-15
6.450e-01, 5.000e-01, -1.135e+00, 1.196e+05, 0.000e+00, 1.320e-03, 0.000e+00, 2.174e+00, 9.985e+02, 5.422e-07
6.450e-01, 5.000e-01, -1.125e+00, 1.195e+05, 0.000e+00, 1.297e-03, 0.000e+00, 2.172e+00, 9.985e+02, 5.569e-07
6.450e-01, 5.000e-01, -1.115e+00, 1.194e+05, 0.000e+00, 1.269e-03, 0.000e+00, 2.170e+00, 9.985e+02, 5.448e-07
6.450e-01, 5.000e-01, -1.105e+00, 1.193e+05, 0.000e+00, 1.220e-03, 0.000e+00, 2.168e+00, 9.985e+02, 5.239e-07
6.450e-01, 5.000e-01, -1.095e+00, 1.192e+05, 0.000e+00, 1.144e-03, 0.000e+00, 2.167e+00, 9.985e+02, 4.911e-07
6.450e-01, 5.000e-01, -1.085e+00, 1.191e+05, 0.000e+00, 1.045e-03, 0.000e+00, 2.165e+00, 9.985e+02, 4.488e-07
6.450e-01, 5.000e-01, -1.075e+00, 1.190e+05, 0.000e+00, 9.401e-04, 0.000e+00, 2.163e+00, 9.984e+02, 4.036e-07
6.450e-01, 5.000e-01, -1.065e+00, 1.189e+05, 0.000e+00, 8.420e-04, 0.000e+00, 2.161e+00, 9.984e+02, 3.615e-07
6.450e-01, 5.000e-01, -1.055e+00, 1.188e+05, 0.000e+00, 7.590e-04, 0.000e+00, 2.159e+00, 9.984e+02, 3.258e-07
6.450e-01, 5.000e-01, -1.045e+00, 1.187e+05, 0.000e+00, 6.926e-04, 0.000e+00, 2.158e+00, 9.984e+02, 2.973e-07
6.450e-01, 5.000e-01, -1.035e+00, 1.186e+05, 0.000e+00, 6.399e-04, 0.000e+00, 2.156e+00, 9.984e+02, 2.747e-07
6.450e-01, 5.000e-01, -1.025e+00, 1.185e+05, 0.000e+00, 5.967e-04, 0.000e+00, 2.154e+00, 9.984e+02, 2.562e-07
6.450e-01, 5.000e-01, -1.015e+00, 1.185e+05, 0.000e+00, 5.595e-04, 0.000e+00, 2.152e+00, 9.984e+02, 2.402e-07
6.450e-01, 5.000e-01, -1.005e+00, 1.184e+05, 0.000e+00, 5.260e-04, 0.000e+00, 2.150e+00, 9.984e+02, 2.258e-07
6.450e-01, 5.000e-01, -9.950e-01, 1.183e+05, 0.000e+00, 4.943e-04, 0.000e+00, 2.149e+00, 9.984e+02, 2.122e-07
6.450e-01, 5.000e-01, -9.850e-01, 1.182e+05, 0.000e+00, 4.625e-04, 0.000e+00, 2.147e+00, 9.983e+02, 1.985e-07
6.450e-01, 5.000e-01, -9.750e-01, 1.181e+05, 0.000e+00, 4.290e-04, 0.000e+00, 2.145e+00, 9.983e+02, 1.842e-07
6.450e-01, 5.000e-01, -9.650e-01, 1.180e+05, 0.000e+00, 3.956e-04, 0.000e+00, 2.143e+00, 9.983e+02, 1.698e-07
6.450e-01, 5.000e-01, -9.550e-01, 1.179e+05, 0.000e+00, 3.677e-04, 0.000e+00, 2.141e+00, 9.983e+02, 1.578e-07
6.450e-01, 5.000e-01, -9.450e-01, 1.178e+05, 0.000e+00, 3.471e-04, 0.000e+00, 2.140e+00, 9.983e+02, 1.490e-07
6.450e-01, 5.000e-01, -9.350e-01, 1.177e+05, 0.000e+00, 3.323e-04, 0.000e+00, 2.138e+00, 9.983e+02, 1.427e-07
6.450e-01, 5.000e-01, -9.250e-01, 1.176e+05, 0.000e+00, 3.220e-04, 0.000e+00, 2.136e+00, 9.983e+02, 1.382e-07
6.450e-01, 5.000e-01, -9.150e-01, 1.175e+05, 0.000e+00, 3.163e-04, 0.000e+00, 2.134e+00, 9.983e+02, 1.358e-07
6.450e-01, 5.000e-01, -9.050e-01, 1.174e+05, 0.000e+00, 3.156e-04, 0.000e+00, 2.132e+00, 9.983e+02, 1.355e-07
6.450e-01, 5.000e-01, -8.950e-01, 1.173e+05, 0.000e+00, 3.184e-04, 0.000e+00, 2.131e+00, 9.983e+02, 1.367e-07
6.450e-01, 5.000e-01, -8.850e-01, 1.172e+05, 0.000e+00, 3.220e-04, 0.000e+00, 2.129e+00, 9.983e+02, 1.382e-07
6.450e-01, 5.000e-01, -8.750e-01, 1.171e+05, 0.000e+00, 3.240e-04, 0.000e+00, 2.127e+00, 9.983e+02, 1.391e-07
6.450e-01, 5.000e-01, -8.650e-01, 1.170e+05, 0.000e+00, 3.240e-04, 0.000e+00, 2.125e+00, 9.983e+02, 1.391e-07
6.450e-01, 5.000e-01, -8.550e-01, 1.169e+05, 0.000e+00, 3.226e-04, 0.000e+00, 2.124e+00, 9.983e+02, 1.385e-07
6.450e-01, 5.000e-01, -8.450e-01, 1.168e+05, 0.000e+00, 3.210e-04, 0.000e+00, 2.122e+00, 9.983e+02, 1.378e-07
6.450e-01, 5.000e-01, -8.350e-01, 1.167e+05, 0.000e+00, 3.197e-04, 0.000e+00, 2.120e+00, 9.983e+02, 1.373e-07
6.450e-01, 5.000e-01, -8.250e-01, 1.166e+05, 0.000e+00, 3.189e-04, 0.000e+00, 2.118e+00, 9.983e+02, 1.369e-07
6.450e-01, 5.000e-01, -8.150e-01, 1.165e+05, 0.000e+00, 3.176e-04, 0.000e+00, 2.116e+00, 9.983e+02, 1.364e-07
6.450e-01, 5.000e-01, -8.050e-01, 1.164e+05, 0.000e+00, 3.134e-04, 0.000e+00, 2.115e+00, 9.983e+02, 1.346e-07
6.450e-01, 5.000e-01, -7.950e-01, 1.163e+05, 0.000e+00, 2.984e-04, 0.000e+00, 2.113e+00, 9.983e+02, 1.281e-07
6.450e-01, 5.000e-01, -7.850e-01, 1.177e+05, 0.000e+00, 2.583e-04, 0.000e+00, 2.138e+00, 9.983e+02, 1.126e-07
6.450e-01, 5.000e-01, -7.750e-01, 1.176e+05, 0.000e+00, 2.195e-04, 0.000e+00, 2.136e+00, 9.983e+02, 9.642e-08
6.450e-01, 5.000e-01, -7.650e-01, 1.175e+05, 0.000e+00, 1.799e-04, 0.000e+00, 2.135e+00, 9.983e+02, 7.900e-08
6.450e-01, 5.000e-01, -7.550e-01, 1.174e+05, 0.000e+00, 1.392e-04, 0.000e+00, 2.133e+00, 9.983e+02, 6.116e-08
6.450e-01, 5.000e-01, -7.450e-01, 1.173e+05, 0.000e+00, 1.002e-04, 0.000e+00, 2.131e+00, 9.983e+02, 4.402e-08
6.450e-01, 5.000e-01, -7.350e-01, 1.172e+05, 0.000e+00, 6.647e-05, 0.000e+00, 2.129e+00, 9.983e+02, 2.920e-08
6.450e-01, 5.000e-01, -7.250e-01, 1.171e+05, 0.000e+00, 4.075e-05, 0.000e+00, 2.127e+00, 9.983e+02, 1.790e-08
6.450e-01, 5.000e-01, -7.150e-01, 1.170e+05, 0.000e+00, 2.390e-05, 0.000e+00, 2.126e+00, 9.983e+02, 1.050e-08
6.450e-01, 5.000e-01, -7.050e-01, 1.169e+05, 0.000e+00, 1.539e-05, 0.000e+00, 2.124e+00, 9.983e+02, 6.758e-09
6.450e-01, 5.000e-01, -6.950e-01, 1.168e+05, 0.000e+00, 1.477e-05, 0.000e+00, 2.122e+00, 9.983e+02, 6.486e-09
6.450e-01, 5.000e-01, -6.850e-01, 1.167e+05, 0.000e+00, 2.284e-05, 0.000e+00, 2.120e+00, 9.983e+02, 1.003e-08
6.450e-01, 5.000e-01, -6.750e-01, 1.166e+05, 0.000e+00, 4.208e-05, 0.000e+00, 2.119e+00, 9.983e+02, 1.848e-08
6.450e-01, 5.000e-01, -6.650e-01, 1.165e+05, 0.000e+00, 7.579e-05, 0.000e+00, 2.117e+00, 9.983e+02, 3.329e-08
6.450e-01, 5.000e-01, -6.550e-01, 1.164e+05, 0.000e+00, 1.261e-04, 0.000e+00, 2.115e+00, 9.983e+02, 5.539e-08
6.450e-01, 5.000e-01, -6.450e-01, 1.163e+05, 0.000e+00, 1.912e-04, 0.000e+00, 2.113e+00, 9.983e+02, 8.397e-08
6.450e-01, 5.000e-01, -6.350e-01, 1.162e+05, 0.000e+00, 2.633e-04, 0.000e+00, 2.111e+00, 9.983e+02, 1.157e-07
6.450e-01, 5.000e-01, -6.250e-01, 1.146e+05, 0.000e+00, 3.294e-04, 0.000e+00, 2.083e+00, 9.983e+02, 1.467e-07
6.450e-01, 5.000e-01, -6.150e-01, 1.145e+05, 0.000e+00, 3.724e-04, 0.000e+00, 2.081e+00, 9.983e+02, 1.673e-07
6.450e-01, 5.000e-01, -6.050e-01, 1.144e+05, 0.000e+00, 3.857e-04, 0.000e+00, 2.079e+00, 9.983e+02, 1.733e-07
6.450e-01, 5.000e-01, -5.950e-01, 1.144e+05, 0.000e+00, 3.746e-04, 0.000e+00, 2.077e+00, 9.983e+02, 1.683e-07
6.450e-01, 5.000e-01, -5.850e-01, 1.143e+05, 0.000e+00, 3.481e-04, 0.000e+00, 2.075e+00, 9.983e+02, 1.564e-07
6.450e-01, 5.000e-01, -5.750e-01, 1.142e+05, 0.000e+00, 3.168e-04, 0.000e+00, 2.074e+00, 9.983e+02, 1.423e-07
6.450e-01, 5.000e-01, -5.650e-01, 1.141e+05, 0.000e+00, 2.863e-04, 0.000e+00, 2.072e+00, 9.983e+02, 1.286e-07
6.450e-01, 5.000e-01, -5.550e-01, 1.140e+05, 0.000e+00, 2.576e-04, 0.000e+00, 2.070e+00, 9.983e+02, 1.157e-07
6.450e-01, 5.000e-01, -5.450e-01, 1.139e+05, 0.000e+00, 2.305e-04, 0.000e+00, 2.068e+00, 9.983e+02, 1.035e-07
6.450e-01, 5.000e-01, -5.350e-01, 1.138e+05, 0.000e+00, 2.046e-04, 0.000e+00, 2.067e+00, 9.983e+02, 9.190e-08
6.450e-01, 5.000e-01, -5.250e-01, 1.137e+05, 0.000e+00, 1.796e-04, 0.000e+00, 2.065e+00, 9.983e+02, 8.069e-08
6.450e-01, 5.000e-01, -5.150e-01, 1.136e+05, 0.000e+00, 1.556e-04, 0.000e+00, 2.063e+00, 9.983e+02, 6.990e-08
6.450e-01, 5.000e-01, -5.050e-01, 1.135e+05, 0.000e+00, 1.327e-04, 0.000e+00, 2.061e+00, 9.983e+02, 5.960e-08
6.450e-01, 5.000e-01, -4.950e-01, 1.134e+05, 0.000e+00, 1.116e-04, 0.000e+00, 2.059e+00, 9.983e+02, 4.986e-08
6.450e-01, 5.000e-01, -4.850e-01, 1.133e+05, 0.000e+00, 9.434e-05, 0.000e+00, 2.059e+00, 9.983e+02, 4.144e-08
6.450e-01, 5.000e-01, -4.750e-01, 1.133e+05, 0.000e+00, 8.483e-05, 0.000e+00, 2.057e+00, 9.983e+02, 3.726e-08
6.450e-01, 5.000e-01, -4.650e-01, 1.132e+05, 0.000e+00, 9.034e-05, 0.000e+00, 2.055e+00, 9.983e+02, 3.968e-08
6.450e-01, 5.000e-01, -4.550e-01, 1.131e+05, 0.000e+00, 1.173e-04, 0.000e+00, 2.054e+00, 9.983e+02, 5.144e-08
6.450e-01, 5.000e-01, -4.450e-01, 1.129e+05, 0.000e+00, 1.636e-04, 0.000e+00, 2.050e+00, 9.983e+02, 7.022e-08
6.450e-01, 5.000e-01, -4.350e-01, 1.128e+05, 0.000e+00, 2.160e-04, 0.000e+00, 2.048e+00, 9.983e+02, 9.273e-08
6.450e-01, 5.000e-01, -4.250e-01, 1.127e+05, 0.000e+00, 2.268e-04, 0.000e+00, 2.047e+00, 9.983e+02, 9.735e-08
6.450e-01, 5.000e-01, -4.150e-01, 1.126e+05, 0.000e+00, 2.215e-04, 0.000e+00, 2.045e+00, 9.983e+02, 9.507e-08
6.450e-01, 5.000e-01, -4.050e-01, 1.125e+05, 0.000e+00, 2.093e-04, 0.000e+00, 2.043e+00, 9.983e+02, 8.984e-08
6.450e-01, 5.000e-01, -3.950e-01, 1.124e+05, 0.000e+00, 1.974e-04, 0.000e+00, 2.041e+00, 9.983e+02, 8.473e-08
6.450e-01, 5.000e-01, -3.850e-01, 1.123e+05, 0.000e+00, 1.888e-04, 0.000e+00, 2.039e+00, 9.983e+02, 8.106e-08
6.450e-01, 5.000e-01, -3.750e-01, 1.122e+05, 0.000e+00, 1.828e-04, 0.000e+00, 2.038e+00, 9.983e+02, 7.846e-08
6.450e-01, 5.000e-01, -3.650e-01, 1.121e+05, 0.000e+00, 1.799e-04, 0.000e+00, 2.036e+00, 9.983e+02, 7.723e-08
6.450e-01, 5.000e-01, -3.550e-01, 1.120e+05, 0.000e+00, 1.853e-04, 0.000e+00, 2.034e+00, 9.983e+02, 7.956e-08
6.450e-01, 5.000e-01, -3.450e-01, 1.119e+05, 0.000e+00, 2.198e-04, 0.000e+00, 2.032e+00, 9.983e+02, 9.515e-08
6.450e-01, 5.000e-01, -3.350e-01, 1.118e+05, 0.000e+00, 2.940e-04, 0.000e+00, 2.031e+00, 9.983e+02, 1.321e-07
6.450e-01, 5.000e-01, -3.250e-01, 1.117e+05, 0.000e+00, 3.583e-04, 0.000e+00, 2.029e+00, 9.983e+02, 1.610e-07
6.450e-01, 5.000e-01, -3.150e-01, 1.116e+05, 0.000e+00, 3.803e-04, 0.000e+00, 2.027e+00, 9.983e+02, 1.708e-07
6.450e-01, 5.000e-01, -3.050e-01, 1.115e+05, 0.000e+00, 3.665e-04, 0.000e+00, 2.025e+00, 9.983e+02, 1.646e-07
6.450e-01, 5.000e-01, -2.950e-01, 1.114e+05, 0.000e+00, 3.380e-04, 0.000e+00, 2.024e+00, 9.983e+02, 1.518e-07
6.450e-01, 5.000e-01, -2.850e-01, 1.113e+05, 0.000e+00, 3.049e-04, 0.000e+00, 2.022e+00, 9.983e+02, 1.370e-07
6.450e-01, 5.000e-01, -2.750e-01, 1.112e+05, 0.000e+00, 2.696e-04, 0.000e+00, 2.020e+00, 9.983e+02, 1.211e-07
6.450e-01, 5.000e-01, -2.650e-01, 1.111e+05, 0.000e+00, 2.317e-04, 0.000e+00, 2.018e+00, 9.983e+02, 1.041e-07
6.450e-01, 5.000e-01, -2.550e-01, 1.110e+05, 0.000e+00, 1.912e-04, 0.000e+00, 2.016e+00, 9.983e+02, 8.533e-08
6.450e-01, 5.000e-01, -2.450e-01, 1.110e+05, 0.000e+00, 1.567e-04, 0.000e+00, 2.016e+00, 9.983e+02, 6.881e-08
6.450e-01, 5.000e-01, -2.350e-01, 1.109e+05, 0.000e+00, 1.345e-04, 0.000e+00, 2.014e+00, 9.983e+02, 5.908e-08
6.450e-01, 5.000e-01, -2.250e-01, 1.108e+05, 0.000e+00, 1.182e-04, 0.000e+00, 2.012e+00, 9.983e+02, 5.194e-08
6.450e-01, 5.000e-01, -2.150e-01, 1.107e+05, 0.000e+00, 1.060e-04, 0.000e+00, 2.011e+00, 9.983e+02, 4.655e-08
6.450e-01, 5.000e-01, -2.050e-01, 1.106e+05, 0.000e+00, 9.831e-05, 0.000e+00, 2.009e+00, 9.983e+02, 4.318e-08
6.450e-01, 5.000e-01, -1.950e-01, 1.105e+05, 0.000e+00, 9.806e-05, 0.000e+00, 2.007e+00, 9.983e+02, 4.307e-08
6.450e-01, 5.000e-01, -1.850e-01, 1.106e+05, 0.000e+00, 1.110e-04, 0.000e+00, 2.009e+00, 9.983e+02, 4.799e-08
6.450e-01, 5.000e-01, -1.750e-01, 1.105e+05, 0.000e+00, 1.410e-04, 0.000e+00, 2.007e+00, 9.983e+02, 6.052e-08
6.450e-01, 5.000e-01, -1.650e-01, 1.104e+05, 0.000e+00, 1.775e-04, 0.000e+00, 2.005e+00, 9.983e+02, 7.619e-08
6.450e-01, 5.000e-01, -1.550e-01, 1.103e+05, 0.000e+00, 1.978e-04, 0.000e+00, 2.004e+00, 9.983e+02, 8.492e-08
6.450e-01, 5.000e-01, -1.450e-01, 1.102e+05, 0.000e+00, 1.844e-04, 0.000e+00, 2.002e+00, 9.983e+02, 7.917e-08
6.450e-01, 5.000e-01, -1.350e-01, 1.101e+05, 0.000e+00, 1.446e-04, 0.000e+00, 2.000e+00, 9.983e+02, 6.209e-08
6.450e-01, 5.000e-01, -1.250e-01, 1.100e+05, 0.000e+00, 9.904e-05, 0.000e+00, 1.998e+00, 9.983e+02, 4.251e-08
6.450e-01, 5.000e-01, -1.150e-01, 1.111e+05, 0.000e+00, 6.088e-05, 0.000e+00, 2.018e+00, 9.983e+02, 2.674e-08
6.450e-01, 5.000e-01, -1.050e-01, 1.110e+05, 0.000e+00, 3.434e-05, 0.000e+00, 2.017e+00, 9.983e+02, 1.508e-08
6.450e-01, 5.000e-01, -9.500e-02, 1.109e+05, 0.000e+00, 1.796e-05, 0.000e+00, 2.015e+00, 9.983e+02, 7.887e-09
6.450e-01, 5.000e-01, -8.500e-02, 1.108e+05, 0.000e+00, 8.799e-06, 0.000e+00, 2.013e+00, 9.983e+02, 3.865e-09
6.450e-01, 5.000e-01, -7.500e-02, 1.107e+05, 0.000e+00, 4.061e-06, 0.000e+00, 2.011e+00, 9.983e+02, 1.784e-09
6.450e-01, 5.000e-01, -6.500e-02, 1.106e+05, 0.000e+00, 1.770e-06, 0.000e+00, 2.009e+00, 9.983e+02, 7.776e-10
6.450e-01, 5.000e-01, -5.500e-02, 1.105e+05, 0.000e+00, 7.299e-07, 0.000e+00, 2.008e+00, 9.983e+02, 3.206e-10
6.450e-01, 5.000e-01, -4.500e-02, 1.104e+05, 0.000e+00, 2.851e-07, 0.000e+00, 2.006e+00, 9.983e+02, 1.252e-10
6.450e-01, 5.000e-01, -3.500e-02, 1.103e+05, 0.000e+00, 1.057e-07, 0.000e+00, 2.004e+00, 9.983e+02, 4.641e-11
6.450e-01, 5.000e-01, -2.500e-02, 1.102e+05, 0.000e+00, 3.732e-08, 0.000e+00, 2.002e+00, 9.983e+02, 1.639e-11
6.450e-01, 5.000e-01, -1.500e-02, 1.101e+05, 0.000e+00, 1.284e-08, 0.000e+00, 2.000e+00, 9.983e+02, 5.638e-12
6.450e-01, 5.000e-01, -5.000e-03, 1.100e+05, 0.000e+00, 4.907e-09, 0.000e+00, 1.999e+00, 9.983e+02, 2.155e-12
6.550e-01, 5.000e-01, -1.195e+00, 1.202e+05, 0.000e+00, 1.002e-13, 0.000e+00, 2.184e+00, 9.983e+02, 2.000e-17
6.550e-01, 5.000e-01, -1.185e+00, 1.201e+05, 0.000e+00, 1.002e-13, 0.000e+00, 2.182e+00, 9.983e+02, 2.000e-17
6.550e-01, 5.000e-01, -1.175e+00, 1.200e+05, 0.000e+00, 1.002e-13, 0.000e+00, 2.181e+00, 9.983e+02, 2.000e-17
6.550e-01, 5.000e-01, -1.165e+00, 1.199e+05, 0.000e+00, 1.002e-13, 0.000e+00, 2.179e+00, 9.983e+02, 2.000e-17
6.550e-01, 5.000e-01, -1.155e+00, 1.198e+05, 0.000e+00, 1.002e-13, 0.000e+00, 2.177e+00, 9.983e+02, 2.000e-17
6.550e-01, 5.000e-01, -1.145e+00, 1.197e+05, 0.000e+00, 8.228e-12, 0.000e+00, 2.175e+00, 9.983e+02, 1.643e-15
6.550e-01, 5.000e-01, -1.135e+00, 1.196e+05, 0.000e+00, 1.310e-03, 0.000e+00, 2.174e+00, 9.985e+02, 5.233e-07
6.550e-01, 5.000e-01, -1.125e+00, 1.195e+05, 0.000e+00, 1.296e-03, 0.000e+00, 2.172e+00, 9.985e+02, 5.565e-07
6.550e-01, 5.000e-01, -1.115e+00, 1.194e+05, 0.000e+00, 1.271e-03, 0.000e+00, 2.170e+00, 9.985e+02, 5.455e-07
6.550e-01, 5.000e-01, -1.105e+00, 1.193e+05, 0.000e+00, 1.221e-03, 0.000e+00, 2.168e+00, 9.985e+02, 5.244e-07
6.550e-01, 5.000e-01, -1.095e+00, 1.192e+05, 0.000e+00, 1.143e-03, 0.000e+00, 2.167e+00, 9.985e+02, 4.908e-07
6.550e-01, 5.000e-01, -1.085e+00, 1.191e+05, 0.000e+00, 1.043e-03, 0.000e+00, 2.165e+00, 9.985e+02, 4.478e-07
6.550e-01, 5.000e-01, -1.075e+00, 1.190e+05, 0.000e+00, 9.370e-04, 0.000e+00, 2.163e+00, 9.984e+02, 4.023e-07
6.550e-01, 5.000e-01, -1.065e+00, 1.189e+05, 0.000e+00, 8.389e-04, 0.000e+00, 2.161e+00, 9.984e+02, 3.602e-07
6.550e-01, 5.000e-01, -1.055e+00, 1.188e+05, 0.000e+00, 7.566e-04, 0.000e+00, 2.159e+00, 9.984e+02, 3.248e-07
6.550e-01, 5.000e-01, -1.045e+00, 1.187e+05, 0.000e+00, 6.914e-04, 0.000e+00, 2.158e+00, 9.984e+02, 2.968e-07
6.550e-01, 5.000e-01, -1.035e+00, 1.186e+05, 0.000e+00, 6.401e-04, 0.000e+00, 2.156e+00, 9.984e+02, 2.748e-07
6.550e-01, 5.000e-01, -1.025e+00, 1.185e+05, 0.000e+00, 5.984e-04, 0.000e+00, 2.154e+00, 9.984e+02, 2.569e-07
6.550e-01, 5.000e-01, -1.015e+00, 1.185e+05, 0.000e+00, 5.626e-04, 0.000e+00, 2.152e+00, 9.984e+02, 2.415e-07
6.550e-01, 5.000e-01, -1.005e+00, 1.184e+05, 0.000e+00, 5.304e-04, 0.000e+00, 2.150e+00, 9.984e+02, 2.277e-07
6.550e-01, 5.000e-01, -9.950e-01, 1.183e+05, 0.000e+00, 5.003e-04, 0.000e+00, 2.149e+00, 9.984e+02, 2.148e-07
6.550e-01, 5.000e-01, -9.850e-01, 1.182e+05, 0.000e+00, 4.703e-04, 0.000e+00, 2.147e+00, 9.983e+02, 2.019e-07
6.550e-01, 5.000e-01, -9.750e-01, 1.181e+05, 0.000e+00, 4.387e-04, 0.000e+00, 2.145e+00, 9.983e+02, 1.883e-07
6.550e-01, 5.000e-01, -9.650e-01, 1.180e+05, 0.000e+00, 4.058e-04, 0.000e+00, 2.143e+00, 9.983e+02, 1.742e-07
6.550e-01, 5.000e-01, -9.550e-01, 1.179e+05, 0.000e+00, 3.767e-04, 0.000e+00, 2.141e+00, 9.983e+02, 1.617e-07
6.550e-01, 5.000e-01, -9.450e-01, 1.178e+05, 0.000e+00, 3.544e-04, 0.000e+00, 2.140e+00, 9.983e+02, 1.521e-07
6.550e-01, 5.000e-01, -9.350e-01, 1.177e+05, 0.000e+00, 3.384e-04, 0.000e+00, 2.138e+00, 9.983e+02, 1.453e-07
6.550e-01, 5.000e-01, -9.250e-01, 1.176e+05, 0.000e+00, 3.267e-04, 0.000e+00, 2.136e+00, 9.983e+02, 1.402e-07
6.550e-01, 5.000e-01, -9.150e-01, 1.175e+05, 0.000e+00, 3.186e-04, 0.000e+00, 2.134e+00, 9.983e+02, 1.368e-07
6.550e-01, 5.000e-01, -9.050e-01, 1.174e+05, 0.000e+00, 3.145e-04, 0.000e+00, 2.132e+00, 9.983e+02, 1.350e-07
6.550e-01, 5.000e-01, -8.950e-01, 1.173e+05, 0.000e+00, 3.144e-04, 0.000e+00, 2.131e+00, 9.983e+02, 1.350e-07
6.550e-01, 5.000e-01, -8.850e-01, 1.172e+05, 0.000e+00, 3.166e-04, 0.000e+00, 2.129e+00, 9.983e+02, 1.359e-07
6.550e-01, 5.000e-01, -8.750e-01, 1.171e+05, 0.000e+00, 3.192e-04, 0.000e+00, 2.127e+00, 9.983e+02, 1.370e-07
6.550e-01, 5.000e-01, -8.650e-01, 1.170e+05, 0.000e+00, 3.208e-04, 0.000e+00, 2.125e+00, 9.983e+02, 1.377e-07
6.550e-01, 5.000e-01, -8.550e-01, 1.169e+05, 0.000e+00, 3.210e-04, 0.000e+00, 2.124e+00, 9.983e+02, 1.378e-07
6.550e-01, 5.000e-01, -8.450e-01, 1.168e+05, 0.000e+00, 3.203e-04, 0.000e+00, 2.122e+00, 9.983e+02, 1.375e-07
6.550e-01, 5.000e-01, -8.350e-01, 1.167e+05, 0.000e+00, 3.190e-04, 0.000e+00, 2.120e+00, 9.983e+02, 1.370e-07
6.550e-01, 5.000e-01, -8.250e-01, 1.166e+05, 0.000e+00, 3.173e-04, 0.000e+00, 2.118e+00, 9.983e+02, 1.362e-07
6.550e-01, 5.000e-01, -8.150e-01, 1.165e+05, 0.000e+00, 3.144e-04, 0.000e+00, 2.116e+00, 9.983e+02, 1.350e-07
6.550e-01, 5.000e-01, -8.050e-01, 1.164e+05, 0.000e+00, 3.082e-04, 0.000e+00, 2.115e+00, 9.983e+02, 1.323e-07
6.550e-01, 5.000e-01, -7.950e-01, 1.163e+05, 0.000e+00, 2.928e-04, 0.000e+00, 2.113e+00, 9.983e+02, 1.257e-07
6.550e-01, 5.000e-01, -7.850e-01, 1.177e+05, 0.000e+00, 2.630e-04, 0.000e+00, 2.138e+00, 9.983e+02, 1.143e-07
6.550e-01, 5.000e-01, -7.750e-01, 1.176e+05, 0.000e+00, 2.263e-04, 0.000e+00, 2.136e+00, 9.983e+02, 9.941e-08
6.550e-01, 5.000e-01, -7.650e-01, 1.175e+05, 0.000e+00, 1.875e-04, 0.000e+00, 2.135e+00, 9.983e+02, 8.237e-08
6.550e-01, 5.000e-01, -7.550e-01, 1.174e+05, 0.000e+00, 1.467e-04, 0.000e+00, 2.133e+00, 9.983e+02, 6.444e-08
6.550e-01, 5.000e-01, -7.450e-01, 1.173e+05, 0.000e+00, 1.065e-04, 0.000e+00, 2.131e+00, 9.983e+02, 4.680e-08
6.550e-01, 5.000e-01, -7.350e-01, 1.172e+05, 0.000e+00, 7.116e-05, 0.000e+00, 2.129e+00, 9.983e+02, 3.126e-08
6.550e-01, 5.000e-01, -7.250e-01, 1.171e+05, 0.000e+00, 4.381e-05, 0.000e+00, 2.127e+00, 9.983e+02, 1.924e-08
6.550e-01, 5.000e-01, -7.150e-01, 1.170e+05, 0.000e+00, 2.552e-05, 0.000e+00, 2.126e+00, 9.983e+02, 1.121e-08
6.550e-01, 5.000e-01, -7.050e-01, 1.169e+05, 0.000e+00, 1.573e-05, 0.000e+00, 2.124e+00, 9.983e+02, 6.911e-09
6.550e-01, 5.000e-01, -6.950e-01, 1.168e+05, 0.000e+00, 1.371e-05, 0.000e+00, 2.122e+00, 9.983e+02, 6.022e-09
6.550e-01, 5.000e-01, -6.850e-01, 1.167e+05, 0.000e+00, 1.987e-05, 0.000e+00, 2.120e+00, 9.983e+02, 8.726e-09
6.550e-01, 5.000e-01, -6.750e-01, 1.166e+05, 0.000e+00, 3.631e-05, 0.000e+00, 2.119e+00, 9.983e+02, 1.595e-08
6.550e-01, 5.000e-01, -6.650e-01, 1.165e+05, 0.000e+00, 6.632e-05, 0.000e+00, 2.117e+00, 9.983e+02, 2.913e-08
6.550e-01, 5.000e-01, -6.550e-01, 1.164e+05, 0.000e+00, 1.125e-04, 0.000e+00, 2.115e+00, 9.983e+02, 4.943e-08
6.550e-01, 5.000e-01, -6.450e-01, 1.163e+05, 0.000e+00, 1.743e-04, 0.000e+00, 2.113e+00, 9.983e+02, 7.658e-08
6.550e-01, 5.000e-01, -6.350e-01, 1.162e+05, 0.000e+00, 2.455e-04, 0.000e+00, 2.111e+00, 9.983e+02, 1.078e-07
6.550e-01, 5.000e-01, -6.250e-01, 1.146e+05, 0.000e+00, 3.137e-04, 0.000e+00, 2.083e+00, 9.983e+02, 1.395e-07
6.550e-01, 5.000e-01, -6.150e-01, 1.145e+05, 0.000e+00, 3.619e-04, 0.000e+00, 2.081e+00, 9.983e+02, 1.626e-07
6.550e-01, 5.000e-01, -6.050e-01, 1.144e+05, 0.000e+00, 3.767e-04, 0.000e+00, 2.079e+00, 9.983e+02, 1.692e-07
6.550e-01, 5.000e-01, -5.950e-01, 1.144e+05, 0.000e+00, 3.641e-04, 0.000e+00, 2.077e+00, 9.983e+02, 1.636e-07
6.550e-01, 5.000e-01, -5.850e-01, 1.143e+05, 0.000e+00, 3.360e-04, 0.000e+00, 2.075e+00, 9.983e+02, 1.510e-07
6.550e-01, 5.000e-01, -5.750e-01, 1.142e+05, 0.000e+00, 3.060e-04, 0.000e+00, 2.074e+00, 9.983e+02, 1.374e-07
6.550e-01, 5.000e-01, -5.650e-01, 1.141e+05, 0.000e+00, 2.778e-04, 0.000e+00, 2.072e+00, 9.983e+02, 1.248e-07
6.550e-01, 5.000e-01, -5.550e-01, 1.140e+05, 0.000e+00, 2.513e-04, 0.000e+00, 2.070e+00, 9.983e+02, 1.129e-07
6.550e-01, 5.000e-01, -5.450e-01, 1.139e+05, 0.000e+00, 2.261e-04, 0.000e+00, 2.068e+00, 9.983e+02, 1.016e-07
6.550e-01, 5.000e-01, -5.350e-01, 1.138e+05, 0.000e+00, 2.015e-04, 0.000e+00, 2.067e+00, 9.983e+02, 9.054e-08
6.550e-01, 5.000e-01, -5.250e-01, 1.137e+05, 0.000e+00, 1.777e-04, 0.000e+00, 2.065e+00, 9.983e+02, 7.981e-08
6.550e-01, 5.000e-01, -5.150e-01, 1.136e+05, 0.000e+00, 1.546e-04, 0.000e+00, 2.063e+00, 9.983e+02, 6.943e-08
6.550e-01, 5.000e-01, -5.050e-01, 1.135e+05, 0.000e+00, 1.325e-04, 0.000e+00, 2.061e+00, 9.983e+02, 5.952e-08
6.550e-01, 5.000e-01, -4.950e-01, 1.134e+05, 0.000e+00, 1.122e-04, 0.000e+00, 2.059e+00, 9.983e+02, 5.017e-08
6.550e-01, 5.000e-01, -4.850e-01, 1.133e+05, 0.000e+00, 9.528e-05, 0.000e+00, 2.059e+00, 9.983e+02, 4.185e-08
6.550e-01, 5.000e-01, -4.750e-01, 1.133e+05, 0.000e+00, 8.555e-05, 0.000e+00, 2.057e+00, 9.983e+02, 3.758e-08
6.550e-01, 5.000e-01, -4.650e-01, 1.132e+05, 0.000e+00, 8.987e-05, 0.000e+00, 2.055e+00, 9.983e+02, 3.947e-08
6.550e-01, 5.000e-01, -4.550e-01, 1.131e+05, 0.000e+00, 1.135e-04, 0.000e+00, 2.054e+00, 9.983e+02, 4.975e-08
6.550e-01, 5.000e-01, -4.450e-01, 1.129e+05, 0.000e+00, 1.544e-04, 0.000e+00, 2.050e+00, 9.983e+02, 6.627e-08
6.550e-01, 5.000e-01, -4.350e-01, 1.128e+05, 0.000e+00, 1.954e-04, 0.000e+00, 2.048e+00, 9.983e+02, 8.387e-08
6.550e-01, 5.000e-01, -4.250e-01, 1.127e+05, 0.000e+00, 2.073e-04, 0.000e+00, 2.047e+00, 9.983e+02, 8.901e-08
6.550e-01, 5.000e-01, -4.150e-01, 1.126e+05, 0.000e+00, 2.019e-04, 0.000e+00, 2.045e+00, 9.983e+02, 8.668e-08
6.550e-01, 5.000e-01, -4.050e-01, 1.125e+05, 0.000e+00, 1.916e-04, 0.000e+00, 2.043e+00, 9.983e+02, 8.226e-08
6.550e-01, 5.000e-01, -3.950e-01, 1.124e+05, 0.000e+00, 1.838e-04, 0.000e+00, 2.041e+00, 9.983e+02, 7.891e-08
6.550e-01, 5.000e-01, -3.850e-01, 1.123e+05, 0.000e+00, 1.782e-04, 0.000e+00, 2.039e+00, 9.983e+02, 7.650e-08
6.550e-01, 5.000e-01, -3.750e-01, 1.122e+05, 0.000e+00, 1.742e-04, 0.000e+00, 2.038e+00, 9.983e+02, 7.476e-08
6.550e-01, 5.000e-01, -3.650e-01, 1.121e+05, 0.000e+00, 1.718e-04, 0.000e+00, 2.036e+00, 9.983e+02, 7.373e-08
6.550e-01, 5.000e-01, -3.550e-01, 1.120e+05, 0.000e+00, 1.738e-04, 0.000e+00, 2.034e+00, 9.983e+02, 7.459e-08
6.550e-01, 5.000e-01, -3.450e-01, 1.119e+05, 0.000e+00, 1.921e-04, 0.000e+00, 2.032e+00, 9.983e+02, 8.316e-08
6.550e-01, 5.000e-01, -3.350e-01, 1.118e+05, 0.000e+00, 2.602e-04, 0.000e+00, 2.031e+00, 9.983e+02, 1.169e-07
6.550e-01, 5.000e-01, -3.250e-01, 1.117e+05, 0.000e+00, 3.486e-04, 0.000e+00, 2.029e+00, 9.983e+02, 1.566e-07
6.550e-01, 5.000e-01, -3.150e-01, 1.116e+05, 0.000e+00, 3.818e-04, 0.000e+00, 2.027e+00, 9.983e+02, 1.715e-07
6.550e-01, 5.000e-01, -3.050e-01, 1.115e+05, 0.000e+00, 3.705e-04, 0.000e+00, 2.025e+00, 9.983e+02, 1.664e-07
6.550e-01, 5.000e-01, -2.950e-01, 1.114e+05, 0.000e+00, 3.443e-04, 0.000e+00, 2.024e+00, 9.983e+02, 1.547e-07
6.550e-01, 5.000e-01, -2.850e-01, 1.113e+05, 0.000e+00, 3.152e-04, 0.000e+00, 2.022e+00, 9.983e+02, 1.416e-07
6.550e-01, 5.000e-01, -2.750e-01, 1.112e+05, 0.000e+00, 2.849e-04, 0.000e+00, 2.020e+00, 9.983e+02, 1.280e-07
6.550e-01, 5.000e-01, -2.650e-01, 1.111e+05, 0.000e+00, 2.522e-04, 0.000e+00, 2.018e+00, 9.983e+02, 1.133e-07
6.550e-01, 5.000e-01, -2.550e-01, 1.110e+05, 0.000e+00, 2.154e-04, 0.000e+00, 2.016e+00, 9.983e+02, 9.617e-08
6.550e-01, 5.000e-01, -2.450e-01, 1.110e+05, 0.000e+00, 1.812e-04, 0.000e+00, 2.016e+00, 9.983e+02, 7.960e-08
6.550e-01, 5.000e-01, -2.350e-01, 1.109e+05, 0.000e+00, 1.604e-04, 0.000e+00, 2.014e+00, 9.983e+02, 7.048e-08
6.550e-01, 5.000e-01, -2.250e-01, 1.108e+05, 0.000e+00, 1.447e-04, 0.000e+00, 2.012e+00, 9.983e+02, 6.358e-08
6.550e-01, 5.000e-01, -2.150e-01, 1.107e+05, 0.000e+00, 1.324e-04, 0.000e+00, 2.011e+00, 9.983e+02, 5.817e-08
6.550e-01, 5.000e-01, -2.050e-01, 1.106e+05, 0.000e+00, 1.249e-04, 0.000e+00, 2.009e+00, 9.983e+02, 5.485e-08
6.550e-01, 5.000e-01, -1.950e-01, 1.105e+05, 0.000e+00, 1.261e-04, 0.000e+00, 2.007e+00, 9.983e+02, 5.539e-08
6.550e-01, 5.000e-01, -1.850e-01, 1.104e+05, 0.000e+00, 1.429e-04, 0.000e+00, 2.005e+00, 9.983e+02, 6.218e-08
6.550e-01, 5.000e-01, -1.750e-01, 1.105e+05, 0.000e+00, 1.738e-04, 0.000e+00, 2.007e+00, 9.983e+02, 7.459e-08
6.550e-01, 5.000e-01, -1.650e-01, 1.104e+05, 0.000e+00, 1.999e-04, 0.000e+00, 2.005e+00, 9.983e+02, 8.579e-08
6.550e-01, 5.000e-01, -1.550e-01, 1.103e+05, 0.000e+00, 2.043e-04, 0.000e+00, 2.004e+00, 9.983e+02, 8.769e-08
6.550e-01, 5.000e-01, -1.450e-01, 1.102e+05, 0.000e+00, 1.807e-04, 0.000e+00, 2.002e+00, 9.983e+02, 7.756e-08
6.550e-01, 5.000e-01, -1.350e-01, 1.101e+05, 0.000e+00, 1.393e-04, 0.000e+00, 2.000e+00, 9.983e+02, 5.979e-08
6.550e-01, 5.000e-01, -1.250e-01, 1.100e+05, 0.000e+00, 9.581e-05, 0.000e+00, 1.998e+00, 9.983e+02, 4.113e-08
6.550e-01, 5.000e-01, -1.150e-01, 1.111e+05, 0.000e+00, 5.961e-05, 0.000e+00, 2.018e+00, 9.983e+02, 2.618e-08
6.550e-01, 5.000e-01, -1.050e-01, 1.110e+05, 0.000e+00, 3.393e-05, 0.000e+00, 2.017e+00, 9.983e+02, 1.491e-08
6.550e-01, 5.000e-01, -9.500e-02, 1.109e+05, 0.000e+00, 1.787e-05, 0.000e+00, 2.015e+00, 9.983e+02, 7.849e-09
6.550e-01, 5.000e-01, -8.500e-02, 1.108e+05, 0.000e+00, 8.797e-06, 0.000e+00, 2.013e+00, 9.983e+02, 3.864e-09
6.550e-01, 5.000e-01, -7.500e-02, 1.107e+05, 0.000e+00, 4.072e-06, 0.000e+00, 2.011e+00, 9.983e+02, 1.789e-09
6.550e-01, 5.000e-01, -6.500e-02, 1.106e+05, 0.000e+00, 1.778e-06, 0.000e+00, 2.009e+00, 9.983e+02, 7.809e-10
6.550e-01, 5.000e-01, -5.500e-02, 1.105e+05, 0.000e+00, 7.335e-07, 0.000e+00, 2.008e+00, 9.983e+02, 3.222e-10
6.550e-01, 5.000e-01, -4.500e-02, 1.104e+05, 0.000e+00, 2.865e-07, 0.000e+00, 2.006e+00, 9.983e+02, 1.258e-10
6.550e-01, 5.000e-01, -3.500e-02, 1.103e+05, 0.000e+00, 1.061e-07, 0.000e+00, 2.004e+00, 9.983e+02, 4.662e-11
6.550e-01, 5.000e-01, -2.500e-02, 1.102e+05, 0.000e+00, 3.746e-08, 0.000e+00, 2.002e+00, 9.983e+02, 1.645e-11
6.550e-01, 5.000e-01, -1.500e-02, 1.101e+05, 0.000e+00, 1.287e-08, 0.000e+00, 2.000e+00, 9.983e+02, 5.651e-12
6.550e-01, 5.000e-01, -5.000e-03, 1.100e+05, 0.000e+00, 4.915e-09, 0.000e+00, 1.999e+00, 9.983e+02, 2.159e-12
6.650e-01, 5.000e-01, -1.195e+00, 1.202e+05, 0.000e+00, 1.002e-13, 0.000e+00, 2.184e+00, 9.983e+02, 2.000e-17
6.650e-01, 5.000e-01, -1.185e+00, 1.201e+05, 0.000e+00, 1.002e-13, 0.000e+00, 2.182e+00, 9.983e+02, 2.000e-17
6.650e-01, 5.000e-01, -1.175e+00, 1.200e+05, 0.000e+00, 1.002e-13, 0.000e+00, 2.181e+00, 9.983e+02, 2.000e-17
6.650e-01, 5.000e-01, -1.165e+00, 1.199e+05, 0.000e+00, 1.002e-13, 0.000e+00, 2.179e+00, 9.983e+02, 2.000e-17
6.650e-01, 5.000e-01, -1.155e+00, 1.198e+05, 0.000e+00, 1.002e-13, 0.000e+00, 2.177e+00, 9.983e+02, 2.000e-17
6.650e-01, 5.000e-01, -1.145e+00, 1.197e+05, 0.000e+00, 8.033e-12, 0.000e+00, 2.175e+00, 9.983e+02, 1.604e-15
6.650e-01, 5.000e-01, -1.135e+00, 1.196e+05, 0.000e+00, 1.301e-03, 0.000e+00, 2.174e+00, 9.985e+02, 5.053e-07
6.650e-01, 5.000e-01, -1.125e+00, 1.195e+05, 0.000e+00, 1.300e-03, 0.000e+00, 2.172e+00, 9.985e+02, 5.581e-07
6.650e-01, 5.000e-01, -1.115e+00, 1.194e+05, 0.000e+00, 1.274e-03, 0.000e+00, 2.170e+00, 9.985e+02, 5.471e-07
6.650e-01, 5.000e-01, -1.105e+00, 1.193e+05, 0.000e+00, 1.223e-03, 0.000e+00, 2.168e+00, 9.985e+02, 5.249e-07
6.650e-01, 5.000e-01, -1.095e+00, 1.192e+05, 0.000e+00, 1.142e-03, 0.000e+00, 2.167e+00, 9.985e+02, 4.904e-07
6.650e-01, 5.000e-01, -1.085e+00, 1.191e+05, 0.000e+00, 1.041e-03, 0.000e+00, 2.165e+00, 9.985e+02, 4.467e-07
6.650e-01, 5.000e-01, -1.075e+00, 1.190e+05, 0.000e+00, 9.339e-04, 0.000e+00, 2.163e+00, 9.984e+02, 4.009e-07
6.650e-01, 5.000e-01, -1.065e+00, 1.189e+05, 0.000e+00, 8.360e-04, 0.000e+00, 2.161e+00, 9.984e+02, 3.589e-07
6.650e-01, 5.000e-01, -1.055e+00, 1.188e+05, 0.000e+00, 7.543e-04, 0.000e+00, 2.159e+00, 9.984e+02, 3.238e-07
6.650e-01, 5.000e-01, -1.045e+00, 1.187e+05, 0.000e+00, 6.901e-04, 0.000e+00, 2.158e+00, 9.984e+02, 2.963e-07
6.650e-01, 5.000e-01, -1.035e+00, 1.186e+05, 0.000e+00, 6.402e-04, 0.000e+00, 2.156e+00, 9.984e+02, 2.748e-07
6.650e-01, 5.000e-01, -1.025e+00, 1.185e+05, 0.000e+00, 6.000e-04, 0.000e+00, 2.154e+00, 9.984e+02, 2.576e-07
6.650e-01, 5.000e-01, -1.015e+00, 1.185e+05, 0.000e+00, 5.656e-04, 0.000e+00, 2.152e+00, 9.984e+02, 2.428e-07
6.650e-01, 5.000e-01, -1.005e+00, 1.184e+05, 0.000e+00, 5.347e-04, 0.000e+00, 2.150e+00, 9.984e+02, 2.295e-07
6.650e-01, 5.000e-01, -9.950e-01, 1.183e+05, 0.000e+00, 5.059e-04, 0.000e+00, 2.149e+00, 9.984e+02, 2.172e-07
6.650e-01, 5.000e-01, -9.850e-01, 1.182e+05, 0.000e+00, 4.776e-04, 0.000e+00, 2.147e+00, 9.984e+02, 2.050e-07
6.650e-01, 5.000e-01, -9.750e-01, 1.181e+05, 0.000e+00, 4.479e-04, 0.000e+00, 2.145e+00, 9.983e+02, 1.923e-07
6.650e-01, 5.000e-01, -9.650e-01, 1.180e+05, 0.000e+00, 4.162e-04, 0.000e+00, 2.143e+00, 9.983e+02, 1.786e-07
6.650e-01, 5.000e-01, -9.550e-01, 1.179e+05, 0.000e+00, 3.862e-04, 0.000e+00, 2.141e+00, 9.983e+02, 1.658e-07
6.650e-01, 5.000e-01, -9.450e-01, 1.178e+05, 0.000e+00, 3.622e-04, 0.000e+00, 2.140e+00, 9.983e+02, 1.555e-07
6.650e-01, 5.000e-01, -9.350e-01, 1.177e+05, 0.000e+00, 3.447e-04, 0.000e+00, 2.138e+00, 9.983e+02, 1.480e-07
6.650e-01, 5.000e-01, -9.250e-01, 1.176e+05, 0.000e+00, 3.320e-04, 0.000e+00, 2.136e+00, 9.983e+02, 1.425e-07
6.650e-01, 5.000e-01, -9.150e-01, 1.175e+05, 0.000e+00, 3.225e-04, 0.000e+00, 2.134e+00, 9.983e+02, 1.384e-07
6.650e-01, 5.000e-01, -9.050e-01, 1.174e+05, 0.000e+00, 3.159e-04, 0.000e+00, 2.132e+00, 9.983e+02, 1.356e-07
6.650e-01, 5.000e-01, -8.950e-01, 1.173e+05, 0.000e+00, 3.128e-04, 0.000e+00, 2.131e+00, 9.983e+02, 1.343e-07
6.650e-01, 5.000e-01, -8.850e-01, 1.172e+05, 0.000e+00, 3.126e-04, 0.000e+00, 2.129e+00, 9.983e+02, 1.342e-07
6.650e-01, 5.000e-01, -8.750e-01, 1.171e+05, 0.000e+00, 3.140e-04, 0.000e+00, 2.127e+00, 9.983e+02, 1.348e-07
6.650e-01, 5.000e-01, -8.650e-01, 1.170e+05, 0.000e+00, 3.154e-04, 0.000e+00, 2.125e+00, 9.983e+02, 1.354e-07
6.650e-01, 5.000e-01, -8.550e-01, 1.169e+05, 0.000e+00, 3.160e-04, 0.000e+00, 2.124e+00, 9.983e+02, 1.357e-07
6.650e-01, 5.000e-01, -8.450e-01, 1.168e+05, 0.000e+00, 3.157e-04, 0.000e+00, 2.122e+00, 9.983e+02, 1.355e-07
6.650e-01, 5.000e-01, -8.350e-01, 1.167e+05, 0.000e+00, 3.143e-04, 0.000e+00, 2.120e+00, 9.983e+02, 1.349e-07
6.650e-01, 5.000e-01, -8.250e-01, 1.166e+05, 0.000e+00, 3.120e-04, 0.000e+00, 2.118e+00, 9.983e+02, 1.339e-07
6.650e-01, 5.000e-01, -8.150e-01, 1.165e+05, 0.000e+00, 3.082e-04, 0.000e+00, 2.116e+00, 9.983e+02, 1.323e-07
6.650e-01, 5.000e-01, -8.050e-01, 1.164e+05, 0.000e+00, 3.017e-04, 0.000e+00, 2.115e+00, 9.983e+02, 1.295e-07
6.650e-01, 5.000e-01, -7.950e-01, 1.163e+05, 0.000e+00, 2.889e-04, 0.000e+00, 2.113e+00, 9.983e+02, 1.240e-07
6.650e-01, 5.000e-01, -7.850e-01, 1.162e+05, 0.000e+00, 2.680e-04, 0.000e+00, 2.111e+00, 9.983e+02, 1.160e-07
6.650e-01, 5.000e-01, -7.750e-01, 1.176e+05, 0.000e+00, 2.331e-04, 0.000e+00, 2.136e+00, 9.983e+02, 1.024e-07
6.650e-01, 5.000e-01, -7.650e-01, 1.175e+05, 0.000e+00, 1.951e-04, 0.000e+00, 2.135e+00, 9.983e+02, 8.568e-08
6.650e-01, 5.000e-01, -7.550e-01, 1.174e+05, 0.000e+00, 1.541e-04, 0.000e+00, 2.133e+00, 9.983e+02, 6.768e-08
6.650e-01, 5.000e-01, -7.450e-01, 1.173e+05, 0.000e+00, 1.128e-04, 0.000e+00, 2.131e+00, 9.983e+02, 4.956e-08
6.650e-01, 5.000e-01, -7.350e-01, 1.172e+05, 0.000e+00, 7.586e-05, 0.000e+00, 2.129e+00, 9.983e+02, 3.332e-08
6.650e-01, 5.000e-01, -7.250e-01, 1.171e+05, 0.000e+00, 4.689e-05, 0.000e+00, 2.127e+00, 9.983e+02, 2.059e-08
6.650e-01, 5.000e-01, -7.150e-01, 1.170e+05, 0.000e+00, 2.719e-05, 0.000e+00, 2.126e+00, 9.983e+02, 1.194e-08
6.650e-01, 5.000e-01, -7.050e-01, 1.169e+05, 0.000e+00, 1.615e-05, 0.000e+00, 2.124e+00, 9.983e+02, 7.094e-09
6.650e-01, 5.000e-01, -6.950e-01, 1.168e+05, 0.000e+00, 1.276e-05, 0.000e+00, 2.122e+00, 9.983e+02, 5.605e-09
6.650e-01, 5.000e-01, -6.850e-01, 1.167e+05, 0.000e+00, 1.703e-05, 0.000e+00, 2.120e+00, 9.983e+02, 7.482e-09
6.650e-01, 5.000e-01, -6.750e-01, 1.166e+05, 0.000e+00, 3.068e-05, 0.000e+00, 2.119e+00, 9.983e+02, 1.348e-08
6.650e-01, 5.000e-01, -6.650e-01, 1.165e+05, 0.000e+00, 5.686e-05, 0.000e+00, 2.117e+00, 9.983e+02, 2.497e-08
6.650e-01, 5.000e-01, -6.550e-01, 1.164e+05, 0.000e+00, 9.866e-05, 0.000e+00, 2.115e+00, 9.983e+02, 4.333e-08
6.650e-01, 5.000e-01, -6.450e-01, 1.163e+05, 0.000e+00, 1.566e-04, 0.000e+00, 2.113e+00, 9.983e+02, 6.879e-08
6.650e-01, 5.000e-01, -6.350e-01, 1.162e+05, 0.000e+00, 2.260e-04, 0.000e+00, 2.111e+00, 9.983e+02, 9.928e-08
6.650e-01, 5.000e-01, -6.250e-01, 1.161e+05, 0.000e+00, 2.958e-04, 0.000e+00, 2.110e+00, 9.983e+02, 1.312e-07
6.650e-01, 5.000e-01, -6.150e-01, 1.145e+05, 0.000e+00, 3.490e-04, 0.000e+00, 2.081e+00, 9.983e+02, 1.568e-07
6.650e-01, 5.000e-01, -6.050e-01, 1.144e+05, 0.000e+00, 3.641e-04, 0.000e+00, 2.079e+00, 9.983e+02, 1.636e-07
6.650e-01, 5.000e-01, -5.950e-01, 1.144e+05, 0.000e+00, 3.482e-04, 0.000e+00, 2.077e+00, 9.983e+02, 1.564e-07
6.650e-01, 5.000e-01, -5.850e-01, 1.143e+05, 0.000e+00, 3.207e-04, 0.000e+00, 2.075e+00, 9.983e+02, 1.441e-07
6.650e-01, 5.000e-01, -5.750e-01, 1.142e+05, 0.000e+00, 2.941e-04, 0.000e+00, 2.074e+00, 9.983e+02, 1.321e-07
6.650e-01, 5.000e-01, -5.650e-01, 1.141e+05, 0.000e+00, 2.695e-04, 0.000e+00, 2.072e+00, 9.983e+02, 1.211e-07
6.650e-01, 5.000e-01, -5.550e-01, 1.140e+05, 0.000e+00, 2.460e-04, 0.000e+00, 2.070e+00, 9.983e+02, 1.105e-07
6.650e-01, 5.000e-01, -5.450e-01, 1.139e+05, 0.000e+00, 2.228e-04, 0.000e+00, 2.068e+00, 9.983e+02, 1.001e-07
6.650e-01, 5.000e-01, -5.350e-01, 1.138e+05, 0.000e+00, 1.996e-04, 0.000e+00, 2.067e+00, 9.983e+02, 8.968e-08
6.650e-01, 5.000e-01, -5.250e-01, 1.137e+05, 0.000e+00, 1.768e-04, 0.000e+00, 2.065e+00, 9.983e+02, 7.942e-08
6.650e-01, 5.000e-01, -5.150e-01, 1.136e+05, 0.000e+00, 1.546e-04, 0.000e+00, 2.063e+00, 9.983e+02, 6.944e-08
6.650e-01, 5.000e-01, -5.050e-01, 1.135e+05, 0.000e+00, 1.334e-04, 0.000e+00, 2.061e+00, 9.983e+02, 5.994e-08
6.650e-01, 5.000e-01, -4.950e-01, 1.134e+05, 0.000e+00, 1.139e-04, 0.000e+00, 2.059e+00, 9.983e+02, 5.098e-08
6.650e-01, 5.000e-01, -4.850e-01, 1.133e+05, 0.000e+00, 9.707e-05, 0.000e+00, 2.059e+00, 9.983e+02, 4.264e-08
6.650e-01, 5.000e-01, -4.750e-01, 1.133e+05, 0.000e+00, 8.570e-05, 0.000e+00, 2.057e+00, 9.983e+02, 3.764e-08
6.650e-01, 5.000e-01, -4.650e-01, 1.132e+05, 0.000e+00, 8.449e-05, 0.000e+00, 2.055e+00, 9.983e+02, 3.711e-08
6.650e-01, 5.000e-01, -4.550e-01, 1.131e+05, 0.000e+00, 9.833e-05, 0.000e+00, 2.054e+00, 9.983e+02, 4.308e-08
6.650e-01, 5.000e-01, -4.450e-01, 1.129e+05, 0.000e+00, 1.295e-04, 0.000e+00, 2.050e+00, 9.983e+02, 5.557e-08
6.650e-01, 5.000e-01, -4.350e-01, 1.128e+05, 0.000e+00, 1.543e-04, 0.000e+00, 2.048e+00, 9.983e+02, 6.625e-08
6.650e-01, 5.000e-01, -4.250e-01, 1.127e+05, 0.000e+00, 1.653e-04, 0.000e+00, 2.047e+00, 9.983e+02, 7.098e-08
6.650e-01, 5.000e-01, -4.150e-01, 1.126e+05, 0.000e+00, 1.674e-04, 0.000e+00, 2.045e+00, 9.983e+02, 7.187e-08
6.650e-01, 5.000e-01, -4.050e-01, 1.125e+05, 0.000e+00, 1.666e-04, 0.000e+00, 2.043e+00, 9.983e+02, 7.152e-08
6.650e-01, 5.000e-01, -3.950e-01, 1.124e+05, 0.000e+00, 1.652e-04, 0.000e+00, 2.041e+00, 9.983e+02, 7.093e-08
6.650e-01, 5.000e-01, -3.850e-01, 1.123e+05, 0.000e+00, 1.644e-04, 0.000e+00, 2.039e+00, 9.983e+02, 7.056e-08
6.650e-01, 5.000e-01, -3.750e-01, 1.122e+05, 0.000e+00, 1.640e-04, 0.000e+00, 2.038e+00, 9.983e+02, 7.038e-08
6.650e-01, 5.000e-01, -3.650e-01, 1.121e+05, 0.000e+00, 1.639e-04, 0.000e+00, 2.036e+00, 9.983e+02, 7.035e-08
6.650e-01, 5.000e-01, -3.550e-01, 1.120e+05, 0.000e+00, 1.658e-04, 0.000e+00, 2.034e+00, 9.983e+02, 7.118e-08
6.650e-01, 5.000e-01, -3.450e-01, 1.119e+05, 0.000e+00, 1.781e-04, 0.000e+00, 2.032e+00, 9.983e+02, 7.724e-08
6.650e-01, 5.000e-01, -3.350e-01, 1.118e+05, 0.000e+00, 2.264e-04, 0.000e+00, 2.031e+00, 9.983e+02, 1.017e-07
6.650e-01, 5.000e-01, -3.250e-01, 1.117e+05, 0.000e+00, 3.386e-04, 0.000e+00, 2.029e+00, 9.983e+02, 1.521e-07
6.650e-01, 5.000e-01, -3.150e-01, 1.116e+05, 0.000e+00, 3.821e-04, 0.000e+00, 2.027e+00, 9.983e+02, 1.716e-07
6.650e-01, 5.000e-01, -3.050e-01, 1.115e+05, 0.000e+00, 3.726e-04, 0.000e+00, 2.025e+00, 9.983e+02, 1.674e-07
6.650e-01, 5.000e-01, -2.950e-01, 1.114e+05, 0.000e+00, 3.494e-04, 0.000e+00, 2.024e+00, 9.983e+02, 1.570e-07
6.650e-01, 5.000e-01, -2.850e-01, 1.113e+05, 0.000e+00, 3.250e-04, 0.000e+00, 2.022e+00, 9.983e+02, 1.460e-07
6.650e-01, 5.000e-01, -2.750e-01, 1.112e+05, 0.000e+00, 3.008e-04, 0.000e+00, 2.020e+00, 9.983e+02, 1.351e-07
6.650e-01, 5.000e-01, -2.650e-01, 1.111e+05, 0.000e+00, 2.749e-04, 0.000e+00, 2.018e+00, 9.983e+02, 1.235e-07
6.650e-01, 5.000e-01, -2.550e-01, 1.110e+05, 0.000e+00, 2.454e-04, 0.000e+00, 2.016e+00, 9.983e+02, 1.096e-07
6.650e-01, 5.000e-01, -2.450e-01, 1.110e+05, 0.000e+00, 2.167e-04, 0.000e+00, 2.016e+00, 9.983e+02, 9.517e-08
6.650e-01, 5.000e-01, -2.350e-01, 1.109e+05, 0.000e+00, 1.995e-04, 0.000e+00, 2.014e+00, 9.983e+02, 8.765e-08
6.650e-01, 5.000e-01, -2.250e-01, 1.108e+05, 0.000e+00, 1.858e-04, 0.000e+00, 2.012e+00, 9.983e+02, 8.162e-08
6.650e-01, 5.000e-01, -2.150e-01, 1.107e+05, 0.000e+00, 1.748e-04, 0.000e+00, 2.011e+00, 9.983e+02, 7.679e-08
6.650e-01, 5.000e-01, -2.050e-01, 1.106e+05, 0.000e+00, 1.685e-04, 0.000e+00, 2.009e+00, 9.983e+02, 7.402e-08
6.650e-01, 5.000e-01, -1.950e-01, 1.105e+05, 0.000e+00, 1.709e-04, 0.000e+00, 2.007e+00, 9.983e+02, 7.507e-08
6.650e-01, 5.000e-01, -1.850e-01, 1.104e+05, 0.000e+00, 1.854e-04, 0.000e+00, 2.005e+00, 9.983e+02, 8.107e-08
6.650e-01, 5.000e-01, -1.750e-01, 1.105e+05, 0.000e+00, 2.059e-04, 0.000e+00, 2.007e+00, 9.983e+02, 8.841e-08
6.650e-01, 5.000e-01, -1.650e-01, 1.104e+05, 0.000e+00, 2.159e-04, 0.000e+00, 2.005e+00, 9.983e+02, 9.266e-08
6.650e-01, 5.000e-01, -1.550e-01, 1.103e+05, 0.000e+00, 2.047e-04, 0.000e+00, 2.004e+00, 9.983e+02, 8.786e-08
6.650e-01, 5.000e-01, -1.450e-01, 1.102e+05, 0.000e+00, 1.734e-04, 0.000e+00, 2.002e+00, 9.983e+02, 7.442e-08
6.650e-01, 5.000e-01, -1.350e-01, 1.101e+05, 0.000e+00, 1.320e-04, 0.000e+00, 2.000e+00, 9.983e+02, 5.667e-08
6.650e-01, 5.000e-01, -1.250e-01, 1.100e+05, 0.000e+00, 9.150e-05, 0.000e+00, 1.998e+00, 9.983e+02, 3.928e-08
6.650e-01, 5.000e-01, -1.150e-01, 1.111e+05, 0.000e+00, 5.775e-05, 0.000e+00, 2.018e+00, 9.983e+02, 2.536e-08
6.650e-01, 5.000e-01, -1.050e-01, 1.110e+05, 0.000e+00, 3.325e-05, 0.000e+00, 2.017e+00, 9.983e+02, 1.461e-08
6.650e-01, 5.000e-01, -9.500e-02, 1.109e+05, 0.000e+00, 1.767e-05, 0.000e+00, 2.015e+00, 9.983e+02, 7.760e-09
6.650e-01, 5.000e-01, -8.500e-02, 1.108e+05, 0.000e+00, 8.754e-06, 0.000e+00, 2.013e+00, 9.983e+02, 3.845e-09
6.650e-01, 5.000e-01, -7.500e-02, 1.107e+05, 0.000e+00, 4.070e-06, 0.000e+00, 2.011e+00, 9.983e+02, 1.788e-09
6.650e-01, 5.000e-01, -6.500e-02, 1.106e+05, 0.000e+00, 1.782e-06, 0.000e+00, 2.009e+00, 9.983e+02, 7.827e-10
6.650e-01, 5.000e-01, -5.500e-02, 1.105e+05, 0.000e+00, 7.363e-07, 0.000e+00, 2.008e+00, 9.983e+02, 3.234e-10
6.650e-01, 5.000e-01, -4.500e-02, 1.104e+05, 0.000e+00, 2.877e-07, 0.000e+00, 2.006e+00, 9.983e+02, 1.264e-10
6.650e-01, 5.000e-01, -3.500e-02, 1.103e+05, 0.000e+00, 1.066e-07, 0.000e+00, 2.004e+00, 9.983e+02, 4.682e-11
6.650e-01, 5.000e-01, -2.500e-02, 1.102e+05, 0.000e+00, 3.760e-08, 0.000e+00, 2.002e+00, 9.983e+02, 1.652e-11
6.650e-01, 5.000e-01, -1.500e-02, 1.101e+05, 0.000e+00, 1.291e-08, 0.000e+00, 2.000e+00, 9.983e+02, 5.668e-12
6.650e-01, 5.000e-01, -5.000e-03, 1.100e+05, 0.000e+00, 4.929e-09, 0.000e+00, 1.999e+00, 9.983e+02, 2.165e-12
6.750e-01, 5.000e-01, -1.195e+00, 1.202e+05, 0.000e+00, 1.002e-13, 0.000e+00, 2.184e+00, 9.983e+02, 2.000e-17
6.750e-01, 5.000e-01, -1.185e+00, 1.201e+05, 0.000e+00, 1.002e-13, 0.000e+00, 2.182e+00, 9.983e+02, 2.000e-17
6.750e-01, 5.000e-01, -1.175e+00, 1.200e+05, 0.000e+00, 1.002e-13, 0.000e+00, 2.181e+00, 9.983e+02, 2.000e-17
6.750e-01, 5.000e-01, -1.165e+00, 1.199e+05, 0.000e+00, 1.002e-13, 0.000e+00, 2.179e+00, 9.983e+02, 2.000e-17
6.750e-01, 5.000e-01, -1.155e+00, 1.198e+05, 0.000e+00, 1.002e-13, 0.000e+00, 2.177e+00, 9.983e+02, 2.000e-17
6.750e-01, 5.000e-01, -1.145e+00, 1.197e+05, 0.000e+00, 7.879e-12, 0.000e+00, 2.175e+00, 9.983e+02, 1.573e-15
6.750e-01, 5.000e-01, -1.135e+00, 1.196e+05, 0.000e+00, 1.297e-03, 0.000e+00, 2.174e+00, 9.985e+02, 4.893e-07
6.750e-01, 5.000e-01, -1.125e+00, 1.195e+05, 0.000e+00, 1.308e-03, 0.000e+00, 2.172e+00, 9.985e+02, 5.614e-07
6.750e-01, 5.000e-01, -1.115e+00, 1.194e+05, 0.000e+00, 1.280e-03, 0.000e+00, 2.170e+00, 9.985e+02, 5.495e-07
6.750e-01, 5.000e-01, -1.105e+00, 1.193e+05, 0.000e+00, 1.224e-03, 0.000e+00, 2.168e+00, 9.985e+02, 5.255e-07
6.750e-01, 5.000e-01, -1.095e+00, 1.192e+05, 0.000e+00, 1.141e-03, 0.000e+00, 2.167e+00, 9.985e+02, 4.898e-07
6.750e-01, 5.000e-01, -1.085e+00, 1.191e+05, 0.000e+00, 1.038e-03, 0.000e+00, 2.165e+00, 9.985e+02, 4.456e-07
6.750e-01, 5.000e-01, -1.075e+00, 1.190e+05, 0.000e+00, 9.308e-04, 0.000e+00, 2.163e+00, 9.984e+02, 3.996e-07
6.750e-01, 5.000e-01, -1.065e+00, 1.189e+05, 0.000e+00, 8.330e-04, 0.000e+00, 2.161e+00, 9.984e+02, 3.576e-07
6.750e-01, 5.000e-01, -1.055e+00, 1.188e+05, 0.000e+00, 7.520e-04, 0.000e+00, 2.159e+00, 9.984e+02, 3.229e-07
6.750e-01, 5.000e-01, -1.045e+00, 1.187e+05, 0.000e+00, 6.889e-04, 0.000e+00, 2.158e+00, 9.984e+02, 2.957e-07
6.750e-01, 5.000e-01, -1.035e+00, 1.186e+05, 0.000e+00, 6.403e-04, 0.000e+00, 2.156e+00, 9.984e+02, 2.749e-07
6.750e-01, 5.000e-01, -1.025e+00, 1.185e+05, 0.000e+00, 6.015e-04, 0.000e+00, 2.154e+00, 9.984e+02, 2.582e-07
6.750e-01, 5.000e-01, -1.015e+00, 1.185e+05, 0.000e+00, 5.686e-04, 0.000e+00, 2.152e+00, 9.984e+02, 2.441e-07
6.750e-01, 5.000e-01, -1.005e+00, 1.184e+05, 0.000e+00, 5.389e-04, 0.000e+00, 2.150e+00, 9.984e+02, 2.313e-07
6.750e-01, 5.000e-01, -9.950e-01, 1.183e+05, 0.000e+00, 5.112e-04, 0.000e+00, 2.149e+00, 9.984e+02, 2.195e-07
6.750e-01, 5.000e-01, -9.850e-01, 1.182e+05, 0.000e+00, 4.844e-04, 0.000e+00, 2.147e+00, 9.984e+02, 2.080e-07
6.750e-01, 5.000e-01, -9.750e-01, 1.181e+05, 0.000e+00, 4.566e-04, 0.000e+00, 2.145e+00, 9.983e+02, 1.960e-07
6.750e-01, 5.000e-01, -9.650e-01, 1.180e+05, 0.000e+00, 4.263e-04, 0.000e+00, 2.143e+00, 9.983e+02, 1.830e-07
6.750e-01, 5.000e-01, -9.550e-01, 1.179e+05, 0.000e+00, 3.962e-04, 0.000e+00, 2.141e+00, 9.983e+02, 1.701e-07
6.750e-01, 5.000e-01, -9.450e-01, 1.178e+05, 0.000e+00, 3.706e-04, 0.000e+00, 2.140e+00, 9.983e+02, 1.591e-07
6.750e-01, 5.000e-01, -9.350e-01, 1.177e+05, 0.000e+00, 3.514e-04, 0.000e+00, 2.138e+00, 9.983e+02, 1.509e-07
6.750e-01, 5.000e-01, -9.250e-01, 1.176e+05, 0.000e+00, 3.375e-04, 0.000e+00, 2.136e+00, 9.983e+02, 1.449e-07
6.750e-01, 5.000e-01, -9.150e-01, 1.175e+05, 0.000e+00, 3.271e-04, 0.000e+00, 2.134e+00, 9.983e+02, 1.404e-07
6.750e-01, 5.000e-01, -9.050e-01, 1.174e+05, 0.000e+00, 3.191e-04, 0.000e+00, 2.132e+00, 9.983e+02, 1.370e-07
6.750e-01, 5.000e-01, -8.950e-01, 1.173e+05, 0.000e+00, 3.138e-04, 0.000e+00, 2.131e+00, 9.983e+02, 1.347e-07
6.750e-01, 5.000e-01, -8.850e-01, 1.172e+05, 0.000e+00, 3.111e-04, 0.000e+00, 2.129e+00, 9.983e+02, 1.335e-07
6.750e-01, 5.000e-01, -8.750e-01, 1.171e+05, 0.000e+00, 3.103e-04, 0.000e+00, 2.127e+00, 9.983e+02, 1.332e-07
6.750e-01, 5.000e-01, -8.650e-01, 1.170e+05, 0.000e+00, 3.104e-04, 0.000e+00, 2.125e+00, 9.983e+02, 1.333e-07
6.750e-01, 5.000e-01, -8.550e-01, 1.169e+05, 0.000e+00, 3.104e-04, 0.000e+00, 2.124e+00, 9.983e+02, 1.333e-07
6.750e-01, 5.000e-01, -8.450e-01, 1.168e+05, 0.000e+00, 3.098e-04, 0.000e+00, 2.122e+00, 9.983e+02, 1.330e-07
6.750e-01, 5.000e-01, -8.350e-01, 1.167e+05, 0.000e+00, 3.081e-04, 0.000e+00, 2.120e+00, 9.983e+02, 1.323e-07
6.750e-01, 5.000e-01, -8.250e-01, 1.166e+05, 0.000e+00, 3.054e-04, 0.000e+00, 2.118e+00, 9.983e+02, 1.311e-07
6.750e-01, 5.000e-01, -8.150e-01, 1.165e+05, 0.000e+00, 3.016e-04, 0.000e+00, 2.116e+00, 9.983e+02, 1.295e-07
6.750e-01, 5.000e-01, -8.050e-01, 1.164e+05, 0.000e+00, 2.961e-04, 0.000e+00, 2.115e+00, 9.983e+02, 1.271e-07
6.750e-01, 5.000e-01, -7.950e-01, 1.163e+05, 0.000e+00, 2.866e-04, 0.000e+00, 2.113e+00, 9.983e+02, 1.230e-07
6.750e-01, 5.000e-01, -7.850e-01, 1.162e+05, 0.000e+00, 2.721e-04, 0.000e+00, 2.111e+00, 9.983e+02, 1.173e-07
6.750e-01, 5.000e-01, -7.750e-01, 1.176e+05, 0.000e+00, 2.392e-04, 0.000e+00, 2.136e+00, 9.983e+02, 1.051e-07
6.750e-01, 5.000e-01, -7.650e-01, 1.175e+05, 0.000e+00, 2.023e-04, 0.000e+00, 2.135e+00, 9.983e+02, 8.885e-08
6.750e-01, 5.000e-01, -7.550e-01, 1.174e+05, 0.000e+00, 1.614e-04, 0.000e+00, 2.133e+00, 9.983e+02, 7.087e-08
6.750e-01, 5.000e-01, -7.450e-01, 1.173e+05, 0.000e+00, 1.191e-04, 0.000e+00, 2.131e+00, 9.983e+02, 5.233e-08
6.750e-01, 5.000e-01, -7.350e-01, 1.172e+05, 0.000e+00, 8.065e-05, 0.000e+00, 2.129e+00, 9.983e+02, 3.542e-08
6.750e-01, 5.000e-01, -7.250e-01, 1.171e+05, 0.000e+00, 5.007e-05, 0.000e+00, 2.127e+00, 9.983e+02, 2.199e-08
6.750e-01, 5.000e-01, -7.150e-01, 1.170e+05, 0.000e+00, 2.897e-05, 0.000e+00, 2.126e+00, 9.983e+02, 1.273e-08
6.750e-01, 5.000e-01, -7.050e-01, 1.169e+05, 0.000e+00, 1.671e-05, 0.000e+00, 2.124e+00, 9.983e+02, 7.339e-09
6.750e-01, 5.000e-01, -6.950e-01, 1.168e+05, 0.000e+00, 1.203e-05, 0.000e+00, 2.122e+00, 9.983e+02, 5.282e-09
6.750e-01, 5.000e-01, -6.850e-01, 1.167e+05, 0.000e+00, 1.454e-05, 0.000e+00, 2.120e+00, 9.983e+02, 6.386e-09
6.750e-01, 5.000e-01, -6.750e-01, 1.166e+05, 0.000e+00, 2.555e-05, 0.000e+00, 2.119e+00, 9.983e+02, 1.122e-08
6.750e-01, 5.000e-01, -6.650e-01, 1.165e+05, 0.000e+00, 4.798e-05, 0.000e+00, 2.117e+00, 9.983e+02, 2.107e-08
6.750e-01, 5.000e-01, -6.550e-01, 1.164e+05, 0.000e+00, 8.524e-05, 0.000e+00, 2.115e+00, 9.983e+02, 3.744e-08
6.750e-01, 5.000e-01, -6.450e-01, 1.163e+05, 0.000e+00, 1.389e-04, 0.000e+00, 2.113e+00, 9.983e+02, 6.099e-08
6.750e-01, 5.000e-01, -6.350e-01, 1.162e+05, 0.000e+00, 2.057e-04, 0.000e+00, 2.111e+00, 9.983e+02, 9.033e-08
6.750e-01, 5.000e-01, -6.250e-01, 1.161e+05, 0.000e+00, 2.757e-04, 0.000e+00, 2.110e+00, 9.983e+02, 1.220e-07
6.750e-01, 5.000e-01, -6.150e-01, 1.145e+05, 0.000e+00, 3.327e-04, 0.000e+00, 2.081e+00, 9.983e+02, 1.495e-07
6.750e-01, 5.000e-01, -6.050e-01, 1.144e+05, 0.000e+00, 3.455e-04, 0.000e+00, 2.079e+00, 9.983e+02, 1.552e-07
6.750e-01, 5.000e-01, -5.950e-01, 1.144e+05, 0.000e+00, 3.263e-04, 0.000e+00, 2.077e+00, 9.983e+02, 1.466e-07
6.750e-01, 5.000e-01, -5.850e-01, 1.143e+05, 0.000e+00, 3.034e-04, 0.000e+00, 2.075e+00, 9.983e+02, 1.363e-07
6.750e-01, 5.000e-01, -5.750e-01, 1.142e+05, 0.000e+00, 2.824e-04, 0.000e+00, 2.074e+00, 9.983e+02, 1.269e-07
6.750e-01, 5.000e-01, -5.650e-01, 1.141e+05, 0.000e+00, 2.624e-04, 0.000e+00, 2.072e+00, 9.983e+02, 1.179e-07
6.750e-01, 5.000e-01, -5.550e-01, 1.140e+05, 0.000e+00, 2.420e-04, 0.000e+00, 2.070e+00, 9.983e+02, 1.087e-07
6.750e-01, 5.000e-01, -5.450e-01, 1.139e+05, 0.000e+00, 2.208e-04, 0.000e+00, 2.068e+00, 9.983e+02, 9.918e-08
6.750e-01, 5.000e-01, -5.350e-01, 1.138e+05, 0.000e+00, 1.989e-04, 0.000e+00, 2.067e+00, 9.983e+02, 8.934e-08
6.750e-01, 5.000e-01, -5.250e-01, 1.137e+05, 0.000e+00, 1.769e-04, 0.000e+00, 2.065e+00, 9.983e+02, 7.948e-08
6.750e-01, 5.000e-01, -5.150e-01, 1.136e+05, 0.000e+00, 1.556e-04, 0.000e+00, 2.063e+00, 9.983e+02, 6.990e-08
6.750e-01, 5.000e-01, -5.050e-01, 1.135e+05, 0.000e+00, 1.354e-04, 0.000e+00, 2.061e+00, 9.983e+02, 6.082e-08
6.750e-01, 5.000e-01, -4.950e-01, 1.134e+05, 0.000e+00, 1.167e-04, 0.000e+00, 2.059e+00, 9.983e+02, 5.230e-08
6.750e-01, 5.000e-01, -4.850e-01, 1.133e+05, 0.000e+00, 9.998e-05, 0.000e+00, 2.059e+00, 9.983e+02, 4.392e-08
6.750e-01, 5.000e-01, -4.750e-01, 1.133e+05, 0.000e+00, 8.742e-05, 0.000e+00, 2.057e+00, 9.983e+02, 3.840e-08
6.750e-01, 5.000e-01, -4.650e-01, 1.132e+05, 0.000e+00, 8.179e-05, 0.000e+00, 2.055e+00, 9.983e+02, 3.592e-08
6.750e-01, 5.000e-01, -4.550e-01, 1.131e+05, 0.000e+00, 8.634e-05, 0.000e+00, 2.054e+00, 9.983e+02, 3.781e-08
6.750e-01, 5.000e-01, -4.450e-01, 1.129e+05, 0.000e+00, 1.058e-04, 0.000e+00, 2.050e+00, 9.983e+02, 4.542e-08
6.750e-01, 5.000e-01, -4.350e-01, 1.128e+05, 0.000e+00, 1.169e-04, 0.000e+00, 2.048e+00, 9.983e+02, 5.019e-08
6.750e-01, 5.000e-01, -4.250e-01, 1.127e+05, 0.000e+00, 1.245e-04, 0.000e+00, 2.047e+00, 9.983e+02, 5.346e-08
6.750e-01, 5.000e-01, -4.150e-01, 1.126e+05, 0.000e+00, 1.299e-04, 0.000e+00, 2.045e+00, 9.983e+02, 5.577e-08
6.750e-01, 5.000e-01, -4.050e-01, 1.125e+05, 0.000e+00, 1.350e-04, 0.000e+00, 2.043e+00, 9.983e+02, 5.796e-08
6.750e-01, 5.000e-01, -3.950e-01, 1.124e+05, 0.000e+00, 1.407e-04, 0.000e+00, 2.041e+00, 9.983e+02, 6.038e-08
6.750e-01, 5.000e-01, -3.850e-01, 1.123e+05, 0.000e+00, 1.465e-04, 0.000e+00, 2.039e+00, 9.983e+02, 6.288e-08
6.750e-01, 5.000e-01, -3.750e-01, 1.122e+05, 0.000e+00, 1.517e-04, 0.000e+00, 2.038e+00, 9.983e+02, 6.514e-08
6.750e-01, 5.000e-01, -3.650e-01, 1.121e+05, 0.000e+00, 1.559e-04, 0.000e+00, 2.036e+00, 9.983e+02, 6.692e-08
6.750e-01, 5.000e-01, -3.550e-01, 1.120e+05, 0.000e+00, 1.601e-04, 0.000e+00, 2.034e+00, 9.983e+02, 6.871e-08
6.750e-01, 5.000e-01, -3.450e-01, 1.119e+05, 0.000e+00, 1.718e-04, 0.000e+00, 2.032e+00, 9.983e+02, 7.460e-08
6.750e-01, 5.000e-01, -3.350e-01, 1.118e+05, 0.000e+00, 2.177e-04, 0.000e+00, 2.031e+00, 9.983e+02, 9.780e-08
6.750e-01, 5.000e-01, -3.250e-01, 1.117e+05, 0.000e+00, 3.372e-04, 0.000e+00, 2.029e+00, 9.983e+02, 1.515e-07
6.750e-01, 5.000e-01, -3.150e-01, 1.116e+05, 0.000e+00, 3.826e-04, 0.000e+00, 2.027e+00, 9.983e+02, 1.719e-07
6.750e-01, 5.000e-01, -3.050e-01, 1.115e+05, 0.000e+00, 3.735e-04, 0.000e+00, 2.025e+00, 9.983e+02, 1.678e-07
6.750e-01, 5.000e-01, -2.950e-01, 1.114e+05, 0.000e+00, 3.533e-04, 0.000e+00, 2.024e+00, 9.983e+02, 1.587e-07
6.750e-01, 5.000e-01, -2.850e-01, 1.113e+05, 0.000e+00, 3.338e-04, 0.000e+00, 2.022e+00, 9.983e+02, 1.500e-07
6.750e-01, 5.000e-01, -2.750e-01, 1.112e+05, 0.000e+00, 3.159e-04, 0.000e+00, 2.020e+00, 9.983e+02, 1.419e-07
6.750e-01, 5.000e-01, -2.650e-01, 1.111e+05, 0.000e+00, 2.982e-04, 0.000e+00, 2.018e+00, 9.983e+02, 1.339e-07
6.750e-01, 5.000e-01, -2.550e-01, 1.110e+05, 0.000e+00, 2.784e-04, 0.000e+00, 2.016e+00, 9.983e+02, 1.244e-07
6.750e-01, 5.000e-01, -2.450e-01, 1.110e+05, 0.000e+00, 2.582e-04, 0.000e+00, 2.016e+00, 9.983e+02, 1.134e-07
6.750e-01, 5.000e-01, -2.350e-01, 1.109e+05, 0.000e+00, 2.454e-04, 0.000e+00, 2.014e+00, 9.983e+02, 1.078e-07
6.750e-01, 5.000e-01, -2.250e-01, 1.108e+05, 0.000e+00, 2.347e-04, 0.000e+00, 2.012e+00, 9.983e+02, 1.031e-07
6.750e-01, 5.000e-01, -2.150e-01, 1.107e+05, 0.000e+00, 2.261e-04, 0.000e+00, 2.011e+00, 9.983e+02, 9.931e-08
6.750e-01, 5.000e-01, -2.050e-01, 1.106e+05, 0.000e+00, 2.208e-04, 0.000e+00, 2.009e+00, 9.983e+02, 9.698e-08
6.750e-01, 5.000e-01, -1.950e-01, 1.105e+05, 0.000e+00, 2.201e-04, 0.000e+00, 2.007e+00, 9.983e+02, 9.670e-08
6.750e-01, 5.000e-01, -1.850e-01, 1.104e+05, 0.000e+00, 2.242e-04, 0.000e+00, 2.005e+00, 9.983e+02, 9.799e-08
6.750e-01, 5.000e-01, -1.750e-01, 1.105e+05, 0.000e+00, 2.285e-04, 0.000e+00, 2.007e+00, 9.983e+02, 9.808e-08
6.750e-01, 5.000e-01, -1.650e-01, 1.104e+05, 0.000e+00, 2.213e-04, 0.000e+00, 2.005e+00, 9.983e+02, 9.499e-08
6.750e-01, 5.000e-01, -1.550e-01, 1.103e+05, 0.000e+00, 1.983e-04, 0.000e+00, 2.004e+00, 9.983e+02, 8.513e-08
6.750e-01, 5.000e-01, -1.450e-01, 1.102e+05, 0.000e+00, 1.633e-04, 0.000e+00, 2.002e+00, 9.983e+02, 7.010e-08
6.750e-01, 5.000e-01, -1.350e-01, 1.101e+05, 0.000e+00, 1.239e-04, 0.000e+00, 2.000e+00, 9.983e+02, 5.318e-08
6.750e-01, 5.000e-01, -1.250e-01, 1.100e+05, 0.000e+00, 8.682e-05, 0.000e+00, 1.998e+00, 9.983e+02, 3.727e-08
6.750e-01, 5.000e-01, -1.150e-01, 1.111e+05, 0.000e+00, 5.565e-05, 0.000e+00, 2.018e+00, 9.983e+02, 2.444e-08
6.750e-01, 5.000e-01, -1.050e-01, 1.110e+05, 0.000e+00, 3.246e-05, 0.000e+00, 2.017e+00, 9.983e+02, 1.426e-08
6.750e-01, 5.000e-01, -9.500e-02, 1.109e+05, 0.000e+00, 1.742e-05, 0.000e+00, 2.015e+00, 9.983e+02, 7.654e-09
6.750e-01, 5.000e-01, -8.500e-02, 1.108e+05, 0.000e+00, 8.699e-06, 0.000e+00, 2.013e+00, 9.983e+02, 3.821e-09
6.750e-01, 5.000e-01, -7.500e-02, 1.107e+05, 0.000e+00, 4.065e-06, 0.000e+00, 2.011e+00, 9.983e+02, 1.786e-09
6.750e-01, 5.000e-01, -6.500e-02, 1.106e+05, 0.000e+00, 1.786e-06, 0.000e+00, 2.009e+00, 9.983e+02, 7.843e-10
6.750e-01, 5.000e-01, -5.500e-02, 1.105e+05, 0.000e+00, 7.393e-07, 0.000e+00, 2.008e+00, 9.983e+02, 3.247e-10
6.750e-01, 5.000e-01, -4.500e-02, 1.104e+05, 0.000e+00, 2.892e-07, 0.000e+00, 2.006e+00, 9.983e+02, 1.270e-10
6.750e-01, 5.000e-01, -3.500e-02, 1.103e+05, 0.000e+00, 1.072e-07, 0.000e+00, 2.004e+00, 9.983e+02, 4.707e-11
6.750e-01, 5.000e-01, -2.500e-02, 1.102e+05, 0.000e+00, 3.780e-08, 0.000e+00, 2.002e+00, 9.983e+02, 1.660e-11
6.750e-01, 5.000e-01, -1.500e-02, 1.101e+05, 0.000e+00, 1.297e-08, 0.000e+00, 2.000e+00, 9.983e+02, 5.695e-12
6.750e-01, 5.000e-01, -5.000e-03, 1.100e+05, 0.000e+00, 4.952e-09, 0.000e+00, 1.999e+00, 9.983e+02, 2.175e-12
6.850e-01, 5.000e-01, -1.195e+00, 1.202e+05, 0.000e+00, 1.002e-13, 0.000e+00, 2.184e+00, 9.983e+02, 2.000e-17
6.850e-01, 5.000e-01, -1.185e+00, 1.201e+05, 0.000e+00, 1.002e-13, 0.000e+00, 2.182e+00, 9.983e+02, 2.000e-17
6.850e-01, 5.000e-01, -1.175e+00, 1.200e+05, 0.000e+00, 1.002e-13, 0.000e+00, 2.181e+00, 9.983e+02, 2.000e-17
6.850e-01, 5.000e-01, -1.165e+00, 1.199e+05, 0.000e+00, 1.002e-13, 0.000e+00, 2.179e+00, 9.983e+02, 2.000e-17
6.850e-01, 5.000e-01, -1.155e+00, 1.198e+05, 0.000e+00, 1.002e-13, 0.000e+00, 2.177e+00, 9.983e+02, 2.000e-17
6.850e-01, 5.000e-01, -1.145e+00, 1.197e+05, 0.000e+00, 7.882e-12, 0.000e+00, 2.175e+00, 9.983e+02, 1.574e-15
6.850e-01, 5.000e-01, -1.135e+00, 1.196e+05, 0.000e+00, 1.300e-03, 0.000e+00, 2.174e+00, 9.985e+02, 4.757e-07
6.850e-01, 5.000e-01, -1.125e+00, 1.195e+05, 0.000e+00, 1.318e-03, 0.000e+00, 2.172e+00, 9.985e+02, 5.661e-07
6.850e-01, 5.000e-01, -1.115e+00, 1.194e+05, 0.000e+00, 1.287e-03, 0.000e+00, 2.170e+00, 9.985e+02, 5.524e-07
6.850e-01, 5.000e-01, -1.105e+00, 1.193e+05, 0.000e+00, 1.226e-03, 0.000e+00, 2.168e+00, 9.985e+02, 5.262e-07
6.850e-01, 5.000e-01, -1.095e+00, 1.192e+05, 0.000e+00, 1.139e-03, 0.000e+00, 2.167e+00, 9.985e+02, 4.892e-07
6.850e-01, 5.000e-01, -1.085e+00, 1.191e+05, 0.000e+00, 1.035e-03, 0.000e+00, 2.165e+00, 9.985e+02, 4.445e-07
6.850e-01, 5.000e-01, -1.075e+00, 1.190e+05, 0.000e+00, 9.278e-04, 0.000e+00, 2.163e+00, 9.984e+02, 3.983e-07
6.850e-01, 5.000e-01, -1.065e+00, 1.189e+05, 0.000e+00, 8.301e-04, 0.000e+00, 2.161e+00, 9.984e+02, 3.564e-07
6.850e-01, 5.000e-01, -1.055e+00, 1.188e+05, 0.000e+00, 7.497e-04, 0.000e+00, 2.159e+00, 9.984e+02, 3.219e-07
6.850e-01, 5.000e-01, -1.045e+00, 1.187e+05, 0.000e+00, 6.875e-04, 0.000e+00, 2.158e+00, 9.984e+02, 2.952e-07
6.850e-01, 5.000e-01, -1.035e+00, 1.186e+05, 0.000e+00, 6.402e-04, 0.000e+00, 2.156e+00, 9.984e+02, 2.749e-07
6.850e-01, 5.000e-01, -1.025e+00, 1.185e+05, 0.000e+00, 6.030e-04, 0.000e+00, 2.154e+00, 9.984e+02, 2.589e-07
6.850e-01, 5.000e-01, -1.015e+00, 1.185e+05, 0.000e+00, 5.715e-04, 0.000e+00, 2.152e+00, 9.984e+02, 2.453e-07
6.850e-01, 5.000e-01, -1.005e+00, 1.184e+05, 0.000e+00, 5.430e-04, 0.000e+00, 2.150e+00, 9.984e+02, 2.331e-07
6.850e-01, 5.000e-01, -9.950e-01, 1.183e+05, 0.000e+00, 5.164e-04, 0.000e+00, 2.149e+00, 9.984e+02, 2.217e-07
6.850e-01, 5.000e-01, -9.850e-01, 1.182e+05, 0.000e+00, 4.908e-04, 0.000e+00, 2.147e+00, 9.984e+02, 2.107e-07
6.850e-01, 5.000e-01, -9.750e-01, 1.181e+05, 0.000e+00, 4.647e-04, 0.000e+00, 2.145e+00, 9.983e+02, 1.995e-07
6.850e-01, 5.000e-01, -9.650e-01, 1.180e+05, 0.000e+00, 4.361e-04, 0.000e+00, 2.143e+00, 9.983e+02, 1.872e-07
6.850e-01, 5.000e-01, -9.550e-01, 1.179e+05, 0.000e+00, 4.063e-04, 0.000e+00, 2.141e+00, 9.983e+02, 1.744e-07
6.850e-01, 5.000e-01, -9.450e-01, 1.178e+05, 0.000e+00, 3.797e-04, 0.000e+00, 2.140e+00, 9.983e+02, 1.630e-07
6.850e-01, 5.000e-01, -9.350e-01, 1.177e+05, 0.000e+00, 3.586e-04, 0.000e+00, 2.138e+00, 9.983e+02, 1.540e-07
6.850e-01, 5.000e-01, -9.250e-01, 1.176e+05, 0.000e+00, 3.433e-04, 0.000e+00, 2.136e+00, 9.983e+02, 1.474e-07
6.850e-01, 5.000e-01, -9.150e-01, 1.175e+05, 0.000e+00, 3.320e-04, 0.000e+00, 2.134e+00, 9.983e+02, 1.425e-07
6.850e-01, 5.000e-01, -9.050e-01, 1.174e+05, 0.000e+00, 3.232e-04, 0.000e+00, 2.132e+00, 9.983e+02, 1.387e-07
6.850e-01, 5.000e-01, -8.950e-01, 1.173e+05, 0.000e+00, 3.165e-04, 0.000e+00, 2.131e+00, 9.983e+02, 1.359e-07
6.850e-01, 5.000e-01, -8.850e-01, 1.172e+05, 0.000e+00, 3.119e-04, 0.000e+00, 2.129e+00, 9.983e+02, 1.339e-07
6.850e-01, 5.000e-01, -8.750e-01, 1.171e+05, 0.000e+00, 3.091e-04, 0.000e+00, 2.127e+00, 9.983e+02, 1.327e-07
6.850e-01, 5.000e-01, -8.650e-01, 1.170e+05, 0.000e+00, 3.075e-04, 0.000e+00, 2.125e+00, 9.983e+02, 1.320e-07
6.850e-01, 5.000e-01, -8.550e-01, 1.169e+05, 0.000e+00, 3.062e-04, 0.000e+00, 2.124e+00, 9.983e+02, 1.315e-07
6.850e-01, 5.000e-01, -8.450e-01, 1.168e+05, 0.000e+00, 3.048e-04, 0.000e+00, 2.122e+00, 9.983e+02, 1.308e-07
6.850e-01, 5.000e-01, -8.350e-01, 1.167e+05, 0.000e+00, 3.027e-04, 0.000e+00, 2.120e+00, 9.983e+02, 1.300e-07
6.850e-01, 5.000e-01, -8.250e-01, 1.166e+05, 0.000e+00, 2.999e-04, 0.000e+00, 2.118e+00, 9.983e+02, 1.287e-07
6.850e-01, 5.000e-01, -8.150e-01, 1.165e+05, 0.000e+00, 2.964e-04, 0.000e+00, 2.116e+00, 9.983e+02, 1.273e-07
6.850e-01, 5.000e-01, -8.050e-01, 1.164e+05, 0.000e+00, 2.922e-04, 0.000e+00, 2.115e+00, 9.983e+02, 1.254e-07
6.850e-01, 5.000e-01, -7.950e-01, 1.163e+05, 0.000e+00, 2.854e-04, 0.000e+00, 2.113e+00, 9.983e+02, 1.225e-07
6.850e-01, 5.000e-01, -7.850e-01, 1.162e+05, 0.000e+00, 2.746e-04, 0.000e+00, 2.111e+00, 9.983e+02, 1.180e-07
6.850e-01, 5.000e-01, -7.750e-01, 1.176e+05, 0.000e+00, 2.448e-04, 0.000e+00, 2.136e+00, 9.983e+02, 1.075e-07
6.850e-01, 5.000e-01, -7.650e-01, 1.175e+05, 0.000e+00, 2.094e-04, 0.000e+00, 2.135e+00, 9.983e+02, 9.198e-08
6.850e-01, 5.000e-01, -7.550e-01, 1.174e+05, 0.000e+00, 1.689e-04, 0.000e+00, 2.133e+00, 9.983e+02, 7.418e-08
6.850e-01, 5.000e-01, -7.450e-01, 1.173e+05, 0.000e+00, 1.258e-04, 0.000e+00, 2.131e+00, 9.983e+02, 5.528e-08
6.850e-01, 5.000e-01, -7.350e-01, 1.172e+05, 0.000e+00, 8.580e-05, 0.000e+00, 2.129e+00, 9.983e+02, 3.769e-08
6.850e-01, 5.000e-01, -7.250e-01, 1.171e+05, 0.000e+00, 5.354e-05, 0.000e+00, 2.127e+00, 9.983e+02, 2.352e-08
6.850e-01, 5.000e-01, -7.150e-01, 1.170e+05, 0.000e+00, 3.098e-05, 0.000e+00, 2.126e+00, 9.983e+02, 1.361e-08
6.850e-01, 5.000e-01, -7.050e-01, 1.169e+05, 0.000e+00, 1.748e-05, 0.000e+00, 2.124e+00, 9.983e+02, 7.678e-09
6.850e-01, 5.000e-01, -6.950e-01, 1.168e+05, 0.000e+00, 1.157e-05, 0.000e+00, 2.122e+00, 9.983e+02, 5.082e-09
6.850e-01, 5.000e-01, -6.850e-01, 1.167e+05, 0.000e+00, 1.249e-05, 0.000e+00, 2.120e+00, 9.983e+02, 5.485e-09
6.850e-01, 5.000e-01, -6.750e-01, 1.166e+05, 0.000e+00, 2.110e-05, 0.000e+00, 2.119e+00, 9.983e+02, 9.266e-09
6.850e-01, 5.000e-01, -6.650e-01, 1.165e+05, 0.000e+00, 4.002e-05, 0.000e+00, 2.117e+00, 9.983e+02, 1.758e-08
6.850e-01, 5.000e-01, -6.550e-01, 1.164e+05, 0.000e+00, 7.278e-05, 0.000e+00, 2.115e+00, 9.983e+02, 3.197e-08
6.850e-01, 5.000e-01, -6.450e-01, 1.163e+05, 0.000e+00, 1.217e-04, 0.000e+00, 2.113e+00, 9.983e+02, 5.345e-08
6.850e-01, 5.000e-01, -6.350e-01, 1.162e+05, 0.000e+00, 1.848e-04, 0.000e+00, 2.111e+00, 9.983e+02, 8.118e-08
6.850e-01, 5.000e-01, -6.250e-01, 1.161e+05, 0.000e+00, 2.535e-04, 0.000e+00, 2.110e+00, 9.983e+02, 1.119e-07
6.850e-01, 5.000e-01, -6.150e-01, 1.145e+05, 0.000e+00, 3.118e-04, 0.000e+00, 2.081e+00, 9.983e+02, 1.401e-07
6.850e-01, 5.000e-01, -6.050e-01, 1.144e+05, 0.000e+00, 3.169e-04, 0.000e+00, 2.079e+00, 9.983e+02, 1.424e-07
6.850e-01, 5.000e-01, -5.950e-01, 1.144e+05, 0.000e+00, 3.013e-04, 0.000e+00, 2.077e+00, 9.983e+02, 1.353e-07
6.850e-01, 5.000e-01, -5.850e-01, 1.143e+05, 0.000e+00, 2.866e-04, 0.000e+00, 2.075e+00, 9.983e+02, 1.288e-07
6.850e-01, 5.000e-01, -5.750e-01, 1.142e+05, 0.000e+00, 2.727e-04, 0.000e+00, 2.074e+00, 9.983e+02, 1.225e-07
6.850e-01, 5.000e-01, -5.650e-01, 1.141e+05, 0.000e+00, 2.575e-04, 0.000e+00, 2.072e+00, 9.983e+02, 1.157e-07
6.850e-01, 5.000e-01, -5.550e-01, 1.140e+05, 0.000e+00, 2.400e-04, 0.000e+00, 2.070e+00, 9.983e+02, 1.078e-07
6.850e-01, 5.000e-01, -5.450e-01, 1.139e+05, 0.000e+00, 2.202e-04, 0.000e+00, 2.068e+00, 9.983e+02, 9.894e-08
6.850e-01, 5.000e-01, -5.350e-01, 1.138e+05, 0.000e+00, 1.992e-04, 0.000e+00, 2.067e+00, 9.983e+02, 8.949e-08
6.850e-01, 5.000e-01, -5.250e-01, 1.137e+05, 0.000e+00, 1.780e-04, 0.000e+00, 2.065e+00, 9.983e+02, 7.998e-08
6.850e-01, 5.000e-01, -5.150e-01, 1.136e+05, 0.000e+00, 1.577e-04, 0.000e+00, 2.063e+00, 9.983e+02, 7.086e-08
6.850e-01, 5.000e-01, -5.050e-01, 1.135e+05, 0.000e+00, 1.387e-04, 0.000e+00, 2.061e+00, 9.983e+02, 6.233e-08
6.850e-01, 5.000e-01, -4.950e-01, 1.134e+05, 0.000e+00, 1.211e-04, 0.000e+00, 2.059e+00, 9.983e+02, 5.434e-08
6.850e-01, 5.000e-01, -4.850e-01, 1.133e+05, 0.000e+00, 1.047e-04, 0.000e+00, 2.059e+00, 9.983e+02, 4.599e-08
6.850e-01, 5.000e-01, -4.750e-01, 1.133e+05, 0.000e+00, 9.319e-05, 0.000e+00, 2.057e+00, 9.983e+02, 4.093e-08
6.850e-01, 5.000e-01, -4.650e-01, 1.132e+05, 0.000e+00, 8.980e-05, 0.000e+00, 2.055e+00, 9.983e+02, 3.944e-08
6.850e-01, 5.000e-01, -4.550e-01, 1.131e+05, 0.000e+00, 9.966e-05, 0.000e+00, 2.054e+00, 9.983e+02, 4.362e-08
6.850e-01, 5.000e-01, -4.450e-01, 1.129e+05, 0.000e+00, 1.318e-04, 0.000e+00, 2.050e+00, 9.983e+02, 5.659e-08
6.850e-01, 5.000e-01, -4.350e-01, 1.128e+05, 0.000e+00, 1.396e-04, 0.000e+00, 2.048e+00, 9.983e+02, 5.995e-08
6.850e-01, 5.000e-01, -4.250e-01, 1.127e+05, 0.000e+00, 1.417e-04, 0.000e+00, 2.047e+00, 9.983e+02, 6.084e-08
6.850e-01, 5.000e-01, -4.150e-01, 1.126e+05, 0.000e+00, 1.448e-04, 0.000e+00, 2.045e+00, 9.983e+02, 6.217e-08
6.850e-01, 5.000e-01, -4.050e-01, 1.125e+05, 0.000e+00, 1.486e-04, 0.000e+00, 2.043e+00, 9.983e+02, 6.379e-08
6.850e-01, 5.000e-01, -3.950e-01, 1.124e+05, 0.000e+00, 1.525e-04, 0.000e+00, 2.041e+00, 9.983e+02, 6.547e-08
6.850e-01, 5.000e-01, -3.850e-01, 1.123e+05, 0.000e+00, 1.560e-04, 0.000e+00, 2.039e+00, 9.983e+02, 6.696e-08
6.850e-01, 5.000e-01, -3.750e-01, 1.122e+05, 0.000e+00, 1.586e-04, 0.000e+00, 2.038e+00, 9.983e+02, 6.810e-08
6.850e-01, 5.000e-01, -3.650e-01, 1.121e+05, 0.000e+00, 1.608e-04, 0.000e+00, 2.036e+00, 9.983e+02, 6.904e-08
6.850e-01, 5.000e-01, -3.550e-01, 1.120e+05, 0.000e+00, 1.656e-04, 0.000e+00, 2.034e+00, 9.983e+02, 7.110e-08
6.850e-01, 5.000e-01, -3.450e-01, 1.119e+05, 0.000e+00, 1.898e-04, 0.000e+00, 2.032e+00, 9.983e+02, 8.254e-08
6.850e-01, 5.000e-01, -3.350e-01, 1.118e+05, 0.000e+00, 2.787e-04, 0.000e+00, 2.031e+00, 9.983e+02, 1.252e-07
6.850e-01, 5.000e-01, -3.250e-01, 1.117e+05, 0.000e+00, 3.630e-04, 0.000e+00, 2.029e+00, 9.983e+02, 1.631e-07
6.850e-01, 5.000e-01, -3.150e-01, 1.116e+05, 0.000e+00, 3.849e-04, 0.000e+00, 2.027e+00, 9.983e+02, 1.729e-07
6.850e-01, 5.000e-01, -3.050e-01, 1.115e+05, 0.000e+00, 3.726e-04, 0.000e+00, 2.025e+00, 9.983e+02, 1.674e-07
6.850e-01, 5.000e-01, -2.950e-01, 1.114e+05, 0.000e+00, 3.541e-04, 0.000e+00, 2.024e+00, 9.983e+02, 1.591e-07
6.850e-01, 5.000e-01, -2.850e-01, 1.113e+05, 0.000e+00, 3.379e-04, 0.000e+00, 2.022e+00, 9.983e+02, 1.518e-07
6.850e-01, 5.000e-01, -2.750e-01, 1.112e+05, 0.000e+00, 3.248e-04, 0.000e+00, 2.020e+00, 9.983e+02, 1.459e-07
6.850e-01, 5.000e-01, -2.650e-01, 1.111e+05, 0.000e+00, 3.141e-04, 0.000e+00, 2.018e+00, 9.983e+02, 1.411e-07
6.850e-01, 5.000e-01, -2.550e-01, 1.110e+05, 0.000e+00, 3.037e-04, 0.000e+00, 2.016e+00, 9.983e+02, 1.357e-07
6.850e-01, 5.000e-01, -2.450e-01, 1.110e+05, 0.000e+00, 2.923e-04, 0.000e+00, 2.016e+00, 9.983e+02, 1.284e-07
6.850e-01, 5.000e-01, -2.350e-01, 1.109e+05, 0.000e+00, 2.827e-04, 0.000e+00, 2.014e+00, 9.983e+02, 1.242e-07
6.850e-01, 5.000e-01, -2.250e-01, 1.108e+05, 0.000e+00, 2.742e-04, 0.000e+00, 2.012e+00, 9.983e+02, 1.204e-07
6.850e-01, 5.000e-01, -2.150e-01, 1.107e+05, 0.000e+00, 2.667e-04, 0.000e+00, 2.011e+00, 9.983e+02, 1.171e-07
6.850e-01, 5.000e-01, -2.050e-01, 1.106e+05, 0.000e+00, 2.602e-04, 0.000e+00, 2.009e+00, 9.983e+02, 1.143e-07
6.850e-01, 5.000e-01, -1.950e-01, 1.105e+05, 0.000e+00, 2.543e-04, 0.000e+00, 2.007e+00, 9.983e+02, 1.117e-07
6.850e-01, 5.000e-01, -1.850e-01, 1.104e+05, 0.000e+00, 2.474e-04, 0.000e+00, 2.005e+00, 9.983e+02, 1.079e-07
6.850e-01, 5.000e-01, -1.750e-01, 1.105e+05, 0.000e+00, 2.365e-04, 0.000e+00, 2.007e+00, 9.983e+02, 1.015e-07
6.850e-01, 5.000e-01, -1.650e-01, 1.104e+05, 0.000e+00, 2.169e-04, 0.000e+00, 2.005e+00, 9.983e+02, 9.313e-08
6.850e-01, 5.000e-01, -1.550e-01, 1.103e+05, 0.000e+00, 1.879e-04, 0.000e+00, 2.004e+00, 9.983e+02, 8.066e-08
6.850e-01, 5.000e-01, -1.450e-01, 1.102e+05, 0.000e+00, 1.527e-04, 0.000e+00, 2.002e+00, 9.983e+02, 6.555e-08
6.850e-01, 5.000e-01, -1.350e-01, 1.101e+05, 0.000e+00, 1.162e-04, 0.000e+00, 2.000e+00, 9.983e+02, 4.990e-08
6.850e-01, 5.000e-01, -1.250e-01, 1.100e+05, 0.000e+00, 8.249e-05, 0.000e+00, 1.998e+00, 9.983e+02, 3.541e-08
6.850e-01, 5.000e-01, -1.150e-01, 1.111e+05, 0.000e+00, 5.366e-05, 0.000e+00, 2.018e+00, 9.983e+02, 2.357e-08
6.850e-01, 5.000e-01, -1.050e-01, 1.110e+05, 0.000e+00, 3.172e-05, 0.000e+00, 2.017e+00, 9.983e+02, 1.393e-08
6.850e-01, 5.000e-01, -9.500e-02, 1.109e+05, 0.000e+00, 1.720e-05, 0.000e+00, 2.015e+00, 9.983e+02, 7.556e-09
6.850e-01, 5.000e-01, -8.500e-02, 1.108e+05, 0.000e+00, 8.654e-06, 0.000e+00, 2.013e+00, 9.983e+02, 3.801e-09
6.850e-01, 5.000e-01, -7.500e-02, 1.107e+05, 0.000e+00, 4.066e-06, 0.000e+00, 2.011e+00, 9.983e+02, 1.786e-09
6.850e-01, 5.000e-01, -6.500e-02, 1.106e+05, 0.000e+00, 1.792e-06, 0.000e+00, 2.009e+00, 9.983e+02, 7.871e-10
6.850e-01, 5.000e-01, -5.500e-02, 1.105e+05, 0.000e+00, 7.435e-07, 0.000e+00, 2.008e+00, 9.983e+02, 3.266e-10
6.850e-01, 5.000e-01, -4.500e-02, 1.104e+05, 0.000e+00, 2.912e-07, 0.000e+00, 2.006e+00, 9.983e+02, 1.279e-10
6.850e-01, 5.000e-01, -3.500e-02, 1.103e+05, 0.000e+00, 1.080e-07, 0.000e+00, 2.004e+00, 9.983e+02, 4.743e-11
6.850e-01, 5.000e-01, -2.500e-02, 1.102e+05, 0.000e+00, 3.809e-08, 0.000e+00, 2.002e+00, 9.983e+02, 1.673e-11
6.850e-01, 5.000e-01, -1.500e-02, 1.101e+05, 0.000e+00, 1.306e-08, 0.000e+00, 2.000e+00, 9.983e+02, 5.737e-12
6.850e-01, 5.000e-01, -5.000e-03, 1.100e+05, 0.000e+00, 4.990e-09, 0.000e+00, 1.999e+00, 9.983e+02, 2.192e-12
6.950e-01, 5.000e-01, -1.195e+00, 1.202e+05, 0.000e+00, 1.002e-13, 0.000e+00, 2.184e+00, 9.983e+02, 2.000e-17
6.950e-01, 5.000e-01, -1.185e+00, 1.201e+05, 0.000e+00, 1.002e-13, 0.000e+00, 2.182e+00, 9.983e+02, 2.000e-17
6.950e-01, 5.000e-01, -1.175e+00, 1.200e+05, 0.000e+00, 1.002e-13, 0.000e+00, 2.181e+00, 9.983e+02, 2.000e-17
6.950e-01, 5.000e-01, -1.165e+00, 1.199e+05, 0.000e+00, 1.002e-13, 0.000e+00, 2.179e+00, 9.983e+02, 2.000e-17
6.950e-01, 5.000e-01, -1.155e+00, 1.198e+05, 0.000e+00, 1.002e-13, 0.000e+00, 2.177e+00, 9.983e+02, 2.000e-17
6.950e-01, 5.000e-01, -1.145e+00, 1.197e+05, 0.000e+00, 7.993e-12, 0.000e+00, 2.175e+00, 9.983e+02, 1.596e-15
6.950e-01, 5.000e-01, -1.135e+00, 1.196e+05, 0.000e+00, 1.309e-03, 0.000e+00, 2.174e+00, 9.985e+02, 4.643e-07
6.950e-01, 5.000e-01, -1.125e+00, 1.195e+05, 0.000e+00, 1.331e-03, 0.000e+00, 2.172e+00, 9.985e+02, 5.715e-07
6.950e-01, 5.000e-01, -1.115e+00, 1.194e+05, 0.000e+00, 1.294e-03, 0.000e+00, 2.170e+00, 9.985e+02, 5.556e-07
6.950e-01, 5.000e-01, -1.105e+00, 1.193e+05, 0.000e+00, 1.227e-03, 0.000e+00, 2.168e+00, 9.985e+02, 5.270e-07
6.950e-01, 5.000e-01, -1.095e+00, 1.192e+05, 0.000e+00, 1.138e-03, 0.000e+00, 2.167e+00, 9.985e+02, 4.885e-07
6.950e-01, 5.000e-01, -1.085e+00, 1.191e+05, 0.000e+00, 1.033e-03, 0.000e+00, 2.165e+00, 9.985e+02, 4.433e-07
6.950e-01, 5.000e-01, -1.075e+00, 1.190e+05, 0.000e+00, 9.247e-04, 0.000e+00, 2.163e+00, 9.984e+02, 3.970e-07
6.950e-01, 5.000e-01, -1.065e+00, 1.189e+05, 0.000e+00, 8.273e-04, 0.000e+00, 2.161e+00, 9.984e+02, 3.552e-07
6.950e-01, 5.000e-01, -1.055e+00, 1.188e+05, 0.000e+00, 7.475e-04, 0.000e+00, 2.159e+00, 9.984e+02, 3.209e-07
6.950e-01, 5.000e-01, -1.045e+00, 1.187e+05, 0.000e+00, 6.861e-04, 0.000e+00, 2.158e+00, 9.984e+02, 2.946e-07
6.950e-01, 5.000e-01, -1.035e+00, 1.186e+05, 0.000e+00, 6.401e-04, 0.000e+00, 2.156e+00, 9.984e+02, 2.748e-07
6.950e-01, 5.000e-01, -1.025e+00, 1.185e+05, 0.000e+00, 6.044e-04, 0.000e+00, 2.154e+00, 9.984e+02, 2.595e-07
6.950e-01, 5.000e-01, -1.015e+00, 1.185e+05, 0.000e+00, 5.743e-04, 0.000e+00, 2.152e+00, 9.984e+02, 2.466e-07
6.950e-01, 5.000e-01, -1.005e+00, 1.184e+05, 0.000e+00, 5.470e-04, 0.000e+00, 2.150e+00, 9.984e+02, 2.348e-07
6.950e-01, 5.000e-01, -9.950e-01, 1.183e+05, 0.000e+00, 5.214e-04, 0.000e+00, 2.149e+00, 9.984e+02, 2.238e-07
6.950e-01, 5.000e-01, -9.850e-01, 1.182e+05, 0.000e+00, 4.968e-04, 0.000e+00, 2.147e+00, 9.984e+02, 2.133e-07
6.950e-01, 5.000e-01, -9.750e-01, 1.181e+05, 0.000e+00, 4.721e-04, 0.000e+00, 2.145e+00, 9.983e+02, 2.027e-07
6.950e-01, 5.000e-01, -9.650e-01, 1.180e+05, 0.000e+00, 4.454e-04, 0.000e+00, 2.143e+00, 9.983e+02, 1.912e-07
6.950e-01, 5.000e-01, -9.550e-01, 1.179e+05, 0.000e+00, 4.165e-04, 0.000e+00, 2.141e+00, 9.983e+02, 1.788e-07
6.950e-01, 5.000e-01, -9.450e-01, 1.178e+05, 0.000e+00, 3.892e-04, 0.000e+00, 2.140e+00, 9.983e+02, 1.671e-07
6.950e-01, 5.000e-01, -9.350e-01, 1.177e+05, 0.000e+00, 3.665e-04, 0.000e+00, 2.138e+00, 9.983e+02, 1.573e-07
6.950e-01, 5.000e-01, -9.250e-01, 1.176e+05, 0.000e+00, 3.494e-04, 0.000e+00, 2.136e+00, 9.983e+02, 1.500e-07
6.950e-01, 5.000e-01, -9.150e-01, 1.175e+05, 0.000e+00, 3.369e-04, 0.000e+00, 2.134e+00, 9.983e+02, 1.446e-07
6.950e-01, 5.000e-01, -9.050e-01, 1.174e+05, 0.000e+00, 3.276e-04, 0.000e+00, 2.132e+00, 9.983e+02, 1.406e-07
6.950e-01, 5.000e-01, -8.950e-01, 1.173e+05, 0.000e+00, 3.202e-04, 0.000e+00, 2.131e+00, 9.983e+02, 1.374e-07
6.950e-01, 5.000e-01, -8.850e-01, 1.172e+05, 0.000e+00, 3.144e-04, 0.000e+00, 2.129e+00, 9.983e+02, 1.350e-07
6.950e-01, 5.000e-01, -8.750e-01, 1.171e+05, 0.000e+00, 3.101e-04, 0.000e+00, 2.127e+00, 9.983e+02, 1.331e-07
6.950e-01, 5.000e-01, -8.650e-01, 1.170e+05, 0.000e+00, 3.069e-04, 0.000e+00, 2.125e+00, 9.983e+02, 1.317e-07
6.950e-01, 5.000e-01, -8.550e-01, 1.169e+05, 0.000e+00, 3.044e-04, 0.000e+00, 2.124e+00, 9.983e+02, 1.307e-07
6.950e-01, 5.000e-01, -8.450e-01, 1.168e+05, 0.000e+00, 3.020e-04, 0.000e+00, 2.122e+00, 9.983e+02, 1.296e-07
6.950e-01, 5.000e-01, -8.350e-01, 1.167e+05, 0.000e+00, 2.994e-04, 0.000e+00, 2.120e+00, 9.983e+02, 1.285e-07
6.950e-01, 5.000e-01, -8.250e-01, 1.166e+05, 0.000e+00, 2.966e-04, 0.000e+00, 2.118e+00, 9.983e+02, 1.273e-07
6.950e-01, 5.000e-01, -8.150e-01, 1.165e+05, 0.000e+00, 2.935e-04, 0.000e+00, 2.116e+00, 9.983e+02, 1.260e-07
6.950e-01, 5.000e-01, -8.050e-01, 1.164e+05, 0.000e+00, 2.904e-04, 0.000e+00, 2.115e+00, 9.983e+02, 1.246e-07
6.950e-01, 5.000e-01, -7.950e-01, 1.163e+05, 0.000e+00, 2.854e-04, 0.000e+00, 2.113e+00, 9.983e+02, 1.225e-07
6.950e-01, 5.000e-01, -7.850e-01, 1.162e+05, 0.000e+00, 2.759e-04, 0.000e+00, 2.111e+00, 9.983e+02, 1.184e-07
6.950e-01, 5.000e-01, -7.750e-01, 1.176e+05, 0.000e+00, 2.503e-04, 0.000e+00, 2.136e+00, 9.983e+02, 1.096e-07
6.950e-01, 5.000e-01, -7.650e-01, 1.175e+05, 0.000e+00, 2.169e-04, 0.000e+00, 2.135e+00, 9.983e+02, 9.527e-08
6.950e-01, 5.000e-01, -7.550e-01, 1.174e+05, 0.000e+00, 1.770e-04, 0.000e+00, 2.133e+00, 9.983e+02, 7.777e-08
6.950e-01, 5.000e-01, -7.450e-01, 1.173e+05, 0.000e+00, 1.332e-04, 0.000e+00, 2.131e+00, 9.983e+02, 5.851e-08
6.950e-01, 5.000e-01, -7.350e-01, 1.172e+05, 0.000e+00, 9.149e-05, 0.000e+00, 2.129e+00, 9.983e+02, 4.019e-08
6.950e-01, 5.000e-01, -7.250e-01, 1.171e+05, 0.000e+00, 5.740e-05, 0.000e+00, 2.127e+00, 9.983e+02, 2.521e-08
6.950e-01, 5.000e-01, -7.150e-01, 1.170e+05, 0.000e+00, 3.325e-05, 0.000e+00, 2.126e+00, 9.983e+02, 1.461e-08
6.950e-01, 5.000e-01, -7.050e-01, 1.169e+05, 0.000e+00, 1.848e-05, 0.000e+00, 2.124e+00, 9.983e+02, 8.117e-09
6.950e-01, 5.000e-01, -6.950e-01, 1.168e+05, 0.000e+00, 1.140e-05, 0.000e+00, 2.122e+00, 9.983e+02, 5.009e-09
6.950e-01, 5.000e-01, -6.850e-01, 1.167e+05, 0.000e+00, 1.089e-05, 0.000e+00, 2.120e+00, 9.983e+02, 4.783e-09
6.950e-01, 5.000e-01, -6.750e-01, 1.166e+05, 0.000e+00, 1.736e-05, 0.000e+00, 2.119e+00, 9.983e+02, 7.626e-09
6.950e-01, 5.000e-01, -6.650e-01, 1.165e+05, 0.000e+00, 3.306e-05, 0.000e+00, 2.117e+00, 9.983e+02, 1.452e-08
6.950e-01, 5.000e-01, -6.550e-01, 1.164e+05, 0.000e+00, 6.141e-05, 0.000e+00, 2.115e+00, 9.983e+02, 2.697e-08
6.950e-01, 5.000e-01, -6.450e-01, 1.163e+05, 0.000e+00, 1.051e-04, 0.000e+00, 2.113e+00, 9.983e+02, 4.619e-08
6.950e-01, 5.000e-01, -6.350e-01, 1.162e+05, 0.000e+00, 1.633e-04, 0.000e+00, 2.111e+00, 9.983e+02, 7.173e-08
6.950e-01, 5.000e-01, -6.250e-01, 1.161e+05, 0.000e+00, 2.280e-04, 0.000e+00, 2.110e+00, 9.983e+02, 1.005e-07
6.950e-01, 5.000e-01, -6.150e-01, 1.145e+05, 0.000e+00, 2.834e-04, 0.000e+00, 2.081e+00, 9.983e+02, 1.273e-07
6.950e-01, 5.000e-01, -6.050e-01, 1.144e+05, 0.000e+00, 2.821e-04, 0.000e+00, 2.079e+00, 9.983e+02, 1.267e-07
6.950e-01, 5.000e-01, -5.950e-01, 1.144e+05, 0.000e+00, 2.786e-04, 0.000e+00, 2.077e+00, 9.983e+02, 1.251e-07
6.950e-01, 5.000e-01, -5.850e-01, 1.143e+05, 0.000e+00, 2.745e-04, 0.000e+00, 2.075e+00, 9.983e+02, 1.233e-07
6.950e-01, 5.000e-01, -5.750e-01, 1.142e+05, 0.000e+00, 2.674e-04, 0.000e+00, 2.074e+00, 9.983e+02, 1.201e-07
6.950e-01, 5.000e-01, -5.650e-01, 1.141e+05, 0.000e+00, 2.561e-04, 0.000e+00, 2.072e+00, 9.983e+02, 1.150e-07
6.950e-01, 5.000e-01, -5.550e-01, 1.140e+05, 0.000e+00, 2.403e-04, 0.000e+00, 2.070e+00, 9.983e+02, 1.080e-07
6.950e-01, 5.000e-01, -5.450e-01, 1.139e+05, 0.000e+00, 2.212e-04, 0.000e+00, 2.068e+00, 9.983e+02, 9.938e-08
6.950e-01, 5.000e-01, -5.350e-01, 1.138e+05, 0.000e+00, 2.006e-04, 0.000e+00, 2.067e+00, 9.983e+02, 9.011e-08
6.950e-01, 5.000e-01, -5.250e-01, 1.137e+05, 0.000e+00, 1.803e-04, 0.000e+00, 2.065e+00, 9.983e+02, 8.101e-08
6.950e-01, 5.000e-01, -5.150e-01, 1.136e+05, 0.000e+00, 1.616e-04, 0.000e+00, 2.063e+00, 9.983e+02, 7.261e-08
6.950e-01, 5.000e-01, -5.050e-01, 1.135e+05, 0.000e+00, 1.445e-04, 0.000e+00, 2.061e+00, 9.983e+02, 6.491e-08
6.950e-01, 5.000e-01, -4.950e-01, 1.134e+05, 0.000e+00, 1.283e-04, 0.000e+00, 2.059e+00, 9.983e+02, 5.762e-08
6.950e-01, 5.000e-01, -4.850e-01, 1.133e+05, 0.000e+00, 1.126e-04, 0.000e+00, 2.059e+00, 9.983e+02, 4.947e-08
6.950e-01, 5.000e-01, -4.750e-01, 1.133e+05, 0.000e+00, 1.050e-04, 0.000e+00, 2.057e+00, 9.983e+02, 4.611e-08
6.950e-01, 5.000e-01, -4.650e-01, 1.132e+05, 0.000e+00, 1.101e-04, 0.000e+00, 2.055e+00, 9.983e+02, 4.836e-08
6.950e-01, 5.000e-01, -4.550e-01, 1.131e+05, 0.000e+00, 1.347e-04, 0.000e+00, 2.054e+00, 9.983e+02, 5.895e-08
6.950e-01, 5.000e-01, -4.450e-01, 1.129e+05, 0.000e+00, 1.835e-04, 0.000e+00, 2.050e+00, 9.983e+02, 7.878e-08
6.950e-01, 5.000e-01, -4.350e-01, 1.128e+05, 0.000e+00, 1.944e-04, 0.000e+00, 2.048e+00, 9.983e+02, 8.343e-08
6.950e-01, 5.000e-01, -4.250e-01, 1.127e+05, 0.000e+00, 1.901e-04, 0.000e+00, 2.047e+00, 9.983e+02, 8.158e-08
6.950e-01, 5.000e-01, -4.150e-01, 1.126e+05, 0.000e+00, 1.830e-04, 0.000e+00, 2.045e+00, 9.983e+02, 7.855e-08
6.950e-01, 5.000e-01, -4.050e-01, 1.125e+05, 0.000e+00, 1.778e-04, 0.000e+00, 2.043e+00, 9.983e+02, 7.634e-08
6.950e-01, 5.000e-01, -3.950e-01, 1.124e+05, 0.000e+00, 1.746e-04, 0.000e+00, 2.041e+00, 9.983e+02, 7.494e-08
6.950e-01, 5.000e-01, -3.850e-01, 1.123e+05, 0.000e+00, 1.725e-04, 0.000e+00, 2.039e+00, 9.983e+02, 7.406e-08
6.950e-01, 5.000e-01, -3.750e-01, 1.122e+05, 0.000e+00, 1.716e-04, 0.000e+00, 2.038e+00, 9.983e+02, 7.365e-08
6.950e-01, 5.000e-01, -3.650e-01, 1.121e+05, 0.000e+00, 1.741e-04, 0.000e+00, 2.036e+00, 9.983e+02, 7.473e-08
6.950e-01, 5.000e-01, -3.550e-01, 1.120e+05, 0.000e+00, 1.949e-04, 0.000e+00, 2.034e+00, 9.983e+02, 8.367e-08
6.950e-01, 5.000e-01, -3.450e-01, 1.119e+05, 0.000e+00, 2.557e-04, 0.000e+00, 2.032e+00, 9.983e+02, 1.114e-07
6.950e-01, 5.000e-01, -3.350e-01, 1.118e+05, 0.000e+00, 3.296e-04, 0.000e+00, 2.031e+00, 9.983e+02, 1.481e-07
6.950e-01, 5.000e-01, -3.250e-01, 1.117e+05, 0.000e+00, 3.771e-04, 0.000e+00, 2.029e+00, 9.983e+02, 1.694e-07
6.950e-01, 5.000e-01, -3.150e-01, 1.116e+05, 0.000e+00, 3.815e-04, 0.000e+00, 2.027e+00, 9.983e+02, 1.714e-07
6.950e-01, 5.000e-01, -3.050e-01, 1.115e+05, 0.000e+00, 3.654e-04, 0.000e+00, 2.025e+00, 9.983e+02, 1.642e-07
6.950e-01, 5.000e-01, -2.950e-01, 1.114e+05, 0.000e+00, 3.464e-04, 0.000e+00, 2.024e+00, 9.983e+02, 1.556e-07
6.950e-01, 5.000e-01, -2.850e-01, 1.113e+05, 0.000e+00, 3.305e-04, 0.000e+00, 2.022e+00, 9.983e+02, 1.485e-07
6.950e-01, 5.000e-01, -2.750e-01, 1.112e+05, 0.000e+00, 3.196e-04, 0.000e+00, 2.020e+00, 9.983e+02, 1.436e-07
6.950e-01, 5.000e-01, -2.650e-01, 1.111e+05, 0.000e+00, 3.132e-04, 0.000e+00, 2.018e+00, 9.983e+02, 1.407e-07
6.950e-01, 5.000e-01, -2.550e-01, 1.110e+05, 0.000e+00, 3.099e-04, 0.000e+00, 2.016e+00, 9.983e+02, 1.384e-07
6.950e-01, 5.000e-01, -2.450e-01, 1.110e+05, 0.000e+00, 3.054e-04, 0.000e+00, 2.016e+00, 9.983e+02, 1.341e-07
6.950e-01, 5.000e-01, -2.350e-01, 1.109e+05, 0.000e+00, 2.977e-04, 0.000e+00, 2.014e+00, 9.983e+02, 1.308e-07
6.950e-01, 5.000e-01, -2.250e-01, 1.108e+05, 0.000e+00, 2.898e-04, 0.000e+00, 2.012e+00, 9.983e+02, 1.273e-07
6.950e-01, 5.000e-01, -2.150e-01, 1.107e+05, 0.000e+00, 2.821e-04, 0.000e+00, 2.011e+00, 9.983e+02, 1.239e-07
6.950e-01, 5.000e-01, -2.050e-01, 1.106e+05, 0.000e+00, 2.740e-04, 0.000e+00, 2.009e+00, 9.983e+02, 1.203e-07
6.950e-01, 5.000e-01, -1.950e-01, 1.105e+05, 0.000e+00, 2.646e-04, 0.000e+00, 2.007e+00, 9.983e+02, 1.162e-07
6.950e-01, 5.000e-01, -1.850e-01, 1.104e+05, 0.000e+00, 2.519e-04, 0.000e+00, 2.005e+00, 9.983e+02, 1.096e-07
6.950e-01, 5.000e-01, -1.750e-01, 1.105e+05, 0.000e+00, 2.334e-04, 0.000e+00, 2.007e+00, 9.983e+02, 1.002e-07
6.950e-01, 5.000e-01, -1.650e-01, 1.104e+05, 0.000e+00, 2.081e-04, 0.000e+00, 2.005e+00, 9.983e+02, 8.935e-08
6.950e-01, 5.000e-01, -1.550e-01, 1.103e+05, 0.000e+00, 1.775e-04, 0.000e+00, 2.004e+00, 9.983e+02, 7.618e-08
6.950e-01, 5.000e-01, -1.450e-01, 1.102e+05, 0.000e+00, 1.438e-04, 0.000e+00, 2.002e+00, 9.983e+02, 6.173e-08
6.950e-01, 5.000e-01, -1.350e-01, 1.101e+05, 0.000e+00, 1.101e-04, 0.000e+00, 2.000e+00, 9.983e+02, 4.728e-08
6.950e-01, 5.000e-01, -1.250e-01, 1.100e+05, 0.000e+00, 7.904e-05, 0.000e+00, 1.998e+00, 9.983e+02, 3.393e-08
6.950e-01, 5.000e-01, -1.150e-01, 1.111e+05, 0.000e+00, 5.201e-05, 0.000e+00, 2.018e+00, 9.983e+02, 2.284e-08
6.950e-01, 5.000e-01, -1.050e-01, 1.110e+05, 0.000e+00, 3.110e-05, 0.000e+00, 2.017e+00, 9.983e+02, 1.366e-08
6.950e-01, 5.000e-01, -9.500e-02, 1.109e+05, 0.000e+00, 1.703e-05, 0.000e+00, 2.015e+00, 9.983e+02, 7.480e-09
6.950e-01, 5.000e-01, -8.500e-02, 1.108e+05, 0.000e+00, 8.629e-06, 0.000e+00, 2.013e+00, 9.983e+02, 3.790e-09
6.950e-01, 5.000e-01, -7.500e-02, 1.107e+05, 0.000e+00, 4.074e-06, 0.000e+00, 2.011e+00, 9.983e+02, 1.790e-09
6.950e-01, 5.000e-01, -6.500e-02, 1.106e+05, 0.000e+00, 1.802e-06, 0.000e+00, 2.009e+00, 9.983e+02, 7.914e-10
6.950e-01, 5.000e-01, -5.500e-02, 1.105e+05, 0.000e+00, 7.492e-07, 0.000e+00, 2.008e+00, 9.983e+02, 3.291e-10
6.950e-01, 5.000e-01, -4.500e-02, 1.104e+05, 0.000e+00, 2.939e-07, 0.000e+00, 2.006e+00, 9.983e+02, 1.291e-10
6.950e-01, 5.000e-01, -3.500e-02, 1.103e+05, 0.000e+00, 1.091e-07, 0.000e+00, 2.004e+00, 9.983e+02, 4.790e-11
6.950e-01, 5.000e-01, -2.500e-02, 1.102e+05, 0.000e+00, 3.849e-08, 0.000e+00, 2.002e+00, 9.983e+02, 1.690e-11
6.950e-01, 5.000e-01, -1.500e-02, 1.101e+05, 0.000e+00, 1.320e-08, 0.000e+00, 2.000e+00, 9.983e+02, 5.798e-12
6.950e-01, 5.000e-01, -5.000e-03, 1.100e+05, 0.000e+00, 5.046e-09, 0.000e+00, 1.999e+00, 9.983e+02, 2.217e-12
7.050e-01, 5.000e-01, -1.195e+00, 1.202e+05, 0.000e+00, 1.002e-13, 0.000e+00, 2.184e+00, 9.983e+02, 2.000e-17
7.050e-01, 5.000e-01, -1.185e+00, 1.201e+05, 0.000e+00, 1.002e-13, 0.000e+00, 2.182e+00, 9.983e+02, 2.000e-17
7.050e-01, 5.000e-01, -1.175e+00, 1.200e+05, 0.000e+00, 1.002e-13, 0.000e+00, 2.181e+00, 9.983e+02, 2.000e-17
7.050e-01, 5.000e-01, -1.165e+00, 1.199e+05, 0.000e+00, 1.002e-13, 0.000e+00, 2.179e+00, 9.983e+02, 2.000e-17
7.050e-01, 5.000e-01, -1.155e+00, 1.198e+05, 0.000e+00, 1.002e-13, 0.000e+00, 2.177e+00, 9.983e+02, 2.000e-17
7.050e-01, 5.000e-01, -1.145e+00, 1.197e+05, 0.000e+00, 8.156e-12, 0.000e+00, 2.175e+00, 9.983e+02, 1.628e-15
7.050e-01, 5.000e-01, -1.135e+00, 1.196e+05, 0.000e+00, 1.322e-03, 0.000e+00, 2.174e+00, 9.985e+02, 4.544e-07
7.050e-01, 5.000e-01, -1.125e+00, 1.195e+05, 0.000e+00, 1.345e-03, 0.000e+00, 2.172e+00, 9.985e+02, 5.773e-07
7.050e-01, 5.000e-01, -1.115e+00, 1.194e+05, 0.000e+00, 1.302e-03, 0.000e+00, 2.170e+00, 9.985e+02, 5.591e-07
7.050e-01, 5.000e-01, -1.105e+00, 1.193e+05, 0.000e+00, 1.230e-03, 0.000e+00, 2.168e+00, 9.985e+02, 5.279e-07
7.050e-01, 5.000e-01, -1.095e+00, 1.192e+05, 0.000e+00, 1.137e-03, 0.000e+00, 2.167e+00, 9.985e+02, 4.880e-07
7.050e-01, 5.000e-01, -1.085e+00, 1.191e+05, 0.000e+00, 1.030e-03, 0.000e+00, 2.165e+00, 9.985e+02, 4.421e-07
7.050e-01, 5.000e-01, -1.075e+00, 1.190e+05, 0.000e+00, 9.218e-04, 0.000e+00, 2.163e+00, 9.984e+02, 3.957e-07
7.050e-01, 5.000e-01, -1.065e+00, 1.189e+05, 0.000e+00, 8.245e-04, 0.000e+00, 2.161e+00, 9.984e+02, 3.540e-07
7.050e-01, 5.000e-01, -1.055e+00, 1.188e+05, 0.000e+00, 7.452e-04, 0.000e+00, 2.159e+00, 9.984e+02, 3.199e-07
7.050e-01, 5.000e-01, -1.045e+00, 1.187e+05, 0.000e+00, 6.847e-04, 0.000e+00, 2.158e+00, 9.984e+02, 2.939e-07
7.050e-01, 5.000e-01, -1.035e+00, 1.186e+05, 0.000e+00, 6.399e-04, 0.000e+00, 2.156e+00, 9.984e+02, 2.747e-07
7.050e-01, 5.000e-01, -1.025e+00, 1.185e+05, 0.000e+00, 6.056e-04, 0.000e+00, 2.154e+00, 9.984e+02, 2.600e-07
7.050e-01, 5.000e-01, -1.015e+00, 1.185e+05, 0.000e+00, 5.771e-04, 0.000e+00, 2.152e+00, 9.984e+02, 2.478e-07
7.050e-01, 5.000e-01, -1.005e+00, 1.184e+05, 0.000e+00, 5.511e-04, 0.000e+00, 2.150e+00, 9.984e+02, 2.366e-07
7.050e-01, 5.000e-01, -9.950e-01, 1.183e+05, 0.000e+00, 5.262e-04, 0.000e+00, 2.149e+00, 9.984e+02, 2.259e-07
7.050e-01, 5.000e-01, -9.850e-01, 1.182e+05, 0.000e+00, 5.025e-04, 0.000e+00, 2.147e+00, 9.984e+02, 2.157e-07
7.050e-01, 5.000e-01, -9.750e-01, 1.181e+05, 0.000e+00, 4.790e-04, 0.000e+00, 2.145e+00, 9.984e+02, 2.056e-07
7.050e-01, 5.000e-01, -9.650e-01, 1.180e+05, 0.000e+00, 4.541e-04, 0.000e+00, 2.143e+00, 9.983e+02, 1.949e-07
7.050e-01, 5.000e-01, -9.550e-01, 1.179e+05, 0.000e+00, 4.265e-04, 0.000e+00, 2.141e+00, 9.983e+02, 1.831e-07
7.050e-01, 5.000e-01, -9.450e-01, 1.178e+05, 0.000e+00, 3.990e-04, 0.000e+00, 2.140e+00, 9.983e+02, 1.713e-07
7.050e-01, 5.000e-01, -9.350e-01, 1.177e+05, 0.000e+00, 3.749e-04, 0.000e+00, 2.138e+00, 9.983e+02, 1.609e-07
7.050e-01, 5.000e-01, -9.250e-01, 1.176e+05, 0.000e+00, 3.560e-04, 0.000e+00, 2.136e+00, 9.983e+02, 1.528e-07
7.050e-01, 5.000e-01, -9.150e-01, 1.175e+05, 0.000e+00, 3.421e-04, 0.000e+00, 2.134e+00, 9.983e+02, 1.468e-07
7.050e-01, 5.000e-01, -9.050e-01, 1.174e+05, 0.000e+00, 3.319e-04, 0.000e+00, 2.132e+00, 9.983e+02, 1.425e-07
7.050e-01, 5.000e-01, -8.950e-01, 1.173e+05, 0.000e+00, 3.240e-04, 0.000e+00, 2.131e+00, 9.983e+02, 1.391e-07
7.050e-01, 5.000e-01, -8.850e-01, 1.172e+05, 0.000e+00, 3.177e-04, 0.000e+00, 2.129e+00, 9.983e+02, 1.364e-07
7.050e-01, 5.000e-01, -8.750e-01, 1.171e+05, 0.000e+00, 3.126e-04, 0.000e+00, 2.127e+00, 9.983e+02, 1.342e-07
7.050e-01, 5.000e-01, -8.650e-01, 1.170e+05, 0.000e+00, 3.083e-04, 0.000e+00, 2.125e+00, 9.983e+02, 1.324e-07
7.050e-01, 5.000e-01, -8.550e-01, 1.169e+05, 0.000e+00, 3.048e-04, 0.000e+00, 2.124e+00, 9.983e+02, 1.308e-07
7.050e-01, 5.000e-01, -8.450e-01, 1.168e+05, 0.000e+00, 3.016e-04, 0.000e+00, 2.122e+00, 9.983e+02, 1.295e-07
7.050e-01, 5.000e-01, -8.350e-01, 1.167e+05, 0.000e+00, 2.985e-04, 0.000e+00, 2.120e+00, 9.983e+02, 1.282e-07
7.050e-01, 5.000e-01, -8.250e-01, 1.166e+05, 0.000e+00, 2.957e-04, 0.000e+00, 2.118e+00, 9.983e+02, 1.269e-07
7.050e-01, 5.000e-01, -8.150e-01, 1.165e+05, 0.000e+00, 2.930e-04, 0.000e+00, 2.116e+00, 9.983e+02, 1.258e-07
7.050e-01, 5.000e-01, -8.050e-01, 1.164e+05, 0.000e+00, 2.906e-04, 0.000e+00, 2.115e+00, 9.983e+02, 1.247e-07
7.050e-01, 5.000e-01, -7.950e-01, 1.163e+05, 0.000e+00, 2.865e-04, 0.000e+00, 2.113e+00, 9.983e+02, 1.230e-07
7.050e-01, 5.000e-01, -7.850e-01, 1.162e+05, 0.000e+00, 2.773e-04, 0.000e+00, 2.111e+00, 9.983e+02, 1.190e-07
7.050e-01, 5.000e-01, -7.750e-01, 1.176e+05, 0.000e+00, 2.559e-04, 0.000e+00, 2.136e+00, 9.983e+02, 1.116e-07
7.050e-01, 5.000e-01, -7.650e-01, 1.175e+05, 0.000e+00, 2.248e-04, 0.000e+00, 2.135e+00, 9.983e+02, 9.872e-08
7.050e-01, 5.000e-01, -7.550e-01, 1.174e+05, 0.000e+00, 1.858e-04, 0.000e+00, 2.133e+00, 9.983e+02, 8.163e-08
7.050e-01, 5.000e-01, -7.450e-01, 1.173e+05, 0.000e+00, 1.412e-04, 0.000e+00, 2.131e+00, 9.983e+02, 6.201e-08
7.050e-01, 5.000e-01, -7.350e-01, 1.172e+05, 0.000e+00, 9.762e-05, 0.000e+00, 2.129e+00, 9.983e+02, 4.288e-08
7.050e-01, 5.000e-01, -7.250e-01, 1.171e+05, 0.000e+00, 6.153e-05, 0.000e+00, 2.127e+00, 9.983e+02, 2.703e-08
7.050e-01, 5.000e-01, -7.150e-01, 1.170e+05, 0.000e+00, 3.569e-05, 0.000e+00, 2.126e+00, 9.983e+02, 1.568e-08
7.050e-01, 5.000e-01, -7.050e-01, 1.169e+05, 0.000e+00, 1.963e-05, 0.000e+00, 2.124e+00, 9.983e+02, 8.620e-09
7.050e-01, 5.000e-01, -6.950e-01, 1.168e+05, 0.000e+00, 1.145e-05, 0.000e+00, 2.122e+00, 9.983e+02, 5.028e-09
7.050e-01, 5.000e-01, -6.850e-01, 1.167e+05, 0.000e+00, 9.668e-06, 0.000e+00, 2.120e+00, 9.983e+02, 4.247e-09
7.050e-01, 5.000e-01, -6.750e-01, 1.166e+05, 0.000e+00, 1.426e-05, 0.000e+00, 2.119e+00, 9.983e+02, 6.261e-09
7.050e-01, 5.000e-01, -6.650e-01, 1.165e+05, 0.000e+00, 2.698e-05, 0.000e+00, 2.117e+00, 9.983e+02, 1.185e-08
7.050e-01, 5.000e-01, -6.550e-01, 1.164e+05, 0.000e+00, 5.097e-05, 0.000e+00, 2.115e+00, 9.983e+02, 2.239e-08
7.050e-01, 5.000e-01, -6.450e-01, 1.163e+05, 0.000e+00, 8.903e-05, 0.000e+00, 2.113e+00, 9.983e+02, 3.911e-08
7.050e-01, 5.000e-01, -6.350e-01, 1.162e+05, 0.000e+00, 1.407e-04, 0.000e+00, 2.111e+00, 9.983e+02, 6.178e-08
7.050e-01, 5.000e-01, -6.250e-01, 1.161e+05, 0.000e+00, 1.985e-04, 0.000e+00, 2.110e+00, 9.983e+02, 8.725e-08
7.050e-01, 5.000e-01, -6.150e-01, 1.145e+05, 0.000e+00, 2.436e-04, 0.000e+00, 2.081e+00, 9.983e+02, 1.094e-07
7.050e-01, 5.000e-01, -6.050e-01, 1.144e+05, 0.000e+00, 2.571e-04, 0.000e+00, 2.079e+00, 9.983e+02, 1.155e-07
7.050e-01, 5.000e-01, -5.950e-01, 1.144e+05, 0.000e+00, 2.679e-04, 0.000e+00, 2.077e+00, 9.983e+02, 1.203e-07
7.050e-01, 5.000e-01, -5.850e-01, 1.143e+05, 0.000e+00, 2.723e-04, 0.000e+00, 2.075e+00, 9.983e+02, 1.223e-07
7.050e-01, 5.000e-01, -5.750e-01, 1.142e+05, 0.000e+00, 2.693e-04, 0.000e+00, 2.074e+00, 9.983e+02, 1.210e-07
7.050e-01, 5.000e-01, -5.650e-01, 1.141e+05, 0.000e+00, 2.591e-04, 0.000e+00, 2.072e+00, 9.983e+02, 1.164e-07
7.050e-01, 5.000e-01, -5.550e-01, 1.140e+05, 0.000e+00, 2.431e-04, 0.000e+00, 2.070e+00, 9.983e+02, 1.092e-07
7.050e-01, 5.000e-01, -5.450e-01, 1.139e+05, 0.000e+00, 2.234e-04, 0.000e+00, 2.068e+00, 9.983e+02, 1.004e-07
7.050e-01, 5.000e-01, -5.350e-01, 1.138e+05, 0.000e+00, 2.029e-04, 0.000e+00, 2.067e+00, 9.983e+02, 9.117e-08
7.050e-01, 5.000e-01, -5.250e-01, 1.137e+05, 0.000e+00, 1.843e-04, 0.000e+00, 2.065e+00, 9.983e+02, 8.281e-08
7.050e-01, 5.000e-01, -5.150e-01, 1.136e+05, 0.000e+00, 1.686e-04, 0.000e+00, 2.063e+00, 9.983e+02, 7.575e-08
7.050e-01, 5.000e-01, -5.050e-01, 1.135e+05, 0.000e+00, 1.546e-04, 0.000e+00, 2.061e+00, 9.983e+02, 6.947e-08
7.050e-01, 5.000e-01, -4.950e-01, 1.134e+05, 0.000e+00, 1.405e-04, 0.000e+00, 2.059e+00, 9.983e+02, 6.310e-08
7.050e-01, 5.000e-01, -4.850e-01, 1.133e+05, 0.000e+00, 1.264e-04, 0.000e+00, 2.059e+00, 9.983e+02, 5.557e-08
7.050e-01, 5.000e-01, -4.750e-01, 1.133e+05, 0.000e+00, 1.269e-04, 0.000e+00, 2.057e+00, 9.983e+02, 5.572e-08
7.050e-01, 5.000e-01, -4.650e-01, 1.132e+05, 0.000e+00, 1.462e-04, 0.000e+00, 2.055e+00, 9.983e+02, 6.420e-08
7.050e-01, 5.000e-01, -4.550e-01, 1.131e+05, 0.000e+00, 1.890e-04, 0.000e+00, 2.054e+00, 9.983e+02, 8.267e-08
7.050e-01, 5.000e-01, -4.450e-01, 1.129e+05, 0.000e+00, 2.401e-04, 0.000e+00, 2.050e+00, 9.983e+02, 1.031e-07
7.050e-01, 5.000e-01, -4.350e-01, 1.128e+05, 0.000e+00, 2.494e-04, 0.000e+00, 2.048e+00, 9.983e+02, 1.071e-07
7.050e-01, 5.000e-01, -4.250e-01, 1.127e+05, 0.000e+00, 2.313e-04, 0.000e+00, 2.047e+00, 9.983e+02, 9.928e-08
7.050e-01, 5.000e-01, -4.150e-01, 1.126e+05, 0.000e+00, 2.130e-04, 0.000e+00, 2.045e+00, 9.983e+02, 9.145e-08
7.050e-01, 5.000e-01, -4.050e-01, 1.125e+05, 0.000e+00, 2.020e-04, 0.000e+00, 2.043e+00, 9.983e+02, 8.669e-08
7.050e-01, 5.000e-01, -3.950e-01, 1.124e+05, 0.000e+00, 1.946e-04, 0.000e+00, 2.041e+00, 9.983e+02, 8.355e-08
7.050e-01, 5.000e-01, -3.850e-01, 1.123e+05, 0.000e+00, 1.905e-04, 0.000e+00, 2.039e+00, 9.983e+02, 8.179e-08
7.050e-01, 5.000e-01, -3.750e-01, 1.122e+05, 0.000e+00, 1.926e-04, 0.000e+00, 2.038e+00, 9.983e+02, 8.269e-08
7.050e-01, 5.000e-01, -3.650e-01, 1.121e+05, 0.000e+00, 2.133e-04, 0.000e+00, 2.036e+00, 9.983e+02, 9.158e-08
7.050e-01, 5.000e-01, -3.550e-01, 1.120e+05, 0.000e+00, 2.518e-04, 0.000e+00, 2.034e+00, 9.983e+02, 1.081e-07
7.050e-01, 5.000e-01, -3.450e-01, 1.119e+05, 0.000e+00, 3.079e-04, 0.000e+00, 2.032e+00, 9.983e+02, 1.343e-07
7.050e-01, 5.000e-01, -3.350e-01, 1.118e+05, 0.000e+00, 3.592e-04, 0.000e+00, 2.031e+00, 9.983e+02, 1.614e-07
7.050e-01, 5.000e-01, -3.250e-01, 1.117e+05, 0.000e+00, 3.783e-04, 0.000e+00, 2.029e+00, 9.983e+02, 1.700e-07
7.050e-01, 5.000e-01, -3.150e-01, 1.116e+05, 0.000e+00, 3.690e-04, 0.000e+00, 2.027e+00, 9.983e+02, 1.658e-07
7.050e-01, 5.000e-01, -3.050e-01, 1.115e+05, 0.000e+00, 3.476e-04, 0.000e+00, 2.025e+00, 9.983e+02, 1.562e-07
7.050e-01, 5.000e-01, -2.950e-01, 1.114e+05, 0.000e+00, 3.252e-04, 0.000e+00, 2.024e+00, 9.983e+02, 1.461e-07
7.050e-01, 5.000e-01, -2.850e-01, 1.113e+05, 0.000e+00, 3.080e-04, 0.000e+00, 2.022e+00, 9.983e+02, 1.384e-07
7.050e-01, 5.000e-01, -2.750e-01, 1.112e+05, 0.000e+00, 2.975e-04, 0.000e+00, 2.020e+00, 9.983e+02, 1.337e-07
7.050e-01, 5.000e-01, -2.650e-01, 1.111e+05, 0.000e+00, 2.937e-04, 0.000e+00, 2.018e+00, 9.983e+02, 1.319e-07
7.050e-01, 5.000e-01, -2.550e-01, 1.110e+05, 0.000e+00, 2.958e-04, 0.000e+00, 2.016e+00, 9.983e+02, 1.320e-07
7.050e-01, 5.000e-01, -2.450e-01, 1.110e+05, 0.000e+00, 2.965e-04, 0.000e+00, 2.016e+00, 9.983e+02, 1.302e-07
7.050e-01, 5.000e-01, -2.350e-01, 1.109e+05, 0.000e+00, 2.901e-04, 0.000e+00, 2.014e+00, 9.983e+02, 1.274e-07
7.050e-01, 5.000e-01, -2.250e-01, 1.108e+05, 0.000e+00, 2.828e-04, 0.000e+00, 2.012e+00, 9.983e+02, 1.242e-07
7.050e-01, 5.000e-01, -2.150e-01, 1.107e+05, 0.000e+00, 2.756e-04, 0.000e+00, 2.011e+00, 9.983e+02, 1.210e-07
7.050e-01, 5.000e-01, -2.050e-01, 1.106e+05, 0.000e+00, 2.681e-04, 0.000e+00, 2.009e+00, 9.983e+02, 1.178e-07
7.050e-01, 5.000e-01, -1.950e-01, 1.105e+05, 0.000e+00, 2.595e-04, 0.000e+00, 2.007e+00, 9.983e+02, 1.140e-07
7.050e-01, 5.000e-01, -1.850e-01, 1.104e+05, 0.000e+00, 2.474e-04, 0.000e+00, 2.005e+00, 9.983e+02, 1.074e-07
7.050e-01, 5.000e-01, -1.750e-01, 1.105e+05, 0.000e+00, 2.271e-04, 0.000e+00, 2.007e+00, 9.983e+02, 9.750e-08
7.050e-01, 5.000e-01, -1.650e-01, 1.104e+05, 0.000e+00, 2.005e-04, 0.000e+00, 2.005e+00, 9.983e+02, 8.607e-08
7.050e-01, 5.000e-01, -1.550e-01, 1.103e+05, 0.000e+00, 1.701e-04, 0.000e+00, 2.004e+00, 9.983e+02, 7.301e-08
7.050e-01, 5.000e-01, -1.450e-01, 1.102e+05, 0.000e+00, 1.379e-04, 0.000e+00, 2.002e+00, 9.983e+02, 5.919e-08
7.050e-01, 5.000e-01, -1.350e-01, 1.101e+05, 0.000e+00, 1.061e-04, 0.000e+00, 2.000e+00, 9.983e+02, 4.556e-08
7.050e-01, 5.000e-01, -1.250e-01, 1.100e+05, 0.000e+00, 7.668e-05, 0.000e+00, 1.998e+00, 9.983e+02, 3.291e-08
7.050e-01, 5.000e-01, -1.150e-01, 1.111e+05, 0.000e+00, 5.076e-05, 0.000e+00, 2.018e+00, 9.983e+02, 2.229e-08
7.050e-01, 5.000e-01, -1.050e-01, 1.110e+05, 0.000e+00, 3.062e-05, 0.000e+00, 2.017e+00, 9.983e+02, 1.345e-08
7.050e-01, 5.000e-01, -9.500e-02, 1.109e+05, 0.000e+00, 1.691e-05, 0.000e+00, 2.015e+00, 9.983e+02, 7.425e-09
7.050e-01, 5.000e-01, -8.500e-02, 1.108e+05, 0.000e+00, 8.620e-06, 0.000e+00, 2.013e+00, 9.983e+02, 3.786e-09
7.050e-01, 5.000e-01, -7.500e-02, 1.107e+05, 0.000e+00, 4.089e-06, 0.000e+00, 2.011e+00, 9.983e+02, 1.796e-09
7.050e-01, 5.000e-01, -6.500e-02, 1.106e+05, 0.000e+00, 1.814e-06, 0.000e+00, 2.009e+00, 9.983e+02, 7.970e-10
7.050e-01, 5.000e-01, -5.500e-02, 1.105e+05, 0.000e+00, 7.563e-07, 0.000e+00, 2.008e+00, 9.983e+02, 3.322e-10
7.050e-01, 5.000e-01, -4.500e-02, 1.104e+05, 0.000e+00, 2.972e-07, 0.000e+00, 2.006e+00, 9.983e+02, 1.305e-10
7.050e-01, 5.000e-01, -3.500e-02, 1.103e+05, 0.000e+00, 1.104e-07, 0.000e+00, 2.004e+00, 9.983e+02, 4.850e-11
7.050e-01, 5.000e-01, -2.500e-02, 1.102e+05, 0.000e+00, 3.901e-08, 0.000e+00, 2.002e+00, 9.983e+02, 1.713e-11
7.050e-01, 5.000e-01, -1.500e-02, 1.101e+05, 0.000e+00, 1.339e-08, 0.000e+00, 2.000e+00, 9.983e+02, 5.880e-12
7.050e-01, 5.000e-01, -5.000e-03, 1.100e+05, 0.000e+00, 5.125e-09, 0.000e+00, 1.999e+00, 9.983e+02, 2.251e-12
7.150e-01, 5.000e-01, -1.195e+00, 1.202e+05, 0.000e+00, 1.002e-13, 0.000e+00, 2.184e+00, 9.983e+02, 2.000e-17
7.150e-01, 5.000e-01, -1.185e+00, 1.201e+05, 0.000e+00, 1.002e-13, 0.000e+00, 2.182e+00, 9.983e+02, 2.000e-17
7.150e-01, 5.000e-01, -1.175e+00, 1.200e+05, 0.000e+00, 1.002e-13, 0.000e+00, 2.181e+00, 9.983e+02, 2.000e-17
7.150e-01, 5.000e-01, -1.165e+00, 1.199e+05, 0.000e+00, 1.002e-13, 0.000e+00, 2.179e+00, 9.983e+02, 2.000e-17
7.150e-01, 5.000e-01, -1.155e+00, 1.198e+05, 0.000e+00, 1.002e-13, 0.000e+00, 2.177e+00, 9.983e+02, 2.000e-17
7.150e-01, 5.000e-01, -1.145e+00, 1.197e+05, 0.000e+00, 8.319e-12, 0.000e+00, 2.175e+00, 9.983e+02, 1.661e-15
7.150e-01, 5.000e-01, -1.135e+00, 1.196e+05, 0.000e+00, 1.340e-03, 0.000e+00, 2.174e+00, 9.985e+02, 4.454e-07
7.150e-01, 5.000e-01, -1.125e+00, 1.195e+05, 0.000e+00, 1.358e-03, 0.000e+00, 2.172e+00, 9.985e+02, 5.832e-07
7.150e-01, 5.000e-01, -1.115e+00, 1.194e+05, 0.000e+00, 1.310e-03, 0.000e+00, 2.170e+00, 9.985e+02, 5.626e-07
7.150e-01, 5.000e-01, -1.105e+00, 1.193e+05, 0.000e+00, 1.232e-03, 0.000e+00, 2.168e+00, 9.985e+02, 5.290e-07
7.150e-01, 5.000e-01, -1.095e+00, 1.192e+05, 0.000e+00, 1.135e-03, 0.000e+00, 2.167e+00, 9.985e+02, 4.874e-07
7.150e-01, 5.000e-01, -1.085e+00, 1.191e+05, 0.000e+00, 1.027e-03, 0.000e+00, 2.165e+00, 9.985e+02, 4.410e-07
7.150e-01, 5.000e-01, -1.075e+00, 1.190e+05, 0.000e+00, 9.188e-04, 0.000e+00, 2.163e+00, 9.984e+02, 3.945e-07
7.150e-01, 5.000e-01, -1.065e+00, 1.189e+05, 0.000e+00, 8.218e-04, 0.000e+00, 2.161e+00, 9.984e+02, 3.528e-07
7.150e-01, 5.000e-01, -1.055e+00, 1.188e+05, 0.000e+00, 7.429e-04, 0.000e+00, 2.159e+00, 9.984e+02, 3.189e-07
7.150e-01, 5.000e-01, -1.045e+00, 1.187e+05, 0.000e+00, 6.832e-04, 0.000e+00, 2.158e+00, 9.984e+02, 2.933e-07
7.150e-01, 5.000e-01, -1.035e+00, 1.186e+05, 0.000e+00, 6.396e-04, 0.000e+00, 2.156e+00, 9.984e+02, 2.746e-07
7.150e-01, 5.000e-01, -1.025e+00, 1.185e+05, 0.000e+00, 6.068e-04, 0.000e+00, 2.154e+00, 9.984e+02, 2.605e-07
7.150e-01, 5.000e-01, -1.015e+00, 1.185e+05, 0.000e+00, 5.798e-04, 0.000e+00, 2.152e+00, 9.984e+02, 2.489e-07
7.150e-01, 5.000e-01, -1.005e+00, 1.184e+05, 0.000e+00, 5.550e-04, 0.000e+00, 2.150e+00, 9.984e+02, 2.383e-07
7.150e-01, 5.000e-01, -9.950e-01, 1.183e+05, 0.000e+00, 5.311e-04, 0.000e+00, 2.149e+00, 9.984e+02, 2.280e-07
7.150e-01, 5.000e-01, -9.850e-01, 1.182e+05, 0.000e+00, 5.080e-04, 0.000e+00, 2.147e+00, 9.984e+02, 2.181e-07
7.150e-01, 5.000e-01, -9.750e-01, 1.181e+05, 0.000e+00, 4.855e-04, 0.000e+00, 2.145e+00, 9.984e+02, 2.084e-07
7.150e-01, 5.000e-01, -9.650e-01, 1.180e+05, 0.000e+00, 4.621e-04, 0.000e+00, 2.143e+00, 9.983e+02, 1.984e-07
7.150e-01, 5.000e-01, -9.550e-01, 1.179e+05, 0.000e+00, 4.361e-04, 0.000e+00, 2.141e+00, 9.983e+02, 1.872e-07
7.150e-01, 5.000e-01, -9.450e-01, 1.178e+05, 0.000e+00, 4.089e-04, 0.000e+00, 2.140e+00, 9.983e+02, 1.755e-07
7.150e-01, 5.000e-01, -9.350e-01, 1.177e+05, 0.000e+00, 3.839e-04, 0.000e+00, 2.138e+00, 9.983e+02, 1.648e-07
7.150e-01, 5.000e-01, -9.250e-01, 1.176e+05, 0.000e+00, 3.633e-04, 0.000e+00, 2.136e+00, 9.983e+02, 1.560e-07
7.150e-01, 5.000e-01, -9.150e-01, 1.175e+05, 0.000e+00, 3.477e-04, 0.000e+00, 2.134e+00, 9.983e+02, 1.492e-07
7.150e-01, 5.000e-01, -9.050e-01, 1.174e+05, 0.000e+00, 3.363e-04, 0.000e+00, 2.132e+00, 9.983e+02, 1.443e-07
7.150e-01, 5.000e-01, -8.950e-01, 1.173e+05, 0.000e+00, 3.278e-04, 0.000e+00, 2.131e+00, 9.983e+02, 1.407e-07
7.150e-01, 5.000e-01, -8.850e-01, 1.172e+05, 0.000e+00, 3.212e-04, 0.000e+00, 2.129e+00, 9.983e+02, 1.379e-07
7.150e-01, 5.000e-01, -8.750e-01, 1.171e+05, 0.000e+00, 3.157e-04, 0.000e+00, 2.127e+00, 9.983e+02, 1.355e-07
7.150e-01, 5.000e-01, -8.650e-01, 1.170e+05, 0.000e+00, 3.110e-04, 0.000e+00, 2.125e+00, 9.983e+02, 1.335e-07
7.150e-01, 5.000e-01, -8.550e-01, 1.169e+05, 0.000e+00, 3.068e-04, 0.000e+00, 2.124e+00, 9.983e+02, 1.317e-07
7.150e-01, 5.000e-01, -8.450e-01, 1.168e+05, 0.000e+00, 3.031e-04, 0.000e+00, 2.122e+00, 9.983e+02, 1.301e-07
7.150e-01, 5.000e-01, -8.350e-01, 1.167e+05, 0.000e+00, 2.997e-04, 0.000e+00, 2.120e+00, 9.983e+02, 1.287e-07
7.150e-01, 5.000e-01, -8.250e-01, 1.166e+05, 0.000e+00, 2.968e-04, 0.000e+00, 2.118e+00, 9.983e+02, 1.274e-07
7.150e-01, 5.000e-01, -8.150e-01, 1.165e+05, 0.000e+00, 2.944e-04, 0.000e+00, 2.116e+00, 9.983e+02, 1.264e-07
7.150e-01, 5.000e-01, -8.050e-01, 1.164e+05, 0.000e+00, 2.923e-04, 0.000e+00, 2.115e+00, 9.983e+02, 1.255e-07
7.150e-01, 5.000e-01, -7.950e-01, 1.163e+05, 0.000e+00, 2.884e-04, 0.000e+00, 2.113e+00, 9.983e+02, 1.238e-07
7.150e-01, 5.000e-01, -7.850e-01, 1.162e+05, 0.000e+00, 2.788e-04, 0.000e+00, 2.111e+00, 9.983e+02, 1.197e-07
7.150e-01, 5.000e-01, -7.750e-01, 1.176e+05, 0.000e+00, 2.609e-04, 0.000e+00, 2.136e+00, 9.983e+02, 1.135e-07
7.150e-01, 5.000e-01, -7.650e-01, 1.175e+05, 0.000e+00, 2.326e-04, 0.000e+00, 2.135e+00, 9.983e+02, 1.022e-07
7.150e-01, 5.000e-01, -7.550e-01, 1.174e+05, 0.000e+00, 1.948e-04, 0.000e+00, 2.133e+00, 9.983e+02, 8.557e-08
7.150e-01, 5.000e-01, -7.450e-01, 1.173e+05, 0.000e+00, 1.493e-04, 0.000e+00, 2.131e+00, 9.983e+02, 6.558e-08
7.150e-01, 5.000e-01, -7.350e-01, 1.172e+05, 0.000e+00, 1.038e-04, 0.000e+00, 2.129e+00, 9.983e+02, 4.559e-08
7.150e-01, 5.000e-01, -7.250e-01, 1.171e+05, 0.000e+00, 6.561e-05, 0.000e+00, 2.127e+00, 9.983e+02, 2.882e-08
7.150e-01, 5.000e-01, -7.150e-01, 1.170e+05, 0.000e+00, 3.808e-05, 0.000e+00, 2.126e+00, 9.983e+02, 1.672e-08
7.150e-01, 5.000e-01, -7.050e-01, 1.169e+05, 0.000e+00, 2.076e-05, 0.000e+00, 2.124e+00, 9.983e+02, 9.119e-09
7.150e-01, 5.000e-01, -6.950e-01, 1.168e+05, 0.000e+00, 1.159e-05, 0.000e+00, 2.122e+00, 9.983e+02, 5.089e-09
7.150e-01, 5.000e-01, -6.850e-01, 1.167e+05, 0.000e+00, 8.706e-06, 0.000e+00, 2.120e+00, 9.983e+02, 3.824e-09
7.150e-01, 5.000e-01, -6.750e-01, 1.166e+05, 0.000e+00, 1.163e-05, 0.000e+00, 2.119e+00, 9.983e+02, 5.110e-09
7.150e-01, 5.000e-01, -6.650e-01, 1.165e+05, 0.000e+00, 2.162e-05, 0.000e+00, 2.117e+00, 9.983e+02, 9.494e-09
7.150e-01, 5.000e-01, -6.550e-01, 1.164e+05, 0.000e+00, 4.129e-05, 0.000e+00, 2.115e+00, 9.983e+02, 1.814e-08
7.150e-01, 5.000e-01, -6.450e-01, 1.163e+05, 0.000e+00, 7.326e-05, 0.000e+00, 2.113e+00, 9.983e+02, 3.218e-08
7.150e-01, 5.000e-01, -6.350e-01, 1.162e+05, 0.000e+00, 1.174e-04, 0.000e+00, 2.111e+00, 9.983e+02, 5.158e-08
7.150e-01, 5.000e-01, -6.250e-01, 1.161e+05, 0.000e+00, 1.679e-04, 0.000e+00, 2.110e+00, 9.983e+02, 7.376e-08
7.150e-01, 5.000e-01, -6.150e-01, 1.145e+05, 0.000e+00, 2.118e-04, 0.000e+00, 2.081e+00, 9.983e+02, 9.504e-08
7.150e-01, 5.000e-01, -6.050e-01, 1.144e+05, 0.000e+00, 2.543e-04, 0.000e+00, 2.079e+00, 9.983e+02, 1.142e-07
7.150e-01, 5.000e-01, -5.950e-01, 1.144e+05, 0.000e+00, 2.764e-04, 0.000e+00, 2.077e+00, 9.983e+02, 1.242e-07
7.150e-01, 5.000e-01, -5.850e-01, 1.143e+05, 0.000e+00, 2.834e-04, 0.000e+00, 2.075e+00, 9.983e+02, 1.273e-07
7.150e-01, 5.000e-01, -5.750e-01, 1.142e+05, 0.000e+00, 2.789e-04, 0.000e+00, 2.074e+00, 9.983e+02, 1.253e-07
7.150e-01, 5.000e-01, -5.650e-01, 1.141e+05, 0.000e+00, 2.658e-04, 0.000e+00, 2.072e+00, 9.983e+02, 1.194e-07
7.150e-01, 5.000e-01, -5.550e-01, 1.140e+05, 0.000e+00, 2.472e-04, 0.000e+00, 2.070e+00, 9.983e+02, 1.110e-07
7.150e-01, 5.000e-01, -5.450e-01, 1.139e+05, 0.000e+00, 2.262e-04, 0.000e+00, 2.068e+00, 9.983e+02, 1.016e-07
7.150e-01, 5.000e-01, -5.350e-01, 1.138e+05, 0.000e+00, 2.066e-04, 0.000e+00, 2.067e+00, 9.983e+02, 9.280e-08
7.150e-01, 5.000e-01, -5.250e-01, 1.137e+05, 0.000e+00, 1.915e-04, 0.000e+00, 2.065e+00, 9.983e+02, 8.604e-08
7.150e-01, 5.000e-01, -5.150e-01, 1.136e+05, 0.000e+00, 1.813e-04, 0.000e+00, 2.063e+00, 9.983e+02, 8.145e-08
7.150e-01, 5.000e-01, -5.050e-01, 1.135e+05, 0.000e+00, 1.725e-04, 0.000e+00, 2.061e+00, 9.983e+02, 7.749e-08
7.150e-01, 5.000e-01, -4.950e-01, 1.134e+05, 0.000e+00, 1.612e-04, 0.000e+00, 2.059e+00, 9.983e+02, 7.242e-08
7.150e-01, 5.000e-01, -4.850e-01, 1.133e+05, 0.000e+00, 1.509e-04, 0.000e+00, 2.059e+00, 9.983e+02, 6.643e-08
7.150e-01, 5.000e-01, -4.750e-01, 1.133e+05, 0.000e+00, 1.669e-04, 0.000e+00, 2.057e+00, 9.983e+02, 7.332e-08
7.150e-01, 5.000e-01, -4.650e-01, 1.132e+05, 0.000e+00, 2.042e-04, 0.000e+00, 2.055e+00, 9.983e+02, 8.969e-08
7.150e-01, 5.000e-01, -4.550e-01, 1.131e+05, 0.000e+00, 2.604e-04, 0.000e+00, 2.054e+00, 9.983e+02, 1.139e-07
7.150e-01, 5.000e-01, -4.450e-01, 1.129e+05, 0.000e+00, 2.846e-04, 0.000e+00, 2.050e+00, 9.983e+02, 1.222e-07
7.150e-01, 5.000e-01, -4.350e-01, 1.128e+05, 0.000e+00, 2.743e-04, 0.000e+00, 2.048e+00, 9.983e+02, 1.177e-07
7.150e-01, 5.000e-01, -4.250e-01, 1.127e+05, 0.000e+00, 2.555e-04, 0.000e+00, 2.047e+00, 9.983e+02, 1.097e-07
7.150e-01, 5.000e-01, -4.150e-01, 1.126e+05, 0.000e+00, 2.378e-04, 0.000e+00, 2.045e+00, 9.983e+02, 1.021e-07
7.150e-01, 5.000e-01, -4.050e-01, 1.125e+05, 0.000e+00, 2.257e-04, 0.000e+00, 2.043e+00, 9.983e+02, 9.690e-08
7.150e-01, 5.000e-01, -3.950e-01, 1.124e+05, 0.000e+00, 2.205e-04, 0.000e+00, 2.041e+00, 9.983e+02, 9.465e-08
7.150e-01, 5.000e-01, -3.850e-01, 1.123e+05, 0.000e+00, 2.240e-04, 0.000e+00, 2.039e+00, 9.983e+02, 9.614e-08
7.150e-01, 5.000e-01, -3.750e-01, 1.122e+05, 0.000e+00, 2.377e-04, 0.000e+00, 2.038e+00, 9.983e+02, 1.020e-07
7.150e-01, 5.000e-01, -3.650e-01, 1.121e+05, 0.000e+00, 2.637e-04, 0.000e+00, 2.036e+00, 9.983e+02, 1.132e-07
7.150e-01, 5.000e-01, -3.550e-01, 1.120e+05, 0.000e+00, 2.993e-04, 0.000e+00, 2.034e+00, 9.983e+02, 1.285e-07
7.150e-01, 5.000e-01, -3.450e-01, 1.119e+05, 0.000e+00, 3.409e-04, 0.000e+00, 2.032e+00, 9.983e+02, 1.489e-07
7.150e-01, 5.000e-01, -3.350e-01, 1.118e+05, 0.000e+00, 3.676e-04, 0.000e+00, 2.031e+00, 9.983e+02, 1.651e-07
7.150e-01, 5.000e-01, -3.250e-01, 1.117e+05, 0.000e+00, 3.658e-04, 0.000e+00, 2.029e+00, 9.983e+02, 1.644e-07
7.150e-01, 5.000e-01, -3.150e-01, 1.116e+05, 0.000e+00, 3.455e-04, 0.000e+00, 2.027e+00, 9.983e+02, 1.552e-07
7.150e-01, 5.000e-01, -3.050e-01, 1.115e+05, 0.000e+00, 3.178e-04, 0.000e+00, 2.025e+00, 9.983e+02, 1.428e-07
7.150e-01, 5.000e-01, -2.950e-01, 1.114e+05, 0.000e+00, 2.920e-04, 0.000e+00, 2.024e+00, 9.983e+02, 1.312e-07
7.150e-01, 5.000e-01, -2.850e-01, 1.113e+05, 0.000e+00, 2.738e-04, 0.000e+00, 2.022e+00, 9.983e+02, 1.230e-07
7.150e-01, 5.000e-01, -2.750e-01, 1.112e+05, 0.000e+00, 2.636e-04, 0.000e+00, 2.020e+00, 9.983e+02, 1.184e-07
7.150e-01, 5.000e-01, -2.650e-01, 1.111e+05, 0.000e+00, 2.617e-04, 0.000e+00, 2.018e+00, 9.983e+02, 1.176e-07
7.150e-01, 5.000e-01, -2.550e-01, 1.110e+05, 0.000e+00, 2.684e-04, 0.000e+00, 2.016e+00, 9.983e+02, 1.198e-07
7.150e-01, 5.000e-01, -2.450e-01, 1.110e+05, 0.000e+00, 2.736e-04, 0.000e+00, 2.016e+00, 9.983e+02, 1.202e-07
7.150e-01, 5.000e-01, -2.350e-01, 1.109e+05, 0.000e+00, 2.683e-04, 0.000e+00, 2.014e+00, 9.983e+02, 1.179e-07
7.150e-01, 5.000e-01, -2.250e-01, 1.108e+05, 0.000e+00, 2.619e-04, 0.000e+00, 2.012e+00, 9.983e+02, 1.151e-07
7.150e-01, 5.000e-01, -2.150e-01, 1.107e+05, 0.000e+00, 2.562e-04, 0.000e+00, 2.011e+00, 9.983e+02, 1.126e-07
7.150e-01, 5.000e-01, -2.050e-01, 1.106e+05, 0.000e+00, 2.516e-04, 0.000e+00, 2.009e+00, 9.983e+02, 1.105e-07
7.150e-01, 5.000e-01, -1.950e-01, 1.105e+05, 0.000e+00, 2.472e-04, 0.000e+00, 2.007e+00, 9.983e+02, 1.086e-07
7.150e-01, 5.000e-01, -1.850e-01, 1.106e+05, 0.000e+00, 2.404e-04, 0.000e+00, 2.009e+00, 9.983e+02, 1.042e-07
7.150e-01, 5.000e-01, -1.750e-01, 1.105e+05, 0.000e+00, 2.224e-04, 0.000e+00, 2.007e+00, 9.983e+02, 9.547e-08
7.150e-01, 5.000e-01, -1.650e-01, 1.104e+05, 0.000e+00, 1.965e-04, 0.000e+00, 2.005e+00, 9.983e+02, 8.434e-08
7.150e-01, 5.000e-01, -1.550e-01, 1.103e+05, 0.000e+00, 1.667e-04, 0.000e+00, 2.004e+00, 9.983e+02, 7.155e-08
7.150e-01, 5.000e-01, -1.450e-01, 1.102e+05, 0.000e+00, 1.353e-04, 0.000e+00, 2.002e+00, 9.983e+02, 5.807e-08
7.150e-01, 5.000e-01, -1.350e-01, 1.101e+05, 0.000e+00, 1.043e-04, 0.000e+00, 2.000e+00, 9.983e+02, 4.478e-08
7.150e-01, 5.000e-01, -1.250e-01, 1.100e+05, 0.000e+00, 7.543e-05, 0.000e+00, 1.998e+00, 9.983e+02, 3.238e-08
7.150e-01, 5.000e-01, -1.150e-01, 1.111e+05, 0.000e+00, 4.990e-05, 0.000e+00, 2.018e+00, 9.983e+02, 2.192e-08
7.150e-01, 5.000e-01, -1.050e-01, 1.110e+05, 0.000e+00, 3.026e-05, 0.000e+00, 2.017e+00, 9.983e+02, 1.329e-08
7.150e-01, 5.000e-01, -9.500e-02, 1.109e+05, 0.000e+00, 1.680e-05, 0.000e+00, 2.015e+00, 9.983e+02, 7.380e-09
7.150e-01, 5.000e-01, -8.500e-02, 1.108e+05, 0.000e+00, 8.613e-06, 0.000e+00, 2.013e+00, 9.983e+02, 3.783e-09
7.150e-01, 5.000e-01, -7.500e-02, 1.107e+05, 0.000e+00, 4.104e-06, 0.000e+00, 2.011e+00, 9.983e+02, 1.803e-09
7.150e-01, 5.000e-01, -6.500e-02, 1.106e+05, 0.000e+00, 1.827e-06, 0.000e+00, 2.009e+00, 9.983e+02, 8.027e-10
7.150e-01, 5.000e-01, -5.500e-02, 1.105e+05, 0.000e+00, 7.639e-07, 0.000e+00, 2.008e+00, 9.983e+02, 3.355e-10
7.150e-01, 5.000e-01, -4.500e-02, 1.104e+05, 0.000e+00, 3.009e-07, 0.000e+00, 2.006e+00, 9.983e+02, 1.322e-10
7.150e-01, 5.000e-01, -3.500e-02, 1.103e+05, 0.000e+00, 1.120e-07, 0.000e+00, 2.004e+00, 9.983e+02, 4.921e-11
7.150e-01, 5.000e-01, -2.500e-02, 1.102e+05, 0.000e+00, 3.965e-08, 0.000e+00, 2.002e+00, 9.983e+02, 1.742e-11
7.150e-01, 5.000e-01, -1.500e-02, 1.101e+05, 0.000e+00, 1.363e-08, 0.000e+00, 2.000e+00, 9.983e+02, 5.987e-12
7.150e-01, 5.000e-01, -5.000e-03, 1.100e+05, 0.000e+00, 5.230e-09, 0.000e+00, 1.999e+00, 9.983e+02, 2.297e-12
7.250e-01, 5.000e-01, -1.195e+00, 1.202e+05, 0.000e+00, 1.002e-13, 0.000e+00, 2.184e+00, 9.983e+02, 2.000e-17
7.250e-01, 5.000e-01, -1.185e+00, 1.201e+05, 0.000e+00, 1.002e-13, 0.000e+00, 2.182e+00, 9.983e+02, 2.000e-17
7.250e-01, 5.000e-01, -1.175e+00, 1.200e+05, 0.000e+00, 1.002e-13, 0.000e+00, 2.181e+00, 9.983e+02, 2.000e-17
7.250e-01, 5.000e-01, -1.165e+00, 1.199e+05, 0.000e+00, 1.002e-13, 0.000e+00, 2.179e+00, 9.983e+02, 2.000e-17
7.250e-01, 5.000e-01, -1.155e+00, 1.198e+05, 0.000e+00, 1.002e-13, 0.000e+00, 2.177e+00, 9.983e+02, 2.000e-17
7.250e-01, 5.000e-01, -1.145e+00, 1.197e+05, 0.000e+00, 8.298e-12, 0.000e+00, 2.175e+00, 9.983e+02, 1.657e-15
7.250e-01, 5.000e-01, -1.135e+00, 1.196e+05, 0.000e+00, 1.360e-03, 0.000e+00, 2.174e+00, 9.985e+02, 4.552e-07
7.250e-01, 5.000e-01, -1.125e+00, 1.195e+05, 0.000e+00, 1.372e-03, 0.000e+00, 2.172e+00, 9.985e+02, 5.890e-07
7.250e-01, 5.000e-01, -1.115e+00, 1.194e+05, 0.000e+00, 1.318e-03, 0.000e+00, 2.170e+00, 9.985e+02, 5.661e-07
7.250e-01, 5.000e-01, -1.105e+00, 1.193e+05, 0.000e+00, 1.235e-03, 0.000e+00, 2.168e+00, 9.985e+02, 5.300e-07
7.250e-01, 5.000e-01, -1.095e+00, 1.192e+05, 0.000e+00, 1.134e-03, 0.000e+00, 2.167e+00, 9.985e+02, 4.869e-07
7.250e-01, 5.000e-01, -1.085e+00, 1.191e+05, 0.000e+00, 1.024e-03, 0.000e+00, 2.165e+00, 9.985e+02, 4.398e-07
7.250e-01, 5.000e-01, -1.075e+00, 1.190e+05, 0.000e+00, 9.158e-04, 0.000e+00, 2.163e+00, 9.984e+02, 3.932e-07
7.250e-01, 5.000e-01, -1.065e+00, 1.189e+05, 0.000e+00, 8.190e-04, 0.000e+00, 2.161e+00, 9.984e+02, 3.516e-07
7.250e-01, 5.000e-01, -1.055e+00, 1.188e+05, 0.000e+00, 7.406e-04, 0.000e+00, 2.159e+00, 9.984e+02, 3.179e-07
7.250e-01, 5.000e-01, -1.045e+00, 1.187e+05, 0.000e+00, 6.817e-04, 0.000e+00, 2.158e+00, 9.984e+02, 2.926e-07
7.250e-01, 5.000e-01, -1.035e+00, 1.186e+05, 0.000e+00, 6.393e-04, 0.000e+00, 2.156e+00, 9.984e+02, 2.744e-07
7.250e-01, 5.000e-01, -1.025e+00, 1.185e+05, 0.000e+00, 6.080e-04, 0.000e+00, 2.154e+00, 9.984e+02, 2.610e-07
7.250e-01, 5.000e-01, -1.015e+00, 1.185e+05, 0.000e+00, 5.825e-04, 0.000e+00, 2.152e+00, 9.984e+02, 2.501e-07
7.250e-01, 5.000e-01, -1.005e+00, 1.184e+05, 0.000e+00, 5.590e-04, 0.000e+00, 2.150e+00, 9.984e+02, 2.400e-07
7.250e-01, 5.000e-01, -9.950e-01, 1.183e+05, 0.000e+00, 5.359e-04, 0.000e+00, 2.149e+00, 9.984e+02, 2.301e-07
7.250e-01, 5.000e-01, -9.850e-01, 1.182e+05, 0.000e+00, 5.134e-04, 0.000e+00, 2.147e+00, 9.984e+02, 2.204e-07
7.250e-01, 5.000e-01, -9.750e-01, 1.181e+05, 0.000e+00, 4.915e-04, 0.000e+00, 2.145e+00, 9.984e+02, 2.110e-07
7.250e-01, 5.000e-01, -9.650e-01, 1.180e+05, 0.000e+00, 4.694e-04, 0.000e+00, 2.143e+00, 9.983e+02, 2.015e-07
7.250e-01, 5.000e-01, -9.550e-01, 1.179e+05, 0.000e+00, 4.451e-04, 0.000e+00, 2.141e+00, 9.983e+02, 1.911e-07
7.250e-01, 5.000e-01, -9.450e-01, 1.178e+05, 0.000e+00, 4.187e-04, 0.000e+00, 2.140e+00, 9.983e+02, 1.798e-07
7.250e-01, 5.000e-01, -9.350e-01, 1.177e+05, 0.000e+00, 3.933e-04, 0.000e+00, 2.138e+00, 9.983e+02, 1.688e-07
7.250e-01, 5.000e-01, -9.250e-01, 1.176e+05, 0.000e+00, 3.713e-04, 0.000e+00, 2.136e+00, 9.983e+02, 1.594e-07
7.250e-01, 5.000e-01, -9.150e-01, 1.175e+05, 0.000e+00, 3.538e-04, 0.000e+00, 2.134e+00, 9.983e+02, 1.519e-07
7.250e-01, 5.000e-01, -9.050e-01, 1.174e+05, 0.000e+00, 3.409e-04, 0.000e+00, 2.132e+00, 9.983e+02, 1.463e-07
7.250e-01, 5.000e-01, -8.950e-01, 1.173e+05, 0.000e+00, 3.315e-04, 0.000e+00, 2.131e+00, 9.983e+02, 1.423e-07
7.250e-01, 5.000e-01, -8.850e-01, 1.172e+05, 0.000e+00, 3.245e-04, 0.000e+00, 2.129e+00, 9.983e+02, 1.393e-07
7.250e-01, 5.000e-01, -8.750e-01, 1.171e+05, 0.000e+00, 3.188e-04, 0.000e+00, 2.127e+00, 9.983e+02, 1.369e-07
7.250e-01, 5.000e-01, -8.650e-01, 1.170e+05, 0.000e+00, 3.140e-04, 0.000e+00, 2.125e+00, 9.983e+02, 1.348e-07
7.250e-01, 5.000e-01, -8.550e-01, 1.169e+05, 0.000e+00, 3.096e-04, 0.000e+00, 2.124e+00, 9.983e+02, 1.329e-07
7.250e-01, 5.000e-01, -8.450e-01, 1.168e+05, 0.000e+00, 3.057e-04, 0.000e+00, 2.122e+00, 9.983e+02, 1.312e-07
7.250e-01, 5.000e-01, -8.350e-01, 1.167e+05, 0.000e+00, 3.022e-04, 0.000e+00, 2.120e+00, 9.983e+02, 1.297e-07
7.250e-01, 5.000e-01, -8.250e-01, 1.166e+05, 0.000e+00, 2.993e-04, 0.000e+00, 2.118e+00, 9.983e+02, 1.285e-07
7.250e-01, 5.000e-01, -8.150e-01, 1.165e+05, 0.000e+00, 2.970e-04, 0.000e+00, 2.116e+00, 9.983e+02, 1.275e-07
7.250e-01, 5.000e-01, -8.050e-01, 1.164e+05, 0.000e+00, 2.948e-04, 0.000e+00, 2.115e+00, 9.983e+02, 1.266e-07
7.250e-01, 5.000e-01, -7.950e-01, 1.163e+05, 0.000e+00, 2.905e-04, 0.000e+00, 2.113e+00, 9.983e+02, 1.247e-07
7.250e-01, 5.000e-01, -7.850e-01, 1.162e+05, 0.000e+00, 2.806e-04, 0.000e+00, 2.111e+00, 9.983e+02, 1.204e-07
7.250e-01, 5.000e-01, -7.750e-01, 1.161e+05, 0.000e+00, 2.655e-04, 0.000e+00, 2.109e+00, 9.983e+02, 1.153e-07
7.250e-01, 5.000e-01, -7.650e-01, 1.175e+05, 0.000e+00, 2.400e-04, 0.000e+00, 2.135e+00, 9.983e+02, 1.054e-07
7.250e-01, 5.000e-01, -7.550e-01, 1.174e+05, 0.000e+00, 2.033e-04, 0.000e+00, 2.133e+00, 9.983e+02, 8.932e-08
7.250e-01, 5.000e-01, -7.450e-01, 1.173e+05, 0.000e+00, 1.569e-04, 0.000e+00, 2.131e+00, 9.983e+02, 6.894e-08
7.250e-01, 5.000e-01, -7.350e-01, 1.172e+05, 0.000e+00, 1.095e-04, 0.000e+00, 2.129e+00, 9.983e+02, 4.810e-08
7.250e-01, 5.000e-01, -7.250e-01, 1.171e+05, 0.000e+00, 6.932e-05, 0.000e+00, 2.127e+00, 9.983e+02, 3.045e-08
7.250e-01, 5.000e-01, -7.150e-01, 1.170e+05, 0.000e+00, 4.018e-05, 0.000e+00, 2.126e+00, 9.983e+02, 1.765e-08
7.250e-01, 5.000e-01, -7.050e-01, 1.169e+05, 0.000e+00, 2.174e-05, 0.000e+00, 2.124e+00, 9.983e+02, 9.550e-09
7.250e-01, 5.000e-01, -6.950e-01, 1.168e+05, 0.000e+00, 1.171e-05, 0.000e+00, 2.122e+00, 9.983e+02, 5.144e-09
7.250e-01, 5.000e-01, -6.850e-01, 1.167e+05, 0.000e+00, 7.902e-06, 0.000e+00, 2.120e+00, 9.983e+02, 3.471e-09
7.250e-01, 5.000e-01, -6.750e-01, 1.166e+05, 0.000e+00, 9.376e-06, 0.000e+00, 2.119e+00, 9.983e+02, 4.118e-09
7.250e-01, 5.000e-01, -6.650e-01, 1.165e+05, 0.000e+00, 1.684e-05, 0.000e+00, 2.117e+00, 9.983e+02, 7.395e-09
7.250e-01, 5.000e-01, -6.550e-01, 1.164e+05, 0.000e+00, 3.238e-05, 0.000e+00, 2.115e+00, 9.983e+02, 1.422e-08
7.250e-01, 5.000e-01, -6.450e-01, 1.163e+05, 0.000e+00, 5.852e-05, 0.000e+00, 2.113e+00, 9.983e+02, 2.570e-08
7.250e-01, 5.000e-01, -6.350e-01, 1.162e+05, 0.000e+00, 9.648e-05, 0.000e+00, 2.111e+00, 9.983e+02, 4.238e-08
7.250e-01, 5.000e-01, -6.250e-01, 1.161e+05, 0.000e+00, 1.455e-04, 0.000e+00, 2.110e+00, 9.983e+02, 6.393e-08
7.250e-01, 5.000e-01, -6.150e-01, 1.145e+05, 0.000e+00, 2.052e-04, 0.000e+00, 2.081e+00, 9.983e+02, 9.186e-08
7.250e-01, 5.000e-01, -6.050e-01, 1.144e+05, 0.000e+00, 2.736e-04, 0.000e+00, 2.079e+00, 9.983e+02, 1.229e-07
7.250e-01, 5.000e-01, -5.950e-01, 1.144e+05, 0.000e+00, 2.999e-04, 0.000e+00, 2.077e+00, 9.983e+02, 1.347e-07
7.250e-01, 5.000e-01, -5.850e-01, 1.143e+05, 0.000e+00, 3.023e-04, 0.000e+00, 2.075e+00, 9.983e+02, 1.358e-07
7.250e-01, 5.000e-01, -5.750e-01, 1.142e+05, 0.000e+00, 2.912e-04, 0.000e+00, 2.074e+00, 9.983e+02, 1.308e-07
7.250e-01, 5.000e-01, -5.650e-01, 1.141e+05, 0.000e+00, 2.729e-04, 0.000e+00, 2.072e+00, 9.983e+02, 1.226e-07
7.250e-01, 5.000e-01, -5.550e-01, 1.140e+05, 0.000e+00, 2.510e-04, 0.000e+00, 2.070e+00, 9.983e+02, 1.128e-07
7.250e-01, 5.000e-01, -5.450e-01, 1.139e+05, 0.000e+00, 2.294e-04, 0.000e+00, 2.068e+00, 9.983e+02, 1.031e-07
7.250e-01, 5.000e-01, -5.350e-01, 1.138e+05, 0.000e+00, 2.128e-04, 0.000e+00, 2.067e+00, 9.983e+02, 9.558e-08
7.250e-01, 5.000e-01, -5.250e-01, 1.137e+05, 0.000e+00, 2.045e-04, 0.000e+00, 2.065e+00, 9.983e+02, 9.189e-08
7.250e-01, 5.000e-01, -5.150e-01, 1.136e+05, 0.000e+00, 2.033e-04, 0.000e+00, 2.063e+00, 9.983e+02, 9.132e-08
7.250e-01, 5.000e-01, -5.050e-01, 1.135e+05, 0.000e+00, 2.025e-04, 0.000e+00, 2.061e+00, 9.983e+02, 9.099e-08
7.250e-01, 5.000e-01, -4.950e-01, 1.134e+05, 0.000e+00, 1.968e-04, 0.000e+00, 2.059e+00, 9.983e+02, 8.842e-08
7.250e-01, 5.000e-01, -4.850e-01, 1.133e+05, 0.000e+00, 1.980e-04, 0.000e+00, 2.059e+00, 9.983e+02, 8.727e-08
7.250e-01, 5.000e-01, -4.750e-01, 1.133e+05, 0.000e+00, 2.450e-04, 0.000e+00, 2.057e+00, 9.983e+02, 1.076e-07
7.250e-01, 5.000e-01, -4.650e-01, 1.132e+05, 0.000e+00, 2.863e-04, 0.000e+00, 2.055e+00, 9.983e+02, 1.258e-07
7.250e-01, 5.000e-01, -4.550e-01, 1.131e+05, 0.000e+00, 3.066e-04, 0.000e+00, 2.054e+00, 9.983e+02, 1.340e-07
7.250e-01, 5.000e-01, -4.450e-01, 1.129e+05, 0.000e+00, 3.048e-04, 0.000e+00, 2.050e+00, 9.983e+02, 1.309e-07
7.250e-01, 5.000e-01, -4.350e-01, 1.128e+05, 0.000e+00, 2.908e-04, 0.000e+00, 2.048e+00, 9.983e+02, 1.248e-07
7.250e-01, 5.000e-01, -4.250e-01, 1.127e+05, 0.000e+00, 2.765e-04, 0.000e+00, 2.047e+00, 9.983e+02, 1.187e-07
7.250e-01, 5.000e-01, -4.150e-01, 1.126e+05, 0.000e+00, 2.649e-04, 0.000e+00, 2.045e+00, 9.983e+02, 1.137e-07
7.250e-01, 5.000e-01, -4.050e-01, 1.125e+05, 0.000e+00, 2.587e-04, 0.000e+00, 2.043e+00, 9.983e+02, 1.111e-07
7.250e-01, 5.000e-01, -3.950e-01, 1.124e+05, 0.000e+00, 2.595e-04, 0.000e+00, 2.041e+00, 9.983e+02, 1.114e-07
7.250e-01, 5.000e-01, -3.850e-01, 1.123e+05, 0.000e+00, 2.677e-04, 0.000e+00, 2.039e+00, 9.983e+02, 1.149e-07
7.250e-01, 5.000e-01, -3.750e-01, 1.122e+05, 0.000e+00, 2.831e-04, 0.000e+00, 2.038e+00, 9.983e+02, 1.215e-07
7.250e-01, 5.000e-01, -3.650e-01, 1.121e+05, 0.000e+00, 3.049e-04, 0.000e+00, 2.036e+00, 9.983e+02, 1.309e-07
7.250e-01, 5.000e-01, -3.550e-01, 1.120e+05, 0.000e+00, 3.301e-04, 0.000e+00, 2.034e+00, 9.983e+02, 1.417e-07
7.250e-01, 5.000e-01, -3.450e-01, 1.119e+05, 0.000e+00, 3.529e-04, 0.000e+00, 2.032e+00, 9.983e+02, 1.545e-07
7.250e-01, 5.000e-01, -3.350e-01, 1.118e+05, 0.000e+00, 3.568e-04, 0.000e+00, 2.031e+00, 9.983e+02, 1.603e-07
7.250e-01, 5.000e-01, -3.250e-01, 1.117e+05, 0.000e+00, 3.400e-04, 0.000e+00, 2.029e+00, 9.983e+02, 1.527e-07
7.250e-01, 5.000e-01, -3.150e-01, 1.116e+05, 0.000e+00, 3.110e-04, 0.000e+00, 2.027e+00, 9.983e+02, 1.397e-07
7.250e-01, 5.000e-01, -3.050e-01, 1.115e+05, 0.000e+00, 2.780e-04, 0.000e+00, 2.025e+00, 9.983e+02, 1.249e-07
7.250e-01, 5.000e-01, -2.950e-01, 1.114e+05, 0.000e+00, 2.530e-04, 0.000e+00, 2.024e+00, 9.983e+02, 1.137e-07
7.250e-01, 5.000e-01, -2.850e-01, 1.113e+05, 0.000e+00, 2.352e-04, 0.000e+00, 2.022e+00, 9.983e+02, 1.056e-07
7.250e-01, 5.000e-01, -2.750e-01, 1.112e+05, 0.000e+00, 2.251e-04, 0.000e+00, 2.020e+00, 9.983e+02, 1.011e-07
7.250e-01, 5.000e-01, -2.650e-01, 1.111e+05, 0.000e+00, 2.246e-04, 0.000e+00, 2.018e+00, 9.983e+02, 1.009e-07
7.250e-01, 5.000e-01, -2.550e-01, 1.110e+05, 0.000e+00, 2.354e-04, 0.000e+00, 2.016e+00, 9.983e+02, 1.050e-07
7.250e-01, 5.000e-01, -2.450e-01, 1.110e+05, 0.000e+00, 2.443e-04, 0.000e+00, 2.016e+00, 9.983e+02, 1.073e-07
7.250e-01, 5.000e-01, -2.350e-01, 1.109e+05, 0.000e+00, 2.400e-04, 0.000e+00, 2.014e+00, 9.983e+02, 1.054e-07
7.250e-01, 5.000e-01, -2.250e-01, 1.108e+05, 0.000e+00, 2.342e-04, 0.000e+00, 2.012e+00, 9.983e+02, 1.029e-07
7.250e-01, 5.000e-01, -2.150e-01, 1.107e+05, 0.000e+00, 2.301e-04, 0.000e+00, 2.011e+00, 9.983e+02, 1.011e-07
7.250e-01, 5.000e-01, -2.050e-01, 1.106e+05, 0.000e+00, 2.289e-04, 0.000e+00, 2.009e+00, 9.983e+02, 1.005e-07
7.250e-01, 5.000e-01, -1.950e-01, 1.105e+05, 0.000e+00, 2.305e-04, 0.000e+00, 2.007e+00, 9.983e+02, 1.012e-07
7.250e-01, 5.000e-01, -1.850e-01, 1.106e+05, 0.000e+00, 2.321e-04, 0.000e+00, 2.009e+00, 9.983e+02, 1.006e-07
7.250e-01, 5.000e-01, -1.750e-01, 1.105e+05, 0.000e+00, 2.193e-04, 0.000e+00, 2.007e+00, 9.983e+02, 9.413e-08
7.250e-01, 5.000e-01, -1.650e-01, 1.104e+05, 0.000e+00, 1.956e-04, 0.000e+00, 2.005e+00, 9.983e+02, 8.396e-08
7.250e-01, 5.000e-01, -1.550e-01, 1.103e+05, 0.000e+00, 1.667e-04, 0.000e+00, 2.004e+00, 9.983e+02, 7.155e-08
7.250e-01, 5.000e-01, -1.450e-01, 1.102e+05, 0.000e+00, 1.356e-04, 0.000e+00, 2.002e+00, 9.983e+02, 5.820e-08
7.250e-01, 5.000e-01, -1.350e-01, 1.101e+05, 0.000e+00, 1.045e-04, 0.000e+00, 2.000e+00, 9.983e+02, 4.485e-08
7.250e-01, 5.000e-01, -1.250e-01, 1.100e+05, 0.000e+00, 7.527e-05, 0.000e+00, 1.998e+00, 9.983e+02, 3.231e-08
7.250e-01, 5.000e-01, -1.150e-01, 1.111e+05, 0.000e+00, 4.940e-05, 0.000e+00, 2.018e+00, 9.983e+02, 2.169e-08
7.250e-01, 5.000e-01, -1.050e-01, 1.110e+05, 0.000e+00, 2.996e-05, 0.000e+00, 2.017e+00, 9.983e+02, 1.316e-08
7.250e-01, 5.000e-01, -9.500e-02, 1.109e+05, 0.000e+00, 1.669e-05, 0.000e+00, 2.015e+00, 9.983e+02, 7.332e-09
7.250e-01, 5.000e-01, -8.500e-02, 1.108e+05, 0.000e+00, 8.594e-06, 0.000e+00, 2.013e+00, 9.983e+02, 3.775e-09
7.250e-01, 5.000e-01, -7.500e-02, 1.107e+05, 0.000e+00, 4.112e-06, 0.000e+00, 2.011e+00, 9.983e+02, 1.806e-09
7.250e-01, 5.000e-01, -6.500e-02, 1.106e+05, 0.000e+00, 1.839e-06, 0.000e+00, 2.009e+00, 9.983e+02, 8.076e-10
7.250e-01, 5.000e-01, -5.500e-02, 1.105e+05, 0.000e+00, 7.714e-07, 0.000e+00, 2.008e+00, 9.983e+02, 3.388e-10
7.250e-01, 5.000e-01, -4.500e-02, 1.104e+05, 0.000e+00, 3.049e-07, 0.000e+00, 2.006e+00, 9.983e+02, 1.339e-10
7.250e-01, 5.000e-01, -3.500e-02, 1.103e+05, 0.000e+00, 1.139e-07, 0.000e+00, 2.004e+00, 9.983e+02, 5.002e-11
7.250e-01, 5.000e-01, -2.500e-02, 1.102e+05, 0.000e+00, 4.042e-08, 0.000e+00, 2.002e+00, 9.983e+02, 1.775e-11
7.250e-01, 5.000e-01, -1.500e-02, 1.101e+05, 0.000e+00, 1.393e-08, 0.000e+00, 2.000e+00, 9.983e+02, 6.120e-12
7.250e-01, 5.000e-01, -5.000e-03, 1.100e+05, 0.000e+00, 5.365e-09, 0.000e+00, 1.999e+00, 9.983e+02, 2.357e-12
7.350e-01, 5.000e-01, -1.195e+00, 1.202e+05, 0.000e+00, 1.002e-13, 0.000e+00, 2.184e+00, 9.983e+02, 2.000e-17
7.350e-01, 5.000e-01, -1.185e+00, 1.201e+05, 0.000e+00, 1.002e-13, 0.000e+00, 2.182e+00, 9.983e+02, 2.000e-17
7.350e-01, 5.000e-01, -1.175e+00, 1.200e+05, 0.000e+00, 1.002e-13, 0.000e+00, 2.181e+00, 9.983e+02, 2.000e-17
7.350e-01, 5.000e-01, -1.165e+00, 1.199e+05, 0.000e+00, 1.002e-13, 0.000e+00, 2.179e+00, 9.983e+02, 2.000e-17
7.350e-01, 5.000e-01, -1.155e+00, 1.198e+05, 0.000e+00, 1.002e-13, 0.000e+00, 2.177e+00, 9.983e+02, 2.000e-17
7.350e-01, 5.000e-01, -1.145e+00, 1.197e+05, 0.000e+00, 7.031e-12, 0.000e+00, 2.175e+00, 9.983e+02, 1.404e-15
7.350e-01, 5.000e-01, -1.135e+00, 1.196e+05, 0.000e+00, 1.383e-03, 0.000e+00, 2.174e+00, 9.985e+02, 5.297e-07
7.350e-01, 5.000e-01, -1.125e+00, 1.195e+05, 0.000e+00, 1.384e-03, 0.000e+00, 2.172e+00, 9.985e+02, 5.943e-07
7.350e-01, 5.000e-01, -1.115e+00, 1.194e+05, 0.000e+00, 1.326e-03, 0.000e+00, 2.170e+00, 9.985e+02, 5.695e-07
7.350e-01, 5.000e-01, -1.105e+00, 1.193e+05, 0.000e+00, 1.237e-03, 0.000e+00, 2.168e+00, 9.985e+02, 5.311e-07
7.350e-01, 5.000e-01, -1.095e+00, 1.192e+05, 0.000e+00, 1.133e-03, 0.000e+00, 2.167e+00, 9.985e+02, 4.864e-07
7.350e-01, 5.000e-01, -1.085e+00, 1.191e+05, 0.000e+00, 1.022e-03, 0.000e+00, 2.165e+00, 9.985e+02, 4.387e-07
7.350e-01, 5.000e-01, -1.075e+00, 1.190e+05, 0.000e+00, 9.129e-04, 0.000e+00, 2.163e+00, 9.984e+02, 3.919e-07
7.350e-01, 5.000e-01, -1.065e+00, 1.189e+05, 0.000e+00, 8.162e-04, 0.000e+00, 2.161e+00, 9.984e+02, 3.504e-07
7.350e-01, 5.000e-01, -1.055e+00, 1.188e+05, 0.000e+00, 7.382e-04, 0.000e+00, 2.159e+00, 9.984e+02, 3.169e-07
7.350e-01, 5.000e-01, -1.045e+00, 1.187e+05, 0.000e+00, 6.801e-04, 0.000e+00, 2.158e+00, 9.984e+02, 2.920e-07
7.350e-01, 5.000e-01, -1.035e+00, 1.186e+05, 0.000e+00, 6.389e-04, 0.000e+00, 2.156e+00, 9.984e+02, 2.743e-07
7.350e-01, 5.000e-01, -1.025e+00, 1.185e+05, 0.000e+00, 6.091e-04, 0.000e+00, 2.154e+00, 9.984e+02, 2.615e-07
7.350e-01, 5.000e-01, -1.015e+00, 1.185e+05, 0.000e+00, 5.850e-04, 0.000e+00, 2.152e+00, 9.984e+02, 2.512e-07
7.350e-01, 5.000e-01, -1.005e+00, 1.184e+05, 0.000e+00, 5.628e-04, 0.000e+00, 2.150e+00, 9.984e+02, 2.416e-07
7.350e-01, 5.000e-01, -9.950e-01, 1.183e+05, 0.000e+00, 5.407e-04, 0.000e+00, 2.149e+00, 9.984e+02, 2.321e-07
7.350e-01, 5.000e-01, -9.850e-01, 1.182e+05, 0.000e+00, 5.187e-04, 0.000e+00, 2.147e+00, 9.984e+02, 2.227e-07
7.350e-01, 5.000e-01, -9.750e-01, 1.181e+05, 0.000e+00, 4.973e-04, 0.000e+00, 2.145e+00, 9.984e+02, 2.135e-07
7.350e-01, 5.000e-01, -9.650e-01, 1.180e+05, 0.000e+00, 4.762e-04, 0.000e+00, 2.143e+00, 9.983e+02, 2.044e-07
7.350e-01, 5.000e-01, -9.550e-01, 1.179e+05, 0.000e+00, 4.534e-04, 0.000e+00, 2.141e+00, 9.983e+02, 1.947e-07
7.350e-01, 5.000e-01, -9.450e-01, 1.178e+05, 0.000e+00, 4.283e-04, 0.000e+00, 2.140e+00, 9.983e+02, 1.838e-07
7.350e-01, 5.000e-01, -9.350e-01, 1.177e+05, 0.000e+00, 4.029e-04, 0.000e+00, 2.138e+00, 9.983e+02, 1.729e-07
7.350e-01, 5.000e-01, -9.250e-01, 1.176e+05, 0.000e+00, 3.798e-04, 0.000e+00, 2.136e+00, 9.983e+02, 1.630e-07
7.350e-01, 5.000e-01, -9.150e-01, 1.175e+05, 0.000e+00, 3.607e-04, 0.000e+00, 2.134e+00, 9.983e+02, 1.549e-07
7.350e-01, 5.000e-01, -9.050e-01, 1.174e+05, 0.000e+00, 3.461e-04, 0.000e+00, 2.132e+00, 9.983e+02, 1.486e-07
7.350e-01, 5.000e-01, -8.950e-01, 1.173e+05, 0.000e+00, 3.354e-04, 0.000e+00, 2.131e+00, 9.983e+02, 1.440e-07
7.350e-01, 5.000e-01, -8.850e-01, 1.172e+05, 0.000e+00, 3.276e-04, 0.000e+00, 2.129e+00, 9.983e+02, 1.406e-07
7.350e-01, 5.000e-01, -8.750e-01, 1.171e+05, 0.000e+00, 3.217e-04, 0.000e+00, 2.127e+00, 9.983e+02, 1.381e-07
7.350e-01, 5.000e-01, -8.650e-01, 1.170e+05, 0.000e+00, 3.168e-04, 0.000e+00, 2.125e+00, 9.983e+02, 1.360e-07
7.350e-01, 5.000e-01, -8.550e-01, 1.169e+05, 0.000e+00, 3.125e-04, 0.000e+00, 2.124e+00, 9.983e+02, 1.341e-07
7.350e-01, 5.000e-01, -8.450e-01, 1.168e+05, 0.000e+00, 3.086e-04, 0.000e+00, 2.122e+00, 9.983e+02, 1.325e-07
7.350e-01, 5.000e-01, -8.350e-01, 1.167e+05, 0.000e+00, 3.052e-04, 0.000e+00, 2.120e+00, 9.983e+02, 1.310e-07
7.350e-01, 5.000e-01, -8.250e-01, 1.166e+05, 0.000e+00, 3.023e-04, 0.000e+00, 2.118e+00, 9.983e+02, 1.298e-07
7.350e-01, 5.000e-01, -8.150e-01, 1.165e+05, 0.000e+00, 3.000e-04, 0.000e+00, 2.116e+00, 9.983e+02, 1.288e-07
7.350e-01, 5.000e-01, -8.050e-01, 1.164e+05, 0.000e+00, 2.975e-04, 0.000e+00, 2.115e+00, 9.983e+02, 1.277e-07
7.350e-01, 5.000e-01, -7.950e-01, 1.163e+05, 0.000e+00, 2.927e-04, 0.000e+00, 2.113e+00, 9.983e+02, 1.256e-07
7.350e-01, 5.000e-01, -7.850e-01, 1.162e+05, 0.000e+00, 2.824e-04, 0.000e+00, 2.111e+00, 9.983e+02, 1.212e-07
7.350e-01, 5.000e-01, -7.750e-01, 1.161e+05, 0.000e+00, 2.695e-04, 0.000e+00, 2.109e+00, 9.983e+02, 1.168e-07
7.350e-01, 5.000e-01, -7.650e-01, 1.175e+05, 0.000e+00, 2.466e-04, 0.000e+00, 2.135e+00, 9.983e+02, 1.083e-07
7.350e-01, 5.000e-01, -7.550e-01, 1.174e+05, 0.000e+00, 2.109e-04, 0.000e+00, 2.133e+00, 9.983e+02, 9.266e-08
7.350e-01, 5.000e-01, -7.450e-01, 1.173e+05, 0.000e+00, 1.638e-04, 0.000e+00, 2.131e+00, 9.983e+02, 7.194e-08
7.350e-01, 5.000e-01, -7.350e-01, 1.172e+05, 0.000e+00, 1.146e-04, 0.000e+00, 2.129e+00, 9.983e+02, 5.034e-08
7.350e-01, 5.000e-01, -7.250e-01, 1.171e+05, 0.000e+00, 7.256e-05, 0.000e+00, 2.127e+00, 9.983e+02, 3.187e-08
7.350e-01, 5.000e-01, -7.150e-01, 1.170e+05, 0.000e+00, 4.198e-05, 0.000e+00, 2.126e+00, 9.983e+02, 1.844e-08
7.350e-01, 5.000e-01, -7.050e-01, 1.169e+05, 0.000e+00, 2.256e-05, 0.000e+00, 2.124e+00, 9.983e+02, 9.909e-09
7.350e-01, 5.000e-01, -6.950e-01, 1.168e+05, 0.000e+00, 1.181e-05, 0.000e+00, 2.122e+00, 9.983e+02, 5.187e-09
7.350e-01, 5.000e-01, -6.850e-01, 1.167e+05, 0.000e+00, 7.224e-06, 0.000e+00, 2.120e+00, 9.983e+02, 3.173e-09
7.350e-01, 5.000e-01, -6.750e-01, 1.166e+05, 0.000e+00, 7.454e-06, 0.000e+00, 2.119e+00, 9.983e+02, 3.274e-09
7.350e-01, 5.000e-01, -6.650e-01, 1.165e+05, 0.000e+00, 1.270e-05, 0.000e+00, 2.117e+00, 9.983e+02, 5.579e-09
7.350e-01, 5.000e-01, -6.550e-01, 1.164e+05, 0.000e+00, 2.466e-05, 0.000e+00, 2.115e+00, 9.983e+02, 1.083e-08
7.350e-01, 5.000e-01, -6.450e-01, 1.163e+05, 0.000e+00, 4.615e-05, 0.000e+00, 2.113e+00, 9.983e+02, 2.027e-08
7.350e-01, 5.000e-01, -6.350e-01, 1.162e+05, 0.000e+00, 8.079e-05, 0.000e+00, 2.111e+00, 9.983e+02, 3.549e-08
7.350e-01, 5.000e-01, -6.250e-01, 1.161e+05, 0.000e+00, 1.338e-04, 0.000e+00, 2.110e+00, 9.983e+02, 5.878e-08
7.350e-01, 5.000e-01, -6.150e-01, 1.145e+05, 0.000e+00, 2.129e-04, 0.000e+00, 2.081e+00, 9.983e+02, 9.511e-08
7.350e-01, 5.000e-01, -6.050e-01, 1.144e+05, 0.000e+00, 2.924e-04, 0.000e+00, 2.079e+00, 9.983e+02, 1.313e-07
7.350e-01, 5.000e-01, -5.950e-01, 1.144e+05, 0.000e+00, 3.205e-04, 0.000e+00, 2.077e+00, 9.983e+02, 1.440e-07
7.350e-01, 5.000e-01, -5.850e-01, 1.143e+05, 0.000e+00, 3.178e-04, 0.000e+00, 2.075e+00, 9.983e+02, 1.428e-07
7.350e-01, 5.000e-01, -5.750e-01, 1.142e+05, 0.000e+00, 3.009e-04, 0.000e+00, 2.074e+00, 9.983e+02, 1.352e-07
7.350e-01, 5.000e-01, -5.650e-01, 1.141e+05, 0.000e+00, 2.783e-04, 0.000e+00, 2.072e+00, 9.983e+02, 1.250e-07
7.350e-01, 5.000e-01, -5.550e-01, 1.140e+05, 0.000e+00, 2.546e-04, 0.000e+00, 2.070e+00, 9.983e+02, 1.144e-07
7.350e-01, 5.000e-01, -5.450e-01, 1.139e+05, 0.000e+00, 2.345e-04, 0.000e+00, 2.068e+00, 9.983e+02, 1.053e-07
7.350e-01, 5.000e-01, -5.350e-01, 1.138e+05, 0.000e+00, 2.241e-04, 0.000e+00, 2.067e+00, 9.983e+02, 1.007e-07
7.350e-01, 5.000e-01, -5.250e-01, 1.137e+05, 0.000e+00, 2.268e-04, 0.000e+00, 2.065e+00, 9.983e+02, 1.019e-07
7.350e-01, 5.000e-01, -5.150e-01, 1.136e+05, 0.000e+00, 2.380e-04, 0.000e+00, 2.063e+00, 9.983e+02, 1.069e-07
7.350e-01, 5.000e-01, -5.050e-01, 1.135e+05, 0.000e+00, 2.487e-04, 0.000e+00, 2.061e+00, 9.983e+02, 1.117e-07
7.350e-01, 5.000e-01, -4.950e-01, 1.134e+05, 0.000e+00, 2.606e-04, 0.000e+00, 2.059e+00, 9.983e+02, 1.171e-07
7.350e-01, 5.000e-01, -4.850e-01, 1.133e+05, 0.000e+00, 2.888e-04, 0.000e+00, 2.059e+00, 9.983e+02, 1.274e-07
7.350e-01, 5.000e-01, -4.750e-01, 1.133e+05, 0.000e+00, 3.149e-04, 0.000e+00, 2.057e+00, 9.983e+02, 1.383e-07
7.350e-01, 5.000e-01, -4.650e-01, 1.132e+05, 0.000e+00, 3.304e-04, 0.000e+00, 2.055e+00, 9.983e+02, 1.451e-07
7.350e-01, 5.000e-01, -4.550e-01, 1.131e+05, 0.000e+00, 3.308e-04, 0.000e+00, 2.054e+00, 9.983e+02, 1.446e-07
7.350e-01, 5.000e-01, -4.450e-01, 1.129e+05, 0.000e+00, 3.216e-04, 0.000e+00, 2.050e+00, 9.983e+02, 1.380e-07
7.350e-01, 5.000e-01, -4.350e-01, 1.128e+05, 0.000e+00, 3.108e-04, 0.000e+00, 2.048e+00, 9.983e+02, 1.334e-07
7.350e-01, 5.000e-01, -4.250e-01, 1.127e+05, 0.000e+00, 3.014e-04, 0.000e+00, 2.047e+00, 9.983e+02, 1.294e-07
7.350e-01, 5.000e-01, -4.150e-01, 1.126e+05, 0.000e+00, 2.952e-04, 0.000e+00, 2.045e+00, 9.983e+02, 1.267e-07
7.350e-01, 5.000e-01, -4.050e-01, 1.125e+05, 0.000e+00, 2.934e-04, 0.000e+00, 2.043e+00, 9.983e+02, 1.259e-07
7.350e-01, 5.000e-01, -3.950e-01, 1.124e+05, 0.000e+00, 2.964e-04, 0.000e+00, 2.041e+00, 9.983e+02, 1.273e-07
7.350e-01, 5.000e-01, -3.850e-01, 1.123e+05, 0.000e+00, 3.043e-04, 0.000e+00, 2.039e+00, 9.983e+02, 1.306e-07
7.350e-01, 5.000e-01, -3.750e-01, 1.122e+05, 0.000e+00, 3.158e-04, 0.000e+00, 2.038e+00, 9.983e+02, 1.356e-07
7.350e-01, 5.000e-01, -3.650e-01, 1.121e+05, 0.000e+00, 3.293e-04, 0.000e+00, 2.036e+00, 9.983e+02, 1.413e-07
7.350e-01, 5.000e-01, -3.550e-01, 1.120e+05, 0.000e+00, 3.409e-04, 0.000e+00, 2.034e+00, 9.983e+02, 1.463e-07
7.350e-01, 5.000e-01, -3.450e-01, 1.119e+05, 0.000e+00, 3.441e-04, 0.000e+00, 2.032e+00, 9.983e+02, 1.508e-07
7.350e-01, 5.000e-01, -3.350e-01, 1.118e+05, 0.000e+00, 3.294e-04, 0.000e+00, 2.031e+00, 9.983e+02, 1.480e-07
7.350e-01, 5.000e-01, -3.250e-01, 1.117e+05, 0.000e+00, 3.023e-04, 0.000e+00, 2.029e+00, 9.983e+02, 1.358e-07
7.350e-01, 5.000e-01, -3.150e-01, 1.116e+05, 0.000e+00, 2.677e-04, 0.000e+00, 2.027e+00, 9.983e+02, 1.203e-07
7.350e-01, 5.000e-01, -3.050e-01, 1.115e+05, 0.000e+00, 2.382e-04, 0.000e+00, 2.025e+00, 9.983e+02, 1.070e-07
7.350e-01, 5.000e-01, -2.950e-01, 1.114e+05, 0.000e+00, 2.159e-04, 0.000e+00, 2.024e+00, 9.983e+02, 9.697e-08
7.350e-01, 5.000e-01, -2.850e-01, 1.113e+05, 0.000e+00, 1.986e-04, 0.000e+00, 2.022e+00, 9.983e+02, 8.920e-08
7.350e-01, 5.000e-01, -2.750e-01, 1.112e+05, 0.000e+00, 1.880e-04, 0.000e+00, 2.020e+00, 9.983e+02, 8.445e-08
7.350e-01, 5.000e-01, -2.650e-01, 1.111e+05, 0.000e+00, 1.877e-04, 0.000e+00, 2.018e+00, 9.983e+02, 8.431e-08
7.350e-01, 5.000e-01, -2.550e-01, 1.110e+05, 0.000e+00, 2.014e-04, 0.000e+00, 2.016e+00, 9.983e+02, 8.981e-08
7.350e-01, 5.000e-01, -2.450e-01, 1.110e+05, 0.000e+00, 2.136e-04, 0.000e+00, 2.016e+00, 9.983e+02, 9.384e-08
7.350e-01, 5.000e-01, -2.350e-01, 1.109e+05, 0.000e+00, 2.101e-04, 0.000e+00, 2.014e+00, 9.983e+02, 9.228e-08
7.350e-01, 5.000e-01, -2.250e-01, 1.108e+05, 0.000e+00, 2.042e-04, 0.000e+00, 2.012e+00, 9.983e+02, 8.971e-08
7.350e-01, 5.000e-01, -2.150e-01, 1.107e+05, 0.000e+00, 2.008e-04, 0.000e+00, 2.011e+00, 9.983e+02, 8.821e-08
7.350e-01, 5.000e-01, -2.050e-01, 1.106e+05, 0.000e+00, 2.023e-04, 0.000e+00, 2.009e+00, 9.983e+02, 8.888e-08
7.350e-01, 5.000e-01, -1.950e-01, 1.105e+05, 0.000e+00, 2.098e-04, 0.000e+00, 2.007e+00, 9.983e+02, 9.217e-08
7.350e-01, 5.000e-01, -1.850e-01, 1.106e+05, 0.000e+00, 2.210e-04, 0.000e+00, 2.009e+00, 9.983e+02, 9.588e-08
7.350e-01, 5.000e-01, -1.750e-01, 1.105e+05, 0.000e+00, 2.160e-04, 0.000e+00, 2.007e+00, 9.983e+02, 9.271e-08
7.350e-01, 5.000e-01, -1.650e-01, 1.104e+05, 0.000e+00, 1.961e-04, 0.000e+00, 2.005e+00, 9.983e+02, 8.416e-08
7.350e-01, 5.000e-01, -1.550e-01, 1.103e+05, 0.000e+00, 1.688e-04, 0.000e+00, 2.004e+00, 9.983e+02, 7.244e-08
7.350e-01, 5.000e-01, -1.450e-01, 1.102e+05, 0.000e+00, 1.380e-04, 0.000e+00, 2.002e+00, 9.983e+02, 5.922e-08
7.350e-01, 5.000e-01, -1.350e-01, 1.101e+05, 0.000e+00, 1.063e-04, 0.000e+00, 2.000e+00, 9.983e+02, 4.564e-08
7.350e-01, 5.000e-01, -1.250e-01, 1.100e+05, 0.000e+00, 7.612e-05, 0.000e+00, 1.998e+00, 9.983e+02, 3.268e-08
7.350e-01, 5.000e-01, -1.150e-01, 1.111e+05, 0.000e+00, 4.926e-05, 0.000e+00, 2.018e+00, 9.983e+02, 2.162e-08
7.350e-01, 5.000e-01, -1.050e-01, 1.110e+05, 0.000e+00, 2.974e-05, 0.000e+00, 2.017e+00, 9.983e+02, 1.306e-08
7.350e-01, 5.000e-01, -9.500e-02, 1.109e+05, 0.000e+00, 1.658e-05, 0.000e+00, 2.015e+00, 9.983e+02, 7.284e-09
7.350e-01, 5.000e-01, -8.500e-02, 1.108e+05, 0.000e+00, 8.564e-06, 0.000e+00, 2.013e+00, 9.983e+02, 3.762e-09
7.350e-01, 5.000e-01, -7.500e-02, 1.107e+05, 0.000e+00, 4.115e-06, 0.000e+00, 2.011e+00, 9.983e+02, 1.807e-09
7.350e-01, 5.000e-01, -6.500e-02, 1.106e+05, 0.000e+00, 1.848e-06, 0.000e+00, 2.009e+00, 9.983e+02, 8.116e-10
7.350e-01, 5.000e-01, -5.500e-02, 1.105e+05, 0.000e+00, 7.787e-07, 0.000e+00, 2.008e+00, 9.983e+02, 3.420e-10
7.350e-01, 5.000e-01, -4.500e-02, 1.104e+05, 0.000e+00, 3.091e-07, 0.000e+00, 2.006e+00, 9.983e+02, 1.358e-10
7.350e-01, 5.000e-01, -3.500e-02, 1.103e+05, 0.000e+00, 1.159e-07, 0.000e+00, 2.004e+00, 9.983e+02, 5.093e-11
7.350e-01, 5.000e-01, -2.500e-02, 1.102e+05, 0.000e+00, 4.132e-08, 0.000e+00, 2.002e+00, 9.983e+02, 1.815e-11
7.350e-01, 5.000e-01, -1.500e-02, 1.101e+05, 0.000e+00, 1.430e-08, 0.000e+00, 2.000e+00, 9.983e+02, 6.281e-12
7.350e-01, 5.000e-01, -5.000e-03, 1.100e+05, 0.000e+00, 5.532e-09, 0.000e+00, 1.999e+00, 9.983e+02, 2.430e-12
7.450e-01, 5.000e-01, -1.195e+00, 1.202e+05, 0.000e+00, 1.002e-13, 0.000e+00, 2.184e+00, 9.983e+02, 2.000e-17
7.450e-01, 5.000e-01, -1.185e+00, 1.201e+05, 0.000e+00, 1.002e-13, 0.000e+00, 2.182e+00, 9.983e+02, 2.000e-17
7.450e-01, 5.000e-01, -1.175e+00, 1.200e+05, 0.000e+00, 1.002e-13, 0.000e+00, 2.181e+00, 9.983e+02, 2.000e-17
7.450e-01, 5.000e-01, -1.165e+00, 1.199e+05, 0.000e+00, 1.002e-13, 0.000e+00, 2.179e+00, 9.983e+02, 2.000e-17
7.450e-01, 5.000e-01, -1.155e+00, 1.198e+05, 0.000e+00, 1.002e-13, 0.000e+00, 2.177e+00, 9.983e+02, 2.000e-17
7.450e-01, 5.000e-01, -1.145e+00, 1.197e+05, 0.000e+00, 8.008e-12, 0.000e+00, 2.175e+00, 9.983e+02, 1.678e-15
7.450e-01, 5.000e-01, -1.135e+00, 1.196e+05, 0.000e+00, 1.412e-03, 0.000e+00, 2.174e+00, 9.985e+02, 6.010e-07
7.450e-01, 5.000e-01, -1.125e+00, 1.195e+05, 0.000e+00, 1.395e-03, 0.000e+00, 2.172e+00, 9.985e+02, 5.991e-07
7.450e-01, 5.000e-01, -1.115e+00, 1.194e+05, 0.000e+00, 1.333e-03, 0.000e+00, 2.170e+00, 9.985e+02, 5.724e-07
7.450e-01, 5.000e-01, -1.105e+00, 1.193e+05, 0.000e+00, 1.239e-03, 0.000e+00, 2.168e+00, 9.985e+02, 5.321e-07
7.450e-01, 5.000e-01, -1.095e+00, 1.192e+05, 0.000e+00, 1.132e-03, 0.000e+00, 2.167e+00, 9.985e+02, 4.861e-07
7.450e-01, 5.000e-01, -1.085e+00, 1.191e+05, 0.000e+00, 1.019e-03, 0.000e+00, 2.165e+00, 9.985e+02, 4.377e-07
7.450e-01, 5.000e-01, -1.075e+00, 1.190e+05, 0.000e+00, 9.101e-04, 0.000e+00, 2.163e+00, 9.984e+02, 3.907e-07
7.450e-01, 5.000e-01, -1.065e+00, 1.189e+05, 0.000e+00, 8.134e-04, 0.000e+00, 2.161e+00, 9.984e+02, 3.492e-07
7.450e-01, 5.000e-01, -1.055e+00, 1.188e+05, 0.000e+00, 7.358e-04, 0.000e+00, 2.159e+00, 9.984e+02, 3.159e-07
7.450e-01, 5.000e-01, -1.045e+00, 1.187e+05, 0.000e+00, 6.786e-04, 0.000e+00, 2.158e+00, 9.984e+02, 2.913e-07
7.450e-01, 5.000e-01, -1.035e+00, 1.186e+05, 0.000e+00, 6.386e-04, 0.000e+00, 2.156e+00, 9.984e+02, 2.741e-07
7.450e-01, 5.000e-01, -1.025e+00, 1.185e+05, 0.000e+00, 6.101e-04, 0.000e+00, 2.154e+00, 9.984e+02, 2.619e-07
7.450e-01, 5.000e-01, -1.015e+00, 1.185e+05, 0.000e+00, 5.875e-04, 0.000e+00, 2.152e+00, 9.984e+02, 2.522e-07
7.450e-01, 5.000e-01, -1.005e+00, 1.184e+05, 0.000e+00, 5.666e-04, 0.000e+00, 2.150e+00, 9.984e+02, 2.432e-07
7.450e-01, 5.000e-01, -9.950e-01, 1.183e+05, 0.000e+00, 5.454e-04, 0.000e+00, 2.149e+00, 9.984e+02, 2.341e-07
7.450e-01, 5.000e-01, -9.850e-01, 1.182e+05, 0.000e+00, 5.240e-04, 0.000e+00, 2.147e+00, 9.984e+02, 2.249e-07
7.450e-01, 5.000e-01, -9.750e-01, 1.181e+05, 0.000e+00, 5.030e-04, 0.000e+00, 2.145e+00, 9.984e+02, 2.159e-07
7.450e-01, 5.000e-01, -9.650e-01, 1.180e+05, 0.000e+00, 4.825e-04, 0.000e+00, 2.143e+00, 9.984e+02, 2.071e-07
7.450e-01, 5.000e-01, -9.550e-01, 1.179e+05, 0.000e+00, 4.611e-04, 0.000e+00, 2.141e+00, 9.983e+02, 1.979e-07
7.450e-01, 5.000e-01, -9.450e-01, 1.178e+05, 0.000e+00, 4.374e-04, 0.000e+00, 2.140e+00, 9.983e+02, 1.878e-07
7.450e-01, 5.000e-01, -9.350e-01, 1.177e+05, 0.000e+00, 4.124e-04, 0.000e+00, 2.138e+00, 9.983e+02, 1.771e-07
7.450e-01, 5.000e-01, -9.250e-01, 1.176e+05, 0.000e+00, 3.888e-04, 0.000e+00, 2.136e+00, 9.983e+02, 1.669e-07
7.450e-01, 5.000e-01, -9.150e-01, 1.175e+05, 0.000e+00, 3.683e-04, 0.000e+00, 2.134e+00, 9.983e+02, 1.581e-07
7.450e-01, 5.000e-01, -9.050e-01, 1.174e+05, 0.000e+00, 3.520e-04, 0.000e+00, 2.132e+00, 9.983e+02, 1.511e-07
7.450e-01, 5.000e-01, -8.950e-01, 1.173e+05, 0.000e+00, 3.397e-04, 0.000e+00, 2.131e+00, 9.983e+02, 1.458e-07
7.450e-01, 5.000e-01, -8.850e-01, 1.172e+05, 0.000e+00, 3.308e-04, 0.000e+00, 2.129e+00, 9.983e+02, 1.420e-07
7.450e-01, 5.000e-01, -8.750e-01, 1.171e+05, 0.000e+00, 3.243e-04, 0.000e+00, 2.127e+00, 9.983e+02, 1.392e-07
7.450e-01, 5.000e-01, -8.650e-01, 1.170e+05, 0.000e+00, 3.192e-04, 0.000e+00, 2.125e+00, 9.983e+02, 1.370e-07
7.450e-01, 5.000e-01, -8.550e-01, 1.169e+05, 0.000e+00, 3.150e-04, 0.000e+00, 2.124e+00, 9.983e+02, 1.352e-07
7.450e-01, 5.000e-01, -8.450e-01, 1.168e+05, 0.000e+00, 3.112e-04, 0.000e+00, 2.122e+00, 9.983e+02, 1.336e-07
7.450e-01, 5.000e-01, -8.350e-01, 1.167e+05, 0.000e+00, 3.079e-04, 0.000e+00, 2.120e+00, 9.983e+02, 1.322e-07
7.450e-01, 5.000e-01, -8.250e-01, 1.166e+05, 0.000e+00, 3.052e-04, 0.000e+00, 2.118e+00, 9.983e+02, 1.310e-07
7.450e-01, 5.000e-01, -8.150e-01, 1.165e+05, 0.000e+00, 3.028e-04, 0.000e+00, 2.116e+00, 9.983e+02, 1.300e-07
7.450e-01, 5.000e-01, -8.050e-01, 1.164e+05, 0.000e+00, 3.000e-04, 0.000e+00, 2.115e+00, 9.983e+02, 1.288e-07
7.450e-01, 5.000e-01, -7.950e-01, 1.163e+05, 0.000e+00, 2.946e-04, 0.000e+00, 2.113e+00, 9.983e+02, 1.265e-07
7.450e-01, 5.000e-01, -7.850e-01, 1.162e+05, 0.000e+00, 2.842e-04, 0.000e+00, 2.111e+00, 9.983e+02, 1.220e-07
7.450e-01, 5.000e-01, -7.750e-01, 1.161e+05, 0.000e+00, 2.731e-04, 0.000e+00, 2.109e+00, 9.983e+02, 1.181e-07
7.450e-01, 5.000e-01, -7.650e-01, 1.175e+05, 0.000e+00, 2.523e-04, 0.000e+00, 2.135e+00, 9.983e+02, 1.108e-07
7.450e-01, 5.000e-01, -7.550e-01, 1.174e+05, 0.000e+00, 2.177e-04, 0.000e+00, 2.133e+00, 9.983e+02, 9.563e-08
7.450e-01, 5.000e-01, -7.450e-01, 1.173e+05, 0.000e+00, 1.701e-04, 0.000e+00, 2.131e+00, 9.983e+02, 7.470e-08
7.450e-01, 5.000e-01, -7.350e-01, 1.172e+05, 0.000e+00, 1.194e-04, 0.000e+00, 2.129e+00, 9.983e+02, 5.244e-08
7.450e-01, 5.000e-01, -7.250e-01, 1.171e+05, 0.000e+00, 7.568e-05, 0.000e+00, 2.127e+00, 9.983e+02, 3.324e-08
7.450e-01, 5.000e-01, -7.150e-01, 1.170e+05, 0.000e+00, 4.375e-05, 0.000e+00, 2.126e+00, 9.983e+02, 1.922e-08
7.450e-01, 5.000e-01, -7.050e-01, 1.169e+05, 0.000e+00, 2.339e-05, 0.000e+00, 2.124e+00, 9.983e+02, 1.027e-08
7.450e-01, 5.000e-01, -6.950e-01, 1.168e+05, 0.000e+00, 1.198e-05, 0.000e+00, 2.122e+00, 9.983e+02, 5.262e-09
7.450e-01, 5.000e-01, -6.850e-01, 1.167e+05, 0.000e+00, 6.730e-06, 0.000e+00, 2.120e+00, 9.983e+02, 2.956e-09
7.450e-01, 5.000e-01, -6.750e-01, 1.166e+05, 0.000e+00, 5.940e-06, 0.000e+00, 2.119e+00, 9.983e+02, 2.609e-09
7.450e-01, 5.000e-01, -6.650e-01, 1.165e+05, 0.000e+00, 9.433e-06, 0.000e+00, 2.117e+00, 9.983e+02, 4.143e-09
7.450e-01, 5.000e-01, -6.550e-01, 1.164e+05, 0.000e+00, 1.875e-05, 0.000e+00, 2.115e+00, 9.983e+02, 8.236e-09
7.450e-01, 5.000e-01, -6.450e-01, 1.163e+05, 0.000e+00, 3.747e-05, 0.000e+00, 2.113e+00, 9.983e+02, 1.646e-08
7.450e-01, 5.000e-01, -6.350e-01, 1.162e+05, 0.000e+00, 7.188e-05, 0.000e+00, 2.111e+00, 9.983e+02, 3.157e-08
7.450e-01, 5.000e-01, -6.250e-01, 1.161e+05, 0.000e+00, 1.311e-04, 0.000e+00, 2.110e+00, 9.983e+02, 5.758e-08
7.450e-01, 5.000e-01, -6.150e-01, 1.145e+05, 0.000e+00, 2.227e-04, 0.000e+00, 2.081e+00, 9.983e+02, 9.928e-08
7.450e-01, 5.000e-01, -6.050e-01, 1.144e+05, 0.000e+00, 3.063e-04, 0.000e+00, 2.079e+00, 9.983e+02, 1.376e-07
7.450e-01, 5.000e-01, -5.950e-01, 1.144e+05, 0.000e+00, 3.334e-04, 0.000e+00, 2.077e+00, 9.983e+02, 1.498e-07
7.450e-01, 5.000e-01, -5.850e-01, 1.143e+05, 0.000e+00, 3.275e-04, 0.000e+00, 2.075e+00, 9.983e+02, 1.471e-07
7.450e-01, 5.000e-01, -5.750e-01, 1.142e+05, 0.000e+00, 3.075e-04, 0.000e+00, 2.074e+00, 9.983e+02, 1.381e-07
7.450e-01, 5.000e-01, -5.650e-01, 1.141e+05, 0.000e+00, 2.829e-04, 0.000e+00, 2.072e+00, 9.983e+02, 1.271e-07
7.450e-01, 5.000e-01, -5.550e-01, 1.140e+05, 0.000e+00, 2.593e-04, 0.000e+00, 2.070e+00, 9.983e+02, 1.165e-07
7.450e-01, 5.000e-01, -5.450e-01, 1.139e+05, 0.000e+00, 2.438e-04, 0.000e+00, 2.068e+00, 9.983e+02, 1.095e-07
7.450e-01, 5.000e-01, -5.350e-01, 1.138e+05, 0.000e+00, 2.441e-04, 0.000e+00, 2.067e+00, 9.983e+02, 1.097e-07
7.450e-01, 5.000e-01, -5.250e-01, 1.137e+05, 0.000e+00, 2.605e-04, 0.000e+00, 2.065e+00, 9.983e+02, 1.170e-07
7.450e-01, 5.000e-01, -5.150e-01, 1.136e+05, 0.000e+00, 2.837e-04, 0.000e+00, 2.063e+00, 9.983e+02, 1.274e-07
7.450e-01, 5.000e-01, -5.050e-01, 1.135e+05, 0.000e+00, 3.049e-04, 0.000e+00, 2.061e+00, 9.983e+02, 1.370e-07
7.450e-01, 5.000e-01, -4.950e-01, 1.134e+05, 0.000e+00, 3.222e-04, 0.000e+00, 2.059e+00, 9.983e+02, 1.447e-07
7.450e-01, 5.000e-01, -4.850e-01, 1.133e+05, 0.000e+00, 3.366e-04, 0.000e+00, 2.059e+00, 9.983e+02, 1.489e-07
7.450e-01, 5.000e-01, -4.750e-01, 1.133e+05, 0.000e+00, 3.484e-04, 0.000e+00, 2.057e+00, 9.983e+02, 1.531e-07
7.450e-01, 5.000e-01, -4.650e-01, 1.132e+05, 0.000e+00, 3.515e-04, 0.000e+00, 2.055e+00, 9.983e+02, 1.544e-07
7.450e-01, 5.000e-01, -4.550e-01, 1.131e+05, 0.000e+00, 3.462e-04, 0.000e+00, 2.054e+00, 9.983e+02, 1.514e-07
7.450e-01, 5.000e-01, -4.450e-01, 1.129e+05, 0.000e+00, 3.370e-04, 0.000e+00, 2.050e+00, 9.983e+02, 1.447e-07
7.450e-01, 5.000e-01, -4.350e-01, 1.128e+05, 0.000e+00, 3.286e-04, 0.000e+00, 2.048e+00, 9.983e+02, 1.411e-07
7.450e-01, 5.000e-01, -4.250e-01, 1.127e+05, 0.000e+00, 3.227e-04, 0.000e+00, 2.047e+00, 9.983e+02, 1.385e-07
7.450e-01, 5.000e-01, -4.150e-01, 1.126e+05, 0.000e+00, 3.193e-04, 0.000e+00, 2.045e+00, 9.983e+02, 1.371e-07
7.450e-01, 5.000e-01, -4.050e-01, 1.125e+05, 0.000e+00, 3.188e-04, 0.000e+00, 2.043e+00, 9.983e+02, 1.369e-07
7.450e-01, 5.000e-01, -3.950e-01, 1.124e+05, 0.000e+00, 3.210e-04, 0.000e+00, 2.041e+00, 9.983e+02, 1.378e-07
7.450e-01, 5.000e-01, -3.850e-01, 1.123e+05, 0.000e+00, 3.253e-04, 0.000e+00, 2.039e+00, 9.983e+02, 1.397e-07
7.450e-01, 5.000e-01, -3.750e-01, 1.122e+05, 0.000e+00, 3.302e-04, 0.000e+00, 2.038e+00, 9.983e+02, 1.417e-07
7.450e-01, 5.000e-01, -3.650e-01, 1.121e+05, 0.000e+00, 3.332e-04, 0.000e+00, 2.036e+00, 9.983e+02, 1.430e-07
7.450e-01, 5.000e-01, -3.550e-01, 1.120e+05, 0.000e+00, 3.303e-04, 0.000e+00, 2.034e+00, 9.983e+02, 1.418e-07
7.450e-01, 5.000e-01, -3.450e-01, 1.119e+05, 0.000e+00, 3.153e-04, 0.000e+00, 2.032e+00, 9.983e+02, 1.384e-07
7.450e-01, 5.000e-01, -3.350e-01, 1.118e+05, 0.000e+00, 2.873e-04, 0.000e+00, 2.031e+00, 9.983e+02, 1.291e-07
7.450e-01, 5.000e-01, -3.250e-01, 1.117e+05, 0.000e+00, 2.548e-04, 0.000e+00, 2.029e+00, 9.983e+02, 1.145e-07
7.450e-01, 5.000e-01, -3.150e-01, 1.116e+05, 0.000e+00, 2.271e-04, 0.000e+00, 2.027e+00, 9.983e+02, 1.020e-07
7.450e-01, 5.000e-01, -3.050e-01, 1.115e+05, 0.000e+00, 2.047e-04, 0.000e+00, 2.025e+00, 9.983e+02, 9.195e-08
7.450e-01, 5.000e-01, -2.950e-01, 1.114e+05, 0.000e+00, 1.850e-04, 0.000e+00, 2.024e+00, 9.983e+02, 8.309e-08
7.450e-01, 5.000e-01, -2.850e-01, 1.113e+05, 0.000e+00, 1.681e-04, 0.000e+00, 2.022e+00, 9.983e+02, 7.550e-08
7.450e-01, 5.000e-01, -2.750e-01, 1.112e+05, 0.000e+00, 1.563e-04, 0.000e+00, 2.020e+00, 9.983e+02, 7.020e-08
7.450e-01, 5.000e-01, -2.650e-01, 1.111e+05, 0.000e+00, 1.544e-04, 0.000e+00, 2.018e+00, 9.983e+02, 6.935e-08
7.450e-01, 5.000e-01, -2.550e-01, 1.110e+05, 0.000e+00, 1.692e-04, 0.000e+00, 2.016e+00, 9.983e+02, 7.540e-08
7.450e-01, 5.000e-01, -2.450e-01, 1.110e+05, 0.000e+00, 1.841e-04, 0.000e+00, 2.016e+00, 9.983e+02, 8.088e-08
7.450e-01, 5.000e-01, -2.350e-01, 1.109e+05, 0.000e+00, 1.815e-04, 0.000e+00, 2.014e+00, 9.983e+02, 7.970e-08
7.450e-01, 5.000e-01, -2.250e-01, 1.108e+05, 0.000e+00, 1.751e-04, 0.000e+00, 2.012e+00, 9.983e+02, 7.690e-08
7.450e-01, 5.000e-01, -2.150e-01, 1.107e+05, 0.000e+00, 1.712e-04, 0.000e+00, 2.011e+00, 9.983e+02, 7.518e-08
7.450e-01, 5.000e-01, -2.050e-01, 1.106e+05, 0.000e+00, 1.738e-04, 0.000e+00, 2.009e+00, 9.983e+02, 7.633e-08
7.450e-01, 5.000e-01, -1.950e-01, 1.105e+05, 0.000e+00, 1.857e-04, 0.000e+00, 2.007e+00, 9.983e+02, 8.157e-08
7.450e-01, 5.000e-01, -1.850e-01, 1.106e+05, 0.000e+00, 2.062e-04, 0.000e+00, 2.009e+00, 9.983e+02, 8.946e-08
7.450e-01, 5.000e-01, -1.750e-01, 1.105e+05, 0.000e+00, 2.104e-04, 0.000e+00, 2.007e+00, 9.983e+02, 9.034e-08
7.450e-01, 5.000e-01, -1.650e-01, 1.104e+05, 0.000e+00, 1.958e-04, 0.000e+00, 2.005e+00, 9.983e+02, 8.406e-08
7.450e-01, 5.000e-01, -1.550e-01, 1.103e+05, 0.000e+00, 1.712e-04, 0.000e+00, 2.004e+00, 9.983e+02, 7.351e-08
7.450e-01, 5.000e-01, -1.450e-01, 1.102e+05, 0.000e+00, 1.414e-04, 0.000e+00, 2.002e+00, 9.983e+02, 6.069e-08
7.450e-01, 5.000e-01, -1.350e-01, 1.101e+05, 0.000e+00, 1.094e-04, 0.000e+00, 2.000e+00, 9.983e+02, 4.695e-08
7.450e-01, 5.000e-01, -1.250e-01, 1.100e+05, 0.000e+00, 7.795e-05, 0.000e+00, 1.998e+00, 9.983e+02, 3.346e-08
7.450e-01, 5.000e-01, -1.150e-01, 1.111e+05, 0.000e+00, 4.962e-05, 0.000e+00, 2.018e+00, 9.983e+02, 2.176e-08
7.450e-01, 5.000e-01, -1.050e-01, 1.110e+05, 0.000e+00, 2.970e-05, 0.000e+00, 2.017e+00, 9.983e+02, 1.304e-08
7.450e-01, 5.000e-01, -9.500e-02, 1.109e+05, 0.000e+00, 1.652e-05, 0.000e+00, 2.015e+00, 9.983e+02, 7.257e-09
7.450e-01, 5.000e-01, -8.500e-02, 1.108e+05, 0.000e+00, 8.544e-06, 0.000e+00, 2.013e+00, 9.983e+02, 3.753e-09
7.450e-01, 5.000e-01, -7.500e-02, 1.107e+05, 0.000e+00, 4.119e-06, 0.000e+00, 2.011e+00, 9.983e+02, 1.809e-09
7.450e-01, 5.000e-01, -6.500e-02, 1.106e+05, 0.000e+00, 1.857e-06, 0.000e+00, 2.009e+00, 9.983e+02, 8.159e-10
7.450e-01, 5.000e-01, -5.500e-02, 1.105e+05, 0.000e+00, 7.866e-07, 0.000e+00, 2.008e+00, 9.983e+02, 3.455e-10
7.450e-01, 5.000e-01, -4.500e-02, 1.104e+05, 0.000e+00, 3.138e-07, 0.000e+00, 2.006e+00, 9.983e+02, 1.378e-10
7.450e-01, 5.000e-01, -3.500e-02, 1.103e+05, 0.000e+00, 1.183e-07, 0.000e+00, 2.004e+00, 9.983e+02, 5.196e-11
7.450e-01, 5.000e-01, -2.500e-02, 1.102e+05, 0.000e+00, 4.236e-08, 0.000e+00, 2.002e+00, 9.983e+02, 1.861e-11
7.450e-01, 5.000e-01, -1.500e-02, 1.101e+05, 0.000e+00, 1.473e-08, 0.000e+00, 2.000e+00, 9.983e+02, 6.470e-12
7.450e-01, 5.000e-01, -5.000e-03, 1.100e+05, 0.000e+00, 5.730e-09, 0.000e+00, 1.999e+00, 9.983e+02, 2.517e-12
7.550e-01, 5.000e-01, -1.195e+00, 1.202e+05, 0.000e+00, 1.002e-13, 0.000e+00, 2.184e+00, 9.983e+02, 2.000e-17
7.550e-01, 5.000e-01, -1.185e+00, 1.201e+05, 0.000e+00, 1.002e-13, 0.000e+00, 2.182e+00, 9.983e+02, 2.000e-17
7.550e-01, 5.000e-01, -1.175e+00, 1.200e+05, 0.000e+00, 1.002e-13, 0.000e+00, 2.181e+00, 9.983e+02, 2.000e-17
7.550e-01, 5.000e-01, -1.165e+00, 1.199e+05, 0.000e+00, 1.002e-13, 0.000e+00, 2.179e+00, 9.983e+02, 2.000e-17
7.550e-01, 5.000e-01, -1.155e+00, 1.198e+05, 0.000e+00, 1.002e-13, 0.000e+00, 2.177e+00, 9.983e+02, 2.000e-17
7.550e-01, 5.000e-01, -1.145e+00, 1.197e+05, 0.000e+00, 1.611e-12, 0.000e+00, 2.175e+00, 9.983e+02, 4.348e-16
7.550e-01, 5.000e-01, -1.135e+00, 1.196e+05, 0.000e+00, 1.427e-03, 0.000e+00, 2.174e+00, 9.985e+02, 6.125e-07
7.550e-01, 5.000e-01, -1.125e+00, 1.195e+05, 0.000e+00, 1.398e-03, 0.000e+00, 2.172e+00, 9.985e+02, 6.004e-07
7.550e-01, 5.000e-01, -1.115e+00, 1.194e+05, 0.000e+00, 1.335e-03, 0.000e+00, 2.170e+00, 9.985e+02, 5.730e-07
7.550e-01, 5.000e-01, -1.105e+00, 1.193e+05, 0.000e+00, 1.241e-03, 0.000e+00, 2.168e+00, 9.985e+02, 5.327e-07
7.550e-01, 5.000e-01, -1.095e+00, 1.192e+05, 0.000e+00, 1.131e-03, 0.000e+00, 2.167e+00, 9.985e+02, 4.858e-07
7.550e-01, 5.000e-01, -1.085e+00, 1.191e+05, 0.000e+00, 1.017e-03, 0.000e+00, 2.165e+00, 9.985e+02, 4.367e-07
7.550e-01, 5.000e-01, -1.075e+00, 1.190e+05, 0.000e+00, 9.072e-04, 0.000e+00, 2.163e+00, 9.984e+02, 3.895e-07
7.550e-01, 5.000e-01, -1.065e+00, 1.189e+05, 0.000e+00, 8.105e-04, 0.000e+00, 2.161e+00, 9.984e+02, 3.480e-07
7.550e-01, 5.000e-01, -1.055e+00, 1.188e+05, 0.000e+00, 7.334e-04, 0.000e+00, 2.159e+00, 9.984e+02, 3.149e-07
7.550e-01, 5.000e-01, -1.045e+00, 1.187e+05, 0.000e+00, 6.772e-04, 0.000e+00, 2.158e+00, 9.984e+02, 2.907e-07
7.550e-01, 5.000e-01, -1.035e+00, 1.186e+05, 0.000e+00, 6.384e-04, 0.000e+00, 2.156e+00, 9.984e+02, 2.740e-07
7.550e-01, 5.000e-01, -1.025e+00, 1.185e+05, 0.000e+00, 6.112e-04, 0.000e+00, 2.154e+00, 9.984e+02, 2.624e-07
7.550e-01, 5.000e-01, -1.015e+00, 1.185e+05, 0.000e+00, 5.899e-04, 0.000e+00, 2.152e+00, 9.984e+02, 2.533e-07
7.550e-01, 5.000e-01, -1.005e+00, 1.184e+05, 0.000e+00, 5.702e-04, 0.000e+00, 2.150e+00, 9.984e+02, 2.448e-07
7.550e-01, 5.000e-01, -9.950e-01, 1.183e+05, 0.000e+00, 5.500e-04, 0.000e+00, 2.149e+00, 9.984e+02, 2.361e-07
7.550e-01, 5.000e-01, -9.850e-01, 1.182e+05, 0.000e+00, 5.292e-04, 0.000e+00, 2.147e+00, 9.984e+02, 2.272e-07
7.550e-01, 5.000e-01, -9.750e-01, 1.181e+05, 0.000e+00, 5.086e-04, 0.000e+00, 2.145e+00, 9.984e+02, 2.183e-07
7.550e-01, 5.000e-01, -9.650e-01, 1.180e+05, 0.000e+00, 4.885e-04, 0.000e+00, 2.143e+00, 9.984e+02, 2.097e-07
7.550e-01, 5.000e-01, -9.550e-01, 1.179e+05, 0.000e+00, 4.682e-04, 0.000e+00, 2.141e+00, 9.983e+02, 2.010e-07
7.550e-01, 5.000e-01, -9.450e-01, 1.178e+05, 0.000e+00, 4.459e-04, 0.000e+00, 2.140e+00, 9.983e+02, 1.914e-07
7.550e-01, 5.000e-01, -9.350e-01, 1.177e+05, 0.000e+00, 4.218e-04, 0.000e+00, 2.138e+00, 9.983e+02, 1.811e-07
7.550e-01, 5.000e-01, -9.250e-01, 1.176e+05, 0.000e+00, 3.980e-04, 0.000e+00, 2.136e+00, 9.983e+02, 1.709e-07
7.550e-01, 5.000e-01, -9.150e-01, 1.175e+05, 0.000e+00, 3.765e-04, 0.000e+00, 2.134e+00, 9.983e+02, 1.616e-07
7.550e-01, 5.000e-01, -9.050e-01, 1.174e+05, 0.000e+00, 3.586e-04, 0.000e+00, 2.132e+00, 9.983e+02, 1.539e-07
7.550e-01, 5.000e-01, -8.950e-01, 1.173e+05, 0.000e+00, 3.447e-04, 0.000e+00, 2.131e+00, 9.983e+02, 1.480e-07
7.550e-01, 5.000e-01, -8.850e-01, 1.172e+05, 0.000e+00, 3.344e-04, 0.000e+00, 2.129e+00, 9.983e+02, 1.435e-07
7.550e-01, 5.000e-01, -8.750e-01, 1.171e+05, 0.000e+00, 3.269e-04, 0.000e+00, 2.127e+00, 9.983e+02, 1.403e-07
7.550e-01, 5.000e-01, -8.650e-01, 1.170e+05, 0.000e+00, 3.213e-04, 0.000e+00, 2.125e+00, 9.983e+02, 1.379e-07
7.550e-01, 5.000e-01, -8.550e-01, 1.169e+05, 0.000e+00, 3.170e-04, 0.000e+00, 2.124e+00, 9.983e+02, 1.361e-07
7.550e-01, 5.000e-01, -8.450e-01, 1.168e+05, 0.000e+00, 3.133e-04, 0.000e+00, 2.122e+00, 9.983e+02, 1.345e-07
7.550e-01, 5.000e-01, -8.350e-01, 1.167e+05, 0.000e+00, 3.102e-04, 0.000e+00, 2.120e+00, 9.983e+02, 1.331e-07
7.550e-01, 5.000e-01, -8.250e-01, 1.166e+05, 0.000e+00, 3.074e-04, 0.000e+00, 2.118e+00, 9.983e+02, 1.320e-07
7.550e-01, 5.000e-01, -8.150e-01, 1.165e+05, 0.000e+00, 3.050e-04, 0.000e+00, 2.116e+00, 9.983e+02, 1.309e-07
7.550e-01, 5.000e-01, -8.050e-01, 1.164e+05, 0.000e+00, 3.019e-04, 0.000e+00, 2.115e+00, 9.983e+02, 1.296e-07
7.550e-01, 5.000e-01, -7.950e-01, 1.163e+05, 0.000e+00, 2.961e-04, 0.000e+00, 2.113e+00, 9.983e+02, 1.271e-07
7.550e-01, 5.000e-01, -7.850e-01, 1.162e+05, 0.000e+00, 2.860e-04, 0.000e+00, 2.111e+00, 9.983e+02, 1.228e-07
7.550e-01, 5.000e-01, -7.750e-01, 1.161e+05, 0.000e+00, 2.762e-04, 0.000e+00, 2.109e+00, 9.983e+02, 1.192e-07
7.550e-01, 5.000e-01, -7.650e-01, 1.175e+05, 0.000e+00, 2.576e-04, 0.000e+00, 2.135e+00, 9.983e+02, 1.131e-07
7.550e-01, 5.000e-01, -7.550e-01, 1.174e+05, 0.000e+00, 2.244e-04, 0.000e+00, 2.133e+00, 9.983e+02, 9.857e-08
7.550e-01, 5.000e-01, -7.450e-01, 1.173e+05, 0.000e+00, 1.767e-04, 0.000e+00, 2.131e+00, 9.983e+02, 7.761e-08
7.550e-01, 5.000e-01, -7.350e-01, 1.172e+05, 0.000e+00, 1.247e-04, 0.000e+00, 2.129e+00, 9.983e+02, 5.479e-08
7.550e-01, 5.000e-01, -7.250e-01, 1.171e+05, 0.000e+00, 7.938e-05, 0.000e+00, 2.127e+00, 9.983e+02, 3.487e-08
7.550e-01, 5.000e-01, -7.150e-01, 1.170e+05, 0.000e+00, 4.599e-05, 0.000e+00, 2.126e+00, 9.983e+02, 2.020e-08
7.550e-01, 5.000e-01, -7.050e-01, 1.169e+05, 0.000e+00, 2.458e-05, 0.000e+00, 2.124e+00, 9.983e+02, 1.079e-08
7.550e-01, 5.000e-01, -6.950e-01, 1.168e+05, 0.000e+00, 1.242e-05, 0.000e+00, 2.122e+00, 9.983e+02, 5.455e-09
7.550e-01, 5.000e-01, -6.850e-01, 1.167e+05, 0.000e+00, 6.536e-06, 0.000e+00, 2.120e+00, 9.983e+02, 2.871e-09
7.550e-01, 5.000e-01, -6.750e-01, 1.166e+05, 0.000e+00, 4.950e-06, 0.000e+00, 2.119e+00, 9.983e+02, 2.174e-09
7.550e-01, 5.000e-01, -6.650e-01, 1.165e+05, 0.000e+00, 7.268e-06, 0.000e+00, 2.117e+00, 9.983e+02, 3.193e-09
7.550e-01, 5.000e-01, -6.550e-01, 1.164e+05, 0.000e+00, 1.515e-05, 0.000e+00, 2.115e+00, 9.983e+02, 6.654e-09
7.550e-01, 5.000e-01, -6.450e-01, 1.163e+05, 0.000e+00, 3.315e-05, 0.000e+00, 2.113e+00, 9.983e+02, 1.456e-08
7.550e-01, 5.000e-01, -6.350e-01, 1.162e+05, 0.000e+00, 6.958e-05, 0.000e+00, 2.111e+00, 9.983e+02, 3.056e-08
7.550e-01, 5.000e-01, -6.250e-01, 1.161e+05, 0.000e+00, 1.347e-04, 0.000e+00, 2.110e+00, 9.983e+02, 5.918e-08
7.550e-01, 5.000e-01, -6.150e-01, 1.145e+05, 0.000e+00, 2.317e-04, 0.000e+00, 2.081e+00, 9.983e+02, 1.030e-07
7.550e-01, 5.000e-01, -6.050e-01, 1.144e+05, 0.000e+00, 3.164e-04, 0.000e+00, 2.079e+00, 9.983e+02, 1.421e-07
7.550e-01, 5.000e-01, -5.950e-01, 1.144e+05, 0.000e+00, 3.422e-04, 0.000e+00, 2.077e+00, 9.983e+02, 1.538e-07
7.550e-01, 5.000e-01, -5.850e-01, 1.143e+05, 0.000e+00, 3.344e-04, 0.000e+00, 2.075e+00, 9.983e+02, 1.502e-07
7.550e-01, 5.000e-01, -5.750e-01, 1.142e+05, 0.000e+00, 3.128e-04, 0.000e+00, 2.074e+00, 9.983e+02, 1.405e-07
7.550e-01, 5.000e-01, -5.650e-01, 1.141e+05, 0.000e+00, 2.878e-04, 0.000e+00, 2.072e+00, 9.983e+02, 1.293e-07
7.550e-01, 5.000e-01, -5.550e-01, 1.140e+05, 0.000e+00, 2.669e-04, 0.000e+00, 2.070e+00, 9.983e+02, 1.199e-07
7.550e-01, 5.000e-01, -5.450e-01, 1.139e+05, 0.000e+00, 2.588e-04, 0.000e+00, 2.068e+00, 9.983e+02, 1.163e-07
7.550e-01, 5.000e-01, -5.350e-01, 1.138e+05, 0.000e+00, 2.696e-04, 0.000e+00, 2.067e+00, 9.983e+02, 1.211e-07
7.550e-01, 5.000e-01, -5.250e-01, 1.137e+05, 0.000e+00, 2.944e-04, 0.000e+00, 2.065e+00, 9.983e+02, 1.323e-07
7.550e-01, 5.000e-01, -5.150e-01, 1.136e+05, 0.000e+00, 3.212e-04, 0.000e+00, 2.063e+00, 9.983e+02, 1.443e-07
7.550e-01, 5.000e-01, -5.050e-01, 1.135e+05, 0.000e+00, 3.417e-04, 0.000e+00, 2.061e+00, 9.983e+02, 1.535e-07
7.550e-01, 5.000e-01, -4.950e-01, 1.134e+05, 0.000e+00, 3.548e-04, 0.000e+00, 2.059e+00, 9.983e+02, 1.594e-07
7.550e-01, 5.000e-01, -4.850e-01, 1.133e+05, 0.000e+00, 3.621e-04, 0.000e+00, 2.058e+00, 9.983e+02, 1.609e-07
7.550e-01, 5.000e-01, -4.750e-01, 1.133e+05, 0.000e+00, 3.656e-04, 0.000e+00, 2.057e+00, 9.983e+02, 1.606e-07
7.550e-01, 5.000e-01, -4.650e-01, 1.132e+05, 0.000e+00, 3.629e-04, 0.000e+00, 2.055e+00, 9.983e+02, 1.594e-07
7.550e-01, 5.000e-01, -4.550e-01, 1.131e+05, 0.000e+00, 3.557e-04, 0.000e+00, 2.054e+00, 9.983e+02, 1.555e-07
7.550e-01, 5.000e-01, -4.450e-01, 1.129e+05, 0.000e+00, 3.468e-04, 0.000e+00, 2.050e+00, 9.983e+02, 1.489e-07
7.550e-01, 5.000e-01, -4.350e-01, 1.128e+05, 0.000e+00, 3.403e-04, 0.000e+00, 2.048e+00, 9.983e+02, 1.461e-07
7.550e-01, 5.000e-01, -4.250e-01, 1.127e+05, 0.000e+00, 3.357e-04, 0.000e+00, 2.047e+00, 9.983e+02, 1.441e-07
7.550e-01, 5.000e-01, -4.150e-01, 1.126e+05, 0.000e+00, 3.326e-04, 0.000e+00, 2.045e+00, 9.983e+02, 1.428e-07
7.550e-01, 5.000e-01, -4.050e-01, 1.125e+05, 0.000e+00, 3.309e-04, 0.000e+00, 2.043e+00, 9.983e+02, 1.420e-07
7.550e-01, 5.000e-01, -3.950e-01, 1.124e+05, 0.000e+00, 3.298e-04, 0.000e+00, 2.041e+00, 9.983e+02, 1.416e-07
7.550e-01, 5.000e-01, -3.850e-01, 1.123e+05, 0.000e+00, 3.284e-04, 0.000e+00, 2.039e+00, 9.983e+02, 1.410e-07
7.550e-01, 5.000e-01, -3.750e-01, 1.122e+05, 0.000e+00, 3.246e-04, 0.000e+00, 2.038e+00, 9.983e+02, 1.393e-07
7.550e-01, 5.000e-01, -3.650e-01, 1.121e+05, 0.000e+00, 3.158e-04, 0.000e+00, 2.036e+00, 9.983e+02, 1.356e-07
7.550e-01, 5.000e-01, -3.550e-01, 1.120e+05, 0.000e+00, 2.980e-04, 0.000e+00, 2.034e+00, 9.983e+02, 1.279e-07
7.550e-01, 5.000e-01, -3.450e-01, 1.119e+05, 0.000e+00, 2.664e-04, 0.000e+00, 2.033e+00, 9.983e+02, 1.171e-07
7.550e-01, 5.000e-01, -3.350e-01, 1.118e+05, 0.000e+00, 2.358e-04, 0.000e+00, 2.031e+00, 9.983e+02, 1.059e-07
7.550e-01, 5.000e-01, -3.250e-01, 1.117e+05, 0.000e+00, 2.157e-04, 0.000e+00, 2.029e+00, 9.983e+02, 9.689e-08
7.550e-01, 5.000e-01, -3.150e-01, 1.116e+05, 0.000e+00, 1.969e-04, 0.000e+00, 2.027e+00, 9.983e+02, 8.844e-08
7.550e-01, 5.000e-01, -3.050e-01, 1.115e+05, 0.000e+00, 1.787e-04, 0.000e+00, 2.025e+00, 9.983e+02, 8.028e-08
7.550e-01, 5.000e-01, -2.950e-01, 1.114e+05, 0.000e+00, 1.611e-04, 0.000e+00, 2.024e+00, 9.983e+02, 7.235e-08
7.550e-01, 5.000e-01, -2.850e-01, 1.113e+05, 0.000e+00, 1.447e-04, 0.000e+00, 2.022e+00, 9.983e+02, 6.498e-08
7.550e-01, 5.000e-01, -2.750e-01, 1.112e+05, 0.000e+00, 1.316e-04, 0.000e+00, 2.020e+00, 9.983e+02, 5.910e-08
7.550e-01, 5.000e-01, -2.650e-01, 1.111e+05, 0.000e+00, 1.268e-04, 0.000e+00, 2.018e+00, 9.983e+02, 5.698e-08
7.550e-01, 5.000e-01, -2.550e-01, 1.110e+05, 0.000e+00, 1.401e-04, 0.000e+00, 2.016e+00, 9.983e+02, 6.240e-08
7.550e-01, 5.000e-01, -2.450e-01, 1.110e+05, 0.000e+00, 1.567e-04, 0.000e+00, 2.016e+00, 9.983e+02, 6.881e-08
7.550e-01, 5.000e-01, -2.350e-01, 1.109e+05, 0.000e+00, 1.554e-04, 0.000e+00, 2.014e+00, 9.983e+02, 6.824e-08
7.550e-01, 5.000e-01, -2.250e-01, 1.108e+05, 0.000e+00, 1.487e-04, 0.000e+00, 2.012e+00, 9.983e+02, 6.531e-08
7.550e-01, 5.000e-01, -2.150e-01, 1.107e+05, 0.000e+00, 1.436e-04, 0.000e+00, 2.011e+00, 9.983e+02, 6.306e-08
7.550e-01, 5.000e-01, -2.050e-01, 1.106e+05, 0.000e+00, 1.455e-04, 0.000e+00, 2.009e+00, 9.983e+02, 6.390e-08
7.550e-01, 5.000e-01, -1.950e-01, 1.105e+05, 0.000e+00, 1.593e-04, 0.000e+00, 2.007e+00, 9.983e+02, 6.999e-08
7.550e-01, 5.000e-01, -1.850e-01, 1.106e+05, 0.000e+00, 1.870e-04, 0.000e+00, 2.009e+00, 9.983e+02, 8.118e-08
7.550e-01, 5.000e-01, -1.750e-01, 1.105e+05, 0.000e+00, 2.011e-04, 0.000e+00, 2.007e+00, 9.983e+02, 8.635e-08
7.550e-01, 5.000e-01, -1.650e-01, 1.104e+05, 0.000e+00, 1.931e-04, 0.000e+00, 2.005e+00, 9.983e+02, 8.289e-08
7.550e-01, 5.000e-01, -1.550e-01, 1.103e+05, 0.000e+00, 1.726e-04, 0.000e+00, 2.004e+00, 9.983e+02, 7.409e-08
7.550e-01, 5.000e-01, -1.450e-01, 1.102e+05, 0.000e+00, 1.447e-04, 0.000e+00, 2.002e+00, 9.983e+02, 6.212e-08
7.550e-01, 5.000e-01, -1.350e-01, 1.101e+05, 0.000e+00, 1.129e-04, 0.000e+00, 2.000e+00, 9.983e+02, 4.848e-08
7.550e-01, 5.000e-01, -1.250e-01, 1.100e+05, 0.000e+00, 8.050e-05, 0.000e+00, 1.998e+00, 9.983e+02, 3.456e-08
7.550e-01, 5.000e-01, -1.150e-01, 1.111e+05, 0.000e+00, 5.057e-05, 0.000e+00, 2.018e+00, 9.983e+02, 2.216e-08
7.550e-01, 5.000e-01, -1.050e-01, 1.110e+05, 0.000e+00, 2.995e-05, 0.000e+00, 2.017e+00, 9.983e+02, 1.315e-08
7.550e-01, 5.000e-01, -9.500e-02, 1.109e+05, 0.000e+00, 1.658e-05, 0.000e+00, 2.015e+00, 9.983e+02, 7.282e-09
7.550e-01, 5.000e-01, -8.500e-02, 1.108e+05, 0.000e+00, 8.566e-06, 0.000e+00, 2.013e+00, 9.983e+02, 3.762e-09
7.550e-01, 5.000e-01, -7.500e-02, 1.107e+05, 0.000e+00, 4.137e-06, 0.000e+00, 2.011e+00, 9.983e+02, 1.817e-09
7.550e-01, 5.000e-01, -6.500e-02, 1.106e+05, 0.000e+00, 1.872e-06, 0.000e+00, 2.009e+00, 9.983e+02, 8.224e-10
7.550e-01, 5.000e-01, -5.500e-02, 1.105e+05, 0.000e+00, 7.965e-07, 0.000e+00, 2.008e+00, 9.983e+02, 3.498e-10
7.550e-01, 5.000e-01, -4.500e-02, 1.104e+05, 0.000e+00, 3.193e-07, 0.000e+00, 2.006e+00, 9.983e+02, 1.402e-10
7.550e-01, 5.000e-01, -3.500e-02, 1.103e+05, 0.000e+00, 1.210e-07, 0.000e+00, 2.004e+00, 9.983e+02, 5.315e-11
7.550e-01, 5.000e-01, -2.500e-02, 1.102e+05, 0.000e+00, 4.356e-08, 0.000e+00, 2.002e+00, 9.983e+02, 1.913e-11
7.550e-01, 5.000e-01, -1.500e-02, 1.101e+05, 0.000e+00, 1.522e-08, 0.000e+00, 2.000e+00, 9.983e+02, 6.686e-12
7.550e-01, 5.000e-01, -5.000e-03, 1.100e+05, 0.000e+00, 5.956e-09, 0.000e+00, 1.999e+00, 9.983e+02, 2.616e-12
7.650e-01, 5.000e-01, -1.195e+00, 1.202e+05, 0.000e+00, 1.002e-13, 0.000e+00, 2.184e+00, 9.983e+02, 2.000e-17
7.650e-01, 5.000e-01, -1.185e+00, 1.201e+05, 0.000e+00, 1.002e-13, 0.000e+00, 2.182e+00, 9.983e+02, 2.000e-17
7.650e-01, 5.000e-01, -1.175e+00, 1.200e+05, 0.000e+00, 1.002e-13, 0.000e+00, 2.181e+00, 9.983e+02, 2.000e-17
7.650e-01, 5.000e-01, -1.165e+00, 1.199e+05, 0.000e+00, 1.002e-13, 0.000e+00, 2.179e+00, 9.983e+02, 2.000e-17
7.650e-01, 5.000e-01, -1.155e+00, 1.198e+05, 0.000e+00, 1.025e-13, 0.000e+00, 2.177e+00, 9.983e+02, 2.046e-17
7.650e-01, 5.000e-01, -1.145e+00, 1.197e+05, 0.000e+00, 7.878e-07, 0.000e+00, 2.175e+00, 9.983e+02, 2.443e-10
7.650e-01, 5.000e-01, -1.135e+00, 1.196e+05, 0.000e+00, 1.436e-03, 0.000e+00, 2.174e+00, 9.985e+02, 6.165e-07
7.650e-01, 5.000e-01, -1.125e+00, 1.195e+05, 0.000e+00, 1.400e-03, 0.000e+00, 2.172e+00, 9.985e+02, 6.012e-07
7.650e-01, 5.000e-01, -1.115e+00, 1.194e+05, 0.000e+00, 1.334e-03, 0.000e+00, 2.170e+00, 9.985e+02, 5.730e-07
7.650e-01, 5.000e-01, -1.105e+00, 1.193e+05, 0.000e+00, 1.241e-03, 0.000e+00, 2.168e+00, 9.985e+02, 5.329e-07
7.650e-01, 5.000e-01, -1.095e+00, 1.192e+05, 0.000e+00, 1.131e-03, 0.000e+00, 2.167e+00, 9.985e+02, 4.855e-07
7.650e-01, 5.000e-01, -1.085e+00, 1.191e+05, 0.000e+00, 1.015e-03, 0.000e+00, 2.165e+00, 9.984e+02, 4.359e-07
7.650e-01, 5.000e-01, -1.075e+00, 1.190e+05, 0.000e+00, 9.044e-04, 0.000e+00, 2.163e+00, 9.984e+02, 3.883e-07
7.650e-01, 5.000e-01, -1.065e+00, 1.189e+05, 0.000e+00, 8.076e-04, 0.000e+00, 2.161e+00, 9.984e+02, 3.467e-07
7.650e-01, 5.000e-01, -1.055e+00, 1.188e+05, 0.000e+00, 7.310e-04, 0.000e+00, 2.159e+00, 9.984e+02, 3.138e-07
7.650e-01, 5.000e-01, -1.045e+00, 1.187e+05, 0.000e+00, 6.758e-04, 0.000e+00, 2.158e+00, 9.984e+02, 2.901e-07
7.650e-01, 5.000e-01, -1.035e+00, 1.186e+05, 0.000e+00, 6.382e-04, 0.000e+00, 2.156e+00, 9.984e+02, 2.740e-07
7.650e-01, 5.000e-01, -1.025e+00, 1.185e+05, 0.000e+00, 6.124e-04, 0.000e+00, 2.154e+00, 9.984e+02, 2.629e-07
7.650e-01, 5.000e-01, -1.015e+00, 1.185e+05, 0.000e+00, 5.922e-04, 0.000e+00, 2.152e+00, 9.984e+02, 2.542e-07
7.650e-01, 5.000e-01, -1.005e+00, 1.184e+05, 0.000e+00, 5.736e-04, 0.000e+00, 2.150e+00, 9.984e+02, 2.463e-07
7.650e-01, 5.000e-01, -9.950e-01, 1.183e+05, 0.000e+00, 5.545e-04, 0.000e+00, 2.149e+00, 9.984e+02, 2.380e-07
7.650e-01, 5.000e-01, -9.850e-01, 1.182e+05, 0.000e+00, 5.344e-04, 0.000e+00, 2.147e+00, 9.984e+02, 2.294e-07
7.650e-01, 5.000e-01, -9.750e-01, 1.181e+05, 0.000e+00, 5.141e-04, 0.000e+00, 2.145e+00, 9.984e+02, 2.207e-07
7.650e-01, 5.000e-01, -9.650e-01, 1.180e+05, 0.000e+00, 4.943e-04, 0.000e+00, 2.143e+00, 9.984e+02, 2.122e-07
7.650e-01, 5.000e-01, -9.550e-01, 1.179e+05, 0.000e+00, 4.747e-04, 0.000e+00, 2.141e+00, 9.983e+02, 2.038e-07
7.650e-01, 5.000e-01, -9.450e-01, 1.178e+05, 0.000e+00, 4.538e-04, 0.000e+00, 2.140e+00, 9.983e+02, 1.948e-07
7.650e-01, 5.000e-01, -9.350e-01, 1.177e+05, 0.000e+00, 4.309e-04, 0.000e+00, 2.138e+00, 9.983e+02, 1.850e-07
7.650e-01, 5.000e-01, -9.250e-01, 1.176e+05, 0.000e+00, 4.073e-04, 0.000e+00, 2.136e+00, 9.983e+02, 1.749e-07
7.650e-01, 5.000e-01, -9.150e-01, 1.175e+05, 0.000e+00, 3.851e-04, 0.000e+00, 2.134e+00, 9.983e+02, 1.653e-07
7.650e-01, 5.000e-01, -9.050e-01, 1.174e+05, 0.000e+00, 3.659e-04, 0.000e+00, 2.132e+00, 9.983e+02, 1.571e-07
7.650e-01, 5.000e-01, -8.950e-01, 1.173e+05, 0.000e+00, 3.504e-04, 0.000e+00, 2.131e+00, 9.983e+02, 1.504e-07
7.650e-01, 5.000e-01, -8.850e-01, 1.172e+05, 0.000e+00, 3.385e-04, 0.000e+00, 2.129e+00, 9.983e+02, 1.453e-07
7.650e-01, 5.000e-01, -8.750e-01, 1.171e+05, 0.000e+00, 3.298e-04, 0.000e+00, 2.127e+00, 9.983e+02, 1.416e-07
7.650e-01, 5.000e-01, -8.650e-01, 1.170e+05, 0.000e+00, 3.234e-04, 0.000e+00, 2.125e+00, 9.983e+02, 1.388e-07
7.650e-01, 5.000e-01, -8.550e-01, 1.169e+05, 0.000e+00, 3.187e-04, 0.000e+00, 2.124e+00, 9.983e+02, 1.368e-07
7.650e-01, 5.000e-01, -8.450e-01, 1.168e+05, 0.000e+00, 3.149e-04, 0.000e+00, 2.122e+00, 9.983e+02, 1.352e-07
7.650e-01, 5.000e-01, -8.350e-01, 1.167e+05, 0.000e+00, 3.117e-04, 0.000e+00, 2.120e+00, 9.983e+02, 1.338e-07
7.650e-01, 5.000e-01, -8.250e-01, 1.166e+05, 0.000e+00, 3.090e-04, 0.000e+00, 2.118e+00, 9.983e+02, 1.326e-07
7.650e-01, 5.000e-01, -8.150e-01, 1.165e+05, 0.000e+00, 3.064e-04, 0.000e+00, 2.116e+00, 9.983e+02, 1.315e-07
7.650e-01, 5.000e-01, -8.050e-01, 1.164e+05, 0.000e+00, 3.030e-04, 0.000e+00, 2.115e+00, 9.983e+02, 1.301e-07
7.650e-01, 5.000e-01, -7.950e-01, 1.163e+05, 0.000e+00, 2.971e-04, 0.000e+00, 2.113e+00, 9.983e+02, 1.275e-07
7.650e-01, 5.000e-01, -7.850e-01, 1.162e+05, 0.000e+00, 2.877e-04, 0.000e+00, 2.111e+00, 9.983e+02, 1.235e-07
7.650e-01, 5.000e-01, -7.750e-01, 1.161e+05, 0.000e+00, 2.788e-04, 0.000e+00, 2.109e+00, 9.983e+02, 1.200e-07
7.650e-01, 5.000e-01, -7.650e-01, 1.175e+05, 0.000e+00, 2.632e-04, 0.000e+00, 2.135e+00, 9.983e+02, 1.156e-07
7.650e-01, 5.000e-01, -7.550e-01, 1.174e+05, 0.000e+00, 2.322e-04, 0.000e+00, 2.133e+00, 9.983e+02, 1.020e-07
7.650e-01, 5.000e-01, -7.450e-01, 1.173e+05, 0.000e+00, 1.849e-04, 0.000e+00, 2.131e+00, 9.983e+02, 8.120e-08
7.650e-01, 5.000e-01, -7.350e-01, 1.172e+05, 0.000e+00, 1.318e-04, 0.000e+00, 2.129e+00, 9.983e+02, 5.788e-08
7.650e-01, 5.000e-01, -7.250e-01, 1.171e+05, 0.000e+00, 8.455e-05, 0.000e+00, 2.127e+00, 9.983e+02, 3.714e-08
7.650e-01, 5.000e-01, -7.150e-01, 1.170e+05, 0.000e+00, 4.934e-05, 0.000e+00, 2.126e+00, 9.983e+02, 2.167e-08
7.650e-01, 5.000e-01, -7.050e-01, 1.169e+05, 0.000e+00, 2.650e-05, 0.000e+00, 2.124e+00, 9.983e+02, 1.164e-08
7.650e-01, 5.000e-01, -6.950e-01, 1.168e+05, 0.000e+00, 1.336e-05, 0.000e+00, 2.122e+00, 9.983e+02, 5.869e-09
7.650e-01, 5.000e-01, -6.850e-01, 1.167e+05, 0.000e+00, 6.770e-06, 0.000e+00, 2.120e+00, 9.983e+02, 2.973e-09
7.650e-01, 5.000e-01, -6.750e-01, 1.166e+05, 0.000e+00, 4.565e-06, 0.000e+00, 2.119e+00, 9.983e+02, 2.005e-09
7.650e-01, 5.000e-01, -6.650e-01, 1.165e+05, 0.000e+00, 6.285e-06, 0.000e+00, 2.117e+00, 9.983e+02, 2.761e-09
7.650e-01, 5.000e-01, -6.550e-01, 1.164e+05, 0.000e+00, 1.390e-05, 0.000e+00, 2.115e+00, 9.983e+02, 6.104e-09
7.650e-01, 5.000e-01, -6.450e-01, 1.163e+05, 0.000e+00, 3.291e-05, 0.000e+00, 2.113e+00, 9.983e+02, 1.445e-08
7.650e-01, 5.000e-01, -6.350e-01, 1.162e+05, 0.000e+00, 7.276e-05, 0.000e+00, 2.111e+00, 9.983e+02, 3.196e-08
7.650e-01, 5.000e-01, -6.250e-01, 1.161e+05, 0.000e+00, 1.429e-04, 0.000e+00, 2.110e+00, 9.983e+02, 6.279e-08
7.650e-01, 5.000e-01, -6.150e-01, 1.160e+05, 0.000e+00, 2.410e-04, 0.000e+00, 2.108e+00, 9.983e+02, 1.070e-07
7.650e-01, 5.000e-01, -6.050e-01, 1.144e+05, 0.000e+00, 3.245e-04, 0.000e+00, 2.079e+00, 9.983e+02, 1.458e-07
7.650e-01, 5.000e-01, -5.950e-01, 1.144e+05, 0.000e+00, 3.492e-04, 0.000e+00, 2.077e+00, 9.983e+02, 1.569e-07
7.650e-01, 5.000e-01, -5.850e-01, 1.143e+05, 0.000e+00, 3.403e-04, 0.000e+00, 2.075e+00, 9.983e+02, 1.529e-07
7.650e-01, 5.000e-01, -5.750e-01, 1.142e+05, 0.000e+00, 3.183e-04, 0.000e+00, 2.074e+00, 9.983e+02, 1.430e-07
7.650e-01, 5.000e-01, -5.650e-01, 1.141e+05, 0.000e+00, 2.944e-04, 0.000e+00, 2.072e+00, 9.983e+02, 1.323e-07
7.650e-01, 5.000e-01, -5.550e-01, 1.140e+05, 0.000e+00, 2.772e-04, 0.000e+00, 2.070e+00, 9.983e+02, 1.245e-07
7.650e-01, 5.000e-01, -5.450e-01, 1.139e+05, 0.000e+00, 2.750e-04, 0.000e+00, 2.068e+00, 9.983e+02, 1.236e-07
7.650e-01, 5.000e-01, -5.350e-01, 1.138e+05, 0.000e+00, 2.906e-04, 0.000e+00, 2.067e+00, 9.983e+02, 1.305e-07
7.650e-01, 5.000e-01, -5.250e-01, 1.137e+05, 0.000e+00, 3.163e-04, 0.000e+00, 2.065e+00, 9.983e+02, 1.421e-07
7.650e-01, 5.000e-01, -5.150e-01, 1.136e+05, 0.000e+00, 3.411e-04, 0.000e+00, 2.063e+00, 9.983e+02, 1.533e-07
7.650e-01, 5.000e-01, -5.050e-01, 1.135e+05, 0.000e+00, 3.590e-04, 0.000e+00, 2.061e+00, 9.983e+02, 1.613e-07
7.650e-01, 5.000e-01, -4.950e-01, 1.134e+05, 0.000e+00, 3.692e-04, 0.000e+00, 2.059e+00, 9.983e+02, 1.659e-07
7.650e-01, 5.000e-01, -4.850e-01, 1.133e+05, 0.000e+00, 3.735e-04, 0.000e+00, 2.058e+00, 9.983e+02, 1.668e-07
7.650e-01, 5.000e-01, -4.750e-01, 1.133e+05, 0.000e+00, 3.732e-04, 0.000e+00, 2.057e+00, 9.983e+02, 1.639e-07
7.650e-01, 5.000e-01, -4.650e-01, 1.132e+05, 0.000e+00, 3.683e-04, 0.000e+00, 2.055e+00, 9.983e+02, 1.618e-07
7.650e-01, 5.000e-01, -4.550e-01, 1.131e+05, 0.000e+00, 3.605e-04, 0.000e+00, 2.054e+00, 9.983e+02, 1.577e-07
7.650e-01, 5.000e-01, -4.450e-01, 1.129e+05, 0.000e+00, 3.519e-04, 0.000e+00, 2.050e+00, 9.983e+02, 1.511e-07
7.650e-01, 5.000e-01, -4.350e-01, 1.128e+05, 0.000e+00, 3.455e-04, 0.000e+00, 2.048e+00, 9.983e+02, 1.483e-07
7.650e-01, 5.000e-01, -4.250e-01, 1.127e+05, 0.000e+00, 3.402e-04, 0.000e+00, 2.047e+00, 9.983e+02, 1.460e-07
7.650e-01, 5.000e-01, -4.150e-01, 1.126e+05, 0.000e+00, 3.354e-04, 0.000e+00, 2.045e+00, 9.983e+02, 1.440e-07
7.650e-01, 5.000e-01, -4.050e-01, 1.125e+05, 0.000e+00, 3.304e-04, 0.000e+00, 2.043e+00, 9.983e+02, 1.418e-07
7.650e-01, 5.000e-01, -3.950e-01, 1.124e+05, 0.000e+00, 3.243e-04, 0.000e+00, 2.041e+00, 9.983e+02, 1.392e-07
7.650e-01, 5.000e-01, -3.850e-01, 1.123e+05, 0.000e+00, 3.156e-04, 0.000e+00, 2.039e+00, 9.983e+02, 1.355e-07
7.650e-01, 5.000e-01, -3.750e-01, 1.122e+05, 0.000e+00, 3.020e-04, 0.000e+00, 2.038e+00, 9.983e+02, 1.296e-07
7.650e-01, 5.000e-01, -3.650e-01, 1.121e+05, 0.000e+00, 2.808e-04, 0.000e+00, 2.036e+00, 9.983e+02, 1.205e-07
7.650e-01, 5.000e-01, -3.550e-01, 1.120e+05, 0.000e+00, 2.491e-04, 0.000e+00, 2.034e+00, 9.983e+02, 1.069e-07
7.650e-01, 5.000e-01, -3.450e-01, 1.119e+05, 0.000e+00, 2.142e-04, 0.000e+00, 2.033e+00, 9.983e+02, 9.431e-08
7.650e-01, 5.000e-01, -3.350e-01, 1.118e+05, 0.000e+00, 2.018e-04, 0.000e+00, 2.031e+00, 9.983e+02, 9.065e-08
7.650e-01, 5.000e-01, -3.250e-01, 1.117e+05, 0.000e+00, 1.886e-04, 0.000e+00, 2.029e+00, 9.983e+02, 8.472e-08
7.650e-01, 5.000e-01, -3.150e-01, 1.116e+05, 0.000e+00, 1.740e-04, 0.000e+00, 2.027e+00, 9.983e+02, 7.815e-08
7.650e-01, 5.000e-01, -3.050e-01, 1.115e+05, 0.000e+00, 1.585e-04, 0.000e+00, 2.025e+00, 9.983e+02, 7.122e-08
7.650e-01, 5.000e-01, -2.950e-01, 1.114e+05, 0.000e+00, 1.426e-04, 0.000e+00, 2.024e+00, 9.983e+02, 6.407e-08
7.650e-01, 5.000e-01, -2.850e-01, 1.113e+05, 0.000e+00, 1.270e-04, 0.000e+00, 2.022e+00, 9.983e+02, 5.706e-08
7.650e-01, 5.000e-01, -2.750e-01, 1.112e+05, 0.000e+00, 1.134e-04, 0.000e+00, 2.020e+00, 9.983e+02, 5.093e-08
7.650e-01, 5.000e-01, -2.650e-01, 1.111e+05, 0.000e+00, 1.059e-04, 0.000e+00, 2.018e+00, 9.983e+02, 4.756e-08
7.650e-01, 5.000e-01, -2.550e-01, 1.110e+05, 0.000e+00, 1.151e-04, 0.000e+00, 2.016e+00, 9.983e+02, 5.126e-08
7.650e-01, 5.000e-01, -2.450e-01, 1.110e+05, 0.000e+00, 1.312e-04, 0.000e+00, 2.016e+00, 9.983e+02, 5.765e-08
7.650e-01, 5.000e-01, -2.350e-01, 1.109e+05, 0.000e+00, 1.317e-04, 0.000e+00, 2.014e+00, 9.983e+02, 5.787e-08
7.650e-01, 5.000e-01, -2.250e-01, 1.108e+05, 0.000e+00, 1.257e-04, 0.000e+00, 2.012e+00, 9.983e+02, 5.519e-08
7.650e-01, 5.000e-01, -2.150e-01, 1.107e+05, 0.000e+00, 1.195e-04, 0.000e+00, 2.011e+00, 9.983e+02, 5.249e-08
7.650e-01, 5.000e-01, -2.050e-01, 1.106e+05, 0.000e+00, 1.195e-04, 0.000e+00, 2.009e+00, 9.983e+02, 5.250e-08
7.650e-01, 5.000e-01, -1.950e-01, 1.105e+05, 0.000e+00, 1.326e-04, 0.000e+00, 2.007e+00, 9.983e+02, 5.823e-08
7.650e-01, 5.000e-01, -1.850e-01, 1.106e+05, 0.000e+00, 1.642e-04, 0.000e+00, 2.009e+00, 9.983e+02, 7.129e-08
7.650e-01, 5.000e-01, -1.750e-01, 1.105e+05, 0.000e+00, 1.873e-04, 0.000e+00, 2.007e+00, 9.983e+02, 8.041e-08
7.650e-01, 5.000e-01, -1.650e-01, 1.104e+05, 0.000e+00, 1.867e-04, 0.000e+00, 2.005e+00, 9.983e+02, 8.013e-08
7.650e-01, 5.000e-01, -1.550e-01, 1.103e+05, 0.000e+00, 1.715e-04, 0.000e+00, 2.004e+00, 9.983e+02, 7.362e-08
7.650e-01, 5.000e-01, -1.450e-01, 1.102e+05, 0.000e+00, 1.469e-04, 0.000e+00, 2.002e+00, 9.983e+02, 6.305e-08
7.650e-01, 5.000e-01, -1.350e-01, 1.101e+05, 0.000e+00, 1.163e-04, 0.000e+00, 2.000e+00, 9.983e+02, 4.994e-08
7.650e-01, 5.000e-01, -1.250e-01, 1.100e+05, 0.000e+00, 8.344e-05, 0.000e+00, 1.998e+00, 9.983e+02, 3.582e-08
7.650e-01, 5.000e-01, -1.150e-01, 1.111e+05, 0.000e+00, 5.207e-05, 0.000e+00, 2.018e+00, 9.983e+02, 2.280e-08
7.650e-01, 5.000e-01, -1.050e-01, 1.110e+05, 0.000e+00, 3.056e-05, 0.000e+00, 2.017e+00, 9.983e+02, 1.342e-08
7.650e-01, 5.000e-01, -9.500e-02, 1.109e+05, 0.000e+00, 1.681e-05, 0.000e+00, 2.015e+00, 9.983e+02, 7.384e-09
7.650e-01, 5.000e-01, -8.500e-02, 1.108e+05, 0.000e+00, 8.663e-06, 0.000e+00, 2.013e+00, 9.983e+02, 3.805e-09
7.650e-01, 5.000e-01, -7.500e-02, 1.107e+05, 0.000e+00, 4.184e-06, 0.000e+00, 2.011e+00, 9.983e+02, 1.838e-09
7.650e-01, 5.000e-01, -6.500e-02, 1.106e+05, 0.000e+00, 1.898e-06, 0.000e+00, 2.009e+00, 9.983e+02, 8.337e-10
7.650e-01, 5.000e-01, -5.500e-02, 1.105e+05, 0.000e+00, 8.102e-07, 0.000e+00, 2.008e+00, 9.983e+02, 3.559e-10
7.650e-01, 5.000e-01, -4.500e-02, 1.104e+05, 0.000e+00, 3.262e-07, 0.000e+00, 2.006e+00, 9.983e+02, 1.433e-10
7.650e-01, 5.000e-01, -3.500e-02, 1.103e+05, 0.000e+00, 1.242e-07, 0.000e+00, 2.004e+00, 9.983e+02, 5.454e-11
7.650e-01, 5.000e-01, -2.500e-02, 1.102e+05, 0.000e+00, 4.491e-08, 0.000e+00, 2.002e+00, 9.983e+02, 1.972e-11
7.650e-01, 5.000e-01, -1.500e-02, 1.101e+05, 0.000e+00, 1.577e-08, 0.000e+00, 2.000e+00, 9.983e+02, 6.926e-12
7.650e-01, 5.000e-01, -5.000e-03, 1.100e+05, 0.000e+00, 6.204e-09, 0.000e+00, 1.999e+00, 9.983e+02, 2.725e-12
7.750e-01, 5.000e-01, -1.195e+00, 1.202e+05, 0.000e+00, 1.002e-13, 0.000e+00, 2.184e+00, 9.983e+02, 2.000e-17
7.750e-01, 5.000e-01, -1.185e+00, 1.201e+05, 0.000e+00, 1.002e-13, 0.000e+00, 2.182e+00, 9.983e+02, 2.000e-17
7.750e-01, 5.000e-01, -1.175e+00, 1.200e+05, 0.000e+00, 1.002e-13, 0.000e+00, 2.181e+00, 9.983e+02, 2.000e-17
7.750e-01, 5.000e-01, -1.165e+00, 1.199e+05, 0.000e+00, 1.002e-13, 0.000e+00, 2.179e+00, 9.983e+02, 2.000e-17
7.750e-01, 5.000e-01, -1.155e+00, 1.198e+05, 0.000e+00, 1.055e-11, 0.000e+00, 2.177e+00, 9.983e+02, 2.106e-15
7.750e-01, 5.000e-01, -1.145e+00, 1.197e+05, 0.000e+00, 1.453e-03, 0.000e+00, 2.175e+00, 9.985e+02, 5.265e-07
7.750e-01, 5.000e-01, -1.135e+00, 1.196e+05, 0.000e+00, 1.444e-03, 0.000e+00, 2.174e+00, 9.985e+02, 6.202e-07
7.750e-01, 5.000e-01, -1.125e+00, 1.195e+05, 0.000e+00, 1.404e-03, 0.000e+00, 2.172e+00, 9.985e+02, 6.026e-07
7.750e-01, 5.000e-01, -1.115e+00, 1.194e+05, 0.000e+00, 1.334e-03, 0.000e+00, 2.170e+00, 9.985e+02, 5.729e-07
7.750e-01, 5.000e-01, -1.105e+00, 1.193e+05, 0.000e+00, 1.240e-03, 0.000e+00, 2.168e+00, 9.985e+02, 5.326e-07
7.750e-01, 5.000e-01, -1.095e+00, 1.192e+05, 0.000e+00, 1.130e-03, 0.000e+00, 2.167e+00, 9.985e+02, 4.851e-07
7.750e-01, 5.000e-01, -1.085e+00, 1.191e+05, 0.000e+00, 1.013e-03, 0.000e+00, 2.165e+00, 9.984e+02, 4.350e-07
7.750e-01, 5.000e-01, -1.075e+00, 1.190e+05, 0.000e+00, 9.015e-04, 0.000e+00, 2.163e+00, 9.984e+02, 3.870e-07
7.750e-01, 5.000e-01, -1.065e+00, 1.189e+05, 0.000e+00, 8.046e-04, 0.000e+00, 2.161e+00, 9.984e+02, 3.454e-07
7.750e-01, 5.000e-01, -1.055e+00, 1.188e+05, 0.000e+00, 7.286e-04, 0.000e+00, 2.159e+00, 9.984e+02, 3.128e-07
7.750e-01, 5.000e-01, -1.045e+00, 1.187e+05, 0.000e+00, 6.746e-04, 0.000e+00, 2.158e+00, 9.984e+02, 2.896e-07
7.750e-01, 5.000e-01, -1.035e+00, 1.186e+05, 0.000e+00, 6.383e-04, 0.000e+00, 2.156e+00, 9.984e+02, 2.740e-07
7.750e-01, 5.000e-01, -1.025e+00, 1.185e+05, 0.000e+00, 6.135e-04, 0.000e+00, 2.154e+00, 9.984e+02, 2.634e-07
7.750e-01, 5.000e-01, -1.015e+00, 1.185e+05, 0.000e+00, 5.945e-04, 0.000e+00, 2.152e+00, 9.984e+02, 2.552e-07
7.750e-01, 5.000e-01, -1.005e+00, 1.184e+05, 0.000e+00, 5.769e-04, 0.000e+00, 2.150e+00, 9.984e+02, 2.477e-07
7.750e-01, 5.000e-01, -9.950e-01, 1.183e+05, 0.000e+00, 5.587e-04, 0.000e+00, 2.149e+00, 9.984e+02, 2.398e-07
7.750e-01, 5.000e-01, -9.850e-01, 1.182e+05, 0.000e+00, 5.394e-04, 0.000e+00, 2.147e+00, 9.984e+02, 2.316e-07
7.750e-01, 5.000e-01, -9.750e-01, 1.181e+05, 0.000e+00, 5.196e-04, 0.000e+00, 2.145e+00, 9.984e+02, 2.231e-07
7.750e-01, 5.000e-01, -9.650e-01, 1.180e+05, 0.000e+00, 5.001e-04, 0.000e+00, 2.143e+00, 9.984e+02, 2.147e-07
7.750e-01, 5.000e-01, -9.550e-01, 1.179e+05, 0.000e+00, 4.809e-04, 0.000e+00, 2.141e+00, 9.984e+02, 2.064e-07
7.750e-01, 5.000e-01, -9.450e-01, 1.178e+05, 0.000e+00, 4.611e-04, 0.000e+00, 2.140e+00, 9.983e+02, 1.979e-07
7.750e-01, 5.000e-01, -9.350e-01, 1.177e+05, 0.000e+00, 4.395e-04, 0.000e+00, 2.138e+00, 9.983e+02, 1.887e-07
7.750e-01, 5.000e-01, -9.250e-01, 1.176e+05, 0.000e+00, 4.165e-04, 0.000e+00, 2.136e+00, 9.983e+02, 1.788e-07
7.750e-01, 5.000e-01, -9.150e-01, 1.175e+05, 0.000e+00, 3.941e-04, 0.000e+00, 2.134e+00, 9.983e+02, 1.692e-07
7.750e-01, 5.000e-01, -9.050e-01, 1.174e+05, 0.000e+00, 3.738e-04, 0.000e+00, 2.132e+00, 9.983e+02, 1.605e-07
7.750e-01, 5.000e-01, -8.950e-01, 1.173e+05, 0.000e+00, 3.569e-04, 0.000e+00, 2.131e+00, 9.983e+02, 1.532e-07
7.750e-01, 5.000e-01, -8.850e-01, 1.172e+05, 0.000e+00, 3.434e-04, 0.000e+00, 2.129e+00, 9.983e+02, 1.474e-07
7.750e-01, 5.000e-01, -8.750e-01, 1.171e+05, 0.000e+00, 3.333e-04, 0.000e+00, 2.127e+00, 9.983e+02, 1.431e-07
7.750e-01, 5.000e-01, -8.650e-01, 1.170e+05, 0.000e+00, 3.258e-04, 0.000e+00, 2.125e+00, 9.983e+02, 1.399e-07
7.750e-01, 5.000e-01, -8.550e-01, 1.169e+05, 0.000e+00, 3.203e-04, 0.000e+00, 2.124e+00, 9.983e+02, 1.375e-07
7.750e-01, 5.000e-01, -8.450e-01, 1.168e+05, 0.000e+00, 3.161e-04, 0.000e+00, 2.122e+00, 9.983e+02, 1.357e-07
7.750e-01, 5.000e-01, -8.350e-01, 1.167e+05, 0.000e+00, 3.127e-04, 0.000e+00, 2.120e+00, 9.983e+02, 1.342e-07
7.750e-01, 5.000e-01, -8.250e-01, 1.166e+05, 0.000e+00, 3.098e-04, 0.000e+00, 2.118e+00, 9.983e+02, 1.330e-07
7.750e-01, 5.000e-01, -8.150e-01, 1.165e+05, 0.000e+00, 3.070e-04, 0.000e+00, 2.116e+00, 9.983e+02, 1.318e-07
7.750e-01, 5.000e-01, -8.050e-01, 1.164e+05, 0.000e+00, 3.035e-04, 0.000e+00, 2.115e+00, 9.983e+02, 1.303e-07
7.750e-01, 5.000e-01, -7.950e-01, 1.163e+05, 0.000e+00, 2.977e-04, 0.000e+00, 2.113e+00, 9.983e+02, 1.278e-07
7.750e-01, 5.000e-01, -7.850e-01, 1.162e+05, 0.000e+00, 2.889e-04, 0.000e+00, 2.111e+00, 9.983e+02, 1.240e-07
7.750e-01, 5.000e-01, -7.750e-01, 1.161e+05, 0.000e+00, 2.808e-04, 0.000e+00, 2.109e+00, 9.983e+02, 1.206e-07
7.750e-01, 5.000e-01, -7.650e-01, 1.175e+05, 0.000e+00, 2.698e-04, 0.000e+00, 2.135e+00, 9.983e+02, 1.185e-07
7.750e-01, 5.000e-01, -7.550e-01, 1.174e+05, 0.000e+00, 2.421e-04, 0.000e+00, 2.133e+00, 9.983e+02, 1.063e-07
7.750e-01, 5.000e-01, -7.450e-01, 1.173e+05, 0.000e+00, 1.958e-04, 0.000e+00, 2.131e+00, 9.983e+02, 8.598e-08
7.750e-01, 5.000e-01, -7.350e-01, 1.172e+05, 0.000e+00, 1.415e-04, 0.000e+00, 2.129e+00, 9.983e+02, 6.215e-08
7.750e-01, 5.000e-01, -7.250e-01, 1.171e+05, 0.000e+00, 9.197e-05, 0.000e+00, 2.127e+00, 9.983e+02, 4.040e-08
7.750e-01, 5.000e-01, -7.150e-01, 1.170e+05, 0.000e+00, 5.434e-05, 0.000e+00, 2.126e+00, 9.983e+02, 2.387e-08
7.750e-01, 5.000e-01, -7.050e-01, 1.169e+05, 0.000e+00, 2.953e-05, 0.000e+00, 2.124e+00, 9.983e+02, 1.297e-08
7.750e-01, 5.000e-01, -6.950e-01, 1.168e+05, 0.000e+00, 1.501e-05, 0.000e+00, 2.122e+00, 9.983e+02, 6.593e-09
7.750e-01, 5.000e-01, -6.850e-01, 1.167e+05, 0.000e+00, 7.526e-06, 0.000e+00, 2.120e+00, 9.983e+02, 3.306e-09
7.750e-01, 5.000e-01, -6.750e-01, 1.166e+05, 0.000e+00, 4.781e-06, 0.000e+00, 2.119e+00, 9.983e+02, 2.100e-09
7.750e-01, 5.000e-01, -6.650e-01, 1.165e+05, 0.000e+00, 6.334e-06, 0.000e+00, 2.117e+00, 9.983e+02, 2.782e-09
7.750e-01, 5.000e-01, -6.550e-01, 1.164e+05, 0.000e+00, 1.453e-05, 0.000e+00, 2.115e+00, 9.983e+02, 6.382e-09
7.750e-01, 5.000e-01, -6.450e-01, 1.163e+05, 0.000e+00, 3.561e-05, 0.000e+00, 2.113e+00, 9.983e+02, 1.564e-08
7.750e-01, 5.000e-01, -6.350e-01, 1.162e+05, 0.000e+00, 7.932e-05, 0.000e+00, 2.111e+00, 9.983e+02, 3.484e-08
7.750e-01, 5.000e-01, -6.250e-01, 1.161e+05, 0.000e+00, 1.532e-04, 0.000e+00, 2.110e+00, 9.983e+02, 6.730e-08
7.750e-01, 5.000e-01, -6.150e-01, 1.160e+05, 0.000e+00, 2.500e-04, 0.000e+00, 2.108e+00, 9.983e+02, 1.107e-07
7.750e-01, 5.000e-01, -6.050e-01, 1.144e+05, 0.000e+00, 3.310e-04, 0.000e+00, 2.079e+00, 9.983e+02, 1.487e-07
7.750e-01, 5.000e-01, -5.950e-01, 1.144e+05, 0.000e+00, 3.549e-04, 0.000e+00, 2.077e+00, 9.983e+02, 1.594e-07
7.750e-01, 5.000e-01, -5.850e-01, 1.143e+05, 0.000e+00, 3.459e-04, 0.000e+00, 2.075e+00, 9.983e+02, 1.554e-07
7.750e-01, 5.000e-01, -5.750e-01, 1.142e+05, 0.000e+00, 3.246e-04, 0.000e+00, 2.074e+00, 9.983e+02, 1.458e-07
7.750e-01, 5.000e-01, -5.650e-01, 1.141e+05, 0.000e+00, 3.026e-04, 0.000e+00, 2.072e+00, 9.983e+02, 1.359e-07
7.750e-01, 5.000e-01, -5.550e-01, 1.140e+05, 0.000e+00, 2.883e-04, 0.000e+00, 2.070e+00, 9.983e+02, 1.295e-07
7.750e-01, 5.000e-01, -5.450e-01, 1.139e+05, 0.000e+00, 2.882e-04, 0.000e+00, 2.068e+00, 9.983e+02, 1.295e-07
7.750e-01, 5.000e-01, -5.350e-01, 1.138e+05, 0.000e+00, 3.029e-04, 0.000e+00, 2.067e+00, 9.983e+02, 1.361e-07
7.750e-01, 5.000e-01, -5.250e-01, 1.137e+05, 0.000e+00, 3.255e-04, 0.000e+00, 2.065e+00, 9.983e+02, 1.462e-07
7.750e-01, 5.000e-01, -5.150e-01, 1.136e+05, 0.000e+00, 3.473e-04, 0.000e+00, 2.063e+00, 9.983e+02, 1.560e-07
7.750e-01, 5.000e-01, -5.050e-01, 1.135e+05, 0.000e+00, 3.635e-04, 0.000e+00, 2.061e+00, 9.983e+02, 1.633e-07
7.750e-01, 5.000e-01, -4.950e-01, 1.134e+05, 0.000e+00, 3.728e-04, 0.000e+00, 2.059e+00, 9.983e+02, 1.675e-07
7.750e-01, 5.000e-01, -4.850e-01, 1.133e+05, 0.000e+00, 3.762e-04, 0.000e+00, 2.058e+00, 9.983e+02, 1.688e-07
7.750e-01, 5.000e-01, -4.750e-01, 1.133e+05, 0.000e+00, 3.748e-04, 0.000e+00, 2.057e+00, 9.983e+02, 1.647e-07
7.750e-01, 5.000e-01, -4.650e-01, 1.132e+05, 0.000e+00, 3.695e-04, 0.000e+00, 2.055e+00, 9.983e+02, 1.623e-07
7.750e-01, 5.000e-01, -4.550e-01, 1.131e+05, 0.000e+00, 3.618e-04, 0.000e+00, 2.054e+00, 9.983e+02, 1.582e-07
7.750e-01, 5.000e-01, -4.450e-01, 1.129e+05, 0.000e+00, 3.531e-04, 0.000e+00, 2.050e+00, 9.983e+02, 1.516e-07
7.750e-01, 5.000e-01, -4.350e-01, 1.128e+05, 0.000e+00, 3.456e-04, 0.000e+00, 2.048e+00, 9.983e+02, 1.483e-07
7.750e-01, 5.000e-01, -4.250e-01, 1.127e+05, 0.000e+00, 3.382e-04, 0.000e+00, 2.047e+00, 9.983e+02, 1.452e-07
7.750e-01, 5.000e-01, -4.150e-01, 1.126e+05, 0.000e+00, 3.303e-04, 0.000e+00, 2.045e+00, 9.983e+02, 1.418e-07
7.750e-01, 5.000e-01, -4.050e-01, 1.125e+05, 0.000e+00, 3.210e-04, 0.000e+00, 2.043e+00, 9.983e+02, 1.378e-07
7.750e-01, 5.000e-01, -3.950e-01, 1.124e+05, 0.000e+00, 3.089e-04, 0.000e+00, 2.041e+00, 9.983e+02, 1.326e-07
7.750e-01, 5.000e-01, -3.850e-01, 1.123e+05, 0.000e+00, 2.924e-04, 0.000e+00, 2.039e+00, 9.983e+02, 1.255e-07
7.750e-01, 5.000e-01, -3.750e-01, 1.122e+05, 0.000e+00, 2.691e-04, 0.000e+00, 2.038e+00, 9.983e+02, 1.155e-07
7.750e-01, 5.000e-01, -3.650e-01, 1.121e+05, 0.000e+00, 2.362e-04, 0.000e+00, 2.036e+00, 9.983e+02, 1.014e-07
7.750e-01, 5.000e-01, -3.550e-01, 1.120e+05, 0.000e+00, 1.928e-04, 0.000e+00, 2.034e+00, 9.983e+02, 8.278e-08
7.750e-01, 5.000e-01, -3.450e-01, 1.119e+05, 0.000e+00, 1.820e-04, 0.000e+00, 2.033e+00, 9.983e+02, 8.028e-08
7.750e-01, 5.000e-01, -3.350e-01, 1.118e+05, 0.000e+00, 1.774e-04, 0.000e+00, 2.031e+00, 9.983e+02, 7.971e-08
7.750e-01, 5.000e-01, -3.250e-01, 1.117e+05, 0.000e+00, 1.679e-04, 0.000e+00, 2.029e+00, 9.983e+02, 7.544e-08
7.750e-01, 5.000e-01, -3.150e-01, 1.116e+05, 0.000e+00, 1.558e-04, 0.000e+00, 2.027e+00, 9.983e+02, 6.997e-08
7.750e-01, 5.000e-01, -3.050e-01, 1.115e+05, 0.000e+00, 1.422e-04, 0.000e+00, 2.025e+00, 9.983e+02, 6.390e-08
7.750e-01, 5.000e-01, -2.950e-01, 1.114e+05, 0.000e+00, 1.278e-04, 0.000e+00, 2.024e+00, 9.983e+02, 5.741e-08
7.750e-01, 5.000e-01, -2.850e-01, 1.113e+05, 0.000e+00, 1.131e-04, 0.000e+00, 2.022e+00, 9.983e+02, 5.082e-08
7.750e-01, 5.000e-01, -2.750e-01, 1.112e+05, 0.000e+00, 9.979e-05, 0.000e+00, 2.020e+00, 9.983e+02, 4.483e-08
7.750e-01, 5.000e-01, -2.650e-01, 1.111e+05, 0.000e+00, 9.076e-05, 0.000e+00, 2.018e+00, 9.983e+02, 4.077e-08
7.750e-01, 5.000e-01, -2.550e-01, 1.110e+05, 0.000e+00, 9.502e-05, 0.000e+00, 2.016e+00, 9.983e+02, 4.230e-08
7.750e-01, 5.000e-01, -2.450e-01, 1.110e+05, 0.000e+00, 1.080e-04, 0.000e+00, 2.016e+00, 9.983e+02, 4.745e-08
7.750e-01, 5.000e-01, -2.350e-01, 1.109e+05, 0.000e+00, 1.101e-04, 0.000e+00, 2.014e+00, 9.983e+02, 4.838e-08
7.750e-01, 5.000e-01, -2.250e-01, 1.108e+05, 0.000e+00, 1.056e-04, 0.000e+00, 2.012e+00, 9.983e+02, 4.637e-08
7.750e-01, 5.000e-01, -2.150e-01, 1.107e+05, 0.000e+00, 9.936e-05, 0.000e+00, 2.011e+00, 9.983e+02, 4.364e-08
7.750e-01, 5.000e-01, -2.050e-01, 1.106e+05, 0.000e+00, 9.736e-05, 0.000e+00, 2.009e+00, 9.983e+02, 4.276e-08
7.750e-01, 5.000e-01, -1.950e-01, 1.105e+05, 0.000e+00, 1.074e-04, 0.000e+00, 2.007e+00, 9.983e+02, 4.720e-08
7.750e-01, 5.000e-01, -1.850e-01, 1.104e+05, 0.000e+00, 1.390e-04, 0.000e+00, 2.005e+00, 9.983e+02, 6.039e-08
7.750e-01, 5.000e-01, -1.750e-01, 1.105e+05, 0.000e+00, 1.690e-04, 0.000e+00, 2.007e+00, 9.983e+02, 7.253e-08
7.750e-01, 5.000e-01, -1.650e-01, 1.104e+05, 0.000e+00, 1.758e-04, 0.000e+00, 2.005e+00, 9.983e+02, 7.548e-08
7.750e-01, 5.000e-01, -1.550e-01, 1.103e+05, 0.000e+00, 1.671e-04, 0.000e+00, 2.004e+00, 9.983e+02, 7.171e-08
7.750e-01, 5.000e-01, -1.450e-01, 1.102e+05, 0.000e+00, 1.470e-04, 0.000e+00, 2.002e+00, 9.983e+02, 6.311e-08
7.750e-01, 5.000e-01, -1.350e-01, 1.101e+05, 0.000e+00, 1.189e-04, 0.000e+00, 2.000e+00, 9.983e+02, 5.103e-08
7.750e-01, 5.000e-01, -1.250e-01, 1.100e+05, 0.000e+00, 8.639e-05, 0.000e+00, 1.998e+00, 9.983e+02, 3.708e-08
7.750e-01, 5.000e-01, -1.150e-01, 1.111e+05, 0.000e+00, 5.407e-05, 0.000e+00, 2.018e+00, 9.983e+02, 2.365e-08
7.750e-01, 5.000e-01, -1.050e-01, 1.110e+05, 0.000e+00, 3.156e-05, 0.000e+00, 2.017e+00, 9.983e+02, 1.386e-08
7.750e-01, 5.000e-01, -9.500e-02, 1.109e+05, 0.000e+00, 1.727e-05, 0.000e+00, 2.015e+00, 9.983e+02, 7.585e-09
7.750e-01, 5.000e-01, -8.500e-02, 1.108e+05, 0.000e+00, 8.866e-06, 0.000e+00, 2.013e+00, 9.983e+02, 3.894e-09
7.750e-01, 5.000e-01, -7.500e-02, 1.107e+05, 0.000e+00, 4.276e-06, 0.000e+00, 2.011e+00, 9.983e+02, 1.878e-09
7.750e-01, 5.000e-01, -6.500e-02, 1.106e+05, 0.000e+00, 1.941e-06, 0.000e+00, 2.009e+00, 9.983e+02, 8.524e-10
7.750e-01, 5.000e-01, -5.500e-02, 1.105e+05, 0.000e+00, 8.299e-07, 0.000e+00, 2.008e+00, 9.983e+02, 3.645e-10
7.750e-01, 5.000e-01, -4.500e-02, 1.104e+05, 0.000e+00, 3.350e-07, 0.000e+00, 2.006e+00, 9.983e+02, 1.471e-10
7.750e-01, 5.000e-01, -3.500e-02, 1.103e+05, 0.000e+00, 1.279e-07, 0.000e+00, 2.004e+00, 9.983e+02, 5.619e-11
7.750e-01, 5.000e-01, -2.500e-02, 1.102e+05, 0.000e+00, 4.642e-08, 0.000e+00, 2.002e+00, 9.983e+02, 2.039e-11
7.750e-01, 5.000e-01, -1.500e-02, 1.101e+05, 0.000e+00, 1.636e-08, 0.000e+00, 2.000e+00, 9.983e+02, 7.185e-12
7.750e-01, 5.000e-01, -5.000e-03, 1.100e+05, 0.000e+00, 6.464e-09, 0.000e+00, 1.999e+00, 9.983e+02, 2.839e-12
7.850e-01, 5.000e-01, -1.195e+00, 1.202e+05, 0.000e+00, 1.002e-13, 0.000e+00, 2.184e+00, 9.983e+02, 2.000e-17
7.850e-01, 5.000e-01, -1.185e+00, 1.201e+05, 0.000e+00, 1.002e-13, 0.000e+00, 2.182e+00, 9.983e+02, 2.000e-17
7.850e-01, 5.000e-01, -1.175e+00, 1.200e+05, 0.000e+00, 1.002e-13, 0.000e+00, 2.181e+00, 9.983e+02, 2.000e-17
7.850e-01, 5.000e-01, -1.165e+00, 1.199e+05, 0.000e+00, 1.002e-13, 0.000e+00, 2.179e+00, 9.983e+02, 2.000e-17
7.850e-01, 5.000e-01, -1.155e+00, 1.198e+05, 0.000e+00, 7.705e-12, 0.000e+00, 2.177e+00, 9.983e+02, 1.548e-15
7.850e-01, 5.000e-01, -1.145e+00, 1.197e+05, 0.000e+00, 1.464e-03, 0.000e+00, 2.175e+00, 9.985e+02, 6.050e-07
7.850e-01, 5.000e-01, -1.135e+00, 1.196e+05, 0.000e+00, 1.452e-03, 0.000e+00, 2.174e+00, 9.985e+02, 6.234e-07
7.850e-01, 5.000e-01, -1.125e+00, 1.195e+05, 0.000e+00, 1.407e-03, 0.000e+00, 2.172e+00, 9.985e+02, 6.042e-07
7.850e-01, 5.000e-01, -1.115e+00, 1.194e+05, 0.000e+00, 1.334e-03, 0.000e+00, 2.170e+00, 9.985e+02, 5.730e-07
7.850e-01, 5.000e-01, -1.105e+00, 1.193e+05, 0.000e+00, 1.240e-03, 0.000e+00, 2.168e+00, 9.985e+02, 5.322e-07
7.850e-01, 5.000e-01, -1.095e+00, 1.192e+05, 0.000e+00, 1.128e-03, 0.000e+00, 2.167e+00, 9.985e+02, 4.845e-07
7.850e-01, 5.000e-01, -1.085e+00, 1.191e+05, 0.000e+00, 1.011e-03, 0.000e+00, 2.165e+00, 9.984e+02, 4.341e-07
7.850e-01, 5.000e-01, -1.075e+00, 1.190e+05, 0.000e+00, 8.986e-04, 0.000e+00, 2.163e+00, 9.984e+02, 3.858e-07
7.850e-01, 5.000e-01, -1.065e+00, 1.189e+05, 0.000e+00, 8.014e-04, 0.000e+00, 2.161e+00, 9.984e+02, 3.441e-07
7.850e-01, 5.000e-01, -1.055e+00, 1.188e+05, 0.000e+00, 7.263e-04, 0.000e+00, 2.159e+00, 9.984e+02, 3.118e-07
7.850e-01, 5.000e-01, -1.045e+00, 1.187e+05, 0.000e+00, 6.737e-04, 0.000e+00, 2.158e+00, 9.984e+02, 2.892e-07
7.850e-01, 5.000e-01, -1.035e+00, 1.186e+05, 0.000e+00, 6.386e-04, 0.000e+00, 2.156e+00, 9.984e+02, 2.742e-07
7.850e-01, 5.000e-01, -1.025e+00, 1.185e+05, 0.000e+00, 6.149e-04, 0.000e+00, 2.154e+00, 9.984e+02, 2.640e-07
7.850e-01, 5.000e-01, -1.015e+00, 1.185e+05, 0.000e+00, 5.967e-04, 0.000e+00, 2.152e+00, 9.984e+02, 2.562e-07
7.850e-01, 5.000e-01, -1.005e+00, 1.184e+05, 0.000e+00, 5.800e-04, 0.000e+00, 2.150e+00, 9.984e+02, 2.490e-07
7.850e-01, 5.000e-01, -9.950e-01, 1.183e+05, 0.000e+00, 5.627e-04, 0.000e+00, 2.149e+00, 9.984e+02, 2.415e-07
7.850e-01, 5.000e-01, -9.850e-01, 1.182e+05, 0.000e+00, 5.442e-04, 0.000e+00, 2.147e+00, 9.984e+02, 2.336e-07
7.850e-01, 5.000e-01, -9.750e-01, 1.181e+05, 0.000e+00, 5.251e-04, 0.000e+00, 2.145e+00, 9.984e+02, 2.254e-07
7.850e-01, 5.000e-01, -9.650e-01, 1.180e+05, 0.000e+00, 5.058e-04, 0.000e+00, 2.143e+00, 9.984e+02, 2.171e-07
7.850e-01, 5.000e-01, -9.550e-01, 1.179e+05, 0.000e+00, 4.869e-04, 0.000e+00, 2.141e+00, 9.984e+02, 2.090e-07
7.850e-01, 5.000e-01, -9.450e-01, 1.178e+05, 0.000e+00, 4.679e-04, 0.000e+00, 2.140e+00, 9.983e+02, 2.009e-07
7.850e-01, 5.000e-01, -9.350e-01, 1.177e+05, 0.000e+00, 4.475e-04, 0.000e+00, 2.138e+00, 9.983e+02, 1.921e-07
7.850e-01, 5.000e-01, -9.250e-01, 1.176e+05, 0.000e+00, 4.255e-04, 0.000e+00, 2.136e+00, 9.983e+02, 1.826e-07
7.850e-01, 5.000e-01, -9.150e-01, 1.175e+05, 0.000e+00, 4.031e-04, 0.000e+00, 2.134e+00, 9.983e+02, 1.731e-07
7.850e-01, 5.000e-01, -9.050e-01, 1.174e+05, 0.000e+00, 3.822e-04, 0.000e+00, 2.132e+00, 9.983e+02, 1.641e-07
7.850e-01, 5.000e-01, -8.950e-01, 1.173e+05, 0.000e+00, 3.640e-04, 0.000e+00, 2.131e+00, 9.983e+02, 1.563e-07
7.850e-01, 5.000e-01, -8.850e-01, 1.172e+05, 0.000e+00, 3.491e-04, 0.000e+00, 2.129e+00, 9.983e+02, 1.498e-07
7.850e-01, 5.000e-01, -8.750e-01, 1.171e+05, 0.000e+00, 3.374e-04, 0.000e+00, 2.127e+00, 9.983e+02, 1.448e-07
7.850e-01, 5.000e-01, -8.650e-01, 1.170e+05, 0.000e+00, 3.286e-04, 0.000e+00, 2.125e+00, 9.983e+02, 1.411e-07
7.850e-01, 5.000e-01, -8.550e-01, 1.169e+05, 0.000e+00, 3.221e-04, 0.000e+00, 2.124e+00, 9.983e+02, 1.383e-07
7.850e-01, 5.000e-01, -8.450e-01, 1.168e+05, 0.000e+00, 3.172e-04, 0.000e+00, 2.122e+00, 9.983e+02, 1.362e-07
7.850e-01, 5.000e-01, -8.350e-01, 1.167e+05, 0.000e+00, 3.134e-04, 0.000e+00, 2.120e+00, 9.983e+02, 1.345e-07
7.850e-01, 5.000e-01, -8.250e-01, 1.166e+05, 0.000e+00, 3.102e-04, 0.000e+00, 2.118e+00, 9.983e+02, 1.332e-07
7.850e-01, 5.000e-01, -8.150e-01, 1.165e+05, 0.000e+00, 3.072e-04, 0.000e+00, 2.116e+00, 9.983e+02, 1.319e-07
7.850e-01, 5.000e-01, -8.050e-01, 1.164e+05, 0.000e+00, 3.035e-04, 0.000e+00, 2.115e+00, 9.983e+02, 1.303e-07
7.850e-01, 5.000e-01, -7.950e-01, 1.163e+05, 0.000e+00, 2.978e-04, 0.000e+00, 2.113e+00, 9.983e+02, 1.279e-07
7.850e-01, 5.000e-01, -7.850e-01, 1.162e+05, 0.000e+00, 2.898e-04, 0.000e+00, 2.111e+00, 9.983e+02, 1.244e-07
7.850e-01, 5.000e-01, -7.750e-01, 1.161e+05, 0.000e+00, 2.823e-04, 0.000e+00, 2.109e+00, 9.983e+02, 1.212e-07
7.850e-01, 5.000e-01, -7.650e-01, 1.175e+05, 0.000e+00, 2.776e-04, 0.000e+00, 2.135e+00, 9.983e+02, 1.217e-07
7.850e-01, 5.000e-01, -7.550e-01, 1.174e+05, 0.000e+00, 2.547e-04, 0.000e+00, 2.133e+00, 9.983e+02, 1.119e-07
7.850e-01, 5.000e-01, -7.450e-01, 1.173e+05, 0.000e+00, 2.101e-04, 0.000e+00, 2.131e+00, 9.983e+02, 9.231e-08
7.850e-01, 5.000e-01, -7.350e-01, 1.172e+05, 0.000e+00, 1.547e-04, 0.000e+00, 2.129e+00, 9.983e+02, 6.794e-08
7.850e-01, 5.000e-01, -7.250e-01, 1.171e+05, 0.000e+00, 1.023e-04, 0.000e+00, 2.127e+00, 9.983e+02, 4.491e-08
7.850e-01, 5.000e-01, -7.150e-01, 1.170e+05, 0.000e+00, 6.143e-05, 0.000e+00, 2.126e+00, 9.983e+02, 2.698e-08
7.850e-01, 5.000e-01, -7.050e-01, 1.169e+05, 0.000e+00, 3.396e-05, 0.000e+00, 2.124e+00, 9.983e+02, 1.492e-08
7.850e-01, 5.000e-01, -6.950e-01, 1.168e+05, 0.000e+00, 1.754e-05, 0.000e+00, 2.122e+00, 9.983e+02, 7.705e-09
7.850e-01, 5.000e-01, -6.850e-01, 1.167e+05, 0.000e+00, 8.871e-06, 0.000e+00, 2.120e+00, 9.983e+02, 3.896e-09
7.850e-01, 5.000e-01, -6.750e-01, 1.166e+05, 0.000e+00, 5.524e-06, 0.000e+00, 2.119e+00, 9.983e+02, 2.427e-09
7.850e-01, 5.000e-01, -6.650e-01, 1.165e+05, 0.000e+00, 7.086e-06, 0.000e+00, 2.117e+00, 9.983e+02, 3.112e-09
7.850e-01, 5.000e-01, -6.550e-01, 1.164e+05, 0.000e+00, 1.620e-05, 0.000e+00, 2.115e+00, 9.983e+02, 7.117e-09
7.850e-01, 5.000e-01, -6.450e-01, 1.163e+05, 0.000e+00, 3.954e-05, 0.000e+00, 2.113e+00, 9.983e+02, 1.737e-08
7.850e-01, 5.000e-01, -6.350e-01, 1.162e+05, 0.000e+00, 8.658e-05, 0.000e+00, 2.111e+00, 9.983e+02, 3.803e-08
7.850e-01, 5.000e-01, -6.250e-01, 1.161e+05, 0.000e+00, 1.628e-04, 0.000e+00, 2.110e+00, 9.983e+02, 7.151e-08
7.850e-01, 5.000e-01, -6.150e-01, 1.160e+05, 0.000e+00, 2.576e-04, 0.000e+00, 2.108e+00, 9.983e+02, 1.138e-07
7.850e-01, 5.000e-01, -6.050e-01, 1.144e+05, 0.000e+00, 3.360e-04, 0.000e+00, 2.079e+00, 9.983e+02, 1.509e-07
7.850e-01, 5.000e-01, -5.950e-01, 1.144e+05, 0.000e+00, 3.597e-04, 0.000e+00, 2.077e+00, 9.983e+02, 1.616e-07
7.850e-01, 5.000e-01, -5.850e-01, 1.143e+05, 0.000e+00, 3.514e-04, 0.000e+00, 2.075e+00, 9.983e+02, 1.579e-07
7.850e-01, 5.000e-01, -5.750e-01, 1.142e+05, 0.000e+00, 3.315e-04, 0.000e+00, 2.074e+00, 9.983e+02, 1.489e-07
7.850e-01, 5.000e-01, -5.650e-01, 1.141e+05, 0.000e+00, 3.116e-04, 0.000e+00, 2.072e+00, 9.983e+02, 1.400e-07
7.850e-01, 5.000e-01, -5.550e-01, 1.140e+05, 0.000e+00, 2.988e-04, 0.000e+00, 2.070e+00, 9.983e+02, 1.343e-07
7.850e-01, 5.000e-01, -5.450e-01, 1.139e+05, 0.000e+00, 2.980e-04, 0.000e+00, 2.068e+00, 9.983e+02, 1.339e-07
7.850e-01, 5.000e-01, -5.350e-01, 1.138e+05, 0.000e+00, 3.094e-04, 0.000e+00, 2.067e+00, 9.983e+02, 1.390e-07
7.850e-01, 5.000e-01, -5.250e-01, 1.137e+05, 0.000e+00, 3.276e-04, 0.000e+00, 2.065e+00, 9.983e+02, 1.472e-07
7.850e-01, 5.000e-01, -5.150e-01, 1.136e+05, 0.000e+00, 3.465e-04, 0.000e+00, 2.063e+00, 9.983e+02, 1.557e-07
7.850e-01, 5.000e-01, -5.050e-01, 1.135e+05, 0.000e+00, 3.615e-04, 0.000e+00, 2.061e+00, 9.983e+02, 1.624e-07
7.850e-01, 5.000e-01, -4.950e-01, 1.134e+05, 0.000e+00, 3.705e-04, 0.000e+00, 2.059e+00, 9.983e+02, 1.665e-07
7.850e-01, 5.000e-01, -4.850e-01, 1.133e+05, 0.000e+00, 3.738e-04, 0.000e+00, 2.058e+00, 9.983e+02, 1.679e-07
7.850e-01, 5.000e-01, -4.750e-01, 1.133e+05, 0.000e+00, 3.724e-04, 0.000e+00, 2.057e+00, 9.983e+02, 1.642e-07
7.850e-01, 5.000e-01, -4.650e-01, 1.132e+05, 0.000e+00, 3.675e-04, 0.000e+00, 2.055e+00, 9.983e+02, 1.614e-07
7.850e-01, 5.000e-01, -4.550e-01, 1.131e+05, 0.000e+00, 3.602e-04, 0.000e+00, 2.054e+00, 9.983e+02, 1.576e-07
7.850e-01, 5.000e-01, -4.450e-01, 1.129e+05, 0.000e+00, 3.515e-04, 0.000e+00, 2.050e+00, 9.983e+02, 1.509e-07
7.850e-01, 5.000e-01, -4.350e-01, 1.128e+05, 0.000e+00, 3.420e-04, 0.000e+00, 2.048e+00, 9.983e+02, 1.468e-07
7.850e-01, 5.000e-01, -4.250e-01, 1.127e+05, 0.000e+00, 3.319e-04, 0.000e+00, 2.047e+00, 9.983e+02, 1.425e-07
7.850e-01, 5.000e-01, -4.150e-01, 1.126e+05, 0.000e+00, 3.203e-04, 0.000e+00, 2.045e+00, 9.983e+02, 1.375e-07
7.850e-01, 5.000e-01, -4.050e-01, 1.125e+05, 0.000e+00, 3.062e-04, 0.000e+00, 2.043e+00, 9.983e+02, 1.315e-07
7.850e-01, 5.000e-01, -3.950e-01, 1.124e+05, 0.000e+00, 2.882e-04, 0.000e+00, 2.041e+00, 9.983e+02, 1.237e-07
7.850e-01, 5.000e-01, -3.850e-01, 1.123e+05, 0.000e+00, 2.644e-04, 0.000e+00, 2.039e+00, 9.983e+02, 1.135e-07
7.850e-01, 5.000e-01, -3.750e-01, 1.122e+05, 0.000e+00, 2.325e-04, 0.000e+00, 2.038e+00, 9.983e+02, 9.983e-08
7.850e-01, 5.000e-01, -3.650e-01, 1.121e+05, 0.000e+00, 1.900e-04, 0.000e+00, 2.036e+00, 9.983e+02, 8.155e-08
7.850e-01, 5.000e-01, -3.550e-01, 1.120e+05, 0.000e+00, 1.618e-04, 0.000e+00, 2.034e+00, 9.983e+02, 6.946e-08
7.850e-01, 5.000e-01, -3.450e-01, 1.119e+05, 0.000e+00, 1.593e-04, 0.000e+00, 2.033e+00, 9.983e+02, 7.038e-08
7.850e-01, 5.000e-01, -3.350e-01, 1.118e+05, 0.000e+00, 1.582e-04, 0.000e+00, 2.031e+00, 9.983e+02, 7.105e-08
7.850e-01, 5.000e-01, -3.250e-01, 1.117e+05, 0.000e+00, 1.510e-04, 0.000e+00, 2.029e+00, 9.983e+02, 6.783e-08
7.850e-01, 5.000e-01, -3.150e-01, 1.116e+05, 0.000e+00, 1.405e-04, 0.000e+00, 2.027e+00, 9.983e+02, 6.313e-08
7.850e-01, 5.000e-01, -3.050e-01, 1.115e+05, 0.000e+00, 1.284e-04, 0.000e+00, 2.025e+00, 9.983e+02, 5.768e-08
7.850e-01, 5.000e-01, -2.950e-01, 1.114e+05, 0.000e+00, 1.153e-04, 0.000e+00, 2.024e+00, 9.983e+02, 5.180e-08
7.850e-01, 5.000e-01, -2.850e-01, 1.113e+05, 0.000e+00, 1.018e-04, 0.000e+00, 2.022e+00, 9.983e+02, 4.574e-08
7.850e-01, 5.000e-01, -2.750e-01, 1.112e+05, 0.000e+00, 8.891e-05, 0.000e+00, 2.020e+00, 9.983e+02, 3.994e-08
7.850e-01, 5.000e-01, -2.650e-01, 1.111e+05, 0.000e+00, 7.914e-05, 0.000e+00, 2.018e+00, 9.983e+02, 3.555e-08
7.850e-01, 5.000e-01, -2.550e-01, 1.110e+05, 0.000e+00, 7.975e-05, 0.000e+00, 2.016e+00, 9.983e+02, 3.548e-08
7.850e-01, 5.000e-01, -2.450e-01, 1.110e+05, 0.000e+00, 8.809e-05, 0.000e+00, 2.016e+00, 9.983e+02, 3.869e-08
7.850e-01, 5.000e-01, -2.350e-01, 1.109e+05, 0.000e+00, 9.055e-05, 0.000e+00, 2.014e+00, 9.983e+02, 3.978e-08
7.850e-01, 5.000e-01, -2.250e-01, 1.108e+05, 0.000e+00, 8.775e-05, 0.000e+00, 2.012e+00, 9.983e+02, 3.855e-08
7.850e-01, 5.000e-01, -2.150e-01, 1.107e+05, 0.000e+00, 8.253e-05, 0.000e+00, 2.011e+00, 9.983e+02, 3.625e-08
7.850e-01, 5.000e-01, -2.050e-01, 1.106e+05, 0.000e+00, 7.935e-05, 0.000e+00, 2.009e+00, 9.983e+02, 3.485e-08
7.850e-01, 5.000e-01, -1.950e-01, 1.105e+05, 0.000e+00, 8.572e-05, 0.000e+00, 2.007e+00, 9.983e+02, 3.765e-08
7.850e-01, 5.000e-01, -1.850e-01, 1.104e+05, 0.000e+00, 1.136e-04, 0.000e+00, 2.005e+00, 9.983e+02, 4.934e-08
7.850e-01, 5.000e-01, -1.750e-01, 1.105e+05, 0.000e+00, 1.468e-04, 0.000e+00, 2.007e+00, 9.983e+02, 6.301e-08
7.850e-01, 5.000e-01, -1.650e-01, 1.104e+05, 0.000e+00, 1.605e-04, 0.000e+00, 2.005e+00, 9.983e+02, 6.891e-08
7.850e-01, 5.000e-01, -1.550e-01, 1.103e+05, 0.000e+00, 1.588e-04, 0.000e+00, 2.004e+00, 9.983e+02, 6.815e-08
7.850e-01, 5.000e-01, -1.450e-01, 1.102e+05, 0.000e+00, 1.445e-04, 0.000e+00, 2.002e+00, 9.983e+02, 6.201e-08
7.850e-01, 5.000e-01, -1.350e-01, 1.101e+05, 0.000e+00, 1.201e-04, 0.000e+00, 2.000e+00, 9.983e+02, 5.154e-08
7.850e-01, 5.000e-01, -1.250e-01, 1.100e+05, 0.000e+00, 8.905e-05, 0.000e+00, 1.998e+00, 9.983e+02, 3.823e-08
7.850e-01, 5.000e-01, -1.150e-01, 1.111e+05, 0.000e+00, 5.643e-05, 0.000e+00, 2.018e+00, 9.983e+02, 2.467e-08
7.850e-01, 5.000e-01, -1.050e-01, 1.110e+05, 0.000e+00, 3.296e-05, 0.000e+00, 2.017e+00, 9.983e+02, 1.448e-08
7.850e-01, 5.000e-01, -9.500e-02, 1.109e+05, 0.000e+00, 1.798e-05, 0.000e+00, 2.015e+00, 9.983e+02, 7.899e-09
7.850e-01, 5.000e-01, -8.500e-02, 1.108e+05, 0.000e+00, 9.201e-06, 0.000e+00, 2.013e+00, 9.983e+02, 4.042e-09
7.850e-01, 5.000e-01, -7.500e-02, 1.107e+05, 0.000e+00, 4.427e-06, 0.000e+00, 2.011e+00, 9.983e+02, 1.945e-09
7.850e-01, 5.000e-01, -6.500e-02, 1.106e+05, 0.000e+00, 2.006e-06, 0.000e+00, 2.009e+00, 9.983e+02, 8.813e-10
7.850e-01, 5.000e-01, -5.500e-02, 1.105e+05, 0.000e+00, 8.577e-07, 0.000e+00, 2.008e+00, 9.983e+02, 3.768e-10
7.850e-01, 5.000e-01, -4.500e-02, 1.104e+05, 0.000e+00, 3.464e-07, 0.000e+00, 2.006e+00, 9.983e+02, 1.522e-10
7.850e-01, 5.000e-01, -3.500e-02, 1.103e+05, 0.000e+00, 1.324e-07, 0.000e+00, 2.004e+00, 9.983e+02, 5.816e-11
7.850e-01, 5.000e-01, -2.500e-02, 1.102e+05, 0.000e+00, 4.812e-08, 0.000e+00, 2.002e+00, 9.983e+02, 2.114e-11
7.850e-01, 5.000e-01, -1.500e-02, 1.101e+05, 0.000e+00, 1.698e-08, 0.000e+00, 2.000e+00, 9.983e+02, 7.460e-12
7.850e-01, 5.000e-01, -5.000e-03, 1.100e+05, 0.000e+00, 6.729e-09, 0.000e+00, 1.999e+00, 9.983e+02, 2.956e-12
7.950e-01, 5.000e-01, -1.195e+00, 1.202e+05, 0.000e+00, 1.002e-13, 0.000e+00, 2.184e+00, 9.983e+02, 2.000e-17
7.950e-01, 5.000e-01, -1.185e+00, 1.201e+05, 0.000e+00, 1.002e-13, 0.000e+00, 2.182e+00, 9.983e+02, 2.000e-17
7.950e-01, 5.000e-01, -1.175e+00, 1.200e+05, 0.000e+00, 1.002e-13, 0.000e+00, 2.181e+00, 9.983e+02, 2.000e-17
7.950e-01, 5.000e-01, -1.165e+00, 1.199e+05, 0.000e+00, 1.002e-13, 0.000e+00, 2.179e+00, 9.983e+02, 2.000e-17
7.950e-01, 5.000e-01, -1.155e+00, 1.198e+05, 0.000e+00, 4.182e-12, 0.000e+00, 2.177e+00, 9.983e+02, 9.911e-16
7.950e-01, 5.000e-01, -1.145e+00, 1.197e+05, 0.000e+00, 1.475e-03, 0.000e+00, 2.175e+00, 9.985e+02, 6.333e-07
7.950e-01, 5.000e-01, -1.135e+00, 1.196e+05, 0.000e+00, 1.457e-03, 0.000e+00, 2.174e+00, 9.985e+02, 6.257e-07
7.950e-01, 5.000e-01, -1.125e+00, 1.195e+05, 0.000e+00, 1.409e-03, 0.000e+00, 2.172e+00, 9.985e+02, 6.050e-07
7.950e-01, 5.000e-01, -1.115e+00, 1.194e+05, 0.000e+00, 1.334e-03, 0.000e+00, 2.170e+00, 9.985e+02, 5.729e-07
7.950e-01, 5.000e-01, -1.105e+00, 1.193e+05, 0.000e+00, 1.239e-03, 0.000e+00, 2.168e+00, 9.985e+02, 5.318e-07
7.950e-01, 5.000e-01, -1.095e+00, 1.192e+05, 0.000e+00, 1.127e-03, 0.000e+00, 2.167e+00, 9.985e+02, 4.839e-07
7.950e-01, 5.000e-01, -1.085e+00, 1.191e+05, 0.000e+00, 1.009e-03, 0.000e+00, 2.165e+00, 9.984e+02, 4.331e-07
7.950e-01, 5.000e-01, -1.075e+00, 1.190e+05, 0.000e+00, 8.954e-04, 0.000e+00, 2.163e+00, 9.984e+02, 3.844e-07
7.950e-01, 5.000e-01, -1.065e+00, 1.189e+05, 0.000e+00, 7.981e-04, 0.000e+00, 2.161e+00, 9.984e+02, 3.426e-07
7.950e-01, 5.000e-01, -1.055e+00, 1.188e+05, 0.000e+00, 7.240e-04, 0.000e+00, 2.159e+00, 9.984e+02, 3.108e-07
7.950e-01, 5.000e-01, -1.045e+00, 1.187e+05, 0.000e+00, 6.730e-04, 0.000e+00, 2.158e+00, 9.984e+02, 2.889e-07
7.950e-01, 5.000e-01, -1.035e+00, 1.186e+05, 0.000e+00, 6.392e-04, 0.000e+00, 2.156e+00, 9.984e+02, 2.744e-07
7.950e-01, 5.000e-01, -1.025e+00, 1.185e+05, 0.000e+00, 6.163e-04, 0.000e+00, 2.154e+00, 9.984e+02, 2.646e-07
7.950e-01, 5.000e-01, -1.015e+00, 1.185e+05, 0.000e+00, 5.989e-04, 0.000e+00, 2.152e+00, 9.984e+02, 2.571e-07
7.950e-01, 5.000e-01, -1.005e+00, 1.184e+05, 0.000e+00, 5.829e-04, 0.000e+00, 2.150e+00, 9.984e+02, 2.502e-07
7.950e-01, 5.000e-01, -9.950e-01, 1.183e+05, 0.000e+00, 5.664e-04, 0.000e+00, 2.149e+00, 9.984e+02, 2.431e-07
7.950e-01, 5.000e-01, -9.850e-01, 1.182e+05, 0.000e+00, 5.488e-04, 0.000e+00, 2.147e+00, 9.984e+02, 2.356e-07
7.950e-01, 5.000e-01, -9.750e-01, 1.181e+05, 0.000e+00, 5.303e-04, 0.000e+00, 2.145e+00, 9.984e+02, 2.277e-07
7.950e-01, 5.000e-01, -9.650e-01, 1.180e+05, 0.000e+00, 5.115e-04, 0.000e+00, 2.143e+00, 9.984e+02, 2.196e-07
7.950e-01, 5.000e-01, -9.550e-01, 1.179e+05, 0.000e+00, 4.929e-04, 0.000e+00, 2.141e+00, 9.984e+02, 2.116e-07
7.950e-01, 5.000e-01, -9.450e-01, 1.178e+05, 0.000e+00, 4.743e-04, 0.000e+00, 2.140e+00, 9.983e+02, 2.036e-07
7.950e-01, 5.000e-01, -9.350e-01, 1.177e+05, 0.000e+00, 4.549e-04, 0.000e+00, 2.138e+00, 9.983e+02, 1.953e-07
7.950e-01, 5.000e-01, -9.250e-01, 1.176e+05, 0.000e+00, 4.340e-04, 0.000e+00, 2.136e+00, 9.983e+02, 1.863e-07
7.950e-01, 5.000e-01, -9.150e-01, 1.175e+05, 0.000e+00, 4.121e-04, 0.000e+00, 2.134e+00, 9.983e+02, 1.769e-07
7.950e-01, 5.000e-01, -9.050e-01, 1.174e+05, 0.000e+00, 3.909e-04, 0.000e+00, 2.132e+00, 9.983e+02, 1.678e-07
7.950e-01, 5.000e-01, -8.950e-01, 1.173e+05, 0.000e+00, 3.717e-04, 0.000e+00, 2.131e+00, 9.983e+02, 1.596e-07
7.950e-01, 5.000e-01, -8.850e-01, 1.172e+05, 0.000e+00, 3.554e-04, 0.000e+00, 2.129e+00, 9.983e+02, 1.526e-07
7.950e-01, 5.000e-01, -8.750e-01, 1.171e+05, 0.000e+00, 3.423e-04, 0.000e+00, 2.127e+00, 9.983e+02, 1.469e-07
7.950e-01, 5.000e-01, -8.650e-01, 1.170e+05, 0.000e+00, 3.321e-04, 0.000e+00, 2.125e+00, 9.983e+02, 1.426e-07
7.950e-01, 5.000e-01, -8.550e-01, 1.169e+05, 0.000e+00, 3.245e-04, 0.000e+00, 2.124e+00, 9.983e+02, 1.393e-07
7.950e-01, 5.000e-01, -8.450e-01, 1.168e+05, 0.000e+00, 3.187e-04, 0.000e+00, 2.122e+00, 9.983e+02, 1.368e-07
7.950e-01, 5.000e-01, -8.350e-01, 1.167e+05, 0.000e+00, 3.142e-04, 0.000e+00, 2.120e+00, 9.983e+02, 1.349e-07
7.950e-01, 5.000e-01, -8.250e-01, 1.166e+05, 0.000e+00, 3.105e-04, 0.000e+00, 2.118e+00, 9.983e+02, 1.333e-07
7.950e-01, 5.000e-01, -8.150e-01, 1.165e+05, 0.000e+00, 3.071e-04, 0.000e+00, 2.116e+00, 9.983e+02, 1.318e-07
7.950e-01, 5.000e-01, -8.050e-01, 1.164e+05, 0.000e+00, 3.033e-04, 0.000e+00, 2.115e+00, 9.983e+02, 1.302e-07
7.950e-01, 5.000e-01, -7.950e-01, 1.163e+05, 0.000e+00, 2.978e-04, 0.000e+00, 2.113e+00, 9.983e+02, 1.278e-07
7.950e-01, 5.000e-01, -7.850e-01, 1.162e+05, 0.000e+00, 2.904e-04, 0.000e+00, 2.111e+00, 9.983e+02, 1.247e-07
7.950e-01, 5.000e-01, -7.750e-01, 1.161e+05, 0.000e+00, 2.839e-04, 0.000e+00, 2.109e+00, 9.983e+02, 1.219e-07
7.950e-01, 5.000e-01, -7.650e-01, 1.175e+05, 0.000e+00, 2.859e-04, 0.000e+00, 2.135e+00, 9.983e+02, 1.251e-07
7.950e-01, 5.000e-01, -7.550e-01, 1.174e+05, 0.000e+00, 2.698e-04, 0.000e+00, 2.133e+00, 9.983e+02, 1.185e-07
7.950e-01, 5.000e-01, -7.450e-01, 1.173e+05, 0.000e+00, 2.282e-04, 0.000e+00, 2.131e+00, 9.983e+02, 1.002e-07
7.950e-01, 5.000e-01, -7.350e-01, 1.172e+05, 0.000e+00, 1.716e-04, 0.000e+00, 2.129e+00, 9.983e+02, 7.539e-08
7.950e-01, 5.000e-01, -7.250e-01, 1.171e+05, 0.000e+00, 1.158e-04, 0.000e+00, 2.127e+00, 9.983e+02, 5.086e-08
7.950e-01, 5.000e-01, -7.150e-01, 1.170e+05, 0.000e+00, 7.097e-05, 0.000e+00, 2.126e+00, 9.983e+02, 3.117e-08
7.950e-01, 5.000e-01, -7.050e-01, 1.169e+05, 0.000e+00, 4.005e-05, 0.000e+00, 2.124e+00, 9.983e+02, 1.759e-08
7.950e-01, 5.000e-01, -6.950e-01, 1.168e+05, 0.000e+00, 2.113e-05, 0.000e+00, 2.122e+00, 9.983e+02, 9.283e-09
7.950e-01, 5.000e-01, -6.850e-01, 1.167e+05, 0.000e+00, 1.087e-05, 0.000e+00, 2.120e+00, 9.983e+02, 4.777e-09
7.950e-01, 5.000e-01, -6.750e-01, 1.166e+05, 0.000e+00, 6.704e-06, 0.000e+00, 2.119e+00, 9.983e+02, 2.944e-09
7.950e-01, 5.000e-01, -6.650e-01, 1.165e+05, 0.000e+00, 8.145e-06, 0.000e+00, 2.117e+00, 9.983e+02, 3.577e-09
7.950e-01, 5.000e-01, -6.550e-01, 1.164e+05, 0.000e+00, 1.794e-05, 0.000e+00, 2.115e+00, 9.983e+02, 7.879e-09
7.950e-01, 5.000e-01, -6.450e-01, 1.163e+05, 0.000e+00, 4.277e-05, 0.000e+00, 2.113e+00, 9.983e+02, 1.878e-08
7.950e-01, 5.000e-01, -6.350e-01, 1.162e+05, 0.000e+00, 9.151e-05, 0.000e+00, 2.111e+00, 9.983e+02, 4.020e-08
7.950e-01, 5.000e-01, -6.250e-01, 1.161e+05, 0.000e+00, 1.682e-04, 0.000e+00, 2.110e+00, 9.983e+02, 7.386e-08
7.950e-01, 5.000e-01, -6.150e-01, 1.160e+05, 0.000e+00, 2.610e-04, 0.000e+00, 2.108e+00, 9.983e+02, 1.150e-07
7.950e-01, 5.000e-01, -6.050e-01, 1.144e+05, 0.000e+00, 3.389e-04, 0.000e+00, 2.079e+00, 9.983e+02, 1.522e-07
7.950e-01, 5.000e-01, -5.950e-01, 1.144e+05, 0.000e+00, 3.635e-04, 0.000e+00, 2.077e+00, 9.983e+02, 1.633e-07
7.950e-01, 5.000e-01, -5.850e-01, 1.143e+05, 0.000e+00, 3.568e-04, 0.000e+00, 2.075e+00, 9.983e+02, 1.603e-07
7.950e-01, 5.000e-01, -5.750e-01, 1.142e+05, 0.000e+00, 3.388e-04, 0.000e+00, 2.074e+00, 9.983e+02, 1.522e-07
7.950e-01, 5.000e-01, -5.650e-01, 1.141e+05, 0.000e+00, 3.207e-04, 0.000e+00, 2.072e+00, 9.983e+02, 1.441e-07
7.950e-01, 5.000e-01, -5.550e-01, 1.140e+05, 0.000e+00, 3.087e-04, 0.000e+00, 2.070e+00, 9.983e+02, 1.387e-07
7.950e-01, 5.000e-01, -5.450e-01, 1.139e+05, 0.000e+00, 3.061e-04, 0.000e+00, 2.068e+00, 9.983e+02, 1.375e-07
7.950e-01, 5.000e-01, -5.350e-01, 1.138e+05, 0.000e+00, 3.132e-04, 0.000e+00, 2.067e+00, 9.983e+02, 1.407e-07
7.950e-01, 5.000e-01, -5.250e-01, 1.137e+05, 0.000e+00, 3.271e-04, 0.000e+00, 2.065e+00, 9.983e+02, 1.470e-07
7.950e-01, 5.000e-01, -5.150e-01, 1.136e+05, 0.000e+00, 3.430e-04, 0.000e+00, 2.063e+00, 9.983e+02, 1.541e-07
7.950e-01, 5.000e-01, -5.050e-01, 1.135e+05, 0.000e+00, 3.565e-04, 0.000e+00, 2.061e+00, 9.983e+02, 1.601e-07
7.950e-01, 5.000e-01, -4.950e-01, 1.134e+05, 0.000e+00, 3.650e-04, 0.000e+00, 2.059e+00, 9.983e+02, 1.640e-07
7.950e-01, 5.000e-01, -4.850e-01, 1.133e+05, 0.000e+00, 3.684e-04, 0.000e+00, 2.058e+00, 9.983e+02, 1.655e-07
7.950e-01, 5.000e-01, -4.750e-01, 1.133e+05, 0.000e+00, 3.674e-04, 0.000e+00, 2.057e+00, 9.983e+02, 1.623e-07
7.950e-01, 5.000e-01, -4.650e-01, 1.132e+05, 0.000e+00, 3.633e-04, 0.000e+00, 2.055e+00, 9.983e+02, 1.596e-07
7.950e-01, 5.000e-01, -4.550e-01, 1.131e+05, 0.000e+00, 3.565e-04, 0.000e+00, 2.054e+00, 9.983e+02, 1.560e-07
7.950e-01, 5.000e-01, -4.450e-01, 1.129e+05, 0.000e+00, 3.478e-04, 0.000e+00, 2.050e+00, 9.983e+02, 1.493e-07
7.950e-01, 5.000e-01, -4.350e-01, 1.128e+05, 0.000e+00, 3.363e-04, 0.000e+00, 2.048e+00, 9.983e+02, 1.443e-07
7.950e-01, 5.000e-01, -4.250e-01, 1.127e+05, 0.000e+00, 3.232e-04, 0.000e+00, 2.047e+00, 9.983e+02, 1.387e-07
7.950e-01, 5.000e-01, -4.150e-01, 1.126e+05, 0.000e+00, 3.078e-04, 0.000e+00, 2.045e+00, 9.983e+02, 1.321e-07
7.950e-01, 5.000e-01, -4.050e-01, 1.125e+05, 0.000e+00, 2.890e-04, 0.000e+00, 2.043e+00, 9.983e+02, 1.240e-07
7.950e-01, 5.000e-01, -3.950e-01, 1.124e+05, 0.000e+00, 2.654e-04, 0.000e+00, 2.041e+00, 9.983e+02, 1.139e-07
7.950e-01, 5.000e-01, -3.850e-01, 1.123e+05, 0.000e+00, 2.353e-04, 0.000e+00, 2.039e+00, 9.983e+02, 1.010e-07
7.950e-01, 5.000e-01, -3.750e-01, 1.122e+05, 0.000e+00, 1.978e-04, 0.000e+00, 2.038e+00, 9.983e+02, 8.490e-08
7.950e-01, 5.000e-01, -3.650e-01, 1.121e+05, 0.000e+00, 1.592e-04, 0.000e+00, 2.036e+00, 9.983e+02, 6.834e-08
7.950e-01, 5.000e-01, -3.550e-01, 1.120e+05, 0.000e+00, 1.422e-04, 0.000e+00, 2.034e+00, 9.983e+02, 6.104e-08
7.950e-01, 5.000e-01, -3.450e-01, 1.119e+05, 0.000e+00, 1.423e-04, 0.000e+00, 2.033e+00, 9.983e+02, 6.297e-08
7.950e-01, 5.000e-01, -3.350e-01, 1.118e+05, 0.000e+00, 1.421e-04, 0.000e+00, 2.031e+00, 9.983e+02, 6.381e-08
7.950e-01, 5.000e-01, -3.250e-01, 1.117e+05, 0.000e+00, 1.364e-04, 0.000e+00, 2.029e+00, 9.983e+02, 6.127e-08
7.950e-01, 5.000e-01, -3.150e-01, 1.116e+05, 0.000e+00, 1.274e-04, 0.000e+00, 2.027e+00, 9.983e+02, 5.725e-08
7.950e-01, 5.000e-01, -3.050e-01, 1.115e+05, 0.000e+00, 1.165e-04, 0.000e+00, 2.025e+00, 9.983e+02, 5.235e-08
7.950e-01, 5.000e-01, -2.950e-01, 1.114e+05, 0.000e+00, 1.044e-04, 0.000e+00, 2.024e+00, 9.983e+02, 4.691e-08
7.950e-01, 5.000e-01, -2.850e-01, 1.113e+05, 0.000e+00, 9.177e-05, 0.000e+00, 2.022e+00, 9.983e+02, 4.122e-08
7.950e-01, 5.000e-01, -2.750e-01, 1.112e+05, 0.000e+00, 7.945e-05, 0.000e+00, 2.020e+00, 9.983e+02, 3.569e-08
7.950e-01, 5.000e-01, -2.650e-01, 1.111e+05, 0.000e+00, 6.948e-05, 0.000e+00, 2.018e+00, 9.983e+02, 3.121e-08
7.950e-01, 5.000e-01, -2.550e-01, 1.110e+05, 0.000e+00, 6.771e-05, 0.000e+00, 2.016e+00, 9.983e+02, 3.012e-08
7.950e-01, 5.000e-01, -2.450e-01, 1.110e+05, 0.000e+00, 7.219e-05, 0.000e+00, 2.016e+00, 9.983e+02, 3.171e-08
7.950e-01, 5.000e-01, -2.350e-01, 1.109e+05, 0.000e+00, 7.385e-05, 0.000e+00, 2.014e+00, 9.983e+02, 3.244e-08
7.950e-01, 5.000e-01, -2.250e-01, 1.108e+05, 0.000e+00, 7.205e-05, 0.000e+00, 2.012e+00, 9.983e+02, 3.165e-08
7.950e-01, 5.000e-01, -2.150e-01, 1.107e+05, 0.000e+00, 6.799e-05, 0.000e+00, 2.011e+00, 9.983e+02, 2.986e-08
7.950e-01, 5.000e-01, -2.050e-01, 1.106e+05, 0.000e+00, 6.472e-05, 0.000e+00, 2.009e+00, 9.983e+02, 2.843e-08
7.950e-01, 5.000e-01, -1.950e-01, 1.105e+05, 0.000e+00, 6.817e-05, 0.000e+00, 2.007e+00, 9.983e+02, 2.994e-08
7.950e-01, 5.000e-01, -1.850e-01, 1.104e+05, 0.000e+00, 8.994e-05, 0.000e+00, 2.005e+00, 9.983e+02, 3.909e-08
7.950e-01, 5.000e-01, -1.750e-01, 1.105e+05, 0.000e+00, 1.224e-04, 0.000e+00, 2.007e+00, 9.983e+02, 5.256e-08
7.950e-01, 5.000e-01, -1.650e-01, 1.104e+05, 0.000e+00, 1.415e-04, 0.000e+00, 2.005e+00, 9.983e+02, 6.072e-08
7.950e-01, 5.000e-01, -1.550e-01, 1.103e+05, 0.000e+00, 1.467e-04, 0.000e+00, 2.004e+00, 9.983e+02, 6.295e-08
7.950e-01, 5.000e-01, -1.450e-01, 1.102e+05, 0.000e+00, 1.389e-04, 0.000e+00, 2.002e+00, 9.983e+02, 5.964e-08
7.950e-01, 5.000e-01, -1.350e-01, 1.101e+05, 0.000e+00, 1.195e-04, 0.000e+00, 2.000e+00, 9.983e+02, 5.129e-08
7.950e-01, 5.000e-01, -1.250e-01, 1.100e+05, 0.000e+00, 9.111e-05, 0.000e+00, 1.998e+00, 9.983e+02, 3.911e-08
7.950e-01, 5.000e-01, -1.150e-01, 1.111e+05, 0.000e+00, 5.901e-05, 0.000e+00, 2.018e+00, 9.983e+02, 2.578e-08
7.950e-01, 5.000e-01, -1.050e-01, 1.110e+05, 0.000e+00, 3.472e-05, 0.000e+00, 2.017e+00, 9.983e+02, 1.525e-08
7.950e-01, 5.000e-01, -9.500e-02, 1.109e+05, 0.000e+00, 1.896e-05, 0.000e+00, 2.015e+00, 9.983e+02, 8.329e-09
7.950e-01, 5.000e-01, -8.500e-02, 1.108e+05, 0.000e+00, 9.685e-06, 0.000e+00, 2.013e+00, 9.983e+02, 4.254e-09
7.950e-01, 5.000e-01, -7.500e-02, 1.107e+05, 0.000e+00, 4.648e-06, 0.000e+00, 2.011e+00, 9.983e+02, 2.041e-09
7.950e-01, 5.000e-01, -6.500e-02, 1.106e+05, 0.000e+00, 2.101e-06, 0.000e+00, 2.009e+00, 9.983e+02, 9.228e-10
7.950e-01, 5.000e-01, -5.500e-02, 1.105e+05, 0.000e+00, 8.961e-07, 0.000e+00, 2.008e+00, 9.983e+02, 3.936e-10
7.950e-01, 5.000e-01, -4.500e-02, 1.104e+05, 0.000e+00, 3.612e-07, 0.000e+00, 2.006e+00, 9.983e+02, 1.587e-10
7.950e-01, 5.000e-01, -3.500e-02, 1.103e+05, 0.000e+00, 1.379e-07, 0.000e+00, 2.004e+00, 9.983e+02, 6.057e-11
7.950e-01, 5.000e-01, -2.500e-02, 1.102e+05, 0.000e+00, 5.006e-08, 0.000e+00, 2.002e+00, 9.983e+02, 2.199e-11
7.950e-01, 5.000e-01, -1.500e-02, 1.101e+05, 0.000e+00, 1.765e-08, 0.000e+00, 2.000e+00, 9.983e+02, 7.754e-12
7.950e-01, 5.000e-01, -5.000e-03, 1.100e+05, 0.000e+00, 6.998e-09, 0.000e+00, 1.999e+00, 9.983e+02, 3.074e-12
8.050e-01, 5.000e-01, -1.195e+00, 1.202e+05, 0.000e+00, 1.002e-13, 0.000e+00, 2.184e+00, 9.983e+02, 2.000e-17
8.050e-01, 5.000e-01, -1.185e+00, 1.201e+05, 0.000e+00, 1.002e-13, 0.000e+00, 2.182e+00, 9.983e+02, 2.000e-17
8.050e-01, 5.000e-01, -1.175e+00, 1.200e+05, 0.000e+00, 1.002e-13, 0.000e+00, 2.181e+00, 9.983e+02, 2.000e-17
8.050e-01, 5.000e-01, -1.165e+00, 1.199e+05, 0.000e+00, 1.004e-13, 0.000e+00, 2.179e+00, 9.983e+02, 2.004e-17
8.050e-01, 5.000e-01, -1.155e+00, 1.198e+05, 0.000e+00, 7.354e-08, 0.000e+00, 2.177e+00, 9.983e+02, 2.126e-11
8.050e-01, 5.000e-01, -1.145e+00, 1.197e+05, 0.000e+00, 1.482e-03, 0.000e+00, 2.175e+00, 9.985e+02, 6.363e-07
8.050e-01, 5.000e-01, -1.135e+00, 1.196e+05, 0.000e+00, 1.458e-03, 0.000e+00, 2.174e+00, 9.985e+02, 6.259e-07
8.050e-01, 5.000e-01, -1.125e+00, 1.195e+05, 0.000e+00, 1.408e-03, 0.000e+00, 2.172e+00, 9.985e+02, 6.047e-07
8.050e-01, 5.000e-01, -1.115e+00, 1.194e+05, 0.000e+00, 1.334e-03, 0.000e+00, 2.170e+00, 9.985e+02, 5.727e-07
8.050e-01, 5.000e-01, -1.105e+00, 1.193e+05, 0.000e+00, 1.238e-03, 0.000e+00, 2.168e+00, 9.985e+02, 5.314e-07
8.050e-01, 5.000e-01, -1.095e+00, 1.192e+05, 0.000e+00, 1.126e-03, 0.000e+00, 2.167e+00, 9.985e+02, 4.833e-07
8.050e-01, 5.000e-01, -1.085e+00, 1.191e+05, 0.000e+00, 1.006e-03, 0.000e+00, 2.165e+00, 9.984e+02, 4.321e-07
8.050e-01, 5.000e-01, -1.075e+00, 1.190e+05, 0.000e+00, 8.921e-04, 0.000e+00, 2.163e+00, 9.984e+02, 3.830e-07
8.050e-01, 5.000e-01, -1.065e+00, 1.189e+05, 0.000e+00, 7.946e-04, 0.000e+00, 2.161e+00, 9.984e+02, 3.411e-07
8.050e-01, 5.000e-01, -1.055e+00, 1.188e+05, 0.000e+00, 7.219e-04, 0.000e+00, 2.159e+00, 9.984e+02, 3.099e-07
8.050e-01, 5.000e-01, -1.045e+00, 1.187e+05, 0.000e+00, 6.727e-04, 0.000e+00, 2.158e+00, 9.984e+02, 2.888e-07
8.050e-01, 5.000e-01, -1.035e+00, 1.186e+05, 0.000e+00, 6.402e-04, 0.000e+00, 2.156e+00, 9.984e+02, 2.748e-07
8.050e-01, 5.000e-01, -1.025e+00, 1.185e+05, 0.000e+00, 6.180e-04, 0.000e+00, 2.154e+00, 9.984e+02, 2.653e-07
8.050e-01, 5.000e-01, -1.015e+00, 1.185e+05, 0.000e+00, 6.011e-04, 0.000e+00, 2.152e+00, 9.984e+02, 2.581e-07
8.050e-01, 5.000e-01, -1.005e+00, 1.184e+05, 0.000e+00, 5.857e-04, 0.000e+00, 2.150e+00, 9.984e+02, 2.514e-07
8.050e-01, 5.000e-01, -9.950e-01, 1.183e+05, 0.000e+00, 5.698e-04, 0.000e+00, 2.149e+00, 9.984e+02, 2.446e-07
8.050e-01, 5.000e-01, -9.850e-01, 1.182e+05, 0.000e+00, 5.529e-04, 0.000e+00, 2.147e+00, 9.984e+02, 2.374e-07
8.050e-01, 5.000e-01, -9.750e-01, 1.181e+05, 0.000e+00, 5.353e-04, 0.000e+00, 2.145e+00, 9.984e+02, 2.298e-07
8.050e-01, 5.000e-01, -9.650e-01, 1.180e+05, 0.000e+00, 5.171e-04, 0.000e+00, 2.143e+00, 9.984e+02, 2.220e-07
8.050e-01, 5.000e-01, -9.550e-01, 1.179e+05, 0.000e+00, 4.988e-04, 0.000e+00, 2.141e+00, 9.984e+02, 2.141e-07
8.050e-01, 5.000e-01, -9.450e-01, 1.178e+05, 0.000e+00, 4.806e-04, 0.000e+00, 2.140e+00, 9.984e+02, 2.063e-07
8.050e-01, 5.000e-01, -9.350e-01, 1.177e+05, 0.000e+00, 4.620e-04, 0.000e+00, 2.138e+00, 9.983e+02, 1.983e-07
8.050e-01, 5.000e-01, -9.250e-01, 1.176e+05, 0.000e+00, 4.421e-04, 0.000e+00, 2.136e+00, 9.983e+02, 1.898e-07
8.050e-01, 5.000e-01, -9.150e-01, 1.175e+05, 0.000e+00, 4.209e-04, 0.000e+00, 2.134e+00, 9.983e+02, 1.807e-07
8.050e-01, 5.000e-01, -9.050e-01, 1.174e+05, 0.000e+00, 3.997e-04, 0.000e+00, 2.132e+00, 9.983e+02, 1.716e-07
8.050e-01, 5.000e-01, -8.950e-01, 1.173e+05, 0.000e+00, 3.798e-04, 0.000e+00, 2.131e+00, 9.983e+02, 1.630e-07
8.050e-01, 5.000e-01, -8.850e-01, 1.172e+05, 0.000e+00, 3.624e-04, 0.000e+00, 2.129e+00, 9.983e+02, 1.556e-07
8.050e-01, 5.000e-01, -8.750e-01, 1.171e+05, 0.000e+00, 3.479e-04, 0.000e+00, 2.127e+00, 9.983e+02, 1.493e-07
8.050e-01, 5.000e-01, -8.650e-01, 1.170e+05, 0.000e+00, 3.364e-04, 0.000e+00, 2.125e+00, 9.983e+02, 1.444e-07
8.050e-01, 5.000e-01, -8.550e-01, 1.169e+05, 0.000e+00, 3.274e-04, 0.000e+00, 2.124e+00, 9.983e+02, 1.406e-07
8.050e-01, 5.000e-01, -8.450e-01, 1.168e+05, 0.000e+00, 3.206e-04, 0.000e+00, 2.122e+00, 9.983e+02, 1.376e-07
8.050e-01, 5.000e-01, -8.350e-01, 1.167e+05, 0.000e+00, 3.153e-04, 0.000e+00, 2.120e+00, 9.983e+02, 1.353e-07
8.050e-01, 5.000e-01, -8.250e-01, 1.166e+05, 0.000e+00, 3.110e-04, 0.000e+00, 2.118e+00, 9.983e+02, 1.335e-07
8.050e-01, 5.000e-01, -8.150e-01, 1.165e+05, 0.000e+00, 3.072e-04, 0.000e+00, 2.116e+00, 9.983e+02, 1.319e-07
8.050e-01, 5.000e-01, -8.050e-01, 1.164e+05, 0.000e+00, 3.031e-04, 0.000e+00, 2.115e+00, 9.983e+02, 1.301e-07
8.050e-01, 5.000e-01, -7.950e-01, 1.163e+05, 0.000e+00, 2.979e-04, 0.000e+00, 2.113e+00, 9.983e+02, 1.279e-07
8.050e-01, 5.000e-01, -7.850e-01, 1.162e+05, 0.000e+00, 2.911e-04, 0.000e+00, 2.111e+00, 9.983e+02, 1.249e-07
8.050e-01, 5.000e-01, -7.750e-01, 1.161e+05, 0.000e+00, 2.856e-04, 0.000e+00, 2.109e+00, 9.983e+02, 1.226e-07
8.050e-01, 5.000e-01, -7.650e-01, 1.175e+05, 0.000e+00, 2.932e-04, 0.000e+00, 2.135e+00, 9.983e+02, 1.280e-07
8.050e-01, 5.000e-01, -7.550e-01, 1.174e+05, 0.000e+00, 2.863e-04, 0.000e+00, 2.133e+00, 9.983e+02, 1.257e-07
8.050e-01, 5.000e-01, -7.450e-01, 1.173e+05, 0.000e+00, 2.495e-04, 0.000e+00, 2.131e+00, 9.983e+02, 1.096e-07
8.050e-01, 5.000e-01, -7.350e-01, 1.172e+05, 0.000e+00, 1.925e-04, 0.000e+00, 2.129e+00, 9.983e+02, 8.455e-08
8.050e-01, 5.000e-01, -7.250e-01, 1.171e+05, 0.000e+00, 1.329e-04, 0.000e+00, 2.127e+00, 9.983e+02, 5.837e-08
8.050e-01, 5.000e-01, -7.150e-01, 1.170e+05, 0.000e+00, 8.330e-05, 0.000e+00, 2.126e+00, 9.983e+02, 3.659e-08
8.050e-01, 5.000e-01, -7.050e-01, 1.169e+05, 0.000e+00, 4.813e-05, 0.000e+00, 2.124e+00, 9.983e+02, 2.114e-08
8.050e-01, 5.000e-01, -6.950e-01, 1.168e+05, 0.000e+00, 2.602e-05, 0.000e+00, 2.122e+00, 9.983e+02, 1.143e-08
8.050e-01, 5.000e-01, -6.850e-01, 1.167e+05, 0.000e+00, 1.366e-05, 0.000e+00, 2.120e+00, 9.983e+02, 5.998e-09
8.050e-01, 5.000e-01, -6.750e-01, 1.166e+05, 0.000e+00, 8.277e-06, 0.000e+00, 2.119e+00, 9.983e+02, 3.636e-09
8.050e-01, 5.000e-01, -6.650e-01, 1.165e+05, 0.000e+00, 9.202e-06, 0.000e+00, 2.117e+00, 9.983e+02, 4.042e-09
8.050e-01, 5.000e-01, -6.550e-01, 1.164e+05, 0.000e+00, 1.899e-05, 0.000e+00, 2.115e+00, 9.983e+02, 8.341e-09
8.050e-01, 5.000e-01, -6.450e-01, 1.163e+05, 0.000e+00, 4.399e-05, 0.000e+00, 2.113e+00, 9.983e+02, 1.932e-08
8.050e-01, 5.000e-01, -6.350e-01, 1.162e+05, 0.000e+00, 9.240e-05, 0.000e+00, 2.111e+00, 9.983e+02, 4.059e-08
8.050e-01, 5.000e-01, -6.250e-01, 1.161e+05, 0.000e+00, 1.675e-04, 0.000e+00, 2.110e+00, 9.983e+02, 7.356e-08
8.050e-01, 5.000e-01, -6.150e-01, 1.160e+05, 0.000e+00, 2.588e-04, 0.000e+00, 2.108e+00, 9.983e+02, 1.137e-07
8.050e-01, 5.000e-01, -6.050e-01, 1.144e+05, 0.000e+00, 3.386e-04, 0.000e+00, 2.079e+00, 9.983e+02, 1.520e-07
8.050e-01, 5.000e-01, -5.950e-01, 1.144e+05, 0.000e+00, 3.657e-04, 0.000e+00, 2.077e+00, 9.983e+02, 1.643e-07
8.050e-01, 5.000e-01, -5.850e-01, 1.143e+05, 0.000e+00, 3.616e-04, 0.000e+00, 2.075e+00, 9.983e+02, 1.625e-07
8.050e-01, 5.000e-01, -5.750e-01, 1.142e+05, 0.000e+00, 3.458e-04, 0.000e+00, 2.074e+00, 9.983e+02, 1.553e-07
8.050e-01, 5.000e-01, -5.650e-01, 1.141e+05, 0.000e+00, 3.293e-04, 0.000e+00, 2.072e+00, 9.983e+02, 1.479e-07
8.050e-01, 5.000e-01, -5.550e-01, 1.140e+05, 0.000e+00, 3.176e-04, 0.000e+00, 2.070e+00, 9.983e+02, 1.427e-07
8.050e-01, 5.000e-01, -5.450e-01, 1.139e+05, 0.000e+00, 3.130e-04, 0.000e+00, 2.068e+00, 9.983e+02, 1.406e-07
8.050e-01, 5.000e-01, -5.350e-01, 1.138e+05, 0.000e+00, 3.164e-04, 0.000e+00, 2.067e+00, 9.983e+02, 1.421e-07
8.050e-01, 5.000e-01, -5.250e-01, 1.137e+05, 0.000e+00, 3.263e-04, 0.000e+00, 2.065e+00, 9.983e+02, 1.466e-07
8.050e-01, 5.000e-01, -5.150e-01, 1.136e+05, 0.000e+00, 3.388e-04, 0.000e+00, 2.063e+00, 9.983e+02, 1.522e-07
8.050e-01, 5.000e-01, -5.050e-01, 1.135e+05, 0.000e+00, 3.502e-04, 0.000e+00, 2.061e+00, 9.983e+02, 1.573e-07
8.050e-01, 5.000e-01, -4.950e-01, 1.134e+05, 0.000e+00, 3.579e-04, 0.000e+00, 2.059e+00, 9.983e+02, 1.608e-07
8.050e-01, 5.000e-01, -4.850e-01, 1.133e+05, 0.000e+00, 3.612e-04, 0.000e+00, 2.058e+00, 9.983e+02, 1.623e-07
8.050e-01, 5.000e-01, -4.750e-01, 1.133e+05, 0.000e+00, 3.606e-04, 0.000e+00, 2.057e+00, 9.983e+02, 1.594e-07
8.050e-01, 5.000e-01, -4.650e-01, 1.132e+05, 0.000e+00, 3.573e-04, 0.000e+00, 2.055e+00, 9.983e+02, 1.569e-07
8.050e-01, 5.000e-01, -4.550e-01, 1.131e+05, 0.000e+00, 3.513e-04, 0.000e+00, 2.054e+00, 9.983e+02, 1.537e-07
8.050e-01, 5.000e-01, -4.450e-01, 1.129e+05, 0.000e+00, 3.427e-04, 0.000e+00, 2.050e+00, 9.983e+02, 1.471e-07
8.050e-01, 5.000e-01, -4.350e-01, 1.128e+05, 0.000e+00, 3.291e-04, 0.000e+00, 2.048e+00, 9.983e+02, 1.413e-07
8.050e-01, 5.000e-01, -4.250e-01, 1.127e+05, 0.000e+00, 3.131e-04, 0.000e+00, 2.047e+00, 9.983e+02, 1.344e-07
8.050e-01, 5.000e-01, -4.150e-01, 1.126e+05, 0.000e+00, 2.940e-04, 0.000e+00, 2.045e+00, 9.983e+02, 1.262e-07
8.050e-01, 5.000e-01, -4.050e-01, 1.125e+05, 0.000e+00, 2.708e-04, 0.000e+00, 2.043e+00, 9.983e+02, 1.163e-07
8.050e-01, 5.000e-01, -3.950e-01, 1.124e+05, 0.000e+00, 2.423e-04, 0.000e+00, 2.041e+00, 9.983e+02, 1.040e-07
8.050e-01, 5.000e-01, -3.850e-01, 1.123e+05, 0.000e+00, 2.072e-04, 0.000e+00, 2.039e+00, 9.983e+02, 8.895e-08
8.050e-01, 5.000e-01, -3.750e-01, 1.122e+05, 0.000e+00, 1.647e-04, 0.000e+00, 2.038e+00, 9.983e+02, 7.069e-08
8.050e-01, 5.000e-01, -3.650e-01, 1.121e+05, 0.000e+00, 1.407e-04, 0.000e+00, 2.036e+00, 9.983e+02, 6.040e-08
8.050e-01, 5.000e-01, -3.550e-01, 1.120e+05, 0.000e+00, 1.288e-04, 0.000e+00, 2.034e+00, 9.983e+02, 5.527e-08
8.050e-01, 5.000e-01, -3.450e-01, 1.119e+05, 0.000e+00, 1.289e-04, 0.000e+00, 2.033e+00, 9.983e+02, 5.711e-08
8.050e-01, 5.000e-01, -3.350e-01, 1.118e+05, 0.000e+00, 1.284e-04, 0.000e+00, 2.031e+00, 9.983e+02, 5.770e-08
8.050e-01, 5.000e-01, -3.250e-01, 1.117e+05, 0.000e+00, 1.236e-04, 0.000e+00, 2.029e+00, 9.983e+02, 5.554e-08
8.050e-01, 5.000e-01, -3.150e-01, 1.116e+05, 0.000e+00, 1.157e-04, 0.000e+00, 2.027e+00, 9.983e+02, 5.196e-08
8.050e-01, 5.000e-01, -3.050e-01, 1.115e+05, 0.000e+00, 1.056e-04, 0.000e+00, 2.025e+00, 9.983e+02, 4.744e-08
8.050e-01, 5.000e-01, -2.950e-01, 1.114e+05, 0.000e+00, 9.434e-05, 0.000e+00, 2.024e+00, 9.983e+02, 4.238e-08
8.050e-01, 5.000e-01, -2.850e-01, 1.113e+05, 0.000e+00, 8.250e-05, 0.000e+00, 2.022e+00, 9.983e+02, 3.706e-08
8.050e-01, 5.000e-01, -2.750e-01, 1.112e+05, 0.000e+00, 7.089e-05, 0.000e+00, 2.020e+00, 9.983e+02, 3.184e-08
8.050e-01, 5.000e-01, -2.650e-01, 1.111e+05, 0.000e+00, 6.113e-05, 0.000e+00, 2.018e+00, 9.983e+02, 2.746e-08
8.050e-01, 5.000e-01, -2.550e-01, 1.110e+05, 0.000e+00, 5.795e-05, 0.000e+00, 2.016e+00, 9.983e+02, 2.576e-08
8.050e-01, 5.000e-01, -2.450e-01, 1.110e+05, 0.000e+00, 5.963e-05, 0.000e+00, 2.016e+00, 9.983e+02, 2.619e-08
8.050e-01, 5.000e-01, -2.350e-01, 1.109e+05, 0.000e+00, 6.012e-05, 0.000e+00, 2.014e+00, 9.983e+02, 2.641e-08
8.050e-01, 5.000e-01, -2.250e-01, 1.108e+05, 0.000e+00, 5.859e-05, 0.000e+00, 2.012e+00, 9.983e+02, 2.574e-08
8.050e-01, 5.000e-01, -2.150e-01, 1.107e+05, 0.000e+00, 5.541e-05, 0.000e+00, 2.011e+00, 9.983e+02, 2.434e-08
8.050e-01, 5.000e-01, -2.050e-01, 1.106e+05, 0.000e+00, 5.244e-05, 0.000e+00, 2.009e+00, 9.983e+02, 2.304e-08
8.050e-01, 5.000e-01, -1.950e-01, 1.105e+05, 0.000e+00, 5.420e-05, 0.000e+00, 2.007e+00, 9.983e+02, 2.381e-08
8.050e-01, 5.000e-01, -1.850e-01, 1.104e+05, 0.000e+00, 7.027e-05, 0.000e+00, 2.005e+00, 9.983e+02, 3.055e-08
8.050e-01, 5.000e-01, -1.750e-01, 1.105e+05, 0.000e+00, 9.851e-05, 0.000e+00, 2.007e+00, 9.983e+02, 4.228e-08
8.050e-01, 5.000e-01, -1.650e-01, 1.104e+05, 0.000e+00, 1.202e-04, 0.000e+00, 2.005e+00, 9.983e+02, 5.158e-08
8.050e-01, 5.000e-01, -1.550e-01, 1.103e+05, 0.000e+00, 1.314e-04, 0.000e+00, 2.004e+00, 9.983e+02, 5.639e-08
8.050e-01, 5.000e-01, -1.450e-01, 1.102e+05, 0.000e+00, 1.304e-04, 0.000e+00, 2.002e+00, 9.983e+02, 5.600e-08
8.050e-01, 5.000e-01, -1.350e-01, 1.101e+05, 0.000e+00, 1.169e-04, 0.000e+00, 2.000e+00, 9.983e+02, 5.017e-08
8.050e-01, 5.000e-01, -1.250e-01, 1.100e+05, 0.000e+00, 9.225e-05, 0.000e+00, 1.998e+00, 9.983e+02, 3.960e-08
8.050e-01, 5.000e-01, -1.150e-01, 1.111e+05, 0.000e+00, 6.156e-05, 0.000e+00, 2.018e+00, 9.983e+02, 2.692e-08
8.050e-01, 5.000e-01, -1.050e-01, 1.110e+05, 0.000e+00, 3.675e-05, 0.000e+00, 2.017e+00, 9.983e+02, 1.614e-08
8.050e-01, 5.000e-01, -9.500e-02, 1.109e+05, 0.000e+00, 2.018e-05, 0.000e+00, 2.015e+00, 9.983e+02, 8.863e-09
8.050e-01, 5.000e-01, -8.500e-02, 1.108e+05, 0.000e+00, 1.031e-05, 0.000e+00, 2.013e+00, 9.983e+02, 4.530e-09
8.050e-01, 5.000e-01, -7.500e-02, 1.107e+05, 0.000e+00, 4.941e-06, 0.000e+00, 2.011e+00, 9.983e+02, 2.170e-09
8.050e-01, 5.000e-01, -6.500e-02, 1.106e+05, 0.000e+00, 2.227e-06, 0.000e+00, 2.009e+00, 9.983e+02, 9.781e-10
8.050e-01, 5.000e-01, -5.500e-02, 1.105e+05, 0.000e+00, 9.466e-07, 0.000e+00, 2.008e+00, 9.983e+02, 4.158e-10
8.050e-01, 5.000e-01, -4.500e-02, 1.104e+05, 0.000e+00, 3.803e-07, 0.000e+00, 2.006e+00, 9.983e+02, 1.670e-10
8.050e-01, 5.000e-01, -3.500e-02, 1.103e+05, 0.000e+00, 1.447e-07, 0.000e+00, 2.004e+00, 9.983e+02, 6.354e-11
8.050e-01, 5.000e-01, -2.500e-02, 1.102e+05, 0.000e+00, 5.235e-08, 0.000e+00, 2.002e+00, 9.983e+02, 2.299e-11
8.050e-01, 5.000e-01, -1.500e-02, 1.101e+05, 0.000e+00, 1.840e-08, 0.000e+00, 2.000e+00, 9.983e+02, 8.083e-12
8.050e-01, 5.000e-01, -5.000e-03, 1.100e+05, 0.000e+00, 7.280e-09, 0.000e+00, 1.999e+00, 9.983e+02, 3.197e-12
8.150e-01, 5.000e-01, -1.195e+00, 1.202e+05, 0.000e+00, 1.002e-13, 0.000e+00, 2.184e+00, 9.983e+02, 2.000e-17
8.150e-01, 5.000e-01, -1.185e+00, 1.201e+05, 0.000e+00, 1.002e-13, 0.000e+00, 2.182e+00, 9.983e+02, 2.000e-17
8.150e-01, 5.000e-01, -1.175e+00, 1.200e+05, 0.000e+00, 1.002e-13, 0.000e+00, 2.181e+00, 9.983e+02, 2.000e-17
8.150e-01, 5.000e-01, -1.165e+00, 1.199e+05, 0.000e+00, 1.139e-11, 0.000e+00, 2.179e+00, 9.983e+02, 2.273e-15
8.150e-01, 5.000e-01, -1.155e+00, 1.198e+05, 0.000e+00, 1.494e-03, 0.000e+00, 2.177e+00, 9.985e+02, 5.102e-07
8.150e-01, 5.000e-01, -1.145e+00, 1.197e+05, 0.000e+00, 1.488e-03, 0.000e+00, 2.175e+00, 9.985e+02, 6.389e-07
8.150e-01, 5.000e-01, -1.135e+00, 1.196e+05, 0.000e+00, 1.459e-03, 0.000e+00, 2.174e+00, 9.985e+02, 6.263e-07
8.150e-01, 5.000e-01, -1.125e+00, 1.195e+05, 0.000e+00, 1.407e-03, 0.000e+00, 2.172e+00, 9.985e+02, 6.041e-07
8.150e-01, 5.000e-01, -1.115e+00, 1.194e+05, 0.000e+00, 1.333e-03, 0.000e+00, 2.170e+00, 9.985e+02, 5.722e-07
8.150e-01, 5.000e-01, -1.105e+00, 1.193e+05, 0.000e+00, 1.237e-03, 0.000e+00, 2.168e+00, 9.985e+02, 5.310e-07
8.150e-01, 5.000e-01, -1.095e+00, 1.192e+05, 0.000e+00, 1.124e-03, 0.000e+00, 2.167e+00, 9.985e+02, 4.826e-07
8.150e-01, 5.000e-01, -1.085e+00, 1.191e+05, 0.000e+00, 1.004e-03, 0.000e+00, 2.165e+00, 9.984e+02, 4.310e-07
8.150e-01, 5.000e-01, -1.075e+00, 1.190e+05, 0.000e+00, 8.885e-04, 0.000e+00, 2.163e+00, 9.984e+02, 3.814e-07
8.150e-01, 5.000e-01, -1.065e+00, 1.189e+05, 0.000e+00, 7.909e-04, 0.000e+00, 2.161e+00, 9.984e+02, 3.396e-07
8.150e-01, 5.000e-01, -1.055e+00, 1.188e+05, 0.000e+00, 7.198e-04, 0.000e+00, 2.159e+00, 9.984e+02, 3.090e-07
8.150e-01, 5.000e-01, -1.045e+00, 1.187e+05, 0.000e+00, 6.727e-04, 0.000e+00, 2.158e+00, 9.984e+02, 2.888e-07
8.150e-01, 5.000e-01, -1.035e+00, 1.186e+05, 0.000e+00, 6.415e-04, 0.000e+00, 2.156e+00, 9.984e+02, 2.754e-07
8.150e-01, 5.000e-01, -1.025e+00, 1.185e+05, 0.000e+00, 6.200e-04, 0.000e+00, 2.154e+00, 9.984e+02, 2.662e-07
8.150e-01, 5.000e-01, -1.015e+00, 1.185e+05, 0.000e+00, 6.035e-04, 0.000e+00, 2.152e+00, 9.984e+02, 2.591e-07
8.150e-01, 5.000e-01, -1.005e+00, 1.184e+05, 0.000e+00, 5.884e-04, 0.000e+00, 2.150e+00, 9.984e+02, 2.526e-07
8.150e-01, 5.000e-01, -9.950e-01, 1.183e+05, 0.000e+00, 5.729e-04, 0.000e+00, 2.149e+00, 9.984e+02, 2.460e-07
8.150e-01, 5.000e-01, -9.850e-01, 1.182e+05, 0.000e+00, 5.567e-04, 0.000e+00, 2.147e+00, 9.984e+02, 2.390e-07
8.150e-01, 5.000e-01, -9.750e-01, 1.181e+05, 0.000e+00, 5.399e-04, 0.000e+00, 2.145e+00, 9.984e+02, 2.318e-07
8.150e-01, 5.000e-01, -9.650e-01, 1.180e+05, 0.000e+00, 5.224e-04, 0.000e+00, 2.143e+00, 9.984e+02, 2.243e-07
8.150e-01, 5.000e-01, -9.550e-01, 1.179e+05, 0.000e+00, 5.047e-04, 0.000e+00, 2.141e+00, 9.984e+02, 2.167e-07
8.150e-01, 5.000e-01, -9.450e-01, 1.178e+05, 0.000e+00, 4.868e-04, 0.000e+00, 2.140e+00, 9.984e+02, 2.090e-07
8.150e-01, 5.000e-01, -9.350e-01, 1.177e+05, 0.000e+00, 4.687e-04, 0.000e+00, 2.138e+00, 9.983e+02, 2.012e-07
8.150e-01, 5.000e-01, -9.250e-01, 1.176e+05, 0.000e+00, 4.497e-04, 0.000e+00, 2.136e+00, 9.983e+02, 1.931e-07
8.150e-01, 5.000e-01, -9.150e-01, 1.175e+05, 0.000e+00, 4.294e-04, 0.000e+00, 2.134e+00, 9.983e+02, 1.843e-07
8.150e-01, 5.000e-01, -9.050e-01, 1.174e+05, 0.000e+00, 4.085e-04, 0.000e+00, 2.132e+00, 9.983e+02, 1.753e-07
8.150e-01, 5.000e-01, -8.950e-01, 1.173e+05, 0.000e+00, 3.882e-04, 0.000e+00, 2.131e+00, 9.983e+02, 1.667e-07
8.150e-01, 5.000e-01, -8.850e-01, 1.172e+05, 0.000e+00, 3.699e-04, 0.000e+00, 2.129e+00, 9.983e+02, 1.588e-07
8.150e-01, 5.000e-01, -8.750e-01, 1.171e+05, 0.000e+00, 3.542e-04, 0.000e+00, 2.127e+00, 9.983e+02, 1.520e-07
8.150e-01, 5.000e-01, -8.650e-01, 1.170e+05, 0.000e+00, 3.413e-04, 0.000e+00, 2.125e+00, 9.983e+02, 1.465e-07
8.150e-01, 5.000e-01, -8.550e-01, 1.169e+05, 0.000e+00, 3.310e-04, 0.000e+00, 2.124e+00, 9.983e+02, 1.421e-07
8.150e-01, 5.000e-01, -8.450e-01, 1.168e+05, 0.000e+00, 3.231e-04, 0.000e+00, 2.122e+00, 9.983e+02, 1.387e-07
8.150e-01, 5.000e-01, -8.350e-01, 1.167e+05, 0.000e+00, 3.168e-04, 0.000e+00, 2.120e+00, 9.983e+02, 1.360e-07
8.150e-01, 5.000e-01, -8.250e-01, 1.166e+05, 0.000e+00, 3.118e-04, 0.000e+00, 2.118e+00, 9.983e+02, 1.339e-07
8.150e-01, 5.000e-01, -8.150e-01, 1.165e+05, 0.000e+00, 3.075e-04, 0.000e+00, 2.116e+00, 9.983e+02, 1.320e-07
8.150e-01, 5.000e-01, -8.050e-01, 1.164e+05, 0.000e+00, 3.032e-04, 0.000e+00, 2.115e+00, 9.983e+02, 1.302e-07
8.150e-01, 5.000e-01, -7.950e-01, 1.163e+05, 0.000e+00, 2.981e-04, 0.000e+00, 2.113e+00, 9.983e+02, 1.280e-07
8.150e-01, 5.000e-01, -7.850e-01, 1.162e+05, 0.000e+00, 2.919e-04, 0.000e+00, 2.111e+00, 9.983e+02, 1.253e-07
8.150e-01, 5.000e-01, -7.750e-01, 1.161e+05, 0.000e+00, 2.874e-04, 0.000e+00, 2.109e+00, 9.983e+02, 1.234e-07
8.150e-01, 5.000e-01, -7.650e-01, 1.160e+05, 0.000e+00, 2.969e-04, 0.000e+00, 2.107e+00, 9.983e+02, 1.289e-07
8.150e-01, 5.000e-01, -7.550e-01, 1.174e+05, 0.000e+00, 3.028e-04, 0.000e+00, 2.133e+00, 9.983e+02, 1.330e-07
8.150e-01, 5.000e-01, -7.450e-01, 1.173e+05, 0.000e+00, 2.734e-04, 0.000e+00, 2.131e+00, 9.983e+02, 1.201e-07
8.150e-01, 5.000e-01, -7.350e-01, 1.172e+05, 0.000e+00, 2.172e-04, 0.000e+00, 2.129e+00, 9.983e+02, 9.539e-08
8.150e-01, 5.000e-01, -7.250e-01, 1.171e+05, 0.000e+00, 1.538e-04, 0.000e+00, 2.127e+00, 9.983e+02, 6.756e-08
8.150e-01, 5.000e-01, -7.150e-01, 1.170e+05, 0.000e+00, 9.885e-05, 0.000e+00, 2.126e+00, 9.983e+02, 4.342e-08
8.150e-01, 5.000e-01, -7.050e-01, 1.169e+05, 0.000e+00, 5.858e-05, 0.000e+00, 2.124e+00, 9.983e+02, 2.573e-08
8.150e-01, 5.000e-01, -6.950e-01, 1.168e+05, 0.000e+00, 3.250e-05, 0.000e+00, 2.122e+00, 9.983e+02, 1.427e-08
8.150e-01, 5.000e-01, -6.850e-01, 1.167e+05, 0.000e+00, 1.740e-05, 0.000e+00, 2.120e+00, 9.983e+02, 7.644e-09
8.150e-01, 5.000e-01, -6.750e-01, 1.166e+05, 0.000e+00, 1.030e-05, 0.000e+00, 2.119e+00, 9.983e+02, 4.522e-09
8.150e-01, 5.000e-01, -6.650e-01, 1.165e+05, 0.000e+00, 1.014e-05, 0.000e+00, 2.117e+00, 9.983e+02, 4.452e-09
8.150e-01, 5.000e-01, -6.550e-01, 1.164e+05, 0.000e+00, 1.905e-05, 0.000e+00, 2.115e+00, 9.983e+02, 8.366e-09
8.150e-01, 5.000e-01, -6.450e-01, 1.163e+05, 0.000e+00, 4.284e-05, 0.000e+00, 2.113e+00, 9.983e+02, 1.882e-08
8.150e-01, 5.000e-01, -6.350e-01, 1.162e+05, 0.000e+00, 8.922e-05, 0.000e+00, 2.111e+00, 9.983e+02, 3.919e-08
8.150e-01, 5.000e-01, -6.250e-01, 1.161e+05, 0.000e+00, 1.617e-04, 0.000e+00, 2.110e+00, 9.983e+02, 7.101e-08
8.150e-01, 5.000e-01, -6.150e-01, 1.160e+05, 0.000e+00, 2.511e-04, 0.000e+00, 2.108e+00, 9.983e+02, 1.103e-07
8.150e-01, 5.000e-01, -6.050e-01, 1.144e+05, 0.000e+00, 3.321e-04, 0.000e+00, 2.079e+00, 9.983e+02, 1.486e-07
8.150e-01, 5.000e-01, -5.950e-01, 1.144e+05, 0.000e+00, 3.654e-04, 0.000e+00, 2.077e+00, 9.983e+02, 1.642e-07
8.150e-01, 5.000e-01, -5.850e-01, 1.143e+05, 0.000e+00, 3.654e-04, 0.000e+00, 2.075e+00, 9.983e+02, 1.641e-07
8.150e-01, 5.000e-01, -5.750e-01, 1.142e+05, 0.000e+00, 3.518e-04, 0.000e+00, 2.074e+00, 9.983e+02, 1.580e-07
8.150e-01, 5.000e-01, -5.650e-01, 1.141e+05, 0.000e+00, 3.367e-04, 0.000e+00, 2.072e+00, 9.983e+02, 1.513e-07
8.150e-01, 5.000e-01, -5.550e-01, 1.140e+05, 0.000e+00, 3.251e-04, 0.000e+00, 2.070e+00, 9.983e+02, 1.461e-07
8.150e-01, 5.000e-01, -5.450e-01, 1.139e+05, 0.000e+00, 3.190e-04, 0.000e+00, 2.068e+00, 9.983e+02, 1.433e-07
8.150e-01, 5.000e-01, -5.350e-01, 1.138e+05, 0.000e+00, 3.195e-04, 0.000e+00, 2.067e+00, 9.983e+02, 1.435e-07
8.150e-01, 5.000e-01, -5.250e-01, 1.137e+05, 0.000e+00, 3.256e-04, 0.000e+00, 2.065e+00, 9.983e+02, 1.463e-07
8.150e-01, 5.000e-01, -5.150e-01, 1.136e+05, 0.000e+00, 3.348e-04, 0.000e+00, 2.063e+00, 9.983e+02, 1.504e-07
8.150e-01, 5.000e-01, -5.050e-01, 1.135e+05, 0.000e+00, 3.437e-04, 0.000e+00, 2.061e+00, 9.983e+02, 1.544e-07
8.150e-01, 5.000e-01, -4.950e-01, 1.134e+05, 0.000e+00, 3.500e-04, 0.000e+00, 2.059e+00, 9.983e+02, 1.573e-07
8.150e-01, 5.000e-01, -4.850e-01, 1.133e+05, 0.000e+00, 3.529e-04, 0.000e+00, 2.058e+00, 9.983e+02, 1.585e-07
8.150e-01, 5.000e-01, -4.750e-01, 1.133e+05, 0.000e+00, 3.524e-04, 0.000e+00, 2.057e+00, 9.983e+02, 1.559e-07
8.150e-01, 5.000e-01, -4.650e-01, 1.132e+05, 0.000e+00, 3.499e-04, 0.000e+00, 2.055e+00, 9.983e+02, 1.537e-07
8.150e-01, 5.000e-01, -4.550e-01, 1.131e+05, 0.000e+00, 3.448e-04, 0.000e+00, 2.054e+00, 9.983e+02, 1.509e-07
8.150e-01, 5.000e-01, -4.450e-01, 1.129e+05, 0.000e+00, 3.366e-04, 0.000e+00, 2.050e+00, 9.983e+02, 1.445e-07
8.150e-01, 5.000e-01, -4.350e-01, 1.128e+05, 0.000e+00, 3.211e-04, 0.000e+00, 2.048e+00, 9.983e+02, 1.379e-07
8.150e-01, 5.000e-01, -4.250e-01, 1.127e+05, 0.000e+00, 3.024e-04, 0.000e+00, 2.047e+00, 9.983e+02, 1.298e-07
8.150e-01, 5.000e-01, -4.150e-01, 1.126e+05, 0.000e+00, 2.799e-04, 0.000e+00, 2.045e+00, 9.983e+02, 1.201e-07
8.150e-01, 5.000e-01, -4.050e-01, 1.125e+05, 0.000e+00, 2.526e-04, 0.000e+00, 2.043e+00, 9.983e+02, 1.084e-07
8.150e-01, 5.000e-01, -3.950e-01, 1.124e+05, 0.000e+00, 2.194e-04, 0.000e+00, 2.041e+00, 9.983e+02, 9.418e-08
8.150e-01, 5.000e-01, -3.850e-01, 1.123e+05, 0.000e+00, 1.794e-04, 0.000e+00, 2.039e+00, 9.983e+02, 7.702e-08
8.150e-01, 5.000e-01, -3.750e-01, 1.122e+05, 0.000e+00, 1.446e-04, 0.000e+00, 2.038e+00, 9.983e+02, 6.207e-08
8.150e-01, 5.000e-01, -3.650e-01, 1.121e+05, 0.000e+00, 1.279e-04, 0.000e+00, 2.036e+00, 9.983e+02, 5.492e-08
8.150e-01, 5.000e-01, -3.550e-01, 1.120e+05, 0.000e+00, 1.173e-04, 0.000e+00, 2.034e+00, 9.983e+02, 5.035e-08
8.150e-01, 5.000e-01, -3.450e-01, 1.119e+05, 0.000e+00, 1.171e-04, 0.000e+00, 2.033e+00, 9.983e+02, 5.197e-08
8.150e-01, 5.000e-01, -3.350e-01, 1.118e+05, 0.000e+00, 1.164e-04, 0.000e+00, 2.031e+00, 9.983e+02, 5.228e-08
8.150e-01, 5.000e-01, -3.250e-01, 1.117e+05, 0.000e+00, 1.119e-04, 0.000e+00, 2.029e+00, 9.983e+02, 5.029e-08
8.150e-01, 5.000e-01, -3.150e-01, 1.116e+05, 0.000e+00, 1.046e-04, 0.000e+00, 2.027e+00, 9.983e+02, 4.699e-08
8.150e-01, 5.000e-01, -3.050e-01, 1.115e+05, 0.000e+00, 9.529e-05, 0.000e+00, 2.025e+00, 9.983e+02, 4.281e-08
8.150e-01, 5.000e-01, -2.950e-01, 1.114e+05, 0.000e+00, 8.481e-05, 0.000e+00, 2.024e+00, 9.983e+02, 3.810e-08
8.150e-01, 5.000e-01, -2.850e-01, 1.113e+05, 0.000e+00, 7.382e-05, 0.000e+00, 2.022e+00, 9.983e+02, 3.316e-08
8.150e-01, 5.000e-01, -2.750e-01, 1.112e+05, 0.000e+00, 6.301e-05, 0.000e+00, 2.020e+00, 9.983e+02, 2.831e-08
8.150e-01, 5.000e-01, -2.650e-01, 1.111e+05, 0.000e+00, 5.371e-05, 0.000e+00, 2.018e+00, 9.983e+02, 2.413e-08
8.150e-01, 5.000e-01, -2.550e-01, 1.110e+05, 0.000e+00, 4.980e-05, 0.000e+00, 2.016e+00, 9.983e+02, 2.213e-08
8.150e-01, 5.000e-01, -2.450e-01, 1.110e+05, 0.000e+00, 4.961e-05, 0.000e+00, 2.016e+00, 9.983e+02, 2.179e-08
8.150e-01, 5.000e-01, -2.350e-01, 1.109e+05, 0.000e+00, 4.901e-05, 0.000e+00, 2.014e+00, 9.983e+02, 2.153e-08
8.150e-01, 5.000e-01, -2.250e-01, 1.108e+05, 0.000e+00, 4.736e-05, 0.000e+00, 2.012e+00, 9.983e+02, 2.080e-08
8.150e-01, 5.000e-01, -2.150e-01, 1.107e+05, 0.000e+00, 4.468e-05, 0.000e+00, 2.011e+00, 9.983e+02, 1.962e-08
8.150e-01, 5.000e-01, -2.050e-01, 1.106e+05, 0.000e+00, 4.208e-05, 0.000e+00, 2.009e+00, 9.983e+02, 1.848e-08
8.150e-01, 5.000e-01, -1.950e-01, 1.105e+05, 0.000e+00, 4.281e-05, 0.000e+00, 2.007e+00, 9.983e+02, 1.881e-08
8.150e-01, 5.000e-01, -1.850e-01, 1.104e+05, 0.000e+00, 5.447e-05, 0.000e+00, 2.005e+00, 9.983e+02, 2.369e-08
8.150e-01, 5.000e-01, -1.750e-01, 1.105e+05, 0.000e+00, 7.756e-05, 0.000e+00, 2.007e+00, 9.983e+02, 3.329e-08
8.150e-01, 5.000e-01, -1.650e-01, 1.104e+05, 0.000e+00, 9.898e-05, 0.000e+00, 2.005e+00, 9.983e+02, 4.249e-08
8.150e-01, 5.000e-01, -1.550e-01, 1.103e+05, 0.000e+00, 1.142e-04, 0.000e+00, 2.004e+00, 9.983e+02, 4.903e-08
8.150e-01, 5.000e-01, -1.450e-01, 1.102e+05, 0.000e+00, 1.195e-04, 0.000e+00, 2.002e+00, 9.983e+02, 5.130e-08
8.150e-01, 5.000e-01, -1.350e-01, 1.101e+05, 0.000e+00, 1.122e-04, 0.000e+00, 2.000e+00, 9.983e+02, 4.816e-08
8.150e-01, 5.000e-01, -1.250e-01, 1.100e+05, 0.000e+00, 9.211e-05, 0.000e+00, 1.998e+00, 9.983e+02, 3.954e-08
8.150e-01, 5.000e-01, -1.150e-01, 1.111e+05, 0.000e+00, 6.373e-05, 0.000e+00, 2.018e+00, 9.983e+02, 2.791e-08
8.150e-01, 5.000e-01, -1.050e-01, 1.110e+05, 0.000e+00, 3.884e-05, 0.000e+00, 2.017e+00, 9.983e+02, 1.706e-08
8.150e-01, 5.000e-01, -9.500e-02, 1.109e+05, 0.000e+00, 2.155e-05, 0.000e+00, 2.015e+00, 9.983e+02, 9.466e-09
8.150e-01, 5.000e-01, -8.500e-02, 1.108e+05, 0.000e+00, 1.106e-05, 0.000e+00, 2.013e+00, 9.983e+02, 4.859e-09
8.150e-01, 5.000e-01, -7.500e-02, 1.107e+05, 0.000e+00, 5.301e-06, 0.000e+00, 2.011e+00, 9.983e+02, 2.329e-09
8.150e-01, 5.000e-01, -6.500e-02, 1.106e+05, 0.000e+00, 2.384e-06, 0.000e+00, 2.009e+00, 9.983e+02, 1.047e-09
8.150e-01, 5.000e-01, -5.500e-02, 1.105e+05, 0.000e+00, 1.010e-06, 0.000e+00, 2.008e+00, 9.983e+02, 4.437e-10
8.150e-01, 5.000e-01, -4.500e-02, 1.104e+05, 0.000e+00, 4.040e-07, 0.000e+00, 2.006e+00, 9.983e+02, 1.775e-10
8.150e-01, 5.000e-01, -3.500e-02, 1.103e+05, 0.000e+00, 1.530e-07, 0.000e+00, 2.004e+00, 9.983e+02, 6.721e-11
8.150e-01, 5.000e-01, -2.500e-02, 1.102e+05, 0.000e+00, 5.511e-08, 0.000e+00, 2.002e+00, 9.983e+02, 2.420e-11
8.150e-01, 5.000e-01, -1.500e-02, 1.101e+05, 0.000e+00, 1.928e-08, 0.000e+00, 2.000e+00, 9.983e+02, 8.467e-12
8.150e-01, 5.000e-01, -5.000e-03, 1.100e+05, 0.000e+00, 7.597e-09, 0.000e+00, 1.999e+00, 9.983e+02, 3.337e-12
8.250e-01, 5.000e-01, -1.195e+00, 1.202e+05, 0.000e+00, 1.002e-13, 0.000e+00, 2.184e+00, 9.983e+02, 2.000e-17
8.250e-01, 5.000e-01, -1.185e+00, 1.201e+05, 0.000e+00, 1.002e-13, 0.000e+00, 2.182e+00, 9.983e+02, 2.000e-17
8.250e-01, 5.000e-01, -1.175e+00, 1.200e+05, 0.000e+00, 1.002e-13, 0.000e+00, 2.181e+00, 9.983e+02, 2.000e-17
8.250e-01, 5.000e-01, -1.165e+00, 1.199e+05, 0.000e+00, 8.387e-12, 0.000e+00, 2.179e+00, 9.983e+02, 1.674e-15
8.250e-01, 5.000e-01, -1.155e+00, 1.198e+05, 0.000e+00, 1.501e-03, 0.000e+00, 2.177e+00, 9.985e+02, 5.909e-07
8.250e-01, 5.000e-01, -1.145e+00, 1.197e+05, 0.000e+00, 1.493e-03, 0.000e+00, 2.175e+00, 9.985e+02, 6.410e-07
8.250e-01, 5.000e-01, -1.135e+00, 1.196e+05, 0.000e+00, 1.460e-03, 0.000e+00, 2.174e+00, 9.985e+02, 6.268e-07
8.250e-01, 5.000e-01, -1.125e+00, 1.195e+05, 0.000e+00, 1.406e-03, 0.000e+00, 2.172e+00, 9.985e+02, 6.036e-07
8.250e-01, 5.000e-01, -1.115e+00, 1.194e+05, 0.000e+00, 1.331e-03, 0.000e+00, 2.170e+00, 9.985e+02, 5.717e-07
8.250e-01, 5.000e-01, -1.105e+00, 1.193e+05, 0.000e+00, 1.236e-03, 0.000e+00, 2.168e+00, 9.985e+02, 5.306e-07
8.250e-01, 5.000e-01, -1.095e+00, 1.192e+05, 0.000e+00, 1.123e-03, 0.000e+00, 2.167e+00, 9.985e+02, 4.821e-07
8.250e-01, 5.000e-01, -1.085e+00, 1.191e+05, 0.000e+00, 1.001e-03, 0.000e+00, 2.165e+00, 9.984e+02, 4.299e-07
8.250e-01, 5.000e-01, -1.075e+00, 1.190e+05, 0.000e+00, 8.846e-04, 0.000e+00, 2.163e+00, 9.984e+02, 3.798e-07
8.250e-01, 5.000e-01, -1.065e+00, 1.189e+05, 0.000e+00, 7.870e-04, 0.000e+00, 2.161e+00, 9.984e+02, 3.379e-07
8.250e-01, 5.000e-01, -1.055e+00, 1.188e+05, 0.000e+00, 7.179e-04, 0.000e+00, 2.159e+00, 9.984e+02, 3.082e-07
8.250e-01, 5.000e-01, -1.045e+00, 1.187e+05, 0.000e+00, 6.731e-04, 0.000e+00, 2.158e+00, 9.984e+02, 2.889e-07
8.250e-01, 5.000e-01, -1.035e+00, 1.186e+05, 0.000e+00, 6.433e-04, 0.000e+00, 2.156e+00, 9.984e+02, 2.762e-07
8.250e-01, 5.000e-01, -1.025e+00, 1.185e+05, 0.000e+00, 6.223e-04, 0.000e+00, 2.154e+00, 9.984e+02, 2.672e-07
8.250e-01, 5.000e-01, -1.015e+00, 1.185e+05, 0.000e+00, 6.059e-04, 0.000e+00, 2.152e+00, 9.984e+02, 2.601e-07
8.250e-01, 5.000e-01, -1.005e+00, 1.184e+05, 0.000e+00, 5.910e-04, 0.000e+00, 2.150e+00, 9.984e+02, 2.537e-07
8.250e-01, 5.000e-01, -9.950e-01, 1.183e+05, 0.000e+00, 5.759e-04, 0.000e+00, 2.149e+00, 9.984e+02, 2.472e-07
8.250e-01, 5.000e-01, -9.850e-01, 1.182e+05, 0.000e+00, 5.603e-04, 0.000e+00, 2.147e+00, 9.984e+02, 2.405e-07
8.250e-01, 5.000e-01, -9.750e-01, 1.181e+05, 0.000e+00, 5.441e-04, 0.000e+00, 2.145e+00, 9.984e+02, 2.336e-07
8.250e-01, 5.000e-01, -9.650e-01, 1.180e+05, 0.000e+00, 5.274e-04, 0.000e+00, 2.143e+00, 9.984e+02, 2.264e-07
8.250e-01, 5.000e-01, -9.550e-01, 1.179e+05, 0.000e+00, 5.104e-04, 0.000e+00, 2.141e+00, 9.984e+02, 2.191e-07
8.250e-01, 5.000e-01, -9.450e-01, 1.178e+05, 0.000e+00, 4.930e-04, 0.000e+00, 2.140e+00, 9.984e+02, 2.116e-07
8.250e-01, 5.000e-01, -9.350e-01, 1.177e+05, 0.000e+00, 4.753e-04, 0.000e+00, 2.138e+00, 9.983e+02, 2.040e-07
8.250e-01, 5.000e-01, -9.250e-01, 1.176e+05, 0.000e+00, 4.570e-04, 0.000e+00, 2.136e+00, 9.983e+02, 1.962e-07
8.250e-01, 5.000e-01, -9.150e-01, 1.175e+05, 0.000e+00, 4.376e-04, 0.000e+00, 2.134e+00, 9.983e+02, 1.878e-07
8.250e-01, 5.000e-01, -9.050e-01, 1.174e+05, 0.000e+00, 4.171e-04, 0.000e+00, 2.132e+00, 9.983e+02, 1.791e-07
8.250e-01, 5.000e-01, -8.950e-01, 1.173e+05, 0.000e+00, 3.968e-04, 0.000e+00, 2.131e+00, 9.983e+02, 1.703e-07
8.250e-01, 5.000e-01, -8.850e-01, 1.172e+05, 0.000e+00, 3.778e-04, 0.000e+00, 2.129e+00, 9.983e+02, 1.622e-07
8.250e-01, 5.000e-01, -8.750e-01, 1.171e+05, 0.000e+00, 3.610e-04, 0.000e+00, 2.127e+00, 9.983e+02, 1.550e-07
8.250e-01, 5.000e-01, -8.650e-01, 1.170e+05, 0.000e+00, 3.469e-04, 0.000e+00, 2.125e+00, 9.983e+02, 1.489e-07
8.250e-01, 5.000e-01, -8.550e-01, 1.169e+05, 0.000e+00, 3.354e-04, 0.000e+00, 2.124e+00, 9.983e+02, 1.440e-07
8.250e-01, 5.000e-01, -8.450e-01, 1.168e+05, 0.000e+00, 3.262e-04, 0.000e+00, 2.122e+00, 9.983e+02, 1.400e-07
8.250e-01, 5.000e-01, -8.350e-01, 1.167e+05, 0.000e+00, 3.190e-04, 0.000e+00, 2.120e+00, 9.983e+02, 1.369e-07
8.250e-01, 5.000e-01, -8.250e-01, 1.166e+05, 0.000e+00, 3.132e-04, 0.000e+00, 2.118e+00, 9.983e+02, 1.344e-07
8.250e-01, 5.000e-01, -8.150e-01, 1.165e+05, 0.000e+00, 3.083e-04, 0.000e+00, 2.116e+00, 9.983e+02, 1.324e-07
8.250e-01, 5.000e-01, -8.050e-01, 1.164e+05, 0.000e+00, 3.037e-04, 0.000e+00, 2.115e+00, 9.983e+02, 1.304e-07
8.250e-01, 5.000e-01, -7.950e-01, 1.163e+05, 0.000e+00, 2.986e-04, 0.000e+00, 2.113e+00, 9.983e+02, 1.282e-07
8.250e-01, 5.000e-01, -7.850e-01, 1.162e+05, 0.000e+00, 2.929e-04, 0.000e+00, 2.111e+00, 9.983e+02, 1.257e-07
8.250e-01, 5.000e-01, -7.750e-01, 1.161e+05, 0.000e+00, 2.891e-04, 0.000e+00, 2.109e+00, 9.983e+02, 1.241e-07
8.250e-01, 5.000e-01, -7.650e-01, 1.160e+05, 0.000e+00, 2.978e-04, 0.000e+00, 2.107e+00, 9.983e+02, 1.286e-07
8.250e-01, 5.000e-01, -7.550e-01, 1.174e+05, 0.000e+00, 3.188e-04, 0.000e+00, 2.133e+00, 9.983e+02, 1.401e-07
8.250e-01, 5.000e-01, -7.450e-01, 1.173e+05, 0.000e+00, 2.995e-04, 0.000e+00, 2.131e+00, 9.983e+02, 1.315e-07
8.250e-01, 5.000e-01, -7.350e-01, 1.172e+05, 0.000e+00, 2.456e-04, 0.000e+00, 2.129e+00, 9.983e+02, 1.079e-07
8.250e-01, 5.000e-01, -7.250e-01, 1.171e+05, 0.000e+00, 1.789e-04, 0.000e+00, 2.127e+00, 9.983e+02, 7.857e-08
8.250e-01, 5.000e-01, -7.150e-01, 1.170e+05, 0.000e+00, 1.180e-04, 0.000e+00, 2.126e+00, 9.983e+02, 5.184e-08
8.250e-01, 5.000e-01, -7.050e-01, 1.169e+05, 0.000e+00, 7.180e-05, 0.000e+00, 2.124e+00, 9.983e+02, 3.154e-08
8.250e-01, 5.000e-01, -6.950e-01, 1.168e+05, 0.000e+00, 4.090e-05, 0.000e+00, 2.122e+00, 9.983e+02, 1.796e-08
8.250e-01, 5.000e-01, -6.850e-01, 1.167e+05, 0.000e+00, 2.234e-05, 0.000e+00, 2.120e+00, 9.983e+02, 9.815e-09
8.250e-01, 5.000e-01, -6.750e-01, 1.166e+05, 0.000e+00, 1.289e-05, 0.000e+00, 2.119e+00, 9.983e+02, 5.663e-09
8.250e-01, 5.000e-01, -6.650e-01, 1.165e+05, 0.000e+00, 1.101e-05, 0.000e+00, 2.117e+00, 9.983e+02, 4.835e-09
8.250e-01, 5.000e-01, -6.550e-01, 1.164e+05, 0.000e+00, 1.813e-05, 0.000e+00, 2.115e+00, 9.983e+02, 7.961e-09
8.250e-01, 5.000e-01, -6.450e-01, 1.163e+05, 0.000e+00, 3.928e-05, 0.000e+00, 2.113e+00, 9.983e+02, 1.725e-08
8.250e-01, 5.000e-01, -6.350e-01, 1.162e+05, 0.000e+00, 8.168e-05, 0.000e+00, 2.111e+00, 9.983e+02, 3.588e-08
8.250e-01, 5.000e-01, -6.250e-01, 1.161e+05, 0.000e+00, 1.495e-04, 0.000e+00, 2.110e+00, 9.983e+02, 6.565e-08
8.250e-01, 5.000e-01, -6.150e-01, 1.160e+05, 0.000e+00, 2.355e-04, 0.000e+00, 2.108e+00, 9.983e+02, 1.035e-07
8.250e-01, 5.000e-01, -6.050e-01, 1.144e+05, 0.000e+00, 3.172e-04, 0.000e+00, 2.079e+00, 9.983e+02, 1.414e-07
8.250e-01, 5.000e-01, -5.950e-01, 1.144e+05, 0.000e+00, 3.619e-04, 0.000e+00, 2.077e+00, 9.983e+02, 1.626e-07
8.250e-01, 5.000e-01, -5.850e-01, 1.143e+05, 0.000e+00, 3.674e-04, 0.000e+00, 2.075e+00, 9.983e+02, 1.651e-07
8.250e-01, 5.000e-01, -5.750e-01, 1.142e+05, 0.000e+00, 3.562e-04, 0.000e+00, 2.074e+00, 9.983e+02, 1.600e-07
8.250e-01, 5.000e-01, -5.650e-01, 1.141e+05, 0.000e+00, 3.423e-04, 0.000e+00, 2.072e+00, 9.983e+02, 1.538e-07
8.250e-01, 5.000e-01, -5.550e-01, 1.140e+05, 0.000e+00, 3.308e-04, 0.000e+00, 2.070e+00, 9.983e+02, 1.486e-07
8.250e-01, 5.000e-01, -5.450e-01, 1.139e+05, 0.000e+00, 3.238e-04, 0.000e+00, 2.068e+00, 9.983e+02, 1.455e-07
8.250e-01, 5.000e-01, -5.350e-01, 1.138e+05, 0.000e+00, 3.220e-04, 0.000e+00, 2.067e+00, 9.983e+02, 1.447e-07
8.250e-01, 5.000e-01, -5.250e-01, 1.137e+05, 0.000e+00, 3.250e-04, 0.000e+00, 2.065e+00, 9.983e+02, 1.460e-07
8.250e-01, 5.000e-01, -5.150e-01, 1.136e+05, 0.000e+00, 3.309e-04, 0.000e+00, 2.063e+00, 9.983e+02, 1.486e-07
8.250e-01, 5.000e-01, -5.050e-01, 1.135e+05, 0.000e+00, 3.371e-04, 0.000e+00, 2.061e+00, 9.983e+02, 1.515e-07
8.250e-01, 5.000e-01, -4.950e-01, 1.134e+05, 0.000e+00, 3.418e-04, 0.000e+00, 2.059e+00, 9.983e+02, 1.535e-07
8.250e-01, 5.000e-01, -4.850e-01, 1.133e+05, 0.000e+00, 3.438e-04, 0.000e+00, 2.058e+00, 9.983e+02, 1.544e-07
8.250e-01, 5.000e-01, -4.750e-01, 1.133e+05, 0.000e+00, 3.431e-04, 0.000e+00, 2.057e+00, 9.983e+02, 1.519e-07
8.250e-01, 5.000e-01, -4.650e-01, 1.132e+05, 0.000e+00, 3.412e-04, 0.000e+00, 2.055e+00, 9.983e+02, 1.499e-07
8.250e-01, 5.000e-01, -4.550e-01, 1.131e+05, 0.000e+00, 3.372e-04, 0.000e+00, 2.054e+00, 9.983e+02, 1.476e-07
8.250e-01, 5.000e-01, -4.450e-01, 1.129e+05, 0.000e+00, 3.297e-04, 0.000e+00, 2.050e+00, 9.983e+02, 1.415e-07
8.250e-01, 5.000e-01, -4.350e-01, 1.128e+05, 0.000e+00, 3.126e-04, 0.000e+00, 2.048e+00, 9.983e+02, 1.342e-07
8.250e-01, 5.000e-01, -4.250e-01, 1.127e+05, 0.000e+00, 2.914e-04, 0.000e+00, 2.047e+00, 9.983e+02, 1.251e-07
8.250e-01, 5.000e-01, -4.150e-01, 1.126e+05, 0.000e+00, 2.657e-04, 0.000e+00, 2.045e+00, 9.983e+02, 1.141e-07
8.250e-01, 5.000e-01, -4.050e-01, 1.125e+05, 0.000e+00, 2.346e-04, 0.000e+00, 2.043e+00, 9.983e+02, 1.007e-07
8.250e-01, 5.000e-01, -3.950e-01, 1.124e+05, 0.000e+00, 1.971e-04, 0.000e+00, 2.041e+00, 9.983e+02, 8.461e-08
8.250e-01, 5.000e-01, -3.850e-01, 1.123e+05, 0.000e+00, 1.526e-04, 0.000e+00, 2.039e+00, 9.983e+02, 6.550e-08
8.250e-01, 5.000e-01, -3.750e-01, 1.122e+05, 0.000e+00, 1.312e-04, 0.000e+00, 2.038e+00, 9.983e+02, 5.630e-08
8.250e-01, 5.000e-01, -3.650e-01, 1.121e+05, 0.000e+00, 1.167e-04, 0.000e+00, 2.036e+00, 9.983e+02, 5.010e-08
8.250e-01, 5.000e-01, -3.550e-01, 1.120e+05, 0.000e+00, 1.062e-04, 0.000e+00, 2.034e+00, 9.983e+02, 4.558e-08
8.250e-01, 5.000e-01, -3.450e-01, 1.119e+05, 0.000e+00, 1.058e-04, 0.000e+00, 2.033e+00, 9.983e+02, 4.703e-08
8.250e-01, 5.000e-01, -3.350e-01, 1.118e+05, 0.000e+00, 1.049e-04, 0.000e+00, 2.031e+00, 9.983e+02, 4.711e-08
8.250e-01, 5.000e-01, -3.250e-01, 1.117e+05, 0.000e+00, 1.007e-04, 0.000e+00, 2.029e+00, 9.983e+02, 4.526e-08
8.250e-01, 5.000e-01, -3.150e-01, 1.116e+05, 0.000e+00, 9.398e-05, 0.000e+00, 2.027e+00, 9.983e+02, 4.222e-08
8.250e-01, 5.000e-01, -3.050e-01, 1.115e+05, 0.000e+00, 8.540e-05, 0.000e+00, 2.025e+00, 9.983e+02, 3.836e-08
8.250e-01, 5.000e-01, -2.950e-01, 1.114e+05, 0.000e+00, 7.574e-05, 0.000e+00, 2.024e+00, 9.983e+02, 3.403e-08
8.250e-01, 5.000e-01, -2.850e-01, 1.113e+05, 0.000e+00, 6.565e-05, 0.000e+00, 2.022e+00, 9.983e+02, 2.949e-08
8.250e-01, 5.000e-01, -2.750e-01, 1.112e+05, 0.000e+00, 5.572e-05, 0.000e+00, 2.020e+00, 9.983e+02, 2.503e-08
8.250e-01, 5.000e-01, -2.650e-01, 1.111e+05, 0.000e+00, 4.705e-05, 0.000e+00, 2.018e+00, 9.983e+02, 2.114e-08
8.250e-01, 5.000e-01, -2.550e-01, 1.111e+05, 0.000e+00, 4.285e-05, 0.000e+00, 2.018e+00, 9.983e+02, 1.904e-08
8.250e-01, 5.000e-01, -2.450e-01, 1.110e+05, 0.000e+00, 4.149e-05, 0.000e+00, 2.016e+00, 9.983e+02, 1.823e-08
8.250e-01, 5.000e-01, -2.350e-01, 1.109e+05, 0.000e+00, 4.005e-05, 0.000e+00, 2.014e+00, 9.983e+02, 1.759e-08
8.250e-01, 5.000e-01, -2.250e-01, 1.108e+05, 0.000e+00, 3.814e-05, 0.000e+00, 2.012e+00, 9.983e+02, 1.675e-08
8.250e-01, 5.000e-01, -2.150e-01, 1.107e+05, 0.000e+00, 3.570e-05, 0.000e+00, 2.011e+00, 9.983e+02, 1.568e-08
8.250e-01, 5.000e-01, -2.050e-01, 1.106e+05, 0.000e+00, 3.340e-05, 0.000e+00, 2.009e+00, 9.983e+02, 1.467e-08
8.250e-01, 5.000e-01, -1.950e-01, 1.105e+05, 0.000e+00, 3.355e-05, 0.000e+00, 2.007e+00, 9.983e+02, 1.474e-08
8.250e-01, 5.000e-01, -1.850e-01, 1.104e+05, 0.000e+00, 4.194e-05, 0.000e+00, 2.005e+00, 9.983e+02, 1.825e-08
8.250e-01, 5.000e-01, -1.750e-01, 1.105e+05, 0.000e+00, 6.027e-05, 0.000e+00, 2.007e+00, 9.983e+02, 2.587e-08
8.250e-01, 5.000e-01, -1.650e-01, 1.104e+05, 0.000e+00, 7.995e-05, 0.000e+00, 2.005e+00, 9.983e+02, 3.432e-08
8.250e-01, 5.000e-01, -1.550e-01, 1.103e+05, 0.000e+00, 9.702e-05, 0.000e+00, 2.004e+00, 9.983e+02, 4.165e-08
8.250e-01, 5.000e-01, -1.450e-01, 1.102e+05, 0.000e+00, 1.071e-04, 0.000e+00, 2.002e+00, 9.983e+02, 4.598e-08
8.250e-01, 5.000e-01, -1.350e-01, 1.101e+05, 0.000e+00, 1.058e-04, 0.000e+00, 2.000e+00, 9.983e+02, 4.540e-08
8.250e-01, 5.000e-01, -1.250e-01, 1.100e+05, 0.000e+00, 9.075e-05, 0.000e+00, 1.998e+00, 9.983e+02, 3.895e-08
8.250e-01, 5.000e-01, -1.150e-01, 1.111e+05, 0.000e+00, 6.527e-05, 0.000e+00, 2.018e+00, 9.983e+02, 2.862e-08
8.250e-01, 5.000e-01, -1.050e-01, 1.110e+05, 0.000e+00, 4.080e-05, 0.000e+00, 2.017e+00, 9.983e+02, 1.792e-08
8.250e-01, 5.000e-01, -9.500e-02, 1.109e+05, 0.000e+00, 2.298e-05, 0.000e+00, 2.015e+00, 9.983e+02, 1.009e-08
8.250e-01, 5.000e-01, -8.500e-02, 1.108e+05, 0.000e+00, 1.189e-05, 0.000e+00, 2.013e+00, 9.983e+02, 5.223e-09
8.250e-01, 5.000e-01, -7.500e-02, 1.107e+05, 0.000e+00, 5.717e-06, 0.000e+00, 2.011e+00, 9.983e+02, 2.511e-09
8.250e-01, 5.000e-01, -6.500e-02, 1.106e+05, 0.000e+00, 2.571e-06, 0.000e+00, 2.009e+00, 9.983e+02, 1.129e-09
8.250e-01, 5.000e-01, -5.500e-02, 1.105e+05, 0.000e+00, 1.087e-06, 0.000e+00, 2.008e+00, 9.983e+02, 4.772e-10
8.250e-01, 5.000e-01, -4.500e-02, 1.104e+05, 0.000e+00, 4.330e-07, 0.000e+00, 2.006e+00, 9.983e+02, 1.902e-10
8.250e-01, 5.000e-01, -3.500e-02, 1.103e+05, 0.000e+00, 1.632e-07, 0.000e+00, 2.004e+00, 9.983e+02, 7.168e-11
8.250e-01, 5.000e-01, -2.500e-02, 1.102e+05, 0.000e+00, 5.847e-08, 0.000e+00, 2.002e+00, 9.983e+02, 2.568e-11
8.250e-01, 5.000e-01, -1.500e-02, 1.101e+05, 0.000e+00, 2.034e-08, 0.000e+00, 2.000e+00, 9.983e+02, 8.934e-12
8.250e-01, 5.000e-01, -5.000e-03, 1.100e+05, 0.000e+00, 7.977e-09, 0.000e+00, 1.999e+00, 9.983e+02, 3.504e-12
8.350e-01, 5.000e-01, -1.195e+00, 1.202e+05, 0.000e+00, 1.002e-13, 0.000e+00, 2.184e+00, 9.983e+02, 2.000e-17
8.350e-01, 5.000e-01, -1.185e+00, 1.201e+05, 0.000e+00, 1.002e-13, 0.000e+00, 2.182e+00, 9.983e+02, 2.000e-17
8.350e-01, 5.000e-01, -1.175e+00, 1.200e+05, 0.000e+00, 1.002e-13, 0.000e+00, 2.181e+00, 9.983e+02, 2.000e-17
8.350e-01, 5.000e-01, -1.165e+00, 1.199e+05, 0.000e+00, 1.290e-11, 0.000e+00, 2.179e+00, 9.983e+02, 2.799e-15
8.350e-01, 5.000e-01, -1.155e+00, 1.198e+05, 0.000e+00, 1.510e-03, 0.000e+00, 2.177e+00, 9.985e+02, 6.468e-07
8.350e-01, 5.000e-01, -1.145e+00, 1.197e+05, 0.000e+00, 1.497e-03, 0.000e+00, 2.175e+00, 9.985e+02, 6.426e-07
8.350e-01, 5.000e-01, -1.135e+00, 1.196e+05, 0.000e+00, 1.460e-03, 0.000e+00, 2.174e+00, 9.985e+02, 6.269e-07
8.350e-01, 5.000e-01, -1.125e+00, 1.195e+05, 0.000e+00, 1.405e-03, 0.000e+00, 2.172e+00, 9.985e+02, 6.032e-07
8.350e-01, 5.000e-01, -1.115e+00, 1.194e+05, 0.000e+00, 1.330e-03, 0.000e+00, 2.170e+00, 9.985e+02, 5.712e-07
8.350e-01, 5.000e-01, -1.105e+00, 1.193e+05, 0.000e+00, 1.235e-03, 0.000e+00, 2.168e+00, 9.985e+02, 5.302e-07
8.350e-01, 5.000e-01, -1.095e+00, 1.192e+05, 0.000e+00, 1.121e-03, 0.000e+00, 2.167e+00, 9.985e+02, 4.815e-07
8.350e-01, 5.000e-01, -1.085e+00, 1.191e+05, 0.000e+00, 9.986e-04, 0.000e+00, 2.165e+00, 9.984e+02, 4.287e-07
8.350e-01, 5.000e-01, -1.075e+00, 1.190e+05, 0.000e+00, 8.805e-04, 0.000e+00, 2.163e+00, 9.984e+02, 3.780e-07
8.350e-01, 5.000e-01, -1.065e+00, 1.189e+05, 0.000e+00, 7.830e-04, 0.000e+00, 2.161e+00, 9.984e+02, 3.362e-07
8.350e-01, 5.000e-01, -1.055e+00, 1.188e+05, 0.000e+00, 7.161e-04, 0.000e+00, 2.159e+00, 9.984e+02, 3.074e-07
8.350e-01, 5.000e-01, -1.045e+00, 1.187e+05, 0.000e+00, 6.739e-04, 0.000e+00, 2.158e+00, 9.984e+02, 2.893e-07
8.350e-01, 5.000e-01, -1.035e+00, 1.186e+05, 0.000e+00, 6.456e-04, 0.000e+00, 2.156e+00, 9.984e+02, 2.771e-07
8.350e-01, 5.000e-01, -1.025e+00, 1.185e+05, 0.000e+00, 6.250e-04, 0.000e+00, 2.154e+00, 9.984e+02, 2.683e-07
8.350e-01, 5.000e-01, -1.015e+00, 1.185e+05, 0.000e+00, 6.086e-04, 0.000e+00, 2.152e+00, 9.984e+02, 2.613e-07
8.350e-01, 5.000e-01, -1.005e+00, 1.184e+05, 0.000e+00, 5.937e-04, 0.000e+00, 2.150e+00, 9.984e+02, 2.549e-07
8.350e-01, 5.000e-01, -9.950e-01, 1.183e+05, 0.000e+00, 5.788e-04, 0.000e+00, 2.149e+00, 9.984e+02, 2.485e-07
8.350e-01, 5.000e-01, -9.850e-01, 1.182e+05, 0.000e+00, 5.635e-04, 0.000e+00, 2.147e+00, 9.984e+02, 2.419e-07
8.350e-01, 5.000e-01, -9.750e-01, 1.181e+05, 0.000e+00, 5.480e-04, 0.000e+00, 2.145e+00, 9.984e+02, 2.352e-07
8.350e-01, 5.000e-01, -9.650e-01, 1.180e+05, 0.000e+00, 5.321e-04, 0.000e+00, 2.143e+00, 9.984e+02, 2.284e-07
8.350e-01, 5.000e-01, -9.550e-01, 1.179e+05, 0.000e+00, 5.158e-04, 0.000e+00, 2.141e+00, 9.984e+02, 2.214e-07
8.350e-01, 5.000e-01, -9.450e-01, 1.178e+05, 0.000e+00, 4.991e-04, 0.000e+00, 2.140e+00, 9.984e+02, 2.142e-07
8.350e-01, 5.000e-01, -9.350e-01, 1.177e+05, 0.000e+00, 4.819e-04, 0.000e+00, 2.138e+00, 9.984e+02, 2.069e-07
8.350e-01, 5.000e-01, -9.250e-01, 1.176e+05, 0.000e+00, 4.641e-04, 0.000e+00, 2.136e+00, 9.983e+02, 1.992e-07
8.350e-01, 5.000e-01, -9.150e-01, 1.175e+05, 0.000e+00, 4.454e-04, 0.000e+00, 2.134e+00, 9.983e+02, 1.912e-07
8.350e-01, 5.000e-01, -9.050e-01, 1.174e+05, 0.000e+00, 4.256e-04, 0.000e+00, 2.132e+00, 9.983e+02, 1.827e-07
8.350e-01, 5.000e-01, -8.950e-01, 1.173e+05, 0.000e+00, 4.055e-04, 0.000e+00, 2.131e+00, 9.983e+02, 1.741e-07
8.350e-01, 5.000e-01, -8.850e-01, 1.172e+05, 0.000e+00, 3.860e-04, 0.000e+00, 2.129e+00, 9.983e+02, 1.657e-07
8.350e-01, 5.000e-01, -8.750e-01, 1.171e+05, 0.000e+00, 3.684e-04, 0.000e+00, 2.127e+00, 9.983e+02, 1.581e-07
8.350e-01, 5.000e-01, -8.650e-01, 1.170e+05, 0.000e+00, 3.531e-04, 0.000e+00, 2.125e+00, 9.983e+02, 1.516e-07
8.350e-01, 5.000e-01, -8.550e-01, 1.169e+05, 0.000e+00, 3.404e-04, 0.000e+00, 2.124e+00, 9.983e+02, 1.461e-07
8.350e-01, 5.000e-01, -8.450e-01, 1.168e+05, 0.000e+00, 3.300e-04, 0.000e+00, 2.122e+00, 9.983e+02, 1.417e-07
8.350e-01, 5.000e-01, -8.350e-01, 1.167e+05, 0.000e+00, 3.217e-04, 0.000e+00, 2.120e+00, 9.983e+02, 1.381e-07
8.350e-01, 5.000e-01, -8.250e-01, 1.166e+05, 0.000e+00, 3.151e-04, 0.000e+00, 2.118e+00, 9.983e+02, 1.353e-07
8.350e-01, 5.000e-01, -8.150e-01, 1.165e+05, 0.000e+00, 3.096e-04, 0.000e+00, 2.116e+00, 9.983e+02, 1.329e-07
8.350e-01, 5.000e-01, -8.050e-01, 1.164e+05, 0.000e+00, 3.046e-04, 0.000e+00, 2.115e+00, 9.983e+02, 1.308e-07
8.350e-01, 5.000e-01, -7.950e-01, 1.163e+05, 0.000e+00, 2.995e-04, 0.000e+00, 2.113e+00, 9.983e+02, 1.286e-07
8.350e-01, 5.000e-01, -7.850e-01, 1.162e+05, 0.000e+00, 2.940e-04, 0.000e+00, 2.111e+00, 9.983e+02, 1.262e-07
8.350e-01, 5.000e-01, -7.750e-01, 1.161e+05, 0.000e+00, 2.908e-04, 0.000e+00, 2.109e+00, 9.983e+02, 1.249e-07
8.350e-01, 5.000e-01, -7.650e-01, 1.160e+05, 0.000e+00, 2.988e-04, 0.000e+00, 2.107e+00, 9.983e+02, 1.284e-07
8.350e-01, 5.000e-01, -7.550e-01, 1.174e+05, 0.000e+00, 3.340e-04, 0.000e+00, 2.133e+00, 9.983e+02, 1.466e-07
8.350e-01, 5.000e-01, -7.450e-01, 1.173e+05, 0.000e+00, 3.270e-04, 0.000e+00, 2.131e+00, 9.983e+02, 1.436e-07
8.350e-01, 5.000e-01, -7.350e-01, 1.172e+05, 0.000e+00, 2.776e-04, 0.000e+00, 2.129e+00, 9.983e+02, 1.219e-07
8.350e-01, 5.000e-01, -7.250e-01, 1.171e+05, 0.000e+00, 2.081e-04, 0.000e+00, 2.127e+00, 9.983e+02, 9.143e-08
8.350e-01, 5.000e-01, -7.150e-01, 1.170e+05, 0.000e+00, 1.410e-04, 0.000e+00, 2.126e+00, 9.983e+02, 6.195e-08
8.350e-01, 5.000e-01, -7.050e-01, 1.169e+05, 0.000e+00, 8.807e-05, 0.000e+00, 2.124e+00, 9.983e+02, 3.868e-08
8.350e-01, 5.000e-01, -6.950e-01, 1.168e+05, 0.000e+00, 5.146e-05, 0.000e+00, 2.122e+00, 9.983e+02, 2.260e-08
8.350e-01, 5.000e-01, -6.850e-01, 1.167e+05, 0.000e+00, 2.867e-05, 0.000e+00, 2.120e+00, 9.983e+02, 1.259e-08
8.350e-01, 5.000e-01, -6.750e-01, 1.166e+05, 0.000e+00, 1.625e-05, 0.000e+00, 2.119e+00, 9.983e+02, 7.137e-09
8.350e-01, 5.000e-01, -6.650e-01, 1.165e+05, 0.000e+00, 1.206e-05, 0.000e+00, 2.117e+00, 9.983e+02, 5.299e-09
8.350e-01, 5.000e-01, -6.550e-01, 1.164e+05, 0.000e+00, 1.671e-05, 0.000e+00, 2.115e+00, 9.983e+02, 7.341e-09
8.350e-01, 5.000e-01, -6.450e-01, 1.163e+05, 0.000e+00, 3.427e-05, 0.000e+00, 2.113e+00, 9.983e+02, 1.505e-08
8.350e-01, 5.000e-01, -6.350e-01, 1.162e+05, 0.000e+00, 7.145e-05, 0.000e+00, 2.111e+00, 9.983e+02, 3.138e-08
8.350e-01, 5.000e-01, -6.250e-01, 1.161e+05, 0.000e+00, 1.333e-04, 0.000e+00, 2.110e+00, 9.983e+02, 5.855e-08
8.350e-01, 5.000e-01, -6.150e-01, 1.160e+05, 0.000e+00, 2.156e-04, 0.000e+00, 2.108e+00, 9.983e+02, 9.471e-08
8.350e-01, 5.000e-01, -6.050e-01, 1.159e+05, 0.000e+00, 2.990e-04, 0.000e+00, 2.106e+00, 9.983e+02, 1.328e-07
8.350e-01, 5.000e-01, -5.950e-01, 1.144e+05, 0.000e+00, 3.554e-04, 0.000e+00, 2.077e+00, 9.983e+02, 1.596e-07
8.350e-01, 5.000e-01, -5.850e-01, 1.143e+05, 0.000e+00, 3.674e-04, 0.000e+00, 2.075e+00, 9.983e+02, 1.651e-07
8.350e-01, 5.000e-01, -5.750e-01, 1.142e+05, 0.000e+00, 3.588e-04, 0.000e+00, 2.074e+00, 9.983e+02, 1.612e-07
8.350e-01, 5.000e-01, -5.650e-01, 1.141e+05, 0.000e+00, 3.458e-04, 0.000e+00, 2.072e+00, 9.983e+02, 1.554e-07
8.350e-01, 5.000e-01, -5.550e-01, 1.140e+05, 0.000e+00, 3.345e-04, 0.000e+00, 2.070e+00, 9.983e+02, 1.503e-07
8.350e-01, 5.000e-01, -5.450e-01, 1.139e+05, 0.000e+00, 3.268e-04, 0.000e+00, 2.068e+00, 9.983e+02, 1.468e-07
8.350e-01, 5.000e-01, -5.350e-01, 1.138e+05, 0.000e+00, 3.234e-04, 0.000e+00, 2.067e+00, 9.983e+02, 1.453e-07
8.350e-01, 5.000e-01, -5.250e-01, 1.137e+05, 0.000e+00, 3.237e-04, 0.000e+00, 2.065e+00, 9.983e+02, 1.454e-07
8.350e-01, 5.000e-01, -5.150e-01, 1.136e+05, 0.000e+00, 3.266e-04, 0.000e+00, 2.063e+00, 9.983e+02, 1.467e-07
8.350e-01, 5.000e-01, -5.050e-01, 1.135e+05, 0.000e+00, 3.302e-04, 0.000e+00, 2.061e+00, 9.983e+02, 1.484e-07
8.350e-01, 5.000e-01, -4.950e-01, 1.134e+05, 0.000e+00, 3.329e-04, 0.000e+00, 2.059e+00, 9.983e+02, 1.496e-07
8.350e-01, 5.000e-01, -4.850e-01, 1.133e+05, 0.000e+00, 3.337e-04, 0.000e+00, 2.058e+00, 9.983e+02, 1.499e-07
8.350e-01, 5.000e-01, -4.750e-01, 1.133e+05, 0.000e+00, 3.325e-04, 0.000e+00, 2.057e+00, 9.983e+02, 1.473e-07
8.350e-01, 5.000e-01, -4.650e-01, 1.132e+05, 0.000e+00, 3.312e-04, 0.000e+00, 2.055e+00, 9.983e+02, 1.455e-07
8.350e-01, 5.000e-01, -4.550e-01, 1.131e+05, 0.000e+00, 3.285e-04, 0.000e+00, 2.054e+00, 9.983e+02, 1.438e-07
8.350e-01, 5.000e-01, -4.450e-01, 1.129e+05, 0.000e+00, 3.221e-04, 0.000e+00, 2.050e+00, 9.983e+02, 1.383e-07
8.350e-01, 5.000e-01, -4.350e-01, 1.128e+05, 0.000e+00, 3.038e-04, 0.000e+00, 2.048e+00, 9.983e+02, 1.304e-07
8.350e-01, 5.000e-01, -4.250e-01, 1.127e+05, 0.000e+00, 2.803e-04, 0.000e+00, 2.047e+00, 9.983e+02, 1.203e-07
8.350e-01, 5.000e-01, -4.150e-01, 1.126e+05, 0.000e+00, 2.516e-04, 0.000e+00, 2.045e+00, 9.983e+02, 1.080e-07
8.350e-01, 5.000e-01, -4.050e-01, 1.125e+05, 0.000e+00, 2.165e-04, 0.000e+00, 2.043e+00, 9.983e+02, 9.294e-08
8.350e-01, 5.000e-01, -3.950e-01, 1.124e+05, 0.000e+00, 1.711e-04, 0.000e+00, 2.041e+00, 9.983e+02, 7.345e-08
8.350e-01, 5.000e-01, -3.850e-01, 1.123e+05, 0.000e+00, 1.382e-04, 0.000e+00, 2.039e+00, 9.983e+02, 5.931e-08
8.350e-01, 5.000e-01, -3.750e-01, 1.122e+05, 0.000e+00, 1.196e-04, 0.000e+00, 2.038e+00, 9.983e+02, 5.134e-08
8.350e-01, 5.000e-01, -3.650e-01, 1.121e+05, 0.000e+00, 1.056e-04, 0.000e+00, 2.036e+00, 9.983e+02, 4.534e-08
8.350e-01, 5.000e-01, -3.550e-01, 1.120e+05, 0.000e+00, 9.503e-05, 0.000e+00, 2.034e+00, 9.983e+02, 4.079e-08
8.350e-01, 5.000e-01, -3.450e-01, 1.119e+05, 0.000e+00, 9.452e-05, 0.000e+00, 2.033e+00, 9.983e+02, 4.210e-08
8.350e-01, 5.000e-01, -3.350e-01, 1.118e+05, 0.000e+00, 9.345e-05, 0.000e+00, 2.031e+00, 9.983e+02, 4.198e-08
8.350e-01, 5.000e-01, -3.250e-01, 1.117e+05, 0.000e+00, 8.971e-05, 0.000e+00, 2.029e+00, 9.983e+02, 4.030e-08
8.350e-01, 5.000e-01, -3.150e-01, 1.116e+05, 0.000e+00, 8.361e-05, 0.000e+00, 2.027e+00, 9.983e+02, 3.756e-08
8.350e-01, 5.000e-01, -3.050e-01, 1.115e+05, 0.000e+00, 7.584e-05, 0.000e+00, 2.025e+00, 9.983e+02, 3.407e-08
8.350e-01, 5.000e-01, -2.950e-01, 1.114e+05, 0.000e+00, 6.710e-05, 0.000e+00, 2.024e+00, 9.983e+02, 3.014e-08
8.350e-01, 5.000e-01, -2.850e-01, 1.113e+05, 0.000e+00, 5.795e-05, 0.000e+00, 2.022e+00, 9.983e+02, 2.603e-08
8.350e-01, 5.000e-01, -2.750e-01, 1.112e+05, 0.000e+00, 4.896e-05, 0.000e+00, 2.020e+00, 9.983e+02, 2.199e-08
8.350e-01, 5.000e-01, -2.650e-01, 1.111e+05, 0.000e+00, 4.102e-05, 0.000e+00, 2.018e+00, 9.983e+02, 1.843e-08
8.350e-01, 5.000e-01, -2.550e-01, 1.111e+05, 0.000e+00, 3.684e-05, 0.000e+00, 2.018e+00, 9.983e+02, 1.636e-08
8.350e-01, 5.000e-01, -2.450e-01, 1.110e+05, 0.000e+00, 3.481e-05, 0.000e+00, 2.016e+00, 9.983e+02, 1.529e-08
8.350e-01, 5.000e-01, -2.350e-01, 1.109e+05, 0.000e+00, 3.281e-05, 0.000e+00, 2.014e+00, 9.983e+02, 1.441e-08
8.350e-01, 5.000e-01, -2.250e-01, 1.108e+05, 0.000e+00, 3.066e-05, 0.000e+00, 2.012e+00, 9.983e+02, 1.347e-08
8.350e-01, 5.000e-01, -2.150e-01, 1.107e+05, 0.000e+00, 2.831e-05, 0.000e+00, 2.011e+00, 9.983e+02, 1.244e-08
8.350e-01, 5.000e-01, -2.050e-01, 1.106e+05, 0.000e+00, 2.624e-05, 0.000e+00, 2.009e+00, 9.983e+02, 1.152e-08
8.350e-01, 5.000e-01, -1.950e-01, 1.105e+05, 0.000e+00, 2.606e-05, 0.000e+00, 2.007e+00, 9.983e+02, 1.145e-08
8.350e-01, 5.000e-01, -1.850e-01, 1.104e+05, 0.000e+00, 3.213e-05, 0.000e+00, 2.005e+00, 9.983e+02, 1.398e-08
8.350e-01, 5.000e-01, -1.750e-01, 1.105e+05, 0.000e+00, 4.650e-05, 0.000e+00, 2.007e+00, 9.983e+02, 1.996e-08
8.350e-01, 5.000e-01, -1.650e-01, 1.104e+05, 0.000e+00, 6.385e-05, 0.000e+00, 2.005e+00, 9.983e+02, 2.741e-08
8.350e-01, 5.000e-01, -1.550e-01, 1.103e+05, 0.000e+00, 8.126e-05, 0.000e+00, 2.004e+00, 9.983e+02, 3.488e-08
8.350e-01, 5.000e-01, -1.450e-01, 1.102e+05, 0.000e+00, 9.448e-05, 0.000e+00, 2.002e+00, 9.983e+02, 4.055e-08
8.350e-01, 5.000e-01, -1.350e-01, 1.101e+05, 0.000e+00, 9.826e-05, 0.000e+00, 2.000e+00, 9.983e+02, 4.218e-08
8.350e-01, 5.000e-01, -1.250e-01, 1.100e+05, 0.000e+00, 8.842e-05, 0.000e+00, 1.998e+00, 9.983e+02, 3.796e-08
8.350e-01, 5.000e-01, -1.150e-01, 1.111e+05, 0.000e+00, 6.613e-05, 0.000e+00, 2.018e+00, 9.983e+02, 2.904e-08
8.350e-01, 5.000e-01, -1.050e-01, 1.110e+05, 0.000e+00, 4.252e-05, 0.000e+00, 2.017e+00, 9.983e+02, 1.868e-08
8.350e-01, 5.000e-01, -9.500e-02, 1.109e+05, 0.000e+00, 2.440e-05, 0.000e+00, 2.015e+00, 9.983e+02, 1.072e-08
8.350e-01, 5.000e-01, -8.500e-02, 1.108e+05, 0.000e+00, 1.277e-05, 0.000e+00, 2.013e+00, 9.983e+02, 5.608e-09
8.350e-01, 5.000e-01, -7.500e-02, 1.107e+05, 0.000e+00, 6.176e-06, 0.000e+00, 2.011e+00, 9.983e+02, 2.713e-09
8.350e-01, 5.000e-01, -6.500e-02, 1.106e+05, 0.000e+00, 2.783e-06, 0.000e+00, 2.009e+00, 9.983e+02, 1.222e-09
8.350e-01, 5.000e-01, -5.500e-02, 1.105e+05, 0.000e+00, 1.175e-06, 0.000e+00, 2.008e+00, 9.983e+02, 5.163e-10
8.350e-01, 5.000e-01, -4.500e-02, 1.104e+05, 0.000e+00, 4.672e-07, 0.000e+00, 2.006e+00, 9.983e+02, 2.052e-10
8.350e-01, 5.000e-01, -3.500e-02, 1.103e+05, 0.000e+00, 1.754e-07, 0.000e+00, 2.004e+00, 9.983e+02, 7.706e-11
8.350e-01, 5.000e-01, -2.500e-02, 1.102e+05, 0.000e+00, 6.256e-08, 0.000e+00, 2.002e+00, 9.983e+02, 2.748e-11
8.350e-01, 5.000e-01, -1.500e-02, 1.101e+05, 0.000e+00, 2.165e-08, 0.000e+00, 2.000e+00, 9.983e+02, 9.508e-12
8.350e-01, 5.000e-01, -5.000e-03, 1.100e+05, 0.000e+00, 8.448e-09, 0.000e+00, 1.999e+00, 9.983e+02, 3.711e-12
8.450e-01, 5.000e-01, -1.195e+00, 1.202e+05, 0.000e+00, 1.002e-13, 0.000e+00, 2.184e+00, 9.983e+02, 2.000e-17
8.450e-01, 5.000e-01, -1.185e+00, 1.201e+05, 0.000e+00, 1.002e-13, 0.000e+00, 2.182e+00, 9.983e+02, 2.000e-17
8.450e-01, 5.000e-01, -1.175e+00, 1.200e+05, 0.000e+00, 1.002e-13, 0.000e+00, 2.181e+00, 9.983e+02, 2.000e-17
8.450e-01, 5.000e-01, -1.165e+00, 1.199e+05, 0.000e+00, 2.424e-10, 0.000e+00, 2.179e+00, 9.983e+02, 6.481e-14
8.450e-01, 5.000e-01, -1.155e+00, 1.198e+05, 0.000e+00, 1.512e-03, 0.000e+00, 2.177e+00, 9.985e+02, 6.492e-07
8.450e-01, 5.000e-01, -1.145e+00, 1.197e+05, 0.000e+00, 1.495e-03, 0.000e+00, 2.175e+00, 9.985e+02, 6.418e-07
8.450e-01, 5.000e-01, -1.135e+00, 1.196e+05, 0.000e+00, 1.458e-03, 0.000e+00, 2.174e+00, 9.985e+02, 6.260e-07
8.450e-01, 5.000e-01, -1.125e+00, 1.195e+05, 0.000e+00, 1.404e-03, 0.000e+00, 2.172e+00, 9.985e+02, 6.027e-07
8.450e-01, 5.000e-01, -1.115e+00, 1.194e+05, 0.000e+00, 1.329e-03, 0.000e+00, 2.170e+00, 9.985e+02, 5.708e-07
8.450e-01, 5.000e-01, -1.105e+00, 1.193e+05, 0.000e+00, 1.234e-03, 0.000e+00, 2.168e+00, 9.985e+02, 5.299e-07
8.450e-01, 5.000e-01, -1.095e+00, 1.192e+05, 0.000e+00, 1.120e-03, 0.000e+00, 2.167e+00, 9.985e+02, 4.809e-07
8.450e-01, 5.000e-01, -1.085e+00, 1.191e+05, 0.000e+00, 9.959e-04, 0.000e+00, 2.165e+00, 9.984e+02, 4.276e-07
8.450e-01, 5.000e-01, -1.075e+00, 1.190e+05, 0.000e+00, 8.761e-04, 0.000e+00, 2.163e+00, 9.984e+02, 3.761e-07
8.450e-01, 5.000e-01, -1.065e+00, 1.189e+05, 0.000e+00, 7.789e-04, 0.000e+00, 2.161e+00, 9.984e+02, 3.344e-07
8.450e-01, 5.000e-01, -1.055e+00, 1.188e+05, 0.000e+00, 7.146e-04, 0.000e+00, 2.159e+00, 9.984e+02, 3.068e-07
8.450e-01, 5.000e-01, -1.045e+00, 1.187e+05, 0.000e+00, 6.750e-04, 0.000e+00, 2.158e+00, 9.984e+02, 2.898e-07
8.450e-01, 5.000e-01, -1.035e+00, 1.186e+05, 0.000e+00, 6.482e-04, 0.000e+00, 2.156e+00, 9.984e+02, 2.783e-07
8.450e-01, 5.000e-01, -1.025e+00, 1.185e+05, 0.000e+00, 6.280e-04, 0.000e+00, 2.154e+00, 9.984e+02, 2.696e-07
8.450e-01, 5.000e-01, -1.015e+00, 1.185e+05, 0.000e+00, 6.114e-04, 0.000e+00, 2.152e+00, 9.984e+02, 2.625e-07
8.450e-01, 5.000e-01, -1.005e+00, 1.184e+05, 0.000e+00, 5.964e-04, 0.000e+00, 2.150e+00, 9.984e+02, 2.560e-07
8.450e-01, 5.000e-01, -9.950e-01, 1.183e+05, 0.000e+00, 5.816e-04, 0.000e+00, 2.149e+00, 9.984e+02, 2.497e-07
8.450e-01, 5.000e-01, -9.850e-01, 1.182e+05, 0.000e+00, 5.667e-04, 0.000e+00, 2.147e+00, 9.984e+02, 2.433e-07
8.450e-01, 5.000e-01, -9.750e-01, 1.181e+05, 0.000e+00, 5.516e-04, 0.000e+00, 2.145e+00, 9.984e+02, 2.368e-07
8.450e-01, 5.000e-01, -9.650e-01, 1.180e+05, 0.000e+00, 5.363e-04, 0.000e+00, 2.143e+00, 9.984e+02, 2.302e-07
8.450e-01, 5.000e-01, -9.550e-01, 1.179e+05, 0.000e+00, 5.208e-04, 0.000e+00, 2.141e+00, 9.984e+02, 2.236e-07
8.450e-01, 5.000e-01, -9.450e-01, 1.178e+05, 0.000e+00, 5.049e-04, 0.000e+00, 2.140e+00, 9.984e+02, 2.167e-07
8.450e-01, 5.000e-01, -9.350e-01, 1.177e+05, 0.000e+00, 4.884e-04, 0.000e+00, 2.138e+00, 9.984e+02, 2.097e-07
8.450e-01, 5.000e-01, -9.250e-01, 1.176e+05, 0.000e+00, 4.711e-04, 0.000e+00, 2.136e+00, 9.983e+02, 2.022e-07
8.450e-01, 5.000e-01, -9.150e-01, 1.175e+05, 0.000e+00, 4.530e-04, 0.000e+00, 2.134e+00, 9.983e+02, 1.945e-07
8.450e-01, 5.000e-01, -9.050e-01, 1.174e+05, 0.000e+00, 4.339e-04, 0.000e+00, 2.132e+00, 9.983e+02, 1.863e-07
8.450e-01, 5.000e-01, -8.950e-01, 1.173e+05, 0.000e+00, 4.141e-04, 0.000e+00, 2.131e+00, 9.983e+02, 1.778e-07
8.450e-01, 5.000e-01, -8.850e-01, 1.172e+05, 0.000e+00, 3.945e-04, 0.000e+00, 2.129e+00, 9.983e+02, 1.694e-07
8.450e-01, 5.000e-01, -8.750e-01, 1.171e+05, 0.000e+00, 3.762e-04, 0.000e+00, 2.127e+00, 9.983e+02, 1.615e-07
8.450e-01, 5.000e-01, -8.650e-01, 1.170e+05, 0.000e+00, 3.599e-04, 0.000e+00, 2.125e+00, 9.983e+02, 1.545e-07
8.450e-01, 5.000e-01, -8.550e-01, 1.169e+05, 0.000e+00, 3.460e-04, 0.000e+00, 2.124e+00, 9.983e+02, 1.485e-07
8.450e-01, 5.000e-01, -8.450e-01, 1.168e+05, 0.000e+00, 3.345e-04, 0.000e+00, 2.122e+00, 9.983e+02, 1.436e-07
8.450e-01, 5.000e-01, -8.350e-01, 1.167e+05, 0.000e+00, 3.251e-04, 0.000e+00, 2.120e+00, 9.983e+02, 1.396e-07
8.450e-01, 5.000e-01, -8.250e-01, 1.166e+05, 0.000e+00, 3.176e-04, 0.000e+00, 2.118e+00, 9.983e+02, 1.363e-07
8.450e-01, 5.000e-01, -8.150e-01, 1.165e+05, 0.000e+00, 3.114e-04, 0.000e+00, 2.116e+00, 9.983e+02, 1.337e-07
8.450e-01, 5.000e-01, -8.050e-01, 1.164e+05, 0.000e+00, 3.060e-04, 0.000e+00, 2.115e+00, 9.983e+02, 1.314e-07
8.450e-01, 5.000e-01, -7.950e-01, 1.163e+05, 0.000e+00, 3.007e-04, 0.000e+00, 2.113e+00, 9.983e+02, 1.291e-07
8.450e-01, 5.000e-01, -7.850e-01, 1.162e+05, 0.000e+00, 2.954e-04, 0.000e+00, 2.111e+00, 9.983e+02, 1.268e-07
8.450e-01, 5.000e-01, -7.750e-01, 1.161e+05, 0.000e+00, 2.925e-04, 0.000e+00, 2.109e+00, 9.983e+02, 1.256e-07
8.450e-01, 5.000e-01, -7.650e-01, 1.160e+05, 0.000e+00, 3.009e-04, 0.000e+00, 2.107e+00, 9.983e+02, 1.292e-07
8.450e-01, 5.000e-01, -7.550e-01, 1.174e+05, 0.000e+00, 3.443e-04, 0.000e+00, 2.133e+00, 9.983e+02, 1.504e-07
8.450e-01, 5.000e-01, -7.450e-01, 1.173e+05, 0.000e+00, 3.544e-04, 0.000e+00, 2.131e+00, 9.983e+02, 1.557e-07
8.450e-01, 5.000e-01, -7.350e-01, 1.172e+05, 0.000e+00, 3.124e-04, 0.000e+00, 2.129e+00, 9.983e+02, 1.372e-07
8.450e-01, 5.000e-01, -7.250e-01, 1.171e+05, 0.000e+00, 2.413e-04, 0.000e+00, 2.127e+00, 9.983e+02, 1.060e-07
8.450e-01, 5.000e-01, -7.150e-01, 1.170e+05, 0.000e+00, 1.677e-04, 0.000e+00, 2.126e+00, 9.983e+02, 7.367e-08
8.450e-01, 5.000e-01, -7.050e-01, 1.169e+05, 0.000e+00, 1.073e-04, 0.000e+00, 2.124e+00, 9.983e+02, 4.712e-08
8.450e-01, 5.000e-01, -6.950e-01, 1.168e+05, 0.000e+00, 6.416e-05, 0.000e+00, 2.122e+00, 9.983e+02, 2.818e-08
8.450e-01, 5.000e-01, -6.850e-01, 1.167e+05, 0.000e+00, 3.644e-05, 0.000e+00, 2.120e+00, 9.983e+02, 1.601e-08
8.450e-01, 5.000e-01, -6.750e-01, 1.166e+05, 0.000e+00, 2.048e-05, 0.000e+00, 2.119e+00, 9.983e+02, 8.998e-09
8.450e-01, 5.000e-01, -6.650e-01, 1.165e+05, 0.000e+00, 1.358e-05, 0.000e+00, 2.117e+00, 9.983e+02, 5.963e-09
8.450e-01, 5.000e-01, -6.550e-01, 1.164e+05, 0.000e+00, 1.543e-05, 0.000e+00, 2.115e+00, 9.983e+02, 6.775e-09
8.450e-01, 5.000e-01, -6.450e-01, 1.163e+05, 0.000e+00, 2.908e-05, 0.000e+00, 2.113e+00, 9.983e+02, 1.277e-08
8.450e-01, 5.000e-01, -6.350e-01, 1.162e+05, 0.000e+00, 6.066e-05, 0.000e+00, 2.111e+00, 9.983e+02, 2.664e-08
8.450e-01, 5.000e-01, -6.250e-01, 1.161e+05, 0.000e+00, 1.161e-04, 0.000e+00, 2.110e+00, 9.983e+02, 5.101e-08
8.450e-01, 5.000e-01, -6.150e-01, 1.160e+05, 0.000e+00, 1.943e-04, 0.000e+00, 2.108e+00, 9.983e+02, 8.537e-08
8.450e-01, 5.000e-01, -6.050e-01, 1.159e+05, 0.000e+00, 2.795e-04, 0.000e+00, 2.106e+00, 9.983e+02, 1.237e-07
8.450e-01, 5.000e-01, -5.950e-01, 1.144e+05, 0.000e+00, 3.468e-04, 0.000e+00, 2.077e+00, 9.983e+02, 1.558e-07
8.450e-01, 5.000e-01, -5.850e-01, 1.143e+05, 0.000e+00, 3.656e-04, 0.000e+00, 2.075e+00, 9.983e+02, 1.642e-07
8.450e-01, 5.000e-01, -5.750e-01, 1.142e+05, 0.000e+00, 3.597e-04, 0.000e+00, 2.074e+00, 9.983e+02, 1.616e-07
8.450e-01, 5.000e-01, -5.650e-01, 1.141e+05, 0.000e+00, 3.474e-04, 0.000e+00, 2.072e+00, 9.983e+02, 1.561e-07
8.450e-01, 5.000e-01, -5.550e-01, 1.140e+05, 0.000e+00, 3.360e-04, 0.000e+00, 2.070e+00, 9.983e+02, 1.509e-07
8.450e-01, 5.000e-01, -5.450e-01, 1.139e+05, 0.000e+00, 3.276e-04, 0.000e+00, 2.068e+00, 9.983e+02, 1.472e-07
8.450e-01, 5.000e-01, -5.350e-01, 1.138e+05, 0.000e+00, 3.227e-04, 0.000e+00, 2.067e+00, 9.983e+02, 1.450e-07
8.450e-01, 5.000e-01, -5.250e-01, 1.137e+05, 0.000e+00, 3.208e-04, 0.000e+00, 2.065e+00, 9.983e+02, 1.441e-07
8.450e-01, 5.000e-01, -5.150e-01, 1.136e+05, 0.000e+00, 3.211e-04, 0.000e+00, 2.063e+00, 9.983e+02, 1.443e-07
8.450e-01, 5.000e-01, -5.050e-01, 1.135e+05, 0.000e+00, 3.222e-04, 0.000e+00, 2.061e+00, 9.983e+02, 1.447e-07
8.450e-01, 5.000e-01, -4.950e-01, 1.134e+05, 0.000e+00, 3.227e-04, 0.000e+00, 2.059e+00, 9.983e+02, 1.450e-07
8.450e-01, 5.000e-01, -4.850e-01, 1.133e+05, 0.000e+00, 3.219e-04, 0.000e+00, 2.058e+00, 9.983e+02, 1.446e-07
8.450e-01, 5.000e-01, -4.750e-01, 1.133e+05, 0.000e+00, 3.199e-04, 0.000e+00, 2.057e+00, 9.983e+02, 1.418e-07
8.450e-01, 5.000e-01, -4.650e-01, 1.132e+05, 0.000e+00, 3.192e-04, 0.000e+00, 2.055e+00, 9.983e+02, 1.402e-07
8.450e-01, 5.000e-01, -4.550e-01, 1.131e+05, 0.000e+00, 3.184e-04, 0.000e+00, 2.054e+00, 9.983e+02, 1.394e-07
8.450e-01, 5.000e-01, -4.450e-01, 1.129e+05, 0.000e+00, 3.139e-04, 0.000e+00, 2.050e+00, 9.983e+02, 1.348e-07
8.450e-01, 5.000e-01, -4.350e-01, 1.128e+05, 0.000e+00, 2.946e-04, 0.000e+00, 2.048e+00, 9.983e+02, 1.265e-07
8.450e-01, 5.000e-01, -4.250e-01, 1.127e+05, 0.000e+00, 2.691e-04, 0.000e+00, 2.047e+00, 9.983e+02, 1.155e-07
8.450e-01, 5.000e-01, -4.150e-01, 1.126e+05, 0.000e+00, 2.373e-04, 0.000e+00, 2.045e+00, 9.983e+02, 1.019e-07
8.450e-01, 5.000e-01, -4.050e-01, 1.125e+05, 0.000e+00, 1.943e-04, 0.000e+00, 2.043e+00, 9.983e+02, 8.340e-08
8.450e-01, 5.000e-01, -3.950e-01, 1.124e+05, 0.000e+00, 1.515e-04, 0.000e+00, 2.041e+00, 9.983e+02, 6.505e-08
8.450e-01, 5.000e-01, -3.850e-01, 1.123e+05, 0.000e+00, 1.262e-04, 0.000e+00, 2.039e+00, 9.983e+02, 5.419e-08
8.450e-01, 5.000e-01, -3.750e-01, 1.122e+05, 0.000e+00, 1.085e-04, 0.000e+00, 2.038e+00, 9.983e+02, 4.657e-08
8.450e-01, 5.000e-01, -3.650e-01, 1.121e+05, 0.000e+00, 9.447e-05, 0.000e+00, 2.036e+00, 9.983e+02, 4.055e-08
8.450e-01, 5.000e-01, -3.550e-01, 1.120e+05, 0.000e+00, 8.382e-05, 0.000e+00, 2.034e+00, 9.983e+02, 3.598e-08
8.450e-01, 5.000e-01, -3.450e-01, 1.119e+05, 0.000e+00, 8.308e-05, 0.000e+00, 2.033e+00, 9.983e+02, 3.710e-08
8.450e-01, 5.000e-01, -3.350e-01, 1.118e+05, 0.000e+00, 8.196e-05, 0.000e+00, 2.031e+00, 9.983e+02, 3.682e-08
8.450e-01, 5.000e-01, -3.250e-01, 1.117e+05, 0.000e+00, 7.871e-05, 0.000e+00, 2.029e+00, 9.983e+02, 3.536e-08
8.450e-01, 5.000e-01, -3.150e-01, 1.116e+05, 0.000e+00, 7.342e-05, 0.000e+00, 2.027e+00, 9.983e+02, 3.298e-08
8.450e-01, 5.000e-01, -3.050e-01, 1.115e+05, 0.000e+00, 6.659e-05, 0.000e+00, 2.025e+00, 9.983e+02, 2.991e-08
8.450e-01, 5.000e-01, -2.950e-01, 1.114e+05, 0.000e+00, 5.884e-05, 0.000e+00, 2.024e+00, 9.983e+02, 2.643e-08
8.450e-01, 5.000e-01, -2.850e-01, 1.113e+05, 0.000e+00, 5.070e-05, 0.000e+00, 2.022e+00, 9.983e+02, 2.278e-08
8.450e-01, 5.000e-01, -2.750e-01, 1.112e+05, 0.000e+00, 4.267e-05, 0.000e+00, 2.020e+00, 9.983e+02, 1.917e-08
8.450e-01, 5.000e-01, -2.650e-01, 1.111e+05, 0.000e+00, 3.554e-05, 0.000e+00, 2.018e+00, 9.983e+02, 1.596e-08
8.450e-01, 5.000e-01, -2.550e-01, 1.111e+05, 0.000e+00, 3.159e-05, 0.000e+00, 2.018e+00, 9.983e+02, 1.402e-08
8.450e-01, 5.000e-01, -2.450e-01, 1.110e+05, 0.000e+00, 2.922e-05, 0.000e+00, 2.016e+00, 9.983e+02, 1.284e-08
8.450e-01, 5.000e-01, -2.350e-01, 1.109e+05, 0.000e+00, 2.691e-05, 0.000e+00, 2.014e+00, 9.983e+02, 1.182e-08
8.450e-01, 5.000e-01, -2.250e-01, 1.108e+05, 0.000e+00, 2.460e-05, 0.000e+00, 2.012e+00, 9.983e+02, 1.080e-08
8.450e-01, 5.000e-01, -2.150e-01, 1.107e+05, 0.000e+00, 2.231e-05, 0.000e+00, 2.011e+00, 9.983e+02, 9.801e-09
8.450e-01, 5.000e-01, -2.050e-01, 1.106e+05, 0.000e+00, 2.040e-05, 0.000e+00, 2.009e+00, 9.983e+02, 8.962e-09
8.450e-01, 5.000e-01, -1.950e-01, 1.105e+05, 0.000e+00, 2.005e-05, 0.000e+00, 2.007e+00, 9.983e+02, 8.808e-09
8.450e-01, 5.000e-01, -1.850e-01, 1.104e+05, 0.000e+00, 2.451e-05, 0.000e+00, 2.005e+00, 9.983e+02, 1.067e-08
8.450e-01, 5.000e-01, -1.750e-01, 1.105e+05, 0.000e+00, 3.580e-05, 0.000e+00, 2.007e+00, 9.983e+02, 1.537e-08
8.450e-01, 5.000e-01, -1.650e-01, 1.104e+05, 0.000e+00, 5.081e-05, 0.000e+00, 2.005e+00, 9.983e+02, 2.181e-08
8.450e-01, 5.000e-01, -1.550e-01, 1.103e+05, 0.000e+00, 6.770e-05, 0.000e+00, 2.004e+00, 9.983e+02, 2.906e-08
8.450e-01, 5.000e-01, -1.450e-01, 1.102e+05, 0.000e+00, 8.276e-05, 0.000e+00, 2.002e+00, 9.983e+02, 3.553e-08
8.450e-01, 5.000e-01, -1.350e-01, 1.101e+05, 0.000e+00, 9.044e-05, 0.000e+00, 2.000e+00, 9.983e+02, 3.882e-08
8.450e-01, 5.000e-01, -1.250e-01, 1.100e+05, 0.000e+00, 8.540e-05, 0.000e+00, 1.998e+00, 9.983e+02, 3.670e-08
8.450e-01, 5.000e-01, -1.150e-01, 1.111e+05, 0.000e+00, 6.639e-05, 0.000e+00, 2.018e+00, 9.983e+02, 2.916e-08
8.450e-01, 5.000e-01, -1.050e-01, 1.110e+05, 0.000e+00, 4.397e-05, 0.000e+00, 2.017e+00, 9.983e+02, 1.931e-08
8.450e-01, 5.000e-01, -9.500e-02, 1.109e+05, 0.000e+00, 2.576e-05, 0.000e+00, 2.015e+00, 9.983e+02, 1.132e-08
8.450e-01, 5.000e-01, -8.500e-02, 1.108e+05, 0.000e+00, 1.367e-05, 0.000e+00, 2.013e+00, 9.983e+02, 6.006e-09
8.450e-01, 5.000e-01, -7.500e-02, 1.107e+05, 0.000e+00, 6.670e-06, 0.000e+00, 2.011e+00, 9.983e+02, 2.930e-09
8.450e-01, 5.000e-01, -6.500e-02, 1.106e+05, 0.000e+00, 3.019e-06, 0.000e+00, 2.009e+00, 9.983e+02, 1.326e-09
8.450e-01, 5.000e-01, -5.500e-02, 1.105e+05, 0.000e+00, 1.276e-06, 0.000e+00, 2.008e+00, 9.983e+02, 5.606e-10
8.450e-01, 5.000e-01, -4.500e-02, 1.104e+05, 0.000e+00, 5.068e-07, 0.000e+00, 2.006e+00, 9.983e+02, 2.226e-10
8.450e-01, 5.000e-01, -3.500e-02, 1.103e+05, 0.000e+00, 1.898e-07, 0.000e+00, 2.004e+00, 9.983e+02, 8.337e-11
8.450e-01, 5.000e-01, -2.500e-02, 1.102e+05, 0.000e+00, 6.744e-08, 0.000e+00, 2.002e+00, 9.983e+02, 2.962e-11
8.450e-01, 5.000e-01, -1.500e-02, 1.101e+05, 0.000e+00, 2.323e-08, 0.000e+00, 2.000e+00, 9.983e+02, 1.020e-11
8.450e-01, 5.000e-01, -5.000e-03, 1.100e+05, 0.000e+00, 9.026e-09, 0.000e+00, 1.999e+00, 9.983e+02, 3.965e-12
8.550e-01, 5.000e-01, -1.195e+00, 1.202e+05, 0.000e+00, 1.002e-13, 0.000e+00, 2.184e+00, 9.983e+02, 2.000e-17
8.550e-01, 5.000e-01, -1.185e+00, 1.201e+05, 0.000e+00, 1.002e-13, 0.000e+00, 2.182e+00, 9.983e+02, 2.000e-17
8.550e-01, 5.000e-01, -1.175e+00, 1.200e+05, 0.000e+00, 1.002e-13, 0.000e+00, 2.181e+00, 9.983e+02, 2.000e-17
8.550e-01, 5.000e-01, -1.165e+00, 1.199e+05, 0.000e+00, 7.758e-11, 0.000e+00, 2.179e+00, 9.983e+02, 2.133e-14
8.550e-01, 5.000e-01, -1.155e+00, 1.198e+05, 0.000e+00, 1.511e-03, 0.000e+00, 2.177e+00, 9.985e+02, 6.489e-07
8.550e-01, 5.000e-01, -1.145e+00, 1.197e+05, 0.000e+00, 1.492e-03, 0.000e+00, 2.175e+00, 9.985e+02, 6.406e-07
8.550e-01, 5.000e-01, -1.135e+00, 1.196e+05, 0.000e+00, 1.455e-03, 0.000e+00, 2.174e+00, 9.985e+02, 6.248e-07
8.550e-01, 5.000e-01, -1.125e+00, 1.195e+05, 0.000e+00, 1.402e-03, 0.000e+00, 2.172e+00, 9.985e+02, 6.020e-07
8.550e-01, 5.000e-01, -1.115e+00, 1.194e+05, 0.000e+00, 1.329e-03, 0.000e+00, 2.170e+00, 9.985e+02, 5.705e-07
8.550e-01, 5.000e-01, -1.105e+00, 1.193e+05, 0.000e+00, 1.233e-03, 0.000e+00, 2.168e+00, 9.985e+02, 5.296e-07
8.550e-01, 5.000e-01, -1.095e+00, 1.192e+05, 0.000e+00, 1.119e-03, 0.000e+00, 2.167e+00, 9.985e+02, 4.804e-07
8.550e-01, 5.000e-01, -1.085e+00, 1.191e+05, 0.000e+00, 9.932e-04, 0.000e+00, 2.165e+00, 9.984e+02, 4.264e-07
8.550e-01, 5.000e-01, -1.075e+00, 1.190e+05, 0.000e+00, 8.717e-04, 0.000e+00, 2.163e+00, 9.984e+02, 3.743e-07
8.550e-01, 5.000e-01, -1.065e+00, 1.189e+05, 0.000e+00, 7.748e-04, 0.000e+00, 2.161e+00, 9.984e+02, 3.326e-07
8.550e-01, 5.000e-01, -1.055e+00, 1.188e+05, 0.000e+00, 7.133e-04, 0.000e+00, 2.159e+00, 9.984e+02, 3.062e-07
8.550e-01, 5.000e-01, -1.045e+00, 1.187e+05, 0.000e+00, 6.765e-04, 0.000e+00, 2.158e+00, 9.984e+02, 2.904e-07
8.550e-01, 5.000e-01, -1.035e+00, 1.186e+05, 0.000e+00, 6.512e-04, 0.000e+00, 2.156e+00, 9.984e+02, 2.796e-07
8.550e-01, 5.000e-01, -1.025e+00, 1.185e+05, 0.000e+00, 6.313e-04, 0.000e+00, 2.154e+00, 9.984e+02, 2.710e-07
8.550e-01, 5.000e-01, -1.015e+00, 1.185e+05, 0.000e+00, 6.145e-04, 0.000e+00, 2.152e+00, 9.984e+02, 2.638e-07
8.550e-01, 5.000e-01, -1.005e+00, 1.184e+05, 0.000e+00, 5.993e-04, 0.000e+00, 2.150e+00, 9.984e+02, 2.573e-07
8.550e-01, 5.000e-01, -9.950e-01, 1.183e+05, 0.000e+00, 5.845e-04, 0.000e+00, 2.149e+00, 9.984e+02, 2.509e-07
8.550e-01, 5.000e-01, -9.850e-01, 1.182e+05, 0.000e+00, 5.698e-04, 0.000e+00, 2.147e+00, 9.984e+02, 2.446e-07
8.550e-01, 5.000e-01, -9.750e-01, 1.181e+05, 0.000e+00, 5.551e-04, 0.000e+00, 2.145e+00, 9.984e+02, 2.383e-07
8.550e-01, 5.000e-01, -9.650e-01, 1.180e+05, 0.000e+00, 5.404e-04, 0.000e+00, 2.143e+00, 9.984e+02, 2.320e-07
8.550e-01, 5.000e-01, -9.550e-01, 1.179e+05, 0.000e+00, 5.255e-04, 0.000e+00, 2.141e+00, 9.984e+02, 2.256e-07
8.550e-01, 5.000e-01, -9.450e-01, 1.178e+05, 0.000e+00, 5.104e-04, 0.000e+00, 2.140e+00, 9.984e+02, 2.191e-07
8.550e-01, 5.000e-01, -9.350e-01, 1.177e+05, 0.000e+00, 4.947e-04, 0.000e+00, 2.138e+00, 9.984e+02, 2.124e-07
8.550e-01, 5.000e-01, -9.250e-01, 1.176e+05, 0.000e+00, 4.781e-04, 0.000e+00, 2.136e+00, 9.983e+02, 2.052e-07
8.550e-01, 5.000e-01, -9.150e-01, 1.175e+05, 0.000e+00, 4.606e-04, 0.000e+00, 2.134e+00, 9.983e+02, 1.977e-07
8.550e-01, 5.000e-01, -9.050e-01, 1.174e+05, 0.000e+00, 4.421e-04, 0.000e+00, 2.132e+00, 9.983e+02, 1.898e-07
8.550e-01, 5.000e-01, -8.950e-01, 1.173e+05, 0.000e+00, 4.227e-04, 0.000e+00, 2.131e+00, 9.983e+02, 1.815e-07
8.550e-01, 5.000e-01, -8.850e-01, 1.172e+05, 0.000e+00, 4.031e-04, 0.000e+00, 2.129e+00, 9.983e+02, 1.731e-07
8.550e-01, 5.000e-01, -8.750e-01, 1.171e+05, 0.000e+00, 3.843e-04, 0.000e+00, 2.127e+00, 9.983e+02, 1.650e-07
8.550e-01, 5.000e-01, -8.650e-01, 1.170e+05, 0.000e+00, 3.672e-04, 0.000e+00, 2.125e+00, 9.983e+02, 1.576e-07
8.550e-01, 5.000e-01, -8.550e-01, 1.169e+05, 0.000e+00, 3.522e-04, 0.000e+00, 2.124e+00, 9.983e+02, 1.512e-07
8.550e-01, 5.000e-01, -8.450e-01, 1.168e+05, 0.000e+00, 3.395e-04, 0.000e+00, 2.122e+00, 9.983e+02, 1.458e-07
8.550e-01, 5.000e-01, -8.350e-01, 1.167e+05, 0.000e+00, 3.291e-04, 0.000e+00, 2.120e+00, 9.983e+02, 1.413e-07
8.550e-01, 5.000e-01, -8.250e-01, 1.166e+05, 0.000e+00, 3.207e-04, 0.000e+00, 2.118e+00, 9.983e+02, 1.377e-07
8.550e-01, 5.000e-01, -8.150e-01, 1.165e+05, 0.000e+00, 3.137e-04, 0.000e+00, 2.116e+00, 9.983e+02, 1.347e-07
8.550e-01, 5.000e-01, -8.050e-01, 1.164e+05, 0.000e+00, 3.078e-04, 0.000e+00, 2.115e+00, 9.983e+02, 1.321e-07
8.550e-01, 5.000e-01, -7.950e-01, 1.163e+05, 0.000e+00, 3.021e-04, 0.000e+00, 2.113e+00, 9.983e+02, 1.297e-07
8.550e-01, 5.000e-01, -7.850e-01, 1.162e+05, 0.000e+00, 2.968e-04, 0.000e+00, 2.111e+00, 9.983e+02, 1.274e-07
8.550e-01, 5.000e-01, -7.750e-01, 1.161e+05, 0.000e+00, 2.941e-04, 0.000e+00, 2.109e+00, 9.983e+02, 1.263e-07
8.550e-01, 5.000e-01, -7.650e-01, 1.160e+05, 0.000e+00, 3.028e-04, 0.000e+00, 2.107e+00, 9.983e+02, 1.300e-07
8.550e-01, 5.000e-01, -7.550e-01, 1.174e+05, 0.000e+00, 3.446e-04, 0.000e+00, 2.133e+00, 9.983e+02, 1.497e-07
8.550e-01, 5.000e-01, -7.450e-01, 1.173e+05, 0.000e+00, 3.798e-04, 0.000e+00, 2.131e+00, 9.983e+02, 1.668e-07
8.550e-01, 5.000e-01, -7.350e-01, 1.172e+05, 0.000e+00, 3.489e-04, 0.000e+00, 2.129e+00, 9.983e+02, 1.533e-07
8.550e-01, 5.000e-01, -7.250e-01, 1.171e+05, 0.000e+00, 2.773e-04, 0.000e+00, 2.127e+00, 9.983e+02, 1.218e-07
8.550e-01, 5.000e-01, -7.150e-01, 1.170e+05, 0.000e+00, 1.972e-04, 0.000e+00, 2.126e+00, 9.983e+02, 8.662e-08
8.550e-01, 5.000e-01, -7.050e-01, 1.169e+05, 0.000e+00, 1.288e-04, 0.000e+00, 2.124e+00, 9.983e+02, 5.660e-08
8.550e-01, 5.000e-01, -6.950e-01, 1.168e+05, 0.000e+00, 7.867e-05, 0.000e+00, 2.122e+00, 9.983e+02, 3.456e-08
8.550e-01, 5.000e-01, -6.850e-01, 1.167e+05, 0.000e+00, 4.549e-05, 0.000e+00, 2.120e+00, 9.983e+02, 1.998e-08
8.550e-01, 5.000e-01, -6.750e-01, 1.166e+05, 0.000e+00, 2.558e-05, 0.000e+00, 2.119e+00, 9.983e+02, 1.123e-08
8.550e-01, 5.000e-01, -6.650e-01, 1.165e+05, 0.000e+00, 1.568e-05, 0.000e+00, 2.117e+00, 9.983e+02, 6.888e-09
8.550e-01, 5.000e-01, -6.550e-01, 1.164e+05, 0.000e+00, 1.465e-05, 0.000e+00, 2.115e+00, 9.983e+02, 6.435e-09
8.550e-01, 5.000e-01, -6.450e-01, 1.163e+05, 0.000e+00, 2.450e-05, 0.000e+00, 2.113e+00, 9.983e+02, 1.076e-08
8.550e-01, 5.000e-01, -6.350e-01, 1.162e+05, 0.000e+00, 5.064e-05, 0.000e+00, 2.111e+00, 9.983e+02, 2.225e-08
8.550e-01, 5.000e-01, -6.250e-01, 1.161e+05, 0.000e+00, 9.965e-05, 0.000e+00, 2.110e+00, 9.983e+02, 4.377e-08
8.550e-01, 5.000e-01, -6.150e-01, 1.160e+05, 0.000e+00, 1.731e-04, 0.000e+00, 2.108e+00, 9.983e+02, 7.605e-08
8.550e-01, 5.000e-01, -6.050e-01, 1.159e+05, 0.000e+00, 2.596e-04, 0.000e+00, 2.106e+00, 9.983e+02, 1.144e-07
8.550e-01, 5.000e-01, -5.950e-01, 1.144e+05, 0.000e+00, 3.362e-04, 0.000e+00, 2.077e+00, 9.983e+02, 1.510e-07
8.550e-01, 5.000e-01, -5.850e-01, 1.143e+05, 0.000e+00, 3.620e-04, 0.000e+00, 2.075e+00, 9.983e+02, 1.626e-07
8.550e-01, 5.000e-01, -5.750e-01, 1.142e+05, 0.000e+00, 3.592e-04, 0.000e+00, 2.074e+00, 9.983e+02, 1.614e-07
8.550e-01, 5.000e-01, -5.650e-01, 1.141e+05, 0.000e+00, 3.475e-04, 0.000e+00, 2.072e+00, 9.983e+02, 1.561e-07
8.550e-01, 5.000e-01, -5.550e-01, 1.140e+05, 0.000e+00, 3.356e-04, 0.000e+00, 2.070e+00, 9.983e+02, 1.508e-07
8.550e-01, 5.000e-01, -5.450e-01, 1.139e+05, 0.000e+00, 3.262e-04, 0.000e+00, 2.068e+00, 9.983e+02, 1.466e-07
8.550e-01, 5.000e-01, -5.350e-01, 1.138e+05, 0.000e+00, 3.197e-04, 0.000e+00, 2.067e+00, 9.983e+02, 1.436e-07
8.550e-01, 5.000e-01, -5.250e-01, 1.137e+05, 0.000e+00, 3.157e-04, 0.000e+00, 2.065e+00, 9.983e+02, 1.418e-07
8.550e-01, 5.000e-01, -5.150e-01, 1.136e+05, 0.000e+00, 3.135e-04, 0.000e+00, 2.063e+00, 9.983e+02, 1.408e-07
8.550e-01, 5.000e-01, -5.050e-01, 1.135e+05, 0.000e+00, 3.120e-04, 0.000e+00, 2.061e+00, 9.983e+02, 1.402e-07
8.550e-01, 5.000e-01, -4.950e-01, 1.134e+05, 0.000e+00, 3.101e-04, 0.000e+00, 2.059e+00, 9.983e+02, 1.393e-07
8.550e-01, 5.000e-01, -4.850e-01, 1.133e+05, 0.000e+00, 3.072e-04, 0.000e+00, 2.058e+00, 9.983e+02, 1.380e-07
8.550e-01, 5.000e-01, -4.750e-01, 1.133e+05, 0.000e+00, 3.035e-04, 0.000e+00, 2.057e+00, 9.983e+02, 1.347e-07
8.550e-01, 5.000e-01, -4.650e-01, 1.132e+05, 0.000e+00, 3.037e-04, 0.000e+00, 2.055e+00, 9.983e+02, 1.334e-07
8.550e-01, 5.000e-01, -4.550e-01, 1.131e+05, 0.000e+00, 3.059e-04, 0.000e+00, 2.054e+00, 9.983e+02, 1.340e-07
8.550e-01, 5.000e-01, -4.450e-01, 1.129e+05, 0.000e+00, 3.048e-04, 0.000e+00, 2.050e+00, 9.983e+02, 1.309e-07
8.550e-01, 5.000e-01, -4.350e-01, 1.128e+05, 0.000e+00, 2.851e-04, 0.000e+00, 2.048e+00, 9.983e+02, 1.224e-07
8.550e-01, 5.000e-01, -4.250e-01, 1.127e+05, 0.000e+00, 2.575e-04, 0.000e+00, 2.047e+00, 9.983e+02, 1.105e-07
8.550e-01, 5.000e-01, -4.150e-01, 1.126e+05, 0.000e+00, 2.198e-04, 0.000e+00, 2.045e+00, 9.983e+02, 9.433e-08
8.550e-01, 5.000e-01, -4.050e-01, 1.125e+05, 0.000e+00, 1.741e-04, 0.000e+00, 2.043e+00, 9.983e+02, 7.474e-08
8.550e-01, 5.000e-01, -3.950e-01, 1.124e+05, 0.000e+00, 1.391e-04, 0.000e+00, 2.041e+00, 9.983e+02, 5.970e-08
8.550e-01, 5.000e-01, -3.850e-01, 1.123e+05, 0.000e+00, 1.152e-04, 0.000e+00, 2.039e+00, 9.983e+02, 4.945e-08
8.550e-01, 5.000e-01, -3.750e-01, 1.122e+05, 0.000e+00, 9.746e-05, 0.000e+00, 2.038e+00, 9.983e+02, 4.184e-08
8.550e-01, 5.000e-01, -3.650e-01, 1.121e+05, 0.000e+00, 8.331e-05, 0.000e+00, 2.036e+00, 9.983e+02, 3.576e-08
8.550e-01, 5.000e-01, -3.550e-01, 1.120e+05, 0.000e+00, 7.275e-05, 0.000e+00, 2.034e+00, 9.983e+02, 3.123e-08
8.550e-01, 5.000e-01, -3.450e-01, 1.119e+05, 0.000e+00, 7.163e-05, 0.000e+00, 2.033e+00, 9.983e+02, 3.207e-08
8.550e-01, 5.000e-01, -3.350e-01, 1.118e+05, 0.000e+00, 7.045e-05, 0.000e+00, 2.031e+00, 9.983e+02, 3.165e-08
8.550e-01, 5.000e-01, -3.250e-01, 1.117e+05, 0.000e+00, 6.778e-05, 0.000e+00, 2.029e+00, 9.983e+02, 3.045e-08
8.550e-01, 5.000e-01, -3.150e-01, 1.116e+05, 0.000e+00, 6.339e-05, 0.000e+00, 2.027e+00, 9.983e+02, 2.848e-08
8.550e-01, 5.000e-01, -3.050e-01, 1.115e+05, 0.000e+00, 5.762e-05, 0.000e+00, 2.025e+00, 9.983e+02, 2.588e-08
8.550e-01, 5.000e-01, -2.950e-01, 1.114e+05, 0.000e+00, 5.094e-05, 0.000e+00, 2.024e+00, 9.983e+02, 2.288e-08
8.550e-01, 5.000e-01, -2.850e-01, 1.113e+05, 0.000e+00, 4.385e-05, 0.000e+00, 2.022e+00, 9.983e+02, 1.970e-08
8.550e-01, 5.000e-01, -2.750e-01, 1.112e+05, 0.000e+00, 3.681e-05, 0.000e+00, 2.020e+00, 9.983e+02, 1.654e-08
8.550e-01, 5.000e-01, -2.650e-01, 1.111e+05, 0.000e+00, 3.053e-05, 0.000e+00, 2.018e+00, 9.983e+02, 1.371e-08
8.550e-01, 5.000e-01, -2.550e-01, 1.111e+05, 0.000e+00, 2.696e-05, 0.000e+00, 2.018e+00, 9.983e+02, 1.196e-08
8.550e-01, 5.000e-01, -2.450e-01, 1.110e+05, 0.000e+00, 2.450e-05, 0.000e+00, 2.016e+00, 9.983e+02, 1.076e-08
8.550e-01, 5.000e-01, -2.350e-01, 1.109e+05, 0.000e+00, 2.206e-05, 0.000e+00, 2.014e+00, 9.983e+02, 9.691e-09
8.550e-01, 5.000e-01, -2.250e-01, 1.108e+05, 0.000e+00, 1.969e-05, 0.000e+00, 2.012e+00, 9.983e+02, 8.650e-09
8.550e-01, 5.000e-01, -2.150e-01, 1.107e+05, 0.000e+00, 1.748e-05, 0.000e+00, 2.011e+00, 9.983e+02, 7.678e-09
8.550e-01, 5.000e-01, -2.050e-01, 1.106e+05, 0.000e+00, 1.571e-05, 0.000e+00, 2.009e+00, 9.983e+02, 6.901e-09
8.550e-01, 5.000e-01, -1.950e-01, 1.105e+05, 0.000e+00, 1.528e-05, 0.000e+00, 2.007e+00, 9.983e+02, 6.712e-09
8.550e-01, 5.000e-01, -1.850e-01, 1.104e+05, 0.000e+00, 1.863e-05, 0.000e+00, 2.005e+00, 9.983e+02, 8.115e-09
8.550e-01, 5.000e-01, -1.750e-01, 1.105e+05, 0.000e+00, 2.761e-05, 0.000e+00, 2.007e+00, 9.983e+02, 1.185e-08
8.550e-01, 5.000e-01, -1.650e-01, 1.104e+05, 0.000e+00, 4.055e-05, 0.000e+00, 2.005e+00, 9.983e+02, 1.741e-08
8.550e-01, 5.000e-01, -1.550e-01, 1.103e+05, 0.000e+00, 5.656e-05, 0.000e+00, 2.004e+00, 9.983e+02, 2.428e-08
8.550e-01, 5.000e-01, -1.450e-01, 1.102e+05, 0.000e+00, 7.260e-05, 0.000e+00, 2.002e+00, 9.983e+02, 3.116e-08
8.550e-01, 5.000e-01, -1.350e-01, 1.101e+05, 0.000e+00, 8.315e-05, 0.000e+00, 2.000e+00, 9.983e+02, 3.569e-08
8.550e-01, 5.000e-01, -1.250e-01, 1.100e+05, 0.000e+00, 8.210e-05, 0.000e+00, 1.998e+00, 9.983e+02, 3.534e-08
8.550e-01, 5.000e-01, -1.150e-01, 1.111e+05, 0.000e+00, 6.624e-05, 0.000e+00, 2.018e+00, 9.983e+02, 2.909e-08
8.550e-01, 5.000e-01, -1.050e-01, 1.110e+05, 0.000e+00, 4.519e-05, 0.000e+00, 2.017e+00, 9.983e+02, 1.985e-08
8.550e-01, 5.000e-01, -9.500e-02, 1.109e+05, 0.000e+00, 2.708e-05, 0.000e+00, 2.015e+00, 9.983e+02, 1.189e-08
8.550e-01, 5.000e-01, -8.500e-02, 1.108e+05, 0.000e+00, 1.460e-05, 0.000e+00, 2.013e+00, 9.983e+02, 6.413e-09
8.550e-01, 5.000e-01, -7.500e-02, 1.107e+05, 0.000e+00, 7.195e-06, 0.000e+00, 2.011e+00, 9.983e+02, 3.160e-09
8.550e-01, 5.000e-01, -6.500e-02, 1.106e+05, 0.000e+00, 3.276e-06, 0.000e+00, 2.009e+00, 9.983e+02, 1.439e-09
8.550e-01, 5.000e-01, -5.500e-02, 1.105e+05, 0.000e+00, 1.389e-06, 0.000e+00, 2.008e+00, 9.983e+02, 6.100e-10
8.550e-01, 5.000e-01, -4.500e-02, 1.104e+05, 0.000e+00, 5.515e-07, 0.000e+00, 2.006e+00, 9.983e+02, 2.422e-10
8.550e-01, 5.000e-01, -3.500e-02, 1.103e+05, 0.000e+00, 2.062e-07, 0.000e+00, 2.004e+00, 9.983e+02, 9.058e-11
8.550e-01, 5.000e-01, -2.500e-02, 1.102e+05, 0.000e+00, 7.307e-08, 0.000e+00, 2.002e+00, 9.983e+02, 3.210e-11
8.550e-01, 5.000e-01, -1.500e-02, 1.101e+05, 0.000e+00, 2.508e-08, 0.000e+00, 2.000e+00, 9.983e+02, 1.101e-11
8.550e-01, 5.000e-01, -5.000e-03, 1.100e+05, 0.000e+00, 9.712e-09, 0.000e+00, 1.999e+00, 9.983e+02, 4.266e-12
8.650e-01, 5.000e-01, -1.195e+00, 1.202e+05, 0.000e+00, 1.002e-13, 0.000e+00, 2.184e+00, 9.983e+02, 2.000e-17
8.650e-01, 5.000e-01, -1.185e+00, 1.201e+05, 0.000e+00, 1.002e-13, 0.000e+00, 2.182e+00, 9.983e+02, 2.000e-17
8.650e-01, 5.000e-01, -1.175e+00, 1.200e+05, 0.000e+00, 1.002e-13, 0.000e+00, 2.181e+00, 9.983e+02, 2.000e-17
8.650e-01, 5.000e-01, -1.165e+00, 1.199e+05, 0.000e+00, 5.818e-11, 0.000e+00, 2.179e+00, 9.983e+02, 1.509e-14
8.650e-01, 5.000e-01, -1.155e+00, 1.198e+05, 0.000e+00, 1.509e-03, 0.000e+00, 2.177e+00, 9.985e+02, 6.479e-07
8.650e-01, 5.000e-01, -1.145e+00, 1.197e+05, 0.000e+00, 1.488e-03, 0.000e+00, 2.175e+00, 9.985e+02, 6.391e-07
8.650e-01, 5.000e-01, -1.135e+00, 1.196e+05, 0.000e+00, 1.452e-03, 0.000e+00, 2.174e+00, 9.985e+02, 6.236e-07
8.650e-01, 5.000e-01, -1.125e+00, 1.195e+05, 0.000e+00, 1.400e-03, 0.000e+00, 2.172e+00, 9.985e+02, 6.013e-07
8.650e-01, 5.000e-01, -1.115e+00, 1.194e+05, 0.000e+00, 1.328e-03, 0.000e+00, 2.170e+00, 9.985e+02, 5.702e-07
8.650e-01, 5.000e-01, -1.105e+00, 1.193e+05, 0.000e+00, 1.233e-03, 0.000e+00, 2.168e+00, 9.985e+02, 5.293e-07
8.650e-01, 5.000e-01, -1.095e+00, 1.192e+05, 0.000e+00, 1.118e-03, 0.000e+00, 2.167e+00, 9.985e+02, 4.799e-07
8.650e-01, 5.000e-01, -1.085e+00, 1.191e+05, 0.000e+00, 9.906e-04, 0.000e+00, 2.165e+00, 9.984e+02, 4.253e-07
8.650e-01, 5.000e-01, -1.075e+00, 1.190e+05, 0.000e+00, 8.674e-04, 0.000e+00, 2.163e+00, 9.984e+02, 3.724e-07
8.650e-01, 5.000e-01, -1.065e+00, 1.189e+05, 0.000e+00, 7.709e-04, 0.000e+00, 2.161e+00, 9.984e+02, 3.310e-07
8.650e-01, 5.000e-01, -1.055e+00, 1.188e+05, 0.000e+00, 7.123e-04, 0.000e+00, 2.159e+00, 9.984e+02, 3.058e-07
8.650e-01, 5.000e-01, -1.045e+00, 1.187e+05, 0.000e+00, 6.782e-04, 0.000e+00, 2.158e+00, 9.984e+02, 2.911e-07
8.650e-01, 5.000e-01, -1.035e+00, 1.186e+05, 0.000e+00, 6.543e-04, 0.000e+00, 2.156e+00, 9.984e+02, 2.809e-07
8.650e-01, 5.000e-01, -1.025e+00, 1.185e+05, 0.000e+00, 6.348e-04, 0.000e+00, 2.154e+00, 9.984e+02, 2.725e-07
8.650e-01, 5.000e-01, -1.015e+00, 1.185e+05, 0.000e+00, 6.179e-04, 0.000e+00, 2.152e+00, 9.984e+02, 2.653e-07
8.650e-01, 5.000e-01, -1.005e+00, 1.184e+05, 0.000e+00, 6.024e-04, 0.000e+00, 2.150e+00, 9.984e+02, 2.586e-07
8.650e-01, 5.000e-01, -9.950e-01, 1.183e+05, 0.000e+00, 5.875e-04, 0.000e+00, 2.149e+00, 9.984e+02, 2.522e-07
8.650e-01, 5.000e-01, -9.850e-01, 1.182e+05, 0.000e+00, 5.729e-04, 0.000e+00, 2.147e+00, 9.984e+02, 2.460e-07
8.650e-01, 5.000e-01, -9.750e-01, 1.181e+05, 0.000e+00, 5.585e-04, 0.000e+00, 2.145e+00, 9.984e+02, 2.398e-07
8.650e-01, 5.000e-01, -9.650e-01, 1.180e+05, 0.000e+00, 5.443e-04, 0.000e+00, 2.143e+00, 9.984e+02, 2.337e-07
8.650e-01, 5.000e-01, -9.550e-01, 1.179e+05, 0.000e+00, 5.301e-04, 0.000e+00, 2.141e+00, 9.984e+02, 2.276e-07
8.650e-01, 5.000e-01, -9.450e-01, 1.178e+05, 0.000e+00, 5.156e-04, 0.000e+00, 2.140e+00, 9.984e+02, 2.213e-07
8.650e-01, 5.000e-01, -9.350e-01, 1.177e+05, 0.000e+00, 5.007e-04, 0.000e+00, 2.138e+00, 9.984e+02, 2.149e-07
8.650e-01, 5.000e-01, -9.250e-01, 1.176e+05, 0.000e+00, 4.849e-04, 0.000e+00, 2.136e+00, 9.984e+02, 2.082e-07
8.650e-01, 5.000e-01, -9.150e-01, 1.175e+05, 0.000e+00, 4.681e-04, 0.000e+00, 2.134e+00, 9.983e+02, 2.009e-07
8.650e-01, 5.000e-01, -9.050e-01, 1.174e+05, 0.000e+00, 4.502e-04, 0.000e+00, 2.132e+00, 9.983e+02, 1.932e-07
8.650e-01, 5.000e-01, -8.950e-01, 1.173e+05, 0.000e+00, 4.313e-04, 0.000e+00, 2.131e+00, 9.983e+02, 1.851e-07
8.650e-01, 5.000e-01, -8.850e-01, 1.172e+05, 0.000e+00, 4.119e-04, 0.000e+00, 2.129e+00, 9.983e+02, 1.768e-07
8.650e-01, 5.000e-01, -8.750e-01, 1.171e+05, 0.000e+00, 3.928e-04, 0.000e+00, 2.127e+00, 9.983e+02, 1.686e-07
8.650e-01, 5.000e-01, -8.650e-01, 1.170e+05, 0.000e+00, 3.750e-04, 0.000e+00, 2.125e+00, 9.983e+02, 1.610e-07
8.650e-01, 5.000e-01, -8.550e-01, 1.169e+05, 0.000e+00, 3.590e-04, 0.000e+00, 2.124e+00, 9.983e+02, 1.541e-07
8.650e-01, 5.000e-01, -8.450e-01, 1.168e+05, 0.000e+00, 3.452e-04, 0.000e+00, 2.122e+00, 9.983e+02, 1.482e-07
8.650e-01, 5.000e-01, -8.350e-01, 1.167e+05, 0.000e+00, 3.337e-04, 0.000e+00, 2.120e+00, 9.983e+02, 1.432e-07
8.650e-01, 5.000e-01, -8.250e-01, 1.166e+05, 0.000e+00, 3.242e-04, 0.000e+00, 2.118e+00, 9.983e+02, 1.392e-07
8.650e-01, 5.000e-01, -8.150e-01, 1.165e+05, 0.000e+00, 3.165e-04, 0.000e+00, 2.116e+00, 9.983e+02, 1.359e-07
8.650e-01, 5.000e-01, -8.050e-01, 1.164e+05, 0.000e+00, 3.099e-04, 0.000e+00, 2.115e+00, 9.983e+02, 1.330e-07
8.650e-01, 5.000e-01, -7.950e-01, 1.163e+05, 0.000e+00, 3.039e-04, 0.000e+00, 2.113e+00, 9.983e+02, 1.304e-07
8.650e-01, 5.000e-01, -7.850e-01, 1.162e+05, 0.000e+00, 2.983e-04, 0.000e+00, 2.111e+00, 9.983e+02, 1.281e-07
8.650e-01, 5.000e-01, -7.750e-01, 1.161e+05, 0.000e+00, 2.957e-04, 0.000e+00, 2.109e+00, 9.983e+02, 1.269e-07
8.650e-01, 5.000e-01, -7.650e-01, 1.160e+05, 0.000e+00, 3.037e-04, 0.000e+00, 2.107e+00, 9.983e+02, 1.304e-07
8.650e-01, 5.000e-01, -7.550e-01, 1.159e+05, 0.000e+00, 3.373e-04, 0.000e+00, 2.106e+00, 9.983e+02, 1.457e-07
8.650e-01, 5.000e-01, -7.450e-01, 1.173e+05, 0.000e+00, 4.025e-04, 0.000e+00, 2.131e+00, 9.983e+02, 1.768e-07
8.650e-01, 5.000e-01, -7.350e-01, 1.172e+05, 0.000e+00, 3.853e-04, 0.000e+00, 2.129e+00, 9.983e+02, 1.693e-07
8.650e-01, 5.000e-01, -7.250e-01, 1.171e+05, 0.000e+00, 3.142e-04, 0.000e+00, 2.127e+00, 9.983e+02, 1.380e-07
8.650e-01, 5.000e-01, -7.150e-01, 1.170e+05, 0.000e+00, 2.280e-04, 0.000e+00, 2.126e+00, 9.983e+02, 1.001e-07
8.650e-01, 5.000e-01, -7.050e-01, 1.169e+05, 0.000e+00, 1.517e-04, 0.000e+00, 2.124e+00, 9.983e+02, 6.665e-08
8.650e-01, 5.000e-01, -6.950e-01, 1.168e+05, 0.000e+00, 9.434e-05, 0.000e+00, 2.122e+00, 9.983e+02, 4.144e-08
8.650e-01, 5.000e-01, -6.850e-01, 1.167e+05, 0.000e+00, 5.545e-05, 0.000e+00, 2.120e+00, 9.983e+02, 2.435e-08
8.650e-01, 5.000e-01, -6.750e-01, 1.166e+05, 0.000e+00, 3.135e-05, 0.000e+00, 2.119e+00, 9.983e+02, 1.377e-08
8.650e-01, 5.000e-01, -6.650e-01, 1.165e+05, 0.000e+00, 1.834e-05, 0.000e+00, 2.117e+00, 9.983e+02, 8.055e-09
8.650e-01, 5.000e-01, -6.550e-01, 1.164e+05, 0.000e+00, 1.449e-05, 0.000e+00, 2.115e+00, 9.983e+02, 6.366e-09
8.650e-01, 5.000e-01, -6.450e-01, 1.163e+05, 0.000e+00, 2.085e-05, 0.000e+00, 2.113e+00, 9.983e+02, 9.156e-09
8.650e-01, 5.000e-01, -6.350e-01, 1.162e+05, 0.000e+00, 4.197e-05, 0.000e+00, 2.111e+00, 9.983e+02, 1.843e-08
8.650e-01, 5.000e-01, -6.250e-01, 1.161e+05, 0.000e+00, 8.461e-05, 0.000e+00, 2.110e+00, 9.983e+02, 3.716e-08
8.650e-01, 5.000e-01, -6.150e-01, 1.160e+05, 0.000e+00, 1.526e-04, 0.000e+00, 2.108e+00, 9.983e+02, 6.702e-08
8.650e-01, 5.000e-01, -6.050e-01, 1.159e+05, 0.000e+00, 2.389e-04, 0.000e+00, 2.106e+00, 9.983e+02, 1.050e-07
8.650e-01, 5.000e-01, -5.950e-01, 1.144e+05, 0.000e+00, 3.216e-04, 0.000e+00, 2.077e+00, 9.983e+02, 1.444e-07
8.650e-01, 5.000e-01, -5.850e-01, 1.143e+05, 0.000e+00, 3.557e-04, 0.000e+00, 2.075e+00, 9.983e+02, 1.598e-07
8.650e-01, 5.000e-01, -5.750e-01, 1.142e+05, 0.000e+00, 3.572e-04, 0.000e+00, 2.074e+00, 9.983e+02, 1.605e-07
8.650e-01, 5.000e-01, -5.650e-01, 1.141e+05, 0.000e+00, 3.464e-04, 0.000e+00, 2.072e+00, 9.983e+02, 1.556e-07
8.650e-01, 5.000e-01, -5.550e-01, 1.140e+05, 0.000e+00, 3.339e-04, 0.000e+00, 2.070e+00, 9.983e+02, 1.500e-07
8.650e-01, 5.000e-01, -5.450e-01, 1.139e+05, 0.000e+00, 3.232e-04, 0.000e+00, 2.068e+00, 9.983e+02, 1.452e-07
8.650e-01, 5.000e-01, -5.350e-01, 1.138e+05, 0.000e+00, 3.148e-04, 0.000e+00, 2.067e+00, 9.983e+02, 1.414e-07
8.650e-01, 5.000e-01, -5.250e-01, 1.137e+05, 0.000e+00, 3.085e-04, 0.000e+00, 2.065e+00, 9.983e+02, 1.386e-07
8.650e-01, 5.000e-01, -5.150e-01, 1.136e+05, 0.000e+00, 3.037e-04, 0.000e+00, 2.063e+00, 9.983e+02, 1.365e-07
8.650e-01, 5.000e-01, -5.050e-01, 1.135e+05, 0.000e+00, 2.994e-04, 0.000e+00, 2.061e+00, 9.983e+02, 1.345e-07
8.650e-01, 5.000e-01, -4.950e-01, 1.134e+05, 0.000e+00, 2.946e-04, 0.000e+00, 2.059e+00, 9.983e+02, 1.323e-07
8.650e-01, 5.000e-01, -4.850e-01, 1.133e+05, 0.000e+00, 2.884e-04, 0.000e+00, 2.058e+00, 9.983e+02, 1.296e-07
8.650e-01, 5.000e-01, -4.750e-01, 1.133e+05, 0.000e+00, 2.809e-04, 0.000e+00, 2.057e+00, 9.983e+02, 1.247e-07
8.650e-01, 5.000e-01, -4.650e-01, 1.132e+05, 0.000e+00, 2.809e-04, 0.000e+00, 2.055e+00, 9.983e+02, 1.234e-07
8.650e-01, 5.000e-01, -4.550e-01, 1.131e+05, 0.000e+00, 2.885e-04, 0.000e+00, 2.054e+00, 9.983e+02, 1.263e-07
8.650e-01, 5.000e-01, -4.450e-01, 1.129e+05, 0.000e+00, 2.944e-04, 0.000e+00, 2.050e+00, 9.983e+02, 1.264e-07
8.650e-01, 5.000e-01, -4.350e-01, 1.128e+05, 0.000e+00, 2.749e-04, 0.000e+00, 2.048e+00, 9.983e+02, 1.180e-07
8.650e-01, 5.000e-01, -4.250e-01, 1.127e+05, 0.000e+00, 2.435e-04, 0.000e+00, 2.047e+00, 9.983e+02, 1.045e-07
8.650e-01, 5.000e-01, -4.150e-01, 1.126e+05, 0.000e+00, 2.003e-04, 0.000e+00, 2.045e+00, 9.983e+02, 8.600e-08
8.650e-01, 5.000e-01, -4.050e-01, 1.125e+05, 0.000e+00, 1.592e-04, 0.000e+00, 2.043e+00, 9.983e+02, 6.835e-08
8.650e-01, 5.000e-01, -3.950e-01, 1.124e+05, 0.000e+00, 1.279e-04, 0.000e+00, 2.041e+00, 9.983e+02, 5.492e-08
8.650e-01, 5.000e-01, -3.850e-01, 1.123e+05, 0.000e+00, 1.046e-04, 0.000e+00, 2.039e+00, 9.983e+02, 4.489e-08
8.650e-01, 5.000e-01, -3.750e-01, 1.122e+05, 0.000e+00, 8.663e-05, 0.000e+00, 2.038e+00, 9.983e+02, 3.719e-08
8.650e-01, 5.000e-01, -3.650e-01, 1.121e+05, 0.000e+00, 7.239e-05, 0.000e+00, 2.036e+00, 9.983e+02, 3.107e-08
8.650e-01, 5.000e-01, -3.550e-01, 1.120e+05, 0.000e+00, 6.212e-05, 0.000e+00, 2.034e+00, 9.983e+02, 2.667e-08
8.650e-01, 5.000e-01, -3.450e-01, 1.119e+05, 0.000e+00, 6.041e-05, 0.000e+00, 2.033e+00, 9.983e+02, 2.711e-08
8.650e-01, 5.000e-01, -3.350e-01, 1.118e+05, 0.000e+00, 5.915e-05, 0.000e+00, 2.031e+00, 9.983e+02, 2.657e-08
8.650e-01, 5.000e-01, -3.250e-01, 1.117e+05, 0.000e+00, 5.704e-05, 0.000e+00, 2.029e+00, 9.983e+02, 2.562e-08
8.650e-01, 5.000e-01, -3.150e-01, 1.116e+05, 0.000e+00, 5.361e-05, 0.000e+00, 2.027e+00, 9.983e+02, 2.408e-08
8.650e-01, 5.000e-01, -3.050e-01, 1.115e+05, 0.000e+00, 4.894e-05, 0.000e+00, 2.025e+00, 9.983e+02, 2.198e-08
8.650e-01, 5.000e-01, -2.950e-01, 1.114e+05, 0.000e+00, 4.338e-05, 0.000e+00, 2.024e+00, 9.983e+02, 1.949e-08
8.650e-01, 5.000e-01, -2.850e-01, 1.113e+05, 0.000e+00, 3.737e-05, 0.000e+00, 2.022e+00, 9.983e+02, 1.679e-08
8.650e-01, 5.000e-01, -2.750e-01, 1.112e+05, 0.000e+00, 3.133e-05, 0.000e+00, 2.020e+00, 9.983e+02, 1.408e-08
8.650e-01, 5.000e-01, -2.650e-01, 1.111e+05, 0.000e+00, 2.593e-05, 0.000e+00, 2.018e+00, 9.983e+02, 1.165e-08
8.650e-01, 5.000e-01, -2.550e-01, 1.111e+05, 0.000e+00, 2.286e-05, 0.000e+00, 2.018e+00, 9.983e+02, 1.014e-08
8.650e-01, 5.000e-01, -2.450e-01, 1.110e+05, 0.000e+00, 2.046e-05, 0.000e+00, 2.016e+00, 9.983e+02, 8.987e-09
8.650e-01, 5.000e-01, -2.350e-01, 1.109e+05, 0.000e+00, 1.803e-05, 0.000e+00, 2.014e+00, 9.983e+02, 7.921e-09
8.650e-01, 5.000e-01, -2.250e-01, 1.108e+05, 0.000e+00, 1.571e-05, 0.000e+00, 2.012e+00, 9.983e+02, 6.899e-09
8.650e-01, 5.000e-01, -2.150e-01, 1.107e+05, 0.000e+00, 1.361e-05, 0.000e+00, 2.011e+00, 9.983e+02, 5.977e-09
8.650e-01, 5.000e-01, -2.050e-01, 1.106e+05, 0.000e+00, 1.199e-05, 0.000e+00, 2.009e+00, 9.983e+02, 5.264e-09
8.650e-01, 5.000e-01, -1.950e-01, 1.105e+05, 0.000e+00, 1.153e-05, 0.000e+00, 2.007e+00, 9.983e+02, 5.066e-09
8.650e-01, 5.000e-01, -1.850e-01, 1.104e+05, 0.000e+00, 1.413e-05, 0.000e+00, 2.005e+00, 9.983e+02, 6.156e-09
8.650e-01, 5.000e-01, -1.750e-01, 1.105e+05, 0.000e+00, 2.138e-05, 0.000e+00, 2.007e+00, 9.983e+02, 9.178e-09
8.650e-01, 5.000e-01, -1.650e-01, 1.104e+05, 0.000e+00, 3.262e-05, 0.000e+00, 2.005e+00, 9.983e+02, 1.400e-08
8.650e-01, 5.000e-01, -1.550e-01, 1.103e+05, 0.000e+00, 4.764e-05, 0.000e+00, 2.004e+00, 9.983e+02, 2.045e-08
8.650e-01, 5.000e-01, -1.450e-01, 1.102e+05, 0.000e+00, 6.414e-05, 0.000e+00, 2.002e+00, 9.983e+02, 2.753e-08
8.650e-01, 5.000e-01, -1.350e-01, 1.101e+05, 0.000e+00, 7.679e-05, 0.000e+00, 2.000e+00, 9.983e+02, 3.296e-08
8.650e-01, 5.000e-01, -1.250e-01, 1.100e+05, 0.000e+00, 7.890e-05, 0.000e+00, 1.998e+00, 9.983e+02, 3.401e-08
8.650e-01, 5.000e-01, -1.150e-01, 1.111e+05, 0.000e+00, 6.587e-05, 0.000e+00, 2.018e+00, 9.983e+02, 2.893e-08
8.650e-01, 5.000e-01, -1.050e-01, 1.110e+05, 0.000e+00, 4.625e-05, 0.000e+00, 2.017e+00, 9.983e+02, 2.032e-08
8.650e-01, 5.000e-01, -9.500e-02, 1.109e+05, 0.000e+00, 2.835e-05, 0.000e+00, 2.015e+00, 9.983e+02, 1.245e-08
8.650e-01, 5.000e-01, -8.500e-02, 1.108e+05, 0.000e+00, 1.554e-05, 0.000e+00, 2.013e+00, 9.983e+02, 6.827e-09
8.650e-01, 5.000e-01, -7.500e-02, 1.107e+05, 0.000e+00, 7.746e-06, 0.000e+00, 2.011e+00, 9.983e+02, 3.402e-09
8.650e-01, 5.000e-01, -6.500e-02, 1.106e+05, 0.000e+00, 3.551e-06, 0.000e+00, 2.009e+00, 9.983e+02, 1.560e-09
8.650e-01, 5.000e-01, -5.500e-02, 1.105e+05, 0.000e+00, 1.511e-06, 0.000e+00, 2.008e+00, 9.983e+02, 6.635e-10
8.650e-01, 5.000e-01, -4.500e-02, 1.104e+05, 0.000e+00, 6.004e-07, 0.000e+00, 2.006e+00, 9.983e+02, 2.637e-10
8.650e-01, 5.000e-01, -3.500e-02, 1.103e+05, 0.000e+00, 2.243e-07, 0.000e+00, 2.004e+00, 9.983e+02, 9.852e-11
8.650e-01, 5.000e-01, -2.500e-02, 1.102e+05, 0.000e+00, 7.932e-08, 0.000e+00, 2.002e+00, 9.983e+02, 3.484e-11
8.650e-01, 5.000e-01, -1.500e-02, 1.101e+05, 0.000e+00, 2.714e-08, 0.000e+00, 2.000e+00, 9.983e+02, 1.192e-11
8.650e-01, 5.000e-01, -5.000e-03, 1.100e+05, 0.000e+00, 1.048e-08, 0.000e+00, 1.999e+00, 9.983e+02, 4.604e-12
8.750e-01, 5.000e-01, -1.195e+00, 1.202e+05, 0.000e+00, 1.002e-13, 0.000e+00, 2.184e+00, 9.983e+02, 2.000e-17
8.750e-01, 5.000e-01, -1.185e+00, 1.201e+05, 0.000e+00, 1.002e-13, 0.000e+00, 2.182e+00, 9.983e+02, 2.000e-17
8.750e-01, 5.000e-01, -1.175e+00, 1.200e+05, 0.000e+00, 1.002e-13, 0.000e+00, 2.181e+00, 9.983e+02, 2.000e-17
8.750e-01, 5.000e-01, -1.165e+00, 1.199e+05, 0.000e+00, 2.354e-11, 0.000e+00, 2.179e+00, 9.983e+02, 5.739e-15
8.750e-01, 5.000e-01, -1.155e+00, 1.198e+05, 0.000e+00, 1.506e-03, 0.000e+00, 2.177e+00, 9.985e+02, 6.464e-07
8.750e-01, 5.000e-01, -1.145e+00, 1.197e+05, 0.000e+00, 1.485e-03, 0.000e+00, 2.175e+00, 9.985e+02, 6.374e-07
8.750e-01, 5.000e-01, -1.135e+00, 1.196e+05, 0.000e+00, 1.449e-03, 0.000e+00, 2.174e+00, 9.985e+02, 6.222e-07
8.750e-01, 5.000e-01, -1.125e+00, 1.195e+05, 0.000e+00, 1.398e-03, 0.000e+00, 2.172e+00, 9.985e+02, 6.004e-07
8.750e-01, 5.000e-01, -1.115e+00, 1.194e+05, 0.000e+00, 1.328e-03, 0.000e+00, 2.170e+00, 9.985e+02, 5.700e-07
8.750e-01, 5.000e-01, -1.105e+00, 1.193e+05, 0.000e+00, 1.233e-03, 0.000e+00, 2.168e+00, 9.985e+02, 5.292e-07
8.750e-01, 5.000e-01, -1.095e+00, 1.192e+05, 0.000e+00, 1.117e-03, 0.000e+00, 2.167e+00, 9.985e+02, 4.795e-07
8.750e-01, 5.000e-01, -1.085e+00, 1.191e+05, 0.000e+00, 9.882e-04, 0.000e+00, 2.165e+00, 9.984e+02, 4.243e-07
8.750e-01, 5.000e-01, -1.075e+00, 1.190e+05, 0.000e+00, 8.633e-04, 0.000e+00, 2.163e+00, 9.984e+02, 3.706e-07
8.750e-01, 5.000e-01, -1.065e+00, 1.189e+05, 0.000e+00, 7.674e-04, 0.000e+00, 2.161e+00, 9.984e+02, 3.294e-07
8.750e-01, 5.000e-01, -1.055e+00, 1.188e+05, 0.000e+00, 7.115e-04, 0.000e+00, 2.159e+00, 9.984e+02, 3.055e-07
8.750e-01, 5.000e-01, -1.045e+00, 1.187e+05, 0.000e+00, 6.800e-04, 0.000e+00, 2.158e+00, 9.984e+02, 2.919e-07
8.750e-01, 5.000e-01, -1.035e+00, 1.186e+05, 0.000e+00, 6.574e-04, 0.000e+00, 2.156e+00, 9.984e+02, 2.822e-07
8.750e-01, 5.000e-01, -1.025e+00, 1.185e+05, 0.000e+00, 6.383e-04, 0.000e+00, 2.154e+00, 9.984e+02, 2.740e-07
8.750e-01, 5.000e-01, -1.015e+00, 1.185e+05, 0.000e+00, 6.212e-04, 0.000e+00, 2.152e+00, 9.984e+02, 2.667e-07
8.750e-01, 5.000e-01, -1.005e+00, 1.184e+05, 0.000e+00, 6.055e-04, 0.000e+00, 2.150e+00, 9.984e+02, 2.599e-07
8.750e-01, 5.000e-01, -9.950e-01, 1.183e+05, 0.000e+00, 5.905e-04, 0.000e+00, 2.149e+00, 9.984e+02, 2.535e-07
8.750e-01, 5.000e-01, -9.850e-01, 1.182e+05, 0.000e+00, 5.760e-04, 0.000e+00, 2.147e+00, 9.984e+02, 2.473e-07
8.750e-01, 5.000e-01, -9.750e-01, 1.181e+05, 0.000e+00, 5.618e-04, 0.000e+00, 2.145e+00, 9.984e+02, 2.412e-07
8.750e-01, 5.000e-01, -9.650e-01, 1.180e+05, 0.000e+00, 5.481e-04, 0.000e+00, 2.143e+00, 9.984e+02, 2.353e-07
8.750e-01, 5.000e-01, -9.550e-01, 1.179e+05, 0.000e+00, 5.345e-04, 0.000e+00, 2.141e+00, 9.984e+02, 2.295e-07
8.750e-01, 5.000e-01, -9.450e-01, 1.178e+05, 0.000e+00, 5.207e-04, 0.000e+00, 2.140e+00, 9.984e+02, 2.235e-07
8.750e-01, 5.000e-01, -9.350e-01, 1.177e+05, 0.000e+00, 5.065e-04, 0.000e+00, 2.138e+00, 9.984e+02, 2.174e-07
8.750e-01, 5.000e-01, -9.250e-01, 1.176e+05, 0.000e+00, 4.916e-04, 0.000e+00, 2.136e+00, 9.984e+02, 2.110e-07
8.750e-01, 5.000e-01, -9.150e-01, 1.175e+05, 0.000e+00, 4.756e-04, 0.000e+00, 2.134e+00, 9.983e+02, 2.042e-07
8.750e-01, 5.000e-01, -9.050e-01, 1.174e+05, 0.000e+00, 4.583e-04, 0.000e+00, 2.132e+00, 9.983e+02, 1.967e-07
8.750e-01, 5.000e-01, -8.950e-01, 1.173e+05, 0.000e+00, 4.399e-04, 0.000e+00, 2.131e+00, 9.983e+02, 1.889e-07
8.750e-01, 5.000e-01, -8.850e-01, 1.172e+05, 0.000e+00, 4.208e-04, 0.000e+00, 2.129e+00, 9.983e+02, 1.807e-07
8.750e-01, 5.000e-01, -8.750e-01, 1.171e+05, 0.000e+00, 4.017e-04, 0.000e+00, 2.127e+00, 9.983e+02, 1.724e-07
8.750e-01, 5.000e-01, -8.650e-01, 1.170e+05, 0.000e+00, 3.833e-04, 0.000e+00, 2.125e+00, 9.983e+02, 1.645e-07
8.750e-01, 5.000e-01, -8.550e-01, 1.169e+05, 0.000e+00, 3.664e-04, 0.000e+00, 2.124e+00, 9.983e+02, 1.573e-07
8.750e-01, 5.000e-01, -8.450e-01, 1.168e+05, 0.000e+00, 3.515e-04, 0.000e+00, 2.122e+00, 9.983e+02, 1.509e-07
8.750e-01, 5.000e-01, -8.350e-01, 1.167e+05, 0.000e+00, 3.388e-04, 0.000e+00, 2.120e+00, 9.983e+02, 1.455e-07
8.750e-01, 5.000e-01, -8.250e-01, 1.166e+05, 0.000e+00, 3.283e-04, 0.000e+00, 2.118e+00, 9.983e+02, 1.410e-07
8.750e-01, 5.000e-01, -8.150e-01, 1.165e+05, 0.000e+00, 3.197e-04, 0.000e+00, 2.116e+00, 9.983e+02, 1.372e-07
8.750e-01, 5.000e-01, -8.050e-01, 1.164e+05, 0.000e+00, 3.124e-04, 0.000e+00, 2.115e+00, 9.983e+02, 1.341e-07
8.750e-01, 5.000e-01, -7.950e-01, 1.163e+05, 0.000e+00, 3.058e-04, 0.000e+00, 2.113e+00, 9.983e+02, 1.313e-07
8.750e-01, 5.000e-01, -7.850e-01, 1.162e+05, 0.000e+00, 3.000e-04, 0.000e+00, 2.111e+00, 9.983e+02, 1.288e-07
8.750e-01, 5.000e-01, -7.750e-01, 1.161e+05, 0.000e+00, 2.971e-04, 0.000e+00, 2.109e+00, 9.983e+02, 1.276e-07
8.750e-01, 5.000e-01, -7.650e-01, 1.160e+05, 0.000e+00, 3.043e-04, 0.000e+00, 2.107e+00, 9.983e+02, 1.306e-07
8.750e-01, 5.000e-01, -7.550e-01, 1.159e+05, 0.000e+00, 3.335e-04, 0.000e+00, 2.106e+00, 9.983e+02, 1.433e-07
8.750e-01, 5.000e-01, -7.450e-01, 1.173e+05, 0.000e+00, 4.237e-04, 0.000e+00, 2.131e+00, 9.983e+02, 1.860e-07
8.750e-01, 5.000e-01, -7.350e-01, 1.172e+05, 0.000e+00, 4.197e-04, 0.000e+00, 2.129e+00, 9.983e+02, 1.843e-07
8.750e-01, 5.000e-01, -7.250e-01, 1.171e+05, 0.000e+00, 3.497e-04, 0.000e+00, 2.127e+00, 9.983e+02, 1.536e-07
8.750e-01, 5.000e-01, -7.150e-01, 1.170e+05, 0.000e+00, 2.582e-04, 0.000e+00, 2.126e+00, 9.983e+02, 1.134e-07
8.750e-01, 5.000e-01, -7.050e-01, 1.169e+05, 0.000e+00, 1.747e-04, 0.000e+00, 2.124e+00, 9.983e+02, 7.673e-08
8.750e-01, 5.000e-01, -6.950e-01, 1.168e+05, 0.000e+00, 1.103e-04, 0.000e+00, 2.122e+00, 9.983e+02, 4.847e-08
8.750e-01, 5.000e-01, -6.850e-01, 1.167e+05, 0.000e+00, 6.581e-05, 0.000e+00, 2.120e+00, 9.983e+02, 2.891e-08
8.750e-01, 5.000e-01, -6.750e-01, 1.166e+05, 0.000e+00, 3.750e-05, 0.000e+00, 2.119e+00, 9.983e+02, 1.647e-08
8.750e-01, 5.000e-01, -6.650e-01, 1.165e+05, 0.000e+00, 2.138e-05, 0.000e+00, 2.117e+00, 9.983e+02, 9.392e-09
8.750e-01, 5.000e-01, -6.550e-01, 1.164e+05, 0.000e+00, 1.486e-05, 0.000e+00, 2.115e+00, 9.983e+02, 6.528e-09
8.750e-01, 5.000e-01, -6.450e-01, 1.163e+05, 0.000e+00, 1.806e-05, 0.000e+00, 2.113e+00, 9.983e+02, 7.933e-09
8.750e-01, 5.000e-01, -6.350e-01, 1.162e+05, 0.000e+00, 3.468e-05, 0.000e+00, 2.111e+00, 9.983e+02, 1.523e-08
8.750e-01, 5.000e-01, -6.250e-01, 1.161e+05, 0.000e+00, 7.141e-05, 0.000e+00, 2.110e+00, 9.983e+02, 3.137e-08
8.750e-01, 5.000e-01, -6.150e-01, 1.160e+05, 0.000e+00, 1.338e-04, 0.000e+00, 2.108e+00, 9.983e+02, 5.877e-08
8.750e-01, 5.000e-01, -6.050e-01, 1.159e+05, 0.000e+00, 2.181e-04, 0.000e+00, 2.106e+00, 9.983e+02, 9.580e-08
8.750e-01, 5.000e-01, -5.950e-01, 1.144e+05, 0.000e+00, 3.029e-04, 0.000e+00, 2.077e+00, 9.983e+02, 1.356e-07
8.750e-01, 5.000e-01, -5.850e-01, 1.143e+05, 0.000e+00, 3.458e-04, 0.000e+00, 2.075e+00, 9.983e+02, 1.554e-07
8.750e-01, 5.000e-01, -5.750e-01, 1.142e+05, 0.000e+00, 3.534e-04, 0.000e+00, 2.074e+00, 9.983e+02, 1.588e-07
8.750e-01, 5.000e-01, -5.650e-01, 1.141e+05, 0.000e+00, 3.444e-04, 0.000e+00, 2.072e+00, 9.983e+02, 1.547e-07
8.750e-01, 5.000e-01, -5.550e-01, 1.140e+05, 0.000e+00, 3.314e-04, 0.000e+00, 2.070e+00, 9.983e+02, 1.489e-07
8.750e-01, 5.000e-01, -5.450e-01, 1.139e+05, 0.000e+00, 3.191e-04, 0.000e+00, 2.068e+00, 9.983e+02, 1.433e-07
8.750e-01, 5.000e-01, -5.350e-01, 1.138e+05, 0.000e+00, 3.087e-04, 0.000e+00, 2.067e+00, 9.983e+02, 1.387e-07
8.750e-01, 5.000e-01, -5.250e-01, 1.137e+05, 0.000e+00, 3.000e-04, 0.000e+00, 2.065e+00, 9.983e+02, 1.348e-07
8.750e-01, 5.000e-01, -5.150e-01, 1.136e+05, 0.000e+00, 2.925e-04, 0.000e+00, 2.063e+00, 9.983e+02, 1.314e-07
8.750e-01, 5.000e-01, -5.050e-01, 1.135e+05, 0.000e+00, 2.853e-04, 0.000e+00, 2.061e+00, 9.983e+02, 1.281e-07
8.750e-01, 5.000e-01, -4.950e-01, 1.134e+05, 0.000e+00, 2.773e-04, 0.000e+00, 2.059e+00, 9.983e+02, 1.246e-07
8.750e-01, 5.000e-01, -4.850e-01, 1.133e+05, 0.000e+00, 2.674e-04, 0.000e+00, 2.058e+00, 9.983e+02, 1.201e-07
8.750e-01, 5.000e-01, -4.750e-01, 1.132e+05, 0.000e+00, 2.535e-04, 0.000e+00, 2.056e+00, 9.983e+02, 1.126e-07
8.750e-01, 5.000e-01, -4.650e-01, 1.132e+05, 0.000e+00, 2.483e-04, 0.000e+00, 2.055e+00, 9.983e+02, 1.091e-07
8.750e-01, 5.000e-01, -4.550e-01, 1.131e+05, 0.000e+00, 2.608e-04, 0.000e+00, 2.054e+00, 9.983e+02, 1.142e-07
8.750e-01, 5.000e-01, -4.450e-01, 1.129e+05, 0.000e+00, 2.808e-04, 0.000e+00, 2.050e+00, 9.983e+02, 1.205e-07
8.750e-01, 5.000e-01, -4.350e-01, 1.128e+05, 0.000e+00, 2.620e-04, 0.000e+00, 2.048e+00, 9.983e+02, 1.125e-07
8.750e-01, 5.000e-01, -4.250e-01, 1.127e+05, 0.000e+00, 2.262e-04, 0.000e+00, 2.047e+00, 9.983e+02, 9.712e-08
8.750e-01, 5.000e-01, -4.150e-01, 1.126e+05, 0.000e+00, 1.849e-04, 0.000e+00, 2.045e+00, 9.983e+02, 7.939e-08
8.750e-01, 5.000e-01, -4.050e-01, 1.125e+05, 0.000e+00, 1.471e-04, 0.000e+00, 2.043e+00, 9.983e+02, 6.313e-08
8.750e-01, 5.000e-01, -3.950e-01, 1.124e+05, 0.000e+00, 1.174e-04, 0.000e+00, 2.041e+00, 9.983e+02, 5.038e-08
8.750e-01, 5.000e-01, -3.850e-01, 1.123e+05, 0.000e+00, 9.424e-05, 0.000e+00, 2.039e+00, 9.983e+02, 4.045e-08
8.750e-01, 5.000e-01, -3.750e-01, 1.122e+05, 0.000e+00, 7.616e-05, 0.000e+00, 2.038e+00, 9.983e+02, 3.269e-08
8.750e-01, 5.000e-01, -3.650e-01, 1.121e+05, 0.000e+00, 6.200e-05, 0.000e+00, 2.036e+00, 9.983e+02, 2.661e-08
8.750e-01, 5.000e-01, -3.550e-01, 1.120e+05, 0.000e+00, 5.215e-05, 0.000e+00, 2.034e+00, 9.983e+02, 2.242e-08
8.750e-01, 5.000e-01, -3.450e-01, 1.119e+05, 0.000e+00, 4.975e-05, 0.000e+00, 2.033e+00, 9.983e+02, 2.235e-08
8.750e-01, 5.000e-01, -3.350e-01, 1.118e+05, 0.000e+00, 4.836e-05, 0.000e+00, 2.031e+00, 9.983e+02, 2.172e-08
8.750e-01, 5.000e-01, -3.250e-01, 1.117e+05, 0.000e+00, 4.674e-05, 0.000e+00, 2.029e+00, 9.983e+02, 2.100e-08
8.750e-01, 5.000e-01, -3.150e-01, 1.116e+05, 0.000e+00, 4.421e-05, 0.000e+00, 2.027e+00, 9.983e+02, 1.986e-08
8.750e-01, 5.000e-01, -3.050e-01, 1.115e+05, 0.000e+00, 4.063e-05, 0.000e+00, 2.025e+00, 9.983e+02, 1.825e-08
8.750e-01, 5.000e-01, -2.950e-01, 1.114e+05, 0.000e+00, 3.619e-05, 0.000e+00, 2.024e+00, 9.983e+02, 1.626e-08
8.750e-01, 5.000e-01, -2.850e-01, 1.113e+05, 0.000e+00, 3.125e-05, 0.000e+00, 2.022e+00, 9.983e+02, 1.404e-08
8.750e-01, 5.000e-01, -2.750e-01, 1.112e+05, 0.000e+00, 2.622e-05, 0.000e+00, 2.020e+00, 9.983e+02, 1.178e-08
8.750e-01, 5.000e-01, -2.650e-01, 1.111e+05, 0.000e+00, 2.169e-05, 0.000e+00, 2.018e+00, 9.983e+02, 9.746e-09
8.750e-01, 5.000e-01, -2.550e-01, 1.111e+05, 0.000e+00, 1.919e-05, 0.000e+00, 2.018e+00, 9.983e+02, 8.502e-09
8.750e-01, 5.000e-01, -2.450e-01, 1.110e+05, 0.000e+00, 1.694e-05, 0.000e+00, 2.016e+00, 9.983e+02, 7.439e-09
8.750e-01, 5.000e-01, -2.350e-01, 1.109e+05, 0.000e+00, 1.464e-05, 0.000e+00, 2.014e+00, 9.983e+02, 6.429e-09
8.750e-01, 5.000e-01, -2.250e-01, 1.108e+05, 0.000e+00, 1.245e-05, 0.000e+00, 2.012e+00, 9.983e+02, 5.468e-09
8.750e-01, 5.000e-01, -2.150e-01, 1.107e+05, 0.000e+00, 1.051e-05, 0.000e+00, 2.011e+00, 9.983e+02, 4.618e-09
8.750e-01, 5.000e-01, -2.050e-01, 1.106e+05, 0.000e+00, 9.055e-06, 0.000e+00, 2.009e+00, 9.983e+02, 3.977e-09
8.750e-01, 5.000e-01, -1.950e-01, 1.105e+05, 0.000e+00, 8.624e-06, 0.000e+00, 2.007e+00, 9.983e+02, 3.788e-09
8.750e-01, 5.000e-01, -1.850e-01, 1.104e+05, 0.000e+00, 1.071e-05, 0.000e+00, 2.005e+00, 9.983e+02, 4.668e-09
8.750e-01, 5.000e-01, -1.750e-01, 1.105e+05, 0.000e+00, 1.666e-05, 0.000e+00, 2.007e+00, 9.983e+02, 7.153e-09
8.750e-01, 5.000e-01, -1.650e-01, 1.104e+05, 0.000e+00, 2.650e-05, 0.000e+00, 2.005e+00, 9.983e+02, 1.137e-08
8.750e-01, 5.000e-01, -1.550e-01, 1.103e+05, 0.000e+00, 4.057e-05, 0.000e+00, 2.004e+00, 9.983e+02, 1.742e-08
8.750e-01, 5.000e-01, -1.450e-01, 1.102e+05, 0.000e+00, 5.723e-05, 0.000e+00, 2.002e+00, 9.983e+02, 2.456e-08
8.750e-01, 5.000e-01, -1.350e-01, 1.101e+05, 0.000e+00, 7.139e-05, 0.000e+00, 2.000e+00, 9.983e+02, 3.064e-08
8.750e-01, 5.000e-01, -1.250e-01, 1.100e+05, 0.000e+00, 7.595e-05, 0.000e+00, 1.998e+00, 9.983e+02, 3.279e-08
8.750e-01, 5.000e-01, -1.150e-01, 1.111e+05, 0.000e+00, 6.540e-05, 0.000e+00, 2.018e+00, 9.983e+02, 2.873e-08
8.750e-01, 5.000e-01, -1.050e-01, 1.110e+05, 0.000e+00, 4.720e-05, 0.000e+00, 2.017e+00, 9.983e+02, 2.073e-08
8.750e-01, 5.000e-01, -9.500e-02, 1.109e+05, 0.000e+00, 2.958e-05, 0.000e+00, 2.015e+00, 9.983e+02, 1.299e-08
8.750e-01, 5.000e-01, -8.500e-02, 1.108e+05, 0.000e+00, 1.649e-05, 0.000e+00, 2.013e+00, 9.983e+02, 7.243e-09
8.750e-01, 5.000e-01, -7.500e-02, 1.107e+05, 0.000e+00, 8.314e-06, 0.000e+00, 2.011e+00, 9.983e+02, 3.652e-09
8.750e-01, 5.000e-01, -6.500e-02, 1.106e+05, 0.000e+00, 3.838e-06, 0.000e+00, 2.009e+00, 9.983e+02, 1.686e-09
8.750e-01, 5.000e-01, -5.500e-02, 1.105e+05, 0.000e+00, 1.638e-06, 0.000e+00, 2.008e+00, 9.983e+02, 7.196e-10
8.750e-01, 5.000e-01, -4.500e-02, 1.104e+05, 0.000e+00, 6.517e-07, 0.000e+00, 2.006e+00, 9.983e+02, 2.863e-10
8.750e-01, 5.000e-01, -3.500e-02, 1.103e+05, 0.000e+00, 2.433e-07, 0.000e+00, 2.004e+00, 9.983e+02, 1.069e-10
8.750e-01, 5.000e-01, -2.500e-02, 1.102e+05, 0.000e+00, 8.586e-08, 0.000e+00, 2.002e+00, 9.983e+02, 3.771e-11
8.750e-01, 5.000e-01, -1.500e-02, 1.101e+05, 0.000e+00, 2.930e-08, 0.000e+00, 2.000e+00, 9.983e+02, 1.287e-11
8.750e-01, 5.000e-01, -5.000e-03, 1.100e+05, 0.000e+00, 1.129e-08, 0.000e+00, 1.999e+00, 9.983e+02, 4.959e-12
8.850e-01, 5.000e-01, -1.195e+00, 1.202e+05, 0.000e+00, 1.002e-13, 0.000e+00, 2.184e+00, 9.983e+02, 2.000e-17
8.850e-01, 5.000e-01, -1.185e+00, 1.201e+05, 0.000e+00, 1.002e-13, 0.000e+00, 2.182e+00, 9.983e+02, 2.000e-17
8.850e-01, 5.000e-01, -1.175e+00, 1.200e+05, 0.000e+00, 1.002e-13, 0.000e+00, 2.181e+00, 9.983e+02, 2.000e-17
8.850e-01, 5.000e-01, -1.165e+00, 1.199e+05, 0.000e+00, 1.740e-11, 0.000e+00, 2.179e+00, 9.983e+02, 3.971e-15
8.850e-01, 5.000e-01, -1.155e+00, 1.198e+05, 0.000e+00, 1.501e-03, 0.000e+00, 2.177e+00, 9.985e+02, 6.446e-07
8.850e-01, 5.000e-01, -1.145e+00, 1.197e+05, 0.000e+00, 1.480e-03, 0.000e+00, 2.175e+00, 9.985e+02, 6.354e-07
8.850e-01, 5.000e-01, -1.135e+00, 1.196e+05, 0.000e+00, 1.446e-03, 0.000e+00, 2.174e+00, 9.985e+02, 6.207e-07
8.850e-01, 5.000e-01, -1.125e+00, 1.195e+05, 0.000e+00, 1.397e-03, 0.000e+00, 2.172e+00, 9.985e+02, 5.996e-07
8.850e-01, 5.000e-01, -1.115e+00, 1.194e+05, 0.000e+00, 1.327e-03, 0.000e+00, 2.170e+00, 9.985e+02, 5.696e-07
8.850e-01, 5.000e-01, -1.105e+00, 1.193e+05, 0.000e+00, 1.232e-03, 0.000e+00, 2.168e+00, 9.985e+02, 5.291e-07
8.850e-01, 5.000e-01, -1.095e+00, 1.192e+05, 0.000e+00, 1.116e-03, 0.000e+00, 2.167e+00, 9.985e+02, 4.791e-07
8.850e-01, 5.000e-01, -1.085e+00, 1.191e+05, 0.000e+00, 9.859e-04, 0.000e+00, 2.165e+00, 9.984e+02, 4.233e-07
8.850e-01, 5.000e-01, -1.075e+00, 1.190e+05, 0.000e+00, 8.597e-04, 0.000e+00, 2.163e+00, 9.984e+02, 3.691e-07
8.850e-01, 5.000e-01, -1.065e+00, 1.189e+05, 0.000e+00, 7.643e-04, 0.000e+00, 2.161e+00, 9.984e+02, 3.281e-07
8.850e-01, 5.000e-01, -1.055e+00, 1.188e+05, 0.000e+00, 7.111e-04, 0.000e+00, 2.159e+00, 9.984e+02, 3.053e-07
8.850e-01, 5.000e-01, -1.045e+00, 1.187e+05, 0.000e+00, 6.819e-04, 0.000e+00, 2.158e+00, 9.984e+02, 2.927e-07
8.850e-01, 5.000e-01, -1.035e+00, 1.186e+05, 0.000e+00, 6.603e-04, 0.000e+00, 2.156e+00, 9.984e+02, 2.835e-07
8.850e-01, 5.000e-01, -1.025e+00, 1.185e+05, 0.000e+00, 6.414e-04, 0.000e+00, 2.154e+00, 9.984e+02, 2.753e-07
8.850e-01, 5.000e-01, -1.015e+00, 1.185e+05, 0.000e+00, 6.242e-04, 0.000e+00, 2.152e+00, 9.984e+02, 2.680e-07
8.850e-01, 5.000e-01, -1.005e+00, 1.184e+05, 0.000e+00, 6.082e-04, 0.000e+00, 2.150e+00, 9.984e+02, 2.611e-07
8.850e-01, 5.000e-01, -9.950e-01, 1.183e+05, 0.000e+00, 5.932e-04, 0.000e+00, 2.149e+00, 9.984e+02, 2.546e-07
8.850e-01, 5.000e-01, -9.850e-01, 1.182e+05, 0.000e+00, 5.788e-04, 0.000e+00, 2.147e+00, 9.984e+02, 2.485e-07
8.850e-01, 5.000e-01, -9.750e-01, 1.181e+05, 0.000e+00, 5.650e-04, 0.000e+00, 2.145e+00, 9.984e+02, 2.425e-07
8.850e-01, 5.000e-01, -9.650e-01, 1.180e+05, 0.000e+00, 5.516e-04, 0.000e+00, 2.143e+00, 9.984e+02, 2.368e-07
8.850e-01, 5.000e-01, -9.550e-01, 1.179e+05, 0.000e+00, 5.386e-04, 0.000e+00, 2.141e+00, 9.984e+02, 2.312e-07
8.850e-01, 5.000e-01, -9.450e-01, 1.178e+05, 0.000e+00, 5.257e-04, 0.000e+00, 2.140e+00, 9.984e+02, 2.257e-07
8.850e-01, 5.000e-01, -9.350e-01, 1.177e+05, 0.000e+00, 5.123e-04, 0.000e+00, 2.138e+00, 9.984e+02, 2.199e-07
8.850e-01, 5.000e-01, -9.250e-01, 1.176e+05, 0.000e+00, 4.982e-04, 0.000e+00, 2.136e+00, 9.984e+02, 2.139e-07
8.850e-01, 5.000e-01, -9.150e-01, 1.175e+05, 0.000e+00, 4.831e-04, 0.000e+00, 2.134e+00, 9.984e+02, 2.074e-07
8.850e-01, 5.000e-01, -9.050e-01, 1.174e+05, 0.000e+00, 4.665e-04, 0.000e+00, 2.132e+00, 9.983e+02, 2.003e-07
8.850e-01, 5.000e-01, -8.950e-01, 1.173e+05, 0.000e+00, 4.487e-04, 0.000e+00, 2.131e+00, 9.983e+02, 1.926e-07
8.850e-01, 5.000e-01, -8.850e-01, 1.172e+05, 0.000e+00, 4.300e-04, 0.000e+00, 2.129e+00, 9.983e+02, 1.846e-07
8.850e-01, 5.000e-01, -8.750e-01, 1.171e+05, 0.000e+00, 4.108e-04, 0.000e+00, 2.127e+00, 9.983e+02, 1.764e-07
8.850e-01, 5.000e-01, -8.650e-01, 1.170e+05, 0.000e+00, 3.920e-04, 0.000e+00, 2.125e+00, 9.983e+02, 1.683e-07
8.850e-01, 5.000e-01, -8.550e-01, 1.169e+05, 0.000e+00, 3.743e-04, 0.000e+00, 2.124e+00, 9.983e+02, 1.607e-07
8.850e-01, 5.000e-01, -8.450e-01, 1.168e+05, 0.000e+00, 3.584e-04, 0.000e+00, 2.122e+00, 9.983e+02, 1.539e-07
8.850e-01, 5.000e-01, -8.350e-01, 1.167e+05, 0.000e+00, 3.446e-04, 0.000e+00, 2.120e+00, 9.983e+02, 1.479e-07
8.850e-01, 5.000e-01, -8.250e-01, 1.166e+05, 0.000e+00, 3.330e-04, 0.000e+00, 2.118e+00, 9.983e+02, 1.429e-07
8.850e-01, 5.000e-01, -8.150e-01, 1.165e+05, 0.000e+00, 3.234e-04, 0.000e+00, 2.116e+00, 9.983e+02, 1.388e-07
8.850e-01, 5.000e-01, -8.050e-01, 1.164e+05, 0.000e+00, 3.152e-04, 0.000e+00, 2.115e+00, 9.983e+02, 1.353e-07
8.850e-01, 5.000e-01, -7.950e-01, 1.163e+05, 0.000e+00, 3.080e-04, 0.000e+00, 2.113e+00, 9.983e+02, 1.322e-07
8.850e-01, 5.000e-01, -7.850e-01, 1.162e+05, 0.000e+00, 3.018e-04, 0.000e+00, 2.111e+00, 9.983e+02, 1.295e-07
8.850e-01, 5.000e-01, -7.750e-01, 1.161e+05, 0.000e+00, 2.986e-04, 0.000e+00, 2.109e+00, 9.983e+02, 1.282e-07
8.850e-01, 5.000e-01, -7.650e-01, 1.160e+05, 0.000e+00, 3.055e-04, 0.000e+00, 2.107e+00, 9.983e+02, 1.311e-07
8.850e-01, 5.000e-01, -7.550e-01, 1.159e+05, 0.000e+00, 3.373e-04, 0.000e+00, 2.106e+00, 9.983e+02, 1.448e-07
8.850e-01, 5.000e-01, -7.450e-01, 1.173e+05, 0.000e+00, 4.436e-04, 0.000e+00, 2.131e+00, 9.983e+02, 1.940e-07
8.850e-01, 5.000e-01, -7.350e-01, 1.172e+05, 0.000e+00, 4.506e-04, 0.000e+00, 2.129e+00, 9.983e+02, 1.979e-07
8.850e-01, 5.000e-01, -7.250e-01, 1.171e+05, 0.000e+00, 3.821e-04, 0.000e+00, 2.127e+00, 9.983e+02, 1.679e-07
8.850e-01, 5.000e-01, -7.150e-01, 1.170e+05, 0.000e+00, 2.864e-04, 0.000e+00, 2.126e+00, 9.983e+02, 1.258e-07
8.850e-01, 5.000e-01, -7.050e-01, 1.169e+05, 0.000e+00, 1.965e-04, 0.000e+00, 2.124e+00, 9.983e+02, 8.632e-08
8.850e-01, 5.000e-01, -6.950e-01, 1.168e+05, 0.000e+00, 1.259e-04, 0.000e+00, 2.122e+00, 9.983e+02, 5.528e-08
8.850e-01, 5.000e-01, -6.850e-01, 1.167e+05, 0.000e+00, 7.601e-05, 0.000e+00, 2.120e+00, 9.983e+02, 3.339e-08
8.850e-01, 5.000e-01, -6.750e-01, 1.166e+05, 0.000e+00, 4.367e-05, 0.000e+00, 2.119e+00, 9.983e+02, 1.918e-08
8.850e-01, 5.000e-01, -6.650e-01, 1.165e+05, 0.000e+00, 2.457e-05, 0.000e+00, 2.117e+00, 9.983e+02, 1.079e-08
8.850e-01, 5.000e-01, -6.550e-01, 1.164e+05, 0.000e+00, 1.555e-05, 0.000e+00, 2.115e+00, 9.983e+02, 6.828e-09
8.850e-01, 5.000e-01, -6.450e-01, 1.163e+05, 0.000e+00, 1.585e-05, 0.000e+00, 2.113e+00, 9.983e+02, 6.961e-09
8.850e-01, 5.000e-01, -6.350e-01, 1.162e+05, 0.000e+00, 2.819e-05, 0.000e+00, 2.111e+00, 9.983e+02, 1.238e-08
8.850e-01, 5.000e-01, -6.250e-01, 1.161e+05, 0.000e+00, 5.877e-05, 0.000e+00, 2.110e+00, 9.983e+02, 2.581e-08
8.850e-01, 5.000e-01, -6.150e-01, 1.160e+05, 0.000e+00, 1.142e-04, 0.000e+00, 2.108e+00, 9.983e+02, 5.016e-08
8.850e-01, 5.000e-01, -6.050e-01, 1.159e+05, 0.000e+00, 1.938e-04, 0.000e+00, 2.106e+00, 9.983e+02, 8.511e-08
8.850e-01, 5.000e-01, -5.950e-01, 1.144e+05, 0.000e+00, 2.793e-04, 0.000e+00, 2.077e+00, 9.983e+02, 1.245e-07
8.850e-01, 5.000e-01, -5.850e-01, 1.143e+05, 0.000e+00, 3.332e-04, 0.000e+00, 2.075e+00, 9.983e+02, 1.497e-07
8.850e-01, 5.000e-01, -5.750e-01, 1.142e+05, 0.000e+00, 3.475e-04, 0.000e+00, 2.074e+00, 9.983e+02, 1.561e-07
8.850e-01, 5.000e-01, -5.650e-01, 1.141e+05, 0.000e+00, 3.408e-04, 0.000e+00, 2.072e+00, 9.983e+02, 1.531e-07
8.850e-01, 5.000e-01, -5.550e-01, 1.140e+05, 0.000e+00, 3.276e-04, 0.000e+00, 2.070e+00, 9.983e+02, 1.472e-07
8.850e-01, 5.000e-01, -5.450e-01, 1.139e+05, 0.000e+00, 3.137e-04, 0.000e+00, 2.068e+00, 9.983e+02, 1.409e-07
8.850e-01, 5.000e-01, -5.350e-01, 1.138e+05, 0.000e+00, 3.016e-04, 0.000e+00, 2.067e+00, 9.983e+02, 1.355e-07
8.850e-01, 5.000e-01, -5.250e-01, 1.137e+05, 0.000e+00, 2.907e-04, 0.000e+00, 2.065e+00, 9.983e+02, 1.306e-07
8.850e-01, 5.000e-01, -5.150e-01, 1.136e+05, 0.000e+00, 2.806e-04, 0.000e+00, 2.063e+00, 9.983e+02, 1.261e-07
8.850e-01, 5.000e-01, -5.050e-01, 1.135e+05, 0.000e+00, 2.706e-04, 0.000e+00, 2.061e+00, 9.983e+02, 1.216e-07
8.850e-01, 5.000e-01, -4.950e-01, 1.134e+05, 0.000e+00, 2.598e-04, 0.000e+00, 2.059e+00, 9.983e+02, 1.167e-07
8.850e-01, 5.000e-01, -4.850e-01, 1.133e+05, 0.000e+00, 2.468e-04, 0.000e+00, 2.058e+00, 9.983e+02, 1.109e-07
8.850e-01, 5.000e-01, -4.750e-01, 1.132e+05, 0.000e+00, 2.294e-04, 0.000e+00, 2.056e+00, 9.983e+02, 1.020e-07
8.850e-01, 5.000e-01, -4.650e-01, 1.132e+05, 0.000e+00, 2.181e-04, 0.000e+00, 2.055e+00, 9.983e+02, 9.578e-08
8.850e-01, 5.000e-01, -4.550e-01, 1.131e+05, 0.000e+00, 2.261e-04, 0.000e+00, 2.054e+00, 9.983e+02, 9.904e-08
8.850e-01, 5.000e-01, -4.450e-01, 1.129e+05, 0.000e+00, 2.568e-04, 0.000e+00, 2.050e+00, 9.983e+02, 1.102e-07
8.850e-01, 5.000e-01, -4.350e-01, 1.128e+05, 0.000e+00, 2.439e-04, 0.000e+00, 2.048e+00, 9.983e+02, 1.047e-07
8.850e-01, 5.000e-01, -4.250e-01, 1.127e+05, 0.000e+00, 2.098e-04, 0.000e+00, 2.047e+00, 9.983e+02, 9.005e-08
8.850e-01, 5.000e-01, -4.150e-01, 1.126e+05, 0.000e+00, 1.708e-04, 0.000e+00, 2.045e+00, 9.983e+02, 7.332e-08
8.850e-01, 5.000e-01, -4.050e-01, 1.125e+05, 0.000e+00, 1.356e-04, 0.000e+00, 2.043e+00, 9.983e+02, 5.822e-08
8.850e-01, 5.000e-01, -3.950e-01, 1.124e+05, 0.000e+00, 1.069e-04, 0.000e+00, 2.041e+00, 9.983e+02, 4.591e-08
8.850e-01, 5.000e-01, -3.850e-01, 1.123e+05, 0.000e+00, 8.416e-05, 0.000e+00, 2.039e+00, 9.983e+02, 3.613e-08
8.850e-01, 5.000e-01, -3.750e-01, 1.122e+05, 0.000e+00, 6.625e-05, 0.000e+00, 2.038e+00, 9.983e+02, 2.844e-08
8.850e-01, 5.000e-01, -3.650e-01, 1.121e+05, 0.000e+00, 5.240e-05, 0.000e+00, 2.036e+00, 9.983e+02, 2.249e-08
8.850e-01, 5.000e-01, -3.550e-01, 1.120e+05, 0.000e+00, 4.305e-05, 0.000e+00, 2.034e+00, 9.983e+02, 1.856e-08
8.850e-01, 5.000e-01, -3.450e-01, 1.119e+05, 0.000e+00, 4.001e-05, 0.000e+00, 2.033e+00, 9.983e+02, 1.797e-08
8.850e-01, 5.000e-01, -3.350e-01, 1.118e+05, 0.000e+00, 3.845e-05, 0.000e+00, 2.031e+00, 9.983e+02, 1.727e-08
8.850e-01, 5.000e-01, -3.250e-01, 1.117e+05, 0.000e+00, 3.719e-05, 0.000e+00, 2.029e+00, 9.983e+02, 1.671e-08
8.850e-01, 5.000e-01, -3.150e-01, 1.116e+05, 0.000e+00, 3.543e-05, 0.000e+00, 2.027e+00, 9.983e+02, 1.592e-08
8.850e-01, 5.000e-01, -3.050e-01, 1.115e+05, 0.000e+00, 3.283e-05, 0.000e+00, 2.025e+00, 9.983e+02, 1.475e-08
8.850e-01, 5.000e-01, -2.950e-01, 1.114e+05, 0.000e+00, 2.945e-05, 0.000e+00, 2.024e+00, 9.983e+02, 1.323e-08
8.850e-01, 5.000e-01, -2.850e-01, 1.113e+05, 0.000e+00, 2.555e-05, 0.000e+00, 2.022e+00, 9.983e+02, 1.148e-08
8.850e-01, 5.000e-01, -2.750e-01, 1.112e+05, 0.000e+00, 2.148e-05, 0.000e+00, 2.020e+00, 9.983e+02, 9.651e-09
8.850e-01, 5.000e-01, -2.650e-01, 1.111e+05, 0.000e+00, 1.784e-05, 0.000e+00, 2.018e+00, 9.983e+02, 8.015e-09
8.850e-01, 5.000e-01, -2.550e-01, 1.111e+05, 0.000e+00, 1.586e-05, 0.000e+00, 2.018e+00, 9.983e+02, 7.005e-09
8.850e-01, 5.000e-01, -2.450e-01, 1.110e+05, 0.000e+00, 1.382e-05, 0.000e+00, 2.016e+00, 9.983e+02, 6.072e-09
8.850e-01, 5.000e-01, -2.350e-01, 1.109e+05, 0.000e+00, 1.175e-05, 0.000e+00, 2.014e+00, 9.983e+02, 5.160e-09
8.850e-01, 5.000e-01, -2.250e-01, 1.108e+05, 0.000e+00, 9.778e-06, 0.000e+00, 2.012e+00, 9.983e+02, 4.295e-09
8.850e-01, 5.000e-01, -2.150e-01, 1.107e+05, 0.000e+00, 8.056e-06, 0.000e+00, 2.011e+00, 9.983e+02, 3.538e-09
8.850e-01, 5.000e-01, -2.050e-01, 1.106e+05, 0.000e+00, 6.776e-06, 0.000e+00, 2.009e+00, 9.983e+02, 2.976e-09
8.850e-01, 5.000e-01, -1.950e-01, 1.105e+05, 0.000e+00, 6.395e-06, 0.000e+00, 2.007e+00, 9.983e+02, 2.809e-09
8.850e-01, 5.000e-01, -1.850e-01, 1.104e+05, 0.000e+00, 8.140e-06, 0.000e+00, 2.005e+00, 9.983e+02, 3.543e-09
8.850e-01, 5.000e-01, -1.750e-01, 1.105e+05, 0.000e+00, 1.309e-05, 0.000e+00, 2.007e+00, 9.983e+02, 5.618e-09
8.850e-01, 5.000e-01, -1.650e-01, 1.104e+05, 0.000e+00, 2.175e-05, 0.000e+00, 2.005e+00, 9.983e+02, 9.336e-09
8.850e-01, 5.000e-01, -1.550e-01, 1.103e+05, 0.000e+00, 3.493e-05, 0.000e+00, 2.004e+00, 9.983e+02, 1.499e-08
8.850e-01, 5.000e-01, -1.450e-01, 1.102e+05, 0.000e+00, 5.154e-05, 0.000e+00, 2.002e+00, 9.983e+02, 2.212e-08
8.850e-01, 5.000e-01, -1.350e-01, 1.101e+05, 0.000e+00, 6.683e-05, 0.000e+00, 2.000e+00, 9.983e+02, 2.869e-08
8.850e-01, 5.000e-01, -1.250e-01, 1.100e+05, 0.000e+00, 7.331e-05, 0.000e+00, 1.998e+00, 9.983e+02, 3.169e-08
8.850e-01, 5.000e-01, -1.150e-01, 1.111e+05, 0.000e+00, 6.491e-05, 0.000e+00, 2.018e+00, 9.983e+02, 2.851e-08
8.850e-01, 5.000e-01, -1.050e-01, 1.110e+05, 0.000e+00, 4.806e-05, 0.000e+00, 2.017e+00, 9.983e+02, 2.111e-08
8.850e-01, 5.000e-01, -9.500e-02, 1.109e+05, 0.000e+00, 3.077e-05, 0.000e+00, 2.015e+00, 9.983e+02, 1.352e-08
8.850e-01, 5.000e-01, -8.500e-02, 1.108e+05, 0.000e+00, 1.743e-05, 0.000e+00, 2.013e+00, 9.983e+02, 7.656e-09
8.850e-01, 5.000e-01, -7.500e-02, 1.107e+05, 0.000e+00, 8.882e-06, 0.000e+00, 2.011e+00, 9.983e+02, 3.901e-09
8.850e-01, 5.000e-01, -6.500e-02, 1.106e+05, 0.000e+00, 4.126e-06, 0.000e+00, 2.009e+00, 9.983e+02, 1.812e-09
8.850e-01, 5.000e-01, -5.500e-02, 1.105e+05, 0.000e+00, 1.766e-06, 0.000e+00, 2.008e+00, 9.983e+02, 7.757e-10
8.850e-01, 5.000e-01, -4.500e-02, 1.104e+05, 0.000e+00, 7.026e-07, 0.000e+00, 2.006e+00, 9.983e+02, 3.086e-10
8.850e-01, 5.000e-01, -3.500e-02, 1.103e+05, 0.000e+00, 2.619e-07, 0.000e+00, 2.004e+00, 9.983e+02, 1.150e-10
8.850e-01, 5.000e-01, -2.500e-02, 1.102e+05, 0.000e+00, 9.220e-08, 0.000e+00, 2.002e+00, 9.983e+02, 4.050e-11
8.850e-01, 5.000e-01, -1.500e-02, 1.101e+05, 0.000e+00, 3.138e-08, 0.000e+00, 2.000e+00, 9.983e+02, 1.378e-11
8.850e-01, 5.000e-01, -5.000e-03, 1.100e+05, 0.000e+00, 1.206e-08, 0.000e+00, 1.999e+00, 9.983e+02, 5.296e-12
8.950e-01, 5.000e-01, -1.195e+00, 1.202e+05, 0.000e+00, 1.002e-13, 0.000e+00, 2.184e+00, 9.983e+02, 2.000e-17
8.950e-01, 5.000e-01, -1.185e+00, 1.201e+05, 0.000e+00, 1.002e-13, 0.000e+00, 2.182e+00, 9.983e+02, 2.000e-17
8.950e-01, 5.000e-01, -1.175e+00, 1.200e+05, 0.000e+00, 1.002e-13, 0.000e+00, 2.181e+00, 9.983e+02, 2.000e-17
8.950e-01, 5.000e-01, -1.165e+00, 1.199e+05, 0.000e+00, 1.428e-11, 0.000e+00, 2.179e+00, 9.983e+02, 3.036e-15
8.950e-01, 5.000e-01, -1.155e+00, 1.198e+05, 0.000e+00, 1.496e-03, 0.000e+00, 2.177e+00, 9.985e+02, 6.423e-07
8.950e-01, 5.000e-01, -1.145e+00, 1.197e+05, 0.000e+00, 1.474e-03, 0.000e+00, 2.175e+00, 9.985e+02, 6.331e-07
8.950e-01, 5.000e-01, -1.135e+00, 1.196e+05, 0.000e+00, 1.442e-03, 0.000e+00, 2.174e+00, 9.985e+02, 6.191e-07
8.950e-01, 5.000e-01, -1.125e+00, 1.195e+05, 0.000e+00, 1.395e-03, 0.000e+00, 2.172e+00, 9.985e+02, 5.988e-07
8.950e-01, 5.000e-01, -1.115e+00, 1.194e+05, 0.000e+00, 1.326e-03, 0.000e+00, 2.170e+00, 9.985e+02, 5.692e-07
8.950e-01, 5.000e-01, -1.105e+00, 1.193e+05, 0.000e+00, 1.232e-03, 0.000e+00, 2.168e+00, 9.985e+02, 5.290e-07
8.950e-01, 5.000e-01, -1.095e+00, 1.192e+05, 0.000e+00, 1.115e-03, 0.000e+00, 2.167e+00, 9.985e+02, 4.787e-07
8.950e-01, 5.000e-01, -1.085e+00, 1.191e+05, 0.000e+00, 9.840e-04, 0.000e+00, 2.165e+00, 9.984e+02, 4.224e-07
8.950e-01, 5.000e-01, -1.075e+00, 1.190e+05, 0.000e+00, 8.567e-04, 0.000e+00, 2.163e+00, 9.984e+02, 3.678e-07
8.950e-01, 5.000e-01, -1.065e+00, 1.189e+05, 0.000e+00, 7.620e-04, 0.000e+00, 2.161e+00, 9.984e+02, 3.271e-07
8.950e-01, 5.000e-01, -1.055e+00, 1.188e+05, 0.000e+00, 7.111e-04, 0.000e+00, 2.159e+00, 9.984e+02, 3.053e-07
8.950e-01, 5.000e-01, -1.045e+00, 1.187e+05, 0.000e+00, 6.836e-04, 0.000e+00, 2.158e+00, 9.984e+02, 2.935e-07
8.950e-01, 5.000e-01, -1.035e+00, 1.186e+05, 0.000e+00, 6.626e-04, 0.000e+00, 2.156e+00, 9.984e+02, 2.845e-07
8.950e-01, 5.000e-01, -1.025e+00, 1.185e+05, 0.000e+00, 6.438e-04, 0.000e+00, 2.154e+00, 9.984e+02, 2.764e-07
8.950e-01, 5.000e-01, -1.015e+00, 1.185e+05, 0.000e+00, 6.265e-04, 0.000e+00, 2.152e+00, 9.984e+02, 2.690e-07
8.950e-01, 5.000e-01, -1.005e+00, 1.184e+05, 0.000e+00, 6.104e-04, 0.000e+00, 2.150e+00, 9.984e+02, 2.620e-07
8.950e-01, 5.000e-01, -9.950e-01, 1.183e+05, 0.000e+00, 5.953e-04, 0.000e+00, 2.149e+00, 9.984e+02, 2.556e-07
8.950e-01, 5.000e-01, -9.850e-01, 1.182e+05, 0.000e+00, 5.811e-04, 0.000e+00, 2.147e+00, 9.984e+02, 2.495e-07
8.950e-01, 5.000e-01, -9.750e-01, 1.181e+05, 0.000e+00, 5.676e-04, 0.000e+00, 2.145e+00, 9.984e+02, 2.437e-07
8.950e-01, 5.000e-01, -9.650e-01, 1.180e+05, 0.000e+00, 5.547e-04, 0.000e+00, 2.143e+00, 9.984e+02, 2.381e-07
8.950e-01, 5.000e-01, -9.550e-01, 1.179e+05, 0.000e+00, 5.422e-04, 0.000e+00, 2.141e+00, 9.984e+02, 2.328e-07
8.950e-01, 5.000e-01, -9.450e-01, 1.178e+05, 0.000e+00, 5.301e-04, 0.000e+00, 2.140e+00, 9.984e+02, 2.276e-07
8.950e-01, 5.000e-01, -9.350e-01, 1.177e+05, 0.000e+00, 5.177e-04, 0.000e+00, 2.138e+00, 9.984e+02, 2.223e-07
8.950e-01, 5.000e-01, -9.250e-01, 1.176e+05, 0.000e+00, 5.047e-04, 0.000e+00, 2.136e+00, 9.984e+02, 2.167e-07
8.950e-01, 5.000e-01, -9.150e-01, 1.175e+05, 0.000e+00, 4.906e-04, 0.000e+00, 2.134e+00, 9.984e+02, 2.106e-07
8.950e-01, 5.000e-01, -9.050e-01, 1.174e+05, 0.000e+00, 4.750e-04, 0.000e+00, 2.132e+00, 9.983e+02, 2.039e-07
8.950e-01, 5.000e-01, -8.950e-01, 1.173e+05, 0.000e+00, 4.578e-04, 0.000e+00, 2.131e+00, 9.983e+02, 1.965e-07
8.950e-01, 5.000e-01, -8.850e-01, 1.172e+05, 0.000e+00, 4.394e-04, 0.000e+00, 2.129e+00, 9.983e+02, 1.886e-07
8.950e-01, 5.000e-01, -8.750e-01, 1.171e+05, 0.000e+00, 4.204e-04, 0.000e+00, 2.127e+00, 9.983e+02, 1.805e-07
8.950e-01, 5.000e-01, -8.650e-01, 1.170e+05, 0.000e+00, 4.013e-04, 0.000e+00, 2.125e+00, 9.983e+02, 1.723e-07
8.950e-01, 5.000e-01, -8.550e-01, 1.169e+05, 0.000e+00, 3.829e-04, 0.000e+00, 2.124e+00, 9.983e+02, 1.644e-07
8.950e-01, 5.000e-01, -8.450e-01, 1.168e+05, 0.000e+00, 3.660e-04, 0.000e+00, 2.122e+00, 9.983e+02, 1.571e-07
8.950e-01, 5.000e-01, -8.350e-01, 1.167e+05, 0.000e+00, 3.510e-04, 0.000e+00, 2.120e+00, 9.983e+02, 1.507e-07
8.950e-01, 5.000e-01, -8.250e-01, 1.166e+05, 0.000e+00, 3.382e-04, 0.000e+00, 2.118e+00, 9.983e+02, 1.452e-07
8.950e-01, 5.000e-01, -8.150e-01, 1.165e+05, 0.000e+00, 3.275e-04, 0.000e+00, 2.116e+00, 9.983e+02, 1.406e-07
8.950e-01, 5.000e-01, -8.050e-01, 1.164e+05, 0.000e+00, 3.184e-04, 0.000e+00, 2.115e+00, 9.983e+02, 1.367e-07
8.950e-01, 5.000e-01, -7.950e-01, 1.163e+05, 0.000e+00, 3.104e-04, 0.000e+00, 2.113e+00, 9.983e+02, 1.333e-07
8.950e-01, 5.000e-01, -7.850e-01, 1.162e+05, 0.000e+00, 3.036e-04, 0.000e+00, 2.111e+00, 9.983e+02, 1.303e-07
8.950e-01, 5.000e-01, -7.750e-01, 1.161e+05, 0.000e+00, 3.001e-04, 0.000e+00, 2.109e+00, 9.983e+02, 1.288e-07
8.950e-01, 5.000e-01, -7.650e-01, 1.160e+05, 0.000e+00, 3.070e-04, 0.000e+00, 2.107e+00, 9.983e+02, 1.318e-07
8.950e-01, 5.000e-01, -7.550e-01, 1.159e+05, 0.000e+00, 3.430e-04, 0.000e+00, 2.106e+00, 9.983e+02, 1.472e-07
8.950e-01, 5.000e-01, -7.450e-01, 1.173e+05, 0.000e+00, 4.621e-04, 0.000e+00, 2.131e+00, 9.983e+02, 2.017e-07
8.950e-01, 5.000e-01, -7.350e-01, 1.172e+05, 0.000e+00, 4.786e-04, 0.000e+00, 2.129e+00, 9.983e+02, 2.102e-07
8.950e-01, 5.000e-01, -7.250e-01, 1.171e+05, 0.000e+00, 4.113e-04, 0.000e+00, 2.127e+00, 9.983e+02, 1.807e-07
8.950e-01, 5.000e-01, -7.150e-01, 1.170e+05, 0.000e+00, 3.119e-04, 0.000e+00, 2.126e+00, 9.983e+02, 1.370e-07
8.950e-01, 5.000e-01, -7.050e-01, 1.169e+05, 0.000e+00, 2.164e-04, 0.000e+00, 2.124e+00, 9.983e+02, 9.506e-08
8.950e-01, 5.000e-01, -6.950e-01, 1.168e+05, 0.000e+00, 1.401e-04, 0.000e+00, 2.122e+00, 9.983e+02, 6.156e-08
8.950e-01, 5.000e-01, -6.850e-01, 1.167e+05, 0.000e+00, 8.551e-05, 0.000e+00, 2.120e+00, 9.983e+02, 3.756e-08
8.950e-01, 5.000e-01, -6.750e-01, 1.166e+05, 0.000e+00, 4.948e-05, 0.000e+00, 2.119e+00, 9.983e+02, 2.173e-08
8.950e-01, 5.000e-01, -6.650e-01, 1.165e+05, 0.000e+00, 2.765e-05, 0.000e+00, 2.117e+00, 9.983e+02, 1.214e-08
8.950e-01, 5.000e-01, -6.550e-01, 1.164e+05, 0.000e+00, 1.635e-05, 0.000e+00, 2.115e+00, 9.983e+02, 7.182e-09
8.950e-01, 5.000e-01, -6.450e-01, 1.163e+05, 0.000e+00, 1.400e-05, 0.000e+00, 2.113e+00, 9.983e+02, 6.148e-09
8.950e-01, 5.000e-01, -6.350e-01, 1.162e+05, 0.000e+00, 2.217e-05, 0.000e+00, 2.111e+00, 9.983e+02, 9.738e-09
8.950e-01, 5.000e-01, -6.250e-01, 1.161e+05, 0.000e+00, 4.614e-05, 0.000e+00, 2.110e+00, 9.983e+02, 2.027e-08
8.950e-01, 5.000e-01, -6.150e-01, 1.160e+05, 0.000e+00, 9.302e-05, 0.000e+00, 2.108e+00, 9.983e+02, 4.086e-08
8.950e-01, 5.000e-01, -6.050e-01, 1.159e+05, 0.000e+00, 1.653e-04, 0.000e+00, 2.106e+00, 9.983e+02, 7.261e-08
8.950e-01, 5.000e-01, -5.950e-01, 1.158e+05, 0.000e+00, 2.503e-04, 0.000e+00, 2.104e+00, 9.983e+02, 1.112e-07
8.950e-01, 5.000e-01, -5.850e-01, 1.143e+05, 0.000e+00, 3.179e-04, 0.000e+00, 2.075e+00, 9.983e+02, 1.428e-07
8.950e-01, 5.000e-01, -5.750e-01, 1.142e+05, 0.000e+00, 3.383e-04, 0.000e+00, 2.074e+00, 9.983e+02, 1.520e-07
8.950e-01, 5.000e-01, -5.650e-01, 1.141e+05, 0.000e+00, 3.340e-04, 0.000e+00, 2.072e+00, 9.983e+02, 1.500e-07
8.950e-01, 5.000e-01, -5.550e-01, 1.140e+05, 0.000e+00, 3.212e-04, 0.000e+00, 2.070e+00, 9.983e+02, 1.443e-07
8.950e-01, 5.000e-01, -5.450e-01, 1.139e+05, 0.000e+00, 3.073e-04, 0.000e+00, 2.068e+00, 9.983e+02, 1.381e-07
8.950e-01, 5.000e-01, -5.350e-01, 1.138e+05, 0.000e+00, 2.940e-04, 0.000e+00, 2.067e+00, 9.983e+02, 1.321e-07
8.950e-01, 5.000e-01, -5.250e-01, 1.137e+05, 0.000e+00, 2.814e-04, 0.000e+00, 2.065e+00, 9.983e+02, 1.264e-07
8.950e-01, 5.000e-01, -5.150e-01, 1.136e+05, 0.000e+00, 2.692e-04, 0.000e+00, 2.063e+00, 9.983e+02, 1.209e-07
8.950e-01, 5.000e-01, -5.050e-01, 1.135e+05, 0.000e+00, 2.569e-04, 0.000e+00, 2.061e+00, 9.983e+02, 1.154e-07
8.950e-01, 5.000e-01, -4.950e-01, 1.134e+05, 0.000e+00, 2.438e-04, 0.000e+00, 2.059e+00, 9.983e+02, 1.095e-07
8.950e-01, 5.000e-01, -4.850e-01, 1.133e+05, 0.000e+00, 2.287e-04, 0.000e+00, 2.058e+00, 9.983e+02, 1.027e-07
8.950e-01, 5.000e-01, -4.750e-01, 1.132e+05, 0.000e+00, 2.101e-04, 0.000e+00, 2.056e+00, 9.983e+02, 9.355e-08
8.950e-01, 5.000e-01, -4.650e-01, 1.132e+05, 0.000e+00, 1.944e-04, 0.000e+00, 2.055e+00, 9.983e+02, 8.539e-08
8.950e-01, 5.000e-01, -4.550e-01, 1.131e+05, 0.000e+00, 1.946e-04, 0.000e+00, 2.054e+00, 9.983e+02, 8.527e-08
8.950e-01, 5.000e-01, -4.450e-01, 1.129e+05, 0.000e+00, 2.247e-04, 0.000e+00, 2.050e+00, 9.983e+02, 9.644e-08
8.950e-01, 5.000e-01, -4.350e-01, 1.128e+05, 0.000e+00, 2.188e-04, 0.000e+00, 2.048e+00, 9.983e+02, 9.393e-08
8.950e-01, 5.000e-01, -4.250e-01, 1.127e+05, 0.000e+00, 1.911e-04, 0.000e+00, 2.047e+00, 9.983e+02, 8.204e-08
8.950e-01, 5.000e-01, -4.150e-01, 1.126e+05, 0.000e+00, 1.560e-04, 0.000e+00, 2.045e+00, 9.983e+02, 6.697e-08
8.950e-01, 5.000e-01, -4.050e-01, 1.125e+05, 0.000e+00, 1.236e-04, 0.000e+00, 2.043e+00, 9.983e+02, 5.305e-08
8.950e-01, 5.000e-01, -3.950e-01, 1.124e+05, 0.000e+00, 9.630e-05, 0.000e+00, 2.041e+00, 9.983e+02, 4.134e-08
8.950e-01, 5.000e-01, -3.850e-01, 1.123e+05, 0.000e+00, 7.429e-05, 0.000e+00, 2.039e+00, 9.983e+02, 3.189e-08
8.950e-01, 5.000e-01, -3.750e-01, 1.122e+05, 0.000e+00, 5.698e-05, 0.000e+00, 2.038e+00, 9.983e+02, 2.446e-08
8.950e-01, 5.000e-01, -3.650e-01, 1.121e+05, 0.000e+00, 4.375e-05, 0.000e+00, 2.036e+00, 9.983e+02, 1.878e-08
8.950e-01, 5.000e-01, -3.550e-01, 1.120e+05, 0.000e+00, 3.498e-05, 0.000e+00, 2.034e+00, 9.983e+02, 1.511e-08
8.950e-01, 5.000e-01, -3.450e-01, 1.119e+05, 0.000e+00, 3.147e-05, 0.000e+00, 2.033e+00, 9.983e+02, 1.414e-08
8.950e-01, 5.000e-01, -3.350e-01, 1.118e+05, 0.000e+00, 2.973e-05, 0.000e+00, 2.031e+00, 9.983e+02, 1.336e-08
8.950e-01, 5.000e-01, -3.250e-01, 1.117e+05, 0.000e+00, 2.869e-05, 0.000e+00, 2.029e+00, 9.983e+02, 1.289e-08
8.950e-01, 5.000e-01, -3.150e-01, 1.116e+05, 0.000e+00, 2.751e-05, 0.000e+00, 2.027e+00, 9.983e+02, 1.236e-08
8.950e-01, 5.000e-01, -3.050e-01, 1.115e+05, 0.000e+00, 2.573e-05, 0.000e+00, 2.025e+00, 9.983e+02, 1.156e-08
8.950e-01, 5.000e-01, -2.950e-01, 1.114e+05, 0.000e+00, 2.328e-05, 0.000e+00, 2.024e+00, 9.983e+02, 1.046e-08
8.950e-01, 5.000e-01, -2.850e-01, 1.113e+05, 0.000e+00, 2.032e-05, 0.000e+00, 2.022e+00, 9.983e+02, 9.128e-09
8.950e-01, 5.000e-01, -2.750e-01, 1.112e+05, 0.000e+00, 1.716e-05, 0.000e+00, 2.020e+00, 9.983e+02, 7.709e-09
8.950e-01, 5.000e-01, -2.650e-01, 1.111e+05, 0.000e+00, 1.440e-05, 0.000e+00, 2.018e+00, 9.983e+02, 6.467e-09
8.950e-01, 5.000e-01, -2.550e-01, 1.111e+05, 0.000e+00, 1.284e-05, 0.000e+00, 2.018e+00, 9.983e+02, 5.654e-09
8.950e-01, 5.000e-01, -2.450e-01, 1.110e+05, 0.000e+00, 1.109e-05, 0.000e+00, 2.016e+00, 9.983e+02, 4.871e-09
8.950e-01, 5.000e-01, -2.350e-01, 1.109e+05, 0.000e+00, 9.296e-06, 0.000e+00, 2.014e+00, 9.983e+02, 4.083e-09
8.950e-01, 5.000e-01, -2.250e-01, 1.108e+05, 0.000e+00, 7.594e-06, 0.000e+00, 2.012e+00, 9.983e+02, 3.335e-09
8.950e-01, 5.000e-01, -2.150e-01, 1.107e+05, 0.000e+00, 6.112e-06, 0.000e+00, 2.011e+00, 9.983e+02, 2.684e-09
8.950e-01, 5.000e-01, -2.050e-01, 1.106e+05, 0.000e+00, 5.025e-06, 0.000e+00, 2.009e+00, 9.983e+02, 2.207e-09
8.950e-01, 5.000e-01, -1.950e-01, 1.105e+05, 0.000e+00, 4.721e-06, 0.000e+00, 2.007e+00, 9.983e+02, 2.074e-09
8.950e-01, 5.000e-01, -1.850e-01, 1.106e+05, 0.000e+00, 6.207e-06, 0.000e+00, 2.009e+00, 9.983e+02, 2.689e-09
8.950e-01, 5.000e-01, -1.750e-01, 1.105e+05, 0.000e+00, 1.034e-05, 0.000e+00, 2.007e+00, 9.983e+02, 4.438e-09
8.950e-01, 5.000e-01, -1.650e-01, 1.104e+05, 0.000e+00, 1.800e-05, 0.000e+00, 2.005e+00, 9.983e+02, 7.727e-09
8.950e-01, 5.000e-01, -1.550e-01, 1.103e+05, 0.000e+00, 3.034e-05, 0.000e+00, 2.004e+00, 9.983e+02, 1.303e-08
8.950e-01, 5.000e-01, -1.450e-01, 1.102e+05, 0.000e+00, 4.677e-05, 0.000e+00, 2.002e+00, 9.983e+02, 2.008e-08
8.950e-01, 5.000e-01, -1.350e-01, 1.101e+05, 0.000e+00, 6.289e-05, 0.000e+00, 2.000e+00, 9.983e+02, 2.699e-08
8.950e-01, 5.000e-01, -1.250e-01, 1.100e+05, 0.000e+00, 7.093e-05, 0.000e+00, 1.998e+00, 9.983e+02, 3.070e-08
8.950e-01, 5.000e-01, -1.150e-01, 1.111e+05, 0.000e+00, 6.445e-05, 0.000e+00, 2.018e+00, 9.983e+02, 2.831e-08
8.950e-01, 5.000e-01, -1.050e-01, 1.110e+05, 0.000e+00, 4.889e-05, 0.000e+00, 2.017e+00, 9.983e+02, 2.148e-08
8.950e-01, 5.000e-01, -9.500e-02, 1.109e+05, 0.000e+00, 3.194e-05, 0.000e+00, 2.015e+00, 9.983e+02, 1.403e-08
8.950e-01, 5.000e-01, -8.500e-02, 1.108e+05, 0.000e+00, 1.835e-05, 0.000e+00, 2.013e+00, 9.983e+02, 8.061e-09
8.950e-01, 5.000e-01, -7.500e-02, 1.107e+05, 0.000e+00, 9.437e-06, 0.000e+00, 2.011e+00, 9.983e+02, 4.145e-09
8.950e-01, 5.000e-01, -6.500e-02, 1.106e+05, 0.000e+00, 4.402e-06, 0.000e+00, 2.009e+00, 9.983e+02, 1.934e-09
8.950e-01, 5.000e-01, -5.500e-02, 1.105e+05, 0.000e+00, 1.885e-06, 0.000e+00, 2.008e+00, 9.983e+02, 8.280e-10
8.950e-01, 5.000e-01, -4.500e-02, 1.104e+05, 0.000e+00, 7.489e-07, 0.000e+00, 2.006e+00, 9.983e+02, 3.289e-10
8.950e-01, 5.000e-01, -3.500e-02, 1.103e+05, 0.000e+00, 2.783e-07, 0.000e+00, 2.004e+00, 9.983e+02, 1.222e-10
8.950e-01, 5.000e-01, -2.500e-02, 1.102e+05, 0.000e+00, 9.764e-08, 0.000e+00, 2.002e+00, 9.983e+02, 4.289e-11
8.950e-01, 5.000e-01, -1.500e-02, 1.101e+05, 0.000e+00, 3.311e-08, 0.000e+00, 2.000e+00, 9.983e+02, 1.454e-11
8.950e-01, 5.000e-01, -5.000e-03, 1.100e+05, 0.000e+00, 1.268e-08, 0.000e+00, 1.999e+00, 9.983e+02, 5.572e-12
9.050e-01, 5.000e-01, -1.195e+00, 1.202e+05, 0.000e+00, 1.002e-13, 0.000e+00, 2.184e+00, 9.983e+02, 2.000e-17
9.050e-01, 5.000e-01, -1.185e+00, 1.201e+05, 0.000e+00, 1.002e-13, 0.000e+00, 2.182e+00, 9.983e+02, 2.000e-17
9.050e-01, 5.000e-01, -1.175e+00, 1.200e+05, 0.000e+00, 1.002e-13, 0.000e+00, 2.181e+00, 9.983e+02, 2.000e-17
9.050e-01, 5.000e-01, -1.165e+00, 1.199e+05, 0.000e+00, 1.028e-11, 0.000e+00, 2.179e+00, 9.983e+02, 2.062e-15
9.050e-01, 5.000e-01, -1.155e+00, 1.198e+05, 0.000e+00, 1.490e-03, 0.000e+00, 2.177e+00, 9.985e+02, 6.345e-07
9.050e-01, 5.000e-01, -1.145e+00, 1.197e+05, 0.000e+00, 1.468e-03, 0.000e+00, 2.175e+00, 9.985e+02, 6.305e-07
9.050e-01, 5.000e-01, -1.135e+00, 1.196e+05, 0.000e+00, 1.438e-03, 0.000e+00, 2.174e+00, 9.985e+02, 6.175e-07
9.050e-01, 5.000e-01, -1.125e+00, 1.195e+05, 0.000e+00, 1.393e-03, 0.000e+00, 2.172e+00, 9.985e+02, 5.981e-07
9.050e-01, 5.000e-01, -1.115e+00, 1.194e+05, 0.000e+00, 1.325e-03, 0.000e+00, 2.170e+00, 9.985e+02, 5.688e-07
9.050e-01, 5.000e-01, -1.105e+00, 1.193e+05, 0.000e+00, 1.231e-03, 0.000e+00, 2.168e+00, 9.985e+02, 5.287e-07
9.050e-01, 5.000e-01, -1.095e+00, 1.192e+05, 0.000e+00, 1.114e-03, 0.000e+00, 2.167e+00, 9.985e+02, 4.785e-07
9.050e-01, 5.000e-01, -1.085e+00, 1.191e+05, 0.000e+00, 9.823e-04, 0.000e+00, 2.165e+00, 9.984e+02, 4.217e-07
9.050e-01, 5.000e-01, -1.075e+00, 1.190e+05, 0.000e+00, 8.547e-04, 0.000e+00, 2.163e+00, 9.984e+02, 3.669e-07
9.050e-01, 5.000e-01, -1.065e+00, 1.189e+05, 0.000e+00, 7.605e-04, 0.000e+00, 2.161e+00, 9.984e+02, 3.265e-07
9.050e-01, 5.000e-01, -1.055e+00, 1.188e+05, 0.000e+00, 7.112e-04, 0.000e+00, 2.159e+00, 9.984e+02, 3.053e-07
9.050e-01, 5.000e-01, -1.045e+00, 1.187e+05, 0.000e+00, 6.847e-04, 0.000e+00, 2.158e+00, 9.984e+02, 2.940e-07
9.050e-01, 5.000e-01, -1.035e+00, 1.186e+05, 0.000e+00, 6.642e-04, 0.000e+00, 2.156e+00, 9.984e+02, 2.851e-07
9.050e-01, 5.000e-01, -1.025e+00, 1.185e+05, 0.000e+00, 6.454e-04, 0.000e+00, 2.154e+00, 9.984e+02, 2.771e-07
9.050e-01, 5.000e-01, -1.015e+00, 1.185e+05, 0.000e+00, 6.280e-04, 0.000e+00, 2.152e+00, 9.984e+02, 2.696e-07
9.050e-01, 5.000e-01, -1.005e+00, 1.184e+05, 0.000e+00, 6.118e-04, 0.000e+00, 2.150e+00, 9.984e+02, 2.627e-07
9.050e-01, 5.000e-01, -9.950e-01, 1.183e+05, 0.000e+00, 5.967e-04, 0.000e+00, 2.149e+00, 9.984e+02, 2.562e-07
9.050e-01, 5.000e-01, -9.850e-01, 1.182e+05, 0.000e+00, 5.826e-04, 0.000e+00, 2.147e+00, 9.984e+02, 2.501e-07
9.050e-01, 5.000e-01, -9.750e-01, 1.181e+05, 0.000e+00, 5.693e-04, 0.000e+00, 2.145e+00, 9.984e+02, 2.444e-07
9.050e-01, 5.000e-01, -9.650e-01, 1.180e+05, 0.000e+00, 5.568e-04, 0.000e+00, 2.143e+00, 9.984e+02, 2.390e-07
9.050e-01, 5.000e-01, -9.550e-01, 1.179e+05, 0.000e+00, 5.449e-04, 0.000e+00, 2.141e+00, 9.984e+02, 2.339e-07
9.050e-01, 5.000e-01, -9.450e-01, 1.178e+05, 0.000e+00, 5.335e-04, 0.000e+00, 2.140e+00, 9.984e+02, 2.290e-07
9.050e-01, 5.000e-01, -9.350e-01, 1.177e+05, 0.000e+00, 5.222e-04, 0.000e+00, 2.138e+00, 9.984e+02, 2.242e-07
9.050e-01, 5.000e-01, -9.250e-01, 1.176e+05, 0.000e+00, 5.106e-04, 0.000e+00, 2.136e+00, 9.984e+02, 2.192e-07
9.050e-01, 5.000e-01, -9.150e-01, 1.175e+05, 0.000e+00, 4.980e-04, 0.000e+00, 2.134e+00, 9.984e+02, 2.138e-07
9.050e-01, 5.000e-01, -9.050e-01, 1.174e+05, 0.000e+00, 4.837e-04, 0.000e+00, 2.132e+00, 9.984e+02, 2.076e-07
9.050e-01, 5.000e-01, -8.950e-01, 1.173e+05, 0.000e+00, 4.673e-04, 0.000e+00, 2.131e+00, 9.983e+02, 2.006e-07
9.050e-01, 5.000e-01, -8.850e-01, 1.172e+05, 0.000e+00, 4.494e-04, 0.000e+00, 2.129e+00, 9.983e+02, 1.929e-07
9.050e-01, 5.000e-01, -8.750e-01, 1.171e+05, 0.000e+00, 4.305e-04, 0.000e+00, 2.127e+00, 9.983e+02, 1.848e-07
9.050e-01, 5.000e-01, -8.650e-01, 1.170e+05, 0.000e+00, 4.112e-04, 0.000e+00, 2.125e+00, 9.983e+02, 1.765e-07
9.050e-01, 5.000e-01, -8.550e-01, 1.169e+05, 0.000e+00, 3.922e-04, 0.000e+00, 2.124e+00, 9.983e+02, 1.684e-07
9.050e-01, 5.000e-01, -8.450e-01, 1.168e+05, 0.000e+00, 3.743e-04, 0.000e+00, 2.122e+00, 9.983e+02, 1.607e-07
9.050e-01, 5.000e-01, -8.350e-01, 1.167e+05, 0.000e+00, 3.582e-04, 0.000e+00, 2.120e+00, 9.983e+02, 1.538e-07
9.050e-01, 5.000e-01, -8.250e-01, 1.166e+05, 0.000e+00, 3.441e-04, 0.000e+00, 2.118e+00, 9.983e+02, 1.477e-07
9.050e-01, 5.000e-01, -8.150e-01, 1.165e+05, 0.000e+00, 3.321e-04, 0.000e+00, 2.116e+00, 9.983e+02, 1.426e-07
9.050e-01, 5.000e-01, -8.050e-01, 1.164e+05, 0.000e+00, 3.220e-04, 0.000e+00, 2.115e+00, 9.983e+02, 1.382e-07
9.050e-01, 5.000e-01, -7.950e-01, 1.163e+05, 0.000e+00, 3.131e-04, 0.000e+00, 2.113e+00, 9.983e+02, 1.344e-07
9.050e-01, 5.000e-01, -7.850e-01, 1.162e+05, 0.000e+00, 3.055e-04, 0.000e+00, 2.111e+00, 9.983e+02, 1.312e-07
9.050e-01, 5.000e-01, -7.750e-01, 1.161e+05, 0.000e+00, 3.015e-04, 0.000e+00, 2.109e+00, 9.983e+02, 1.294e-07
9.050e-01, 5.000e-01, -7.650e-01, 1.160e+05, 0.000e+00, 3.088e-04, 0.000e+00, 2.107e+00, 9.983e+02, 1.326e-07
9.050e-01, 5.000e-01, -7.550e-01, 1.159e+05, 0.000e+00, 3.491e-04, 0.000e+00, 2.106e+00, 9.983e+02, 1.499e-07
9.050e-01, 5.000e-01, -7.450e-01, 1.173e+05, 0.000e+00, 4.783e-04, 0.000e+00, 2.131e+00, 9.983e+02, 2.085e-07
9.050e-01, 5.000e-01, -7.350e-01, 1.172e+05, 0.000e+00, 5.034e-04, 0.000e+00, 2.129e+00, 9.984e+02, 2.211e-07
9.050e-01, 5.000e-01, -7.250e-01, 1.171e+05, 0.000e+00, 4.371e-04, 0.000e+00, 2.127e+00, 9.983e+02, 1.920e-07
9.050e-01, 5.000e-01, -7.150e-01, 1.170e+05, 0.000e+00, 3.342e-04, 0.000e+00, 2.126e+00, 9.983e+02, 1.468e-07
9.050e-01, 5.000e-01, -7.050e-01, 1.169e+05, 0.000e+00, 2.338e-04, 0.000e+00, 2.124e+00, 9.983e+02, 1.027e-07
9.050e-01, 5.000e-01, -6.950e-01, 1.168e+05, 0.000e+00, 1.526e-04, 0.000e+00, 2.122e+00, 9.983e+02, 6.705e-08
9.050e-01, 5.000e-01, -6.850e-01, 1.167e+05, 0.000e+00, 9.384e-05, 0.000e+00, 2.120e+00, 9.983e+02, 4.122e-08
9.050e-01, 5.000e-01, -6.750e-01, 1.166e+05, 0.000e+00, 5.459e-05, 0.000e+00, 2.119e+00, 9.983e+02, 2.398e-08
9.050e-01, 5.000e-01, -6.650e-01, 1.165e+05, 0.000e+00, 3.039e-05, 0.000e+00, 2.117e+00, 9.983e+02, 1.335e-08
9.050e-01, 5.000e-01, -6.550e-01, 1.164e+05, 0.000e+00, 1.715e-05, 0.000e+00, 2.115e+00, 9.983e+02, 7.531e-09
9.050e-01, 5.000e-01, -6.450e-01, 1.163e+05, 0.000e+00, 1.250e-05, 0.000e+00, 2.113e+00, 9.983e+02, 5.492e-09
9.050e-01, 5.000e-01, -6.350e-01, 1.162e+05, 0.000e+00, 1.690e-05, 0.000e+00, 2.111e+00, 9.983e+02, 7.423e-09
9.050e-01, 5.000e-01, -6.250e-01, 1.161e+05, 0.000e+00, 3.439e-05, 0.000e+00, 2.110e+00, 9.983e+02, 1.511e-08
9.050e-01, 5.000e-01, -6.150e-01, 1.160e+05, 0.000e+00, 7.203e-05, 0.000e+00, 2.108e+00, 9.983e+02, 3.164e-08
9.050e-01, 5.000e-01, -6.050e-01, 1.159e+05, 0.000e+00, 1.353e-04, 0.000e+00, 2.106e+00, 9.983e+02, 5.943e-08
9.050e-01, 5.000e-01, -5.950e-01, 1.158e+05, 0.000e+00, 2.181e-04, 0.000e+00, 2.104e+00, 9.983e+02, 9.653e-08
9.050e-01, 5.000e-01, -5.850e-01, 1.143e+05, 0.000e+00, 2.988e-04, 0.000e+00, 2.075e+00, 9.983e+02, 1.342e-07
9.050e-01, 5.000e-01, -5.750e-01, 1.142e+05, 0.000e+00, 3.234e-04, 0.000e+00, 2.074e+00, 9.983e+02, 1.453e-07
9.050e-01, 5.000e-01, -5.650e-01, 1.141e+05, 0.000e+00, 3.209e-04, 0.000e+00, 2.072e+00, 9.983e+02, 1.442e-07
9.050e-01, 5.000e-01, -5.550e-01, 1.140e+05, 0.000e+00, 3.103e-04, 0.000e+00, 2.070e+00, 9.983e+02, 1.394e-07
9.050e-01, 5.000e-01, -5.450e-01, 1.139e+05, 0.000e+00, 2.980e-04, 0.000e+00, 2.068e+00, 9.983e+02, 1.339e-07
9.050e-01, 5.000e-01, -5.350e-01, 1.138e+05, 0.000e+00, 2.850e-04, 0.000e+00, 2.067e+00, 9.983e+02, 1.280e-07
9.050e-01, 5.000e-01, -5.250e-01, 1.137e+05, 0.000e+00, 2.718e-04, 0.000e+00, 2.065e+00, 9.983e+02, 1.221e-07
9.050e-01, 5.000e-01, -5.150e-01, 1.136e+05, 0.000e+00, 2.585e-04, 0.000e+00, 2.063e+00, 9.983e+02, 1.161e-07
9.050e-01, 5.000e-01, -5.050e-01, 1.135e+05, 0.000e+00, 2.447e-04, 0.000e+00, 2.061e+00, 9.983e+02, 1.099e-07
9.050e-01, 5.000e-01, -4.950e-01, 1.134e+05, 0.000e+00, 2.300e-04, 0.000e+00, 2.059e+00, 9.983e+02, 1.033e-07
9.050e-01, 5.000e-01, -4.850e-01, 1.133e+05, 0.000e+00, 2.138e-04, 0.000e+00, 2.058e+00, 9.983e+02, 9.606e-08
9.050e-01, 5.000e-01, -4.750e-01, 1.132e+05, 0.000e+00, 1.950e-04, 0.000e+00, 2.056e+00, 9.983e+02, 8.694e-08
9.050e-01, 5.000e-01, -4.650e-01, 1.132e+05, 0.000e+00, 1.771e-04, 0.000e+00, 2.055e+00, 9.983e+02, 7.779e-08
9.050e-01, 5.000e-01, -4.550e-01, 1.131e+05, 0.000e+00, 1.702e-04, 0.000e+00, 2.054e+00, 9.983e+02, 7.458e-08
9.050e-01, 5.000e-01, -4.450e-01, 1.129e+05, 0.000e+00, 1.920e-04, 0.000e+00, 2.050e+00, 9.983e+02, 8.244e-08
9.050e-01, 5.000e-01, -4.350e-01, 1.128e+05, 0.000e+00, 1.891e-04, 0.000e+00, 2.048e+00, 9.983e+02, 8.116e-08
9.050e-01, 5.000e-01, -4.250e-01, 1.127e+05, 0.000e+00, 1.679e-04, 0.000e+00, 2.047e+00, 9.983e+02, 7.209e-08
9.050e-01, 5.000e-01, -4.150e-01, 1.126e+05, 0.000e+00, 1.389e-04, 0.000e+00, 2.045e+00, 9.983e+02, 5.964e-08
9.050e-01, 5.000e-01, -4.050e-01, 1.125e+05, 0.000e+00, 1.101e-04, 0.000e+00, 2.043e+00, 9.983e+02, 4.728e-08
9.050e-01, 5.000e-01, -3.950e-01, 1.124e+05, 0.000e+00, 8.508e-05, 0.000e+00, 2.041e+00, 9.983e+02, 3.652e-08
9.050e-01, 5.000e-01, -3.850e-01, 1.123e+05, 0.000e+00, 6.454e-05, 0.000e+00, 2.039e+00, 9.983e+02, 2.770e-08
9.050e-01, 5.000e-01, -3.750e-01, 1.122e+05, 0.000e+00, 4.835e-05, 0.000e+00, 2.038e+00, 9.983e+02, 2.075e-08
9.050e-01, 5.000e-01, -3.650e-01, 1.121e+05, 0.000e+00, 3.608e-05, 0.000e+00, 2.036e+00, 9.983e+02, 1.549e-08
9.050e-01, 5.000e-01, -3.550e-01, 1.120e+05, 0.000e+00, 2.801e-05, 0.000e+00, 2.034e+00, 9.983e+02, 1.213e-08
9.050e-01, 5.000e-01, -3.450e-01, 1.119e+05, 0.000e+00, 2.426e-05, 0.000e+00, 2.033e+00, 9.983e+02, 1.090e-08
9.050e-01, 5.000e-01, -3.350e-01, 1.118e+05, 0.000e+00, 2.240e-05, 0.000e+00, 2.031e+00, 9.983e+02, 1.006e-08
9.050e-01, 5.000e-01, -3.250e-01, 1.117e+05, 0.000e+00, 2.147e-05, 0.000e+00, 2.029e+00, 9.983e+02, 9.646e-09
9.050e-01, 5.000e-01, -3.150e-01, 1.116e+05, 0.000e+00, 2.068e-05, 0.000e+00, 2.027e+00, 9.983e+02, 9.291e-09
9.050e-01, 5.000e-01, -3.050e-01, 1.115e+05, 0.000e+00, 1.952e-05, 0.000e+00, 2.025e+00, 9.983e+02, 8.771e-09
9.050e-01, 5.000e-01, -2.950e-01, 1.114e+05, 0.000e+00, 1.783e-05, 0.000e+00, 2.024e+00, 9.983e+02, 8.009e-09
9.050e-01, 5.000e-01, -2.850e-01, 1.113e+05, 0.000e+00, 1.567e-05, 0.000e+00, 2.022e+00, 9.983e+02, 7.040e-09
9.050e-01, 5.000e-01, -2.750e-01, 1.112e+05, 0.000e+00, 1.331e-05, 0.000e+00, 2.020e+00, 9.983e+02, 5.979e-09
9.050e-01, 5.000e-01, -2.650e-01, 1.111e+05, 0.000e+00, 1.135e-05, 0.000e+00, 2.018e+00, 9.983e+02, 5.095e-09
9.050e-01, 5.000e-01, -2.550e-01, 1.111e+05, 0.000e+00, 1.014e-05, 0.000e+00, 2.018e+00, 9.983e+02, 4.455e-09
9.050e-01, 5.000e-01, -2.450e-01, 1.110e+05, 0.000e+00, 8.712e-06, 0.000e+00, 2.016e+00, 9.983e+02, 3.827e-09
9.050e-01, 5.000e-01, -2.350e-01, 1.109e+05, 0.000e+00, 7.231e-06, 0.000e+00, 2.014e+00, 9.983e+02, 3.176e-09
9.050e-01, 5.000e-01, -2.250e-01, 1.108e+05, 0.000e+00, 5.814e-06, 0.000e+00, 2.012e+00, 9.983e+02, 2.554e-09
9.050e-01, 5.000e-01, -2.150e-01, 1.107e+05, 0.000e+00, 4.581e-06, 0.000e+00, 2.011e+00, 9.983e+02, 2.012e-09
9.050e-01, 5.000e-01, -2.050e-01, 1.106e+05, 0.000e+00, 3.688e-06, 0.000e+00, 2.009e+00, 9.983e+02, 1.620e-09
9.050e-01, 5.000e-01, -1.950e-01, 1.105e+05, 0.000e+00, 3.476e-06, 0.000e+00, 2.007e+00, 9.983e+02, 1.527e-09
9.050e-01, 5.000e-01, -1.850e-01, 1.106e+05, 0.000e+00, 4.729e-06, 0.000e+00, 2.009e+00, 9.983e+02, 2.038e-09
9.050e-01, 5.000e-01, -1.750e-01, 1.105e+05, 0.000e+00, 8.177e-06, 0.000e+00, 2.007e+00, 9.983e+02, 3.510e-09
9.050e-01, 5.000e-01, -1.650e-01, 1.104e+05, 0.000e+00, 1.498e-05, 0.000e+00, 2.005e+00, 9.983e+02, 6.431e-09
9.050e-01, 5.000e-01, -1.550e-01, 1.103e+05, 0.000e+00, 2.653e-05, 0.000e+00, 2.004e+00, 9.983e+02, 1.139e-08
9.050e-01, 5.000e-01, -1.450e-01, 1.102e+05, 0.000e+00, 4.264e-05, 0.000e+00, 2.002e+00, 9.983e+02, 1.831e-08
9.050e-01, 5.000e-01, -1.350e-01, 1.101e+05, 0.000e+00, 5.934e-05, 0.000e+00, 2.000e+00, 9.983e+02, 2.547e-08
9.050e-01, 5.000e-01, -1.250e-01, 1.100e+05, 0.000e+00, 6.875e-05, 0.000e+00, 1.998e+00, 9.983e+02, 2.974e-08
9.050e-01, 5.000e-01, -1.150e-01, 1.111e+05, 0.000e+00, 6.409e-05, 0.000e+00, 2.018e+00, 9.983e+02, 2.815e-08
9.050e-01, 5.000e-01, -1.050e-01, 1.110e+05, 0.000e+00, 4.978e-05, 0.000e+00, 2.017e+00, 9.983e+02, 2.186e-08
9.050e-01, 5.000e-01, -9.500e-02, 1.109e+05, 0.000e+00, 3.312e-05, 0.000e+00, 2.015e+00, 9.983e+02, 1.455e-08
9.050e-01, 5.000e-01, -8.500e-02, 1.108e+05, 0.000e+00, 1.926e-05, 0.000e+00, 2.013e+00, 9.983e+02, 8.460e-09
9.050e-01, 5.000e-01, -7.500e-02, 1.107e+05, 0.000e+00, 9.959e-06, 0.000e+00, 2.011e+00, 9.983e+02, 4.374e-09
9.050e-01, 5.000e-01, -6.500e-02, 1.106e+05, 0.000e+00, 4.649e-06, 0.000e+00, 2.009e+00, 9.983e+02, 2.042e-09
9.050e-01, 5.000e-01, -5.500e-02, 1.105e+05, 0.000e+00, 1.986e-06, 0.000e+00, 2.008e+00, 9.983e+02, 8.724e-10
9.050e-01, 5.000e-01, -4.500e-02, 1.104e+05, 0.000e+00, 7.856e-07, 0.000e+00, 2.006e+00, 9.983e+02, 3.450e-10
9.050e-01, 5.000e-01, -3.500e-02, 1.103e+05, 0.000e+00, 2.905e-07, 0.000e+00, 2.004e+00, 9.983e+02, 1.276e-10
9.050e-01, 5.000e-01, -2.500e-02, 1.102e+05, 0.000e+00, 1.014e-07, 0.000e+00, 2.002e+00, 9.983e+02, 4.453e-11
9.050e-01, 5.000e-01, -1.500e-02, 1.101e+05, 0.000e+00, 3.422e-08, 0.000e+00, 2.000e+00, 9.983e+02, 1.503e-11
9.050e-01, 5.000e-01, -5.000e-03, 1.100e+05, 0.000e+00, 1.306e-08, 0.000e+00, 1.999e+00, 9.983e+02, 5.734e-12
9.150e-01, 5.000e-01, -1.195e+00, 1.202e+05, 0.000e+00, 1.002e-13, 0.000e+00, 2.184e+00, 9.983e+02, 2.000e-17
9.150e-01, 5.000e-01, -1.185e+00, 1.201e+05, 0.000e+00, 1.002e-13, 0.000e+00, 2.182e+00, 9.983e+02, 2.000e-17
9.150e-01, 5.000e-01, -1.175e+00, 1.200e+05, 0.000e+00, 1.002e-13, 0.000e+00, 2.181e+00, 9.983e+02, 2.000e-17
9.150e-01, 5.000e-01, -1.165e+00, 1.199e+05, 0.000e+00, 1.174e-11, 0.000e+00, 2.179e+00, 9.983e+02, 2.344e-15
9.150e-01, 5.000e-01, -1.155e+00, 1.198e+05, 0.000e+00, 1.483e-03, 0.000e+00, 2.177e+00, 9.985e+02, 6.100e-07
9.150e-01, 5.000e-01, -1.145e+00, 1.197e+05, 0.000e+00, 1.462e-03, 0.000e+00, 2.175e+00, 9.985e+02, 6.277e-07
9.150e-01, 5.000e-01, -1.135e+00, 1.196e+05, 0.000e+00, 1.434e-03, 0.000e+00, 2.174e+00, 9.985e+02, 6.159e-07
9.150e-01, 5.000e-01, -1.125e+00, 1.195e+05, 0.000e+00, 1.391e-03, 0.000e+00, 2.172e+00, 9.985e+02, 5.973e-07
9.150e-01, 5.000e-01, -1.115e+00, 1.194e+05, 0.000e+00, 1.324e-03, 0.000e+00, 2.170e+00, 9.985e+02, 5.683e-07
9.150e-01, 5.000e-01, -1.105e+00, 1.193e+05, 0.000e+00, 1.230e-03, 0.000e+00, 2.168e+00, 9.985e+02, 5.282e-07
9.150e-01, 5.000e-01, -1.095e+00, 1.192e+05, 0.000e+00, 1.114e-03, 0.000e+00, 2.167e+00, 9.985e+02, 4.782e-07
9.150e-01, 5.000e-01, -1.085e+00, 1.191e+05, 0.000e+00, 9.813e-04, 0.000e+00, 2.165e+00, 9.984e+02, 4.213e-07
9.150e-01, 5.000e-01, -1.075e+00, 1.190e+05, 0.000e+00, 8.537e-04, 0.000e+00, 2.163e+00, 9.984e+02, 3.665e-07
9.150e-01, 5.000e-01, -1.065e+00, 1.189e+05, 0.000e+00, 7.601e-04, 0.000e+00, 2.161e+00, 9.984e+02, 3.263e-07
9.150e-01, 5.000e-01, -1.055e+00, 1.188e+05, 0.000e+00, 7.114e-04, 0.000e+00, 2.159e+00, 9.984e+02, 3.054e-07
9.150e-01, 5.000e-01, -1.045e+00, 1.187e+05, 0.000e+00, 6.853e-04, 0.000e+00, 2.158e+00, 9.984e+02, 2.942e-07
9.150e-01, 5.000e-01, -1.035e+00, 1.186e+05, 0.000e+00, 6.649e-04, 0.000e+00, 2.156e+00, 9.984e+02, 2.854e-07
9.150e-01, 5.000e-01, -1.025e+00, 1.185e+05, 0.000e+00, 6.462e-04, 0.000e+00, 2.154e+00, 9.984e+02, 2.774e-07
9.150e-01, 5.000e-01, -1.015e+00, 1.185e+05, 0.000e+00, 6.286e-04, 0.000e+00, 2.152e+00, 9.984e+02, 2.699e-07
9.150e-01, 5.000e-01, -1.005e+00, 1.184e+05, 0.000e+00, 6.123e-04, 0.000e+00, 2.150e+00, 9.984e+02, 2.629e-07
9.150e-01, 5.000e-01, -9.950e-01, 1.183e+05, 0.000e+00, 5.971e-04, 0.000e+00, 2.149e+00, 9.984e+02, 2.563e-07
9.150e-01, 5.000e-01, -9.850e-01, 1.182e+05, 0.000e+00, 5.830e-04, 0.000e+00, 2.147e+00, 9.984e+02, 2.503e-07
9.150e-01, 5.000e-01, -9.750e-01, 1.181e+05, 0.000e+00, 5.698e-04, 0.000e+00, 2.145e+00, 9.984e+02, 2.446e-07
9.150e-01, 5.000e-01, -9.650e-01, 1.180e+05, 0.000e+00, 5.576e-04, 0.000e+00, 2.143e+00, 9.984e+02, 2.394e-07
9.150e-01, 5.000e-01, -9.550e-01, 1.179e+05, 0.000e+00, 5.461e-04, 0.000e+00, 2.141e+00, 9.984e+02, 2.344e-07
9.150e-01, 5.000e-01, -9.450e-01, 1.178e+05, 0.000e+00, 5.353e-04, 0.000e+00, 2.140e+00, 9.984e+02, 2.298e-07
9.150e-01, 5.000e-01, -9.350e-01, 1.177e+05, 0.000e+00, 5.249e-04, 0.000e+00, 2.138e+00, 9.984e+02, 2.253e-07
9.150e-01, 5.000e-01, -9.250e-01, 1.176e+05, 0.000e+00, 5.146e-04, 0.000e+00, 2.136e+00, 9.984e+02, 2.209e-07
9.150e-01, 5.000e-01, -9.150e-01, 1.175e+05, 0.000e+00, 5.039e-04, 0.000e+00, 2.134e+00, 9.984e+02, 2.163e-07
9.150e-01, 5.000e-01, -9.050e-01, 1.174e+05, 0.000e+00, 4.918e-04, 0.000e+00, 2.132e+00, 9.984e+02, 2.111e-07
9.150e-01, 5.000e-01, -8.950e-01, 1.173e+05, 0.000e+00, 4.772e-04, 0.000e+00, 2.131e+00, 9.983e+02, 2.049e-07
9.150e-01, 5.000e-01, -8.850e-01, 1.172e+05, 0.000e+00, 4.601e-04, 0.000e+00, 2.129e+00, 9.983e+02, 1.975e-07
9.150e-01, 5.000e-01, -8.750e-01, 1.171e+05, 0.000e+00, 4.414e-04, 0.000e+00, 2.127e+00, 9.983e+02, 1.895e-07
9.150e-01, 5.000e-01, -8.650e-01, 1.170e+05, 0.000e+00, 4.219e-04, 0.000e+00, 2.125e+00, 9.983e+02, 1.811e-07
9.150e-01, 5.000e-01, -8.550e-01, 1.169e+05, 0.000e+00, 4.023e-04, 0.000e+00, 2.124e+00, 9.983e+02, 1.727e-07
9.150e-01, 5.000e-01, -8.450e-01, 1.168e+05, 0.000e+00, 3.835e-04, 0.000e+00, 2.122e+00, 9.983e+02, 1.646e-07
9.150e-01, 5.000e-01, -8.350e-01, 1.167e+05, 0.000e+00, 3.661e-04, 0.000e+00, 2.120e+00, 9.983e+02, 1.572e-07
9.150e-01, 5.000e-01, -8.250e-01, 1.166e+05, 0.000e+00, 3.507e-04, 0.000e+00, 2.118e+00, 9.983e+02, 1.505e-07
9.150e-01, 5.000e-01, -8.150e-01, 1.165e+05, 0.000e+00, 3.374e-04, 0.000e+00, 2.116e+00, 9.983e+02, 1.448e-07
9.150e-01, 5.000e-01, -8.050e-01, 1.164e+05, 0.000e+00, 3.260e-04, 0.000e+00, 2.115e+00, 9.983e+02, 1.399e-07
9.150e-01, 5.000e-01, -7.950e-01, 1.163e+05, 0.000e+00, 3.161e-04, 0.000e+00, 2.113e+00, 9.983e+02, 1.357e-07
9.150e-01, 5.000e-01, -7.850e-01, 1.162e+05, 0.000e+00, 3.077e-04, 0.000e+00, 2.111e+00, 9.983e+02, 1.321e-07
9.150e-01, 5.000e-01, -7.750e-01, 1.161e+05, 0.000e+00, 3.031e-04, 0.000e+00, 2.109e+00, 9.983e+02, 1.301e-07
9.150e-01, 5.000e-01, -7.650e-01, 1.160e+05, 0.000e+00, 3.107e-04, 0.000e+00, 2.107e+00, 9.983e+02, 1.334e-07
9.150e-01, 5.000e-01, -7.550e-01, 1.159e+05, 0.000e+00, 3.547e-04, 0.000e+00, 2.106e+00, 9.983e+02, 1.523e-07
9.150e-01, 5.000e-01, -7.450e-01, 1.173e+05, 0.000e+00, 4.918e-04, 0.000e+00, 2.131e+00, 9.984e+02, 2.141e-07
9.150e-01, 5.000e-01, -7.350e-01, 1.172e+05, 0.000e+00, 5.265e-04, 0.000e+00, 2.129e+00, 9.984e+02, 2.313e-07
9.150e-01, 5.000e-01, -7.250e-01, 1.171e+05, 0.000e+00, 4.606e-04, 0.000e+00, 2.127e+00, 9.983e+02, 2.023e-07
9.150e-01, 5.000e-01, -7.150e-01, 1.170e+05, 0.000e+00, 3.537e-04, 0.000e+00, 2.126e+00, 9.983e+02, 1.554e-07
9.150e-01, 5.000e-01, -7.050e-01, 1.169e+05, 0.000e+00, 2.485e-04, 0.000e+00, 2.124e+00, 9.983e+02, 1.092e-07
9.150e-01, 5.000e-01, -6.950e-01, 1.168e+05, 0.000e+00, 1.630e-04, 0.000e+00, 2.122e+00, 9.983e+02, 7.160e-08
9.150e-01, 5.000e-01, -6.850e-01, 1.167e+05, 0.000e+00, 1.007e-04, 0.000e+00, 2.120e+00, 9.983e+02, 4.421e-08
9.150e-01, 5.000e-01, -6.750e-01, 1.166e+05, 0.000e+00, 5.874e-05, 0.000e+00, 2.119e+00, 9.983e+02, 2.580e-08
9.150e-01, 5.000e-01, -6.650e-01, 1.165e+05, 0.000e+00, 3.262e-05, 0.000e+00, 2.117e+00, 9.983e+02, 1.433e-08
9.150e-01, 5.000e-01, -6.550e-01, 1.164e+05, 0.000e+00, 1.784e-05, 0.000e+00, 2.115e+00, 9.983e+02, 7.836e-09
9.150e-01, 5.000e-01, -6.450e-01, 1.163e+05, 0.000e+00, 1.141e-05, 0.000e+00, 2.113e+00, 9.983e+02, 5.013e-09
9.150e-01, 5.000e-01, -6.350e-01, 1.162e+05, 0.000e+00, 1.276e-05, 0.000e+00, 2.111e+00, 9.983e+02, 5.604e-09
9.150e-01, 5.000e-01, -6.250e-01, 1.161e+05, 0.000e+00, 2.467e-05, 0.000e+00, 2.110e+00, 9.983e+02, 1.084e-08
9.150e-01, 5.000e-01, -6.150e-01, 1.160e+05, 0.000e+00, 5.360e-05, 0.000e+00, 2.108e+00, 9.983e+02, 2.354e-08
9.150e-01, 5.000e-01, -6.050e-01, 1.159e+05, 0.000e+00, 1.071e-04, 0.000e+00, 2.106e+00, 9.983e+02, 4.706e-08
9.150e-01, 5.000e-01, -5.950e-01, 1.158e+05, 0.000e+00, 1.857e-04, 0.000e+00, 2.104e+00, 9.983e+02, 8.188e-08
9.150e-01, 5.000e-01, -5.850e-01, 1.143e+05, 0.000e+00, 2.744e-04, 0.000e+00, 2.075e+00, 9.983e+02, 1.233e-07
9.150e-01, 5.000e-01, -5.750e-01, 1.142e+05, 0.000e+00, 2.963e-04, 0.000e+00, 2.074e+00, 9.983e+02, 1.331e-07
9.150e-01, 5.000e-01, -5.650e-01, 1.141e+05, 0.000e+00, 2.943e-04, 0.000e+00, 2.072e+00, 9.983e+02, 1.322e-07
9.150e-01, 5.000e-01, -5.550e-01, 1.140e+05, 0.000e+00, 2.885e-04, 0.000e+00, 2.070e+00, 9.983e+02, 1.296e-07
9.150e-01, 5.000e-01, -5.450e-01, 1.139e+05, 0.000e+00, 2.811e-04, 0.000e+00, 2.068e+00, 9.983e+02, 1.263e-07
9.150e-01, 5.000e-01, -5.350e-01, 1.138e+05, 0.000e+00, 2.717e-04, 0.000e+00, 2.067e+00, 9.983e+02, 1.221e-07
9.150e-01, 5.000e-01, -5.250e-01, 1.137e+05, 0.000e+00, 2.602e-04, 0.000e+00, 2.065e+00, 9.983e+02, 1.169e-07
9.150e-01, 5.000e-01, -5.150e-01, 1.136e+05, 0.000e+00, 2.474e-04, 0.000e+00, 2.063e+00, 9.983e+02, 1.112e-07
9.150e-01, 5.000e-01, -5.050e-01, 1.135e+05, 0.000e+00, 2.335e-04, 0.000e+00, 2.061e+00, 9.983e+02, 1.049e-07
9.150e-01, 5.000e-01, -4.950e-01, 1.134e+05, 0.000e+00, 2.183e-04, 0.000e+00, 2.059e+00, 9.983e+02, 9.806e-08
9.150e-01, 5.000e-01, -4.850e-01, 1.133e+05, 0.000e+00, 2.017e-04, 0.000e+00, 2.058e+00, 9.983e+02, 9.060e-08
9.150e-01, 5.000e-01, -4.750e-01, 1.132e+05, 0.000e+00, 1.830e-04, 0.000e+00, 2.056e+00, 9.983e+02, 8.169e-08
9.150e-01, 5.000e-01, -4.650e-01, 1.132e+05, 0.000e+00, 1.642e-04, 0.000e+00, 2.055e+00, 9.983e+02, 7.214e-08
9.150e-01, 5.000e-01, -4.550e-01, 1.131e+05, 0.000e+00, 1.523e-04, 0.000e+00, 2.054e+00, 9.983e+02, 6.677e-08
9.150e-01, 5.000e-01, -4.450e-01, 1.129e+05, 0.000e+00, 1.635e-04, 0.000e+00, 2.050e+00, 9.983e+02, 7.018e-08
9.150e-01, 5.000e-01, -4.350e-01, 1.128e+05, 0.000e+00, 1.597e-04, 0.000e+00, 2.048e+00, 9.983e+02, 6.856e-08
9.150e-01, 5.000e-01, -4.250e-01, 1.127e+05, 0.000e+00, 1.428e-04, 0.000e+00, 2.047e+00, 9.983e+02, 6.129e-08
9.150e-01, 5.000e-01, -4.150e-01, 1.126e+05, 0.000e+00, 1.195e-04, 0.000e+00, 2.045e+00, 9.983e+02, 5.130e-08
9.150e-01, 5.000e-01, -4.050e-01, 1.125e+05, 0.000e+00, 9.525e-05, 0.000e+00, 2.043e+00, 9.983e+02, 4.089e-08
9.150e-01, 5.000e-01, -3.950e-01, 1.124e+05, 0.000e+00, 7.332e-05, 0.000e+00, 2.041e+00, 9.983e+02, 3.147e-08
9.150e-01, 5.000e-01, -3.850e-01, 1.123e+05, 0.000e+00, 5.498e-05, 0.000e+00, 2.039e+00, 9.983e+02, 2.360e-08
9.150e-01, 5.000e-01, -3.750e-01, 1.122e+05, 0.000e+00, 4.042e-05, 0.000e+00, 2.038e+00, 9.983e+02, 1.735e-08
9.150e-01, 5.000e-01, -3.650e-01, 1.121e+05, 0.000e+00, 2.942e-05, 0.000e+00, 2.036e+00, 9.983e+02, 1.263e-08
9.150e-01, 5.000e-01, -3.550e-01, 1.120e+05, 0.000e+00, 2.217e-05, 0.000e+00, 2.034e+00, 9.983e+02, 9.627e-09
9.150e-01, 5.000e-01, -3.450e-01, 1.119e+05, 0.000e+00, 1.841e-05, 0.000e+00, 2.033e+00, 9.983e+02, 8.271e-09
9.150e-01, 5.000e-01, -3.350e-01, 1.118e+05, 0.000e+00, 1.651e-05, 0.000e+00, 2.031e+00, 9.983e+02, 7.415e-09
9.150e-01, 5.000e-01, -3.250e-01, 1.117e+05, 0.000e+00, 1.563e-05, 0.000e+00, 2.029e+00, 9.983e+02, 7.023e-09
9.150e-01, 5.000e-01, -3.150e-01, 1.116e+05, 0.000e+00, 1.507e-05, 0.000e+00, 2.027e+00, 9.983e+02, 6.771e-09
9.150e-01, 5.000e-01, -3.050e-01, 1.115e+05, 0.000e+00, 1.433e-05, 0.000e+00, 2.025e+00, 9.983e+02, 6.439e-09
9.150e-01, 5.000e-01, -2.950e-01, 1.114e+05, 0.000e+00, 1.320e-05, 0.000e+00, 2.024e+00, 9.983e+02, 5.931e-09
9.150e-01, 5.000e-01, -2.850e-01, 1.113e+05, 0.000e+00, 1.169e-05, 0.000e+00, 2.022e+00, 9.983e+02, 5.251e-09
9.150e-01, 5.000e-01, -2.750e-01, 1.112e+05, 0.000e+00, 9.993e-06, 0.000e+00, 2.020e+00, 9.983e+02, 4.489e-09
9.150e-01, 5.000e-01, -2.650e-01, 1.111e+05, 0.000e+00, 8.691e-06, 0.000e+00, 2.018e+00, 9.983e+02, 3.888e-09
9.150e-01, 5.000e-01, -2.550e-01, 1.111e+05, 0.000e+00, 7.782e-06, 0.000e+00, 2.018e+00, 9.983e+02, 3.418e-09
9.150e-01, 5.000e-01, -2.450e-01, 1.110e+05, 0.000e+00, 6.680e-06, 0.000e+00, 2.016e+00, 9.983e+02, 2.934e-09
9.150e-01, 5.000e-01, -2.350e-01, 1.109e+05, 0.000e+00, 5.507e-06, 0.000e+00, 2.014e+00, 9.983e+02, 2.419e-09
9.150e-01, 5.000e-01, -2.250e-01, 1.108e+05, 0.000e+00, 4.371e-06, 0.000e+00, 2.012e+00, 9.983e+02, 1.920e-09
9.150e-01, 5.000e-01, -2.150e-01, 1.107e+05, 0.000e+00, 3.380e-06, 0.000e+00, 2.011e+00, 9.983e+02, 1.485e-09
9.150e-01, 5.000e-01, -2.050e-01, 1.106e+05, 0.000e+00, 2.673e-06, 0.000e+00, 2.009e+00, 9.983e+02, 1.174e-09
9.150e-01, 5.000e-01, -1.950e-01, 1.105e+05, 0.000e+00, 2.551e-06, 0.000e+00, 2.007e+00, 9.983e+02, 1.119e-09
9.150e-01, 5.000e-01, -1.850e-01, 1.106e+05, 0.000e+00, 3.588e-06, 0.000e+00, 2.009e+00, 9.983e+02, 1.540e-09
9.150e-01, 5.000e-01, -1.750e-01, 1.105e+05, 0.000e+00, 6.481e-06, 0.000e+00, 2.007e+00, 9.983e+02, 2.782e-09
9.150e-01, 5.000e-01, -1.650e-01, 1.104e+05, 0.000e+00, 1.255e-05, 0.000e+00, 2.005e+00, 9.983e+02, 5.386e-09
9.150e-01, 5.000e-01, -1.550e-01, 1.103e+05, 0.000e+00, 2.334e-05, 0.000e+00, 2.004e+00, 9.983e+02, 1.002e-08
9.150e-01, 5.000e-01, -1.450e-01, 1.102e+05, 0.000e+00, 3.905e-05, 0.000e+00, 2.002e+00, 9.983e+02, 1.676e-08
9.150e-01, 5.000e-01, -1.350e-01, 1.101e+05, 0.000e+00, 5.611e-05, 0.000e+00, 2.000e+00, 9.983e+02, 2.409e-08
9.150e-01, 5.000e-01, -1.250e-01, 1.100e+05, 0.000e+00, 6.679e-05, 0.000e+00, 1.998e+00, 9.983e+02, 2.888e-08
9.150e-01, 5.000e-01, -1.150e-01, 1.111e+05, 0.000e+00, 6.397e-05, 0.000e+00, 2.018e+00, 9.983e+02, 2.810e-08
9.150e-01, 5.000e-01, -1.050e-01, 1.110e+05, 0.000e+00, 5.086e-05, 0.000e+00, 2.017e+00, 9.983e+02, 2.234e-08
9.150e-01, 5.000e-01, -9.500e-02, 1.109e+05, 0.000e+00, 3.439e-05, 0.000e+00, 2.015e+00, 9.983e+02, 1.511e-08
9.150e-01, 5.000e-01, -8.500e-02, 1.108e+05, 0.000e+00, 2.016e-05, 0.000e+00, 2.013e+00, 9.983e+02, 8.854e-09
9.150e-01, 5.000e-01, -7.500e-02, 1.107e+05, 0.000e+00, 1.043e-05, 0.000e+00, 2.011e+00, 9.983e+02, 4.582e-09
9.150e-01, 5.000e-01, -6.500e-02, 1.106e+05, 0.000e+00, 4.851e-06, 0.000e+00, 2.009e+00, 9.983e+02, 2.131e-09
9.150e-01, 5.000e-01, -5.500e-02, 1.105e+05, 0.000e+00, 2.059e-06, 0.000e+00, 2.008e+00, 9.983e+02, 9.043e-10
9.150e-01, 5.000e-01, -4.500e-02, 1.104e+05, 0.000e+00, 8.080e-07, 0.000e+00, 2.006e+00, 9.983e+02, 3.549e-10
9.150e-01, 5.000e-01, -3.500e-02, 1.103e+05, 0.000e+00, 2.964e-07, 0.000e+00, 2.004e+00, 9.983e+02, 1.302e-10
9.150e-01, 5.000e-01, -2.500e-02, 1.102e+05, 0.000e+00, 1.027e-07, 0.000e+00, 2.002e+00, 9.983e+02, 4.510e-11
9.150e-01, 5.000e-01, -1.500e-02, 1.101e+05, 0.000e+00, 3.443e-08, 0.000e+00, 2.000e+00, 9.983e+02, 1.512e-11
9.150e-01, 5.000e-01, -5.000e-03, 1.100e+05, 0.000e+00, 1.307e-08, 0.000e+00, 1.999e+00, 9.983e+02, 5.739e-12
9.250e-01, 5.000e-01, -1.195e+00, 1.202e+05, 0.000e+00, 1.002e-13, 0.000e+00, 2.184e+00, 9.983e+02, 2.000e-17
9.250e-01, 5.000e-01, -1.185e+00, 1.201e+05, 0.000e+00, 1.002e-13, 0.000e+00, 2.182e+00, 9.983e+02, 2.000e-17
9.250e-01, 5.000e-01, -1.175e+00, 1.200e+05, 0.000e+00, 1.002e-13, 0.000e+00, 2.181e+00, 9.983e+02, 2.000e-17
9.250e-01, 5.000e-01, -1.165e+00, 1.199e+05, 0.000e+00, 1.122e-11, 0.000e+00, 2.179e+00, 9.983e+02, 2.240e-15
9.250e-01, 5.000e-01, -1.155e+00, 1.198e+05, 0.000e+00, 1.472e-03, 0.000e+00, 2.177e+00, 9.985e+02, 5.825e-07
9.250e-01, 5.000e-01, -1.145e+00, 1.197e+05, 0.000e+00, 1.454e-03, 0.000e+00, 2.175e+00, 9.985e+02, 6.243e-07
9.250e-01, 5.000e-01, -1.135e+00, 1.196e+05, 0.000e+00, 1.431e-03, 0.000e+00, 2.174e+00, 9.985e+02, 6.143e-07
9.250e-01, 5.000e-01, -1.125e+00, 1.195e+05, 0.000e+00, 1.389e-03, 0.000e+00, 2.172e+00, 9.985e+02, 5.965e-07
9.250e-01, 5.000e-01, -1.115e+00, 1.194e+05, 0.000e+00, 1.322e-03, 0.000e+00, 2.170e+00, 9.985e+02, 5.677e-07
9.250e-01, 5.000e-01, -1.105e+00, 1.193e+05, 0.000e+00, 1.229e-03, 0.000e+00, 2.168e+00, 9.985e+02, 5.276e-07
9.250e-01, 5.000e-01, -1.095e+00, 1.192e+05, 0.000e+00, 1.113e-03, 0.000e+00, 2.167e+00, 9.985e+02, 4.777e-07
9.250e-01, 5.000e-01, -1.085e+00, 1.191e+05, 0.000e+00, 9.808e-04, 0.000e+00, 2.165e+00, 9.984e+02, 4.211e-07
9.250e-01, 5.000e-01, -1.075e+00, 1.190e+05, 0.000e+00, 8.540e-04, 0.000e+00, 2.163e+00, 9.984e+02, 3.666e-07
9.250e-01, 5.000e-01, -1.065e+00, 1.189e+05, 0.000e+00, 7.607e-04, 0.000e+00, 2.161e+00, 9.984e+02, 3.266e-07
9.250e-01, 5.000e-01, -1.055e+00, 1.188e+05, 0.000e+00, 7.115e-04, 0.000e+00, 2.159e+00, 9.984e+02, 3.055e-07
9.250e-01, 5.000e-01, -1.045e+00, 1.187e+05, 0.000e+00, 6.851e-04, 0.000e+00, 2.158e+00, 9.984e+02, 2.941e-07
9.250e-01, 5.000e-01, -1.035e+00, 1.186e+05, 0.000e+00, 6.647e-04, 0.000e+00, 2.156e+00, 9.984e+02, 2.854e-07
9.250e-01, 5.000e-01, -1.025e+00, 1.185e+05, 0.000e+00, 6.459e-04, 0.000e+00, 2.154e+00, 9.984e+02, 2.773e-07
9.250e-01, 5.000e-01, -1.015e+00, 1.185e+05, 0.000e+00, 6.283e-04, 0.000e+00, 2.152e+00, 9.984e+02, 2.697e-07
9.250e-01, 5.000e-01, -1.005e+00, 1.184e+05, 0.000e+00, 6.117e-04, 0.000e+00, 2.150e+00, 9.984e+02, 2.626e-07
9.250e-01, 5.000e-01, -9.950e-01, 1.183e+05, 0.000e+00, 5.963e-04, 0.000e+00, 2.149e+00, 9.984e+02, 2.560e-07
9.250e-01, 5.000e-01, -9.850e-01, 1.182e+05, 0.000e+00, 5.820e-04, 0.000e+00, 2.147e+00, 9.984e+02, 2.499e-07
9.250e-01, 5.000e-01, -9.750e-01, 1.181e+05, 0.000e+00, 5.688e-04, 0.000e+00, 2.145e+00, 9.984e+02, 2.442e-07
9.250e-01, 5.000e-01, -9.650e-01, 1.180e+05, 0.000e+00, 5.566e-04, 0.000e+00, 2.143e+00, 9.984e+02, 2.389e-07
9.250e-01, 5.000e-01, -9.550e-01, 1.179e+05, 0.000e+00, 5.453e-04, 0.000e+00, 2.141e+00, 9.984e+02, 2.341e-07
9.250e-01, 5.000e-01, -9.450e-01, 1.178e+05, 0.000e+00, 5.349e-04, 0.000e+00, 2.140e+00, 9.984e+02, 2.296e-07
9.250e-01, 5.000e-01, -9.350e-01, 1.177e+05, 0.000e+00, 5.252e-04, 0.000e+00, 2.138e+00, 9.984e+02, 2.255e-07
9.250e-01, 5.000e-01, -9.250e-01, 1.176e+05, 0.000e+00, 5.161e-04, 0.000e+00, 2.136e+00, 9.984e+02, 2.215e-07
9.250e-01, 5.000e-01, -9.150e-01, 1.175e+05, 0.000e+00, 5.071e-04, 0.000e+00, 2.134e+00, 9.984e+02, 2.177e-07
9.250e-01, 5.000e-01, -9.050e-01, 1.174e+05, 0.000e+00, 4.975e-04, 0.000e+00, 2.132e+00, 9.984e+02, 2.136e-07
9.250e-01, 5.000e-01, -8.950e-01, 1.173e+05, 0.000e+00, 4.860e-04, 0.000e+00, 2.131e+00, 9.984e+02, 2.086e-07
9.250e-01, 5.000e-01, -8.850e-01, 1.172e+05, 0.000e+00, 4.711e-04, 0.000e+00, 2.129e+00, 9.983e+02, 2.022e-07
9.250e-01, 5.000e-01, -8.750e-01, 1.171e+05, 0.000e+00, 4.531e-04, 0.000e+00, 2.127e+00, 9.983e+02, 1.945e-07
9.250e-01, 5.000e-01, -8.650e-01, 1.170e+05, 0.000e+00, 4.335e-04, 0.000e+00, 2.125e+00, 9.983e+02, 1.861e-07
9.250e-01, 5.000e-01, -8.550e-01, 1.169e+05, 0.000e+00, 4.134e-04, 0.000e+00, 2.124e+00, 9.983e+02, 1.775e-07
9.250e-01, 5.000e-01, -8.450e-01, 1.168e+05, 0.000e+00, 3.936e-04, 0.000e+00, 2.122e+00, 9.983e+02, 1.690e-07
9.250e-01, 5.000e-01, -8.350e-01, 1.167e+05, 0.000e+00, 3.750e-04, 0.000e+00, 2.120e+00, 9.983e+02, 1.610e-07
9.250e-01, 5.000e-01, -8.250e-01, 1.166e+05, 0.000e+00, 3.581e-04, 0.000e+00, 2.118e+00, 9.983e+02, 1.537e-07
9.250e-01, 5.000e-01, -8.150e-01, 1.165e+05, 0.000e+00, 3.433e-04, 0.000e+00, 2.116e+00, 9.983e+02, 1.474e-07
9.250e-01, 5.000e-01, -8.050e-01, 1.164e+05, 0.000e+00, 3.306e-04, 0.000e+00, 2.115e+00, 9.983e+02, 1.419e-07
9.250e-01, 5.000e-01, -7.950e-01, 1.163e+05, 0.000e+00, 3.194e-04, 0.000e+00, 2.113e+00, 9.983e+02, 1.371e-07
9.250e-01, 5.000e-01, -7.850e-01, 1.162e+05, 0.000e+00, 3.100e-04, 0.000e+00, 2.111e+00, 9.983e+02, 1.331e-07
9.250e-01, 5.000e-01, -7.750e-01, 1.161e+05, 0.000e+00, 3.047e-04, 0.000e+00, 2.109e+00, 9.983e+02, 1.308e-07
9.250e-01, 5.000e-01, -7.650e-01, 1.160e+05, 0.000e+00, 3.126e-04, 0.000e+00, 2.107e+00, 9.983e+02, 1.342e-07
9.250e-01, 5.000e-01, -7.550e-01, 1.159e+05, 0.000e+00, 3.598e-04, 0.000e+00, 2.106e+00, 9.983e+02, 1.544e-07
9.250e-01, 5.000e-01, -7.450e-01, 1.173e+05, 0.000e+00, 5.047e-04, 0.000e+00, 2.131e+00, 9.984e+02, 2.194e-07
9.250e-01, 5.000e-01, -7.350e-01, 1.172e+05, 0.000e+00, 5.522e-04, 0.000e+00, 2.129e+00, 9.984e+02, 2.426e-07
9.250e-01, 5.000e-01, -7.250e-01, 1.171e+05, 0.000e+00, 4.844e-04, 0.000e+00, 2.127e+00, 9.984e+02, 2.128e-07
9.250e-01, 5.000e-01, -7.150e-01, 1.170e+05, 0.000e+00, 3.714e-04, 0.000e+00, 2.126e+00, 9.983e+02, 1.631e-07
9.250e-01, 5.000e-01, -7.050e-01, 1.169e+05, 0.000e+00, 2.608e-04, 0.000e+00, 2.124e+00, 9.983e+02, 1.146e-07
9.250e-01, 5.000e-01, -6.950e-01, 1.168e+05, 0.000e+00, 1.713e-04, 0.000e+00, 2.122e+00, 9.983e+02, 7.523e-08
9.250e-01, 5.000e-01, -6.850e-01, 1.167e+05, 0.000e+00, 1.059e-04, 0.000e+00, 2.120e+00, 9.983e+02, 4.652e-08
9.250e-01, 5.000e-01, -6.750e-01, 1.166e+05, 0.000e+00, 6.186e-05, 0.000e+00, 2.119e+00, 9.983e+02, 2.717e-08
9.250e-01, 5.000e-01, -6.650e-01, 1.165e+05, 0.000e+00, 3.426e-05, 0.000e+00, 2.117e+00, 9.983e+02, 1.505e-08
9.250e-01, 5.000e-01, -6.550e-01, 1.164e+05, 0.000e+00, 1.837e-05, 0.000e+00, 2.115e+00, 9.983e+02, 8.068e-09
9.250e-01, 5.000e-01, -6.450e-01, 1.163e+05, 0.000e+00, 1.068e-05, 0.000e+00, 2.113e+00, 9.983e+02, 4.691e-09
9.250e-01, 5.000e-01, -6.350e-01, 1.162e+05, 0.000e+00, 9.801e-06, 0.000e+00, 2.111e+00, 9.983e+02, 4.305e-09
9.250e-01, 5.000e-01, -6.250e-01, 1.161e+05, 0.000e+00, 1.735e-05, 0.000e+00, 2.110e+00, 9.983e+02, 7.620e-09
9.250e-01, 5.000e-01, -6.150e-01, 1.160e+05, 0.000e+00, 3.875e-05, 0.000e+00, 2.108e+00, 9.983e+02, 1.702e-08
9.250e-01, 5.000e-01, -6.050e-01, 1.159e+05, 0.000e+00, 8.224e-05, 0.000e+00, 2.106e+00, 9.983e+02, 3.612e-08
9.250e-01, 5.000e-01, -5.950e-01, 1.158e+05, 0.000e+00, 1.530e-04, 0.000e+00, 2.104e+00, 9.983e+02, 6.723e-08
9.250e-01, 5.000e-01, -5.850e-01, 1.143e+05, 0.000e+00, 2.388e-04, 0.000e+00, 2.075e+00, 9.983e+02, 1.072e-07
9.250e-01, 5.000e-01, -5.750e-01, 1.142e+05, 0.000e+00, 2.556e-04, 0.000e+00, 2.074e+00, 9.983e+02, 1.148e-07
9.250e-01, 5.000e-01, -5.650e-01, 1.141e+05, 0.000e+00, 2.628e-04, 0.000e+00, 2.072e+00, 9.983e+02, 1.180e-07
9.250e-01, 5.000e-01, -5.550e-01, 1.140e+05, 0.000e+00, 2.626e-04, 0.000e+00, 2.070e+00, 9.983e+02, 1.180e-07
9.250e-01, 5.000e-01, -5.450e-01, 1.139e+05, 0.000e+00, 2.582e-04, 0.000e+00, 2.068e+00, 9.983e+02, 1.160e-07
9.250e-01, 5.000e-01, -5.350e-01, 1.138e+05, 0.000e+00, 2.522e-04, 0.000e+00, 2.067e+00, 9.983e+02, 1.133e-07
9.250e-01, 5.000e-01, -5.250e-01, 1.137e+05, 0.000e+00, 2.445e-04, 0.000e+00, 2.065e+00, 9.983e+02, 1.099e-07
9.250e-01, 5.000e-01, -5.150e-01, 1.136e+05, 0.000e+00, 2.344e-04, 0.000e+00, 2.063e+00, 9.983e+02, 1.053e-07
9.250e-01, 5.000e-01, -5.050e-01, 1.135e+05, 0.000e+00, 2.220e-04, 0.000e+00, 2.061e+00, 9.983e+02, 9.972e-08
9.250e-01, 5.000e-01, -4.950e-01, 1.134e+05, 0.000e+00, 2.075e-04, 0.000e+00, 2.059e+00, 9.983e+02, 9.320e-08
9.250e-01, 5.000e-01, -4.850e-01, 1.133e+05, 0.000e+00, 1.912e-04, 0.000e+00, 2.058e+00, 9.983e+02, 8.587e-08
9.250e-01, 5.000e-01, -4.750e-01, 1.132e+05, 0.000e+00, 1.729e-04, 0.000e+00, 2.056e+00, 9.983e+02, 7.727e-08
9.250e-01, 5.000e-01, -4.650e-01, 1.132e+05, 0.000e+00, 1.539e-04, 0.000e+00, 2.055e+00, 9.983e+02, 6.759e-08
9.250e-01, 5.000e-01, -4.550e-01, 1.131e+05, 0.000e+00, 1.390e-04, 0.000e+00, 2.054e+00, 9.983e+02, 6.092e-08
9.250e-01, 5.000e-01, -4.450e-01, 1.129e+05, 0.000e+00, 1.404e-04, 0.000e+00, 2.050e+00, 9.983e+02, 6.028e-08
9.250e-01, 5.000e-01, -4.350e-01, 1.128e+05, 0.000e+00, 1.341e-04, 0.000e+00, 2.048e+00, 9.983e+02, 5.757e-08
9.250e-01, 5.000e-01, -4.250e-01, 1.127e+05, 0.000e+00, 1.193e-04, 0.000e+00, 2.047e+00, 9.983e+02, 5.122e-08
9.250e-01, 5.000e-01, -4.150e-01, 1.126e+05, 0.000e+00, 1.002e-04, 0.000e+00, 2.045e+00, 9.983e+02, 4.302e-08
9.250e-01, 5.000e-01, -4.050e-01, 1.125e+05, 0.000e+00, 8.023e-05, 0.000e+00, 2.043e+00, 9.983e+02, 3.444e-08
9.250e-01, 5.000e-01, -3.950e-01, 1.124e+05, 0.000e+00, 6.175e-05, 0.000e+00, 2.041e+00, 9.983e+02, 2.651e-08
9.250e-01, 5.000e-01, -3.850e-01, 1.123e+05, 0.000e+00, 4.601e-05, 0.000e+00, 2.039e+00, 9.983e+02, 1.975e-08
9.250e-01, 5.000e-01, -3.750e-01, 1.122e+05, 0.000e+00, 3.340e-05, 0.000e+00, 2.038e+00, 9.983e+02, 1.434e-08
9.250e-01, 5.000e-01, -3.650e-01, 1.121e+05, 0.000e+00, 2.386e-05, 0.000e+00, 2.036e+00, 9.983e+02, 1.024e-08
9.250e-01, 5.000e-01, -3.550e-01, 1.120e+05, 0.000e+00, 1.748e-05, 0.000e+00, 2.034e+00, 9.983e+02, 7.613e-09
9.250e-01, 5.000e-01, -3.450e-01, 1.119e+05, 0.000e+00, 1.389e-05, 0.000e+00, 2.033e+00, 9.983e+02, 6.239e-09
9.250e-01, 5.000e-01, -3.350e-01, 1.118e+05, 0.000e+00, 1.201e-05, 0.000e+00, 2.031e+00, 9.983e+02, 5.396e-09
9.250e-01, 5.000e-01, -3.250e-01, 1.117e+05, 0.000e+00, 1.116e-05, 0.000e+00, 2.029e+00, 9.983e+02, 5.012e-09
9.250e-01, 5.000e-01, -3.150e-01, 1.116e+05, 0.000e+00, 1.070e-05, 0.000e+00, 2.027e+00, 9.983e+02, 4.807e-09
9.250e-01, 5.000e-01, -3.050e-01, 1.115e+05, 0.000e+00, 1.021e-05, 0.000e+00, 2.025e+00, 9.983e+02, 4.586e-09
9.250e-01, 5.000e-01, -2.950e-01, 1.114e+05, 0.000e+00, 9.459e-06, 0.000e+00, 2.024e+00, 9.983e+02, 4.249e-09
9.250e-01, 5.000e-01, -2.850e-01, 1.113e+05, 0.000e+00, 8.428e-06, 0.000e+00, 2.022e+00, 9.983e+02, 3.786e-09
9.250e-01, 5.000e-01, -2.750e-01, 1.112e+05, 0.000e+00, 7.251e-06, 0.000e+00, 2.020e+00, 9.983e+02, 3.257e-09
9.250e-01, 5.000e-01, -2.650e-01, 1.111e+05, 0.000e+00, 6.434e-06, 0.000e+00, 2.018e+00, 9.983e+02, 2.869e-09
9.250e-01, 5.000e-01, -2.550e-01, 1.111e+05, 0.000e+00, 5.785e-06, 0.000e+00, 2.018e+00, 9.983e+02, 2.541e-09
9.250e-01, 5.000e-01, -2.450e-01, 1.110e+05, 0.000e+00, 4.970e-06, 0.000e+00, 2.016e+00, 9.983e+02, 2.183e-09
9.250e-01, 5.000e-01, -2.350e-01, 1.109e+05, 0.000e+00, 4.081e-06, 0.000e+00, 2.014e+00, 9.983e+02, 1.792e-09
9.250e-01, 5.000e-01, -2.250e-01, 1.108e+05, 0.000e+00, 3.208e-06, 0.000e+00, 2.012e+00, 9.983e+02, 1.409e-09
9.250e-01, 5.000e-01, -2.150e-01, 1.107e+05, 0.000e+00, 2.444e-06, 0.000e+00, 2.011e+00, 9.983e+02, 1.073e-09
9.250e-01, 5.000e-01, -2.050e-01, 1.106e+05, 0.000e+00, 1.906e-06, 0.000e+00, 2.009e+00, 9.983e+02, 8.374e-10
9.250e-01, 5.000e-01, -1.950e-01, 1.105e+05, 0.000e+00, 1.856e-06, 0.000e+00, 2.007e+00, 9.983e+02, 8.100e-10
9.250e-01, 5.000e-01, -1.850e-01, 1.106e+05, 0.000e+00, 2.709e-06, 0.000e+00, 2.009e+00, 9.983e+02, 1.163e-09
9.250e-01, 5.000e-01, -1.750e-01, 1.105e+05, 0.000e+00, 5.171e-06, 0.000e+00, 2.007e+00, 9.983e+02, 2.220e-09
9.250e-01, 5.000e-01, -1.650e-01, 1.104e+05, 0.000e+00, 1.062e-05, 0.000e+00, 2.005e+00, 9.983e+02, 4.560e-09
9.250e-01, 5.000e-01, -1.550e-01, 1.103e+05, 0.000e+00, 2.076e-05, 0.000e+00, 2.004e+00, 9.983e+02, 8.910e-09
9.250e-01, 5.000e-01, -1.450e-01, 1.102e+05, 0.000e+00, 3.603e-05, 0.000e+00, 2.002e+00, 9.983e+02, 1.547e-08
9.250e-01, 5.000e-01, -1.350e-01, 1.101e+05, 0.000e+00, 5.328e-05, 0.000e+00, 2.000e+00, 9.983e+02, 2.287e-08
9.250e-01, 5.000e-01, -1.250e-01, 1.100e+05, 0.000e+00, 6.518e-05, 0.000e+00, 1.998e+00, 9.983e+02, 2.816e-08
9.250e-01, 5.000e-01, -1.150e-01, 1.111e+05, 0.000e+00, 6.429e-05, 0.000e+00, 2.018e+00, 9.983e+02, 2.824e-08
9.250e-01, 5.000e-01, -1.050e-01, 1.110e+05, 0.000e+00, 5.232e-05, 0.000e+00, 2.017e+00, 9.983e+02, 2.298e-08
9.250e-01, 5.000e-01, -9.500e-02, 1.109e+05, 0.000e+00, 3.582e-05, 0.000e+00, 2.015e+00, 9.983e+02, 1.574e-08
9.250e-01, 5.000e-01, -8.500e-02, 1.108e+05, 0.000e+00, 2.104e-05, 0.000e+00, 2.013e+00, 9.983e+02, 9.241e-09
9.250e-01, 5.000e-01, -7.500e-02, 1.107e+05, 0.000e+00, 1.083e-05, 0.000e+00, 2.011e+00, 9.983e+02, 4.756e-09
9.250e-01, 5.000e-01, -6.500e-02, 1.106e+05, 0.000e+00, 4.986e-06, 0.000e+00, 2.009e+00, 9.983e+02, 2.190e-09
9.250e-01, 5.000e-01, -5.500e-02, 1.105e+05, 0.000e+00, 2.092e-06, 0.000e+00, 2.008e+00, 9.983e+02, 9.189e-10
9.250e-01, 5.000e-01, -4.500e-02, 1.104e+05, 0.000e+00, 8.115e-07, 0.000e+00, 2.006e+00, 9.983e+02, 3.564e-10
9.250e-01, 5.000e-01, -3.500e-02, 1.103e+05, 0.000e+00, 2.945e-07, 0.000e+00, 2.004e+00, 9.983e+02, 1.293e-10
9.250e-01, 5.000e-01, -2.500e-02, 1.102e+05, 0.000e+00, 1.010e-07, 0.000e+00, 2.002e+00, 9.983e+02, 4.437e-11
9.250e-01, 5.000e-01, -1.500e-02, 1.101e+05, 0.000e+00, 3.359e-08, 0.000e+00, 2.000e+00, 9.983e+02, 1.475e-11
9.250e-01, 5.000e-01, -5.000e-03, 1.100e+05, 0.000e+00, 1.265e-08, 0.000e+00, 1.999e+00, 9.983e+02, 5.557e-12
9.350e-01, 5.000e-01, -1.195e+00, 1.202e+05, 0.000e+00, 1.002e-13, 0.000e+00, 2.184e+00, 9.983e+02, 2.000e-17
9.350e-01, 5.000e-01, -1.185e+00, 1.201e+05, 0.000e+00, 1.002e-13, 0.000e+00, 2.182e+00, 9.983e+02, 2.000e-17
9.350e-01, 5.000e-01, -1.175e+00, 1.200e+05, 0.000e+00, 1.002e-13, 0.000e+00, 2.181e+00, 9.983e+02, 2.000e-17
9.350e-01, 5.000e-01, -1.165e+00, 1.199e+05, 0.000e+00, 9.905e-12, 0.000e+00, 2.179e+00, 9.983e+02, 1.978e-15
9.350e-01, 5.000e-01, -1.155e+00, 1.198e+05, 0.000e+00, 1.458e-03, 0.000e+00, 2.177e+00, 9.985e+02, 5.540e-07
9.350e-01, 5.000e-01, -1.145e+00, 1.197e+05, 0.000e+00, 1.446e-03, 0.000e+00, 2.175e+00, 9.985e+02, 6.207e-07
9.350e-01, 5.000e-01, -1.135e+00, 1.196e+05, 0.000e+00, 1.427e-03, 0.000e+00, 2.174e+00, 9.985e+02, 6.126e-07
9.350e-01, 5.000e-01, -1.125e+00, 1.195e+05, 0.000e+00, 1.387e-03, 0.000e+00, 2.172e+00, 9.985e+02, 5.955e-07
9.350e-01, 5.000e-01, -1.115e+00, 1.194e+05, 0.000e+00, 1.321e-03, 0.000e+00, 2.170e+00, 9.985e+02, 5.670e-07
9.350e-01, 5.000e-01, -1.105e+00, 1.193e+05, 0.000e+00, 1.227e-03, 0.000e+00, 2.168e+00, 9.985e+02, 5.270e-07
9.350e-01, 5.000e-01, -1.095e+00, 1.192e+05, 0.000e+00, 1.111e-03, 0.000e+00, 2.167e+00, 9.985e+02, 4.770e-07
9.350e-01, 5.000e-01, -1.085e+00, 1.191e+05, 0.000e+00, 9.807e-04, 0.000e+00, 2.165e+00, 9.984e+02, 4.210e-07
9.350e-01, 5.000e-01, -1.075e+00, 1.190e+05, 0.000e+00, 8.554e-04, 0.000e+00, 2.163e+00, 9.984e+02, 3.672e-07
9.350e-01, 5.000e-01, -1.065e+00, 1.189e+05, 0.000e+00, 7.623e-04, 0.000e+00, 2.161e+00, 9.984e+02, 3.273e-07
9.350e-01, 5.000e-01, -1.055e+00, 1.188e+05, 0.000e+00, 7.116e-04, 0.000e+00, 2.159e+00, 9.984e+02, 3.055e-07
9.350e-01, 5.000e-01, -1.045e+00, 1.187e+05, 0.000e+00, 6.842e-04, 0.000e+00, 2.158e+00, 9.984e+02, 2.937e-07
9.350e-01, 5.000e-01, -1.035e+00, 1.186e+05, 0.000e+00, 6.636e-04, 0.000e+00, 2.156e+00, 9.984e+02, 2.849e-07
9.350e-01, 5.000e-01, -1.025e+00, 1.185e+05, 0.000e+00, 6.448e-04, 0.000e+00, 2.154e+00, 9.984e+02, 2.768e-07
9.350e-01, 5.000e-01, -1.015e+00, 1.185e+05, 0.000e+00, 6.270e-04, 0.000e+00, 2.152e+00, 9.984e+02, 2.692e-07
9.350e-01, 5.000e-01, -1.005e+00, 1.184e+05, 0.000e+00, 6.102e-04, 0.000e+00, 2.150e+00, 9.984e+02, 2.620e-07
9.350e-01, 5.000e-01, -9.950e-01, 1.183e+05, 0.000e+00, 5.945e-04, 0.000e+00, 2.149e+00, 9.984e+02, 2.552e-07
9.350e-01, 5.000e-01, -9.850e-01, 1.182e+05, 0.000e+00, 5.798e-04, 0.000e+00, 2.147e+00, 9.984e+02, 2.489e-07
9.350e-01, 5.000e-01, -9.750e-01, 1.181e+05, 0.000e+00, 5.663e-04, 0.000e+00, 2.145e+00, 9.984e+02, 2.431e-07
9.350e-01, 5.000e-01, -9.650e-01, 1.180e+05, 0.000e+00, 5.539e-04, 0.000e+00, 2.143e+00, 9.984e+02, 2.378e-07
9.350e-01, 5.000e-01, -9.550e-01, 1.179e+05, 0.000e+00, 5.426e-04, 0.000e+00, 2.141e+00, 9.984e+02, 2.329e-07
9.350e-01, 5.000e-01, -9.450e-01, 1.178e+05, 0.000e+00, 5.324e-04, 0.000e+00, 2.140e+00, 9.984e+02, 2.285e-07
9.350e-01, 5.000e-01, -9.350e-01, 1.177e+05, 0.000e+00, 5.231e-04, 0.000e+00, 2.138e+00, 9.984e+02, 2.246e-07
9.350e-01, 5.000e-01, -9.250e-01, 1.176e+05, 0.000e+00, 5.147e-04, 0.000e+00, 2.136e+00, 9.984e+02, 2.210e-07
9.350e-01, 5.000e-01, -9.150e-01, 1.175e+05, 0.000e+00, 5.069e-04, 0.000e+00, 2.134e+00, 9.984e+02, 2.176e-07
9.350e-01, 5.000e-01, -9.050e-01, 1.174e+05, 0.000e+00, 4.994e-04, 0.000e+00, 2.132e+00, 9.984e+02, 2.144e-07
9.350e-01, 5.000e-01, -8.950e-01, 1.173e+05, 0.000e+00, 4.911e-04, 0.000e+00, 2.131e+00, 9.984e+02, 2.108e-07
9.350e-01, 5.000e-01, -8.850e-01, 1.172e+05, 0.000e+00, 4.802e-04, 0.000e+00, 2.129e+00, 9.984e+02, 2.061e-07
9.350e-01, 5.000e-01, -8.750e-01, 1.171e+05, 0.000e+00, 4.649e-04, 0.000e+00, 2.127e+00, 9.983e+02, 1.996e-07
9.350e-01, 5.000e-01, -8.650e-01, 1.170e+05, 0.000e+00, 4.461e-04, 0.000e+00, 2.125e+00, 9.983e+02, 1.915e-07
9.350e-01, 5.000e-01, -8.550e-01, 1.169e+05, 0.000e+00, 4.256e-04, 0.000e+00, 2.124e+00, 9.983e+02, 1.827e-07
9.350e-01, 5.000e-01, -8.450e-01, 1.168e+05, 0.000e+00, 4.049e-04, 0.000e+00, 2.122e+00, 9.983e+02, 1.738e-07
9.350e-01, 5.000e-01, -8.350e-01, 1.167e+05, 0.000e+00, 3.849e-04, 0.000e+00, 2.120e+00, 9.983e+02, 1.652e-07
9.350e-01, 5.000e-01, -8.250e-01, 1.166e+05, 0.000e+00, 3.665e-04, 0.000e+00, 2.118e+00, 9.983e+02, 1.573e-07
9.350e-01, 5.000e-01, -8.150e-01, 1.165e+05, 0.000e+00, 3.501e-04, 0.000e+00, 2.116e+00, 9.983e+02, 1.503e-07
9.350e-01, 5.000e-01, -8.050e-01, 1.164e+05, 0.000e+00, 3.358e-04, 0.000e+00, 2.115e+00, 9.983e+02, 1.442e-07
9.350e-01, 5.000e-01, -7.950e-01, 1.163e+05, 0.000e+00, 3.233e-04, 0.000e+00, 2.113e+00, 9.983e+02, 1.388e-07
9.350e-01, 5.000e-01, -7.850e-01, 1.162e+05, 0.000e+00, 3.128e-04, 0.000e+00, 2.111e+00, 9.983e+02, 1.343e-07
9.350e-01, 5.000e-01, -7.750e-01, 1.161e+05, 0.000e+00, 3.066e-04, 0.000e+00, 2.109e+00, 9.983e+02, 1.316e-07
9.350e-01, 5.000e-01, -7.650e-01, 1.160e+05, 0.000e+00, 3.146e-04, 0.000e+00, 2.107e+00, 9.983e+02, 1.350e-07
9.350e-01, 5.000e-01, -7.550e-01, 1.159e+05, 0.000e+00, 3.647e-04, 0.000e+00, 2.106e+00, 9.983e+02, 1.566e-07
9.350e-01, 5.000e-01, -7.450e-01, 1.158e+05, 0.000e+00, 5.187e-04, 0.000e+00, 2.104e+00, 9.984e+02, 2.252e-07
9.350e-01, 5.000e-01, -7.350e-01, 1.172e+05, 0.000e+00, 5.836e-04, 0.000e+00, 2.129e+00, 9.984e+02, 2.564e-07
9.350e-01, 5.000e-01, -7.250e-01, 1.171e+05, 0.000e+00, 5.102e-04, 0.000e+00, 2.127e+00, 9.984e+02, 2.241e-07
9.350e-01, 5.000e-01, -7.150e-01, 1.170e+05, 0.000e+00, 3.880e-04, 0.000e+00, 2.126e+00, 9.983e+02, 1.705e-07
9.350e-01, 5.000e-01, -7.050e-01, 1.169e+05, 0.000e+00, 2.713e-04, 0.000e+00, 2.124e+00, 9.983e+02, 1.192e-07
9.350e-01, 5.000e-01, -6.950e-01, 1.168e+05, 0.000e+00, 1.778e-04, 0.000e+00, 2.122e+00, 9.983e+02, 7.811e-08
9.350e-01, 5.000e-01, -6.850e-01, 1.167e+05, 0.000e+00, 1.099e-04, 0.000e+00, 2.120e+00, 9.983e+02, 4.827e-08
9.350e-01, 5.000e-01, -6.750e-01, 1.166e+05, 0.000e+00, 6.412e-05, 0.000e+00, 2.119e+00, 9.983e+02, 2.816e-08
9.350e-01, 5.000e-01, -6.650e-01, 1.165e+05, 0.000e+00, 3.540e-05, 0.000e+00, 2.117e+00, 9.983e+02, 1.555e-08
9.350e-01, 5.000e-01, -6.550e-01, 1.164e+05, 0.000e+00, 1.873e-05, 0.000e+00, 2.115e+00, 9.983e+02, 8.225e-09
9.350e-01, 5.000e-01, -6.450e-01, 1.163e+05, 0.000e+00, 1.020e-05, 0.000e+00, 2.113e+00, 9.983e+02, 4.480e-09
9.350e-01, 5.000e-01, -6.350e-01, 1.162e+05, 0.000e+00, 7.784e-06, 0.000e+00, 2.111e+00, 9.983e+02, 3.419e-09
9.350e-01, 5.000e-01, -6.250e-01, 1.161e+05, 0.000e+00, 1.206e-05, 0.000e+00, 2.110e+00, 9.983e+02, 5.297e-09
9.350e-01, 5.000e-01, -6.150e-01, 1.160e+05, 0.000e+00, 2.712e-05, 0.000e+00, 2.108e+00, 9.983e+02, 1.191e-08
9.350e-01, 5.000e-01, -6.050e-01, 1.159e+05, 0.000e+00, 6.045e-05, 0.000e+00, 2.106e+00, 9.983e+02, 2.655e-08
9.350e-01, 5.000e-01, -5.950e-01, 1.158e+05, 0.000e+00, 1.181e-04, 0.000e+00, 2.104e+00, 9.983e+02, 5.188e-08
9.350e-01, 5.000e-01, -5.850e-01, 1.143e+05, 0.000e+00, 1.882e-04, 0.000e+00, 2.075e+00, 9.983e+02, 8.423e-08
9.350e-01, 5.000e-01, -5.750e-01, 1.142e+05, 0.000e+00, 2.526e-04, 0.000e+00, 2.074e+00, 9.983e+02, 1.135e-07
9.350e-01, 5.000e-01, -5.650e-01, 1.141e+05, 0.000e+00, 2.741e-04, 0.000e+00, 2.072e+00, 9.983e+02, 1.231e-07
9.350e-01, 5.000e-01, -5.550e-01, 1.140e+05, 0.000e+00, 2.747e-04, 0.000e+00, 2.070e+00, 9.983e+02, 1.234e-07
9.350e-01, 5.000e-01, -5.450e-01, 1.139e+05, 0.000e+00, 2.638e-04, 0.000e+00, 2.068e+00, 9.983e+02, 1.185e-07
9.350e-01, 5.000e-01, -5.350e-01, 1.138e+05, 0.000e+00, 2.497e-04, 0.000e+00, 2.067e+00, 9.983e+02, 1.122e-07
9.350e-01, 5.000e-01, -5.250e-01, 1.137e+05, 0.000e+00, 2.380e-04, 0.000e+00, 2.065e+00, 9.983e+02, 1.069e-07
9.350e-01, 5.000e-01, -5.150e-01, 1.136e+05, 0.000e+00, 2.263e-04, 0.000e+00, 2.063e+00, 9.983e+02, 1.017e-07
9.350e-01, 5.000e-01, -5.050e-01, 1.135e+05, 0.000e+00, 2.134e-04, 0.000e+00, 2.061e+00, 9.983e+02, 9.589e-08
9.350e-01, 5.000e-01, -4.950e-01, 1.134e+05, 0.000e+00, 1.988e-04, 0.000e+00, 2.059e+00, 9.983e+02, 8.933e-08
9.350e-01, 5.000e-01, -4.850e-01, 1.133e+05, 0.000e+00, 1.825e-04, 0.000e+00, 2.058e+00, 9.983e+02, 8.199e-08
9.350e-01, 5.000e-01, -4.750e-01, 1.132e+05, 0.000e+00, 1.644e-04, 0.000e+00, 2.056e+00, 9.983e+02, 7.356e-08
9.350e-01, 5.000e-01, -4.650e-01, 1.132e+05, 0.000e+00, 1.452e-04, 0.000e+00, 2.055e+00, 9.983e+02, 6.378e-08
9.350e-01, 5.000e-01, -4.550e-01, 1.131e+05, 0.000e+00, 1.285e-04, 0.000e+00, 2.054e+00, 9.983e+02, 5.632e-08
9.350e-01, 5.000e-01, -4.450e-01, 1.129e+05, 0.000e+00, 1.226e-04, 0.000e+00, 2.050e+00, 9.983e+02, 5.264e-08
9.350e-01, 5.000e-01, -4.350e-01, 1.128e+05, 0.000e+00, 1.135e-04, 0.000e+00, 2.048e+00, 9.983e+02, 4.873e-08
9.350e-01, 5.000e-01, -4.250e-01, 1.127e+05, 0.000e+00, 9.965e-05, 0.000e+00, 2.047e+00, 9.983e+02, 4.277e-08
9.350e-01, 5.000e-01, -4.150e-01, 1.126e+05, 0.000e+00, 8.336e-05, 0.000e+00, 2.045e+00, 9.983e+02, 3.578e-08
9.350e-01, 5.000e-01, -4.050e-01, 1.125e+05, 0.000e+00, 6.681e-05, 0.000e+00, 2.043e+00, 9.983e+02, 2.868e-08
9.350e-01, 5.000e-01, -3.950e-01, 1.124e+05, 0.000e+00, 5.149e-05, 0.000e+00, 2.041e+00, 9.983e+02, 2.210e-08
9.350e-01, 5.000e-01, -3.850e-01, 1.123e+05, 0.000e+00, 3.831e-05, 0.000e+00, 2.039e+00, 9.983e+02, 1.644e-08
9.350e-01, 5.000e-01, -3.750e-01, 1.122e+05, 0.000e+00, 2.766e-05, 0.000e+00, 2.038e+00, 9.983e+02, 1.187e-08
9.350e-01, 5.000e-01, -3.650e-01, 1.121e+05, 0.000e+00, 1.956e-05, 0.000e+00, 2.036e+00, 9.983e+02, 8.397e-09
9.350e-01, 5.000e-01, -3.550e-01, 1.120e+05, 0.000e+00, 1.400e-05, 0.000e+00, 2.034e+00, 9.983e+02, 6.112e-09
9.350e-01, 5.000e-01, -3.450e-01, 1.119e+05, 0.000e+00, 1.063e-05, 0.000e+00, 2.033e+00, 9.983e+02, 4.776e-09
9.350e-01, 5.000e-01, -3.350e-01, 1.118e+05, 0.000e+00, 8.808e-06, 0.000e+00, 2.031e+00, 9.983e+02, 3.957e-09
9.350e-01, 5.000e-01, -3.250e-01, 1.117e+05, 0.000e+00, 7.932e-06, 0.000e+00, 2.029e+00, 9.983e+02, 3.563e-09
9.350e-01, 5.000e-01, -3.150e-01, 1.116e+05, 0.000e+00, 7.487e-06, 0.000e+00, 2.027e+00, 9.983e+02, 3.363e-09
9.350e-01, 5.000e-01, -3.050e-01, 1.115e+05, 0.000e+00, 7.101e-06, 0.000e+00, 2.025e+00, 9.983e+02, 3.190e-09
9.350e-01, 5.000e-01, -2.950e-01, 1.114e+05, 0.000e+00, 6.580e-06, 0.000e+00, 2.024e+00, 9.983e+02, 2.956e-09
9.350e-01, 5.000e-01, -2.850e-01, 1.113e+05, 0.000e+00, 5.878e-06, 0.000e+00, 2.022e+00, 9.983e+02, 2.641e-09
9.350e-01, 5.000e-01, -2.750e-01, 1.112e+05, 0.000e+00, 5.084e-06, 0.000e+00, 2.020e+00, 9.983e+02, 2.284e-09
9.350e-01, 5.000e-01, -2.650e-01, 1.111e+05, 0.000e+00, 4.594e-06, 0.000e+00, 2.018e+00, 9.983e+02, 2.042e-09
9.350e-01, 5.000e-01, -2.550e-01, 1.111e+05, 0.000e+00, 4.148e-06, 0.000e+00, 2.018e+00, 9.983e+02, 1.822e-09
9.350e-01, 5.000e-01, -2.450e-01, 1.110e+05, 0.000e+00, 3.570e-06, 0.000e+00, 2.016e+00, 9.983e+02, 1.568e-09
9.350e-01, 5.000e-01, -2.350e-01, 1.109e+05, 0.000e+00, 2.926e-06, 0.000e+00, 2.014e+00, 9.983e+02, 1.285e-09
9.350e-01, 5.000e-01, -2.250e-01, 1.108e+05, 0.000e+00, 2.286e-06, 0.000e+00, 2.012e+00, 9.983e+02, 1.004e-09
9.350e-01, 5.000e-01, -2.150e-01, 1.107e+05, 0.000e+00, 1.723e-06, 0.000e+00, 2.011e+00, 9.983e+02, 7.570e-10
9.350e-01, 5.000e-01, -2.050e-01, 1.106e+05, 0.000e+00, 1.336e-06, 0.000e+00, 2.009e+00, 9.983e+02, 5.870e-10
9.350e-01, 5.000e-01, -1.950e-01, 1.105e+05, 0.000e+00, 1.340e-06, 0.000e+00, 2.007e+00, 9.983e+02, 5.818e-10
9.350e-01, 5.000e-01, -1.850e-01, 1.106e+05, 0.000e+00, 2.059e-06, 0.000e+00, 2.009e+00, 9.983e+02, 8.840e-10
9.350e-01, 5.000e-01, -1.750e-01, 1.105e+05, 0.000e+00, 4.208e-06, 0.000e+00, 2.007e+00, 9.983e+02, 1.806e-09
9.350e-01, 5.000e-01, -1.650e-01, 1.104e+05, 0.000e+00, 9.188e-06, 0.000e+00, 2.005e+00, 9.983e+02, 3.944e-09
9.350e-01, 5.000e-01, -1.550e-01, 1.103e+05, 0.000e+00, 1.883e-05, 0.000e+00, 2.004e+00, 9.983e+02, 8.085e-09
9.350e-01, 5.000e-01, -1.450e-01, 1.102e+05, 0.000e+00, 3.381e-05, 0.000e+00, 2.002e+00, 9.983e+02, 1.451e-08
9.350e-01, 5.000e-01, -1.350e-01, 1.101e+05, 0.000e+00, 5.113e-05, 0.000e+00, 2.000e+00, 9.983e+02, 2.195e-08
9.350e-01, 5.000e-01, -1.250e-01, 1.100e+05, 0.000e+00, 6.413e-05, 0.000e+00, 1.998e+00, 9.983e+02, 2.769e-08
9.350e-01, 5.000e-01, -1.150e-01, 1.111e+05, 0.000e+00, 6.524e-05, 0.000e+00, 2.018e+00, 9.983e+02, 2.866e-08
9.350e-01, 5.000e-01, -1.050e-01, 1.110e+05, 0.000e+00, 5.425e-05, 0.000e+00, 2.017e+00, 9.983e+02, 2.383e-08
9.350e-01, 5.000e-01, -9.500e-02, 1.109e+05, 0.000e+00, 3.735e-05, 0.000e+00, 2.015e+00, 9.983e+02, 1.640e-08
9.350e-01, 5.000e-01, -8.500e-02, 1.108e+05, 0.000e+00, 2.178e-05, 0.000e+00, 2.013e+00, 9.983e+02, 9.568e-09
9.350e-01, 5.000e-01, -7.500e-02, 1.107e+05, 0.000e+00, 1.106e-05, 0.000e+00, 2.011e+00, 9.983e+02, 4.860e-09
9.350e-01, 5.000e-01, -6.500e-02, 1.106e+05, 0.000e+00, 5.016e-06, 0.000e+00, 2.009e+00, 9.983e+02, 2.203e-09
9.350e-01, 5.000e-01, -5.500e-02, 1.105e+05, 0.000e+00, 2.072e-06, 0.000e+00, 2.008e+00, 9.983e+02, 9.101e-10
9.350e-01, 5.000e-01, -4.500e-02, 1.104e+05, 0.000e+00, 7.920e-07, 0.000e+00, 2.006e+00, 9.983e+02, 3.479e-10
9.350e-01, 5.000e-01, -3.500e-02, 1.103e+05, 0.000e+00, 2.836e-07, 0.000e+00, 2.004e+00, 9.983e+02, 1.246e-10
9.350e-01, 5.000e-01, -2.500e-02, 1.102e+05, 0.000e+00, 9.619e-08, 0.000e+00, 2.002e+00, 9.983e+02, 4.225e-11
9.350e-01, 5.000e-01, -1.500e-02, 1.101e+05, 0.000e+00, 3.166e-08, 0.000e+00, 2.000e+00, 9.983e+02, 1.391e-11
9.350e-01, 5.000e-01, -5.000e-03, 1.100e+05, 0.000e+00, 1.181e-08, 0.000e+00, 1.999e+00, 9.983e+02, 5.189e-12
9.450e-01, 5.000e-01, -1.195e+00, 1.202e+05, 0.000e+00, 1.002e-13, 0.000e+00, 2.184e+00, 9.983e+02, 2.000e-17
9.450e-01, 5.000e-01, -1.185e+00, 1.201e+05, 0.000e+00, 1.002e-13, 0.000e+00, 2.182e+00, 9.983e+02, 2.000e-17
9.450e-01, 5.000e-01, -1.175e+00, 1.200e+05, 0.000e+00, 1.002e-13, 0.000e+00, 2.181e+00, 9.983e+02, 2.000e-17
9.450e-01, 5.000e-01, -1.165e+00, 1.199e+05, 0.000e+00, 9.075e-12, 0.000e+00, 2.179e+00, 9.983e+02, 1.812e-15
9.450e-01, 5.000e-01, -1.155e+00, 1.198e+05, 0.000e+00, 1.444e-03, 0.000e+00, 2.177e+00, 9.985e+02, 5.263e-07
9.450e-01, 5.000e-01, -1.145e+00, 1.197e+05, 0.000e+00, 1.439e-03, 0.000e+00, 2.175e+00, 9.985e+02, 6.178e-07
9.450e-01, 5.000e-01, -1.135e+00, 1.196e+05, 0.000e+00, 1.423e-03, 0.000e+00, 2.174e+00, 9.985e+02, 6.111e-07
9.450e-01, 5.000e-01, -1.125e+00, 1.195e+05, 0.000e+00, 1.384e-03, 0.000e+00, 2.172e+00, 9.985e+02, 5.944e-07
9.450e-01, 5.000e-01, -1.115e+00, 1.194e+05, 0.000e+00, 1.318e-03, 0.000e+00, 2.170e+00, 9.985e+02, 5.661e-07
9.450e-01, 5.000e-01, -1.105e+00, 1.193e+05, 0.000e+00, 1.226e-03, 0.000e+00, 2.168e+00, 9.985e+02, 5.262e-07
9.450e-01, 5.000e-01, -1.095e+00, 1.192e+05, 0.000e+00, 1.110e-03, 0.000e+00, 2.167e+00, 9.985e+02, 4.764e-07
9.450e-01, 5.000e-01, -1.085e+00, 1.191e+05, 0.000e+00, 9.804e-04, 0.000e+00, 2.165e+00, 9.984e+02, 4.209e-07
9.450e-01, 5.000e-01, -1.075e+00, 1.190e+05, 0.000e+00, 8.578e-04, 0.000e+00, 2.163e+00, 9.984e+02, 3.683e-07
9.450e-01, 5.000e-01, -1.065e+00, 1.189e+05, 0.000e+00, 7.650e-04, 0.000e+00, 2.161e+00, 9.984e+02, 3.284e-07
9.450e-01, 5.000e-01, -1.055e+00, 1.188e+05, 0.000e+00, 7.118e-04, 0.000e+00, 2.159e+00, 9.984e+02, 3.056e-07
9.450e-01, 5.000e-01, -1.045e+00, 1.187e+05, 0.000e+00, 6.827e-04, 0.000e+00, 2.158e+00, 9.984e+02, 2.931e-07
9.450e-01, 5.000e-01, -1.035e+00, 1.186e+05, 0.000e+00, 6.617e-04, 0.000e+00, 2.156e+00, 9.984e+02, 2.841e-07
9.450e-01, 5.000e-01, -1.025e+00, 1.185e+05, 0.000e+00, 6.428e-04, 0.000e+00, 2.154e+00, 9.984e+02, 2.760e-07
9.450e-01, 5.000e-01, -1.015e+00, 1.185e+05, 0.000e+00, 6.248e-04, 0.000e+00, 2.152e+00, 9.984e+02, 2.682e-07
9.450e-01, 5.000e-01, -1.005e+00, 1.184e+05, 0.000e+00, 6.077e-04, 0.000e+00, 2.150e+00, 9.984e+02, 2.609e-07
9.450e-01, 5.000e-01, -9.950e-01, 1.183e+05, 0.000e+00, 5.916e-04, 0.000e+00, 2.149e+00, 9.984e+02, 2.540e-07
9.450e-01, 5.000e-01, -9.850e-01, 1.182e+05, 0.000e+00, 5.765e-04, 0.000e+00, 2.147e+00, 9.984e+02, 2.475e-07
9.450e-01, 5.000e-01, -9.750e-01, 1.181e+05, 0.000e+00, 5.627e-04, 0.000e+00, 2.145e+00, 9.984e+02, 2.416e-07
9.450e-01, 5.000e-01, -9.650e-01, 1.180e+05, 0.000e+00, 5.501e-04, 0.000e+00, 2.143e+00, 9.984e+02, 2.362e-07
9.450e-01, 5.000e-01, -9.550e-01, 1.179e+05, 0.000e+00, 5.388e-04, 0.000e+00, 2.141e+00, 9.984e+02, 2.313e-07
9.450e-01, 5.000e-01, -9.450e-01, 1.178e+05, 0.000e+00, 5.286e-04, 0.000e+00, 2.140e+00, 9.984e+02, 2.269e-07
9.450e-01, 5.000e-01, -9.350e-01, 1.177e+05, 0.000e+00, 5.195e-04, 0.000e+00, 2.138e+00, 9.984e+02, 2.230e-07
9.450e-01, 5.000e-01, -9.250e-01, 1.176e+05, 0.000e+00, 5.113e-04, 0.000e+00, 2.136e+00, 9.984e+02, 2.195e-07
9.450e-01, 5.000e-01, -9.150e-01, 1.175e+05, 0.000e+00, 5.041e-04, 0.000e+00, 2.134e+00, 9.984e+02, 2.164e-07
9.450e-01, 5.000e-01, -9.050e-01, 1.174e+05, 0.000e+00, 4.977e-04, 0.000e+00, 2.132e+00, 9.984e+02, 2.137e-07
9.450e-01, 5.000e-01, -8.950e-01, 1.173e+05, 0.000e+00, 4.916e-04, 0.000e+00, 2.131e+00, 9.984e+02, 2.111e-07
9.450e-01, 5.000e-01, -8.850e-01, 1.172e+05, 0.000e+00, 4.845e-04, 0.000e+00, 2.129e+00, 9.984e+02, 2.080e-07
9.450e-01, 5.000e-01, -8.750e-01, 1.171e+05, 0.000e+00, 4.740e-04, 0.000e+00, 2.127e+00, 9.983e+02, 2.035e-07
9.450e-01, 5.000e-01, -8.650e-01, 1.170e+05, 0.000e+00, 4.583e-04, 0.000e+00, 2.125e+00, 9.983e+02, 1.968e-07
9.450e-01, 5.000e-01, -8.550e-01, 1.169e+05, 0.000e+00, 4.387e-04, 0.000e+00, 2.124e+00, 9.983e+02, 1.883e-07
9.450e-01, 5.000e-01, -8.450e-01, 1.168e+05, 0.000e+00, 4.174e-04, 0.000e+00, 2.122e+00, 9.983e+02, 1.792e-07
9.450e-01, 5.000e-01, -8.350e-01, 1.167e+05, 0.000e+00, 3.961e-04, 0.000e+00, 2.120e+00, 9.983e+02, 1.700e-07
9.450e-01, 5.000e-01, -8.250e-01, 1.166e+05, 0.000e+00, 3.761e-04, 0.000e+00, 2.118e+00, 9.983e+02, 1.614e-07
9.450e-01, 5.000e-01, -8.150e-01, 1.165e+05, 0.000e+00, 3.580e-04, 0.000e+00, 2.116e+00, 9.983e+02, 1.537e-07
9.450e-01, 5.000e-01, -8.050e-01, 1.164e+05, 0.000e+00, 3.419e-04, 0.000e+00, 2.115e+00, 9.983e+02, 1.468e-07
9.450e-01, 5.000e-01, -7.950e-01, 1.163e+05, 0.000e+00, 3.279e-04, 0.000e+00, 2.113e+00, 9.983e+02, 1.408e-07
9.450e-01, 5.000e-01, -7.850e-01, 1.162e+05, 0.000e+00, 3.160e-04, 0.000e+00, 2.111e+00, 9.983e+02, 1.356e-07
9.450e-01, 5.000e-01, -7.750e-01, 1.161e+05, 0.000e+00, 3.088e-04, 0.000e+00, 2.109e+00, 9.983e+02, 1.325e-07
9.450e-01, 5.000e-01, -7.650e-01, 1.160e+05, 0.000e+00, 3.166e-04, 0.000e+00, 2.107e+00, 9.983e+02, 1.359e-07
9.450e-01, 5.000e-01, -7.550e-01, 1.159e+05, 0.000e+00, 3.696e-04, 0.000e+00, 2.106e+00, 9.983e+02, 1.586e-07
9.450e-01, 5.000e-01, -7.450e-01, 1.158e+05, 0.000e+00, 5.343e-04, 0.000e+00, 2.104e+00, 9.984e+02, 2.317e-07
9.450e-01, 5.000e-01, -7.350e-01, 1.172e+05, 0.000e+00, 6.168e-04, 0.000e+00, 2.129e+00, 9.984e+02, 2.710e-07
9.450e-01, 5.000e-01, -7.250e-01, 1.171e+05, 0.000e+00, 5.354e-04, 0.000e+00, 2.127e+00, 9.984e+02, 2.352e-07
9.450e-01, 5.000e-01, -7.150e-01, 1.170e+05, 0.000e+00, 4.032e-04, 0.000e+00, 2.126e+00, 9.983e+02, 1.771e-07
9.450e-01, 5.000e-01, -7.050e-01, 1.169e+05, 0.000e+00, 2.803e-04, 0.000e+00, 2.124e+00, 9.983e+02, 1.231e-07
9.450e-01, 5.000e-01, -6.950e-01, 1.168e+05, 0.000e+00, 1.833e-04, 0.000e+00, 2.122e+00, 9.983e+02, 8.052e-08
9.450e-01, 5.000e-01, -6.850e-01, 1.167e+05, 0.000e+00, 1.132e-04, 0.000e+00, 2.120e+00, 9.983e+02, 4.970e-08
9.450e-01, 5.000e-01, -6.750e-01, 1.166e+05, 0.000e+00, 6.591e-05, 0.000e+00, 2.119e+00, 9.983e+02, 2.895e-08
9.450e-01, 5.000e-01, -6.650e-01, 1.165e+05, 0.000e+00, 3.628e-05, 0.000e+00, 2.117e+00, 9.983e+02, 1.594e-08
9.450e-01, 5.000e-01, -6.550e-01, 1.164e+05, 0.000e+00, 1.901e-05, 0.000e+00, 2.115e+00, 9.983e+02, 8.349e-09
9.450e-01, 5.000e-01, -6.450e-01, 1.163e+05, 0.000e+00, 9.899e-06, 0.000e+00, 2.113e+00, 9.983e+02, 4.348e-09
9.450e-01, 5.000e-01, -6.350e-01, 1.162e+05, 0.000e+00, 6.414e-06, 0.000e+00, 2.111e+00, 9.983e+02, 2.817e-09
9.450e-01, 5.000e-01, -6.250e-01, 1.161e+05, 0.000e+00, 8.217e-06, 0.000e+00, 2.110e+00, 9.983e+02, 3.609e-09
9.450e-01, 5.000e-01, -6.150e-01, 1.160e+05, 0.000e+00, 1.796e-05, 0.000e+00, 2.108e+00, 9.983e+02, 7.890e-09
9.450e-01, 5.000e-01, -6.050e-01, 1.159e+05, 0.000e+00, 4.186e-05, 0.000e+00, 2.106e+00, 9.983e+02, 1.839e-08
9.450e-01, 5.000e-01, -5.950e-01, 1.158e+05, 0.000e+00, 8.827e-05, 0.000e+00, 2.104e+00, 9.983e+02, 3.877e-08
9.450e-01, 5.000e-01, -5.850e-01, 1.143e+05, 0.000e+00, 1.667e-04, 0.000e+00, 2.075e+00, 9.983e+02, 7.434e-08
9.450e-01, 5.000e-01, -5.750e-01, 1.142e+05, 0.000e+00, 2.893e-04, 0.000e+00, 2.074e+00, 9.983e+02, 1.300e-07
9.450e-01, 5.000e-01, -5.650e-01, 1.141e+05, 0.000e+00, 3.299e-04, 0.000e+00, 2.072e+00, 9.983e+02, 1.482e-07
9.450e-01, 5.000e-01, -5.550e-01, 1.140e+05, 0.000e+00, 3.323e-04, 0.000e+00, 2.070e+00, 9.983e+02, 1.493e-07
9.450e-01, 5.000e-01, -5.450e-01, 1.139e+05, 0.000e+00, 3.143e-04, 0.000e+00, 2.068e+00, 9.983e+02, 1.412e-07
9.450e-01, 5.000e-01, -5.350e-01, 1.138e+05, 0.000e+00, 2.867e-04, 0.000e+00, 2.067e+00, 9.983e+02, 1.288e-07
9.450e-01, 5.000e-01, -5.250e-01, 1.137e+05, 0.000e+00, 2.596e-04, 0.000e+00, 2.065e+00, 9.983e+02, 1.166e-07
9.450e-01, 5.000e-01, -5.150e-01, 1.136e+05, 0.000e+00, 2.375e-04, 0.000e+00, 2.063e+00, 9.983e+02, 1.067e-07
9.450e-01, 5.000e-01, -5.050e-01, 1.135e+05, 0.000e+00, 2.176e-04, 0.000e+00, 2.061e+00, 9.983e+02, 9.777e-08
9.450e-01, 5.000e-01, -4.950e-01, 1.134e+05, 0.000e+00, 1.986e-04, 0.000e+00, 2.059e+00, 9.983e+02, 8.921e-08
9.450e-01, 5.000e-01, -4.850e-01, 1.133e+05, 0.000e+00, 1.795e-04, 0.000e+00, 2.058e+00, 9.983e+02, 8.063e-08
9.450e-01, 5.000e-01, -4.750e-01, 1.132e+05, 0.000e+00, 1.598e-04, 0.000e+00, 2.056e+00, 9.983e+02, 7.161e-08
9.450e-01, 5.000e-01, -4.650e-01, 1.132e+05, 0.000e+00, 1.397e-04, 0.000e+00, 2.055e+00, 9.983e+02, 6.137e-08
9.450e-01, 5.000e-01, -4.550e-01, 1.131e+05, 0.000e+00, 1.213e-04, 0.000e+00, 2.054e+00, 9.983e+02, 5.317e-08
9.450e-01, 5.000e-01, -4.450e-01, 1.129e+05, 0.000e+00, 1.100e-04, 0.000e+00, 2.050e+00, 9.983e+02, 4.721e-08
9.450e-01, 5.000e-01, -4.350e-01, 1.128e+05, 0.000e+00, 9.837e-05, 0.000e+00, 2.048e+00, 9.983e+02, 4.222e-08
9.450e-01, 5.000e-01, -4.250e-01, 1.127e+05, 0.000e+00, 8.481e-05, 0.000e+00, 2.047e+00, 9.983e+02, 3.641e-08
9.450e-01, 5.000e-01, -4.150e-01, 1.126e+05, 0.000e+00, 7.039e-05, 0.000e+00, 2.045e+00, 9.983e+02, 3.022e-08
9.450e-01, 5.000e-01, -4.050e-01, 1.125e+05, 0.000e+00, 5.639e-05, 0.000e+00, 2.043e+00, 9.983e+02, 2.421e-08
9.450e-01, 5.000e-01, -3.950e-01, 1.124e+05, 0.000e+00, 4.359e-05, 0.000e+00, 2.041e+00, 9.983e+02, 1.871e-08
9.450e-01, 5.000e-01, -3.850e-01, 1.123e+05, 0.000e+00, 3.256e-05, 0.000e+00, 2.039e+00, 9.983e+02, 1.398e-08
9.450e-01, 5.000e-01, -3.750e-01, 1.122e+05, 0.000e+00, 2.358e-05, 0.000e+00, 2.038e+00, 9.983e+02, 1.012e-08
9.450e-01, 5.000e-01, -3.650e-01, 1.121e+05, 0.000e+00, 1.668e-05, 0.000e+00, 2.036e+00, 9.983e+02, 7.159e-09
9.450e-01, 5.000e-01, -3.550e-01, 1.120e+05, 0.000e+00, 1.174e-05, 0.000e+00, 2.034e+00, 9.983e+02, 5.140e-09
9.450e-01, 5.000e-01, -3.450e-01, 1.119e+05, 0.000e+00, 8.558e-06, 0.000e+00, 2.033e+00, 9.983e+02, 3.844e-09
9.450e-01, 5.000e-01, -3.350e-01, 1.118e+05, 0.000e+00, 6.746e-06, 0.000e+00, 2.031e+00, 9.983e+02, 3.030e-09
9.450e-01, 5.000e-01, -3.250e-01, 1.117e+05, 0.000e+00, 5.796e-06, 0.000e+00, 2.029e+00, 9.983e+02, 2.604e-09
9.450e-01, 5.000e-01, -3.150e-01, 1.116e+05, 0.000e+00, 5.281e-06, 0.000e+00, 2.027e+00, 9.983e+02, 2.372e-09
9.450e-01, 5.000e-01, -3.050e-01, 1.115e+05, 0.000e+00, 4.901e-06, 0.000e+00, 2.025e+00, 9.983e+02, 2.201e-09
9.450e-01, 5.000e-01, -2.950e-01, 1.114e+05, 0.000e+00, 4.487e-06, 0.000e+00, 2.024e+00, 9.983e+02, 2.016e-09
9.450e-01, 5.000e-01, -2.850e-01, 1.113e+05, 0.000e+00, 3.988e-06, 0.000e+00, 2.022e+00, 9.983e+02, 1.791e-09
9.450e-01, 5.000e-01, -2.750e-01, 1.112e+05, 0.000e+00, 3.452e-06, 0.000e+00, 2.020e+00, 9.983e+02, 1.551e-09
9.450e-01, 5.000e-01, -2.650e-01, 1.112e+05, 0.000e+00, 3.161e-06, 0.000e+00, 2.020e+00, 9.983e+02, 1.401e-09
9.450e-01, 5.000e-01, -2.550e-01, 1.111e+05, 0.000e+00, 2.860e-06, 0.000e+00, 2.018e+00, 9.983e+02, 1.256e-09
9.450e-01, 5.000e-01, -2.450e-01, 1.110e+05, 0.000e+00, 2.465e-06, 0.000e+00, 2.016e+00, 9.983e+02, 1.083e-09
9.450e-01, 5.000e-01, -2.350e-01, 1.109e+05, 0.000e+00, 2.019e-06, 0.000e+00, 2.014e+00, 9.983e+02, 8.869e-10
9.450e-01, 5.000e-01, -2.250e-01, 1.108e+05, 0.000e+00, 1.573e-06, 0.000e+00, 2.012e+00, 9.983e+02, 6.907e-10
9.450e-01, 5.000e-01, -2.150e-01, 1.107e+05, 0.000e+00, 1.180e-06, 0.000e+00, 2.011e+00, 9.983e+02, 5.183e-10
9.450e-01, 5.000e-01, -2.050e-01, 1.106e+05, 0.000e+00, 9.210e-07, 0.000e+00, 2.009e+00, 9.983e+02, 4.045e-10
9.450e-01, 5.000e-01, -1.950e-01, 1.107e+05, 0.000e+00, 9.663e-07, 0.000e+00, 2.011e+00, 9.983e+02, 4.175e-10
9.450e-01, 5.000e-01, -1.850e-01, 1.106e+05, 0.000e+00, 1.600e-06, 0.000e+00, 2.009e+00, 9.983e+02, 6.866e-10
9.450e-01, 5.000e-01, -1.750e-01, 1.105e+05, 0.000e+00, 3.524e-06, 0.000e+00, 2.007e+00, 9.983e+02, 1.512e-09
9.450e-01, 5.000e-01, -1.650e-01, 1.104e+05, 0.000e+00, 8.177e-06, 0.000e+00, 2.005e+00, 9.983e+02, 3.510e-09
9.450e-01, 5.000e-01, -1.550e-01, 1.103e+05, 0.000e+00, 1.767e-05, 0.000e+00, 2.004e+00, 9.983e+02, 7.587e-09
9.450e-01, 5.000e-01, -1.450e-01, 1.102e+05, 0.000e+00, 3.285e-05, 0.000e+00, 2.002e+00, 9.983e+02, 1.410e-08
9.450e-01, 5.000e-01, -1.350e-01, 1.101e+05, 0.000e+00, 5.030e-05, 0.000e+00, 2.000e+00, 9.983e+02, 2.159e-08
9.450e-01, 5.000e-01, -1.250e-01, 1.100e+05, 0.000e+00, 6.422e-05, 0.000e+00, 1.998e+00, 9.983e+02, 2.771e-08
9.450e-01, 5.000e-01, -1.150e-01, 1.111e+05, 0.000e+00, 6.691e-05, 0.000e+00, 2.018e+00, 9.983e+02, 2.939e-08
9.450e-01, 5.000e-01, -1.050e-01, 1.110e+05, 0.000e+00, 5.634e-05, 0.000e+00, 2.017e+00, 9.983e+02, 2.475e-08
9.450e-01, 5.000e-01, -9.500e-02, 1.109e+05, 0.000e+00, 3.848e-05, 0.000e+00, 2.015e+00, 9.983e+02, 1.690e-08
9.450e-01, 5.000e-01, -8.500e-02, 1.108e+05, 0.000e+00, 2.204e-05, 0.000e+00, 2.013e+00, 9.983e+02, 9.680e-09
9.450e-01, 5.000e-01, -7.500e-02, 1.107e+05, 0.000e+00, 1.097e-05, 0.000e+00, 2.011e+00, 9.983e+02, 4.818e-09
9.450e-01, 5.000e-01, -6.500e-02, 1.106e+05, 0.000e+00, 4.879e-06, 0.000e+00, 2.009e+00, 9.983e+02, 2.143e-09
9.450e-01, 5.000e-01, -5.500e-02, 1.105e+05, 0.000e+00, 1.981e-06, 0.000e+00, 2.008e+00, 9.983e+02, 8.703e-10
9.450e-01, 5.000e-01, -4.500e-02, 1.104e+05, 0.000e+00, 7.462e-07, 0.000e+00, 2.006e+00, 9.983e+02, 3.277e-10
9.450e-01, 5.000e-01, -3.500e-02, 1.103e+05, 0.000e+00, 2.637e-07, 0.000e+00, 2.004e+00, 9.983e+02, 1.158e-10
9.450e-01, 5.000e-01, -2.500e-02, 1.102e+05, 0.000e+00, 8.840e-08, 0.000e+00, 2.002e+00, 9.983e+02, 3.883e-11
9.450e-01, 5.000e-01, -1.500e-02, 1.101e+05, 0.000e+00, 2.878e-08, 0.000e+00, 2.000e+00, 9.983e+02, 1.264e-11
9.450e-01, 5.000e-01, -5.000e-03, 1.100e+05, 0.000e+00, 1.063e-08, 0.000e+00, 1.999e+00, 9.983e+02, 4.668e-12
9.550e-01, 5.000e-01, -1.195e+00, 1.202e+05, 0.000e+00, 1.002e-13, 0.000e+00, 2.184e+00, 9.983e+02, 2.000e-17
9.550e-01, 5.000e-01, -1.185e+00, 1.201e+05, 0.000e+00, 1.002e-13, 0.000e+00, 2.182e+00, 9.983e+02, 2.000e-17
9.550e-01, 5.000e-01, -1.175e+00, 1.200e+05, 0.000e+00, 1.002e-13, 0.000e+00, 2.181e+00, 9.983e+02, 2.000e-17
9.550e-01, 5.000e-01, -1.165e+00, 1.199e+05, 0.000e+00, 8.595e-12, 0.000e+00, 2.179e+00, 9.983e+02, 1.716e-15
9.550e-01, 5.000e-01, -1.155e+00, 1.198e+05, 0.000e+00, 1.435e-03, 0.000e+00, 2.177e+00, 9.985e+02, 5.007e-07
9.550e-01, 5.000e-01, -1.145e+00, 1.197e+05, 0.000e+00, 1.435e-03, 0.000e+00, 2.175e+00, 9.985e+02, 6.161e-07
9.550e-01, 5.000e-01, -1.135e+00, 1.196e+05, 0.000e+00, 1.420e-03, 0.000e+00, 2.174e+00, 9.985e+02, 6.097e-07
9.550e-01, 5.000e-01, -1.125e+00, 1.195e+05, 0.000e+00, 1.381e-03, 0.000e+00, 2.172e+00, 9.985e+02, 5.931e-07
9.550e-01, 5.000e-01, -1.115e+00, 1.194e+05, 0.000e+00, 1.316e-03, 0.000e+00, 2.170e+00, 9.985e+02, 5.651e-07
9.550e-01, 5.000e-01, -1.105e+00, 1.193e+05, 0.000e+00, 1.224e-03, 0.000e+00, 2.168e+00, 9.985e+02, 5.254e-07
9.550e-01, 5.000e-01, -1.095e+00, 1.192e+05, 0.000e+00, 1.108e-03, 0.000e+00, 2.167e+00, 9.985e+02, 4.757e-07
9.550e-01, 5.000e-01, -1.085e+00, 1.191e+05, 0.000e+00, 9.802e-04, 0.000e+00, 2.165e+00, 9.984e+02, 4.208e-07
9.550e-01, 5.000e-01, -1.075e+00, 1.190e+05, 0.000e+00, 8.605e-04, 0.000e+00, 2.163e+00, 9.984e+02, 3.694e-07
9.550e-01, 5.000e-01, -1.065e+00, 1.189e+05, 0.000e+00, 7.685e-04, 0.000e+00, 2.161e+00, 9.984e+02, 3.299e-07
9.550e-01, 5.000e-01, -1.055e+00, 1.188e+05, 0.000e+00, 7.125e-04, 0.000e+00, 2.159e+00, 9.984e+02, 3.059e-07
9.550e-01, 5.000e-01, -1.045e+00, 1.187e+05, 0.000e+00, 6.810e-04, 0.000e+00, 2.158e+00, 9.984e+02, 2.924e-07
9.550e-01, 5.000e-01, -1.035e+00, 1.186e+05, 0.000e+00, 6.591e-04, 0.000e+00, 2.156e+00, 9.984e+02, 2.830e-07
9.550e-01, 5.000e-01, -1.025e+00, 1.185e+05, 0.000e+00, 6.399e-04, 0.000e+00, 2.154e+00, 9.984e+02, 2.747e-07
9.550e-01, 5.000e-01, -1.015e+00, 1.185e+05, 0.000e+00, 6.217e-04, 0.000e+00, 2.152e+00, 9.984e+02, 2.669e-07
9.550e-01, 5.000e-01, -1.005e+00, 1.184e+05, 0.000e+00, 6.042e-04, 0.000e+00, 2.150e+00, 9.984e+02, 2.594e-07
9.550e-01, 5.000e-01, -9.950e-01, 1.183e+05, 0.000e+00, 5.878e-04, 0.000e+00, 2.149e+00, 9.984e+02, 2.523e-07
9.550e-01, 5.000e-01, -9.850e-01, 1.182e+05, 0.000e+00, 5.726e-04, 0.000e+00, 2.147e+00, 9.984e+02, 2.458e-07
9.550e-01, 5.000e-01, -9.750e-01, 1.181e+05, 0.000e+00, 5.588e-04, 0.000e+00, 2.145e+00, 9.984e+02, 2.399e-07
9.550e-01, 5.000e-01, -9.650e-01, 1.180e+05, 0.000e+00, 5.463e-04, 0.000e+00, 2.143e+00, 9.984e+02, 2.345e-07
9.550e-01, 5.000e-01, -9.550e-01, 1.179e+05, 0.000e+00, 5.349e-04, 0.000e+00, 2.141e+00, 9.984e+02, 2.296e-07
9.550e-01, 5.000e-01, -9.450e-01, 1.178e+05, 0.000e+00, 5.247e-04, 0.000e+00, 2.140e+00, 9.984e+02, 2.252e-07
9.550e-01, 5.000e-01, -9.350e-01, 1.177e+05, 0.000e+00, 5.155e-04, 0.000e+00, 2.138e+00, 9.984e+02, 2.213e-07
9.550e-01, 5.000e-01, -9.250e-01, 1.176e+05, 0.000e+00, 5.073e-04, 0.000e+00, 2.136e+00, 9.984e+02, 2.178e-07
9.550e-01, 5.000e-01, -9.150e-01, 1.175e+05, 0.000e+00, 5.002e-04, 0.000e+00, 2.134e+00, 9.984e+02, 2.147e-07
9.550e-01, 5.000e-01, -9.050e-01, 1.174e+05, 0.000e+00, 4.941e-04, 0.000e+00, 2.132e+00, 9.984e+02, 2.121e-07
9.550e-01, 5.000e-01, -8.950e-01, 1.173e+05, 0.000e+00, 4.889e-04, 0.000e+00, 2.131e+00, 9.984e+02, 2.099e-07
9.550e-01, 5.000e-01, -8.850e-01, 1.172e+05, 0.000e+00, 4.838e-04, 0.000e+00, 2.129e+00, 9.984e+02, 2.077e-07
9.550e-01, 5.000e-01, -8.750e-01, 1.171e+05, 0.000e+00, 4.775e-04, 0.000e+00, 2.127e+00, 9.983e+02, 2.050e-07
9.550e-01, 5.000e-01, -8.650e-01, 1.170e+05, 0.000e+00, 4.671e-04, 0.000e+00, 2.125e+00, 9.983e+02, 2.005e-07
9.550e-01, 5.000e-01, -8.550e-01, 1.169e+05, 0.000e+00, 4.510e-04, 0.000e+00, 2.124e+00, 9.983e+02, 1.936e-07
9.550e-01, 5.000e-01, -8.450e-01, 1.168e+05, 0.000e+00, 4.305e-04, 0.000e+00, 2.122e+00, 9.983e+02, 1.848e-07
9.550e-01, 5.000e-01, -8.350e-01, 1.167e+05, 0.000e+00, 4.085e-04, 0.000e+00, 2.120e+00, 9.983e+02, 1.754e-07
9.550e-01, 5.000e-01, -8.250e-01, 1.166e+05, 0.000e+00, 3.869e-04, 0.000e+00, 2.118e+00, 9.983e+02, 1.661e-07
9.550e-01, 5.000e-01, -8.150e-01, 1.165e+05, 0.000e+00, 3.669e-04, 0.000e+00, 2.116e+00, 9.983e+02, 1.575e-07
9.550e-01, 5.000e-01, -8.050e-01, 1.164e+05, 0.000e+00, 3.490e-04, 0.000e+00, 2.115e+00, 9.983e+02, 1.498e-07
9.550e-01, 5.000e-01, -7.950e-01, 1.163e+05, 0.000e+00, 3.332e-04, 0.000e+00, 2.113e+00, 9.983e+02, 1.431e-07
9.550e-01, 5.000e-01, -7.850e-01, 1.162e+05, 0.000e+00, 3.198e-04, 0.000e+00, 2.111e+00, 9.983e+02, 1.373e-07
9.550e-01, 5.000e-01, -7.750e-01, 1.161e+05, 0.000e+00, 3.113e-04, 0.000e+00, 2.109e+00, 9.983e+02, 1.336e-07
9.550e-01, 5.000e-01, -7.650e-01, 1.160e+05, 0.000e+00, 3.186e-04, 0.000e+00, 2.107e+00, 9.983e+02, 1.368e-07
9.550e-01, 5.000e-01, -7.550e-01, 1.159e+05, 0.000e+00, 3.739e-04, 0.000e+00, 2.106e+00, 9.983e+02, 1.605e-07
9.550e-01, 5.000e-01, -7.450e-01, 1.158e+05, 0.000e+00, 5.476e-04, 0.000e+00, 2.104e+00, 9.984e+02, 2.371e-07
9.550e-01, 5.000e-01, -7.350e-01, 1.172e+05, 0.000e+00, 6.451e-04, 0.000e+00, 2.129e+00, 9.984e+02, 2.834e-07
9.550e-01, 5.000e-01, -7.250e-01, 1.171e+05, 0.000e+00, 5.565e-04, 0.000e+00, 2.127e+00, 9.984e+02, 2.445e-07
9.550e-01, 5.000e-01, -7.150e-01, 1.170e+05, 0.000e+00, 4.161e-04, 0.000e+00, 2.126e+00, 9.983e+02, 1.828e-07
9.550e-01, 5.000e-01, -7.050e-01, 1.169e+05, 0.000e+00, 2.884e-04, 0.000e+00, 2.124e+00, 9.983e+02, 1.267e-07
9.550e-01, 5.000e-01, -6.950e-01, 1.168e+05, 0.000e+00, 1.885e-04, 0.000e+00, 2.122e+00, 9.983e+02, 8.279e-08
9.550e-01, 5.000e-01, -6.850e-01, 1.167e+05, 0.000e+00, 1.163e-04, 0.000e+00, 2.120e+00, 9.983e+02, 5.110e-08
9.550e-01, 5.000e-01, -6.750e-01, 1.166e+05, 0.000e+00, 6.772e-05, 0.000e+00, 2.119e+00, 9.983e+02, 2.975e-08
9.550e-01, 5.000e-01, -6.650e-01, 1.165e+05, 0.000e+00, 3.720e-05, 0.000e+00, 2.117e+00, 9.983e+02, 1.634e-08
9.550e-01, 5.000e-01, -6.550e-01, 1.164e+05, 0.000e+00, 1.937e-05, 0.000e+00, 2.115e+00, 9.983e+02, 8.507e-09
9.550e-01, 5.000e-01, -6.450e-01, 1.163e+05, 0.000e+00, 9.800e-06, 0.000e+00, 2.113e+00, 9.983e+02, 4.305e-09
9.550e-01, 5.000e-01, -6.350e-01, 1.162e+05, 0.000e+00, 5.592e-06, 0.000e+00, 2.111e+00, 9.983e+02, 2.456e-09
9.550e-01, 5.000e-01, -6.250e-01, 1.161e+05, 0.000e+00, 5.770e-06, 0.000e+00, 2.110e+00, 9.983e+02, 2.534e-09
9.550e-01, 5.000e-01, -6.150e-01, 1.160e+05, 0.000e+00, 1.210e-05, 0.000e+00, 2.108e+00, 9.983e+02, 5.314e-09
9.550e-01, 5.000e-01, -6.050e-01, 1.159e+05, 0.000e+00, 3.086e-05, 0.000e+00, 2.106e+00, 9.983e+02, 1.355e-08
9.550e-01, 5.000e-01, -5.950e-01, 1.158e+05, 0.000e+00, 7.648e-05, 0.000e+00, 2.104e+00, 9.983e+02, 3.359e-08
9.550e-01, 5.000e-01, -5.850e-01, 1.143e+05, 0.000e+00, 1.779e-04, 0.000e+00, 2.075e+00, 9.983e+02, 7.906e-08
9.550e-01, 5.000e-01, -5.750e-01, 1.142e+05, 0.000e+00, 3.223e-04, 0.000e+00, 2.074e+00, 9.983e+02, 1.448e-07
9.550e-01, 5.000e-01, -5.650e-01, 1.141e+05, 0.000e+00, 3.822e-04, 0.000e+00, 2.072e+00, 9.983e+02, 1.717e-07
9.550e-01, 5.000e-01, -5.550e-01, 1.140e+05, 0.000e+00, 3.913e-04, 0.000e+00, 2.070e+00, 9.983e+02, 1.758e-07
9.550e-01, 5.000e-01, -5.450e-01, 1.139e+05, 0.000e+00, 3.722e-04, 0.000e+00, 2.068e+00, 9.983e+02, 1.672e-07
9.550e-01, 5.000e-01, -5.350e-01, 1.138e+05, 0.000e+00, 3.389e-04, 0.000e+00, 2.067e+00, 9.983e+02, 1.522e-07
9.550e-01, 5.000e-01, -5.250e-01, 1.137e+05, 0.000e+00, 2.986e-04, 0.000e+00, 2.065e+00, 9.983e+02, 1.342e-07
9.550e-01, 5.000e-01, -5.150e-01, 1.136e+05, 0.000e+00, 2.636e-04, 0.000e+00, 2.063e+00, 9.983e+02, 1.184e-07
9.550e-01, 5.000e-01, -5.050e-01, 1.135e+05, 0.000e+00, 2.343e-04, 0.000e+00, 2.061e+00, 9.983e+02, 1.052e-07
9.550e-01, 5.000e-01, -4.950e-01, 1.134e+05, 0.000e+00, 2.083e-04, 0.000e+00, 2.059e+00, 9.983e+02, 9.359e-08
9.550e-01, 5.000e-01, -4.850e-01, 1.133e+05, 0.000e+00, 1.843e-04, 0.000e+00, 2.058e+00, 9.983e+02, 8.281e-08
9.550e-01, 5.000e-01, -4.750e-01, 1.132e+05, 0.000e+00, 1.615e-04, 0.000e+00, 2.056e+00, 9.983e+02, 7.246e-08
9.550e-01, 5.000e-01, -4.650e-01, 1.132e+05, 0.000e+00, 1.397e-04, 0.000e+00, 2.055e+00, 9.983e+02, 6.136e-08
9.550e-01, 5.000e-01, -4.550e-01, 1.131e+05, 0.000e+00, 1.193e-04, 0.000e+00, 2.054e+00, 9.983e+02, 5.232e-08
9.550e-01, 5.000e-01, -4.450e-01, 1.129e+05, 0.000e+00, 1.034e-04, 0.000e+00, 2.050e+00, 9.983e+02, 4.440e-08
9.550e-01, 5.000e-01, -4.350e-01, 1.128e+05, 0.000e+00, 8.949e-05, 0.000e+00, 2.048e+00, 9.983e+02, 3.841e-08
9.550e-01, 5.000e-01, -4.250e-01, 1.127e+05, 0.000e+00, 7.575e-05, 0.000e+00, 2.047e+00, 9.983e+02, 3.251e-08
9.550e-01, 5.000e-01, -4.150e-01, 1.126e+05, 0.000e+00, 6.235e-05, 0.000e+00, 2.045e+00, 9.983e+02, 2.676e-08
9.550e-01, 5.000e-01, -4.050e-01, 1.125e+05, 0.000e+00, 4.993e-05, 0.000e+00, 2.043e+00, 9.983e+02, 2.143e-08
9.550e-01, 5.000e-01, -3.950e-01, 1.124e+05, 0.000e+00, 3.878e-05, 0.000e+00, 2.041e+00, 9.983e+02, 1.665e-08
9.550e-01, 5.000e-01, -3.850e-01, 1.123e+05, 0.000e+00, 2.920e-05, 0.000e+00, 2.039e+00, 9.983e+02, 1.254e-08
9.550e-01, 5.000e-01, -3.750e-01, 1.122e+05, 0.000e+00, 2.135e-05, 0.000e+00, 2.038e+00, 9.983e+02, 9.165e-09
9.550e-01, 5.000e-01, -3.650e-01, 1.121e+05, 0.000e+00, 1.523e-05, 0.000e+00, 2.036e+00, 9.983e+02, 6.540e-09
9.550e-01, 5.000e-01, -3.550e-01, 1.120e+05, 0.000e+00, 1.066e-05, 0.000e+00, 2.034e+00, 9.983e+02, 4.676e-09
9.550e-01, 5.000e-01, -3.450e-01, 1.119e+05, 0.000e+00, 7.534e-06, 0.000e+00, 2.033e+00, 9.983e+02, 3.385e-09
9.550e-01, 5.000e-01, -3.350e-01, 1.118e+05, 0.000e+00, 5.648e-06, 0.000e+00, 2.031e+00, 9.983e+02, 2.537e-09
9.550e-01, 5.000e-01, -3.250e-01, 1.117e+05, 0.000e+00, 4.558e-06, 0.000e+00, 2.029e+00, 9.983e+02, 2.048e-09
9.550e-01, 5.000e-01, -3.150e-01, 1.116e+05, 0.000e+00, 3.910e-06, 0.000e+00, 2.027e+00, 9.983e+02, 1.757e-09
9.550e-01, 5.000e-01, -3.050e-01, 1.115e+05, 0.000e+00, 3.459e-06, 0.000e+00, 2.025e+00, 9.983e+02, 1.554e-09
9.550e-01, 5.000e-01, -2.950e-01, 1.114e+05, 0.000e+00, 3.064e-06, 0.000e+00, 2.024e+00, 9.983e+02, 1.376e-09
9.550e-01, 5.000e-01, -2.850e-01, 1.113e+05, 0.000e+00, 2.668e-06, 0.000e+00, 2.022e+00, 9.983e+02, 1.198e-09
9.550e-01, 5.000e-01, -2.750e-01, 1.112e+05, 0.000e+00, 2.289e-06, 0.000e+00, 2.020e+00, 9.983e+02, 1.028e-09
9.550e-01, 5.000e-01, -2.650e-01, 1.112e+05, 0.000e+00, 2.100e-06, 0.000e+00, 2.020e+00, 9.983e+02, 9.275e-10
9.550e-01, 5.000e-01, -2.550e-01, 1.111e+05, 0.000e+00, 1.893e-06, 0.000e+00, 2.018e+00, 9.983e+02, 8.313e-10
9.550e-01, 5.000e-01, -2.450e-01, 1.110e+05, 0.000e+00, 1.630e-06, 0.000e+00, 2.016e+00, 9.983e+02, 7.159e-10
9.550e-01, 5.000e-01, -2.350e-01, 1.109e+05, 0.000e+00, 1.335e-06, 0.000e+00, 2.014e+00, 9.983e+02, 5.862e-10
9.550e-01, 5.000e-01, -2.250e-01, 1.108e+05, 0.000e+00, 1.041e-06, 0.000e+00, 2.012e+00, 9.983e+02, 4.571e-10
9.550e-01, 5.000e-01, -2.150e-01, 1.107e+05, 0.000e+00, 7.822e-07, 0.000e+00, 2.011e+00, 9.983e+02, 3.436e-10
9.550e-01, 5.000e-01, -2.050e-01, 1.106e+05, 0.000e+00, 6.264e-07, 0.000e+00, 2.009e+00, 9.983e+02, 2.751e-10
9.550e-01, 5.000e-01, -1.950e-01, 1.107e+05, 0.000e+00, 7.041e-07, 0.000e+00, 2.011e+00, 9.983e+02, 3.027e-10
9.550e-01, 5.000e-01, -1.850e-01, 1.106e+05, 0.000e+00, 1.283e-06, 0.000e+00, 2.009e+00, 9.983e+02, 5.506e-10
9.550e-01, 5.000e-01, -1.750e-01, 1.105e+05, 0.000e+00, 3.035e-06, 0.000e+00, 2.007e+00, 9.983e+02, 1.303e-09
9.550e-01, 5.000e-01, -1.650e-01, 1.104e+05, 0.000e+00, 7.454e-06, 0.000e+00, 2.005e+00, 9.983e+02, 3.200e-09
9.550e-01, 5.000e-01, -1.550e-01, 1.103e+05, 0.000e+00, 1.732e-05, 0.000e+00, 2.004e+00, 9.983e+02, 7.435e-09
9.550e-01, 5.000e-01, -1.450e-01, 1.102e+05, 0.000e+00, 3.397e-05, 0.000e+00, 2.002e+00, 9.983e+02, 1.458e-08
9.550e-01, 5.000e-01, -1.350e-01, 1.101e+05, 0.000e+00, 5.262e-05, 0.000e+00, 2.000e+00, 9.983e+02, 2.259e-08
9.550e-01, 5.000e-01, -1.250e-01, 1.100e+05, 0.000e+00, 6.737e-05, 0.000e+00, 1.998e+00, 9.983e+02, 2.905e-08
9.550e-01, 5.000e-01, -1.150e-01, 1.111e+05, 0.000e+00, 6.939e-05, 0.000e+00, 2.018e+00, 9.983e+02, 3.048e-08
9.550e-01, 5.000e-01, -1.050e-01, 1.110e+05, 0.000e+00, 5.754e-05, 0.000e+00, 2.017e+00, 9.983e+02, 2.527e-08
9.550e-01, 5.000e-01, -9.500e-02, 1.109e+05, 0.000e+00, 3.814e-05, 0.000e+00, 2.015e+00, 9.983e+02, 1.675e-08
9.550e-01, 5.000e-01, -8.500e-02, 1.108e+05, 0.000e+00, 2.125e-05, 0.000e+00, 2.013e+00, 9.983e+02, 9.333e-09
9.550e-01, 5.000e-01, -7.500e-02, 1.107e+05, 0.000e+00, 1.034e-05, 0.000e+00, 2.011e+00, 9.983e+02, 4.544e-09
9.550e-01, 5.000e-01, -6.500e-02, 1.106e+05, 0.000e+00, 4.523e-06, 0.000e+00, 2.009e+00, 9.983e+02, 1.987e-09
9.550e-01, 5.000e-01, -5.500e-02, 1.105e+05, 0.000e+00, 1.811e-06, 0.000e+00, 2.008e+00, 9.983e+02, 7.956e-10
9.550e-01, 5.000e-01, -4.500e-02, 1.104e+05, 0.000e+00, 6.743e-07, 0.000e+00, 2.006e+00, 9.983e+02, 2.962e-10
9.550e-01, 5.000e-01, -3.500e-02, 1.103e+05, 0.000e+00, 2.358e-07, 0.000e+00, 2.004e+00, 9.983e+02, 1.036e-10
9.550e-01, 5.000e-01, -2.500e-02, 1.102e+05, 0.000e+00, 7.828e-08, 0.000e+00, 2.002e+00, 9.983e+02, 3.438e-11
9.550e-01, 5.000e-01, -1.500e-02, 1.101e+05, 0.000e+00, 2.524e-08, 0.000e+00, 2.000e+00, 9.983e+02, 1.109e-11
9.550e-01, 5.000e-01, -5.000e-03, 1.100e+05, 0.000e+00, 9.219e-09, 0.000e+00, 1.999e+00, 9.983e+02, 4.049e-12
9.650e-01, 5.000e-01, -1.195e+00, 1.202e+05, 0.000e+00, 1.002e-13, 0.000e+00, 2.184e+00, 9.983e+02, 2.000e-17
9.650e-01, 5.000e-01, -1.185e+00, 1.201e+05, 0.000e+00, 1.002e-13, 0.000e+00, 2.182e+00, 9.983e+02, 2.000e-17
9.650e-01, 5.000e-01, -1.175e+00, 1.200e+05, 0.000e+00, 1.002e-13, 0.000e+00, 2.181e+00, 9.983e+02, 2.000e-17
9.650e-01, 5.000e-01, -1.165e+00, 1.199e+05, 0.000e+00, 8.494e-12, 0.000e+00, 2.179e+00, 9.983e+02, 1.696e-15
9.650e-01, 5.000e-01, -1.155e+00, 1.198e+05, 0.000e+00, 1.431e-03, 0.000e+00, 2.177e+00, 9.985e+02, 4.770e-07
9.650e-01, 5.000e-01, -1.145e+00, 1.197e+05, 0.000e+00, 1.433e-03, 0.000e+00, 2.175e+00, 9.985e+02, 6.154e-07
9.650e-01, 5.000e-01, -1.135e+00, 1.196e+05, 0.000e+00, 1.417e-03, 0.000e+00, 2.174e+00, 9.985e+02, 6.083e-07
9.650e-01, 5.000e-01, -1.125e+00, 1.195e+05, 0.000e+00, 1.378e-03, 0.000e+00, 2.172e+00, 9.985e+02, 5.916e-07
9.650e-01, 5.000e-01, -1.115e+00, 1.194e+05, 0.000e+00, 1.313e-03, 0.000e+00, 2.170e+00, 9.985e+02, 5.639e-07
9.650e-01, 5.000e-01, -1.105e+00, 1.193e+05, 0.000e+00, 1.222e-03, 0.000e+00, 2.168e+00, 9.985e+02, 5.246e-07
9.650e-01, 5.000e-01, -1.095e+00, 1.192e+05, 0.000e+00, 1.107e-03, 0.000e+00, 2.167e+00, 9.985e+02, 4.752e-07
9.650e-01, 5.000e-01, -1.085e+00, 1.191e+05, 0.000e+00, 9.802e-04, 0.000e+00, 2.165e+00, 9.984e+02, 4.208e-07
9.650e-01, 5.000e-01, -1.075e+00, 1.190e+05, 0.000e+00, 8.630e-04, 0.000e+00, 2.163e+00, 9.984e+02, 3.705e-07
9.650e-01, 5.000e-01, -1.065e+00, 1.189e+05, 0.000e+00, 7.721e-04, 0.000e+00, 2.161e+00, 9.984e+02, 3.315e-07
9.650e-01, 5.000e-01, -1.055e+00, 1.188e+05, 0.000e+00, 7.136e-04, 0.000e+00, 2.159e+00, 9.984e+02, 3.064e-07
9.650e-01, 5.000e-01, -1.045e+00, 1.187e+05, 0.000e+00, 6.793e-04, 0.000e+00, 2.158e+00, 9.984e+02, 2.916e-07
9.650e-01, 5.000e-01, -1.035e+00, 1.186e+05, 0.000e+00, 6.560e-04, 0.000e+00, 2.156e+00, 9.984e+02, 2.816e-07
9.650e-01, 5.000e-01, -1.025e+00, 1.185e+05, 0.000e+00, 6.361e-04, 0.000e+00, 2.154e+00, 9.984e+02, 2.731e-07
9.650e-01, 5.000e-01, -1.015e+00, 1.185e+05, 0.000e+00, 6.174e-04, 0.000e+00, 2.152e+00, 9.984e+02, 2.651e-07
9.650e-01, 5.000e-01, -1.005e+00, 1.184e+05, 0.000e+00, 5.998e-04, 0.000e+00, 2.150e+00, 9.984e+02, 2.575e-07
9.650e-01, 5.000e-01, -9.950e-01, 1.183e+05, 0.000e+00, 5.835e-04, 0.000e+00, 2.149e+00, 9.984e+02, 2.505e-07
9.650e-01, 5.000e-01, -9.850e-01, 1.182e+05, 0.000e+00, 5.686e-04, 0.000e+00, 2.147e+00, 9.984e+02, 2.441e-07
9.650e-01, 5.000e-01, -9.750e-01, 1.181e+05, 0.000e+00, 5.551e-04, 0.000e+00, 2.145e+00, 9.984e+02, 2.383e-07
9.650e-01, 5.000e-01, -9.650e-01, 1.180e+05, 0.000e+00, 5.427e-04, 0.000e+00, 2.143e+00, 9.984e+02, 2.330e-07
9.650e-01, 5.000e-01, -9.550e-01, 1.179e+05, 0.000e+00, 5.315e-04, 0.000e+00, 2.141e+00, 9.984e+02, 2.282e-07
9.650e-01, 5.000e-01, -9.450e-01, 1.178e+05, 0.000e+00, 5.214e-04, 0.000e+00, 2.140e+00, 9.984e+02, 2.238e-07
9.650e-01, 5.000e-01, -9.350e-01, 1.177e+05, 0.000e+00, 5.122e-04, 0.000e+00, 2.138e+00, 9.984e+02, 2.199e-07
9.650e-01, 5.000e-01, -9.250e-01, 1.176e+05, 0.000e+00, 5.041e-04, 0.000e+00, 2.136e+00, 9.984e+02, 2.164e-07
9.650e-01, 5.000e-01, -9.150e-01, 1.175e+05, 0.000e+00, 4.970e-04, 0.000e+00, 2.134e+00, 9.984e+02, 2.134e-07
9.650e-01, 5.000e-01, -9.050e-01, 1.174e+05, 0.000e+00, 4.909e-04, 0.000e+00, 2.132e+00, 9.984e+02, 2.107e-07
9.650e-01, 5.000e-01, -8.950e-01, 1.173e+05, 0.000e+00, 4.857e-04, 0.000e+00, 2.131e+00, 9.984e+02, 2.085e-07
9.650e-01, 5.000e-01, -8.850e-01, 1.172e+05, 0.000e+00, 4.811e-04, 0.000e+00, 2.129e+00, 9.984e+02, 2.065e-07
9.650e-01, 5.000e-01, -8.750e-01, 1.171e+05, 0.000e+00, 4.766e-04, 0.000e+00, 2.127e+00, 9.983e+02, 2.046e-07
9.650e-01, 5.000e-01, -8.650e-01, 1.170e+05, 0.000e+00, 4.703e-04, 0.000e+00, 2.125e+00, 9.983e+02, 2.019e-07
9.650e-01, 5.000e-01, -8.550e-01, 1.169e+05, 0.000e+00, 4.595e-04, 0.000e+00, 2.124e+00, 9.983e+02, 1.973e-07
9.650e-01, 5.000e-01, -8.450e-01, 1.168e+05, 0.000e+00, 4.426e-04, 0.000e+00, 2.122e+00, 9.983e+02, 1.900e-07
9.650e-01, 5.000e-01, -8.350e-01, 1.167e+05, 0.000e+00, 4.214e-04, 0.000e+00, 2.120e+00, 9.983e+02, 1.809e-07
9.650e-01, 5.000e-01, -8.250e-01, 1.166e+05, 0.000e+00, 3.988e-04, 0.000e+00, 2.118e+00, 9.983e+02, 1.712e-07
9.650e-01, 5.000e-01, -8.150e-01, 1.165e+05, 0.000e+00, 3.771e-04, 0.000e+00, 2.116e+00, 9.983e+02, 1.619e-07
9.650e-01, 5.000e-01, -8.050e-01, 1.164e+05, 0.000e+00, 3.572e-04, 0.000e+00, 2.115e+00, 9.983e+02, 1.533e-07
9.650e-01, 5.000e-01, -7.950e-01, 1.163e+05, 0.000e+00, 3.395e-04, 0.000e+00, 2.113e+00, 9.983e+02, 1.458e-07
9.650e-01, 5.000e-01, -7.850e-01, 1.162e+05, 0.000e+00, 3.244e-04, 0.000e+00, 2.111e+00, 9.983e+02, 1.393e-07
9.650e-01, 5.000e-01, -7.750e-01, 1.161e+05, 0.000e+00, 3.144e-04, 0.000e+00, 2.109e+00, 9.983e+02, 1.350e-07
9.650e-01, 5.000e-01, -7.650e-01, 1.160e+05, 0.000e+00, 3.206e-04, 0.000e+00, 2.107e+00, 9.983e+02, 1.376e-07
9.650e-01, 5.000e-01, -7.550e-01, 1.159e+05, 0.000e+00, 3.769e-04, 0.000e+00, 2.106e+00, 9.983e+02, 1.618e-07
9.650e-01, 5.000e-01, -7.450e-01, 1.158e+05, 0.000e+00, 5.532e-04, 0.000e+00, 2.104e+00, 9.984e+02, 2.393e-07
9.650e-01, 5.000e-01, -7.350e-01, 1.172e+05, 0.000e+00, 6.626e-04, 0.000e+00, 2.129e+00, 9.984e+02, 2.911e-07
9.650e-01, 5.000e-01, -7.250e-01, 1.171e+05, 0.000e+00, 5.714e-04, 0.000e+00, 2.127e+00, 9.984e+02, 2.510e-07
9.650e-01, 5.000e-01, -7.150e-01, 1.170e+05, 0.000e+00, 4.269e-04, 0.000e+00, 2.126e+00, 9.983e+02, 1.875e-07
9.650e-01, 5.000e-01, -7.050e-01, 1.169e+05, 0.000e+00, 2.961e-04, 0.000e+00, 2.124e+00, 9.983e+02, 1.301e-07
9.650e-01, 5.000e-01, -6.950e-01, 1.168e+05, 0.000e+00, 1.940e-04, 0.000e+00, 2.122e+00, 9.983e+02, 8.520e-08
9.650e-01, 5.000e-01, -6.850e-01, 1.167e+05, 0.000e+00, 1.200e-04, 0.000e+00, 2.120e+00, 9.983e+02, 5.269e-08
9.650e-01, 5.000e-01, -6.750e-01, 1.166e+05, 0.000e+00, 6.992e-05, 0.000e+00, 2.119e+00, 9.983e+02, 3.071e-08
9.650e-01, 5.000e-01, -6.650e-01, 1.165e+05, 0.000e+00, 3.841e-05, 0.000e+00, 2.117e+00, 9.983e+02, 1.687e-08
9.650e-01, 5.000e-01, -6.550e-01, 1.164e+05, 0.000e+00, 1.994e-05, 0.000e+00, 2.115e+00, 9.983e+02, 8.760e-09
9.650e-01, 5.000e-01, -6.450e-01, 1.163e+05, 0.000e+00, 9.951e-06, 0.000e+00, 2.113e+00, 9.983e+02, 4.371e-09
9.650e-01, 5.000e-01, -6.350e-01, 1.162e+05, 0.000e+00, 5.324e-06, 0.000e+00, 2.111e+00, 9.983e+02, 2.339e-09
9.650e-01, 5.000e-01, -6.250e-01, 1.161e+05, 0.000e+00, 4.867e-06, 0.000e+00, 2.110e+00, 9.983e+02, 2.138e-09
9.650e-01, 5.000e-01, -6.150e-01, 1.160e+05, 0.000e+00, 1.038e-05, 0.000e+00, 2.108e+00, 9.983e+02, 4.561e-09
9.650e-01, 5.000e-01, -6.050e-01, 1.159e+05, 0.000e+00, 2.958e-05, 0.000e+00, 2.106e+00, 9.983e+02, 1.299e-08
9.650e-01, 5.000e-01, -5.950e-01, 1.158e+05, 0.000e+00, 8.121e-05, 0.000e+00, 2.104e+00, 9.983e+02, 3.567e-08
9.650e-01, 5.000e-01, -5.850e-01, 1.157e+05, 0.000e+00, 1.959e-04, 0.000e+00, 2.102e+00, 9.983e+02, 8.675e-08
9.650e-01, 5.000e-01, -5.750e-01, 1.142e+05, 0.000e+00, 3.486e-04, 0.000e+00, 2.074e+00, 9.983e+02, 1.566e-07
9.650e-01, 5.000e-01, -5.650e-01, 1.141e+05, 0.000e+00, 4.144e-04, 0.000e+00, 2.072e+00, 9.983e+02, 1.862e-07
9.650e-01, 5.000e-01, -5.550e-01, 1.140e+05, 0.000e+00, 4.320e-04, 0.000e+00, 2.070e+00, 9.983e+02, 1.941e-07
9.650e-01, 5.000e-01, -5.450e-01, 1.139e+05, 0.000e+00, 4.176e-04, 0.000e+00, 2.068e+00, 9.983e+02, 1.876e-07
9.650e-01, 5.000e-01, -5.350e-01, 1.138e+05, 0.000e+00, 3.842e-04, 0.000e+00, 2.067e+00, 9.983e+02, 1.726e-07
9.650e-01, 5.000e-01, -5.250e-01, 1.137e+05, 0.000e+00, 3.421e-04, 0.000e+00, 2.065e+00, 9.983e+02, 1.537e-07
9.650e-01, 5.000e-01, -5.150e-01, 1.136e+05, 0.000e+00, 2.968e-04, 0.000e+00, 2.063e+00, 9.983e+02, 1.333e-07
9.650e-01, 5.000e-01, -5.050e-01, 1.135e+05, 0.000e+00, 2.583e-04, 0.000e+00, 2.061e+00, 9.983e+02, 1.160e-07
9.650e-01, 5.000e-01, -4.950e-01, 1.134e+05, 0.000e+00, 2.252e-04, 0.000e+00, 2.059e+00, 9.983e+02, 1.012e-07
9.650e-01, 5.000e-01, -4.850e-01, 1.133e+05, 0.000e+00, 1.957e-04, 0.000e+00, 2.058e+00, 9.983e+02, 8.793e-08
9.650e-01, 5.000e-01, -4.750e-01, 1.132e+05, 0.000e+00, 1.690e-04, 0.000e+00, 2.056e+00, 9.983e+02, 7.590e-08
9.650e-01, 5.000e-01, -4.650e-01, 1.132e+05, 0.000e+00, 1.451e-04, 0.000e+00, 2.055e+00, 9.983e+02, 6.374e-08
9.650e-01, 5.000e-01, -4.550e-01, 1.131e+05, 0.000e+00, 1.228e-04, 0.000e+00, 2.054e+00, 9.983e+02, 5.383e-08
9.650e-01, 5.000e-01, -4.450e-01, 1.129e+05, 0.000e+00, 1.032e-04, 0.000e+00, 2.050e+00, 9.983e+02, 4.431e-08
9.650e-01, 5.000e-01, -4.350e-01, 1.128e+05, 0.000e+00, 8.703e-05, 0.000e+00, 2.048e+00, 9.983e+02, 3.736e-08
9.650e-01, 5.000e-01, -4.250e-01, 1.127e+05, 0.000e+00, 7.253e-05, 0.000e+00, 2.047e+00, 9.983e+02, 3.114e-08
9.650e-01, 5.000e-01, -4.150e-01, 1.126e+05, 0.000e+00, 5.930e-05, 0.000e+00, 2.045e+00, 9.983e+02, 2.545e-08
9.650e-01, 5.000e-01, -4.050e-01, 1.125e+05, 0.000e+00, 4.746e-05, 0.000e+00, 2.043e+00, 9.983e+02, 2.037e-08
9.650e-01, 5.000e-01, -3.950e-01, 1.124e+05, 0.000e+00, 3.703e-05, 0.000e+00, 2.041e+00, 9.983e+02, 1.590e-08
9.650e-01, 5.000e-01, -3.850e-01, 1.123e+05, 0.000e+00, 2.812e-05, 0.000e+00, 2.039e+00, 9.983e+02, 1.207e-08
9.650e-01, 5.000e-01, -3.750e-01, 1.122e+05, 0.000e+00, 2.079e-05, 0.000e+00, 2.038e+00, 9.983e+02, 8.926e-09
9.650e-01, 5.000e-01, -3.650e-01, 1.121e+05, 0.000e+00, 1.503e-05, 0.000e+00, 2.036e+00, 9.983e+02, 6.451e-09
9.650e-01, 5.000e-01, -3.550e-01, 1.120e+05, 0.000e+00, 1.055e-05, 0.000e+00, 2.034e+00, 9.983e+02, 4.638e-09
9.650e-01, 5.000e-01, -3.450e-01, 1.119e+05, 0.000e+00, 7.354e-06, 0.000e+00, 2.033e+00, 9.983e+02, 3.303e-09
9.650e-01, 5.000e-01, -3.350e-01, 1.118e+05, 0.000e+00, 5.307e-06, 0.000e+00, 2.031e+00, 9.983e+02, 2.384e-09
9.650e-01, 5.000e-01, -3.250e-01, 1.117e+05, 0.000e+00, 4.018e-06, 0.000e+00, 2.029e+00, 9.983e+02, 1.805e-09
9.650e-01, 5.000e-01, -3.150e-01, 1.116e+05, 0.000e+00, 3.190e-06, 0.000e+00, 2.027e+00, 9.983e+02, 1.433e-09
9.650e-01, 5.000e-01, -3.050e-01, 1.115e+05, 0.000e+00, 2.617e-06, 0.000e+00, 2.025e+00, 9.983e+02, 1.176e-09
9.650e-01, 5.000e-01, -2.950e-01, 1.114e+05, 0.000e+00, 2.177e-06, 0.000e+00, 2.024e+00, 9.983e+02, 9.781e-10
9.650e-01, 5.000e-01, -2.850e-01, 1.113e+05, 0.000e+00, 1.810e-06, 0.000e+00, 2.022e+00, 9.983e+02, 8.129e-10
9.650e-01, 5.000e-01, -2.750e-01, 1.112e+05, 0.000e+00, 1.512e-06, 0.000e+00, 2.020e+00, 9.983e+02, 6.794e-10
9.650e-01, 5.000e-01, -2.650e-01, 1.112e+05, 0.000e+00, 1.358e-06, 0.000e+00, 2.020e+00, 9.983e+02, 5.976e-10
9.650e-01, 5.000e-01, -2.550e-01, 1.111e+05, 0.000e+00, 1.205e-06, 0.000e+00, 2.018e+00, 9.983e+02, 5.291e-10
9.650e-01, 5.000e-01, -2.450e-01, 1.110e+05, 0.000e+00, 1.031e-06, 0.000e+00, 2.016e+00, 9.983e+02, 4.528e-10
9.650e-01, 5.000e-01, -2.350e-01, 1.109e+05, 0.000e+00, 8.426e-07, 0.000e+00, 2.014e+00, 9.983e+02, 3.701e-10
9.650e-01, 5.000e-01, -2.250e-01, 1.108e+05, 0.000e+00, 6.631e-07, 0.000e+00, 2.012e+00, 9.983e+02, 2.912e-10
9.650e-01, 5.000e-01, -2.150e-01, 1.107e+05, 0.000e+00, 5.045e-07, 0.000e+00, 2.011e+00, 9.983e+02, 2.216e-10
9.650e-01, 5.000e-01, -2.050e-01, 1.106e+05, 0.000e+00, 4.214e-07, 0.000e+00, 2.009e+00, 9.983e+02, 1.844e-10
9.650e-01, 5.000e-01, -1.950e-01, 1.107e+05, 0.000e+00, 5.239e-07, 0.000e+00, 2.011e+00, 9.983e+02, 2.249e-10
9.650e-01, 5.000e-01, -1.850e-01, 1.106e+05, 0.000e+00, 1.067e-06, 0.000e+00, 2.009e+00, 9.983e+02, 4.581e-10
9.650e-01, 5.000e-01, -1.750e-01, 1.105e+05, 0.000e+00, 2.649e-06, 0.000e+00, 2.007e+00, 9.983e+02, 1.137e-09
9.650e-01, 5.000e-01, -1.650e-01, 1.104e+05, 0.000e+00, 6.704e-06, 0.000e+00, 2.005e+00, 9.983e+02, 2.878e-09
9.650e-01, 5.000e-01, -1.550e-01, 1.103e+05, 0.000e+00, 1.752e-05, 0.000e+00, 2.004e+00, 9.983e+02, 7.520e-09
9.650e-01, 5.000e-01, -1.450e-01, 1.102e+05, 0.000e+00, 3.744e-05, 0.000e+00, 2.002e+00, 9.983e+02, 1.603e-08
9.650e-01, 5.000e-01, -1.350e-01, 1.101e+05, 0.000e+00, 6.620e-05, 0.000e+00, 2.000e+00, 9.983e+02, 2.499e-08
9.650e-01, 5.000e-01, -1.250e-01, 1.100e+05, 0.000e+00, 8.187e-05, 0.000e+00, 1.998e+00, 9.983e+02, 2.859e-08
9.650e-01, 5.000e-01, -1.150e-01, 1.111e+05, 0.000e+00, 7.223e-05, 0.000e+00, 2.018e+00, 9.983e+02, 3.172e-08
9.650e-01, 5.000e-01, -1.050e-01, 1.110e+05, 0.000e+00, 5.539e-05, 0.000e+00, 2.017e+00, 9.983e+02, 2.433e-08
9.650e-01, 5.000e-01, -9.500e-02, 1.109e+05, 0.000e+00, 3.523e-05, 0.000e+00, 2.015e+00, 9.983e+02, 1.548e-08
9.650e-01, 5.000e-01, -8.500e-02, 1.108e+05, 0.000e+00, 1.915e-05, 0.000e+00, 2.013e+00, 9.983e+02, 8.412e-09
9.650e-01, 5.000e-01, -7.500e-02, 1.107e+05, 0.000e+00, 9.178e-06, 0.000e+00, 2.011e+00, 9.983e+02, 4.031e-09
9.650e-01, 5.000e-01, -6.500e-02, 1.106e+05, 0.000e+00, 3.970e-06, 0.000e+00, 2.009e+00, 9.983e+02, 1.744e-09
9.650e-01, 5.000e-01, -5.500e-02, 1.105e+05, 0.000e+00, 1.578e-06, 0.000e+00, 2.008e+00, 9.983e+02, 6.930e-10
9.650e-01, 5.000e-01, -4.500e-02, 1.104e+05, 0.000e+00, 5.834e-07, 0.000e+00, 2.006e+00, 9.983e+02, 2.562e-10
9.650e-01, 5.000e-01, -3.500e-02, 1.103e+05, 0.000e+00, 2.028e-07, 0.000e+00, 2.004e+00, 9.983e+02, 8.906e-11
9.650e-01, 5.000e-01, -2.500e-02, 1.102e+05, 0.000e+00, 6.684e-08, 0.000e+00, 2.002e+00, 9.983e+02, 2.936e-11
9.650e-01, 5.000e-01, -1.500e-02, 1.101e+05, 0.000e+00, 2.140e-08, 0.000e+00, 2.000e+00, 9.983e+02, 9.398e-12
9.650e-01, 5.000e-01, -5.000e-03, 1.100e+05, 0.000e+00, 7.738e-09, 0.000e+00, 1.999e+00, 9.983e+02, 3.399e-12
9.750e-01, 5.000e-01, -1.195e+00, 1.202e+05, 0.000e+00, 1.002e-13, 0.000e+00, 2.184e+00, 9.983e+02, 2.000e-17
9.750e-01, 5.000e-01, -1.185e+00, 1.201e+05, 0.000e+00, 1.002e-13, 0.000e+00, 2.182e+00, 9.983e+02, 2.000e-17
9.750e-01, 5.000e-01, -1.175e+00, 1.200e+05, 0.000e+00, 1.002e-13, 0.000e+00, 2.181e+00, 9.983e+02, 2.000e-17
9.750e-01, 5.000e-01, -1.165e+00, 1.199e+05, 0.000e+00, 1.003e-13, 0.000e+00, 2.179e+00, 9.983e+02, 2.003e-17
9.750e-01, 5.000e-01, -1.155e+00, 1.198e+05, 0.000e+00, 5.724e-08, 0.000e+00, 2.177e+00, 9.983e+02, 1.667e-11
9.750e-01, 5.000e-01, -1.145e+00, 1.197e+05, 0.000e+00, 1.432e-03, 0.000e+00, 2.175e+00, 9.985e+02, 6.150e-07
9.750e-01, 5.000e-01, -1.135e+00, 1.196e+05, 0.000e+00, 1.413e-03, 0.000e+00, 2.174e+00, 9.985e+02, 6.067e-07
9.750e-01, 5.000e-01, -1.125e+00, 1.195e+05, 0.000e+00, 1.374e-03, 0.000e+00, 2.172e+00, 9.985e+02, 5.900e-07
9.750e-01, 5.000e-01, -1.115e+00, 1.194e+05, 0.000e+00, 1.311e-03, 0.000e+00, 2.170e+00, 9.985e+02, 5.627e-07
9.750e-01, 5.000e-01, -1.105e+00, 1.193e+05, 0.000e+00, 1.220e-03, 0.000e+00, 2.168e+00, 9.985e+02, 5.238e-07
9.750e-01, 5.000e-01, -1.095e+00, 1.192e+05, 0.000e+00, 1.106e-03, 0.000e+00, 2.167e+00, 9.985e+02, 4.747e-07
9.750e-01, 5.000e-01, -1.085e+00, 1.191e+05, 0.000e+00, 9.805e-04, 0.000e+00, 2.165e+00, 9.984e+02, 4.210e-07
9.750e-01, 5.000e-01, -1.075e+00, 1.190e+05, 0.000e+00, 8.652e-04, 0.000e+00, 2.163e+00, 9.984e+02, 3.714e-07
9.750e-01, 5.000e-01, -1.065e+00, 1.189e+05, 0.000e+00, 7.753e-04, 0.000e+00, 2.161e+00, 9.984e+02, 3.329e-07
9.750e-01, 5.000e-01, -1.055e+00, 1.188e+05, 0.000e+00, 7.150e-04, 0.000e+00, 2.159e+00, 9.984e+02, 3.069e-07
9.750e-01, 5.000e-01, -1.045e+00, 1.187e+05, 0.000e+00, 6.777e-04, 0.000e+00, 2.158e+00, 9.984e+02, 2.910e-07
9.750e-01, 5.000e-01, -1.035e+00, 1.186e+05, 0.000e+00, 6.524e-04, 0.000e+00, 2.156e+00, 9.984e+02, 2.801e-07
9.750e-01, 5.000e-01, -1.025e+00, 1.185e+05, 0.000e+00, 6.314e-04, 0.000e+00, 2.154e+00, 9.984e+02, 2.711e-07
9.750e-01, 5.000e-01, -1.015e+00, 1.185e+05, 0.000e+00, 6.123e-04, 0.000e+00, 2.152e+00, 9.984e+02, 2.629e-07
9.750e-01, 5.000e-01, -1.005e+00, 1.184e+05, 0.000e+00, 5.949e-04, 0.000e+00, 2.150e+00, 9.984e+02, 2.554e-07
9.750e-01, 5.000e-01, -9.950e-01, 1.183e+05, 0.000e+00, 5.791e-04, 0.000e+00, 2.149e+00, 9.984e+02, 2.486e-07
9.750e-01, 5.000e-01, -9.850e-01, 1.182e+05, 0.000e+00, 5.648e-04, 0.000e+00, 2.147e+00, 9.984e+02, 2.425e-07
9.750e-01, 5.000e-01, -9.750e-01, 1.181e+05, 0.000e+00, 5.519e-04, 0.000e+00, 2.145e+00, 9.984e+02, 2.369e-07
9.750e-01, 5.000e-01, -9.650e-01, 1.180e+05, 0.000e+00, 5.400e-04, 0.000e+00, 2.143e+00, 9.984e+02, 2.318e-07
9.750e-01, 5.000e-01, -9.550e-01, 1.179e+05, 0.000e+00, 5.291e-04, 0.000e+00, 2.141e+00, 9.984e+02, 2.271e-07
9.750e-01, 5.000e-01, -9.450e-01, 1.178e+05, 0.000e+00, 5.191e-04, 0.000e+00, 2.140e+00, 9.984e+02, 2.228e-07
9.750e-01, 5.000e-01, -9.350e-01, 1.177e+05, 0.000e+00, 5.101e-04, 0.000e+00, 2.138e+00, 9.984e+02, 2.190e-07
9.750e-01, 5.000e-01, -9.250e-01, 1.176e+05, 0.000e+00, 5.023e-04, 0.000e+00, 2.136e+00, 9.984e+02, 2.156e-07
9.750e-01, 5.000e-01, -9.150e-01, 1.175e+05, 0.000e+00, 4.957e-04, 0.000e+00, 2.134e+00, 9.984e+02, 2.128e-07
9.750e-01, 5.000e-01, -9.050e-01, 1.174e+05, 0.000e+00, 4.901e-04, 0.000e+00, 2.132e+00, 9.984e+02, 2.104e-07
9.750e-01, 5.000e-01, -8.950e-01, 1.173e+05, 0.000e+00, 4.848e-04, 0.000e+00, 2.131e+00, 9.984e+02, 2.081e-07
9.750e-01, 5.000e-01, -8.850e-01, 1.172e+05, 0.000e+00, 4.800e-04, 0.000e+00, 2.129e+00, 9.984e+02, 2.060e-07
9.750e-01, 5.000e-01, -8.750e-01, 1.171e+05, 0.000e+00, 4.754e-04, 0.000e+00, 2.127e+00, 9.983e+02, 2.041e-07
9.750e-01, 5.000e-01, -8.650e-01, 1.170e+05, 0.000e+00, 4.705e-04, 0.000e+00, 2.125e+00, 9.983e+02, 2.020e-07
9.750e-01, 5.000e-01, -8.550e-01, 1.169e+05, 0.000e+00, 4.634e-04, 0.000e+00, 2.124e+00, 9.983e+02, 1.989e-07
9.750e-01, 5.000e-01, -8.450e-01, 1.168e+05, 0.000e+00, 4.513e-04, 0.000e+00, 2.122e+00, 9.983e+02, 1.937e-07
9.750e-01, 5.000e-01, -8.350e-01, 1.167e+05, 0.000e+00, 4.331e-04, 0.000e+00, 2.120e+00, 9.983e+02, 1.859e-07
9.750e-01, 5.000e-01, -8.250e-01, 1.166e+05, 0.000e+00, 4.112e-04, 0.000e+00, 2.118e+00, 9.983e+02, 1.765e-07
9.750e-01, 5.000e-01, -8.150e-01, 1.165e+05, 0.000e+00, 3.883e-04, 0.000e+00, 2.116e+00, 9.983e+02, 1.667e-07
9.750e-01, 5.000e-01, -8.050e-01, 1.164e+05, 0.000e+00, 3.666e-04, 0.000e+00, 2.115e+00, 9.983e+02, 1.574e-07
9.750e-01, 5.000e-01, -7.950e-01, 1.163e+05, 0.000e+00, 3.470e-04, 0.000e+00, 2.113e+00, 9.983e+02, 1.489e-07
9.750e-01, 5.000e-01, -7.850e-01, 1.162e+05, 0.000e+00, 3.300e-04, 0.000e+00, 2.111e+00, 9.983e+02, 1.417e-07
9.750e-01, 5.000e-01, -7.750e-01, 1.161e+05, 0.000e+00, 3.182e-04, 0.000e+00, 2.109e+00, 9.983e+02, 1.366e-07
9.750e-01, 5.000e-01, -7.650e-01, 1.160e+05, 0.000e+00, 3.228e-04, 0.000e+00, 2.107e+00, 9.983e+02, 1.386e-07
9.750e-01, 5.000e-01, -7.550e-01, 1.159e+05, 0.000e+00, 3.775e-04, 0.000e+00, 2.106e+00, 9.983e+02, 1.621e-07
9.750e-01, 5.000e-01, -7.450e-01, 1.158e+05, 0.000e+00, 5.408e-04, 0.000e+00, 2.104e+00, 9.984e+02, 2.336e-07
9.750e-01, 5.000e-01, -7.350e-01, 1.172e+05, 0.000e+00, 6.648e-04, 0.000e+00, 2.129e+00, 9.984e+02, 2.920e-07
9.750e-01, 5.000e-01, -7.250e-01, 1.171e+05, 0.000e+00, 5.798e-04, 0.000e+00, 2.127e+00, 9.984e+02, 2.547e-07
9.750e-01, 5.000e-01, -7.150e-01, 1.170e+05, 0.000e+00, 4.359e-04, 0.000e+00, 2.126e+00, 9.983e+02, 1.915e-07
9.750e-01, 5.000e-01, -7.050e-01, 1.169e+05, 0.000e+00, 3.039e-04, 0.000e+00, 2.124e+00, 9.983e+02, 1.335e-07
9.750e-01, 5.000e-01, -6.950e-01, 1.168e+05, 0.000e+00, 2.000e-04, 0.000e+00, 2.122e+00, 9.983e+02, 8.786e-08
9.750e-01, 5.000e-01, -6.850e-01, 1.167e+05, 0.000e+00, 1.242e-04, 0.000e+00, 2.120e+00, 9.983e+02, 5.456e-08
9.750e-01, 5.000e-01, -6.750e-01, 1.166e+05, 0.000e+00, 7.263e-05, 0.000e+00, 2.119e+00, 9.983e+02, 3.190e-08
9.750e-01, 5.000e-01, -6.650e-01, 1.165e+05, 0.000e+00, 3.997e-05, 0.000e+00, 2.117e+00, 9.983e+02, 1.756e-08
9.750e-01, 5.000e-01, -6.550e-01, 1.164e+05, 0.000e+00, 2.076e-05, 0.000e+00, 2.115e+00, 9.983e+02, 9.120e-09
9.750e-01, 5.000e-01, -6.450e-01, 1.163e+05, 0.000e+00, 1.034e-05, 0.000e+00, 2.113e+00, 9.983e+02, 4.540e-09
9.750e-01, 5.000e-01, -6.350e-01, 1.162e+05, 0.000e+00, 5.506e-06, 0.000e+00, 2.111e+00, 9.983e+02, 2.419e-09
9.750e-01, 5.000e-01, -6.250e-01, 1.161e+05, 0.000e+00, 5.158e-06, 0.000e+00, 2.110e+00, 9.983e+02, 2.266e-09
9.750e-01, 5.000e-01, -6.150e-01, 1.160e+05, 0.000e+00, 1.166e-05, 0.000e+00, 2.108e+00, 9.983e+02, 5.120e-09
9.750e-01, 5.000e-01, -6.050e-01, 1.159e+05, 0.000e+00, 3.415e-05, 0.000e+00, 2.106e+00, 9.983e+02, 1.500e-08
9.750e-01, 5.000e-01, -5.950e-01, 1.158e+05, 0.000e+00, 9.263e-05, 0.000e+00, 2.104e+00, 9.983e+02, 4.069e-08
9.750e-01, 5.000e-01, -5.850e-01, 1.157e+05, 0.000e+00, 2.121e-04, 0.000e+00, 2.102e+00, 9.983e+02, 9.370e-08
9.750e-01, 5.000e-01, -5.750e-01, 1.142e+05, 0.000e+00, 3.665e-04, 0.000e+00, 2.074e+00, 9.983e+02, 1.646e-07
9.750e-01, 5.000e-01, -5.650e-01, 1.141e+05, 0.000e+00, 4.346e-04, 0.000e+00, 2.072e+00, 9.983e+02, 1.952e-07
9.750e-01, 5.000e-01, -5.550e-01, 1.140e+05, 0.000e+00, 4.567e-04, 0.000e+00, 2.070e+00, 9.983e+02, 2.052e-07
9.750e-01, 5.000e-01, -5.450e-01, 1.139e+05, 0.000e+00, 4.501e-04, 0.000e+00, 2.068e+00, 9.983e+02, 2.022e-07
9.750e-01, 5.000e-01, -5.350e-01, 1.138e+05, 0.000e+00, 4.206e-04, 0.000e+00, 2.067e+00, 9.983e+02, 1.890e-07
9.750e-01, 5.000e-01, -5.250e-01, 1.137e+05, 0.000e+00, 3.791e-04, 0.000e+00, 2.065e+00, 9.983e+02, 1.703e-07
9.750e-01, 5.000e-01, -5.150e-01, 1.136e+05, 0.000e+00, 3.324e-04, 0.000e+00, 2.063e+00, 9.983e+02, 1.493e-07
9.750e-01, 5.000e-01, -5.050e-01, 1.135e+05, 0.000e+00, 2.857e-04, 0.000e+00, 2.061e+00, 9.983e+02, 1.284e-07
9.750e-01, 5.000e-01, -4.950e-01, 1.134e+05, 0.000e+00, 2.460e-04, 0.000e+00, 2.059e+00, 9.983e+02, 1.105e-07
9.750e-01, 5.000e-01, -4.850e-01, 1.133e+05, 0.000e+00, 2.111e-04, 0.000e+00, 2.058e+00, 9.983e+02, 9.482e-08
9.750e-01, 5.000e-01, -4.750e-01, 1.132e+05, 0.000e+00, 1.802e-04, 0.000e+00, 2.056e+00, 9.983e+02, 8.093e-08
9.750e-01, 5.000e-01, -4.650e-01, 1.132e+05, 0.000e+00, 1.540e-04, 0.000e+00, 2.055e+00, 9.983e+02, 6.773e-08
9.750e-01, 5.000e-01, -4.550e-01, 1.131e+05, 0.000e+00, 1.299e-04, 0.000e+00, 2.054e+00, 9.983e+02, 5.694e-08
9.750e-01, 5.000e-01, -4.450e-01, 1.129e+05, 0.000e+00, 1.078e-04, 0.000e+00, 2.050e+00, 9.983e+02, 4.625e-08
9.750e-01, 5.000e-01, -4.350e-01, 1.128e+05, 0.000e+00, 8.935e-05, 0.000e+00, 2.048e+00, 9.983e+02, 3.835e-08
9.750e-01, 5.000e-01, -4.250e-01, 1.127e+05, 0.000e+00, 7.358e-05, 0.000e+00, 2.047e+00, 9.983e+02, 3.158e-08
9.750e-01, 5.000e-01, -4.150e-01, 1.126e+05, 0.000e+00, 5.980e-05, 0.000e+00, 2.045e+00, 9.983e+02, 2.567e-08
9.750e-01, 5.000e-01, -4.050e-01, 1.125e+05, 0.000e+00, 4.777e-05, 0.000e+00, 2.043e+00, 9.983e+02, 2.051e-08
9.750e-01, 5.000e-01, -3.950e-01, 1.124e+05, 0.000e+00, 3.736e-05, 0.000e+00, 2.041e+00, 9.983e+02, 1.604e-08
9.750e-01, 5.000e-01, -3.850e-01, 1.123e+05, 0.000e+00, 2.856e-05, 0.000e+00, 2.039e+00, 9.983e+02, 1.226e-08
9.750e-01, 5.000e-01, -3.750e-01, 1.122e+05, 0.000e+00, 2.135e-05, 0.000e+00, 2.038e+00, 9.983e+02, 9.164e-09
9.750e-01, 5.000e-01, -3.650e-01, 1.121e+05, 0.000e+00, 1.564e-05, 0.000e+00, 2.036e+00, 9.983e+02, 6.715e-09
9.750e-01, 5.000e-01, -3.550e-01, 1.120e+05, 0.000e+00, 1.109e-05, 0.000e+00, 2.034e+00, 9.983e+02, 4.892e-09
9.750e-01, 5.000e-01, -3.450e-01, 1.119e+05, 0.000e+00, 7.752e-06, 0.000e+00, 2.033e+00, 9.983e+02, 3.482e-09
9.750e-01, 5.000e-01, -3.350e-01, 1.118e+05, 0.000e+00, 5.489e-06, 0.000e+00, 2.031e+00, 9.983e+02, 2.466e-09
9.750e-01, 5.000e-01, -3.250e-01, 1.117e+05, 0.000e+00, 3.968e-06, 0.000e+00, 2.029e+00, 9.983e+02, 1.782e-09
9.750e-01, 5.000e-01, -3.150e-01, 1.116e+05, 0.000e+00, 2.933e-06, 0.000e+00, 2.027e+00, 9.983e+02, 1.318e-09
9.750e-01, 5.000e-01, -3.050e-01, 1.115e+05, 0.000e+00, 2.210e-06, 0.000e+00, 2.025e+00, 9.983e+02, 9.926e-10
9.750e-01, 5.000e-01, -2.950e-01, 1.114e+05, 0.000e+00, 1.687e-06, 0.000e+00, 2.024e+00, 9.983e+02, 7.579e-10
9.750e-01, 5.000e-01, -2.850e-01, 1.113e+05, 0.000e+00, 1.300e-06, 0.000e+00, 2.022e+00, 9.983e+02, 5.838e-10
9.750e-01, 5.000e-01, -2.750e-01, 1.112e+05, 0.000e+00, 1.026e-06, 0.000e+00, 2.020e+00, 9.983e+02, 4.603e-10
9.750e-01, 5.000e-01, -2.650e-01, 1.112e+05, 0.000e+00, 8.685e-07, 0.000e+00, 2.020e+00, 9.983e+02, 3.815e-10
9.750e-01, 5.000e-01, -2.550e-01, 1.111e+05, 0.000e+00, 7.466e-07, 0.000e+00, 2.018e+00, 9.983e+02, 3.279e-10
9.750e-01, 5.000e-01, -2.450e-01, 1.110e+05, 0.000e+00, 6.291e-07, 0.000e+00, 2.016e+00, 9.983e+02, 2.763e-10
9.750e-01, 5.000e-01, -2.350e-01, 1.109e+05, 0.000e+00, 5.103e-07, 0.000e+00, 2.014e+00, 9.983e+02, 2.241e-10
9.750e-01, 5.000e-01, -2.250e-01, 1.108e+05, 0.000e+00, 4.130e-07, 0.000e+00, 2.012e+00, 9.983e+02, 1.814e-10
9.750e-01, 5.000e-01, -2.150e-01, 1.107e+05, 0.000e+00, 3.251e-07, 0.000e+00, 2.011e+00, 9.983e+02, 1.428e-10
9.750e-01, 5.000e-01, -2.050e-01, 1.106e+05, 0.000e+00, 2.859e-07, 0.000e+00, 2.009e+00, 9.983e+02, 1.245e-10
9.750e-01, 5.000e-01, -1.950e-01, 1.107e+05, 0.000e+00, 3.997e-07, 0.000e+00, 2.011e+00, 9.983e+02, 1.716e-10
9.750e-01, 5.000e-01, -1.850e-01, 1.106e+05, 0.000e+00, 9.423e-07, 0.000e+00, 2.009e+00, 9.983e+02, 4.045e-10
9.750e-01, 5.000e-01, -1.750e-01, 1.105e+05, 0.000e+00, 2.351e-06, 0.000e+00, 2.007e+00, 9.983e+02, 1.006e-09
9.750e-01, 5.000e-01, -1.650e-01, 1.104e+05, 0.000e+00, 5.068e-06, 0.000e+00, 2.005e+00, 9.983e+02, 1.906e-09
9.750e-01, 5.000e-01, -1.550e-01, 1.100e+05, 0.000e+00, 7.448e-05, 0.000e+00, 1.998e+00, 9.983e+02, 2.235e-08
9.750e-01, 5.000e-01, -1.450e-01, 1.099e+05, 0.000e+00, 5.461e-05, 0.000e+00, 1.996e+00, 9.983e+02, 1.230e-08
9.750e-01, 5.000e-01, -1.350e-01, 1.098e+05, 0.000e+00, 8.376e-06, 0.000e+00, 1.994e+00, 9.983e+02, 1.709e-09
9.750e-01, 5.000e-01, -1.250e-01, 1.112e+05, 0.000e+00, 9.202e-05, 0.000e+00, 2.020e+00, 9.983e+02, 3.201e-08
9.750e-01, 5.000e-01, -1.150e-01, 1.111e+05, 0.000e+00, 7.173e-05, 0.000e+00, 2.018e+00, 9.983e+02, 3.151e-08
9.750e-01, 5.000e-01, -1.050e-01, 1.110e+05, 0.000e+00, 5.091e-05, 0.000e+00, 2.017e+00, 9.983e+02, 2.236e-08
9.750e-01, 5.000e-01, -9.500e-02, 1.109e+05, 0.000e+00, 3.097e-05, 0.000e+00, 2.015e+00, 9.983e+02, 1.360e-08
9.750e-01, 5.000e-01, -8.500e-02, 1.108e+05, 0.000e+00, 1.642e-05, 0.000e+00, 2.013e+00, 9.983e+02, 7.214e-09
9.750e-01, 5.000e-01, -7.500e-02, 1.107e+05, 0.000e+00, 7.764e-06, 0.000e+00, 2.011e+00, 9.983e+02, 3.410e-09
9.750e-01, 5.000e-01, -6.500e-02, 1.106e+05, 0.000e+00, 3.333e-06, 0.000e+00, 2.009e+00, 9.983e+02, 1.464e-09
9.750e-01, 5.000e-01, -5.500e-02, 1.105e+05, 0.000e+00, 1.318e-06, 0.000e+00, 2.008e+00, 9.983e+02, 5.790e-10
9.750e-01, 5.000e-01, -4.500e-02, 1.104e+05, 0.000e+00, 4.858e-07, 0.000e+00, 2.006e+00, 9.983e+02, 2.134e-10
9.750e-01, 5.000e-01, -3.500e-02, 1.103e+05, 0.000e+00, 1.683e-07, 0.000e+00, 2.004e+00, 9.983e+02, 7.392e-11
9.750e-01, 5.000e-01, -2.500e-02, 1.102e+05, 0.000e+00, 5.526e-08, 0.000e+00, 2.002e+00, 9.983e+02, 2.427e-11
9.750e-01, 5.000e-01, -1.500e-02, 1.101e+05, 0.000e+00, 1.760e-08, 0.000e+00, 2.000e+00, 9.983e+02, 7.731e-12
9.750e-01, 5.000e-01, -5.000e-03, 1.100e+05, 0.000e+00, 6.314e-09, 0.000e+00, 1.999e+00, 9.983e+02, 2.774e-12
9.850e-01, 5.000e-01, -1.195e+00, 1.202e+05, 0.000e+00, 1.002e-13, 0.000e+00, 2.184e+00, 9.983e+02, 2.000e-17
9.850e-01, 5.000e-01, -1.185e+00, 1.201e+05, 0.000e+00, 1.002e-13, 0.000e+00, 2.182e+00, 9.983e+02, 2.000e-17
9.850e-01, 5.000e-01, -1.175e+00, 1.200e+05, 0.000e+00, 1.002e-13, 0.000e+00, 2.181e+00, 9.983e+02, 2.000e-17
9.850e-01, 5.000e-01, -1.165e+00, 1.199e+05, 0.000e+00, 1.002e-13, 0.000e+00, 2.179e+00, 9.983e+02, 2.000e-17
9.850e-01, 5.000e-01, -1.155e+00, 1.198e+05, 0.000e+00, 5.051e-12, 0.000e+00, 2.177e+00, 9.983e+02, 1.123e-15
9.850e-01, 5.000e-01, -1.145e+00, 1.197e+05, 0.000e+00, 1.430e-03, 0.000e+00, 2.175e+00, 9.985e+02, 6.121e-07
9.850e-01, 5.000e-01, -1.135e+00, 1.196e+05, 0.000e+00, 1.409e-03, 0.000e+00, 2.174e+00, 9.985e+02, 6.051e-07
9.850e-01, 5.000e-01, -1.125e+00, 1.195e+05, 0.000e+00, 1.370e-03, 0.000e+00, 2.172e+00, 9.985e+02, 5.884e-07
9.850e-01, 5.000e-01, -1.115e+00, 1.194e+05, 0.000e+00, 1.308e-03, 0.000e+00, 2.170e+00, 9.985e+02, 5.615e-07
9.850e-01, 5.000e-01, -1.105e+00, 1.193e+05, 0.000e+00, 1.218e-03, 0.000e+00, 2.168e+00, 9.985e+02, 5.231e-07
9.850e-01, 5.000e-01, -1.095e+00, 1.192e+05, 0.000e+00, 1.105e-03, 0.000e+00, 2.167e+00, 9.985e+02, 4.745e-07
9.850e-01, 5.000e-01, -1.085e+00, 1.191e+05, 0.000e+00, 9.811e-04, 0.000e+00, 2.165e+00, 9.984e+02, 4.212e-07
9.850e-01, 5.000e-01, -1.075e+00, 1.190e+05, 0.000e+00, 8.670e-04, 0.000e+00, 2.163e+00, 9.984e+02, 3.722e-07
9.850e-01, 5.000e-01, -1.065e+00, 1.189e+05, 0.000e+00, 7.778e-04, 0.000e+00, 2.161e+00, 9.984e+02, 3.339e-07
9.850e-01, 5.000e-01, -1.055e+00, 1.188e+05, 0.000e+00, 7.162e-04, 0.000e+00, 2.159e+00, 9.984e+02, 3.075e-07
9.850e-01, 5.000e-01, -1.045e+00, 1.187e+05, 0.000e+00, 6.762e-04, 0.000e+00, 2.158e+00, 9.984e+02, 2.903e-07
9.850e-01, 5.000e-01, -1.035e+00, 1.186e+05, 0.000e+00, 6.484e-04, 0.000e+00, 2.156e+00, 9.984e+02, 2.784e-07
9.850e-01, 5.000e-01, -1.025e+00, 1.185e+05, 0.000e+00, 6.260e-04, 0.000e+00, 2.154e+00, 9.984e+02, 2.688e-07
9.850e-01, 5.000e-01, -1.015e+00, 1.185e+05, 0.000e+00, 6.067e-04, 0.000e+00, 2.152e+00, 9.984e+02, 2.605e-07
9.850e-01, 5.000e-01, -1.005e+00, 1.184e+05, 0.000e+00, 5.899e-04, 0.000e+00, 2.150e+00, 9.984e+02, 2.532e-07
9.850e-01, 5.000e-01, -9.950e-01, 1.183e+05, 0.000e+00, 5.751e-04, 0.000e+00, 2.149e+00, 9.984e+02, 2.469e-07
9.850e-01, 5.000e-01, -9.850e-01, 1.182e+05, 0.000e+00, 5.618e-04, 0.000e+00, 2.147e+00, 9.984e+02, 2.412e-07
9.850e-01, 5.000e-01, -9.750e-01, 1.181e+05, 0.000e+00, 5.496e-04, 0.000e+00, 2.145e+00, 9.984e+02, 2.359e-07
9.850e-01, 5.000e-01, -9.650e-01, 1.180e+05, 0.000e+00, 5.383e-04, 0.000e+00, 2.143e+00, 9.984e+02, 2.311e-07
9.850e-01, 5.000e-01, -9.550e-01, 1.179e+05, 0.000e+00, 5.277e-04, 0.000e+00, 2.141e+00, 9.984e+02, 2.266e-07
9.850e-01, 5.000e-01, -9.450e-01, 1.178e+05, 0.000e+00, 5.181e-04, 0.000e+00, 2.140e+00, 9.984e+02, 2.224e-07
9.850e-01, 5.000e-01, -9.350e-01, 1.177e+05, 0.000e+00, 5.096e-04, 0.000e+00, 2.138e+00, 9.984e+02, 2.188e-07
9.850e-01, 5.000e-01, -9.250e-01, 1.176e+05, 0.000e+00, 5.028e-04, 0.000e+00, 2.136e+00, 9.984e+02, 2.159e-07
9.850e-01, 5.000e-01, -9.150e-01, 1.175e+05, 0.000e+00, 4.978e-04, 0.000e+00, 2.134e+00, 9.984e+02, 2.137e-07
9.850e-01, 5.000e-01, -9.050e-01, 1.174e+05, 0.000e+00, 4.938e-04, 0.000e+00, 2.132e+00, 9.984e+02, 2.120e-07
9.850e-01, 5.000e-01, -8.950e-01, 1.173e+05, 0.000e+00, 4.892e-04, 0.000e+00, 2.131e+00, 9.984e+02, 2.100e-07
9.850e-01, 5.000e-01, -8.850e-01, 1.172e+05, 0.000e+00, 4.840e-04, 0.000e+00, 2.129e+00, 9.984e+02, 2.078e-07
9.850e-01, 5.000e-01, -8.750e-01, 1.171e+05, 0.000e+00, 4.782e-04, 0.000e+00, 2.127e+00, 9.983e+02, 2.053e-07
9.850e-01, 5.000e-01, -8.650e-01, 1.170e+05, 0.000e+00, 4.723e-04, 0.000e+00, 2.125e+00, 9.983e+02, 2.027e-07
9.850e-01, 5.000e-01, -8.550e-01, 1.169e+05, 0.000e+00, 4.657e-04, 0.000e+00, 2.124e+00, 9.983e+02, 1.999e-07
9.850e-01, 5.000e-01, -8.450e-01, 1.168e+05, 0.000e+00, 4.565e-04, 0.000e+00, 2.122e+00, 9.983e+02, 1.960e-07
9.850e-01, 5.000e-01, -8.350e-01, 1.167e+05, 0.000e+00, 4.423e-04, 0.000e+00, 2.120e+00, 9.983e+02, 1.899e-07
9.850e-01, 5.000e-01, -8.250e-01, 1.166e+05, 0.000e+00, 4.227e-04, 0.000e+00, 2.118e+00, 9.983e+02, 1.815e-07
9.850e-01, 5.000e-01, -8.150e-01, 1.165e+05, 0.000e+00, 4.000e-04, 0.000e+00, 2.116e+00, 9.983e+02, 1.717e-07
9.850e-01, 5.000e-01, -8.050e-01, 1.164e+05, 0.000e+00, 3.770e-04, 0.000e+00, 2.115e+00, 9.983e+02, 1.618e-07
9.850e-01, 5.000e-01, -7.950e-01, 1.163e+05, 0.000e+00, 3.555e-04, 0.000e+00, 2.113e+00, 9.983e+02, 1.526e-07
9.850e-01, 5.000e-01, -7.850e-01, 1.162e+05, 0.000e+00, 3.366e-04, 0.000e+00, 2.111e+00, 9.983e+02, 1.445e-07
9.850e-01, 5.000e-01, -7.750e-01, 1.161e+05, 0.000e+00, 3.230e-04, 0.000e+00, 2.109e+00, 9.983e+02, 1.386e-07
9.850e-01, 5.000e-01, -7.650e-01, 1.160e+05, 0.000e+00, 3.251e-04, 0.000e+00, 2.107e+00, 9.983e+02, 1.396e-07
9.850e-01, 5.000e-01, -7.550e-01, 1.159e+05, 0.000e+00, 3.748e-04, 0.000e+00, 2.106e+00, 9.983e+02, 1.609e-07
9.850e-01, 5.000e-01, -7.450e-01, 1.158e+05, 0.000e+00, 5.061e-04, 0.000e+00, 2.104e+00, 9.984e+02, 2.182e-07
9.850e-01, 5.000e-01, -7.350e-01, 1.172e+05, 0.000e+00, 6.537e-04, 0.000e+00, 2.129e+00, 9.984e+02, 2.872e-07
9.850e-01, 5.000e-01, -7.250e-01, 1.171e+05, 0.000e+00, 5.848e-04, 0.000e+00, 2.127e+00, 9.984e+02, 2.569e-07
9.850e-01, 5.000e-01, -7.150e-01, 1.170e+05, 0.000e+00, 4.442e-04, 0.000e+00, 2.126e+00, 9.983e+02, 1.951e-07
9.850e-01, 5.000e-01, -7.050e-01, 1.169e+05, 0.000e+00, 3.119e-04, 0.000e+00, 2.124e+00, 9.983e+02, 1.370e-07
9.850e-01, 5.000e-01, -6.950e-01, 1.168e+05, 0.000e+00, 2.066e-04, 0.000e+00, 2.122e+00, 9.983e+02, 9.074e-08
9.850e-01, 5.000e-01, -6.850e-01, 1.167e+05, 0.000e+00, 1.290e-04, 0.000e+00, 2.120e+00, 9.983e+02, 5.664e-08
9.850e-01, 5.000e-01, -6.750e-01, 1.166e+05, 0.000e+00, 7.571e-05, 0.000e+00, 2.119e+00, 9.983e+02, 3.325e-08
9.850e-01, 5.000e-01, -6.650e-01, 1.165e+05, 0.000e+00, 4.179e-05, 0.000e+00, 2.117e+00, 9.983e+02, 1.836e-08
9.850e-01, 5.000e-01, -6.550e-01, 1.164e+05, 0.000e+00, 2.176e-05, 0.000e+00, 2.115e+00, 9.983e+02, 9.556e-09
9.850e-01, 5.000e-01, -6.450e-01, 1.163e+05, 0.000e+00, 1.088e-05, 0.000e+00, 2.113e+00, 9.983e+02, 4.777e-09
9.850e-01, 5.000e-01, -6.350e-01, 1.162e+05, 0.000e+00, 5.951e-06, 0.000e+00, 2.111e+00, 9.983e+02, 2.614e-09
9.850e-01, 5.000e-01, -6.250e-01, 1.161e+05, 0.000e+00, 6.047e-06, 0.000e+00, 2.110e+00, 9.983e+02, 2.656e-09
9.850e-01, 5.000e-01, -6.150e-01, 1.160e+05, 0.000e+00, 1.409e-05, 0.000e+00, 2.108e+00, 9.983e+02, 6.189e-09
9.850e-01, 5.000e-01, -6.050e-01, 1.159e+05, 0.000e+00, 4.000e-05, 0.000e+00, 2.106e+00, 9.983e+02, 1.757e-08
9.850e-01, 5.000e-01, -5.950e-01, 1.158e+05, 0.000e+00, 1.031e-04, 0.000e+00, 2.104e+00, 9.983e+02, 4.529e-08
9.850e-01, 5.000e-01, -5.850e-01, 1.157e+05, 0.000e+00, 2.234e-04, 0.000e+00, 2.102e+00, 9.983e+02, 9.843e-08
9.850e-01, 5.000e-01, -5.750e-01, 1.142e+05, 0.000e+00, 3.787e-04, 0.000e+00, 2.074e+00, 9.983e+02, 1.701e-07
9.850e-01, 5.000e-01, -5.650e-01, 1.141e+05, 0.000e+00, 4.474e-04, 0.000e+00, 2.072e+00, 9.983e+02, 2.010e-07
9.850e-01, 5.000e-01, -5.550e-01, 1.140e+05, 0.000e+00, 4.728e-04, 0.000e+00, 2.070e+00, 9.983e+02, 2.124e-07
9.850e-01, 5.000e-01, -5.450e-01, 1.139e+05, 0.000e+00, 4.714e-04, 0.000e+00, 2.068e+00, 9.983e+02, 2.118e-07
9.850e-01, 5.000e-01, -5.350e-01, 1.138e+05, 0.000e+00, 4.502e-04, 0.000e+00, 2.067e+00, 9.983e+02, 2.022e-07
9.850e-01, 5.000e-01, -5.250e-01, 1.137e+05, 0.000e+00, 4.110e-04, 0.000e+00, 2.065e+00, 9.983e+02, 1.846e-07
9.850e-01, 5.000e-01, -5.150e-01, 1.136e+05, 0.000e+00, 3.644e-04, 0.000e+00, 2.063e+00, 9.983e+02, 1.637e-07
9.850e-01, 5.000e-01, -5.050e-01, 1.135e+05, 0.000e+00, 3.148e-04, 0.000e+00, 2.061e+00, 9.983e+02, 1.414e-07
9.850e-01, 5.000e-01, -4.950e-01, 1.134e+05, 0.000e+00, 2.683e-04, 0.000e+00, 2.059e+00, 9.983e+02, 1.205e-07
9.850e-01, 5.000e-01, -4.850e-01, 1.133e+05, 0.000e+00, 2.282e-04, 0.000e+00, 2.058e+00, 9.983e+02, 1.025e-07
9.850e-01, 5.000e-01, -4.750e-01, 1.132e+05, 0.000e+00, 1.931e-04, 0.000e+00, 2.056e+00, 9.983e+02, 8.676e-08
9.850e-01, 5.000e-01, -4.650e-01, 1.132e+05, 0.000e+00, 1.645e-04, 0.000e+00, 2.055e+00, 9.983e+02, 7.240e-08
9.850e-01, 5.000e-01, -4.550e-01, 1.131e+05, 0.000e+00, 1.383e-04, 0.000e+00, 2.054e+00, 9.983e+02, 6.063e-08
9.850e-01, 5.000e-01, -4.450e-01, 1.129e+05, 0.000e+00, 1.142e-04, 0.000e+00, 2.050e+00, 9.983e+02, 4.903e-08
9.850e-01, 5.000e-01, -4.350e-01, 1.128e+05, 0.000e+00, 9.378e-05, 0.000e+00, 2.048e+00, 9.983e+02, 4.026e-08
9.850e-01, 5.000e-01, -4.250e-01, 1.127e+05, 0.000e+00, 7.654e-05, 0.000e+00, 2.047e+00, 9.983e+02, 3.285e-08
9.850e-01, 5.000e-01, -4.150e-01, 1.126e+05, 0.000e+00, 6.186e-05, 0.000e+00, 2.045e+00, 9.983e+02, 2.655e-08
9.850e-01, 5.000e-01, -4.050e-01, 1.125e+05, 0.000e+00, 4.929e-05, 0.000e+00, 2.043e+00, 9.983e+02, 2.116e-08
9.850e-01, 5.000e-01, -3.950e-01, 1.124e+05, 0.000e+00, 3.860e-05, 0.000e+00, 2.041e+00, 9.983e+02, 1.657e-08
9.850e-01, 5.000e-01, -3.850e-01, 1.123e+05, 0.000e+00, 2.967e-05, 0.000e+00, 2.039e+00, 9.983e+02, 1.273e-08
9.850e-01, 5.000e-01, -3.750e-01, 1.122e+05, 0.000e+00, 2.240e-05, 0.000e+00, 2.038e+00, 9.983e+02, 9.617e-09
9.850e-01, 5.000e-01, -3.650e-01, 1.121e+05, 0.000e+00, 1.664e-05, 0.000e+00, 2.036e+00, 9.983e+02, 7.144e-09
9.850e-01, 5.000e-01, -3.550e-01, 1.120e+05, 0.000e+00, 1.197e-05, 0.000e+00, 2.034e+00, 9.983e+02, 5.292e-09
9.850e-01, 5.000e-01, -3.450e-01, 1.119e+05, 0.000e+00, 8.448e-06, 0.000e+00, 2.033e+00, 9.983e+02, 3.795e-09
9.850e-01, 5.000e-01, -3.350e-01, 1.118e+05, 0.000e+00, 5.950e-06, 0.000e+00, 2.031e+00, 9.983e+02, 2.673e-09
9.850e-01, 5.000e-01, -3.250e-01, 1.117e+05, 0.000e+00, 4.193e-06, 0.000e+00, 2.029e+00, 9.983e+02, 1.884e-09
9.850e-01, 5.000e-01, -3.150e-01, 1.116e+05, 0.000e+00, 2.952e-06, 0.000e+00, 2.027e+00, 9.983e+02, 1.326e-09
9.850e-01, 5.000e-01, -3.050e-01, 1.115e+05, 0.000e+00, 2.071e-06, 0.000e+00, 2.025e+00, 9.983e+02, 9.303e-10
9.850e-01, 5.000e-01, -2.950e-01, 1.114e+05, 0.000e+00, 1.453e-06, 0.000e+00, 2.024e+00, 9.983e+02, 6.527e-10
9.850e-01, 5.000e-01, -2.850e-01, 1.113e+05, 0.000e+00, 1.024e-06, 0.000e+00, 2.022e+00, 9.983e+02, 4.598e-10
9.850e-01, 5.000e-01, -2.750e-01, 1.112e+05, 0.000e+00, 7.378e-07, 0.000e+00, 2.020e+00, 9.983e+02, 3.300e-10
9.850e-01, 5.000e-01, -2.650e-01, 1.112e+05, 0.000e+00, 5.658e-07, 0.000e+00, 2.020e+00, 9.983e+02, 2.485e-10
9.850e-01, 5.000e-01, -2.550e-01, 1.111e+05, 0.000e+00, 4.653e-07, 0.000e+00, 2.018e+00, 9.983e+02, 2.044e-10
9.850e-01, 5.000e-01, -2.450e-01, 1.110e+05, 0.000e+00, 3.842e-07, 0.000e+00, 2.016e+00, 9.983e+02, 1.688e-10
9.850e-01, 5.000e-01, -2.350e-01, 1.109e+05, 0.000e+00, 3.057e-07, 0.000e+00, 2.014e+00, 9.983e+02, 1.343e-10
9.850e-01, 5.000e-01, -2.250e-01, 1.108e+05, 0.000e+00, 2.619e-07, 0.000e+00, 2.012e+00, 9.983e+02, 1.151e-10
9.850e-01, 5.000e-01, -2.150e-01, 1.107e+05, 0.000e+00, 2.278e-07, 0.000e+00, 2.011e+00, 9.983e+02, 1.001e-10
9.850e-01, 5.000e-01, -2.050e-01, 1.108e+05, 0.000e+00, 2.106e-07, 0.000e+00, 2.012e+00, 9.983e+02, 9.083e-11
9.850e-01, 5.000e-01, -1.950e-01, 1.107e+05, 0.000e+00, 2.619e-07, 0.000e+00, 2.011e+00, 9.983e+02, 9.813e-11
9.850e-01, 5.000e-01, -1.850e-01, 1.103e+05, 0.000e+00, 7.085e-08, 0.000e+00, 2.003e+00, 9.983e+02, 2.116e-11
9.850e-01, 5.000e-01, -1.750e-01, 1.102e+05, 0.000e+00, 6.293e-06, 0.000e+00, 2.002e+00, 9.983e+02, 1.410e-09
9.850e-01, 5.000e-01, -1.650e-01, 1.101e+05, 3.124e-07, 2.463e-06, 0.000e+00, 2.000e+00, 9.983e+02, 5.085e-10
9.850e-01, 5.000e-01, -1.550e-01, 1.100e+05, 1.416e-01, 1.802e-03, 0.000e+00, 1.998e+00, 9.986e+02, 4.915e-07
9.850e-01, 5.000e-01, -1.450e-01, 1.102e+05, 0.000e+00, 2.225e-04, 0.000e+00, 2.002e+00, 9.983e+02, 7.633e-08
9.850e-01, 5.000e-01, -1.350e-01, 1.101e+05, 0.000e+00, 1.380e-04, 0.000e+00, 2.000e+00, 9.983e+02, 5.704e-08
9.850e-01, 5.000e-01, -1.250e-01, 1.112e+05, 0.000e+00, 9.037e-05, 0.000e+00, 2.020e+00, 9.983e+02, 3.962e-08
9.850e-01, 5.000e-01, -1.150e-01, 1.111e+05, 0.000e+00, 6.632e-05, 0.000e+00, 2.018e+00, 9.983e+02, 2.913e-08
9.850e-01, 5.000e-01, -1.050e-01, 1.110e+05, 0.000e+00, 4.427e-05, 0.000e+00, 2.017e+00, 9.983e+02, 1.945e-08
9.850e-01, 5.000e-01, -9.500e-02, 1.109e+05, 0.000e+00, 2.598e-05, 0.000e+00, 2.015e+00, 9.983e+02, 1.141e-08
9.850e-01, 5.000e-01, -8.500e-02, 1.108e+05, 0.000e+00, 1.351e-05, 0.000e+00, 2.013e+00, 9.983e+02, 5.933e-09
9.850e-01, 5.000e-01, -7.500e-02, 1.107e+05, 0.000e+00, 6.319e-06, 0.000e+00, 2.011e+00, 9.983e+02, 2.775e-09
9.850e-01, 5.000e-01, -6.500e-02, 1.106e+05, 0.000e+00, 2.698e-06, 0.000e+00, 2.009e+00, 9.983e+02, 1.185e-09
9.850e-01, 5.000e-01, -5.500e-02, 1.105e+05, 0.000e+00, 1.064e-06, 0.000e+00, 2.008e+00, 9.983e+02, 4.675e-10
9.850e-01, 5.000e-01, -4.500e-02, 1.104e+05, 0.000e+00, 3.917e-07, 0.000e+00, 2.006e+00, 9.983e+02, 1.720e-10
9.850e-01, 5.000e-01, -3.500e-02, 1.103e+05, 0.000e+00, 1.355e-07, 0.000e+00, 2.004e+00, 9.983e+02, 5.952e-11
9.850e-01, 5.000e-01, -2.500e-02, 1.102e+05, 0.000e+00, 4.442e-08, 0.000e+00, 2.002e+00, 9.983e+02, 1.951e-11
9.850e-01, 5.000e-01, -1.500e-02, 1.101e+05, 0.000e+00, 1.411e-08, 0.000e+00, 2.000e+00, 9.983e+02, 6.198e-12
9.850e-01, 5.000e-01, -5.000e-03, 1.100e+05, 0.000e+00, 5.033e-09, 0.000e+00, 1.999e+00, 9.983e+02, 2.211e-12
9.950e-01, 5.000e-01, -1.195e+00, 1.202e+05, 0.000e+00, 1.002e-13, 0.000e+00, 2.184e+00, 9.983e+02, 2.000e-17
9.950e-01, 5.000e-01, -1.185e+00, 1.201e+05, 0.000e+00, 1.002e-13, 0.000e+00, 2.182e+00, 9.983e+02, 2.000e-17
9.950e-01, 5.000e-01, -1.175e+00, 1.200e+05, 0.000e+00, 1.002e-13, 0.000e+00, 2.181e+00, 9.983e+02, 2.000e-17
9.950e-01, 5.000e-01, -1.165e+00, 1.199e+05, 0.000e+00, 1.002e-13, 0.000e+00, 2.179e+00, 9.983e+02, 2.000e-17
9.950e-01, 5.000e-01, -1.155e+00, 1.198e+05, 0.000e+00, 4.679e-12, 0.000e+00, 2.177e+00, 9.983e+02, 9.342e-16
9.950e-01, 5.000e-01, -1.145e+00, 1.197e+05, 0.000e+00, 1.436e-03, 0.000e+00, 2.175e+00, 9.985e+02, 5.467e-07
9.950e-01, 5.000e-01, -1.135e+00, 1.196e+05, 0.000e+00, 1.406e-03, 0.000e+00, 2.174e+00, 9.985e+02, 6.037e-07
9.950e-01, 5.000e-01, -1.125e+00, 1.195e+05, 0.000e+00, 1.367e-03, 0.000e+00, 2.172e+00, 9.985e+02, 5.869e-07
9.950e-01, 5.000e-01, -1.115e+00, 1.194e+05, 0.000e+00, 1.305e-03, 0.000e+00, 2.170e+00, 9.985e+02, 5.604e-07
9.950e-01, 5.000e-01, -1.105e+00, 1.193e+05, 0.000e+00, 1.217e-03, 0.000e+00, 2.168e+00, 9.985e+02, 5.226e-07
9.950e-01, 5.000e-01, -1.095e+00, 1.192e+05, 0.000e+00, 1.105e-03, 0.000e+00, 2.167e+00, 9.985e+02, 4.744e-07
9.950e-01, 5.000e-01, -1.085e+00, 1.191e+05, 0.000e+00, 9.818e-04, 0.000e+00, 2.165e+00, 9.984e+02, 4.215e-07
9.950e-01, 5.000e-01, -1.075e+00, 1.190e+05, 0.000e+00, 8.684e-04, 0.000e+00, 2.163e+00, 9.984e+02, 3.728e-07
9.950e-01, 5.000e-01, -1.065e+00, 1.189e+05, 0.000e+00, 7.792e-04, 0.000e+00, 2.161e+00, 9.984e+02, 3.345e-07
9.950e-01, 5.000e-01, -1.055e+00, 1.188e+05, 0.000e+00, 7.166e-04, 0.000e+00, 2.159e+00, 9.984e+02, 3.076e-07
9.950e-01, 5.000e-01, -1.045e+00, 1.187e+05, 0.000e+00, 6.745e-04, 0.000e+00, 2.158e+00, 9.984e+02, 2.896e-07
9.950e-01, 5.000e-01, -1.035e+00, 1.186e+05, 0.000e+00, 6.441e-04, 0.000e+00, 2.156e+00, 9.984e+02, 2.765e-07
9.950e-01, 5.000e-01, -1.025e+00, 1.185e+05, 0.000e+00, 6.202e-04, 0.000e+00, 2.154e+00, 9.984e+02, 2.662e-07
9.950e-01, 5.000e-01, -1.015e+00, 1.185e+05, 0.000e+00, 6.012e-04, 0.000e+00, 2.152e+00, 9.984e+02, 2.581e-07
9.950e-01, 5.000e-01, -1.005e+00, 1.184e+05, 0.000e+00, 5.856e-04, 0.000e+00, 2.150e+00, 9.984e+02, 2.514e-07
9.950e-01, 5.000e-01, -9.950e-01, 1.183e+05, 0.000e+00, 5.722e-04, 0.000e+00, 2.149e+00, 9.984e+02, 2.457e-07
9.950e-01, 5.000e-01, -9.850e-01, 1.182e+05, 0.000e+00, 5.601e-04, 0.000e+00, 2.147e+00, 9.984e+02, 2.404e-07
9.950e-01, 5.000e-01, -9.750e-01, 1.181e+05, 0.000e+00, 5.487e-04, 0.000e+00, 2.145e+00, 9.984e+02, 2.356e-07
9.950e-01, 5.000e-01, -9.650e-01, 1.180e+05, 0.000e+00, 5.380e-04, 0.000e+00, 2.143e+00, 9.984e+02, 2.310e-07
9.950e-01, 5.000e-01, -9.550e-01, 1.179e+05, 0.000e+00, 5.279e-04, 0.000e+00, 2.141e+00, 9.984e+02, 2.266e-07
9.950e-01, 5.000e-01, -9.450e-01, 1.178e+05, 0.000e+00, 5.188e-04, 0.000e+00, 2.140e+00, 9.984e+02, 2.227e-07
9.950e-01, 5.000e-01, -9.350e-01, 1.177e+05, 0.000e+00, 5.114e-04, 0.000e+00, 2.138e+00, 9.984e+02, 2.195e-07
9.950e-01, 5.000e-01, -9.250e-01, 1.176e+05, 0.000e+00, 5.068e-04, 0.000e+00, 2.136e+00, 9.984e+02, 2.175e-07
9.950e-01, 5.000e-01, -9.150e-01, 1.175e+05, 0.000e+00, 5.051e-04, 0.000e+00, 2.134e+00, 9.984e+02, 2.168e-07
9.950e-01, 5.000e-01, -9.050e-01, 1.174e+05, 0.000e+00, 5.047e-04, 0.000e+00, 2.132e+00, 9.984e+02, 2.166e-07
9.950e-01, 5.000e-01, -8.950e-01, 1.173e+05, 0.000e+00, 5.022e-04, 0.000e+00, 2.131e+00, 9.984e+02, 2.156e-07
9.950e-01, 5.000e-01, -8.850e-01, 1.172e+05, 0.000e+00, 4.970e-04, 0.000e+00, 2.129e+00, 9.984e+02, 2.134e-07
9.950e-01, 5.000e-01, -8.750e-01, 1.171e+05, 0.000e+00, 4.892e-04, 0.000e+00, 2.127e+00, 9.984e+02, 2.100e-07
9.950e-01, 5.000e-01, -8.650e-01, 1.170e+05, 0.000e+00, 4.801e-04, 0.000e+00, 2.125e+00, 9.984e+02, 2.061e-07
9.950e-01, 5.000e-01, -8.550e-01, 1.169e+05, 0.000e+00, 4.709e-04, 0.000e+00, 2.124e+00, 9.983e+02, 2.021e-07
9.950e-01, 5.000e-01, -8.450e-01, 1.168e+05, 0.000e+00, 4.613e-04, 0.000e+00, 2.122e+00, 9.983e+02, 1.980e-07
9.950e-01, 5.000e-01, -8.350e-01, 1.167e+05, 0.000e+00, 4.492e-04, 0.000e+00, 2.120e+00, 9.983e+02, 1.928e-07
9.950e-01, 5.000e-01, -8.250e-01, 1.166e+05, 0.000e+00, 4.325e-04, 0.000e+00, 2.118e+00, 9.983e+02, 1.857e-07
9.950e-01, 5.000e-01, -8.150e-01, 1.165e+05, 0.000e+00, 4.113e-04, 0.000e+00, 2.116e+00, 9.983e+02, 1.766e-07
9.950e-01, 5.000e-01, -8.050e-01, 1.164e+05, 0.000e+00, 3.880e-04, 0.000e+00, 2.115e+00, 9.983e+02, 1.666e-07
9.950e-01, 5.000e-01, -7.950e-01, 1.163e+05, 0.000e+00, 3.651e-04, 0.000e+00, 2.113e+00, 9.983e+02, 1.568e-07
9.950e-01, 5.000e-01, -7.850e-01, 1.162e+05, 0.000e+00, 3.444e-04, 0.000e+00, 2.111e+00, 9.983e+02, 1.478e-07
9.950e-01, 5.000e-01, -7.750e-01, 1.161e+05, 0.000e+00, 3.287e-04, 0.000e+00, 2.109e+00, 9.983e+02, 1.411e-07
9.950e-01, 5.000e-01, -7.650e-01, 1.160e+05, 0.000e+00, 3.280e-04, 0.000e+00, 2.107e+00, 9.983e+02, 1.408e-07
9.950e-01, 5.000e-01, -7.550e-01, 1.159e+05, 0.000e+00, 3.701e-04, 0.000e+00, 2.106e+00, 9.983e+02, 1.589e-07
9.950e-01, 5.000e-01, -7.450e-01, 1.158e+05, 0.000e+00, 4.701e-04, 0.000e+00, 2.104e+00, 9.983e+02, 2.018e-07
9.950e-01, 5.000e-01, -7.350e-01, 1.172e+05, 0.000e+00, 6.357e-04, 0.000e+00, 2.129e+00, 9.984e+02, 2.779e-07
9.950e-01, 5.000e-01, -7.250e-01, 1.171e+05, 0.000e+00, 5.951e-04, 0.000e+00, 2.127e+00, 9.984e+02, 2.614e-07
9.950e-01, 5.000e-01, -7.150e-01, 1.170e+05, 0.000e+00, 4.553e-04, 0.000e+00, 2.126e+00, 9.983e+02, 2.000e-07
9.950e-01, 5.000e-01, -7.050e-01, 1.169e+05, 0.000e+00, 3.208e-04, 0.000e+00, 2.124e+00, 9.983e+02, 1.409e-07
9.950e-01, 5.000e-01, -6.950e-01, 1.168e+05, 0.000e+00, 2.135e-04, 0.000e+00, 2.122e+00, 9.983e+02, 9.378e-08
9.950e-01, 5.000e-01, -6.850e-01, 1.167e+05, 0.000e+00, 1.339e-04, 0.000e+00, 2.120e+00, 9.983e+02, 5.883e-08
9.950e-01, 5.000e-01, -6.750e-01, 1.166e+05, 0.000e+00, 7.895e-05, 0.000e+00, 2.119e+00, 9.983e+02, 3.468e-08
9.950e-01, 5.000e-01, -6.650e-01, 1.165e+05, 0.000e+00, 4.371e-05, 0.000e+00, 2.117e+00, 9.983e+02, 1.920e-08
9.950e-01, 5.000e-01, -6.550e-01, 1.164e+05, 0.000e+00, 2.281e-05, 0.000e+00, 2.115e+00, 9.983e+02, 1.002e-08
9.950e-01, 5.000e-01, -6.450e-01, 1.163e+05, 0.000e+00, 1.148e-05, 0.000e+00, 2.113e+00, 9.983e+02, 5.042e-09
9.950e-01, 5.000e-01, -6.350e-01, 1.162e+05, 0.000e+00, 6.506e-06, 0.000e+00, 2.111e+00, 9.983e+02, 2.858e-09
9.950e-01, 5.000e-01, -6.250e-01, 1.161e+05, 0.000e+00, 7.125e-06, 0.000e+00, 2.110e+00, 9.983e+02, 3.130e-09
9.950e-01, 5.000e-01, -6.150e-01, 1.160e+05, 0.000e+00, 1.666e-05, 0.000e+00, 2.108e+00, 9.983e+02, 7.316e-09
9.950e-01, 5.000e-01, -6.050e-01, 1.159e+05, 0.000e+00, 4.518e-05, 0.000e+00, 2.106e+00, 9.983e+02, 1.984e-08
9.950e-01, 5.000e-01, -5.950e-01, 1.158e+05, 0.000e+00, 1.106e-04, 0.000e+00, 2.104e+00, 9.983e+02, 4.857e-08
9.950e-01, 5.000e-01, -5.850e-01, 1.157e+05, 0.000e+00, 2.300e-04, 0.000e+00, 2.102e+00, 9.983e+02, 1.011e-07
9.950e-01, 5.000e-01, -5.750e-01, 1.142e+05, 0.000e+00, 3.869e-04, 0.000e+00, 2.074e+00, 9.983e+02, 1.738e-07
9.950e-01, 5.000e-01, -5.650e-01, 1.141e+05, 0.000e+00, 4.554e-04, 0.000e+00, 2.072e+00, 9.983e+02, 2.046e-07
9.950e-01, 5.000e-01, -5.550e-01, 1.140e+05, 0.000e+00, 4.836e-04, 0.000e+00, 2.070e+00, 9.983e+02, 2.172e-07
9.950e-01, 5.000e-01, -5.450e-01, 1.139e+05, 0.000e+00, 4.857e-04, 0.000e+00, 2.068e+00, 9.983e+02, 2.182e-07
9.950e-01, 5.000e-01, -5.350e-01, 1.138e+05, 0.000e+00, 4.718e-04, 0.000e+00, 2.067e+00, 9.983e+02, 2.119e-07
9.950e-01, 5.000e-01, -5.250e-01, 1.137e+05, 0.000e+00, 4.390e-04, 0.000e+00, 2.065e+00, 9.983e+02, 1.972e-07
9.950e-01, 5.000e-01, -5.150e-01, 1.136e+05, 0.000e+00, 3.935e-04, 0.000e+00, 2.063e+00, 9.983e+02, 1.768e-07
9.950e-01, 5.000e-01, -5.050e-01, 1.135e+05, 0.000e+00, 3.427e-04, 0.000e+00, 2.061e+00, 9.983e+02, 1.540e-07
9.950e-01, 5.000e-01, -4.950e-01, 1.134e+05, 0.000e+00, 2.914e-04, 0.000e+00, 2.059e+00, 9.983e+02, 1.309e-07
9.950e-01, 5.000e-01, -4.850e-01, 1.133e+05, 0.000e+00, 2.459e-04, 0.000e+00, 2.058e+00, 9.983e+02, 1.105e-07
9.950e-01, 5.000e-01, -4.750e-01, 1.132e+05, 0.000e+00, 2.067e-04, 0.000e+00, 2.056e+00, 9.983e+02, 9.284e-08
9.950e-01, 5.000e-01, -4.650e-01, 1.132e+05, 0.000e+00, 1.750e-04, 0.000e+00, 2.055e+00, 9.983e+02, 7.712e-08
9.950e-01, 5.000e-01, -4.550e-01, 1.131e+05, 0.000e+00, 1.464e-04, 0.000e+00, 2.054e+00, 9.983e+02, 6.420e-08
9.950e-01, 5.000e-01, -4.450e-01, 1.129e+05, 0.000e+00, 1.205e-04, 0.000e+00, 2.050e+00, 9.983e+02, 5.174e-08
9.950e-01, 5.000e-01, -4.350e-01, 1.128e+05, 0.000e+00, 9.833e-05, 0.000e+00, 2.048e+00, 9.983e+02, 4.221e-08
9.950e-01, 5.000e-01, -4.250e-01, 1.127e+05, 0.000e+00, 7.971e-05, 0.000e+00, 2.047e+00, 9.983e+02, 3.422e-08
9.950e-01, 5.000e-01, -4.150e-01, 1.126e+05, 0.000e+00, 6.412e-05, 0.000e+00, 2.045e+00, 9.983e+02, 2.752e-08
9.950e-01, 5.000e-01, -4.050e-01, 1.125e+05, 0.000e+00, 5.098e-05, 0.000e+00, 2.043e+00, 9.983e+02, 2.188e-08
9.950e-01, 5.000e-01, -3.950e-01, 1.124e+05, 0.000e+00, 3.997e-05, 0.000e+00, 2.041e+00, 9.983e+02, 1.716e-08
9.950e-01, 5.000e-01, -3.850e-01, 1.123e+05, 0.000e+00, 3.087e-05, 0.000e+00, 2.039e+00, 9.983e+02, 1.325e-08
9.950e-01, 5.000e-01, -3.750e-01, 1.122e+05, 0.000e+00, 2.351e-05, 0.000e+00, 2.038e+00, 9.983e+02, 1.009e-08
9.950e-01, 5.000e-01, -3.650e-01, 1.121e+05, 0.000e+00, 1.765e-05, 0.000e+00, 2.036e+00, 9.983e+02, 7.577e-09
9.950e-01, 5.000e-01, -3.550e-01, 1.120e+05, 0.000e+00, 1.284e-05, 0.000e+00, 2.034e+00, 9.983e+02, 5.695e-09
9.950e-01, 5.000e-01, -3.450e-01, 1.119e+05, 0.000e+00, 9.127e-06, 0.000e+00, 2.033e+00, 9.983e+02, 4.100e-09
9.950e-01, 5.000e-01, -3.350e-01, 1.118e+05, 0.000e+00, 6.409e-06, 0.000e+00, 2.031e+00, 9.983e+02, 2.879e-09
9.950e-01, 5.000e-01, -3.250e-01, 1.117e+05, 0.000e+00, 4.463e-06, 0.000e+00, 2.029e+00, 9.983e+02, 2.005e-09
9.950e-01, 5.000e-01, -3.150e-01, 1.116e+05, 0.000e+00, 3.050e-06, 0.000e+00, 2.027e+00, 9.983e+02, 1.370e-09
9.950e-01, 5.000e-01, -3.050e-01, 1.115e+05, 0.000e+00, 2.033e-06, 0.000e+00, 2.025e+00, 9.983e+02, 9.131e-10
9.950e-01, 5.000e-01, -2.950e-01, 1.114e+05, 0.000e+00, 1.338e-06, 0.000e+00, 2.024e+00, 9.983e+02, 6.010e-10
9.950e-01, 5.000e-01, -2.850e-01, 1.113e+05, 0.000e+00, 8.752e-07, 0.000e+00, 2.022e+00, 9.983e+02, 3.932e-10
9.950e-01, 5.000e-01, -2.750e-01, 1.112e+05, 0.000e+00, 5.714e-07, 0.000e+00, 2.020e+00, 9.983e+02, 2.547e-10
9.950e-01, 5.000e-01, -2.650e-01, 1.112e+05, 0.000e+00, 3.855e-07, 0.000e+00, 2.020e+00, 9.983e+02, 1.693e-10
9.950e-01, 5.000e-01, -2.550e-01, 1.111e+05, 0.000e+00, 3.060e-07, 0.000e+00, 2.018e+00, 9.983e+02, 1.344e-10
9.950e-01, 5.000e-01, -2.450e-01, 1.110e+05, 0.000e+00, 2.615e-07, 0.000e+00, 2.016e+00, 9.983e+02, 1.149e-10
9.950e-01, 5.000e-01, -2.350e-01, 1.109e+05, 0.000e+00, 2.101e-07, 0.000e+00, 2.014e+00, 9.983e+02, 9.184e-11
9.950e-01, 5.000e-01, -2.250e-01, 1.108e+05, 0.000e+00, 1.623e-07, 0.000e+00, 2.012e+00, 9.983e+02, 6.182e-11
9.950e-01, 5.000e-01, -2.150e-01, 1.106e+05, 0.000e+00, 2.511e-12, 0.000e+00, 2.009e+00, 9.983e+02, 7.828e-16
9.950e-01, 5.000e-01, -2.050e-01, 1.105e+05, 0.000e+00, 4.940e-11, 0.000e+00, 2.007e+00, 9.983e+02, 1.107e-14
9.950e-01, 5.000e-01, -1.950e-01, 1.104e+05, 0.000e+00, 8.651e-10, 0.000e+00, 2.005e+00, 9.983e+02, 2.315e-13
9.950e-01, 5.000e-01, -1.850e-01, 1.103e+05, 0.000e+00, 9.961e-04, 0.000e+00, 2.003e+00, 9.984e+02, 2.735e-07
9.950e-01, 5.000e-01, -1.750e-01, 1.105e+05, 0.000e+00, 5.405e-04, 0.000e+00, 2.007e+00, 9.984e+02, 1.887e-07
9.950e-01, 5.000e-01, -1.650e-01, 1.104e+05, 0.000e+00, 3.909e-04, 0.000e+00, 2.005e+00, 9.983e+02, 1.630e-07
9.950e-01, 5.000e-01, -1.550e-01, 1.103e+05, 0.000e+00, 2.557e-04, 0.000e+00, 2.004e+00, 9.983e+02, 1.098e-07
9.950e-01, 5.000e-01, -1.450e-01, 1.102e+05, 0.000e+00, 1.760e-04, 0.000e+00, 2.002e+00, 9.983e+02, 7.556e-08
9.950e-01, 5.000e-01, -1.350e-01, 1.101e+05, 0.000e+00, 1.286e-04, 0.000e+00, 2.000e+00, 9.983e+02, 5.559e-08
9.950e-01, 5.000e-01, -1.250e-01, 1.112e+05, 0.000e+00, 8.613e-05, 0.000e+00, 2.020e+00, 9.983e+02, 3.783e-08
9.950e-01, 5.000e-01, -1.150e-01, 1.111e+05, 0.000e+00, 5.831e-05, 0.000e+00, 2.018e+00, 9.983e+02, 2.561e-08
9.950e-01, 5.000e-01, -1.050e-01, 1.110e+05, 0.000e+00, 3.680e-05, 0.000e+00, 2.017e+00, 9.983e+02, 1.617e-08
9.950e-01, 5.000e-01, -9.500e-02, 1.109e+05, 0.000e+00, 2.091e-05, 0.000e+00, 2.015e+00, 9.983e+02, 9.186e-09
9.950e-01, 5.000e-01, -8.500e-02, 1.108e+05, 0.000e+00, 1.069e-05, 0.000e+00, 2.013e+00, 9.983e+02, 4.695e-09
9.950e-01, 5.000e-01, -7.500e-02, 1.107e+05, 0.000e+00, 4.958e-06, 0.000e+00, 2.011e+00, 9.983e+02, 2.178e-09
9.950e-01, 5.000e-01, -6.500e-02, 1.106e+05, 0.000e+00, 2.110e-06, 0.000e+00, 2.009e+00, 9.983e+02, 9.267e-10
9.950e-01, 5.000e-01, -5.500e-02, 1.105e+05, 0.000e+00, 8.318e-07, 0.000e+00, 2.008e+00, 9.983e+02, 3.653e-10
9.950e-01, 5.000e-01, -4.500e-02, 1.104e+05, 0.000e+00, 3.063e-07, 0.000e+00, 2.006e+00, 9.983e+02, 1.345e-10
9.950e-01, 5.000e-01, -3.500e-02, 1.103e+05, 0.000e+00, 1.061e-07, 0.000e+00, 2.004e+00, 9.983e+02, 4.659e-11
9.950e-01, 5.000e-01, -2.500e-02, 1.102e+05, 0.000e+00, 3.479e-08, 0.000e+00, 2.002e+00, 9.983e+02, 1.528e-11
9.950e-01, 5.000e-01, -1.500e-02, 1.101e+05, 0.000e+00, 1.105e-08, 0.000e+00, 2.000e+00, 9.983e+02, 4.854e-12
9.950e-01, 5.000e-01, -5.000e-03, 1.100e+05, 0.000e+00, 3.927e-09, 0.000e+00, 1.999e+00, 9.983e+02, 1.725e-12
1.005e+00, 5.000e-01, -1.195e+00, 1.202e+05, 0.000e+00, 1.002e-13, 0.000e+00, 2.184e+00, 9.983e+02, 2.000e-17
1.005e+00, 5.000e-01, -1.185e+00, 1.201e+05, 0.000e+00, 1.002e-13, 0.000e+00, 2.182e+00, 9.983e+02, 2.000e-17
1.005e+00, 5.000e-01, -1.175e+00, 1.200e+05, 0.000e+00, 1.002e-13, 0.000e+00, 2.181e+00, 9.983e+02, 2.000e-17
1.005e+00, 5.000e-01, -1.165e+00, 1.199e+05, 0.000e+00, 1.002e-13, 0.000e+00, 2.179e+00, 9.983e+02, 2.000e-17
1.005e+00, 5.000e-01, -1.155e+00, 1.198e+05, 0.000e+00, 1.022e-13, 0.000e+00, 2.177e+00, 9.983e+02, 2.041e-17
1.005e+00, 5.000e-01, -1.145e+00, 1.197e+05, 0.000e+00, 9.534e-07, 0.000e+00, 2.175e+00, 9.983e+02, 2.973e-10
1.005e+00, 5.000e-01, -1.135e+00, 1.196e+05, 0.000e+00, 1.398e-03, 0.000e+00, 2.174e+00, 9.985e+02, 6.003e-07
1.005e+00, 5.000e-01, -1.125e+00, 1.195e+05, 0.000e+00, 1.363e-03, 0.000e+00, 2.172e+00, 9.985e+02, 5.852e-07
1.005e+00, 5.000e-01, -1.115e+00, 1.194e+05, 0.000e+00, 1.303e-03, 0.000e+00, 2.170e+00, 9.985e+02, 5.593e-07
1.005e+00, 5.000e-01, -1.105e+00, 1.193e+05, 0.000e+00, 1.216e-03, 0.000e+00, 2.168e+00, 9.985e+02, 5.221e-07
1.005e+00, 5.000e-01, -1.095e+00, 1.192e+05, 0.000e+00, 1.105e-03, 0.000e+00, 2.167e+00, 9.985e+02, 4.745e-07
1.005e+00, 5.000e-01, -1.085e+00, 1.191e+05, 0.000e+00, 9.828e-04, 0.000e+00, 2.165e+00, 9.984e+02, 4.220e-07
1.005e+00, 5.000e-01, -1.075e+00, 1.190e+05, 0.000e+00, 8.694e-04, 0.000e+00, 2.163e+00, 9.984e+02, 3.732e-07
1.005e+00, 5.000e-01, -1.065e+00, 1.189e+05, 0.000e+00, 7.797e-04, 0.000e+00, 2.161e+00, 9.984e+02, 3.347e-07
1.005e+00, 5.000e-01, -1.055e+00, 1.188e+05, 0.000e+00, 7.159e-04, 0.000e+00, 2.159e+00, 9.984e+02, 3.073e-07
1.005e+00, 5.000e-01, -1.045e+00, 1.187e+05, 0.000e+00, 6.719e-04, 0.000e+00, 2.158e+00, 9.984e+02, 2.885e-07
1.005e+00, 5.000e-01, -1.035e+00, 1.186e+05, 0.000e+00, 6.394e-04, 0.000e+00, 2.156e+00, 9.984e+02, 2.745e-07
1.005e+00, 5.000e-01, -1.025e+00, 1.185e+05, 0.000e+00, 6.145e-04, 0.000e+00, 2.154e+00, 9.984e+02, 2.638e-07
1.005e+00, 5.000e-01, -1.015e+00, 1.185e+05, 0.000e+00, 5.968e-04, 0.000e+00, 2.152e+00, 9.984e+02, 2.562e-07
1.005e+00, 5.000e-01, -1.005e+00, 1.184e+05, 0.000e+00, 5.830e-04, 0.000e+00, 2.150e+00, 9.984e+02, 2.503e-07
1.005e+00, 5.000e-01, -9.950e-01, 1.183e+05, 0.000e+00, 5.713e-04, 0.000e+00, 2.149e+00, 9.984e+02, 2.453e-07
1.005e+00, 5.000e-01, -9.850e-01, 1.182e+05, 0.000e+00, 5.603e-04, 0.000e+00, 2.147e+00, 9.984e+02, 2.406e-07
1.005e+00, 5.000e-01, -9.750e-01, 1.181e+05, 0.000e+00, 5.498e-04, 0.000e+00, 2.145e+00, 9.984e+02, 2.360e-07
1.005e+00, 5.000e-01, -9.650e-01, 1.180e+05, 0.000e+00, 5.396e-04, 0.000e+00, 2.143e+00, 9.984e+02, 2.316e-07
1.005e+00, 5.000e-01, -9.550e-01, 1.179e+05, 0.000e+00, 5.300e-04, 0.000e+00, 2.141e+00, 9.984e+02, 2.275e-07
1.005e+00, 5.000e-01, -9.450e-01, 1.178e+05, 0.000e+00, 5.218e-04, 0.000e+00, 2.140e+00, 9.984e+02, 2.240e-07
1.005e+00, 5.000e-01, -9.350e-01, 1.177e+05, 0.000e+00, 5.164e-04, 0.000e+00, 2.138e+00, 9.984e+02, 2.217e-07
1.005e+00, 5.000e-01, -9.250e-01, 1.176e+05, 0.000e+00, 5.158e-04, 0.000e+00, 2.136e+00, 9.984e+02, 2.214e-07
1.005e+00, 5.000e-01, -9.150e-01, 1.175e+05, 0.000e+00, 5.198e-04, 0.000e+00, 2.134e+00, 9.984e+02, 2.231e-07
1.005e+00, 5.000e-01, -9.050e-01, 1.174e+05, 0.000e+00, 5.255e-04, 0.000e+00, 2.132e+00, 9.984e+02, 2.256e-07
1.005e+00, 5.000e-01, -8.950e-01, 1.173e+05, 0.000e+00, 5.274e-04, 0.000e+00, 2.131e+00, 9.984e+02, 2.264e-07
1.005e+00, 5.000e-01, -8.850e-01, 1.172e+05, 0.000e+00, 5.229e-04, 0.000e+00, 2.129e+00, 9.984e+02, 2.245e-07
1.005e+00, 5.000e-01, -8.750e-01, 1.171e+05, 0.000e+00, 5.116e-04, 0.000e+00, 2.127e+00, 9.984e+02, 2.196e-07
1.005e+00, 5.000e-01, -8.650e-01, 1.170e+05, 0.000e+00, 4.968e-04, 0.000e+00, 2.125e+00, 9.984e+02, 2.133e-07
1.005e+00, 5.000e-01, -8.550e-01, 1.169e+05, 0.000e+00, 4.819e-04, 0.000e+00, 2.124e+00, 9.984e+02, 2.069e-07
1.005e+00, 5.000e-01, -8.450e-01, 1.168e+05, 0.000e+00, 4.686e-04, 0.000e+00, 2.122e+00, 9.983e+02, 2.012e-07
1.005e+00, 5.000e-01, -8.350e-01, 1.167e+05, 0.000e+00, 4.558e-04, 0.000e+00, 2.120e+00, 9.983e+02, 1.957e-07
1.005e+00, 5.000e-01, -8.250e-01, 1.166e+05, 0.000e+00, 4.407e-04, 0.000e+00, 2.118e+00, 9.983e+02, 1.892e-07
1.005e+00, 5.000e-01, -8.150e-01, 1.165e+05, 0.000e+00, 4.216e-04, 0.000e+00, 2.116e+00, 9.983e+02, 1.810e-07
1.005e+00, 5.000e-01, -8.050e-01, 1.164e+05, 0.000e+00, 3.991e-04, 0.000e+00, 2.115e+00, 9.983e+02, 1.713e-07
1.005e+00, 5.000e-01, -7.950e-01, 1.163e+05, 0.000e+00, 3.756e-04, 0.000e+00, 2.113e+00, 9.983e+02, 1.612e-07
1.005e+00, 5.000e-01, -7.850e-01, 1.162e+05, 0.000e+00, 3.533e-04, 0.000e+00, 2.111e+00, 9.983e+02, 1.517e-07
1.005e+00, 5.000e-01, -7.750e-01, 1.161e+05, 0.000e+00, 3.356e-04, 0.000e+00, 2.109e+00, 9.983e+02, 1.441e-07
1.005e+00, 5.000e-01, -7.650e-01, 1.160e+05, 0.000e+00, 3.318e-04, 0.000e+00, 2.107e+00, 9.983e+02, 1.424e-07
1.005e+00, 5.000e-01, -7.550e-01, 1.159e+05, 0.000e+00, 3.663e-04, 0.000e+00, 2.106e+00, 9.983e+02, 1.572e-07
1.005e+00, 5.000e-01, -7.450e-01, 1.158e+05, 0.000e+00, 4.528e-04, 0.000e+00, 2.104e+00, 9.983e+02, 1.944e-07
1.005e+00, 5.000e-01, -7.350e-01, 1.157e+05, 0.000e+00, 5.644e-04, 0.000e+00, 2.102e+00, 9.984e+02, 2.439e-07
1.005e+00, 5.000e-01, -7.250e-01, 1.171e+05, 0.000e+00, 6.145e-04, 0.000e+00, 2.127e+00, 9.984e+02, 2.699e-07
1.005e+00, 5.000e-01, -7.150e-01, 1.170e+05, 0.000e+00, 4.725e-04, 0.000e+00, 2.126e+00, 9.983e+02, 2.076e-07
1.005e+00, 5.000e-01, -7.050e-01, 1.169e+05, 0.000e+00, 3.314e-04, 0.000e+00, 2.124e+00, 9.983e+02, 1.455e-07
1.005e+00, 5.000e-01, -6.950e-01, 1.168e+05, 0.000e+00, 2.208e-04, 0.000e+00, 2.122e+00, 9.983e+02, 9.700e-08
1.005e+00, 5.000e-01, -6.850e-01, 1.167e+05, 0.000e+00, 1.390e-04, 0.000e+00, 2.120e+00, 9.983e+02, 6.106e-08
1.005e+00, 5.000e-01, -6.750e-01, 1.166e+05, 0.000e+00, 8.220e-05, 0.000e+00, 2.119e+00, 9.983e+02, 3.611e-08
1.005e+00, 5.000e-01, -6.650e-01, 1.165e+05, 0.000e+00, 4.563e-05, 0.000e+00, 2.117e+00, 9.983e+02, 2.004e-08
1.005e+00, 5.000e-01, -6.550e-01, 1.164e+05, 0.000e+00, 2.387e-05, 0.000e+00, 2.115e+00, 9.983e+02, 1.048e-08
1.005e+00, 5.000e-01, -6.450e-01, 1.163e+05, 0.000e+00, 1.210e-05, 0.000e+00, 2.113e+00, 9.983e+02, 5.313e-09
1.005e+00, 5.000e-01, -6.350e-01, 1.162e+05, 0.000e+00, 7.096e-06, 0.000e+00, 2.111e+00, 9.983e+02, 3.117e-09
1.005e+00, 5.000e-01, -6.250e-01, 1.161e+05, 0.000e+00, 8.256e-06, 0.000e+00, 2.110e+00, 9.983e+02, 3.626e-09
1.005e+00, 5.000e-01, -6.150e-01, 1.160e+05, 0.000e+00, 1.922e-05, 0.000e+00, 2.108e+00, 9.983e+02, 8.442e-09
1.005e+00, 5.000e-01, -6.050e-01, 1.159e+05, 0.000e+00, 5.018e-05, 0.000e+00, 2.106e+00, 9.983e+02, 2.204e-08
1.005e+00, 5.000e-01, -5.950e-01, 1.158e+05, 0.000e+00, 1.179e-04, 0.000e+00, 2.104e+00, 9.983e+02, 5.179e-08
1.005e+00, 5.000e-01, -5.850e-01, 1.157e+05, 0.000e+00, 2.362e-04, 0.000e+00, 2.102e+00, 9.983e+02, 1.037e-07
1.005e+00, 5.000e-01, -5.750e-01, 1.142e+05, 0.000e+00, 3.892e-04, 0.000e+00, 2.074e+00, 9.983e+02, 1.744e-07
1.005e+00, 5.000e-01, -5.650e-01, 1.141e+05, 0.000e+00, 4.596e-04, 0.000e+00, 2.072e+00, 9.983e+02, 2.065e-07
1.005e+00, 5.000e-01, -5.550e-01, 1.140e+05, 0.000e+00, 4.909e-04, 0.000e+00, 2.070e+00, 9.984e+02, 2.205e-07
1.005e+00, 5.000e-01, -5.450e-01, 1.139e+05, 0.000e+00, 4.954e-04, 0.000e+00, 2.068e+00, 9.984e+02, 2.226e-07
1.005e+00, 5.000e-01, -5.350e-01, 1.138e+05, 0.000e+00, 4.861e-04, 0.000e+00, 2.067e+00, 9.983e+02, 2.184e-07
1.005e+00, 5.000e-01, -5.250e-01, 1.137e+05, 0.000e+00, 4.624e-04, 0.000e+00, 2.065e+00, 9.983e+02, 2.077e-07
1.005e+00, 5.000e-01, -5.150e-01, 1.136e+05, 0.000e+00, 4.205e-04, 0.000e+00, 2.063e+00, 9.983e+02, 1.889e-07
1.005e+00, 5.000e-01, -5.050e-01, 1.135e+05, 0.000e+00, 3.690e-04, 0.000e+00, 2.061e+00, 9.983e+02, 1.658e-07
1.005e+00, 5.000e-01, -4.950e-01, 1.134e+05, 0.000e+00, 3.148e-04, 0.000e+00, 2.059e+00, 9.983e+02, 1.414e-07
1.005e+00, 5.000e-01, -4.850e-01, 1.133e+05, 0.000e+00, 2.637e-04, 0.000e+00, 2.058e+00, 9.983e+02, 1.185e-07
1.005e+00, 5.000e-01, -4.750e-01, 1.132e+05, 0.000e+00, 2.201e-04, 0.000e+00, 2.056e+00, 9.983e+02, 9.887e-08
1.005e+00, 5.000e-01, -4.650e-01, 1.132e+05, 0.000e+00, 1.849e-04, 0.000e+00, 2.055e+00, 9.983e+02, 8.159e-08
1.005e+00, 5.000e-01, -4.550e-01, 1.131e+05, 0.000e+00, 1.536e-04, 0.000e+00, 2.054e+00, 9.983e+02, 6.736e-08
1.005e+00, 5.000e-01, -4.450e-01, 1.129e+05, 0.000e+00, 1.259e-04, 0.000e+00, 2.050e+00, 9.983e+02, 5.402e-08
1.005e+00, 5.000e-01, -4.350e-01, 1.128e+05, 0.000e+00, 1.021e-04, 0.000e+00, 2.048e+00, 9.983e+02, 4.383e-08
1.005e+00, 5.000e-01, -4.250e-01, 1.127e+05, 0.000e+00, 8.235e-05, 0.000e+00, 2.047e+00, 9.983e+02, 3.535e-08
1.005e+00, 5.000e-01, -4.150e-01, 1.126e+05, 0.000e+00, 6.598e-05, 0.000e+00, 2.045e+00, 9.983e+02, 2.832e-08
1.005e+00, 5.000e-01, -4.050e-01, 1.125e+05, 0.000e+00, 5.236e-05, 0.000e+00, 2.043e+00, 9.983e+02, 2.248e-08
1.005e+00, 5.000e-01, -3.950e-01, 1.124e+05, 0.000e+00, 4.108e-05, 0.000e+00, 2.041e+00, 9.983e+02, 1.763e-08
1.005e+00, 5.000e-01, -3.850e-01, 1.123e+05, 0.000e+00, 3.183e-05, 0.000e+00, 2.039e+00, 9.983e+02, 1.366e-08
1.005e+00, 5.000e-01, -3.750e-01, 1.122e+05, 0.000e+00, 2.432e-05, 0.000e+00, 2.038e+00, 9.983e+02, 1.044e-08
1.005e+00, 5.000e-01, -3.650e-01, 1.121e+05, 0.000e+00, 1.828e-05, 0.000e+00, 2.036e+00, 9.983e+02, 7.853e-09
1.005e+00, 5.000e-01, -3.550e-01, 1.120e+05, 0.000e+00, 1.325e-05, 0.000e+00, 2.034e+00, 9.983e+02, 5.937e-09
1.005e+00, 5.000e-01, -3.450e-01, 1.119e+05, 0.000e+00, 9.397e-06, 0.000e+00, 2.033e+00, 9.983e+02, 4.221e-09
1.005e+00, 5.000e-01, -3.350e-01, 1.118e+05, 0.000e+00, 6.536e-06, 0.000e+00, 2.031e+00, 9.983e+02, 2.936e-09
1.005e+00, 5.000e-01, -3.250e-01, 1.117e+05, 0.000e+00, 4.542e-06, 0.000e+00, 2.029e+00, 9.983e+02, 2.040e-09
1.005e+00, 5.000e-01, -3.150e-01, 1.116e+05, 0.000e+00, 3.038e-06, 0.000e+00, 2.027e+00, 9.983e+02, 1.365e-09
1.005e+00, 5.000e-01, -3.050e-01, 1.115e+05, 0.000e+00, 1.933e-06, 0.000e+00, 2.025e+00, 9.983e+02, 8.681e-10
1.005e+00, 5.000e-01, -2.950e-01, 1.114e+05, 0.000e+00, 1.202e-06, 0.000e+00, 2.024e+00, 9.983e+02, 5.398e-10
1.005e+00, 5.000e-01, -2.850e-01, 1.113e+05, 0.000e+00, 7.554e-07, 0.000e+00, 2.022e+00, 9.983e+02, 3.393e-10
1.005e+00, 5.000e-01, -2.750e-01, 1.112e+05, 0.000e+00, 4.702e-07, 0.000e+00, 2.020e+00, 9.983e+02, 2.089e-10
1.005e+00, 5.000e-01, -2.650e-01, 1.112e+05, 0.000e+00, 2.818e-07, 0.000e+00, 2.020e+00, 9.983e+02, 1.231e-10
1.005e+00, 5.000e-01, -2.550e-01, 1.111e+05, 0.000e+00, 1.888e-07, 0.000e+00, 2.018e+00, 9.983e+02, 7.165e-11
1.005e+00, 5.000e-01, -2.450e-01, 1.109e+05, 0.000e+00, 3.877e-10, 0.000e+00, 2.014e+00, 9.983e+02, 1.425e-13
1.005e+00, 5.000e-01, -2.350e-01, 1.108e+05, 0.000e+00, 4.259e-10, 0.000e+00, 2.012e+00, 9.983e+02, 1.508e-13
1.005e+00, 5.000e-01, -2.250e-01, 1.107e+05, 0.000e+00, 3.511e-10, 0.000e+00, 2.011e+00, 9.983e+02, 1.470e-13
1.005e+00, 5.000e-01, -2.150e-01, 1.106e+05, 0.000e+00, 2.117e-08, 0.000e+00, 2.009e+00, 9.983e+02, 5.991e-12
1.005e+00, 5.000e-01, -2.050e-01, 1.108e+05, 0.000e+00, 7.452e-04, 0.000e+00, 2.012e+00, 9.984e+02, 2.647e-07
1.005e+00, 5.000e-01, -1.950e-01, 1.107e+05, 0.000e+00, 6.164e-04, 0.000e+00, 2.011e+00, 9.984e+02, 2.590e-07
1.005e+00, 5.000e-01, -1.850e-01, 1.106e+05, 0.000e+00, 5.085e-04, 0.000e+00, 2.009e+00, 9.984e+02, 2.183e-07
1.005e+00, 5.000e-01, -1.750e-01, 1.105e+05, 0.000e+00, 4.287e-04, 0.000e+00, 2.007e+00, 9.983e+02, 1.840e-07
1.005e+00, 5.000e-01, -1.650e-01, 1.104e+05, 0.000e+00, 3.418e-04, 0.000e+00, 2.005e+00, 9.983e+02, 1.467e-07
1.005e+00, 5.000e-01, -1.550e-01, 1.103e+05, 0.000e+00, 2.497e-04, 0.000e+00, 2.004e+00, 9.983e+02, 1.072e-07
1.005e+00, 5.000e-01, -1.450e-01, 1.102e+05, 0.000e+00, 1.784e-04, 0.000e+00, 2.002e+00, 9.983e+02, 7.660e-08
1.005e+00, 5.000e-01, -1.350e-01, 1.113e+05, 0.000e+00, 1.235e-04, 0.000e+00, 2.022e+00, 9.983e+02, 5.383e-08
1.005e+00, 5.000e-01, -1.250e-01, 1.112e+05, 0.000e+00, 8.014e-05, 0.000e+00, 2.020e+00, 9.983e+02, 3.520e-08
1.005e+00, 5.000e-01, -1.150e-01, 1.111e+05, 0.000e+00, 5.053e-05, 0.000e+00, 2.018e+00, 9.983e+02, 2.219e-08
1.005e+00, 5.000e-01, -1.050e-01, 1.110e+05, 0.000e+00, 3.005e-05, 0.000e+00, 2.017e+00, 9.983e+02, 1.320e-08
1.005e+00, 5.000e-01, -9.500e-02, 1.109e+05, 0.000e+00, 1.645e-05, 0.000e+00, 2.015e+00, 9.983e+02, 7.227e-09
1.005e+00, 5.000e-01, -8.500e-02, 1.108e+05, 0.000e+00, 8.235e-06, 0.000e+00, 2.013e+00, 9.983e+02, 3.617e-09
1.005e+00, 5.000e-01, -7.500e-02, 1.107e+05, 0.000e+00, 3.779e-06, 0.000e+00, 2.011e+00, 9.983e+02, 1.660e-09
1.005e+00, 5.000e-01, -6.500e-02, 1.106e+05, 0.000e+00, 1.602e-06, 0.000e+00, 2.009e+00, 9.983e+02, 7.035e-10
1.005e+00, 5.000e-01, -5.500e-02, 1.105e+05, 0.000e+00, 6.312e-07, 0.000e+00, 2.008e+00, 9.983e+02, 2.772e-10
1.005e+00, 5.000e-01, -4.500e-02, 1.104e+05, 0.000e+00, 2.328e-07, 0.000e+00, 2.006e+00, 9.983e+02, 1.023e-10
1.005e+00, 5.000e-01, -3.500e-02, 1.103e+05, 0.000e+00, 8.082e-08, 0.000e+00, 2.004e+00, 9.983e+02, 3.550e-11
1.005e+00, 5.000e-01, -2.500e-02, 1.102e+05, 0.000e+00, 2.657e-08, 0.000e+00, 2.002e+00, 9.983e+02, 1.167e-11
1.005e+00, 5.000e-01, -1.500e-02, 1.101e+05, 0.000e+00, 8.455e-09, 0.000e+00, 2.000e+00, 9.983e+02, 3.714e-12
1.005e+00, 5.000e-01, -5.000e-03, 1.100e+05, 0.000e+00, 3.001e-09, 0.000e+00, 1.999e+00, 9.983e+02, 1.318e-12
1.015e+00, 5.000e-01, -1.195e+00, 1.202e+05, 0.000e+00, 1.002e-13, 0.000e+00, 2.184e+00, 9.983e+02, 2.000e-17
1.015e+00, 5.000e-01, -1.185e+00, 1.201e+05, 0.000e+00, 1.002e-13, 0.000e+00, 2.182e+00, 9.983e+02, 2.000e-17
1.015e+00, 5.000e-01, -1.175e+00, 1.200e+05, 0.000e+00, 1.002e-13, 0.000e+00, 2.181e+00, 9.983e+02, 2.000e-17
1.015e+00, 5.000e-01, -1.165e+00, 1.199e+05, 0.000e+00, 1.002e-13, 0.000e+00, 2.179e+00, 9.983e+02, 2.000e-17
1.015e+00, 5.000e-01, -1.155e+00, 1.198e+05, 0.000e+00, 1.002e-13, 0.000e+00, 2.177e+00, 9.983e+02, 2.000e-17
1.015e+00, 5.000e-01, -1.145e+00, 1.197e+05, 0.000e+00, 7.581e-13, 0.000e+00, 2.175e+00, 9.983e+02, 1.843e-16
1.015e+00, 5.000e-01, -1.135e+00, 1.196e+05, 0.000e+00, 1.393e-03, 0.000e+00, 2.174e+00, 9.985e+02, 5.980e-07
1.015e+00, 5.000e-01, -1.125e+00, 1.195e+05, 0.000e+00, 1.359e-03, 0.000e+00, 2.172e+00, 9.985e+02, 5.836e-07
1.015e+00, 5.000e-01, -1.115e+00, 1.194e+05, 0.000e+00, 1.300e-03, 0.000e+00, 2.170e+00, 9.985e+02, 5.583e-07
1.015e+00, 5.000e-01, -1.105e+00, 1.193e+05, 0.000e+00, 1.216e-03, 0.000e+00, 2.168e+00, 9.985e+02, 5.219e-07
1.015e+00, 5.000e-01, -1.095e+00, 1.192e+05, 0.000e+00, 1.106e-03, 0.000e+00, 2.167e+00, 9.985e+02, 4.749e-07
1.015e+00, 5.000e-01, -1.085e+00, 1.191e+05, 0.000e+00, 9.840e-04, 0.000e+00, 2.165e+00, 9.984e+02, 4.225e-07
1.015e+00, 5.000e-01, -1.075e+00, 1.190e+05, 0.000e+00, 8.699e-04, 0.000e+00, 2.163e+00, 9.984e+02, 3.735e-07
1.015e+00, 5.000e-01, -1.065e+00, 1.189e+05, 0.000e+00, 7.790e-04, 0.000e+00, 2.161e+00, 9.984e+02, 3.344e-07
1.015e+00, 5.000e-01, -1.055e+00, 1.188e+05, 0.000e+00, 7.136e-04, 0.000e+00, 2.159e+00, 9.984e+02, 3.064e-07
1.015e+00, 5.000e-01, -1.045e+00, 1.187e+05, 0.000e+00, 6.679e-04, 0.000e+00, 2.158e+00, 9.984e+02, 2.868e-07
1.015e+00, 5.000e-01, -1.035e+00, 1.186e+05, 0.000e+00, 6.342e-04, 0.000e+00, 2.156e+00, 9.984e+02, 2.723e-07
1.015e+00, 5.000e-01, -1.025e+00, 1.185e+05, 0.000e+00, 6.100e-04, 0.000e+00, 2.154e+00, 9.984e+02, 2.619e-07
1.015e+00, 5.000e-01, -1.015e+00, 1.185e+05, 0.000e+00, 5.947e-04, 0.000e+00, 2.152e+00, 9.984e+02, 2.553e-07
1.015e+00, 5.000e-01, -1.005e+00, 1.184e+05, 0.000e+00, 5.832e-04, 0.000e+00, 2.150e+00, 9.984e+02, 2.504e-07
1.015e+00, 5.000e-01, -9.950e-01, 1.183e+05, 0.000e+00, 5.731e-04, 0.000e+00, 2.149e+00, 9.984e+02, 2.461e-07
1.015e+00, 5.000e-01, -9.850e-01, 1.182e+05, 0.000e+00, 5.632e-04, 0.000e+00, 2.147e+00, 9.984e+02, 2.418e-07
1.015e+00, 5.000e-01, -9.750e-01, 1.181e+05, 0.000e+00, 5.532e-04, 0.000e+00, 2.145e+00, 9.984e+02, 2.375e-07
1.015e+00, 5.000e-01, -9.650e-01, 1.180e+05, 0.000e+00, 5.434e-04, 0.000e+00, 2.143e+00, 9.984e+02, 2.333e-07
1.015e+00, 5.000e-01, -9.550e-01, 1.179e+05, 0.000e+00, 5.345e-04, 0.000e+00, 2.141e+00, 9.984e+02, 2.294e-07
1.015e+00, 5.000e-01, -9.450e-01, 1.178e+05, 0.000e+00, 5.279e-04, 0.000e+00, 2.140e+00, 9.984e+02, 2.266e-07
1.015e+00, 5.000e-01, -9.350e-01, 1.177e+05, 0.000e+00, 5.263e-04, 0.000e+00, 2.138e+00, 9.984e+02, 2.259e-07
1.015e+00, 5.000e-01, -9.250e-01, 1.176e+05, 0.000e+00, 5.318e-04, 0.000e+00, 2.136e+00, 9.984e+02, 2.283e-07
1.015e+00, 5.000e-01, -9.150e-01, 1.175e+05, 0.000e+00, 5.436e-04, 0.000e+00, 2.134e+00, 9.984e+02, 2.334e-07
1.015e+00, 5.000e-01, -9.050e-01, 1.174e+05, 0.000e+00, 5.576e-04, 0.000e+00, 2.132e+00, 9.984e+02, 2.394e-07
1.015e+00, 5.000e-01, -8.950e-01, 1.173e+05, 0.000e+00, 5.667e-04, 0.000e+00, 2.131e+00, 9.984e+02, 2.433e-07
1.015e+00, 5.000e-01, -8.850e-01, 1.172e+05, 0.000e+00, 5.631e-04, 0.000e+00, 2.129e+00, 9.984e+02, 2.417e-07
1.015e+00, 5.000e-01, -8.750e-01, 1.171e+05, 0.000e+00, 5.457e-04, 0.000e+00, 2.127e+00, 9.984e+02, 2.343e-07
1.015e+00, 5.000e-01, -8.650e-01, 1.170e+05, 0.000e+00, 5.219e-04, 0.000e+00, 2.125e+00, 9.984e+02, 2.241e-07
1.015e+00, 5.000e-01, -8.550e-01, 1.169e+05, 0.000e+00, 4.990e-04, 0.000e+00, 2.124e+00, 9.984e+02, 2.142e-07
1.015e+00, 5.000e-01, -8.450e-01, 1.168e+05, 0.000e+00, 4.798e-04, 0.000e+00, 2.122e+00, 9.983e+02, 2.060e-07
1.015e+00, 5.000e-01, -8.350e-01, 1.167e+05, 0.000e+00, 4.638e-04, 0.000e+00, 2.120e+00, 9.983e+02, 1.991e-07
1.015e+00, 5.000e-01, -8.250e-01, 1.166e+05, 0.000e+00, 4.485e-04, 0.000e+00, 2.118e+00, 9.983e+02, 1.925e-07
1.015e+00, 5.000e-01, -8.150e-01, 1.165e+05, 0.000e+00, 4.309e-04, 0.000e+00, 2.116e+00, 9.983e+02, 1.850e-07
1.015e+00, 5.000e-01, -8.050e-01, 1.164e+05, 0.000e+00, 4.098e-04, 0.000e+00, 2.115e+00, 9.983e+02, 1.759e-07
1.015e+00, 5.000e-01, -7.950e-01, 1.163e+05, 0.000e+00, 3.864e-04, 0.000e+00, 2.113e+00, 9.983e+02, 1.659e-07
1.015e+00, 5.000e-01, -7.850e-01, 1.162e+05, 0.000e+00, 3.631e-04, 0.000e+00, 2.111e+00, 9.983e+02, 1.559e-07
1.015e+00, 5.000e-01, -7.750e-01, 1.161e+05, 0.000e+00, 3.435e-04, 0.000e+00, 2.109e+00, 9.983e+02, 1.475e-07
1.015e+00, 5.000e-01, -7.650e-01, 1.160e+05, 0.000e+00, 3.366e-04, 0.000e+00, 2.107e+00, 9.983e+02, 1.445e-07
1.015e+00, 5.000e-01, -7.550e-01, 1.159e+05, 0.000e+00, 3.642e-04, 0.000e+00, 2.106e+00, 9.983e+02, 1.563e-07
1.015e+00, 5.000e-01, -7.450e-01, 1.158e+05, 0.000e+00, 4.408e-04, 0.000e+00, 2.104e+00, 9.983e+02, 1.892e-07
1.015e+00, 5.000e-01, -7.350e-01, 1.157e+05, 0.000e+00, 5.361e-04, 0.000e+00, 2.102e+00, 9.984e+02, 2.302e-07
1.015e+00, 5.000e-01, -7.250e-01, 1.171e+05, 0.000e+00, 6.222e-04, 0.000e+00, 2.127e+00, 9.984e+02, 2.727e-07
1.015e+00, 5.000e-01, -7.150e-01, 1.170e+05, 0.000e+00, 4.859e-04, 0.000e+00, 2.126e+00, 9.984e+02, 2.134e-07
1.015e+00, 5.000e-01, -7.050e-01, 1.169e+05, 0.000e+00, 3.416e-04, 0.000e+00, 2.124e+00, 9.983e+02, 1.501e-07
1.015e+00, 5.000e-01, -6.950e-01, 1.168e+05, 0.000e+00, 2.283e-04, 0.000e+00, 2.122e+00, 9.983e+02, 1.003e-07
1.015e+00, 5.000e-01, -6.850e-01, 1.167e+05, 0.000e+00, 1.442e-04, 0.000e+00, 2.120e+00, 9.983e+02, 6.332e-08
1.015e+00, 5.000e-01, -6.750e-01, 1.166e+05, 0.000e+00, 8.551e-05, 0.000e+00, 2.119e+00, 9.983e+02, 3.756e-08
1.015e+00, 5.000e-01, -6.650e-01, 1.165e+05, 0.000e+00, 4.757e-05, 0.000e+00, 2.117e+00, 9.983e+02, 2.090e-08
1.015e+00, 5.000e-01, -6.550e-01, 1.164e+05, 0.000e+00, 2.494e-05, 0.000e+00, 2.115e+00, 9.983e+02, 1.096e-08
1.015e+00, 5.000e-01, -6.450e-01, 1.163e+05, 0.000e+00, 1.272e-05, 0.000e+00, 2.113e+00, 9.983e+02, 5.589e-09
1.015e+00, 5.000e-01, -6.350e-01, 1.162e+05, 0.000e+00, 7.681e-06, 0.000e+00, 2.111e+00, 9.983e+02, 3.374e-09
1.015e+00, 5.000e-01, -6.250e-01, 1.161e+05, 0.000e+00, 9.306e-06, 0.000e+00, 2.110e+00, 9.983e+02, 4.087e-09
1.015e+00, 5.000e-01, -6.150e-01, 1.160e+05, 0.000e+00, 2.145e-05, 0.000e+00, 2.108e+00, 9.983e+02, 9.422e-09
1.015e+00, 5.000e-01, -6.050e-01, 1.159e+05, 0.000e+00, 5.427e-05, 0.000e+00, 2.106e+00, 9.983e+02, 2.384e-08
1.015e+00, 5.000e-01, -5.950e-01, 1.158e+05, 0.000e+00, 1.233e-04, 0.000e+00, 2.104e+00, 9.983e+02, 5.418e-08
1.015e+00, 5.000e-01, -5.850e-01, 1.157e+05, 0.000e+00, 2.395e-04, 0.000e+00, 2.102e+00, 9.983e+02, 1.052e-07
1.015e+00, 5.000e-01, -5.750e-01, 1.142e+05, 0.000e+00, 3.858e-04, 0.000e+00, 2.074e+00, 9.983e+02, 1.725e-07
1.015e+00, 5.000e-01, -5.650e-01, 1.141e+05, 0.000e+00, 4.617e-04, 0.000e+00, 2.072e+00, 9.983e+02, 2.074e-07
1.015e+00, 5.000e-01, -5.550e-01, 1.140e+05, 0.000e+00, 4.962e-04, 0.000e+00, 2.070e+00, 9.984e+02, 2.229e-07
1.015e+00, 5.000e-01, -5.450e-01, 1.139e+05, 0.000e+00, 5.020e-04, 0.000e+00, 2.068e+00, 9.984e+02, 2.255e-07
1.015e+00, 5.000e-01, -5.350e-01, 1.138e+05, 0.000e+00, 4.960e-04, 0.000e+00, 2.067e+00, 9.984e+02, 2.228e-07
1.015e+00, 5.000e-01, -5.250e-01, 1.137e+05, 0.000e+00, 4.793e-04, 0.000e+00, 2.065e+00, 9.983e+02, 2.153e-07
1.015e+00, 5.000e-01, -5.150e-01, 1.136e+05, 0.000e+00, 4.445e-04, 0.000e+00, 2.063e+00, 9.983e+02, 1.997e-07
1.015e+00, 5.000e-01, -5.050e-01, 1.135e+05, 0.000e+00, 3.945e-04, 0.000e+00, 2.061e+00, 9.983e+02, 1.772e-07
1.015e+00, 5.000e-01, -4.950e-01, 1.134e+05, 0.000e+00, 3.375e-04, 0.000e+00, 2.059e+00, 9.983e+02, 1.516e-07
1.015e+00, 5.000e-01, -4.850e-01, 1.133e+05, 0.000e+00, 2.818e-04, 0.000e+00, 2.058e+00, 9.983e+02, 1.266e-07
1.015e+00, 5.000e-01, -4.750e-01, 1.132e+05, 0.000e+00, 2.331e-04, 0.000e+00, 2.056e+00, 9.983e+02, 1.047e-07
1.015e+00, 5.000e-01, -4.650e-01, 1.132e+05, 0.000e+00, 1.939e-04, 0.000e+00, 2.055e+00, 9.983e+02, 8.570e-08
1.015e+00, 5.000e-01, -4.550e-01, 1.131e+05, 0.000e+00, 1.597e-04, 0.000e+00, 2.054e+00, 9.983e+02, 7.003e-08
1.015e+00, 5.000e-01, -4.450e-01, 1.129e+05, 0.000e+00, 1.300e-04, 0.000e+00, 2.050e+00, 9.983e+02, 5.579e-08
1.015e+00, 5.000e-01, -4.350e-01, 1.128e+05, 0.000e+00, 1.049e-04, 0.000e+00, 2.048e+00, 9.983e+02, 4.501e-08
1.015e+00, 5.000e-01, -4.250e-01, 1.127e+05, 0.000e+00, 8.418e-05, 0.000e+00, 2.047e+00, 9.983e+02, 3.613e-08
1.015e+00, 5.000e-01, -4.150e-01, 1.126e+05, 0.000e+00, 6.720e-05, 0.000e+00, 2.045e+00, 9.983e+02, 2.885e-08
1.015e+00, 5.000e-01, -4.050e-01, 1.125e+05, 0.000e+00, 5.320e-05, 0.000e+00, 2.043e+00, 9.983e+02, 2.283e-08
1.015e+00, 5.000e-01, -3.950e-01, 1.124e+05, 0.000e+00, 4.167e-05, 0.000e+00, 2.041e+00, 9.983e+02, 1.789e-08
1.015e+00, 5.000e-01, -3.850e-01, 1.123e+05, 0.000e+00, 3.224e-05, 0.000e+00, 2.039e+00, 9.983e+02, 1.384e-08
1.015e+00, 5.000e-01, -3.750e-01, 1.122e+05, 0.000e+00, 2.445e-05, 0.000e+00, 2.038e+00, 9.983e+02, 1.050e-08
1.015e+00, 5.000e-01, -3.650e-01, 1.121e+05, 0.000e+00, 1.811e-05, 0.000e+00, 2.036e+00, 9.983e+02, 7.856e-09
1.015e+00, 5.000e-01, -3.550e-01, 1.120e+05, 0.000e+00, 1.307e-05, 0.000e+00, 2.034e+00, 9.983e+02, 5.872e-09
1.015e+00, 5.000e-01, -3.450e-01, 1.119e+05, 0.000e+00, 9.179e-06, 0.000e+00, 2.033e+00, 9.983e+02, 4.123e-09
1.015e+00, 5.000e-01, -3.350e-01, 1.118e+05, 0.000e+00, 6.129e-06, 0.000e+00, 2.031e+00, 9.983e+02, 2.753e-09
1.015e+00, 5.000e-01, -3.250e-01, 1.117e+05, 0.000e+00, 4.237e-06, 0.000e+00, 2.029e+00, 9.983e+02, 1.904e-09
1.015e+00, 5.000e-01, -3.150e-01, 1.116e+05, 0.000e+00, 2.750e-06, 0.000e+00, 2.027e+00, 9.983e+02, 1.235e-09
1.015e+00, 5.000e-01, -3.050e-01, 1.115e+05, 0.000e+00, 1.701e-06, 0.000e+00, 2.025e+00, 9.983e+02, 7.642e-10
1.015e+00, 5.000e-01, -2.950e-01, 1.114e+05, 0.000e+00, 8.195e-07, 0.000e+00, 2.024e+00, 9.983e+02, 3.569e-10
1.015e+00, 5.000e-01, -2.850e-01, 1.113e+05, 0.000e+00, 3.829e-07, 0.000e+00, 2.022e+00, 9.983e+02, 1.407e-10
1.015e+00, 5.000e-01, -2.750e-01, 1.112e+05, 0.000e+00, 4.343e-12, 0.000e+00, 2.020e+00, 9.983e+02, 1.337e-15
1.015e+00, 5.000e-01, -2.650e-01, 1.111e+05, 0.000e+00, 3.296e-11, 0.000e+00, 2.018e+00, 9.983e+02, 7.278e-15
1.015e+00, 5.000e-01, -2.550e-01, 1.110e+05, 0.000e+00, 1.060e-09, 0.000e+00, 2.016e+00, 9.983e+02, 4.554e-13
1.015e+00, 5.000e-01, -2.450e-01, 1.109e+05, 0.000e+00, 4.300e-08, 0.000e+00, 2.014e+00, 9.983e+02, 1.264e-11
1.015e+00, 5.000e-01, -2.350e-01, 1.109e+05, 0.000e+00, 8.053e-04, 0.000e+00, 2.014e+00, 9.984e+02, 2.966e-07
1.015e+00, 5.000e-01, -2.250e-01, 1.110e+05, 0.000e+00, 7.060e-04, 0.000e+00, 2.016e+00, 9.984e+02, 3.018e-07
1.015e+00, 5.000e-01, -2.150e-01, 1.109e+05, 0.000e+00, 6.518e-04, 0.000e+00, 2.014e+00, 9.984e+02, 2.798e-07
1.015e+00, 5.000e-01, -2.050e-01, 1.108e+05, 0.000e+00, 6.140e-04, 0.000e+00, 2.012e+00, 9.984e+02, 2.636e-07
1.015e+00, 5.000e-01, -1.950e-01, 1.107e+05, 0.000e+00, 5.619e-04, 0.000e+00, 2.011e+00, 9.984e+02, 2.412e-07
1.015e+00, 5.000e-01, -1.850e-01, 1.106e+05, 0.000e+00, 4.864e-04, 0.000e+00, 2.009e+00, 9.983e+02, 2.088e-07
1.015e+00, 5.000e-01, -1.750e-01, 1.105e+05, 0.000e+00, 4.090e-04, 0.000e+00, 2.007e+00, 9.983e+02, 1.756e-07
1.015e+00, 5.000e-01, -1.650e-01, 1.104e+05, 0.000e+00, 3.296e-04, 0.000e+00, 2.005e+00, 9.983e+02, 1.415e-07
1.015e+00, 5.000e-01, -1.550e-01, 1.103e+05, 0.000e+00, 2.505e-04, 0.000e+00, 2.004e+00, 9.983e+02, 1.075e-07
1.015e+00, 5.000e-01, -1.450e-01, 1.102e+05, 0.000e+00, 1.841e-04, 0.000e+00, 2.002e+00, 9.983e+02, 7.917e-08
1.015e+00, 5.000e-01, -1.350e-01, 1.113e+05, 0.000e+00, 1.229e-04, 0.000e+00, 2.022e+00, 9.983e+02, 5.393e-08
1.015e+00, 5.000e-01, -1.250e-01, 1.112e+05, 0.000e+00, 7.575e-05, 0.000e+00, 2.020e+00, 9.983e+02, 3.327e-08
1.015e+00, 5.000e-01, -1.150e-01, 1.111e+05, 0.000e+00, 4.452e-05, 0.000e+00, 2.018e+00, 9.983e+02, 1.955e-08
1.015e+00, 5.000e-01, -1.050e-01, 1.110e+05, 0.000e+00, 2.484e-05, 0.000e+00, 2.017e+00, 9.983e+02, 1.091e-08
1.015e+00, 5.000e-01, -9.500e-02, 1.109e+05, 0.000e+00, 1.298e-05, 0.000e+00, 2.015e+00, 9.983e+02, 5.703e-09
1.015e+00, 5.000e-01, -8.500e-02, 1.108e+05, 0.000e+00, 6.309e-06, 0.000e+00, 2.013e+00, 9.983e+02, 2.771e-09
1.015e+00, 5.000e-01, -7.500e-02, 1.107e+05, 0.000e+00, 2.846e-06, 0.000e+00, 2.011e+00, 9.983e+02, 1.250e-09
1.015e+00, 5.000e-01, -6.500e-02, 1.106e+05, 0.000e+00, 1.196e-06, 0.000e+00, 2.009e+00, 9.983e+02, 5.252e-10
1.015e+00, 5.000e-01, -5.500e-02, 1.105e+05, 0.000e+00, 4.697e-07, 0.000e+00, 2.008e+00, 9.983e+02, 2.063e-10
1.015e+00, 5.000e-01, -4.500e-02, 1.104e+05, 0.000e+00, 1.733e-07, 0.000e+00, 2.006e+00, 9.983e+02, 7.610e-11
1.015e+00, 5.000e-01, -3.500e-02, 1.103e+05, 0.000e+00, 6.024e-08, 0.000e+00, 2.004e+00, 9.983e+02, 2.646e-11
1.015e+00, 5.000e-01, -2.500e-02, 1.102e+05, 0.000e+00, 1.985e-08, 0.000e+00, 2.002e+00, 9.983e+02, 8.720e-12
1.015e+00, 5.000e-01, -1.500e-02, 1.101e+05, 0.000e+00, 6.331e-09, 0.000e+00, 2.000e+00, 9.983e+02, 2.781e-12
1.015e+00, 5.000e-01, -5.000e-03, 1.100e+05, 0.000e+00, 2.246e-09, 0.000e+00, 1.999e+00, 9.983e+02, 9.864e-13
1.025e+00, 5.000e-01, -1.195e+00, 1.202e+05, 0.000e+00, 1.002e-13, 0.000e+00, 2.184e+00, 9.983e+02, 2.000e-17
1.025e+00, 5.000e-01, -1.185e+00, 1.201e+05, 0.000e+00, 1.002e-13, 0.000e+00, 2.182e+00, 9.983e+02, 2.000e-17
1.025e+00, 5.000e-01, -1.175e+00, 1.200e+05, 0.000e+00, 1.002e-13, 0.000e+00, 2.181e+00, 9.983e+02, 2.000e-17
1.025e+00, 5.000e-01, -1.165e+00, 1.199e+05, 0.000e+00, 1.002e-13, 0.000e+00, 2.179e+00, 9.983e+02, 2.000e-17
1.025e+00, 5.000e-01, -1.155e+00, 1.198e+05, 0.000e+00, 1.002e-13, 0.000e+00, 2.177e+00, 9.983e+02, 2.000e-17
1.025e+00, 5.000e-01, -1.145e+00, 1.197e+05, 0.000e+00, 3.288e-12, 0.000e+00, 2.175e+00, 9.983e+02, 6.585e-16
1.025e+00, 5.000e-01, -1.135e+00, 1.196e+05, 0.000e+00, 1.401e-03, 0.000e+00, 2.174e+00, 9.985e+02, 5.652e-07
1.025e+00, 5.000e-01, -1.125e+00, 1.195e+05, 0.000e+00, 1.357e-03, 0.000e+00, 2.172e+00, 9.985e+02, 5.826e-07
1.025e+00, 5.000e-01, -1.115e+00, 1.194e+05, 0.000e+00, 1.298e-03, 0.000e+00, 2.170e+00, 9.985e+02, 5.574e-07
1.025e+00, 5.000e-01, -1.105e+00, 1.193e+05, 0.000e+00, 1.215e-03, 0.000e+00, 2.168e+00, 9.985e+02, 5.218e-07
1.025e+00, 5.000e-01, -1.095e+00, 1.192e+05, 0.000e+00, 1.107e-03, 0.000e+00, 2.167e+00, 9.985e+02, 4.755e-07
1.025e+00, 5.000e-01, -1.085e+00, 1.191e+05, 0.000e+00, 9.856e-04, 0.000e+00, 2.165e+00, 9.984e+02, 4.231e-07
1.025e+00, 5.000e-01, -1.075e+00, 1.190e+05, 0.000e+00, 8.701e-04, 0.000e+00, 2.163e+00, 9.984e+02, 3.736e-07
1.025e+00, 5.000e-01, -1.065e+00, 1.189e+05, 0.000e+00, 7.772e-04, 0.000e+00, 2.161e+00, 9.984e+02, 3.336e-07
1.025e+00, 5.000e-01, -1.055e+00, 1.188e+05, 0.000e+00, 7.096e-04, 0.000e+00, 2.159e+00, 9.984e+02, 3.046e-07
1.025e+00, 5.000e-01, -1.045e+00, 1.187e+05, 0.000e+00, 6.622e-04, 0.000e+00, 2.158e+00, 9.984e+02, 2.843e-07
1.025e+00, 5.000e-01, -1.035e+00, 1.186e+05, 0.000e+00, 6.292e-04, 0.000e+00, 2.156e+00, 9.984e+02, 2.701e-07
1.025e+00, 5.000e-01, -1.025e+00, 1.185e+05, 0.000e+00, 6.082e-04, 0.000e+00, 2.154e+00, 9.984e+02, 2.611e-07
1.025e+00, 5.000e-01, -1.015e+00, 1.185e+05, 0.000e+00, 5.962e-04, 0.000e+00, 2.152e+00, 9.984e+02, 2.560e-07
1.025e+00, 5.000e-01, -1.005e+00, 1.184e+05, 0.000e+00, 5.872e-04, 0.000e+00, 2.150e+00, 9.984e+02, 2.521e-07
1.025e+00, 5.000e-01, -9.950e-01, 1.183e+05, 0.000e+00, 5.784e-04, 0.000e+00, 2.149e+00, 9.984e+02, 2.483e-07
1.025e+00, 5.000e-01, -9.850e-01, 1.182e+05, 0.000e+00, 5.691e-04, 0.000e+00, 2.147e+00, 9.984e+02, 2.443e-07
1.025e+00, 5.000e-01, -9.750e-01, 1.181e+05, 0.000e+00, 5.593e-04, 0.000e+00, 2.145e+00, 9.984e+02, 2.401e-07
1.025e+00, 5.000e-01, -9.650e-01, 1.180e+05, 0.000e+00, 5.499e-04, 0.000e+00, 2.143e+00, 9.984e+02, 2.361e-07
1.025e+00, 5.000e-01, -9.550e-01, 1.179e+05, 0.000e+00, 5.422e-04, 0.000e+00, 2.141e+00, 9.984e+02, 2.328e-07
1.025e+00, 5.000e-01, -9.450e-01, 1.178e+05, 0.000e+00, 5.388e-04, 0.000e+00, 2.140e+00, 9.984e+02, 2.313e-07
1.025e+00, 5.000e-01, -9.350e-01, 1.177e+05, 0.000e+00, 5.428e-04, 0.000e+00, 2.138e+00, 9.984e+02, 2.330e-07
1.025e+00, 5.000e-01, -9.250e-01, 1.176e+05, 0.000e+00, 5.566e-04, 0.000e+00, 2.136e+00, 9.984e+02, 2.390e-07
1.025e+00, 5.000e-01, -9.150e-01, 1.175e+05, 0.000e+00, 5.772e-04, 0.000e+00, 2.134e+00, 9.984e+02, 2.478e-07
1.025e+00, 5.000e-01, -9.050e-01, 1.174e+05, 0.000e+00, 5.995e-04, 0.000e+00, 2.132e+00, 9.984e+02, 2.574e-07
1.025e+00, 5.000e-01, -8.950e-01, 1.173e+05, 0.000e+00, 6.156e-04, 0.000e+00, 2.131e+00, 9.984e+02, 2.643e-07
1.025e+00, 5.000e-01, -8.850e-01, 1.172e+05, 0.000e+00, 6.098e-04, 0.000e+00, 2.129e+00, 9.984e+02, 2.618e-07
1.025e+00, 5.000e-01, -8.750e-01, 1.171e+05, 0.000e+00, 5.859e-04, 0.000e+00, 2.127e+00, 9.984e+02, 2.515e-07
1.025e+00, 5.000e-01, -8.650e-01, 1.170e+05, 0.000e+00, 5.519e-04, 0.000e+00, 2.125e+00, 9.984e+02, 2.369e-07
1.025e+00, 5.000e-01, -8.550e-01, 1.169e+05, 0.000e+00, 5.206e-04, 0.000e+00, 2.124e+00, 9.984e+02, 2.235e-07
1.025e+00, 5.000e-01, -8.450e-01, 1.168e+05, 0.000e+00, 4.946e-04, 0.000e+00, 2.122e+00, 9.984e+02, 2.123e-07
1.025e+00, 5.000e-01, -8.350e-01, 1.167e+05, 0.000e+00, 4.743e-04, 0.000e+00, 2.120e+00, 9.983e+02, 2.036e-07
1.025e+00, 5.000e-01, -8.250e-01, 1.166e+05, 0.000e+00, 4.571e-04, 0.000e+00, 2.118e+00, 9.983e+02, 1.962e-07
1.025e+00, 5.000e-01, -8.150e-01, 1.165e+05, 0.000e+00, 4.398e-04, 0.000e+00, 2.116e+00, 9.983e+02, 1.888e-07
1.025e+00, 5.000e-01, -8.050e-01, 1.164e+05, 0.000e+00, 4.200e-04, 0.000e+00, 2.115e+00, 9.983e+02, 1.803e-07
1.025e+00, 5.000e-01, -7.950e-01, 1.163e+05, 0.000e+00, 3.974e-04, 0.000e+00, 2.113e+00, 9.983e+02, 1.706e-07
1.025e+00, 5.000e-01, -7.850e-01, 1.162e+05, 0.000e+00, 3.737e-04, 0.000e+00, 2.111e+00, 9.983e+02, 1.604e-07
1.025e+00, 5.000e-01, -7.750e-01, 1.161e+05, 0.000e+00, 3.525e-04, 0.000e+00, 2.109e+00, 9.983e+02, 1.513e-07
1.025e+00, 5.000e-01, -7.650e-01, 1.160e+05, 0.000e+00, 3.424e-04, 0.000e+00, 2.107e+00, 9.983e+02, 1.470e-07
1.025e+00, 5.000e-01, -7.550e-01, 1.159e+05, 0.000e+00, 3.647e-04, 0.000e+00, 2.106e+00, 9.983e+02, 1.566e-07
1.025e+00, 5.000e-01, -7.450e-01, 1.158e+05, 0.000e+00, 4.568e-04, 0.000e+00, 2.104e+00, 9.983e+02, 1.961e-07
1.025e+00, 5.000e-01, -7.350e-01, 1.157e+05, 0.000e+00, 5.598e-04, 0.000e+00, 2.102e+00, 9.984e+02, 2.409e-07
1.025e+00, 5.000e-01, -7.250e-01, 1.171e+05, 0.000e+00, 6.556e-04, 0.000e+00, 2.127e+00, 9.984e+02, 2.880e-07
1.025e+00, 5.000e-01, -7.150e-01, 1.170e+05, 0.000e+00, 5.047e-04, 0.000e+00, 2.126e+00, 9.984e+02, 2.217e-07
1.025e+00, 5.000e-01, -7.050e-01, 1.169e+05, 0.000e+00, 3.528e-04, 0.000e+00, 2.124e+00, 9.983e+02, 1.550e-07
1.025e+00, 5.000e-01, -6.950e-01, 1.168e+05, 0.000e+00, 2.360e-04, 0.000e+00, 2.122e+00, 9.983e+02, 1.037e-07
1.025e+00, 5.000e-01, -6.850e-01, 1.167e+05, 0.000e+00, 1.496e-04, 0.000e+00, 2.120e+00, 9.983e+02, 6.569e-08
1.025e+00, 5.000e-01, -6.750e-01, 1.166e+05, 0.000e+00, 8.901e-05, 0.000e+00, 2.119e+00, 9.983e+02, 3.910e-08
1.025e+00, 5.000e-01, -6.650e-01, 1.165e+05, 0.000e+00, 4.967e-05, 0.000e+00, 2.117e+00, 9.983e+02, 2.182e-08
1.025e+00, 5.000e-01, -6.550e-01, 1.164e+05, 0.000e+00, 2.611e-05, 0.000e+00, 2.115e+00, 9.983e+02, 1.147e-08
1.025e+00, 5.000e-01, -6.450e-01, 1.163e+05, 0.000e+00, 1.340e-05, 0.000e+00, 2.113e+00, 9.983e+02, 5.885e-09
1.025e+00, 5.000e-01, -6.350e-01, 1.162e+05, 0.000e+00, 8.242e-06, 0.000e+00, 2.111e+00, 9.983e+02, 3.620e-09
1.025e+00, 5.000e-01, -6.250e-01, 1.161e+05, 0.000e+00, 1.017e-05, 0.000e+00, 2.110e+00, 9.983e+02, 4.467e-09
1.025e+00, 5.000e-01, -6.150e-01, 1.160e+05, 0.000e+00, 2.308e-05, 0.000e+00, 2.108e+00, 9.983e+02, 1.014e-08
1.025e+00, 5.000e-01, -6.050e-01, 1.159e+05, 0.000e+00, 5.688e-05, 0.000e+00, 2.106e+00, 9.983e+02, 2.498e-08
1.025e+00, 5.000e-01, -5.950e-01, 1.158e+05, 0.000e+00, 1.260e-04, 0.000e+00, 2.104e+00, 9.983e+02, 5.537e-08
1.025e+00, 5.000e-01, -5.850e-01, 1.157e+05, 0.000e+00, 2.394e-04, 0.000e+00, 2.102e+00, 9.983e+02, 1.052e-07
1.025e+00, 5.000e-01, -5.750e-01, 1.142e+05, 0.000e+00, 3.801e-04, 0.000e+00, 2.074e+00, 9.983e+02, 1.695e-07
1.025e+00, 5.000e-01, -5.650e-01, 1.141e+05, 0.000e+00, 4.637e-04, 0.000e+00, 2.072e+00, 9.983e+02, 2.083e-07
1.025e+00, 5.000e-01, -5.550e-01, 1.140e+05, 0.000e+00, 5.006e-04, 0.000e+00, 2.070e+00, 9.984e+02, 2.249e-07
1.025e+00, 5.000e-01, -5.450e-01, 1.139e+05, 0.000e+00, 5.063e-04, 0.000e+00, 2.068e+00, 9.984e+02, 2.274e-07
1.025e+00, 5.000e-01, -5.350e-01, 1.138e+05, 0.000e+00, 5.023e-04, 0.000e+00, 2.067e+00, 9.984e+02, 2.257e-07
1.025e+00, 5.000e-01, -5.250e-01, 1.137e+05, 0.000e+00, 4.907e-04, 0.000e+00, 2.065e+00, 9.984e+02, 2.204e-07
1.025e+00, 5.000e-01, -5.150e-01, 1.136e+05, 0.000e+00, 4.643e-04, 0.000e+00, 2.063e+00, 9.983e+02, 2.086e-07
1.025e+00, 5.000e-01, -5.050e-01, 1.135e+05, 0.000e+00, 4.187e-04, 0.000e+00, 2.061e+00, 9.983e+02, 1.881e-07
1.025e+00, 5.000e-01, -4.950e-01, 1.134e+05, 0.000e+00, 3.599e-04, 0.000e+00, 2.059e+00, 9.983e+02, 1.617e-07
1.025e+00, 5.000e-01, -4.850e-01, 1.133e+05, 0.000e+00, 2.997e-04, 0.000e+00, 2.058e+00, 9.983e+02, 1.346e-07
1.025e+00, 5.000e-01, -4.750e-01, 1.132e+05, 0.000e+00, 2.457e-04, 0.000e+00, 2.056e+00, 9.983e+02, 1.104e-07
1.025e+00, 5.000e-01, -4.650e-01, 1.132e+05, 0.000e+00, 2.020e-04, 0.000e+00, 2.055e+00, 9.983e+02, 8.939e-08
1.025e+00, 5.000e-01, -4.550e-01, 1.131e+05, 0.000e+00, 1.646e-04, 0.000e+00, 2.054e+00, 9.983e+02, 7.218e-08
1.025e+00, 5.000e-01, -4.450e-01, 1.129e+05, 0.000e+00, 1.329e-04, 0.000e+00, 2.050e+00, 9.983e+02, 5.704e-08
1.025e+00, 5.000e-01, -4.350e-01, 1.128e+05, 0.000e+00, 1.066e-04, 0.000e+00, 2.048e+00, 9.983e+02, 4.575e-08
1.025e+00, 5.000e-01, -4.250e-01, 1.127e+05, 0.000e+00, 8.506e-05, 0.000e+00, 2.047e+00, 9.983e+02, 3.651e-08
1.025e+00, 5.000e-01, -4.150e-01, 1.126e+05, 0.000e+00, 6.764e-05, 0.000e+00, 2.045e+00, 9.983e+02, 2.904e-08
1.025e+00, 5.000e-01, -4.050e-01, 1.125e+05, 0.000e+00, 5.323e-05, 0.000e+00, 2.043e+00, 9.983e+02, 2.285e-08
1.025e+00, 5.000e-01, -3.950e-01, 1.124e+05, 0.000e+00, 4.135e-05, 0.000e+00, 2.041e+00, 9.983e+02, 1.775e-08
1.025e+00, 5.000e-01, -3.850e-01, 1.123e+05, 0.000e+00, 3.183e-05, 0.000e+00, 2.039e+00, 9.983e+02, 1.366e-08
1.025e+00, 5.000e-01, -3.750e-01, 1.122e+05, 0.000e+00, 2.369e-05, 0.000e+00, 2.038e+00, 9.983e+02, 1.017e-08
1.025e+00, 5.000e-01, -3.650e-01, 1.121e+05, 0.000e+00, 1.669e-05, 0.000e+00, 2.036e+00, 9.983e+02, 7.336e-09
1.025e+00, 5.000e-01, -3.550e-01, 1.120e+05, 0.000e+00, 1.193e-05, 0.000e+00, 2.034e+00, 9.983e+02, 5.361e-09
1.025e+00, 5.000e-01, -3.450e-01, 1.119e+05, 0.000e+00, 8.467e-06, 0.000e+00, 2.033e+00, 9.983e+02, 3.804e-09
1.025e+00, 5.000e-01, -3.350e-01, 1.118e+05, 0.000e+00, 5.284e-06, 0.000e+00, 2.031e+00, 9.983e+02, 2.374e-09
1.025e+00, 5.000e-01, -3.250e-01, 1.117e+05, 0.000e+00, 2.248e-06, 0.000e+00, 2.029e+00, 9.983e+02, 9.281e-10
1.025e+00, 5.000e-01, -3.150e-01, 1.116e+05, 0.000e+00, 1.250e-06, 0.000e+00, 2.027e+00, 9.983e+02, 4.239e-10
1.025e+00, 5.000e-01, -3.050e-01, 1.115e+05, 0.000e+00, 7.369e-13, 0.000e+00, 2.025e+00, 9.983e+02, 1.993e-16
1.025e+00, 5.000e-01, -2.950e-01, 1.114e+05, 0.000e+00, 8.214e-10, 0.000e+00, 2.023e+00, 9.983e+02, 3.119e-13
1.025e+00, 5.000e-01, -2.850e-01, 1.113e+05, 0.000e+00, 1.729e-09, 0.000e+00, 2.021e+00, 9.983e+02, 7.485e-13
1.025e+00, 5.000e-01, -2.750e-01, 1.112e+05, 0.000e+00, 4.593e-08, 0.000e+00, 2.020e+00, 9.983e+02, 1.387e-11
1.025e+00, 5.000e-01, -2.650e-01, 1.112e+05, 0.000e+00, 7.936e-04, 0.000e+00, 2.020e+00, 9.984e+02, 2.973e-07
1.025e+00, 5.000e-01, -2.550e-01, 1.111e+05, 0.000e+00, 7.229e-04, 0.000e+00, 2.018e+00, 9.984e+02, 3.145e-07
1.025e+00, 5.000e-01, -2.450e-01, 1.110e+05, 0.000e+00, 6.970e-04, 0.000e+00, 2.016e+00, 9.984e+02, 3.062e-07
1.025e+00, 5.000e-01, -2.350e-01, 1.109e+05, 0.000e+00, 6.823e-04, 0.000e+00, 2.014e+00, 9.984e+02, 2.997e-07
1.025e+00, 5.000e-01, -2.250e-01, 1.110e+05, 0.000e+00, 6.606e-04, 0.000e+00, 2.016e+00, 9.984e+02, 2.858e-07
1.025e+00, 5.000e-01, -2.150e-01, 1.109e+05, 0.000e+00, 6.154e-04, 0.000e+00, 2.014e+00, 9.984e+02, 2.642e-07
1.025e+00, 5.000e-01, -2.050e-01, 1.108e+05, 0.000e+00, 5.733e-04, 0.000e+00, 2.012e+00, 9.984e+02, 2.461e-07
1.025e+00, 5.000e-01, -1.950e-01, 1.107e+05, 0.000e+00, 5.284e-04, 0.000e+00, 2.011e+00, 9.984e+02, 2.268e-07
1.025e+00, 5.000e-01, -1.850e-01, 1.106e+05, 0.000e+00, 4.722e-04, 0.000e+00, 2.009e+00, 9.983e+02, 2.027e-07
1.025e+00, 5.000e-01, -1.750e-01, 1.105e+05, 0.000e+00, 4.066e-04, 0.000e+00, 2.007e+00, 9.983e+02, 1.745e-07
1.025e+00, 5.000e-01, -1.650e-01, 1.104e+05, 0.000e+00, 3.336e-04, 0.000e+00, 2.005e+00, 9.983e+02, 1.432e-07
1.025e+00, 5.000e-01, -1.550e-01, 1.103e+05, 0.000e+00, 2.578e-04, 0.000e+00, 2.004e+00, 9.983e+02, 1.107e-07
1.025e+00, 5.000e-01, -1.450e-01, 1.102e+05, 0.000e+00, 1.853e-04, 0.000e+00, 2.002e+00, 9.983e+02, 8.031e-08
1.025e+00, 5.000e-01, -1.350e-01, 1.113e+05, 0.000e+00, 1.204e-04, 0.000e+00, 2.022e+00, 9.983e+02, 5.288e-08
1.025e+00, 5.000e-01, -1.250e-01, 1.112e+05, 0.000e+00, 7.177e-05, 0.000e+00, 2.020e+00, 9.983e+02, 3.153e-08
1.025e+00, 5.000e-01, -1.150e-01, 1.111e+05, 0.000e+00, 4.007e-05, 0.000e+00, 2.018e+00, 9.983e+02, 1.760e-08
1.025e+00, 5.000e-01, -1.050e-01, 1.110e+05, 0.000e+00, 2.113e-05, 0.000e+00, 2.017e+00, 9.983e+02, 9.283e-09
1.025e+00, 5.000e-01, -9.500e-02, 1.109e+05, 0.000e+00, 1.052e-05, 0.000e+00, 2.015e+00, 9.983e+02, 4.619e-09
1.025e+00, 5.000e-01, -8.500e-02, 1.108e+05, 0.000e+00, 4.923e-06, 0.000e+00, 2.013e+00, 9.983e+02, 2.162e-09
1.025e+00, 5.000e-01, -7.500e-02, 1.107e+05, 0.000e+00, 2.165e-06, 0.000e+00, 2.011e+00, 9.983e+02, 9.510e-10
1.025e+00, 5.000e-01, -6.500e-02, 1.106e+05, 0.000e+00, 8.951e-07, 0.000e+00, 2.009e+00, 9.983e+02, 3.932e-10
1.025e+00, 5.000e-01, -5.500e-02, 1.105e+05, 0.000e+00, 3.484e-07, 0.000e+00, 2.008e+00, 9.983e+02, 1.530e-10
1.025e+00, 5.000e-01, -4.500e-02, 1.104e+05, 0.000e+00, 1.279e-07, 0.000e+00, 2.006e+00, 9.983e+02, 5.620e-11
1.025e+00, 5.000e-01, -3.500e-02, 1.103e+05, 0.000e+00, 4.441e-08, 0.000e+00, 2.004e+00, 9.983e+02, 1.951e-11
1.025e+00, 5.000e-01, -2.500e-02, 1.102e+05, 0.000e+00, 1.463e-08, 0.000e+00, 2.002e+00, 9.983e+02, 6.426e-12
1.025e+00, 5.000e-01, -1.500e-02, 1.101e+05, 0.000e+00, 4.667e-09, 0.000e+00, 2.000e+00, 9.983e+02, 2.050e-12
1.025e+00, 5.000e-01, -5.000e-03, 1.100e+05, 0.000e+00, 1.653e-09, 0.000e+00, 1.999e+00, 9.983e+02, 7.262e-13
1.035e+00, 5.000e-01, -1.195e+00, 1.202e+05, 0.000e+00, 1.002e-13, 0.000e+00, 2.184e+00, 9.983e+02, 2.000e-17
1.035e+00, 5.000e-01, -1.185e+00, 1.201e+05, 0.000e+00, 1.002e-13, 0.000e+00, 2.182e+00, 9.983e+02, 2.000e-17
1.035e+00, 5.000e-01, -1.175e+00, 1.200e+05, 0.000e+00, 1.002e-13, 0.000e+00, 2.181e+00, 9.983e+02, 2.000e-17
1.035e+00, 5.000e-01, -1.165e+00, 1.199e+05, 0.000e+00, 1.002e-13, 0.000e+00, 2.179e+00, 9.983e+02, 2.000e-17
1.035e+00, 5.000e-01, -1.155e+00, 1.198e+05, 0.000e+00, 1.002e-13, 0.000e+00, 2.177e+00, 9.983e+02, 2.000e-17
1.035e+00, 5.000e-01, -1.145e+00, 1.197e+05, 0.000e+00, 4.655e-12, 0.000e+00, 2.175e+00, 9.983e+02, 9.295e-16
1.035e+00, 5.000e-01, -1.135e+00, 1.196e+05, 0.000e+00, 1.405e-03, 0.000e+00, 2.174e+00, 9.985e+02, 4.709e-07
1.035e+00, 5.000e-01, -1.125e+00, 1.195e+05, 0.000e+00, 1.351e-03, 0.000e+00, 2.172e+00, 9.985e+02, 5.802e-07
1.035e+00, 5.000e-01, -1.115e+00, 1.194e+05, 0.000e+00, 1.296e-03, 0.000e+00, 2.170e+00, 9.985e+02, 5.563e-07
1.035e+00, 5.000e-01, -1.105e+00, 1.193e+05, 0.000e+00, 1.215e-03, 0.000e+00, 2.168e+00, 9.985e+02, 5.218e-07
1.035e+00, 5.000e-01, -1.095e+00, 1.192e+05, 0.000e+00, 1.109e-03, 0.000e+00, 2.167e+00, 9.985e+02, 4.763e-07
1.035e+00, 5.000e-01, -1.085e+00, 1.191e+05, 0.000e+00, 9.875e-04, 0.000e+00, 2.165e+00, 9.984e+02, 4.240e-07
1.035e+00, 5.000e-01, -1.075e+00, 1.190e+05, 0.000e+00, 8.700e-04, 0.000e+00, 2.163e+00, 9.984e+02, 3.735e-07
1.035e+00, 5.000e-01, -1.065e+00, 1.189e+05, 0.000e+00, 7.741e-04, 0.000e+00, 2.161e+00, 9.984e+02, 3.323e-07
1.035e+00, 5.000e-01, -1.055e+00, 1.188e+05, 0.000e+00, 7.038e-04, 0.000e+00, 2.159e+00, 9.984e+02, 3.021e-07
1.035e+00, 5.000e-01, -1.045e+00, 1.187e+05, 0.000e+00, 6.554e-04, 0.000e+00, 2.158e+00, 9.984e+02, 2.814e-07
1.035e+00, 5.000e-01, -1.035e+00, 1.186e+05, 0.000e+00, 6.260e-04, 0.000e+00, 2.156e+00, 9.984e+02, 2.687e-07
1.035e+00, 5.000e-01, -1.025e+00, 1.185e+05, 0.000e+00, 6.104e-04, 0.000e+00, 2.154e+00, 9.984e+02, 2.621e-07
1.035e+00, 5.000e-01, -1.015e+00, 1.185e+05, 0.000e+00, 6.023e-04, 0.000e+00, 2.152e+00, 9.984e+02, 2.586e-07
1.035e+00, 5.000e-01, -1.005e+00, 1.184e+05, 0.000e+00, 5.952e-04, 0.000e+00, 2.150e+00, 9.984e+02, 2.555e-07
1.035e+00, 5.000e-01, -9.950e-01, 1.183e+05, 0.000e+00, 5.870e-04, 0.000e+00, 2.149e+00, 9.984e+02, 2.520e-07
1.035e+00, 5.000e-01, -9.850e-01, 1.182e+05, 0.000e+00, 5.776e-04, 0.000e+00, 2.147e+00, 9.984e+02, 2.480e-07
1.035e+00, 5.000e-01, -9.750e-01, 1.181e+05, 0.000e+00, 5.680e-04, 0.000e+00, 2.145e+00, 9.984e+02, 2.438e-07
1.035e+00, 5.000e-01, -9.650e-01, 1.180e+05, 0.000e+00, 5.598e-04, 0.000e+00, 2.143e+00, 9.984e+02, 2.403e-07
1.035e+00, 5.000e-01, -9.550e-01, 1.179e+05, 0.000e+00, 5.553e-04, 0.000e+00, 2.141e+00, 9.984e+02, 2.384e-07
1.035e+00, 5.000e-01, -9.450e-01, 1.178e+05, 0.000e+00, 5.571e-04, 0.000e+00, 2.140e+00, 9.984e+02, 2.392e-07
1.035e+00, 5.000e-01, -9.350e-01, 1.177e+05, 0.000e+00, 5.684e-04, 0.000e+00, 2.138e+00, 9.984e+02, 2.440e-07
1.035e+00, 5.000e-01, -9.250e-01, 1.176e+05, 0.000e+00, 5.923e-04, 0.000e+00, 2.136e+00, 9.984e+02, 2.543e-07
1.035e+00, 5.000e-01, -9.150e-01, 1.175e+05, 0.000e+00, 6.202e-04, 0.000e+00, 2.134e+00, 9.984e+02, 2.663e-07
1.035e+00, 5.000e-01, -9.050e-01, 1.174e+05, 0.000e+00, 6.425e-04, 0.000e+00, 2.132e+00, 9.984e+02, 2.758e-07
1.035e+00, 5.000e-01, -8.950e-01, 1.173e+05, 0.000e+00, 6.514e-04, 0.000e+00, 2.131e+00, 9.984e+02, 2.797e-07
1.035e+00, 5.000e-01, -8.850e-01, 1.172e+05, 0.000e+00, 6.446e-04, 0.000e+00, 2.129e+00, 9.984e+02, 2.767e-07
1.035e+00, 5.000e-01, -8.750e-01, 1.171e+05, 0.000e+00, 6.226e-04, 0.000e+00, 2.127e+00, 9.984e+02, 2.673e-07
1.035e+00, 5.000e-01, -8.650e-01, 1.170e+05, 0.000e+00, 5.881e-04, 0.000e+00, 2.125e+00, 9.984e+02, 2.525e-07
1.035e+00, 5.000e-01, -8.550e-01, 1.169e+05, 0.000e+00, 5.493e-04, 0.000e+00, 2.124e+00, 9.984e+02, 2.358e-07
1.035e+00, 5.000e-01, -8.450e-01, 1.168e+05, 0.000e+00, 5.129e-04, 0.000e+00, 2.122e+00, 9.984e+02, 2.202e-07
1.035e+00, 5.000e-01, -8.350e-01, 1.167e+05, 0.000e+00, 4.876e-04, 0.000e+00, 2.120e+00, 9.984e+02, 2.093e-07
1.035e+00, 5.000e-01, -8.250e-01, 1.166e+05, 0.000e+00, 4.675e-04, 0.000e+00, 2.118e+00, 9.983e+02, 2.007e-07
1.035e+00, 5.000e-01, -8.150e-01, 1.165e+05, 0.000e+00, 4.493e-04, 0.000e+00, 2.116e+00, 9.983e+02, 1.929e-07
1.035e+00, 5.000e-01, -8.050e-01, 1.164e+05, 0.000e+00, 4.301e-04, 0.000e+00, 2.115e+00, 9.983e+02, 1.846e-07
1.035e+00, 5.000e-01, -7.950e-01, 1.163e+05, 0.000e+00, 4.084e-04, 0.000e+00, 2.113e+00, 9.983e+02, 1.753e-07
1.035e+00, 5.000e-01, -7.850e-01, 1.162e+05, 0.000e+00, 3.848e-04, 0.000e+00, 2.111e+00, 9.983e+02, 1.652e-07
1.035e+00, 5.000e-01, -7.750e-01, 1.161e+05, 0.000e+00, 3.626e-04, 0.000e+00, 2.109e+00, 9.983e+02, 1.557e-07
1.035e+00, 5.000e-01, -7.650e-01, 1.160e+05, 0.000e+00, 3.496e-04, 0.000e+00, 2.107e+00, 9.983e+02, 1.501e-07
1.035e+00, 5.000e-01, -7.550e-01, 1.159e+05, 0.000e+00, 3.664e-04, 0.000e+00, 2.106e+00, 9.983e+02, 1.573e-07
1.035e+00, 5.000e-01, -7.450e-01, 1.158e+05, 0.000e+00, 4.605e-04, 0.000e+00, 2.104e+00, 9.983e+02, 1.977e-07
1.035e+00, 5.000e-01, -7.350e-01, 1.157e+05, 0.000e+00, 6.066e-04, 0.000e+00, 2.102e+00, 9.984e+02, 2.629e-07
1.035e+00, 5.000e-01, -7.250e-01, 1.171e+05, 0.000e+00, 6.924e-04, 0.000e+00, 2.127e+00, 9.984e+02, 3.042e-07
1.035e+00, 5.000e-01, -7.150e-01, 1.170e+05, 0.000e+00, 5.208e-04, 0.000e+00, 2.126e+00, 9.984e+02, 2.288e-07
1.035e+00, 5.000e-01, -7.050e-01, 1.169e+05, 0.000e+00, 3.627e-04, 0.000e+00, 2.124e+00, 9.983e+02, 1.593e-07
1.035e+00, 5.000e-01, -6.950e-01, 1.168e+05, 0.000e+00, 2.436e-04, 0.000e+00, 2.122e+00, 9.983e+02, 1.070e-07
1.035e+00, 5.000e-01, -6.850e-01, 1.167e+05, 0.000e+00, 1.552e-04, 0.000e+00, 2.120e+00, 9.983e+02, 6.816e-08
1.035e+00, 5.000e-01, -6.750e-01, 1.166e+05, 0.000e+00, 9.282e-05, 0.000e+00, 2.119e+00, 9.983e+02, 4.077e-08
1.035e+00, 5.000e-01, -6.650e-01, 1.165e+05, 0.000e+00, 5.201e-05, 0.000e+00, 2.117e+00, 9.983e+02, 2.285e-08
1.035e+00, 5.000e-01, -6.550e-01, 1.164e+05, 0.000e+00, 2.745e-05, 0.000e+00, 2.115e+00, 9.983e+02, 1.206e-08
1.035e+00, 5.000e-01, -6.450e-01, 1.163e+05, 0.000e+00, 1.415e-05, 0.000e+00, 2.113e+00, 9.983e+02, 6.216e-09
1.035e+00, 5.000e-01, -6.350e-01, 1.162e+05, 0.000e+00, 8.784e-06, 0.000e+00, 2.111e+00, 9.983e+02, 3.858e-09
1.035e+00, 5.000e-01, -6.250e-01, 1.161e+05, 0.000e+00, 1.083e-05, 0.000e+00, 2.110e+00, 9.983e+02, 4.756e-09
1.035e+00, 5.000e-01, -6.150e-01, 1.160e+05, 0.000e+00, 2.410e-05, 0.000e+00, 2.108e+00, 9.983e+02, 1.058e-08
1.035e+00, 5.000e-01, -6.050e-01, 1.159e+05, 0.000e+00, 5.814e-05, 0.000e+00, 2.106e+00, 9.983e+02, 2.554e-08
1.035e+00, 5.000e-01, -5.950e-01, 1.158e+05, 0.000e+00, 1.266e-04, 0.000e+00, 2.104e+00, 9.983e+02, 5.561e-08
1.035e+00, 5.000e-01, -5.850e-01, 1.157e+05, 0.000e+00, 2.374e-04, 0.000e+00, 2.102e+00, 9.983e+02, 1.043e-07
1.035e+00, 5.000e-01, -5.750e-01, 1.142e+05, 0.000e+00, 3.746e-04, 0.000e+00, 2.074e+00, 9.983e+02, 1.666e-07
1.035e+00, 5.000e-01, -5.650e-01, 1.141e+05, 0.000e+00, 4.668e-04, 0.000e+00, 2.072e+00, 9.983e+02, 2.097e-07
1.035e+00, 5.000e-01, -5.550e-01, 1.140e+05, 0.000e+00, 5.048e-04, 0.000e+00, 2.070e+00, 9.984e+02, 2.268e-07
1.035e+00, 5.000e-01, -5.450e-01, 1.139e+05, 0.000e+00, 5.089e-04, 0.000e+00, 2.068e+00, 9.984e+02, 2.286e-07
1.035e+00, 5.000e-01, -5.350e-01, 1.138e+05, 0.000e+00, 5.057e-04, 0.000e+00, 2.067e+00, 9.984e+02, 2.272e-07
1.035e+00, 5.000e-01, -5.250e-01, 1.137e+05, 0.000e+00, 4.978e-04, 0.000e+00, 2.065e+00, 9.984e+02, 2.237e-07
1.035e+00, 5.000e-01, -5.150e-01, 1.136e+05, 0.000e+00, 4.790e-04, 0.000e+00, 2.063e+00, 9.983e+02, 2.152e-07
1.035e+00, 5.000e-01, -5.050e-01, 1.135e+05, 0.000e+00, 4.403e-04, 0.000e+00, 2.061e+00, 9.983e+02, 1.978e-07
1.035e+00, 5.000e-01, -4.950e-01, 1.134e+05, 0.000e+00, 3.819e-04, 0.000e+00, 2.059e+00, 9.983e+02, 1.716e-07
1.035e+00, 5.000e-01, -4.850e-01, 1.133e+05, 0.000e+00, 3.172e-04, 0.000e+00, 2.058e+00, 9.983e+02, 1.425e-07
1.035e+00, 5.000e-01, -4.750e-01, 1.132e+05, 0.000e+00, 2.579e-04, 0.000e+00, 2.056e+00, 9.983e+02, 1.158e-07
1.035e+00, 5.000e-01, -4.650e-01, 1.132e+05, 0.000e+00, 2.092e-04, 0.000e+00, 2.055e+00, 9.983e+02, 9.268e-08
1.035e+00, 5.000e-01, -4.550e-01, 1.131e+05, 0.000e+00, 1.684e-04, 0.000e+00, 2.054e+00, 9.983e+02, 7.387e-08
1.035e+00, 5.000e-01, -4.450e-01, 1.129e+05, 0.000e+00, 1.347e-04, 0.000e+00, 2.050e+00, 9.983e+02, 5.780e-08
1.035e+00, 5.000e-01, -4.350e-01, 1.128e+05, 0.000e+00, 1.073e-04, 0.000e+00, 2.048e+00, 9.983e+02, 4.604e-08
1.035e+00, 5.000e-01, -4.250e-01, 1.127e+05, 0.000e+00, 8.469e-05, 0.000e+00, 2.047e+00, 9.983e+02, 3.635e-08
1.035e+00, 5.000e-01, -4.150e-01, 1.126e+05, 0.000e+00, 6.707e-05, 0.000e+00, 2.045e+00, 9.983e+02, 2.879e-08
1.035e+00, 5.000e-01, -4.050e-01, 1.125e+05, 0.000e+00, 5.207e-05, 0.000e+00, 2.043e+00, 9.983e+02, 2.235e-08
1.035e+00, 5.000e-01, -3.950e-01, 1.124e+05, 0.000e+00, 3.923e-05, 0.000e+00, 2.041e+00, 9.983e+02, 1.684e-08
1.035e+00, 5.000e-01, -3.850e-01, 1.123e+05, 0.000e+00, 3.010e-05, 0.000e+00, 2.039e+00, 9.983e+02, 1.292e-08
1.035e+00, 5.000e-01, -3.750e-01, 1.122e+05, 0.000e+00, 2.222e-05, 0.000e+00, 2.038e+00, 9.983e+02, 9.537e-09
1.035e+00, 5.000e-01, -3.650e-01, 1.121e+05, 0.000e+00, 1.352e-05, 0.000e+00, 2.036e+00, 9.983e+02, 5.945e-09
1.035e+00, 5.000e-01, -3.550e-01, 1.120e+05, 0.000e+00, 7.072e-06, 0.000e+00, 2.034e+00, 9.983e+02, 2.719e-09
1.035e+00, 5.000e-01, -3.450e-01, 1.119e+05, 0.000e+00, 3.882e-11, 0.000e+00, 2.032e+00, 9.983e+02, 1.368e-14
1.035e+00, 5.000e-01, -3.350e-01, 1.118e+05, 0.000e+00, 2.405e-13, 0.000e+00, 2.030e+00, 9.983e+02, 6.405e-17
1.035e+00, 5.000e-01, -3.250e-01, 1.117e+05, 0.000e+00, 2.415e-09, 0.000e+00, 2.028e+00, 9.983e+02, 9.348e-13
1.035e+00, 5.000e-01, -3.150e-01, 1.116e+05, 0.000e+00, 2.355e-09, 0.000e+00, 2.027e+00, 9.983e+02, 1.024e-12
1.035e+00, 5.000e-01, -3.050e-01, 1.115e+05, 0.000e+00, 4.401e-08, 0.000e+00, 2.025e+00, 9.983e+02, 1.365e-11
1.035e+00, 5.000e-01, -2.950e-01, 1.115e+05, 0.000e+00, 7.603e-04, 0.000e+00, 2.025e+00, 9.984e+02, 2.897e-07
1.035e+00, 5.000e-01, -2.850e-01, 1.114e+05, 0.000e+00, 7.119e-04, 0.000e+00, 2.023e+00, 9.984e+02, 3.110e-07
1.035e+00, 5.000e-01, -2.750e-01, 1.113e+05, 0.000e+00, 6.958e-04, 0.000e+00, 2.021e+00, 9.984e+02, 3.057e-07
1.035e+00, 5.000e-01, -2.650e-01, 1.112e+05, 0.000e+00, 6.874e-04, 0.000e+00, 2.020e+00, 9.984e+02, 3.020e-07
1.035e+00, 5.000e-01, -2.550e-01, 1.111e+05, 0.000e+00, 6.760e-04, 0.000e+00, 2.018e+00, 9.984e+02, 2.970e-07
1.035e+00, 5.000e-01, -2.450e-01, 1.110e+05, 0.000e+00, 6.419e-04, 0.000e+00, 2.016e+00, 9.984e+02, 2.820e-07
1.035e+00, 5.000e-01, -2.350e-01, 1.109e+05, 0.000e+00, 6.116e-04, 0.000e+00, 2.014e+00, 9.984e+02, 2.687e-07
1.035e+00, 5.000e-01, -2.250e-01, 1.110e+05, 0.000e+00, 5.992e-04, 0.000e+00, 2.016e+00, 9.984e+02, 2.583e-07
1.035e+00, 5.000e-01, -2.150e-01, 1.109e+05, 0.000e+00, 5.798e-04, 0.000e+00, 2.014e+00, 9.984e+02, 2.489e-07
1.035e+00, 5.000e-01, -2.050e-01, 1.108e+05, 0.000e+00, 5.547e-04, 0.000e+00, 2.012e+00, 9.984e+02, 2.381e-07
1.035e+00, 5.000e-01, -1.950e-01, 1.107e+05, 0.000e+00, 5.200e-04, 0.000e+00, 2.011e+00, 9.984e+02, 2.232e-07
1.035e+00, 5.000e-01, -1.850e-01, 1.106e+05, 0.000e+00, 4.731e-04, 0.000e+00, 2.009e+00, 9.983e+02, 2.031e-07
1.035e+00, 5.000e-01, -1.750e-01, 1.105e+05, 0.000e+00, 4.138e-04, 0.000e+00, 2.007e+00, 9.983e+02, 1.777e-07
1.035e+00, 5.000e-01, -1.650e-01, 1.104e+05, 0.000e+00, 3.440e-04, 0.000e+00, 2.005e+00, 9.983e+02, 1.477e-07
1.035e+00, 5.000e-01, -1.550e-01, 1.103e+05, 0.000e+00, 2.674e-04, 0.000e+00, 2.004e+00, 9.983e+02, 1.148e-07
1.035e+00, 5.000e-01, -1.450e-01, 1.114e+05, 0.000e+00, 1.866e-04, 0.000e+00, 2.024e+00, 9.983e+02, 8.155e-08
1.035e+00, 5.000e-01, -1.350e-01, 1.113e+05, 0.000e+00, 1.181e-04, 0.000e+00, 2.022e+00, 9.983e+02, 5.189e-08
1.035e+00, 5.000e-01, -1.250e-01, 1.112e+05, 0.000e+00, 6.846e-05, 0.000e+00, 2.020e+00, 9.983e+02, 3.007e-08
1.035e+00, 5.000e-01, -1.150e-01, 1.111e+05, 0.000e+00, 3.680e-05, 0.000e+00, 2.018e+00, 9.983e+02, 1.616e-08
1.035e+00, 5.000e-01, -1.050e-01, 1.110e+05, 0.000e+00, 1.856e-05, 0.000e+00, 2.017e+00, 9.983e+02, 8.152e-09
1.035e+00, 5.000e-01, -9.500e-02, 1.109e+05, 0.000e+00, 8.835e-06, 0.000e+00, 2.015e+00, 9.983e+02, 3.881e-09
1.035e+00, 5.000e-01, -8.500e-02, 1.108e+05, 0.000e+00, 3.979e-06, 0.000e+00, 2.013e+00, 9.983e+02, 1.747e-09
1.035e+00, 5.000e-01, -7.500e-02, 1.107e+05, 0.000e+00, 1.697e-06, 0.000e+00, 2.011e+00, 9.983e+02, 7.452e-10
1.035e+00, 5.000e-01, -6.500e-02, 1.106e+05, 0.000e+00, 6.856e-07, 0.000e+00, 2.009e+00, 9.983e+02, 3.011e-10
1.035e+00, 5.000e-01, -5.500e-02, 1.105e+05, 0.000e+00, 2.626e-07, 0.000e+00, 2.008e+00, 9.983e+02, 1.154e-10
1.035e+00, 5.000e-01, -4.500e-02, 1.104e+05, 0.000e+00, 9.539e-08, 0.000e+00, 2.006e+00, 9.983e+02, 4.190e-11
1.035e+00, 5.000e-01, -3.500e-02, 1.103e+05, 0.000e+00, 3.287e-08, 0.000e+00, 2.004e+00, 9.983e+02, 1.444e-11
1.035e+00, 5.000e-01, -2.500e-02, 1.102e+05, 0.000e+00, 1.078e-08, 0.000e+00, 2.002e+00, 9.983e+02, 4.733e-12
1.035e+00, 5.000e-01, -1.500e-02, 1.101e+05, 0.000e+00, 3.425e-09, 0.000e+00, 2.000e+00, 9.983e+02, 1.504e-12
1.035e+00, 5.000e-01, -5.000e-03, 1.100e+05, 0.000e+00, 1.208e-09, 0.000e+00, 1.999e+00, 9.983e+02, 5.307e-13
1.045e+00, 5.000e-01, -1.195e+00, 1.202e+05, 0.000e+00, 1.002e-13, 0.000e+00, 2.184e+00, 9.983e+02, 2.000e-17
1.045e+00, 5.000e-01, -1.185e+00, 1.201e+05, 0.000e+00, 1.002e-13, 0.000e+00, 2.182e+00, 9.983e+02, 2.000e-17
1.045e+00, 5.000e-01, -1.175e+00, 1.200e+05, 0.000e+00, 1.002e-13, 0.000e+00, 2.181e+00, 9.983e+02, 2.000e-17
1.045e+00, 5.000e-01, -1.165e+00, 1.199e+05, 0.000e+00, 1.002e-13, 0.000e+00, 2.179e+00, 9.983e+02, 2.000e-17
1.045e+00, 5.000e-01, -1.155e+00, 1.198e+05, 0.000e+00, 1.002e-13, 0.000e+00, 2.177e+00, 9.983e+02, 2.000e-17
1.045e+00, 5.000e-01, -1.145e+00, 1.197e+05, 0.000e+00, 1.002e-13, 0.000e+00, 2.175e+00, 9.983e+02, 2.000e-17
1.045e+00, 5.000e-01, -1.135e+00, 1.196e+05, 0.000e+00, 5.040e-09, 0.000e+00, 2.173e+00, 9.983e+02, 1.342e-12
1.045e+00, 5.000e-01, -1.125e+00, 1.195e+05, 0.000e+00, 1.341e-03, 0.000e+00, 2.172e+00, 9.985e+02, 5.757e-07
1.045e+00, 5.000e-01, -1.115e+00, 1.194e+05, 0.000e+00, 1.292e-03, 0.000e+00, 2.170e+00, 9.985e+02, 5.549e-07
1.045e+00, 5.000e-01, -1.105e+00, 1.193e+05, 0.000e+00, 1.216e-03, 0.000e+00, 2.168e+00, 9.985e+02, 5.220e-07
1.045e+00, 5.000e-01, -1.095e+00, 1.192e+05, 0.000e+00, 1.112e-03, 0.000e+00, 2.167e+00, 9.985e+02, 4.774e-07
1.045e+00, 5.000e-01, -1.085e+00, 1.191e+05, 0.000e+00, 9.899e-04, 0.000e+00, 2.165e+00, 9.984e+02, 4.250e-07
1.045e+00, 5.000e-01, -1.075e+00, 1.190e+05, 0.000e+00, 8.696e-04, 0.000e+00, 2.163e+00, 9.984e+02, 3.733e-07
1.045e+00, 5.000e-01, -1.065e+00, 1.189e+05, 0.000e+00, 7.697e-04, 0.000e+00, 2.161e+00, 9.984e+02, 3.304e-07
1.045e+00, 5.000e-01, -1.055e+00, 1.188e+05, 0.000e+00, 6.962e-04, 0.000e+00, 2.159e+00, 9.984e+02, 2.989e-07
1.045e+00, 5.000e-01, -1.045e+00, 1.187e+05, 0.000e+00, 6.489e-04, 0.000e+00, 2.158e+00, 9.984e+02, 2.786e-07
1.045e+00, 5.000e-01, -1.035e+00, 1.186e+05, 0.000e+00, 6.261e-04, 0.000e+00, 2.156e+00, 9.984e+02, 2.688e-07
1.045e+00, 5.000e-01, -1.025e+00, 1.185e+05, 0.000e+00, 6.178e-04, 0.000e+00, 2.154e+00, 9.984e+02, 2.652e-07
1.045e+00, 5.000e-01, -1.015e+00, 1.185e+05, 0.000e+00, 6.129e-04, 0.000e+00, 2.152e+00, 9.984e+02, 2.631e-07
1.045e+00, 5.000e-01, -1.005e+00, 1.184e+05, 0.000e+00, 6.064e-04, 0.000e+00, 2.150e+00, 9.984e+02, 2.603e-07
1.045e+00, 5.000e-01, -9.950e-01, 1.183e+05, 0.000e+00, 5.978e-04, 0.000e+00, 2.149e+00, 9.984e+02, 2.566e-07
1.045e+00, 5.000e-01, -9.850e-01, 1.182e+05, 0.000e+00, 5.883e-04, 0.000e+00, 2.147e+00, 9.984e+02, 2.526e-07
1.045e+00, 5.000e-01, -9.750e-01, 1.181e+05, 0.000e+00, 5.802e-04, 0.000e+00, 2.145e+00, 9.984e+02, 2.491e-07
1.045e+00, 5.000e-01, -9.650e-01, 1.180e+05, 0.000e+00, 5.759e-04, 0.000e+00, 2.143e+00, 9.984e+02, 2.472e-07
1.045e+00, 5.000e-01, -9.550e-01, 1.179e+05, 0.000e+00, 5.777e-04, 0.000e+00, 2.141e+00, 9.984e+02, 2.480e-07
1.045e+00, 5.000e-01, -9.450e-01, 1.178e+05, 0.000e+00, 5.878e-04, 0.000e+00, 2.140e+00, 9.984e+02, 2.523e-07
1.045e+00, 5.000e-01, -9.350e-01, 1.177e+05, 0.000e+00, 6.072e-04, 0.000e+00, 2.138e+00, 9.984e+02, 2.607e-07
1.045e+00, 5.000e-01, -9.250e-01, 1.176e+05, 0.000e+00, 6.336e-04, 0.000e+00, 2.136e+00, 9.984e+02, 2.720e-07
1.045e+00, 5.000e-01, -9.150e-01, 1.175e+05, 0.000e+00, 6.600e-04, 0.000e+00, 2.134e+00, 9.984e+02, 2.834e-07
1.045e+00, 5.000e-01, -9.050e-01, 1.174e+05, 0.000e+00, 6.786e-04, 0.000e+00, 2.132e+00, 9.984e+02, 2.913e-07
1.045e+00, 5.000e-01, -8.950e-01, 1.173e+05, 0.000e+00, 6.834e-04, 0.000e+00, 2.131e+00, 9.984e+02, 2.934e-07
1.045e+00, 5.000e-01, -8.850e-01, 1.172e+05, 0.000e+00, 6.747e-04, 0.000e+00, 2.129e+00, 9.984e+02, 2.897e-07
1.045e+00, 5.000e-01, -8.750e-01, 1.171e+05, 0.000e+00, 6.535e-04, 0.000e+00, 2.127e+00, 9.984e+02, 2.805e-07
1.045e+00, 5.000e-01, -8.650e-01, 1.170e+05, 0.000e+00, 6.213e-04, 0.000e+00, 2.125e+00, 9.984e+02, 2.667e-07
1.045e+00, 5.000e-01, -8.550e-01, 1.169e+05, 0.000e+00, 5.820e-04, 0.000e+00, 2.124e+00, 9.984e+02, 2.499e-07
1.045e+00, 5.000e-01, -8.450e-01, 1.168e+05, 0.000e+00, 5.408e-04, 0.000e+00, 2.122e+00, 9.984e+02, 2.322e-07
1.045e+00, 5.000e-01, -8.350e-01, 1.167e+05, 0.000e+00, 5.061e-04, 0.000e+00, 2.120e+00, 9.984e+02, 2.173e-07
1.045e+00, 5.000e-01, -8.250e-01, 1.166e+05, 0.000e+00, 4.805e-04, 0.000e+00, 2.118e+00, 9.983e+02, 2.063e-07
1.045e+00, 5.000e-01, -8.150e-01, 1.165e+05, 0.000e+00, 4.603e-04, 0.000e+00, 2.116e+00, 9.983e+02, 1.976e-07
1.045e+00, 5.000e-01, -8.050e-01, 1.164e+05, 0.000e+00, 4.407e-04, 0.000e+00, 2.115e+00, 9.983e+02, 1.892e-07
1.045e+00, 5.000e-01, -7.950e-01, 1.163e+05, 0.000e+00, 4.196e-04, 0.000e+00, 2.113e+00, 9.983e+02, 1.801e-07
1.045e+00, 5.000e-01, -7.850e-01, 1.162e+05, 0.000e+00, 3.966e-04, 0.000e+00, 2.111e+00, 9.983e+02, 1.702e-07
1.045e+00, 5.000e-01, -7.750e-01, 1.161e+05, 0.000e+00, 3.739e-04, 0.000e+00, 2.109e+00, 9.983e+02, 1.605e-07
1.045e+00, 5.000e-01, -7.650e-01, 1.160e+05, 0.000e+00, 3.585e-04, 0.000e+00, 2.107e+00, 9.983e+02, 1.539e-07
1.045e+00, 5.000e-01, -7.550e-01, 1.159e+05, 0.000e+00, 3.690e-04, 0.000e+00, 2.106e+00, 9.983e+02, 1.584e-07
1.045e+00, 5.000e-01, -7.450e-01, 1.158e+05, 0.000e+00, 4.524e-04, 0.000e+00, 2.104e+00, 9.983e+02, 1.942e-07
1.045e+00, 5.000e-01, -7.350e-01, 1.157e+05, 0.000e+00, 6.339e-04, 0.000e+00, 2.102e+00, 9.984e+02, 2.746e-07
1.045e+00, 5.000e-01, -7.250e-01, 1.171e+05, 0.000e+00, 7.136e-04, 0.000e+00, 2.127e+00, 9.984e+02, 3.135e-07
1.045e+00, 5.000e-01, -7.150e-01, 1.170e+05, 0.000e+00, 5.300e-04, 0.000e+00, 2.126e+00, 9.984e+02, 2.328e-07
1.045e+00, 5.000e-01, -7.050e-01, 1.169e+05, 0.000e+00, 3.703e-04, 0.000e+00, 2.124e+00, 9.983e+02, 1.627e-07
1.045e+00, 5.000e-01, -6.950e-01, 1.168e+05, 0.000e+00, 2.507e-04, 0.000e+00, 2.122e+00, 9.983e+02, 1.101e-07
1.045e+00, 5.000e-01, -6.850e-01, 1.167e+05, 0.000e+00, 1.610e-04, 0.000e+00, 2.120e+00, 9.983e+02, 7.070e-08
1.045e+00, 5.000e-01, -6.750e-01, 1.166e+05, 0.000e+00, 9.693e-05, 0.000e+00, 2.119e+00, 9.983e+02, 4.257e-08
1.045e+00, 5.000e-01, -6.650e-01, 1.165e+05, 0.000e+00, 5.462e-05, 0.000e+00, 2.117e+00, 9.983e+02, 2.399e-08
1.045e+00, 5.000e-01, -6.550e-01, 1.164e+05, 0.000e+00, 2.895e-05, 0.000e+00, 2.115e+00, 9.983e+02, 1.272e-08
1.045e+00, 5.000e-01, -6.450e-01, 1.163e+05, 0.000e+00, 1.499e-05, 0.000e+00, 2.113e+00, 9.983e+02, 6.585e-09
1.045e+00, 5.000e-01, -6.350e-01, 1.162e+05, 0.000e+00, 9.319e-06, 0.000e+00, 2.111e+00, 9.983e+02, 4.093e-09
1.045e+00, 5.000e-01, -6.250e-01, 1.161e+05, 0.000e+00, 1.132e-05, 0.000e+00, 2.110e+00, 9.983e+02, 4.970e-09
1.045e+00, 5.000e-01, -6.150e-01, 1.160e+05, 0.000e+00, 2.462e-05, 0.000e+00, 2.108e+00, 9.983e+02, 1.081e-08
1.045e+00, 5.000e-01, -6.050e-01, 1.159e+05, 0.000e+00, 5.840e-05, 0.000e+00, 2.106e+00, 9.983e+02, 2.565e-08
1.045e+00, 5.000e-01, -5.950e-01, 1.158e+05, 0.000e+00, 1.258e-04, 0.000e+00, 2.104e+00, 9.983e+02, 5.526e-08
1.045e+00, 5.000e-01, -5.850e-01, 1.157e+05, 0.000e+00, 2.348e-04, 0.000e+00, 2.102e+00, 9.983e+02, 1.031e-07
1.045e+00, 5.000e-01, -5.750e-01, 1.156e+05, 0.000e+00, 3.707e-04, 0.000e+00, 2.101e+00, 9.983e+02, 1.644e-07
1.045e+00, 5.000e-01, -5.650e-01, 1.141e+05, 0.000e+00, 4.716e-04, 0.000e+00, 2.072e+00, 9.983e+02, 2.119e-07
1.045e+00, 5.000e-01, -5.550e-01, 1.140e+05, 0.000e+00, 5.093e-04, 0.000e+00, 2.070e+00, 9.984e+02, 2.288e-07
1.045e+00, 5.000e-01, -5.450e-01, 1.139e+05, 0.000e+00, 5.105e-04, 0.000e+00, 2.068e+00, 9.984e+02, 2.294e-07
1.045e+00, 5.000e-01, -5.350e-01, 1.138e+05, 0.000e+00, 5.074e-04, 0.000e+00, 2.067e+00, 9.984e+02, 2.279e-07
1.045e+00, 5.000e-01, -5.250e-01, 1.137e+05, 0.000e+00, 5.019e-04, 0.000e+00, 2.065e+00, 9.984e+02, 2.255e-07
1.045e+00, 5.000e-01, -5.150e-01, 1.136e+05, 0.000e+00, 4.889e-04, 0.000e+00, 2.063e+00, 9.984e+02, 2.196e-07
1.045e+00, 5.000e-01, -5.050e-01, 1.135e+05, 0.000e+00, 4.578e-04, 0.000e+00, 2.061e+00, 9.983e+02, 2.057e-07
1.045e+00, 5.000e-01, -4.950e-01, 1.134e+05, 0.000e+00, 4.025e-04, 0.000e+00, 2.059e+00, 9.983e+02, 1.808e-07
1.045e+00, 5.000e-01, -4.850e-01, 1.133e+05, 0.000e+00, 3.342e-04, 0.000e+00, 2.058e+00, 9.983e+02, 1.501e-07
1.045e+00, 5.000e-01, -4.750e-01, 1.132e+05, 0.000e+00, 2.690e-04, 0.000e+00, 2.056e+00, 9.983e+02, 1.209e-07
1.045e+00, 5.000e-01, -4.650e-01, 1.132e+05, 0.000e+00, 2.155e-04, 0.000e+00, 2.055e+00, 9.983e+02, 9.558e-08
1.045e+00, 5.000e-01, -4.550e-01, 1.131e+05, 0.000e+00, 1.715e-04, 0.000e+00, 2.054e+00, 9.983e+02, 7.515e-08
1.045e+00, 5.000e-01, -4.450e-01, 1.129e+05, 0.000e+00, 1.355e-04, 0.000e+00, 2.050e+00, 9.983e+02, 5.818e-08
1.045e+00, 5.000e-01, -4.350e-01, 1.128e+05, 0.000e+00, 1.069e-04, 0.000e+00, 2.048e+00, 9.983e+02, 4.588e-08
1.045e+00, 5.000e-01, -4.250e-01, 1.127e+05, 0.000e+00, 8.212e-05, 0.000e+00, 2.047e+00, 9.983e+02, 3.525e-08
1.045e+00, 5.000e-01, -4.150e-01, 1.126e+05, 0.000e+00, 6.474e-05, 0.000e+00, 2.045e+00, 9.983e+02, 2.779e-08
1.045e+00, 5.000e-01, -4.050e-01, 1.125e+05, 0.000e+00, 4.975e-05, 0.000e+00, 2.043e+00, 9.983e+02, 2.136e-08
1.045e+00, 5.000e-01, -3.950e-01, 1.124e+05, 0.000e+00, 3.327e-05, 0.000e+00, 2.041e+00, 9.983e+02, 1.401e-08
1.045e+00, 5.000e-01, -3.850e-01, 1.123e+05, 0.000e+00, 1.987e-05, 0.000e+00, 2.039e+00, 9.983e+02, 6.895e-09
1.045e+00, 5.000e-01, -3.750e-01, 1.122e+05, 0.000e+00, 2.865e-12, 0.000e+00, 2.037e+00, 9.983e+02, 7.902e-16
1.045e+00, 5.000e-01, -3.650e-01, 1.121e+05, 0.000e+00, 6.442e-10, 0.000e+00, 2.036e+00, 9.983e+02, 2.588e-13
1.045e+00, 5.000e-01, -3.550e-01, 1.120e+05, 0.000e+00, 2.899e-09, 0.000e+00, 2.034e+00, 9.983e+02, 1.164e-12
1.045e+00, 5.000e-01, -3.450e-01, 1.119e+05, 0.000e+00, 2.936e-09, 0.000e+00, 2.032e+00, 9.983e+02, 1.208e-12
1.045e+00, 5.000e-01, -3.350e-01, 1.118e+05, 0.000e+00, 8.434e-08, 0.000e+00, 2.030e+00, 9.983e+02, 2.647e-11
1.045e+00, 5.000e-01, -3.250e-01, 1.118e+05, 0.000e+00, 7.227e-04, 0.000e+00, 2.030e+00, 9.984e+02, 2.799e-07
1.045e+00, 5.000e-01, -3.150e-01, 1.117e+05, 0.000e+00, 6.942e-04, 0.000e+00, 2.029e+00, 9.984e+02, 3.042e-07
1.045e+00, 5.000e-01, -3.050e-01, 1.116e+05, 0.000e+00, 6.831e-04, 0.000e+00, 2.027e+00, 9.984e+02, 3.001e-07
1.045e+00, 5.000e-01, -2.950e-01, 1.115e+05, 0.000e+00, 6.767e-04, 0.000e+00, 2.025e+00, 9.984e+02, 2.972e-07
1.045e+00, 5.000e-01, -2.850e-01, 1.114e+05, 0.000e+00, 6.682e-04, 0.000e+00, 2.023e+00, 9.984e+02, 2.936e-07
1.045e+00, 5.000e-01, -2.750e-01, 1.113e+05, 0.000e+00, 6.345e-04, 0.000e+00, 2.021e+00, 9.984e+02, 2.787e-07
1.045e+00, 5.000e-01, -2.650e-01, 1.112e+05, 0.000e+00, 6.038e-04, 0.000e+00, 2.020e+00, 9.984e+02, 2.653e-07
1.045e+00, 5.000e-01, -2.550e-01, 1.111e+05, 0.000e+00, 5.779e-04, 0.000e+00, 2.018e+00, 9.984e+02, 2.539e-07
1.045e+00, 5.000e-01, -2.450e-01, 1.110e+05, 0.000e+00, 5.424e-04, 0.000e+00, 2.016e+00, 9.984e+02, 2.383e-07
1.045e+00, 5.000e-01, -2.350e-01, 1.109e+05, 0.000e+00, 5.385e-04, 0.000e+00, 2.014e+00, 9.984e+02, 2.365e-07
1.045e+00, 5.000e-01, -2.250e-01, 1.110e+05, 0.000e+00, 5.541e-04, 0.000e+00, 2.016e+00, 9.984e+02, 2.380e-07
1.045e+00, 5.000e-01, -2.150e-01, 1.109e+05, 0.000e+00, 5.542e-04, 0.000e+00, 2.014e+00, 9.984e+02, 2.379e-07
1.045e+00, 5.000e-01, -2.050e-01, 1.108e+05, 0.000e+00, 5.431e-04, 0.000e+00, 2.012e+00, 9.984e+02, 2.331e-07
1.045e+00, 5.000e-01, -1.950e-01, 1.107e+05, 0.000e+00, 5.184e-04, 0.000e+00, 2.011e+00, 9.984e+02, 2.226e-07
1.045e+00, 5.000e-01, -1.850e-01, 1.106e+05, 0.000e+00, 4.781e-04, 0.000e+00, 2.009e+00, 9.983e+02, 2.052e-07
1.045e+00, 5.000e-01, -1.750e-01, 1.105e+05, 0.000e+00, 4.227e-04, 0.000e+00, 2.007e+00, 9.983e+02, 1.814e-07
1.045e+00, 5.000e-01, -1.650e-01, 1.104e+05, 0.000e+00, 3.539e-04, 0.000e+00, 2.005e+00, 9.983e+02, 1.519e-07
1.045e+00, 5.000e-01, -1.550e-01, 1.103e+05, 0.000e+00, 2.719e-04, 0.000e+00, 2.004e+00, 9.983e+02, 1.171e-07
1.045e+00, 5.000e-01, -1.450e-01, 1.114e+05, 0.000e+00, 1.866e-04, 0.000e+00, 2.024e+00, 9.983e+02, 8.195e-08
1.045e+00, 5.000e-01, -1.350e-01, 1.113e+05, 0.000e+00, 1.157e-04, 0.000e+00, 2.022e+00, 9.983e+02, 5.082e-08
1.045e+00, 5.000e-01, -1.250e-01, 1.112e+05, 0.000e+00, 6.551e-05, 0.000e+00, 2.020e+00, 9.983e+02, 2.878e-08
1.045e+00, 5.000e-01, -1.150e-01, 1.111e+05, 0.000e+00, 3.426e-05, 0.000e+00, 2.018e+00, 9.983e+02, 1.505e-08
1.045e+00, 5.000e-01, -1.050e-01, 1.110e+05, 0.000e+00, 1.672e-05, 0.000e+00, 2.017e+00, 9.983e+02, 7.344e-09
1.045e+00, 5.000e-01, -9.500e-02, 1.109e+05, 0.000e+00, 7.683e-06, 0.000e+00, 2.015e+00, 9.983e+02, 3.375e-09
1.045e+00, 5.000e-01, -8.500e-02, 1.108e+05, 0.000e+00, 3.344e-06, 0.000e+00, 2.013e+00, 9.983e+02, 1.469e-09
1.045e+00, 5.000e-01, -7.500e-02, 1.107e+05, 0.000e+00, 1.383e-06, 0.000e+00, 2.011e+00, 9.983e+02, 6.074e-10
1.045e+00, 5.000e-01, -6.500e-02, 1.106e+05, 0.000e+00, 5.445e-07, 0.000e+00, 2.009e+00, 9.983e+02, 2.392e-10
1.045e+00, 5.000e-01, -5.500e-02, 1.105e+05, 0.000e+00, 2.043e-07, 0.000e+00, 2.008e+00, 9.983e+02, 8.972e-11
1.045e+00, 5.000e-01, -4.500e-02, 1.104e+05, 0.000e+00, 7.298e-08, 0.000e+00, 2.006e+00, 9.983e+02, 3.205e-11
1.045e+00, 5.000e-01, -3.500e-02, 1.103e+05, 0.000e+00, 2.483e-08, 0.000e+00, 2.004e+00, 9.983e+02, 1.090e-11
1.045e+00, 5.000e-01, -2.500e-02, 1.102e+05, 0.000e+00, 8.056e-09, 0.000e+00, 2.002e+00, 9.983e+02, 3.538e-12
1.045e+00, 5.000e-01, -1.500e-02, 1.101e+05, 0.000e+00, 2.539e-09, 0.000e+00, 2.000e+00, 9.983e+02, 1.115e-12
1.045e+00, 5.000e-01, -5.000e-03, 1.100e+05, 0.000e+00, 8.885e-10, 0.000e+00, 1.999e+00, 9.983e+02, 3.903e-13
1.055e+00, 5.000e-01, -1.195e+00, 1.202e+05, 0.000e+00, 1.002e-13, 0.000e+00, 2.184e+00, 9.983e+02, 2.000e-17
1.055e+00, 5.000e-01, -1.185e+00, 1.201e+05, 0.000e+00, 1.002e-13, 0.000e+00, 2.182e+00, 9.983e+02, 2.000e-17
1.055e+00, 5.000e-01, -1.175e+00, 1.200e+05, 0.000e+00, 1.002e-13, 0.000e+00, 2.181e+00, 9.983e+02, 2.000e-17
1.055e+00, 5.000e-01, -1.165e+00, 1.199e+05, 0.000e+00, 1.002e-13, 0.000e+00, 2.179e+00, 9.983e+02, 2.000e-17
1.055e+00, 5.000e-01, -1.155e+00, 1.198e+05, 0.000e+00, 1.002e-13, 0.000e+00, 2.177e+00, 9.983e+02, 2.000e-17
1.055e+00, 5.000e-01, -1.145e+00, 1.197e+05, 0.000e+00, 1.002e-13, 0.000e+00, 2.175e+00, 9.983e+02, 2.000e-17
1.055e+00, 5.000e-01, -1.135e+00, 1.196e+05, 0.000e+00, 2.944e-12, 0.000e+00, 2.173e+00, 9.983e+02, 6.100e-16
1.055e+00, 5.000e-01, -1.125e+00, 1.195e+05, 0.000e+00, 1.341e-03, 0.000e+00, 2.172e+00, 9.985e+02, 5.626e-07
1.055e+00, 5.000e-01, -1.115e+00, 1.194e+05, 0.000e+00, 1.290e-03, 0.000e+00, 2.170e+00, 9.985e+02, 5.540e-07
1.055e+00, 5.000e-01, -1.105e+00, 1.193e+05, 0.000e+00, 1.216e-03, 0.000e+00, 2.168e+00, 9.985e+02, 5.223e-07
1.055e+00, 5.000e-01, -1.095e+00, 1.192e+05, 0.000e+00, 1.115e-03, 0.000e+00, 2.167e+00, 9.985e+02, 4.788e-07
1.055e+00, 5.000e-01, -1.085e+00, 1.191e+05, 0.000e+00, 9.930e-04, 0.000e+00, 2.165e+00, 9.984e+02, 4.263e-07
1.055e+00, 5.000e-01, -1.075e+00, 1.190e+05, 0.000e+00, 8.691e-04, 0.000e+00, 2.163e+00, 9.984e+02, 3.731e-07
1.055e+00, 5.000e-01, -1.065e+00, 1.189e+05, 0.000e+00, 7.640e-04, 0.000e+00, 2.161e+00, 9.984e+02, 3.280e-07
1.055e+00, 5.000e-01, -1.055e+00, 1.188e+05, 0.000e+00, 6.878e-04, 0.000e+00, 2.159e+00, 9.984e+02, 2.953e-07
1.055e+00, 5.000e-01, -1.045e+00, 1.187e+05, 0.000e+00, 6.454e-04, 0.000e+00, 2.158e+00, 9.984e+02, 2.771e-07
1.055e+00, 5.000e-01, -1.035e+00, 1.186e+05, 0.000e+00, 6.320e-04, 0.000e+00, 2.156e+00, 9.984e+02, 2.713e-07
1.055e+00, 5.000e-01, -1.025e+00, 1.185e+05, 0.000e+00, 6.297e-04, 0.000e+00, 2.154e+00, 9.984e+02, 2.704e-07
1.055e+00, 5.000e-01, -1.015e+00, 1.185e+05, 0.000e+00, 6.264e-04, 0.000e+00, 2.152e+00, 9.984e+02, 2.689e-07
1.055e+00, 5.000e-01, -1.005e+00, 1.184e+05, 0.000e+00, 6.193e-04, 0.000e+00, 2.150e+00, 9.984e+02, 2.659e-07
1.055e+00, 5.000e-01, -9.950e-01, 1.183e+05, 0.000e+00, 6.099e-04, 0.000e+00, 2.149e+00, 9.984e+02, 2.618e-07
1.055e+00, 5.000e-01, -9.850e-01, 1.182e+05, 0.000e+00, 6.016e-04, 0.000e+00, 2.147e+00, 9.984e+02, 2.583e-07
1.055e+00, 5.000e-01, -9.750e-01, 1.181e+05, 0.000e+00, 5.986e-04, 0.000e+00, 2.145e+00, 9.984e+02, 2.570e-07
1.055e+00, 5.000e-01, -9.650e-01, 1.180e+05, 0.000e+00, 6.032e-04, 0.000e+00, 2.143e+00, 9.984e+02, 2.590e-07
1.055e+00, 5.000e-01, -9.550e-01, 1.179e+05, 0.000e+00, 6.153e-04, 0.000e+00, 2.141e+00, 9.984e+02, 2.642e-07
1.055e+00, 5.000e-01, -9.450e-01, 1.178e+05, 0.000e+00, 6.338e-04, 0.000e+00, 2.140e+00, 9.984e+02, 2.721e-07
1.055e+00, 5.000e-01, -9.350e-01, 1.177e+05, 0.000e+00, 6.574e-04, 0.000e+00, 2.138e+00, 9.984e+02, 2.822e-07
1.055e+00, 5.000e-01, -9.250e-01, 1.176e+05, 0.000e+00, 6.836e-04, 0.000e+00, 2.136e+00, 9.984e+02, 2.935e-07
1.055e+00, 5.000e-01, -9.150e-01, 1.175e+05, 0.000e+00, 7.071e-04, 0.000e+00, 2.134e+00, 9.984e+02, 3.036e-07
1.055e+00, 5.000e-01, -9.050e-01, 1.174e+05, 0.000e+00, 7.190e-04, 0.000e+00, 2.132e+00, 9.984e+02, 3.087e-07
1.055e+00, 5.000e-01, -8.950e-01, 1.173e+05, 0.000e+00, 7.182e-04, 0.000e+00, 2.131e+00, 9.984e+02, 3.083e-07
1.055e+00, 5.000e-01, -8.850e-01, 1.172e+05, 0.000e+00, 7.059e-04, 0.000e+00, 2.129e+00, 9.984e+02, 3.031e-07
1.055e+00, 5.000e-01, -8.750e-01, 1.171e+05, 0.000e+00, 6.837e-04, 0.000e+00, 2.127e+00, 9.984e+02, 2.935e-07
1.055e+00, 5.000e-01, -8.650e-01, 1.170e+05, 0.000e+00, 6.529e-04, 0.000e+00, 2.125e+00, 9.984e+02, 2.803e-07
1.055e+00, 5.000e-01, -8.550e-01, 1.169e+05, 0.000e+00, 6.152e-04, 0.000e+00, 2.124e+00, 9.984e+02, 2.641e-07
1.055e+00, 5.000e-01, -8.450e-01, 1.168e+05, 0.000e+00, 5.736e-04, 0.000e+00, 2.122e+00, 9.984e+02, 2.463e-07
1.055e+00, 5.000e-01, -8.350e-01, 1.167e+05, 0.000e+00, 5.342e-04, 0.000e+00, 2.120e+00, 9.984e+02, 2.293e-07
1.055e+00, 5.000e-01, -8.250e-01, 1.166e+05, 0.000e+00, 4.998e-04, 0.000e+00, 2.118e+00, 9.984e+02, 2.146e-07
1.055e+00, 5.000e-01, -8.150e-01, 1.165e+05, 0.000e+00, 4.743e-04, 0.000e+00, 2.116e+00, 9.983e+02, 2.036e-07
1.055e+00, 5.000e-01, -8.050e-01, 1.164e+05, 0.000e+00, 4.529e-04, 0.000e+00, 2.115e+00, 9.983e+02, 1.944e-07
1.055e+00, 5.000e-01, -7.950e-01, 1.163e+05, 0.000e+00, 4.316e-04, 0.000e+00, 2.113e+00, 9.983e+02, 1.853e-07
1.055e+00, 5.000e-01, -7.850e-01, 1.162e+05, 0.000e+00, 4.091e-04, 0.000e+00, 2.111e+00, 9.983e+02, 1.756e-07
1.055e+00, 5.000e-01, -7.750e-01, 1.161e+05, 0.000e+00, 3.869e-04, 0.000e+00, 2.109e+00, 9.983e+02, 1.661e-07
1.055e+00, 5.000e-01, -7.650e-01, 1.160e+05, 0.000e+00, 3.700e-04, 0.000e+00, 2.107e+00, 9.983e+02, 1.588e-07
1.055e+00, 5.000e-01, -7.550e-01, 1.159e+05, 0.000e+00, 3.740e-04, 0.000e+00, 2.106e+00, 9.983e+02, 1.606e-07
1.055e+00, 5.000e-01, -7.450e-01, 1.158e+05, 0.000e+00, 4.402e-04, 0.000e+00, 2.104e+00, 9.983e+02, 1.890e-07
1.055e+00, 5.000e-01, -7.350e-01, 1.157e+05, 0.000e+00, 5.697e-04, 0.000e+00, 2.102e+00, 9.984e+02, 2.455e-07
1.055e+00, 5.000e-01, -7.250e-01, 1.171e+05, 0.000e+00, 7.004e-04, 0.000e+00, 2.127e+00, 9.984e+02, 3.077e-07
1.055e+00, 5.000e-01, -7.150e-01, 1.170e+05, 0.000e+00, 5.302e-04, 0.000e+00, 2.126e+00, 9.984e+02, 2.329e-07
1.055e+00, 5.000e-01, -7.050e-01, 1.169e+05, 0.000e+00, 3.763e-04, 0.000e+00, 2.124e+00, 9.983e+02, 1.653e-07
1.055e+00, 5.000e-01, -6.950e-01, 1.168e+05, 0.000e+00, 2.578e-04, 0.000e+00, 2.122e+00, 9.983e+02, 1.132e-07
1.055e+00, 5.000e-01, -6.850e-01, 1.167e+05, 0.000e+00, 1.670e-04, 0.000e+00, 2.120e+00, 9.983e+02, 7.337e-08
1.055e+00, 5.000e-01, -6.750e-01, 1.166e+05, 0.000e+00, 1.013e-04, 0.000e+00, 2.119e+00, 9.983e+02, 4.450e-08
1.055e+00, 5.000e-01, -6.650e-01, 1.165e+05, 0.000e+00, 5.741e-05, 0.000e+00, 2.117e+00, 9.983e+02, 2.522e-08
1.055e+00, 5.000e-01, -6.550e-01, 1.164e+05, 0.000e+00, 3.057e-05, 0.000e+00, 2.115e+00, 9.983e+02, 1.343e-08
1.055e+00, 5.000e-01, -6.450e-01, 1.163e+05, 0.000e+00, 1.589e-05, 0.000e+00, 2.113e+00, 9.983e+02, 6.980e-09
1.055e+00, 5.000e-01, -6.350e-01, 1.162e+05, 0.000e+00, 9.859e-06, 0.000e+00, 2.111e+00, 9.983e+02, 4.330e-09
1.055e+00, 5.000e-01, -6.250e-01, 1.161e+05, 0.000e+00, 1.171e-05, 0.000e+00, 2.110e+00, 9.983e+02, 5.145e-09
1.055e+00, 5.000e-01, -6.150e-01, 1.160e+05, 0.000e+00, 2.485e-05, 0.000e+00, 2.108e+00, 9.983e+02, 1.091e-08
1.055e+00, 5.000e-01, -6.050e-01, 1.159e+05, 0.000e+00, 5.803e-05, 0.000e+00, 2.106e+00, 9.983e+02, 2.549e-08
1.055e+00, 5.000e-01, -5.950e-01, 1.158e+05, 0.000e+00, 1.240e-04, 0.000e+00, 2.104e+00, 9.983e+02, 5.449e-08
1.055e+00, 5.000e-01, -5.850e-01, 1.157e+05, 0.000e+00, 2.314e-04, 0.000e+00, 2.102e+00, 9.983e+02, 1.017e-07
1.055e+00, 5.000e-01, -5.750e-01, 1.156e+05, 0.000e+00, 3.676e-04, 0.000e+00, 2.101e+00, 9.983e+02, 1.626e-07
1.055e+00, 5.000e-01, -5.650e-01, 1.141e+05, 0.000e+00, 4.785e-04, 0.000e+00, 2.072e+00, 9.983e+02, 2.150e-07
1.055e+00, 5.000e-01, -5.550e-01, 1.140e+05, 0.000e+00, 5.142e-04, 0.000e+00, 2.070e+00, 9.984e+02, 2.310e-07
1.055e+00, 5.000e-01, -5.450e-01, 1.139e+05, 0.000e+00, 5.118e-04, 0.000e+00, 2.068e+00, 9.984e+02, 2.300e-07
1.055e+00, 5.000e-01, -5.350e-01, 1.138e+05, 0.000e+00, 5.081e-04, 0.000e+00, 2.067e+00, 9.984e+02, 2.283e-07
1.055e+00, 5.000e-01, -5.250e-01, 1.137e+05, 0.000e+00, 5.038e-04, 0.000e+00, 2.065e+00, 9.984e+02, 2.263e-07
1.055e+00, 5.000e-01, -5.150e-01, 1.136e+05, 0.000e+00, 4.948e-04, 0.000e+00, 2.063e+00, 9.984e+02, 2.223e-07
1.055e+00, 5.000e-01, -5.050e-01, 1.135e+05, 0.000e+00, 4.707e-04, 0.000e+00, 2.061e+00, 9.983e+02, 2.115e-07
1.055e+00, 5.000e-01, -4.950e-01, 1.134e+05, 0.000e+00, 4.202e-04, 0.000e+00, 2.059e+00, 9.983e+02, 1.888e-07
1.055e+00, 5.000e-01, -4.850e-01, 1.133e+05, 0.000e+00, 3.498e-04, 0.000e+00, 2.058e+00, 9.983e+02, 1.571e-07
1.055e+00, 5.000e-01, -4.750e-01, 1.132e+05, 0.000e+00, 2.782e-04, 0.000e+00, 2.056e+00, 9.983e+02, 1.250e-07
1.055e+00, 5.000e-01, -4.650e-01, 1.132e+05, 0.000e+00, 2.203e-04, 0.000e+00, 2.055e+00, 9.983e+02, 9.785e-08
1.055e+00, 5.000e-01, -4.550e-01, 1.131e+05, 0.000e+00, 1.737e-04, 0.000e+00, 2.054e+00, 9.983e+02, 7.582e-08
1.055e+00, 5.000e-01, -4.450e-01, 1.129e+05, 0.000e+00, 1.347e-04, 0.000e+00, 2.050e+00, 9.983e+02, 5.784e-08
1.055e+00, 5.000e-01, -4.350e-01, 1.128e+05, 0.000e+00, 1.048e-04, 0.000e+00, 2.048e+00, 9.983e+02, 4.499e-08
1.055e+00, 5.000e-01, -4.250e-01, 1.127e+05, 0.000e+00, 7.715e-05, 0.000e+00, 2.047e+00, 9.983e+02, 3.312e-08
1.055e+00, 5.000e-01, -4.150e-01, 1.126e+05, 0.000e+00, 4.826e-05, 0.000e+00, 2.045e+00, 9.983e+02, 1.876e-08
1.055e+00, 5.000e-01, -4.050e-01, 1.125e+05, 0.000e+00, 1.038e-10, 0.000e+00, 2.043e+00, 9.983e+02, 3.090e-14
1.055e+00, 5.000e-01, -3.950e-01, 1.124e+05, 0.000e+00, 3.135e-09, 0.000e+00, 2.041e+00, 9.983e+02, 1.025e-12
1.055e+00, 5.000e-01, -3.850e-01, 1.123e+05, 0.000e+00, 3.205e-09, 0.000e+00, 2.039e+00, 9.983e+02, 1.309e-12
1.055e+00, 5.000e-01, -3.750e-01, 1.122e+05, 0.000e+00, 3.374e-09, 0.000e+00, 2.037e+00, 9.983e+02, 1.497e-12
1.055e+00, 5.000e-01, -3.650e-01, 1.121e+05, 0.000e+00, 1.034e-07, 0.000e+00, 2.036e+00, 9.983e+02, 3.357e-11
1.055e+00, 5.000e-01, -3.550e-01, 1.120e+05, 0.000e+00, 6.751e-04, 0.000e+00, 2.034e+00, 9.984e+02, 2.712e-07
1.055e+00, 5.000e-01, -3.450e-01, 1.119e+05, 0.000e+00, 6.671e-04, 0.000e+00, 2.033e+00, 9.984e+02, 2.990e-07
1.055e+00, 5.000e-01, -3.350e-01, 1.119e+05, 0.000e+00, 6.621e-04, 0.000e+00, 2.032e+00, 9.984e+02, 2.909e-07
1.055e+00, 5.000e-01, -3.250e-01, 1.118e+05, 0.000e+00, 6.592e-04, 0.000e+00, 2.030e+00, 9.984e+02, 2.896e-07
1.055e+00, 5.000e-01, -3.150e-01, 1.117e+05, 0.000e+00, 6.541e-04, 0.000e+00, 2.029e+00, 9.984e+02, 2.873e-07
1.055e+00, 5.000e-01, -3.050e-01, 1.116e+05, 0.000e+00, 6.236e-04, 0.000e+00, 2.027e+00, 9.984e+02, 2.739e-07
1.055e+00, 5.000e-01, -2.950e-01, 1.115e+05, 0.000e+00, 5.964e-04, 0.000e+00, 2.025e+00, 9.984e+02, 2.620e-07
1.055e+00, 5.000e-01, -2.850e-01, 1.114e+05, 0.000e+00, 5.699e-04, 0.000e+00, 2.023e+00, 9.984e+02, 2.503e-07
1.055e+00, 5.000e-01, -2.750e-01, 1.113e+05, 0.000e+00, 5.227e-04, 0.000e+00, 2.021e+00, 9.984e+02, 2.296e-07
1.055e+00, 5.000e-01, -2.650e-01, 1.112e+05, 0.000e+00, 4.740e-04, 0.000e+00, 2.020e+00, 9.983e+02, 2.082e-07
1.055e+00, 5.000e-01, -2.550e-01, 1.111e+05, 0.000e+00, 4.379e-04, 0.000e+00, 2.018e+00, 9.983e+02, 1.924e-07
1.055e+00, 5.000e-01, -2.450e-01, 1.110e+05, 0.000e+00, 4.336e-04, 0.000e+00, 2.016e+00, 9.983e+02, 1.904e-07
1.055e+00, 5.000e-01, -2.350e-01, 1.109e+05, 0.000e+00, 4.584e-04, 0.000e+00, 2.014e+00, 9.983e+02, 2.007e-07
1.055e+00, 5.000e-01, -2.250e-01, 1.110e+05, 0.000e+00, 4.983e-04, 0.000e+00, 2.016e+00, 9.984e+02, 2.139e-07
1.055e+00, 5.000e-01, -2.150e-01, 1.109e+05, 0.000e+00, 5.177e-04, 0.000e+00, 2.014e+00, 9.984e+02, 2.222e-07
1.055e+00, 5.000e-01, -2.050e-01, 1.108e+05, 0.000e+00, 5.234e-04, 0.000e+00, 2.012e+00, 9.984e+02, 2.247e-07
1.055e+00, 5.000e-01, -1.950e-01, 1.107e+05, 0.000e+00, 5.116e-04, 0.000e+00, 2.011e+00, 9.984e+02, 2.196e-07
1.055e+00, 5.000e-01, -1.850e-01, 1.106e+05, 0.000e+00, 4.790e-04, 0.000e+00, 2.009e+00, 9.983e+02, 2.056e-07
1.055e+00, 5.000e-01, -1.750e-01, 1.105e+05, 0.000e+00, 4.268e-04, 0.000e+00, 2.007e+00, 9.983e+02, 1.832e-07
1.055e+00, 5.000e-01, -1.650e-01, 1.104e+05, 0.000e+00, 3.578e-04, 0.000e+00, 2.005e+00, 9.983e+02, 1.536e-07
1.055e+00, 5.000e-01, -1.550e-01, 1.103e+05, 0.000e+00, 2.687e-04, 0.000e+00, 2.004e+00, 9.983e+02, 1.165e-07
1.055e+00, 5.000e-01, -1.450e-01, 1.114e+05, 0.000e+00, 1.822e-04, 0.000e+00, 2.024e+00, 9.983e+02, 8.005e-08
1.055e+00, 5.000e-01, -1.350e-01, 1.113e+05, 0.000e+00, 1.118e-04, 0.000e+00, 2.022e+00, 9.983e+02, 4.911e-08
1.055e+00, 5.000e-01, -1.250e-01, 1.112e+05, 0.000e+00, 6.242e-05, 0.000e+00, 2.020e+00, 9.983e+02, 2.742e-08
1.055e+00, 5.000e-01, -1.150e-01, 1.111e+05, 0.000e+00, 3.206e-05, 0.000e+00, 2.018e+00, 9.983e+02, 1.408e-08
1.055e+00, 5.000e-01, -1.050e-01, 1.110e+05, 0.000e+00, 1.531e-05, 0.000e+00, 2.017e+00, 9.983e+02, 6.724e-09
1.055e+00, 5.000e-01, -9.500e-02, 1.109e+05, 0.000e+00, 6.858e-06, 0.000e+00, 2.015e+00, 9.983e+02, 3.012e-09
1.055e+00, 5.000e-01, -8.500e-02, 1.108e+05, 0.000e+00, 2.906e-06, 0.000e+00, 2.013e+00, 9.983e+02, 1.276e-09
1.055e+00, 5.000e-01, -7.500e-02, 1.107e+05, 0.000e+00, 1.171e-06, 0.000e+00, 2.011e+00, 9.983e+02, 5.143e-10
1.055e+00, 5.000e-01, -6.500e-02, 1.106e+05, 0.000e+00, 4.500e-07, 0.000e+00, 2.009e+00, 9.983e+02, 1.977e-10
1.055e+00, 5.000e-01, -5.500e-02, 1.105e+05, 0.000e+00, 1.652e-07, 0.000e+00, 2.008e+00, 9.983e+02, 7.254e-11
1.055e+00, 5.000e-01, -4.500e-02, 1.104e+05, 0.000e+00, 5.788e-08, 0.000e+00, 2.006e+00, 9.983e+02, 2.542e-11
1.055e+00, 5.000e-01, -3.500e-02, 1.103e+05, 0.000e+00, 1.937e-08, 0.000e+00, 2.004e+00, 9.983e+02, 8.507e-12
1.055e+00, 5.000e-01, -2.500e-02, 1.102e+05, 0.000e+00, 6.196e-09, 0.000e+00, 2.002e+00, 9.983e+02, 2.721e-12
1.055e+00, 5.000e-01, -1.500e-02, 1.101e+05, 0.000e+00, 1.928e-09, 0.000e+00, 2.000e+00, 9.983e+02, 8.469e-13
1.055e+00, 5.000e-01, -5.000e-03, 1.100e+05, 0.000e+00, 6.670e-10, 0.000e+00, 1.999e+00, 9.983e+02, 2.930e-13
1.065e+00, 5.000e-01, -1.195e+00, 1.202e+05, 0.000e+00, 1.002e-13, 0.000e+00, 2.184e+00, 9.983e+02, 2.000e-17
1.065e+00, 5.000e-01, -1.185e+00, 1.201e+05, 0.000e+00, 1.002e-13, 0.000e+00, 2.182e+00, 9.983e+02, 2.000e-17
1.065e+00, 5.000e-01, -1.175e+00, 1.200e+05, 0.000e+00, 1.002e-13, 0.000e+00, 2.181e+00, 9.983e+02, 2.000e-17
1.065e+00, 5.000e-01, -1.165e+00, 1.199e+05, 0.000e+00, 1.002e-13, 0.000e+00, 2.179e+00, 9.983e+02, 2.000e-17
1.065e+00, 5.000e-01, -1.155e+00, 1.198e+05, 0.000e+00, 1.002e-13, 0.000e+00, 2.177e+00, 9.983e+02, 2.000e-17
1.065e+00, 5.000e-01, -1.145e+00, 1.197e+05, 0.000e+00, 1.002e-13, 0.000e+00, 2.175e+00, 9.983e+02, 2.000e-17
1.065e+00, 5.000e-01, -1.135e+00, 1.196e+05, 0.000e+00, 3.212e-12, 0.000e+00, 2.173e+00, 9.983e+02, 6.413e-16
1.065e+00, 5.000e-01, -1.125e+00, 1.195e+05, 0.000e+00, 1.359e-03, 0.000e+00, 2.172e+00, 9.985e+02, 4.869e-07
1.065e+00, 5.000e-01, -1.115e+00, 1.194e+05, 0.000e+00, 1.287e-03, 0.000e+00, 2.170e+00, 9.985e+02, 5.527e-07
1.065e+00, 5.000e-01, -1.105e+00, 1.193e+05, 0.000e+00, 1.217e-03, 0.000e+00, 2.168e+00, 9.985e+02, 5.225e-07
1.065e+00, 5.000e-01, -1.095e+00, 1.192e+05, 0.000e+00, 1.119e-03, 0.000e+00, 2.167e+00, 9.985e+02, 4.805e-07
1.065e+00, 5.000e-01, -1.085e+00, 1.191e+05, 0.000e+00, 9.970e-04, 0.000e+00, 2.165e+00, 9.984e+02, 4.280e-07
1.065e+00, 5.000e-01, -1.075e+00, 1.190e+05, 0.000e+00, 8.689e-04, 0.000e+00, 2.163e+00, 9.984e+02, 3.730e-07
1.065e+00, 5.000e-01, -1.065e+00, 1.189e+05, 0.000e+00, 7.576e-04, 0.000e+00, 2.161e+00, 9.984e+02, 3.253e-07
1.065e+00, 5.000e-01, -1.055e+00, 1.188e+05, 0.000e+00, 6.804e-04, 0.000e+00, 2.159e+00, 9.984e+02, 2.921e-07
1.065e+00, 5.000e-01, -1.045e+00, 1.187e+05, 0.000e+00, 6.469e-04, 0.000e+00, 2.158e+00, 9.984e+02, 2.777e-07
1.065e+00, 5.000e-01, -1.035e+00, 1.186e+05, 0.000e+00, 6.429e-04, 0.000e+00, 2.156e+00, 9.984e+02, 2.760e-07
1.065e+00, 5.000e-01, -1.025e+00, 1.185e+05, 0.000e+00, 6.443e-04, 0.000e+00, 2.154e+00, 9.984e+02, 2.766e-07
1.065e+00, 5.000e-01, -1.015e+00, 1.185e+05, 0.000e+00, 6.405e-04, 0.000e+00, 2.152e+00, 9.984e+02, 2.750e-07
1.065e+00, 5.000e-01, -1.005e+00, 1.184e+05, 0.000e+00, 6.319e-04, 0.000e+00, 2.150e+00, 9.984e+02, 2.713e-07
1.065e+00, 5.000e-01, -9.950e-01, 1.183e+05, 0.000e+00, 6.231e-04, 0.000e+00, 2.149e+00, 9.984e+02, 2.675e-07
1.065e+00, 5.000e-01, -9.850e-01, 1.182e+05, 0.000e+00, 6.208e-04, 0.000e+00, 2.147e+00, 9.984e+02, 2.665e-07
1.065e+00, 5.000e-01, -9.750e-01, 1.181e+05, 0.000e+00, 6.299e-04, 0.000e+00, 2.145e+00, 9.984e+02, 2.704e-07
1.065e+00, 5.000e-01, -9.650e-01, 1.180e+05, 0.000e+00, 6.494e-04, 0.000e+00, 2.143e+00, 9.984e+02, 2.788e-07
1.065e+00, 5.000e-01, -9.550e-01, 1.179e+05, 0.000e+00, 6.739e-04, 0.000e+00, 2.141e+00, 9.984e+02, 2.893e-07
1.065e+00, 5.000e-01, -9.450e-01, 1.178e+05, 0.000e+00, 6.998e-04, 0.000e+00, 2.140e+00, 9.984e+02, 3.004e-07
1.065e+00, 5.000e-01, -9.350e-01, 1.177e+05, 0.000e+00, 7.263e-04, 0.000e+00, 2.138e+00, 9.984e+02, 3.118e-07
1.065e+00, 5.000e-01, -9.250e-01, 1.176e+05, 0.000e+00, 7.508e-04, 0.000e+00, 2.136e+00, 9.984e+02, 3.223e-07
1.065e+00, 5.000e-01, -9.150e-01, 1.175e+05, 0.000e+00, 7.640e-04, 0.000e+00, 2.134e+00, 9.984e+02, 3.280e-07
1.065e+00, 5.000e-01, -9.050e-01, 1.174e+05, 0.000e+00, 7.662e-04, 0.000e+00, 2.132e+00, 9.984e+02, 3.290e-07
1.065e+00, 5.000e-01, -8.950e-01, 1.173e+05, 0.000e+00, 7.588e-04, 0.000e+00, 2.131e+00, 9.984e+02, 3.258e-07
1.065e+00, 5.000e-01, -8.850e-01, 1.172e+05, 0.000e+00, 7.432e-04, 0.000e+00, 2.129e+00, 9.984e+02, 3.191e-07
1.065e+00, 5.000e-01, -8.750e-01, 1.171e+05, 0.000e+00, 7.208e-04, 0.000e+00, 2.127e+00, 9.984e+02, 3.094e-07
1.065e+00, 5.000e-01, -8.650e-01, 1.170e+05, 0.000e+00, 6.909e-04, 0.000e+00, 2.125e+00, 9.984e+02, 2.966e-07
1.065e+00, 5.000e-01, -8.550e-01, 1.169e+05, 0.000e+00, 6.534e-04, 0.000e+00, 2.124e+00, 9.984e+02, 2.805e-07
1.065e+00, 5.000e-01, -8.450e-01, 1.168e+05, 0.000e+00, 6.115e-04, 0.000e+00, 2.122e+00, 9.984e+02, 2.625e-07
1.065e+00, 5.000e-01, -8.350e-01, 1.167e+05, 0.000e+00, 5.690e-04, 0.000e+00, 2.120e+00, 9.984e+02, 2.443e-07
1.065e+00, 5.000e-01, -8.250e-01, 1.166e+05, 0.000e+00, 5.293e-04, 0.000e+00, 2.118e+00, 9.984e+02, 2.272e-07
1.065e+00, 5.000e-01, -8.150e-01, 1.165e+05, 0.000e+00, 4.956e-04, 0.000e+00, 2.116e+00, 9.984e+02, 2.128e-07
1.065e+00, 5.000e-01, -8.050e-01, 1.164e+05, 0.000e+00, 4.683e-04, 0.000e+00, 2.115e+00, 9.983e+02, 2.010e-07
1.065e+00, 5.000e-01, -7.950e-01, 1.163e+05, 0.000e+00, 4.452e-04, 0.000e+00, 2.113e+00, 9.983e+02, 1.911e-07
1.065e+00, 5.000e-01, -7.850e-01, 1.162e+05, 0.000e+00, 4.229e-04, 0.000e+00, 2.111e+00, 9.983e+02, 1.815e-07
1.065e+00, 5.000e-01, -7.750e-01, 1.161e+05, 0.000e+00, 4.022e-04, 0.000e+00, 2.109e+00, 9.983e+02, 1.726e-07
1.065e+00, 5.000e-01, -7.650e-01, 1.160e+05, 0.000e+00, 3.856e-04, 0.000e+00, 2.107e+00, 9.983e+02, 1.655e-07
1.065e+00, 5.000e-01, -7.550e-01, 1.159e+05, 0.000e+00, 3.841e-04, 0.000e+00, 2.106e+00, 9.983e+02, 1.649e-07
1.065e+00, 5.000e-01, -7.450e-01, 1.158e+05, 0.000e+00, 4.322e-04, 0.000e+00, 2.104e+00, 9.983e+02, 1.855e-07
1.065e+00, 5.000e-01, -7.350e-01, 1.157e+05, 0.000e+00, 5.360e-04, 0.000e+00, 2.102e+00, 9.984e+02, 2.301e-07
1.065e+00, 5.000e-01, -7.250e-01, 1.171e+05, 0.000e+00, 6.864e-04, 0.000e+00, 2.127e+00, 9.984e+02, 3.010e-07
1.065e+00, 5.000e-01, -7.150e-01, 1.170e+05, 0.000e+00, 5.314e-04, 0.000e+00, 2.126e+00, 9.984e+02, 2.335e-07
1.065e+00, 5.000e-01, -7.050e-01, 1.169e+05, 0.000e+00, 3.842e-04, 0.000e+00, 2.124e+00, 9.983e+02, 1.688e-07
1.065e+00, 5.000e-01, -6.950e-01, 1.168e+05, 0.000e+00, 2.663e-04, 0.000e+00, 2.122e+00, 9.983e+02, 1.170e-07
1.065e+00, 5.000e-01, -6.850e-01, 1.167e+05, 0.000e+00, 1.738e-04, 0.000e+00, 2.120e+00, 9.983e+02, 7.633e-08
1.065e+00, 5.000e-01, -6.750e-01, 1.166e+05, 0.000e+00, 1.060e-04, 0.000e+00, 2.119e+00, 9.983e+02, 4.654e-08
1.065e+00, 5.000e-01, -6.650e-01, 1.165e+05, 0.000e+00, 6.030e-05, 0.000e+00, 2.117e+00, 9.983e+02, 2.649e-08
1.065e+00, 5.000e-01, -6.550e-01, 1.164e+05, 0.000e+00, 3.223e-05, 0.000e+00, 2.115e+00, 9.983e+02, 1.416e-08
1.065e+00, 5.000e-01, -6.450e-01, 1.163e+05, 0.000e+00, 1.682e-05, 0.000e+00, 2.113e+00, 9.983e+02, 7.387e-09
1.065e+00, 5.000e-01, -6.350e-01, 1.162e+05, 0.000e+00, 1.045e-05, 0.000e+00, 2.111e+00, 9.983e+02, 4.588e-09
1.065e+00, 5.000e-01, -6.250e-01, 1.161e+05, 0.000e+00, 1.221e-05, 0.000e+00, 2.110e+00, 9.983e+02, 5.362e-09
1.065e+00, 5.000e-01, -6.150e-01, 1.160e+05, 0.000e+00, 2.524e-05, 0.000e+00, 2.108e+00, 9.983e+02, 1.109e-08
1.065e+00, 5.000e-01, -6.050e-01, 1.159e+05, 0.000e+00, 5.784e-05, 0.000e+00, 2.106e+00, 9.983e+02, 2.541e-08
1.065e+00, 5.000e-01, -5.950e-01, 1.158e+05, 0.000e+00, 1.224e-04, 0.000e+00, 2.104e+00, 9.983e+02, 5.374e-08
1.065e+00, 5.000e-01, -5.850e-01, 1.157e+05, 0.000e+00, 2.280e-04, 0.000e+00, 2.102e+00, 9.983e+02, 1.002e-07
1.065e+00, 5.000e-01, -5.750e-01, 1.156e+05, 0.000e+00, 3.656e-04, 0.000e+00, 2.101e+00, 9.983e+02, 1.613e-07
1.065e+00, 5.000e-01, -5.650e-01, 1.141e+05, 0.000e+00, 4.877e-04, 0.000e+00, 2.072e+00, 9.984e+02, 2.191e-07
1.065e+00, 5.000e-01, -5.550e-01, 1.140e+05, 0.000e+00, 5.194e-04, 0.000e+00, 2.070e+00, 9.984e+02, 2.334e-07
1.065e+00, 5.000e-01, -5.450e-01, 1.139e+05, 0.000e+00, 5.132e-04, 0.000e+00, 2.068e+00, 9.984e+02, 2.305e-07
1.065e+00, 5.000e-01, -5.350e-01, 1.138e+05, 0.000e+00, 5.086e-04, 0.000e+00, 2.067e+00, 9.984e+02, 2.285e-07
1.065e+00, 5.000e-01, -5.250e-01, 1.137e+05, 0.000e+00, 5.043e-04, 0.000e+00, 2.065e+00, 9.984e+02, 2.266e-07
1.065e+00, 5.000e-01, -5.150e-01, 1.136e+05, 0.000e+00, 4.976e-04, 0.000e+00, 2.063e+00, 9.984e+02, 2.236e-07
1.065e+00, 5.000e-01, -5.050e-01, 1.135e+05, 0.000e+00, 4.789e-04, 0.000e+00, 2.061e+00, 9.983e+02, 2.151e-07
1.065e+00, 5.000e-01, -4.950e-01, 1.134e+05, 0.000e+00, 4.332e-04, 0.000e+00, 2.059e+00, 9.983e+02, 1.946e-07
1.065e+00, 5.000e-01, -4.850e-01, 1.133e+05, 0.000e+00, 3.622e-04, 0.000e+00, 2.058e+00, 9.983e+02, 1.627e-07
1.065e+00, 5.000e-01, -4.750e-01, 1.132e+05, 0.000e+00, 2.824e-04, 0.000e+00, 2.056e+00, 9.983e+02, 1.269e-07
1.065e+00, 5.000e-01, -4.650e-01, 1.131e+05, 0.000e+00, 2.205e-04, 0.000e+00, 2.054e+00, 9.983e+02, 9.806e-08
1.065e+00, 5.000e-01, -4.550e-01, 1.131e+05, 0.000e+00, 1.726e-04, 0.000e+00, 2.054e+00, 9.983e+02, 7.505e-08
1.065e+00, 5.000e-01, -4.450e-01, 1.129e+05, 0.000e+00, 1.266e-04, 0.000e+00, 2.050e+00, 9.983e+02, 5.316e-08
1.065e+00, 5.000e-01, -4.350e-01, 1.128e+05, 0.000e+00, 8.560e-05, 0.000e+00, 2.048e+00, 9.983e+02, 2.928e-08
1.065e+00, 5.000e-01, -4.250e-01, 1.127e+05, 0.000e+00, 7.037e-10, 0.000e+00, 2.046e+00, 9.983e+02, 1.984e-13
1.065e+00, 5.000e-01, -4.150e-01, 1.126e+05, 0.000e+00, 1.357e-10, 0.000e+00, 2.045e+00, 9.983e+02, 5.589e-14
1.065e+00, 5.000e-01, -4.050e-01, 1.125e+05, 0.000e+00, 4.015e-10, 0.000e+00, 2.043e+00, 9.983e+02, 1.271e-13
1.065e+00, 5.000e-01, -3.950e-01, 1.124e+05, 0.000e+00, 5.959e-04, 0.000e+00, 2.041e+00, 9.984e+02, 1.951e-07
1.065e+00, 5.000e-01, -3.850e-01, 1.123e+05, 0.000e+00, 6.108e-04, 0.000e+00, 2.040e+00, 9.984e+02, 2.494e-07
1.065e+00, 5.000e-01, -3.750e-01, 1.122e+05, 0.000e+00, 6.260e-04, 0.000e+00, 2.038e+00, 9.984e+02, 2.812e-07
1.065e+00, 5.000e-01, -3.650e-01, 1.121e+05, 0.000e+00, 6.246e-04, 0.000e+00, 2.036e+00, 9.984e+02, 2.806e-07
1.065e+00, 5.000e-01, -3.550e-01, 1.120e+05, 0.000e+00, 6.238e-04, 0.000e+00, 2.034e+00, 9.984e+02, 2.803e-07
1.065e+00, 5.000e-01, -3.450e-01, 1.119e+05, 0.000e+00, 6.220e-04, 0.000e+00, 2.033e+00, 9.984e+02, 2.785e-07
1.065e+00, 5.000e-01, -3.350e-01, 1.119e+05, 0.000e+00, 5.863e-04, 0.000e+00, 2.032e+00, 9.984e+02, 2.576e-07
1.065e+00, 5.000e-01, -3.250e-01, 1.118e+05, 0.000e+00, 5.688e-04, 0.000e+00, 2.030e+00, 9.984e+02, 2.499e-07
1.065e+00, 5.000e-01, -3.150e-01, 1.117e+05, 0.000e+00, 5.522e-04, 0.000e+00, 2.029e+00, 9.984e+02, 2.426e-07
1.065e+00, 5.000e-01, -3.050e-01, 1.116e+05, 0.000e+00, 5.126e-04, 0.000e+00, 2.027e+00, 9.984e+02, 2.252e-07
1.065e+00, 5.000e-01, -2.950e-01, 1.115e+05, 0.000e+00, 4.706e-04, 0.000e+00, 2.025e+00, 9.983e+02, 2.067e-07
1.065e+00, 5.000e-01, -2.850e-01, 1.114e+05, 0.000e+00, 4.258e-04, 0.000e+00, 2.023e+00, 9.983e+02, 1.870e-07
1.065e+00, 5.000e-01, -2.750e-01, 1.113e+05, 0.000e+00, 3.721e-04, 0.000e+00, 2.021e+00, 9.983e+02, 1.635e-07
1.065e+00, 5.000e-01, -2.650e-01, 1.112e+05, 0.000e+00, 3.350e-04, 0.000e+00, 2.020e+00, 9.983e+02, 1.471e-07
1.065e+00, 5.000e-01, -2.550e-01, 1.111e+05, 0.000e+00, 3.234e-04, 0.000e+00, 2.018e+00, 9.983e+02, 1.420e-07
1.065e+00, 5.000e-01, -2.450e-01, 1.110e+05, 0.000e+00, 3.316e-04, 0.000e+00, 2.016e+00, 9.983e+02, 1.457e-07
1.065e+00, 5.000e-01, -2.350e-01, 1.109e+05, 0.000e+00, 3.727e-04, 0.000e+00, 2.014e+00, 9.983e+02, 1.626e-07
1.065e+00, 5.000e-01, -2.250e-01, 1.110e+05, 0.000e+00, 4.277e-04, 0.000e+00, 2.016e+00, 9.983e+02, 1.836e-07
1.065e+00, 5.000e-01, -2.150e-01, 1.109e+05, 0.000e+00, 4.659e-04, 0.000e+00, 2.014e+00, 9.983e+02, 2.000e-07
1.065e+00, 5.000e-01, -2.050e-01, 1.108e+05, 0.000e+00, 4.913e-04, 0.000e+00, 2.012e+00, 9.983e+02, 2.109e-07
1.065e+00, 5.000e-01, -1.950e-01, 1.107e+05, 0.000e+00, 4.956e-04, 0.000e+00, 2.011e+00, 9.984e+02, 2.127e-07
1.065e+00, 5.000e-01, -1.850e-01, 1.106e+05, 0.000e+00, 4.725e-04, 0.000e+00, 2.009e+00, 9.983e+02, 2.029e-07
1.065e+00, 5.000e-01, -1.750e-01, 1.105e+05, 0.000e+00, 4.241e-04, 0.000e+00, 2.007e+00, 9.983e+02, 1.820e-07
1.065e+00, 5.000e-01, -1.650e-01, 1.104e+05, 0.000e+00, 3.543e-04, 0.000e+00, 2.005e+00, 9.983e+02, 1.521e-07
1.065e+00, 5.000e-01, -1.550e-01, 1.115e+05, 0.000e+00, 2.639e-04, 0.000e+00, 2.025e+00, 9.983e+02, 1.148e-07
1.065e+00, 5.000e-01, -1.450e-01, 1.114e+05, 0.000e+00, 1.773e-04, 0.000e+00, 2.024e+00, 9.983e+02, 7.788e-08
1.065e+00, 5.000e-01, -1.350e-01, 1.113e+05, 0.000e+00, 1.077e-04, 0.000e+00, 2.022e+00, 9.983e+02, 4.730e-08
1.065e+00, 5.000e-01, -1.250e-01, 1.112e+05, 0.000e+00, 5.945e-05, 0.000e+00, 2.020e+00, 9.983e+02, 2.611e-08
1.065e+00, 5.000e-01, -1.150e-01, 1.111e+05, 0.000e+00, 3.014e-05, 0.000e+00, 2.018e+00, 9.983e+02, 1.324e-08
1.065e+00, 5.000e-01, -1.050e-01, 1.110e+05, 0.000e+00, 1.417e-05, 0.000e+00, 2.017e+00, 9.983e+02, 6.224e-09
1.065e+00, 5.000e-01, -9.500e-02, 1.109e+05, 0.000e+00, 6.239e-06, 0.000e+00, 2.015e+00, 9.983e+02, 2.740e-09
1.065e+00, 5.000e-01, -8.500e-02, 1.108e+05, 0.000e+00, 2.593e-06, 0.000e+00, 2.013e+00, 9.983e+02, 1.139e-09
1.065e+00, 5.000e-01, -7.500e-02, 1.107e+05, 0.000e+00, 1.024e-06, 0.000e+00, 2.011e+00, 9.983e+02, 4.498e-10
1.065e+00, 5.000e-01, -6.500e-02, 1.106e+05, 0.000e+00, 3.856e-07, 0.000e+00, 2.009e+00, 9.983e+02, 1.694e-10
1.065e+00, 5.000e-01, -5.500e-02, 1.105e+05, 0.000e+00, 1.388e-07, 0.000e+00, 2.008e+00, 9.983e+02, 6.095e-11
1.065e+00, 5.000e-01, -4.500e-02, 1.104e+05, 0.000e+00, 4.774e-08, 0.000e+00, 2.006e+00, 9.983e+02, 2.097e-11
1.065e+00, 5.000e-01, -3.500e-02, 1.103e+05, 0.000e+00, 1.570e-08, 0.000e+00, 2.004e+00, 9.983e+02, 6.895e-12
1.065e+00, 5.000e-01, -2.500e-02, 1.102e+05, 0.000e+00, 4.943e-09, 0.000e+00, 2.002e+00, 9.983e+02, 2.171e-12
1.065e+00, 5.000e-01, -1.500e-02, 1.101e+05, 0.000e+00, 1.516e-09, 0.000e+00, 2.000e+00, 9.983e+02, 6.657e-13
1.065e+00, 5.000e-01, -5.000e-03, 1.100e+05, 0.000e+00, 5.171e-10, 0.000e+00, 1.999e+00, 9.983e+02, 2.271e-13
1.075e+00, 5.000e-01, -1.195e+00, 1.202e+05, 0.000e+00, 1.002e-13, 0.000e+00, 2.184e+00, 9.983e+02, 2.000e-17
1.075e+00, 5.000e-01, -1.185e+00, 1.201e+05, 0.000e+00, 1.002e-13, 0.000e+00, 2.182e+00, 9.983e+02, 2.000e-17
1.075e+00, 5.000e-01, -1.175e+00, 1.200e+05, 0.000e+00, 1.002e-13, 0.000e+00, 2.181e+00, 9.983e+02, 2.000e-17
1.075e+00, 5.000e-01, -1.165e+00, 1.199e+05, 0.000e+00, 1.002e-13, 0.000e+00, 2.179e+00, 9.983e+02, 2.000e-17
1.075e+00, 5.000e-01, -1.155e+00, 1.198e+05, 0.000e+00, 1.002e-13, 0.000e+00, 2.177e+00, 9.983e+02, 2.000e-17
1.075e+00, 5.000e-01, -1.145e+00, 1.197e+05, 0.000e+00, 1.002e-13, 0.000e+00, 2.175e+00, 9.983e+02, 2.000e-17
1.075e+00, 5.000e-01, -1.135e+00, 1.196e+05, 0.000e+00, 1.003e-13, 0.000e+00, 2.173e+00, 9.983e+02, 2.002e-17
1.075e+00, 5.000e-01, -1.125e+00, 1.195e+05, 0.000e+00, 7.582e-08, 0.000e+00, 2.172e+00, 9.983e+02, 2.240e-11
1.075e+00, 5.000e-01, -1.115e+00, 1.194e+05, 0.000e+00, 1.276e-03, 0.000e+00, 2.170e+00, 9.985e+02, 5.479e-07
1.075e+00, 5.000e-01, -1.105e+00, 1.193e+05, 0.000e+00, 1.217e-03, 0.000e+00, 2.168e+00, 9.985e+02, 5.224e-07
1.075e+00, 5.000e-01, -1.095e+00, 1.192e+05, 0.000e+00, 1.123e-03, 0.000e+00, 2.167e+00, 9.985e+02, 4.823e-07
1.075e+00, 5.000e-01, -1.085e+00, 1.191e+05, 0.000e+00, 1.002e-03, 0.000e+00, 2.165e+00, 9.984e+02, 4.302e-07
1.075e+00, 5.000e-01, -1.075e+00, 1.190e+05, 0.000e+00, 8.696e-04, 0.000e+00, 2.163e+00, 9.984e+02, 3.733e-07
1.075e+00, 5.000e-01, -1.065e+00, 1.189e+05, 0.000e+00, 7.515e-04, 0.000e+00, 2.161e+00, 9.984e+02, 3.226e-07
1.075e+00, 5.000e-01, -1.055e+00, 1.188e+05, 0.000e+00, 6.759e-04, 0.000e+00, 2.159e+00, 9.984e+02, 2.902e-07
1.075e+00, 5.000e-01, -1.045e+00, 1.187e+05, 0.000e+00, 6.530e-04, 0.000e+00, 2.158e+00, 9.984e+02, 2.803e-07
1.075e+00, 5.000e-01, -1.035e+00, 1.186e+05, 0.000e+00, 6.560e-04, 0.000e+00, 2.156e+00, 9.984e+02, 2.816e-07
1.075e+00, 5.000e-01, -1.025e+00, 1.185e+05, 0.000e+00, 6.581e-04, 0.000e+00, 2.154e+00, 9.984e+02, 2.825e-07
1.075e+00, 5.000e-01, -1.015e+00, 1.185e+05, 0.000e+00, 6.527e-04, 0.000e+00, 2.152e+00, 9.984e+02, 2.802e-07
1.075e+00, 5.000e-01, -1.005e+00, 1.184e+05, 0.000e+00, 6.438e-04, 0.000e+00, 2.150e+00, 9.984e+02, 2.764e-07
1.075e+00, 5.000e-01, -9.950e-01, 1.183e+05, 0.000e+00, 6.404e-04, 0.000e+00, 2.149e+00, 9.984e+02, 2.749e-07
1.075e+00, 5.000e-01, -9.850e-01, 1.182e+05, 0.000e+00, 6.526e-04, 0.000e+00, 2.147e+00, 9.984e+02, 2.802e-07
1.075e+00, 5.000e-01, -9.750e-01, 1.181e+05, 0.000e+00, 6.826e-04, 0.000e+00, 2.145e+00, 9.984e+02, 2.931e-07
1.075e+00, 5.000e-01, -9.650e-01, 1.180e+05, 0.000e+00, 7.209e-04, 0.000e+00, 2.143e+00, 9.984e+02, 3.095e-07
1.075e+00, 5.000e-01, -9.550e-01, 1.179e+05, 0.000e+00, 7.573e-04, 0.000e+00, 2.141e+00, 9.984e+02, 3.251e-07
1.075e+00, 5.000e-01, -9.450e-01, 1.178e+05, 0.000e+00, 7.886e-04, 0.000e+00, 2.140e+00, 9.984e+02, 3.386e-07
1.075e+00, 5.000e-01, -9.350e-01, 1.177e+05, 0.000e+00, 8.106e-04, 0.000e+00, 2.138e+00, 9.984e+02, 3.480e-07
1.075e+00, 5.000e-01, -9.250e-01, 1.176e+05, 0.000e+00, 8.191e-04, 0.000e+00, 2.136e+00, 9.984e+02, 3.517e-07
1.075e+00, 5.000e-01, -9.150e-01, 1.175e+05, 0.000e+00, 8.193e-04, 0.000e+00, 2.134e+00, 9.984e+02, 3.518e-07
1.075e+00, 5.000e-01, -9.050e-01, 1.174e+05, 0.000e+00, 8.127e-04, 0.000e+00, 2.132e+00, 9.984e+02, 3.489e-07
1.075e+00, 5.000e-01, -8.950e-01, 1.173e+05, 0.000e+00, 8.001e-04, 0.000e+00, 2.131e+00, 9.984e+02, 3.435e-07
1.075e+00, 5.000e-01, -8.850e-01, 1.172e+05, 0.000e+00, 7.828e-04, 0.000e+00, 2.129e+00, 9.984e+02, 3.360e-07
1.075e+00, 5.000e-01, -8.750e-01, 1.171e+05, 0.000e+00, 7.611e-04, 0.000e+00, 2.127e+00, 9.984e+02, 3.267e-07
1.075e+00, 5.000e-01, -8.650e-01, 1.170e+05, 0.000e+00, 7.360e-04, 0.000e+00, 2.125e+00, 9.984e+02, 3.160e-07
1.075e+00, 5.000e-01, -8.550e-01, 1.169e+05, 0.000e+00, 7.056e-04, 0.000e+00, 2.124e+00, 9.984e+02, 3.029e-07
1.075e+00, 5.000e-01, -8.450e-01, 1.168e+05, 0.000e+00, 6.656e-04, 0.000e+00, 2.122e+00, 9.984e+02, 2.857e-07
1.075e+00, 5.000e-01, -8.350e-01, 1.167e+05, 0.000e+00, 6.169e-04, 0.000e+00, 2.120e+00, 9.984e+02, 2.649e-07
1.075e+00, 5.000e-01, -8.250e-01, 1.166e+05, 0.000e+00, 5.695e-04, 0.000e+00, 2.118e+00, 9.984e+02, 2.445e-07
1.075e+00, 5.000e-01, -8.150e-01, 1.165e+05, 0.000e+00, 5.280e-04, 0.000e+00, 2.116e+00, 9.984e+02, 2.267e-07
1.075e+00, 5.000e-01, -8.050e-01, 1.164e+05, 0.000e+00, 4.920e-04, 0.000e+00, 2.115e+00, 9.984e+02, 2.112e-07
1.075e+00, 5.000e-01, -7.950e-01, 1.163e+05, 0.000e+00, 4.627e-04, 0.000e+00, 2.113e+00, 9.983e+02, 1.986e-07
1.075e+00, 5.000e-01, -7.850e-01, 1.162e+05, 0.000e+00, 4.393e-04, 0.000e+00, 2.111e+00, 9.983e+02, 1.886e-07
1.075e+00, 5.000e-01, -7.750e-01, 1.161e+05, 0.000e+00, 4.214e-04, 0.000e+00, 2.109e+00, 9.983e+02, 1.809e-07
1.075e+00, 5.000e-01, -7.650e-01, 1.160e+05, 0.000e+00, 4.077e-04, 0.000e+00, 2.107e+00, 9.983e+02, 1.750e-07
1.075e+00, 5.000e-01, -7.550e-01, 1.159e+05, 0.000e+00, 4.026e-04, 0.000e+00, 2.106e+00, 9.983e+02, 1.728e-07
1.075e+00, 5.000e-01, -7.450e-01, 1.158e+05, 0.000e+00, 4.366e-04, 0.000e+00, 2.104e+00, 9.983e+02, 1.874e-07
1.075e+00, 5.000e-01, -7.350e-01, 1.157e+05, 0.000e+00, 5.355e-04, 0.000e+00, 2.102e+00, 9.984e+02, 2.299e-07
1.075e+00, 5.000e-01, -7.250e-01, 1.171e+05, 0.000e+00, 7.241e-04, 0.000e+00, 2.127e+00, 9.984e+02, 3.159e-07
1.075e+00, 5.000e-01, -7.150e-01, 1.170e+05, 0.000e+00, 5.515e-04, 0.000e+00, 2.126e+00, 9.984e+02, 2.423e-07
1.075e+00, 5.000e-01, -7.050e-01, 1.169e+05, 0.000e+00, 3.992e-04, 0.000e+00, 2.124e+00, 9.983e+02, 1.753e-07
1.075e+00, 5.000e-01, -6.950e-01, 1.168e+05, 0.000e+00, 2.774e-04, 0.000e+00, 2.122e+00, 9.983e+02, 1.219e-07
1.075e+00, 5.000e-01, -6.850e-01, 1.167e+05, 0.000e+00, 1.814e-04, 0.000e+00, 2.120e+00, 9.983e+02, 7.970e-08
1.075e+00, 5.000e-01, -6.750e-01, 1.166e+05, 0.000e+00, 1.108e-04, 0.000e+00, 2.119e+00, 9.983e+02, 4.868e-08
1.075e+00, 5.000e-01, -6.650e-01, 1.165e+05, 0.000e+00, 6.318e-05, 0.000e+00, 2.117e+00, 9.983e+02, 2.775e-08
1.075e+00, 5.000e-01, -6.550e-01, 1.164e+05, 0.000e+00, 3.385e-05, 0.000e+00, 2.115e+00, 9.983e+02, 1.487e-08
1.075e+00, 5.000e-01, -6.450e-01, 1.163e+05, 0.000e+00, 1.776e-05, 0.000e+00, 2.113e+00, 9.983e+02, 7.799e-09
1.075e+00, 5.000e-01, -6.350e-01, 1.162e+05, 0.000e+00, 1.117e-05, 0.000e+00, 2.111e+00, 9.983e+02, 4.908e-09
1.075e+00, 5.000e-01, -6.250e-01, 1.161e+05, 0.000e+00, 1.312e-05, 0.000e+00, 2.110e+00, 9.983e+02, 5.761e-09
1.075e+00, 5.000e-01, -6.150e-01, 1.160e+05, 0.000e+00, 2.658e-05, 0.000e+00, 2.108e+00, 9.983e+02, 1.168e-08
1.075e+00, 5.000e-01, -6.050e-01, 1.159e+05, 0.000e+00, 5.943e-05, 0.000e+00, 2.106e+00, 9.983e+02, 2.611e-08
1.075e+00, 5.000e-01, -5.950e-01, 1.158e+05, 0.000e+00, 1.232e-04, 0.000e+00, 2.104e+00, 9.983e+02, 5.413e-08
1.075e+00, 5.000e-01, -5.850e-01, 1.157e+05, 0.000e+00, 2.270e-04, 0.000e+00, 2.102e+00, 9.983e+02, 9.973e-08
1.075e+00, 5.000e-01, -5.750e-01, 1.156e+05, 0.000e+00, 3.652e-04, 0.000e+00, 2.101e+00, 9.983e+02, 1.607e-07
1.075e+00, 5.000e-01, -5.650e-01, 1.141e+05, 0.000e+00, 4.983e-04, 0.000e+00, 2.072e+00, 9.984e+02, 2.238e-07
1.075e+00, 5.000e-01, -5.550e-01, 1.140e+05, 0.000e+00, 5.251e-04, 0.000e+00, 2.070e+00, 9.984e+02, 2.359e-07
1.075e+00, 5.000e-01, -5.450e-01, 1.139e+05, 0.000e+00, 5.140e-04, 0.000e+00, 2.068e+00, 9.984e+02, 2.309e-07
1.075e+00, 5.000e-01, -5.350e-01, 1.138e+05, 0.000e+00, 5.089e-04, 0.000e+00, 2.067e+00, 9.984e+02, 2.286e-07
1.075e+00, 5.000e-01, -5.250e-01, 1.137e+05, 0.000e+00, 5.042e-04, 0.000e+00, 2.065e+00, 9.984e+02, 2.265e-07
1.075e+00, 5.000e-01, -5.150e-01, 1.136e+05, 0.000e+00, 4.984e-04, 0.000e+00, 2.063e+00, 9.984e+02, 2.239e-07
1.075e+00, 5.000e-01, -5.050e-01, 1.135e+05, 0.000e+00, 4.826e-04, 0.000e+00, 2.061e+00, 9.983e+02, 2.168e-07
1.075e+00, 5.000e-01, -4.950e-01, 1.134e+05, 0.000e+00, 4.384e-04, 0.000e+00, 2.059e+00, 9.983e+02, 1.970e-07
1.075e+00, 5.000e-01, -4.850e-01, 1.133e+05, 0.000e+00, 3.678e-04, 0.000e+00, 2.058e+00, 9.983e+02, 1.652e-07
1.075e+00, 5.000e-01, -4.750e-01, 1.132e+05, 0.000e+00, 2.778e-04, 0.000e+00, 2.056e+00, 9.983e+02, 1.248e-07
1.075e+00, 5.000e-01, -4.650e-01, 1.131e+05, 0.000e+00, 1.927e-04, 0.000e+00, 2.054e+00, 9.983e+02, 7.705e-08
1.075e+00, 5.000e-01, -4.550e-01, 1.130e+05, 0.000e+00, 9.047e-10, 0.000e+00, 2.052e+00, 9.983e+02, 3.968e-13
1.075e+00, 5.000e-01, -4.450e-01, 1.129e+05, 0.000e+00, 6.118e-10, 0.000e+00, 2.050e+00, 9.983e+02, 2.552e-13
1.075e+00, 5.000e-01, -4.350e-01, 1.128e+05, 0.000e+00, 6.126e-10, 0.000e+00, 2.048e+00, 9.983e+02, 1.998e-13
1.075e+00, 5.000e-01, -4.250e-01, 1.127e+05, 0.000e+00, 5.464e-04, 0.000e+00, 2.047e+00, 9.984e+02, 1.798e-07
1.075e+00, 5.000e-01, -4.150e-01, 1.126e+05, 0.000e+00, 5.616e-04, 0.000e+00, 2.045e+00, 9.984e+02, 2.329e-07
1.075e+00, 5.000e-01, -4.050e-01, 1.125e+05, 0.000e+00, 5.835e-04, 0.000e+00, 2.043e+00, 9.984e+02, 2.622e-07
1.075e+00, 5.000e-01, -3.950e-01, 1.124e+05, 0.000e+00, 5.858e-04, 0.000e+00, 2.041e+00, 9.984e+02, 2.632e-07
1.075e+00, 5.000e-01, -3.850e-01, 1.123e+05, 0.000e+00, 5.856e-04, 0.000e+00, 2.040e+00, 9.984e+02, 2.631e-07
1.075e+00, 5.000e-01, -3.750e-01, 1.122e+05, 0.000e+00, 5.842e-04, 0.000e+00, 2.038e+00, 9.984e+02, 2.625e-07
1.075e+00, 5.000e-01, -3.650e-01, 1.121e+05, 0.000e+00, 5.494e-04, 0.000e+00, 2.036e+00, 9.984e+02, 2.468e-07
1.075e+00, 5.000e-01, -3.550e-01, 1.120e+05, 0.000e+00, 5.140e-04, 0.000e+00, 2.034e+00, 9.984e+02, 2.309e-07
1.075e+00, 5.000e-01, -3.450e-01, 1.119e+05, 0.000e+00, 4.761e-04, 0.000e+00, 2.033e+00, 9.983e+02, 2.128e-07
1.075e+00, 5.000e-01, -3.350e-01, 1.119e+05, 0.000e+00, 4.100e-04, 0.000e+00, 2.032e+00, 9.983e+02, 1.801e-07
1.075e+00, 5.000e-01, -3.250e-01, 1.118e+05, 0.000e+00, 3.924e-04, 0.000e+00, 2.030e+00, 9.983e+02, 1.724e-07
1.075e+00, 5.000e-01, -3.150e-01, 1.117e+05, 0.000e+00, 3.742e-04, 0.000e+00, 2.029e+00, 9.983e+02, 1.644e-07
1.075e+00, 5.000e-01, -3.050e-01, 1.116e+05, 0.000e+00, 3.361e-04, 0.000e+00, 2.027e+00, 9.983e+02, 1.476e-07
1.075e+00, 5.000e-01, -2.950e-01, 1.115e+05, 0.000e+00, 2.969e-04, 0.000e+00, 2.025e+00, 9.983e+02, 1.304e-07
1.075e+00, 5.000e-01, -2.850e-01, 1.114e+05, 0.000e+00, 2.702e-04, 0.000e+00, 2.023e+00, 9.983e+02, 1.187e-07
1.075e+00, 5.000e-01, -2.750e-01, 1.113e+05, 0.000e+00, 2.546e-04, 0.000e+00, 2.021e+00, 9.983e+02, 1.118e-07
1.075e+00, 5.000e-01, -2.650e-01, 1.112e+05, 0.000e+00, 2.471e-04, 0.000e+00, 2.020e+00, 9.983e+02, 1.085e-07
1.075e+00, 5.000e-01, -2.550e-01, 1.111e+05, 0.000e+00, 2.475e-04, 0.000e+00, 2.018e+00, 9.983e+02, 1.087e-07
1.075e+00, 5.000e-01, -2.450e-01, 1.110e+05, 0.000e+00, 2.579e-04, 0.000e+00, 2.016e+00, 9.983e+02, 1.133e-07
1.075e+00, 5.000e-01, -2.350e-01, 1.109e+05, 0.000e+00, 2.958e-04, 0.000e+00, 2.014e+00, 9.983e+02, 1.286e-07
1.075e+00, 5.000e-01, -2.250e-01, 1.110e+05, 0.000e+00, 3.532e-04, 0.000e+00, 2.016e+00, 9.983e+02, 1.516e-07
1.075e+00, 5.000e-01, -2.150e-01, 1.109e+05, 0.000e+00, 4.057e-04, 0.000e+00, 2.014e+00, 9.983e+02, 1.742e-07
1.075e+00, 5.000e-01, -2.050e-01, 1.108e+05, 0.000e+00, 4.506e-04, 0.000e+00, 2.012e+00, 9.983e+02, 1.934e-07
1.075e+00, 5.000e-01, -1.950e-01, 1.107e+05, 0.000e+00, 4.715e-04, 0.000e+00, 2.011e+00, 9.983e+02, 2.024e-07
1.075e+00, 5.000e-01, -1.850e-01, 1.106e+05, 0.000e+00, 4.586e-04, 0.000e+00, 2.009e+00, 9.983e+02, 1.969e-07
1.075e+00, 5.000e-01, -1.750e-01, 1.105e+05, 0.000e+00, 4.155e-04, 0.000e+00, 2.007e+00, 9.983e+02, 1.784e-07
1.075e+00, 5.000e-01, -1.650e-01, 1.104e+05, 0.000e+00, 3.478e-04, 0.000e+00, 2.005e+00, 9.983e+02, 1.493e-07
1.075e+00, 5.000e-01, -1.550e-01, 1.115e+05, 0.000e+00, 2.596e-04, 0.000e+00, 2.025e+00, 9.983e+02, 1.133e-07
1.075e+00, 5.000e-01, -1.450e-01, 1.114e+05, 0.000e+00, 1.733e-04, 0.000e+00, 2.024e+00, 9.983e+02, 7.612e-08
1.075e+00, 5.000e-01, -1.350e-01, 1.113e+05, 0.000e+00, 1.042e-04, 0.000e+00, 2.022e+00, 9.983e+02, 4.578e-08
1.075e+00, 5.000e-01, -1.250e-01, 1.112e+05, 0.000e+00, 5.694e-05, 0.000e+00, 2.020e+00, 9.983e+02, 2.501e-08
1.075e+00, 5.000e-01, -1.150e-01, 1.111e+05, 0.000e+00, 2.854e-05, 0.000e+00, 2.018e+00, 9.983e+02, 1.254e-08
1.075e+00, 5.000e-01, -1.050e-01, 1.110e+05, 0.000e+00, 1.326e-05, 0.000e+00, 2.017e+00, 9.983e+02, 5.825e-09
1.075e+00, 5.000e-01, -9.500e-02, 1.109e+05, 0.000e+00, 5.766e-06, 0.000e+00, 2.015e+00, 9.983e+02, 2.532e-09
1.075e+00, 5.000e-01, -8.500e-02, 1.108e+05, 0.000e+00, 2.364e-06, 0.000e+00, 2.013e+00, 9.983e+02, 1.038e-09
1.075e+00, 5.000e-01, -7.500e-02, 1.107e+05, 0.000e+00, 9.197e-07, 0.000e+00, 2.011e+00, 9.983e+02, 4.040e-10
1.075e+00, 5.000e-01, -6.500e-02, 1.106e+05, 0.000e+00, 3.409e-07, 0.000e+00, 2.009e+00, 9.983e+02, 1.497e-10
1.075e+00, 5.000e-01, -5.500e-02, 1.105e+05, 0.000e+00, 1.207e-07, 0.000e+00, 2.008e+00, 9.983e+02, 5.302e-11
1.075e+00, 5.000e-01, -4.500e-02, 1.104e+05, 0.000e+00, 4.085e-08, 0.000e+00, 2.006e+00, 9.983e+02, 1.794e-11
1.075e+00, 5.000e-01, -3.500e-02, 1.103e+05, 0.000e+00, 1.322e-08, 0.000e+00, 2.004e+00, 9.983e+02, 5.808e-12
1.075e+00, 5.000e-01, -2.500e-02, 1.102e+05, 0.000e+00, 4.100e-09, 0.000e+00, 2.002e+00, 9.983e+02, 1.801e-12
1.075e+00, 5.000e-01, -1.500e-02, 1.101e+05, 0.000e+00, 1.238e-09, 0.000e+00, 2.000e+00, 9.983e+02, 5.440e-13
1.075e+00, 5.000e-01, -5.000e-03, 1.100e+05, 0.000e+00, 4.167e-10, 0.000e+00, 1.999e+00, 9.983e+02, 1.830e-13
1.085e+00, 5.000e-01, -1.195e+00, 1.202e+05, 0.000e+00, 1.002e-13, 0.000e+00, 2.184e+00, 9.983e+02, 2.000e-17
1.085e+00, 5.000e-01, -1.185e+00, 1.201e+05, 0.000e+00, 1.002e-13, 0.000e+00, 2.182e+00, 9.983e+02, 2.000e-17
1.085e+00, 5.000e-01, -1.175e+00, 1.200e+05, 0.000e+00, 1.002e-13, 0.000e+00, 2.181e+00, 9.983e+02, 2.000e-17
1.085e+00, 5.000e-01, -1.165e+00, 1.199e+05, 0.000e+00, 1.002e-13, 0.000e+00, 2.179e+00, 9.983e+02, 2.000e-17
1.085e+00, 5.000e-01, -1.155e+00, 1.198e+05, 0.000e+00, 1.002e-13, 0.000e+00, 2.177e+00, 9.983e+02, 2.000e-17
1.085e+00, 5.000e-01, -1.145e+00, 1.197e+05, 0.000e+00, 1.002e-13, 0.000e+00, 2.175e+00, 9.983e+02, 2.000e-17
1.085e+00, 5.000e-01, -1.135e+00, 1.196e+05, 0.000e+00, 1.002e-13, 0.000e+00, 2.173e+00, 9.983e+02, 2.000e-17
1.085e+00, 5.000e-01, -1.125e+00, 1.195e+05, 0.000e+00, 2.511e-12, 0.000e+00, 2.172e+00, 9.983e+02, 5.753e-16
1.085e+00, 5.000e-01, -1.115e+00, 1.194e+05, 0.000e+00, 1.270e-03, 0.000e+00, 2.170e+00, 9.985e+02, 5.437e-07
1.085e+00, 5.000e-01, -1.105e+00, 1.193e+05, 0.000e+00, 1.217e-03, 0.000e+00, 2.168e+00, 9.985e+02, 5.223e-07
1.085e+00, 5.000e-01, -1.095e+00, 1.192e+05, 0.000e+00, 1.128e-03, 0.000e+00, 2.167e+00, 9.985e+02, 4.844e-07
1.085e+00, 5.000e-01, -1.085e+00, 1.191e+05, 0.000e+00, 1.008e-03, 0.000e+00, 2.165e+00, 9.984e+02, 4.329e-07
1.085e+00, 5.000e-01, -1.075e+00, 1.190e+05, 0.000e+00, 8.722e-04, 0.000e+00, 2.163e+00, 9.984e+02, 3.744e-07
1.085e+00, 5.000e-01, -1.065e+00, 1.189e+05, 0.000e+00, 7.477e-04, 0.000e+00, 2.161e+00, 9.984e+02, 3.210e-07
1.085e+00, 5.000e-01, -1.055e+00, 1.188e+05, 0.000e+00, 6.749e-04, 0.000e+00, 2.159e+00, 9.984e+02, 2.897e-07
1.085e+00, 5.000e-01, -1.045e+00, 1.187e+05, 0.000e+00, 6.605e-04, 0.000e+00, 2.158e+00, 9.984e+02, 2.836e-07
1.085e+00, 5.000e-01, -1.035e+00, 1.186e+05, 0.000e+00, 6.669e-04, 0.000e+00, 2.156e+00, 9.984e+02, 2.863e-07
1.085e+00, 5.000e-01, -1.025e+00, 1.185e+05, 0.000e+00, 6.682e-04, 0.000e+00, 2.154e+00, 9.984e+02, 2.869e-07
1.085e+00, 5.000e-01, -1.015e+00, 1.185e+05, 0.000e+00, 6.620e-04, 0.000e+00, 2.152e+00, 9.984e+02, 2.842e-07
1.085e+00, 5.000e-01, -1.005e+00, 1.184e+05, 0.000e+00, 6.564e-04, 0.000e+00, 2.150e+00, 9.984e+02, 2.818e-07
1.085e+00, 5.000e-01, -9.950e-01, 1.183e+05, 0.000e+00, 6.658e-04, 0.000e+00, 2.149e+00, 9.984e+02, 2.858e-07
1.085e+00, 5.000e-01, -9.850e-01, 1.182e+05, 0.000e+00, 7.019e-04, 0.000e+00, 2.147e+00, 9.984e+02, 3.013e-07
1.085e+00, 5.000e-01, -9.750e-01, 1.181e+05, 0.000e+00, 7.570e-04, 0.000e+00, 2.145e+00, 9.984e+02, 3.250e-07
1.085e+00, 5.000e-01, -9.650e-01, 1.180e+05, 0.000e+00, 8.094e-04, 0.000e+00, 2.143e+00, 9.984e+02, 3.475e-07
1.085e+00, 5.000e-01, -9.550e-01, 1.179e+05, 0.000e+00, 8.441e-04, 0.000e+00, 2.141e+00, 9.984e+02, 3.624e-07
1.085e+00, 5.000e-01, -9.450e-01, 1.178e+05, 0.000e+00, 8.592e-04, 0.000e+00, 2.140e+00, 9.984e+02, 3.689e-07
1.085e+00, 5.000e-01, -9.350e-01, 1.177e+05, 0.000e+00, 8.611e-04, 0.000e+00, 2.138e+00, 9.984e+02, 3.697e-07
1.085e+00, 5.000e-01, -9.250e-01, 1.176e+05, 0.000e+00, 8.556e-04, 0.000e+00, 2.136e+00, 9.984e+02, 3.673e-07
1.085e+00, 5.000e-01, -9.150e-01, 1.175e+05, 0.000e+00, 8.441e-04, 0.000e+00, 2.134e+00, 9.984e+02, 3.624e-07
1.085e+00, 5.000e-01, -9.050e-01, 1.174e+05, 0.000e+00, 8.272e-04, 0.000e+00, 2.132e+00, 9.984e+02, 3.551e-07
1.085e+00, 5.000e-01, -8.950e-01, 1.173e+05, 0.000e+00, 8.066e-04, 0.000e+00, 2.131e+00, 9.984e+02, 3.463e-07
1.085e+00, 5.000e-01, -8.850e-01, 1.172e+05, 0.000e+00, 7.861e-04, 0.000e+00, 2.129e+00, 9.984e+02, 3.375e-07
1.085e+00, 5.000e-01, -8.750e-01, 1.171e+05, 0.000e+00, 7.683e-04, 0.000e+00, 2.127e+00, 9.984e+02, 3.298e-07
1.085e+00, 5.000e-01, -8.650e-01, 1.170e+05, 0.000e+00, 7.522e-04, 0.000e+00, 2.125e+00, 9.984e+02, 3.229e-07
1.085e+00, 5.000e-01, -8.550e-01, 1.169e+05, 0.000e+00, 7.346e-04, 0.000e+00, 2.124e+00, 9.984e+02, 3.154e-07
1.085e+00, 5.000e-01, -8.450e-01, 1.168e+05, 0.000e+00, 7.112e-04, 0.000e+00, 2.122e+00, 9.984e+02, 3.053e-07
1.085e+00, 5.000e-01, -8.350e-01, 1.167e+05, 0.000e+00, 6.771e-04, 0.000e+00, 2.120e+00, 9.984e+02, 2.907e-07
1.085e+00, 5.000e-01, -8.250e-01, 1.166e+05, 0.000e+00, 6.277e-04, 0.000e+00, 2.118e+00, 9.984e+02, 2.695e-07
1.085e+00, 5.000e-01, -8.150e-01, 1.165e+05, 0.000e+00, 5.748e-04, 0.000e+00, 2.116e+00, 9.984e+02, 2.468e-07
1.085e+00, 5.000e-01, -8.050e-01, 1.164e+05, 0.000e+00, 5.291e-04, 0.000e+00, 2.115e+00, 9.984e+02, 2.272e-07
1.085e+00, 5.000e-01, -7.950e-01, 1.163e+05, 0.000e+00, 4.909e-04, 0.000e+00, 2.113e+00, 9.984e+02, 2.107e-07
1.085e+00, 5.000e-01, -7.850e-01, 1.162e+05, 0.000e+00, 4.624e-04, 0.000e+00, 2.111e+00, 9.983e+02, 1.985e-07
1.085e+00, 5.000e-01, -7.750e-01, 1.161e+05, 0.000e+00, 4.479e-04, 0.000e+00, 2.109e+00, 9.983e+02, 1.923e-07
1.085e+00, 5.000e-01, -7.650e-01, 1.160e+05, 0.000e+00, 4.399e-04, 0.000e+00, 2.107e+00, 9.983e+02, 1.889e-07
1.085e+00, 5.000e-01, -7.550e-01, 1.159e+05, 0.000e+00, 4.330e-04, 0.000e+00, 2.106e+00, 9.983e+02, 1.859e-07
1.085e+00, 5.000e-01, -7.450e-01, 1.158e+05, 0.000e+00, 4.586e-04, 0.000e+00, 2.104e+00, 9.983e+02, 1.969e-07
1.085e+00, 5.000e-01, -7.350e-01, 1.157e+05, 0.000e+00, 6.121e-04, 0.000e+00, 2.102e+00, 9.984e+02, 2.628e-07
1.085e+00, 5.000e-01, -7.250e-01, 1.156e+05, 4.706e-01, 1.895e-03, 0.000e+00, 2.100e+00, 9.986e+02, 8.649e-07
1.085e+00, 5.000e-01, -7.150e-01, 1.170e+05, 0.000e+00, 6.143e-04, 0.000e+00, 2.126e+00, 9.984e+02, 2.699e-07
1.085e+00, 5.000e-01, -7.050e-01, 1.169e+05, 0.000e+00, 4.200e-04, 0.000e+00, 2.124e+00, 9.983e+02, 1.845e-07
1.085e+00, 5.000e-01, -6.950e-01, 1.168e+05, 0.000e+00, 2.900e-04, 0.000e+00, 2.122e+00, 9.983e+02, 1.274e-07
1.085e+00, 5.000e-01, -6.850e-01, 1.167e+05, 0.000e+00, 1.893e-04, 0.000e+00, 2.120e+00, 9.983e+02, 8.315e-08
1.085e+00, 5.000e-01, -6.750e-01, 1.166e+05, 0.000e+00, 1.155e-04, 0.000e+00, 2.119e+00, 9.983e+02, 5.074e-08
1.085e+00, 5.000e-01, -6.650e-01, 1.165e+05, 0.000e+00, 6.585e-05, 0.000e+00, 2.117e+00, 9.983e+02, 2.892e-08
1.085e+00, 5.000e-01, -6.550e-01, 1.164e+05, 0.000e+00, 3.534e-05, 0.000e+00, 2.115e+00, 9.983e+02, 1.552e-08
1.085e+00, 5.000e-01, -6.450e-01, 1.163e+05, 0.000e+00, 1.870e-05, 0.000e+00, 2.113e+00, 9.983e+02, 8.215e-09
1.085e+00, 5.000e-01, -6.350e-01, 1.162e+05, 0.000e+00, 1.216e-05, 0.000e+00, 2.111e+00, 9.983e+02, 5.341e-09
1.085e+00, 5.000e-01, -6.250e-01, 1.161e+05, 0.000e+00, 1.482e-05, 0.000e+00, 2.110e+00, 9.983e+02, 6.511e-09
1.085e+00, 5.000e-01, -6.150e-01, 1.160e+05, 0.000e+00, 2.985e-05, 0.000e+00, 2.108e+00, 9.983e+02, 1.311e-08
1.085e+00, 5.000e-01, -6.050e-01, 1.159e+05, 0.000e+00, 6.503e-05, 0.000e+00, 2.106e+00, 9.983e+02, 2.857e-08
1.085e+00, 5.000e-01, -5.950e-01, 1.158e+05, 0.000e+00, 1.311e-04, 0.000e+00, 2.104e+00, 9.983e+02, 5.758e-08
1.085e+00, 5.000e-01, -5.850e-01, 1.157e+05, 0.000e+00, 2.355e-04, 0.000e+00, 2.102e+00, 9.983e+02, 1.034e-07
1.085e+00, 5.000e-01, -5.750e-01, 1.156e+05, 0.000e+00, 3.726e-04, 0.000e+00, 2.101e+00, 9.983e+02, 1.637e-07
1.085e+00, 5.000e-01, -5.650e-01, 1.141e+05, 0.000e+00, 5.097e-04, 0.000e+00, 2.072e+00, 9.984e+02, 2.287e-07
1.085e+00, 5.000e-01, -5.550e-01, 1.140e+05, 0.000e+00, 5.296e-04, 0.000e+00, 2.070e+00, 9.984e+02, 2.379e-07
1.085e+00, 5.000e-01, -5.450e-01, 1.139e+05, 0.000e+00, 5.129e-04, 0.000e+00, 2.068e+00, 9.984e+02, 2.304e-07
1.085e+00, 5.000e-01, -5.350e-01, 1.138e+05, 0.000e+00, 5.086e-04, 0.000e+00, 2.067e+00, 9.984e+02, 2.285e-07
1.085e+00, 5.000e-01, -5.250e-01, 1.137e+05, 0.000e+00, 5.035e-04, 0.000e+00, 2.065e+00, 9.984e+02, 2.262e-07
1.085e+00, 5.000e-01, -5.150e-01, 1.136e+05, 0.000e+00, 4.974e-04, 0.000e+00, 2.063e+00, 9.984e+02, 2.235e-07
1.085e+00, 5.000e-01, -5.050e-01, 1.135e+05, 0.000e+00, 4.822e-04, 0.000e+00, 2.061e+00, 9.983e+02, 2.166e-07
1.085e+00, 5.000e-01, -4.950e-01, 1.134e+05, 0.000e+00, 4.237e-04, 0.000e+00, 2.059e+00, 9.983e+02, 1.855e-07
1.085e+00, 5.000e-01, -4.850e-01, 1.133e+05, 0.000e+00, 3.355e-04, 0.000e+00, 2.058e+00, 9.983e+02, 1.180e-07
1.085e+00, 5.000e-01, -4.750e-01, 1.132e+05, 0.000e+00, 1.775e-09, 0.000e+00, 2.055e+00, 9.983e+02, 7.201e-13
1.085e+00, 5.000e-01, -4.650e-01, 1.131e+05, 0.000e+00, 9.628e-10, 0.000e+00, 2.054e+00, 9.983e+02, 4.201e-13
1.085e+00, 5.000e-01, -4.550e-01, 1.130e+05, 0.000e+00, 1.699e-08, 0.000e+00, 2.052e+00, 9.983e+02, 4.776e-12
1.085e+00, 5.000e-01, -4.450e-01, 1.129e+05, 0.000e+00, 5.225e-04, 0.000e+00, 2.050e+00, 9.984e+02, 1.994e-07
1.085e+00, 5.000e-01, -4.350e-01, 1.128e+05, 0.000e+00, 5.469e-04, 0.000e+00, 2.049e+00, 9.984e+02, 2.450e-07
1.085e+00, 5.000e-01, -4.250e-01, 1.127e+05, 0.000e+00, 5.550e-04, 0.000e+00, 2.047e+00, 9.984e+02, 2.494e-07
1.085e+00, 5.000e-01, -4.150e-01, 1.126e+05, 0.000e+00, 5.596e-04, 0.000e+00, 2.045e+00, 9.984e+02, 2.514e-07
1.085e+00, 5.000e-01, -4.050e-01, 1.125e+05, 0.000e+00, 5.619e-04, 0.000e+00, 2.043e+00, 9.984e+02, 2.524e-07
1.085e+00, 5.000e-01, -3.950e-01, 1.124e+05, 0.000e+00, 5.474e-04, 0.000e+00, 2.041e+00, 9.984e+02, 2.459e-07
1.085e+00, 5.000e-01, -3.850e-01, 1.123e+05, 0.000e+00, 5.308e-04, 0.000e+00, 2.040e+00, 9.984e+02, 2.385e-07
1.085e+00, 5.000e-01, -3.750e-01, 1.122e+05, 0.000e+00, 5.082e-04, 0.000e+00, 2.038e+00, 9.984e+02, 2.283e-07
1.085e+00, 5.000e-01, -3.650e-01, 1.121e+05, 0.000e+00, 4.515e-04, 0.000e+00, 2.036e+00, 9.983e+02, 2.028e-07
1.085e+00, 5.000e-01, -3.550e-01, 1.120e+05, 0.000e+00, 3.754e-04, 0.000e+00, 2.034e+00, 9.983e+02, 1.686e-07
1.085e+00, 5.000e-01, -3.450e-01, 1.119e+05, 0.000e+00, 2.605e-04, 0.000e+00, 2.033e+00, 9.983e+02, 1.162e-07
1.085e+00, 5.000e-01, -3.350e-01, 1.119e+05, 0.000e+00, 2.034e-04, 0.000e+00, 2.032e+00, 9.983e+02, 8.935e-08
1.085e+00, 5.000e-01, -3.250e-01, 1.118e+05, 0.000e+00, 1.958e-04, 0.000e+00, 2.030e+00, 9.983e+02, 8.599e-08
1.085e+00, 5.000e-01, -3.150e-01, 1.117e+05, 0.000e+00, 1.958e-04, 0.000e+00, 2.029e+00, 9.983e+02, 8.602e-08
1.085e+00, 5.000e-01, -3.050e-01, 1.116e+05, 0.000e+00, 1.940e-04, 0.000e+00, 2.027e+00, 9.983e+02, 8.522e-08
1.085e+00, 5.000e-01, -2.950e-01, 1.115e+05, 0.000e+00, 1.924e-04, 0.000e+00, 2.025e+00, 9.983e+02, 8.450e-08
1.085e+00, 5.000e-01, -2.850e-01, 1.114e+05, 0.000e+00, 1.933e-04, 0.000e+00, 2.023e+00, 9.983e+02, 8.492e-08
1.085e+00, 5.000e-01, -2.750e-01, 1.113e+05, 0.000e+00, 1.974e-04, 0.000e+00, 2.021e+00, 9.983e+02, 8.670e-08
1.085e+00, 5.000e-01, -2.650e-01, 1.112e+05, 0.000e+00, 2.043e-04, 0.000e+00, 2.020e+00, 9.983e+02, 8.972e-08
1.085e+00, 5.000e-01, -2.550e-01, 1.111e+05, 0.000e+00, 2.136e-04, 0.000e+00, 2.018e+00, 9.983e+02, 9.382e-08
1.085e+00, 5.000e-01, -2.450e-01, 1.110e+05, 0.000e+00, 2.265e-04, 0.000e+00, 2.016e+00, 9.983e+02, 9.950e-08
1.085e+00, 5.000e-01, -2.350e-01, 1.111e+05, 0.000e+00, 2.503e-04, 0.000e+00, 2.018e+00, 9.983e+02, 1.084e-07
1.085e+00, 5.000e-01, -2.250e-01, 1.110e+05, 0.000e+00, 2.944e-04, 0.000e+00, 2.016e+00, 9.983e+02, 1.264e-07
1.085e+00, 5.000e-01, -2.150e-01, 1.109e+05, 0.000e+00, 3.524e-04, 0.000e+00, 2.014e+00, 9.983e+02, 1.513e-07
1.085e+00, 5.000e-01, -2.050e-01, 1.108e+05, 0.000e+00, 4.104e-04, 0.000e+00, 2.012e+00, 9.983e+02, 1.762e-07
1.085e+00, 5.000e-01, -1.950e-01, 1.107e+05, 0.000e+00, 4.433e-04, 0.000e+00, 2.011e+00, 9.983e+02, 1.903e-07
1.085e+00, 5.000e-01, -1.850e-01, 1.106e+05, 0.000e+00, 4.380e-04, 0.000e+00, 2.009e+00, 9.983e+02, 1.880e-07
1.085e+00, 5.000e-01, -1.750e-01, 1.105e+05, 0.000e+00, 4.011e-04, 0.000e+00, 2.007e+00, 9.983e+02, 1.722e-07
1.085e+00, 5.000e-01, -1.650e-01, 1.104e+05, 0.000e+00, 3.386e-04, 0.000e+00, 2.005e+00, 9.983e+02, 1.454e-07
1.085e+00, 5.000e-01, -1.550e-01, 1.115e+05, 0.000e+00, 2.555e-04, 0.000e+00, 2.025e+00, 9.983e+02, 1.118e-07
1.085e+00, 5.000e-01, -1.450e-01, 1.114e+05, 0.000e+00, 1.702e-04, 0.000e+00, 2.024e+00, 9.983e+02, 7.476e-08
1.085e+00, 5.000e-01, -1.350e-01, 1.113e+05, 0.000e+00, 1.016e-04, 0.000e+00, 2.022e+00, 9.983e+02, 4.462e-08
1.085e+00, 5.000e-01, -1.250e-01, 1.112e+05, 0.000e+00, 5.499e-05, 0.000e+00, 2.020e+00, 9.983e+02, 2.415e-08
1.085e+00, 5.000e-01, -1.150e-01, 1.111e+05, 0.000e+00, 2.730e-05, 0.000e+00, 2.018e+00, 9.983e+02, 1.199e-08
1.085e+00, 5.000e-01, -1.050e-01, 1.110e+05, 0.000e+00, 1.257e-05, 0.000e+00, 2.017e+00, 9.983e+02, 5.520e-09
1.085e+00, 5.000e-01, -9.500e-02, 1.109e+05, 0.000e+00, 5.411e-06, 0.000e+00, 2.015e+00, 9.983e+02, 2.377e-09
1.085e+00, 5.000e-01, -8.500e-02, 1.108e+05, 0.000e+00, 2.196e-06, 0.000e+00, 2.013e+00, 9.983e+02, 9.645e-10
1.085e+00, 5.000e-01, -7.500e-02, 1.107e+05, 0.000e+00, 8.449e-07, 0.000e+00, 2.011e+00, 9.983e+02, 3.711e-10
1.085e+00, 5.000e-01, -6.500e-02, 1.106e+05, 0.000e+00, 3.095e-07, 0.000e+00, 2.009e+00, 9.983e+02, 1.359e-10
1.085e+00, 5.000e-01, -5.500e-02, 1.105e+05, 0.000e+00, 1.082e-07, 0.000e+00, 2.008e+00, 9.983e+02, 4.752e-11
1.085e+00, 5.000e-01, -4.500e-02, 1.104e+05, 0.000e+00, 3.613e-08, 0.000e+00, 2.006e+00, 9.983e+02, 1.587e-11
1.085e+00, 5.000e-01, -3.500e-02, 1.103e+05, 0.000e+00, 1.154e-08, 0.000e+00, 2.004e+00, 9.983e+02, 5.068e-12
1.085e+00, 5.000e-01, -2.500e-02, 1.102e+05, 0.000e+00, 3.530e-09, 0.000e+00, 2.002e+00, 9.983e+02, 1.550e-12
1.085e+00, 5.000e-01, -1.500e-02, 1.101e+05, 0.000e+00, 1.052e-09, 0.000e+00, 2.000e+00, 9.983e+02, 4.621e-13
1.085e+00, 5.000e-01, -5.000e-03, 1.100e+05, 0.000e+00, 3.495e-10, 0.000e+00, 1.999e+00, 9.983e+02, 1.535e-13
1.095e+00, 5.000e-01, -1.195e+00, 1.202e+05, 0.000e+00, 1.002e-13, 0.000e+00, 2.184e+00, 9.983e+02, 2.000e-17
1.095e+00, 5.000e-01, -1.185e+00, 1.201e+05, 0.000e+00, 1.002e-13, 0.000e+00, 2.182e+00, 9.983e+02, 2.000e-17
1.095e+00, 5.000e-01, -1.175e+00, 1.200e+05, 0.000e+00, 1.002e-13, 0.000e+00, 2.181e+00, 9.983e+02, 2.000e-17
1.095e+00, 5.000e-01, -1.165e+00, 1.199e+05, 0.000e+00, 1.002e-13, 0.000e+00, 2.179e+00, 9.983e+02, 2.000e-17
1.095e+00, 5.000e-01, -1.155e+00, 1.198e+05, 0.000e+00, 1.002e-13, 0.000e+00, 2.177e+00, 9.983e+02, 2.000e-17
1.095e+00, 5.000e-01, -1.145e+00, 1.197e+05, 0.000e+00, 1.002e-13, 0.000e+00, 2.175e+00, 9.983e+02, 2.000e-17
1.095e+00, 5.000e-01, -1.135e+00, 1.196e+05, 0.000e+00, 1.002e-13, 0.000e+00, 2.173e+00, 9.983e+02, 2.000e-17
1.095e+00, 5.000e-01, -1.125e+00, 1.195e+05, 0.000e+00, 2.116e-12, 0.000e+00, 2.172e+00, 9.983e+02, 4.225e-16
1.095e+00, 5.000e-01, -1.115e+00, 1.194e+05, 0.000e+00, 1.302e-03, 0.000e+00, 2.170e+00, 9.985e+02, 4.970e-07
1.095e+00, 5.000e-01, -1.105e+00, 1.193e+05, 0.000e+00, 1.218e-03, 0.000e+00, 2.168e+00, 9.985e+02, 5.230e-07
1.095e+00, 5.000e-01, -1.095e+00, 1.192e+05, 0.000e+00, 1.134e-03, 0.000e+00, 2.167e+00, 9.985e+02, 4.867e-07
1.095e+00, 5.000e-01, -1.085e+00, 1.191e+05, 0.000e+00, 1.016e-03, 0.000e+00, 2.165e+00, 9.984e+02, 4.361e-07
1.095e+00, 5.000e-01, -1.075e+00, 1.190e+05, 0.000e+00, 8.778e-04, 0.000e+00, 2.163e+00, 9.984e+02, 3.769e-07
1.095e+00, 5.000e-01, -1.065e+00, 1.189e+05, 0.000e+00, 7.483e-04, 0.000e+00, 2.161e+00, 9.984e+02, 3.212e-07
1.095e+00, 5.000e-01, -1.055e+00, 1.188e+05, 0.000e+00, 6.751e-04, 0.000e+00, 2.159e+00, 9.984e+02, 2.898e-07
1.095e+00, 5.000e-01, -1.045e+00, 1.187e+05, 0.000e+00, 6.636e-04, 0.000e+00, 2.158e+00, 9.984e+02, 2.849e-07
1.095e+00, 5.000e-01, -1.035e+00, 1.186e+05, 0.000e+00, 6.708e-04, 0.000e+00, 2.156e+00, 9.984e+02, 2.880e-07
1.095e+00, 5.000e-01, -1.025e+00, 1.185e+05, 0.000e+00, 6.723e-04, 0.000e+00, 2.154e+00, 9.984e+02, 2.886e-07
1.095e+00, 5.000e-01, -1.015e+00, 1.185e+05, 0.000e+00, 6.668e-04, 0.000e+00, 2.152e+00, 9.984e+02, 2.863e-07
1.095e+00, 5.000e-01, -1.005e+00, 1.184e+05, 0.000e+00, 6.626e-04, 0.000e+00, 2.150e+00, 9.984e+02, 2.845e-07
1.095e+00, 5.000e-01, -9.950e-01, 1.183e+05, 0.000e+00, 6.725e-04, 0.000e+00, 2.149e+00, 9.984e+02, 2.887e-07
1.095e+00, 5.000e-01, -9.850e-01, 1.182e+05, 0.000e+00, 7.050e-04, 0.000e+00, 2.147e+00, 9.984e+02, 3.027e-07
1.095e+00, 5.000e-01, -9.750e-01, 1.181e+05, 0.000e+00, 7.542e-04, 0.000e+00, 2.145e+00, 9.984e+02, 3.238e-07
1.095e+00, 5.000e-01, -9.650e-01, 1.180e+05, 0.000e+00, 8.026e-04, 0.000e+00, 2.143e+00, 9.984e+02, 3.446e-07
1.095e+00, 5.000e-01, -9.550e-01, 1.179e+05, 0.000e+00, 8.361e-04, 0.000e+00, 2.141e+00, 9.984e+02, 3.590e-07
1.095e+00, 5.000e-01, -9.450e-01, 1.178e+05, 0.000e+00, 8.510e-04, 0.000e+00, 2.140e+00, 9.984e+02, 3.653e-07
1.095e+00, 5.000e-01, -9.350e-01, 1.177e+05, 0.000e+00, 8.500e-04, 0.000e+00, 2.138e+00, 9.984e+02, 3.649e-07
1.095e+00, 5.000e-01, -9.250e-01, 1.176e+05, 0.000e+00, 8.373e-04, 0.000e+00, 2.136e+00, 9.984e+02, 3.595e-07
1.095e+00, 5.000e-01, -9.150e-01, 1.175e+05, 0.000e+00, 8.158e-04, 0.000e+00, 2.134e+00, 9.984e+02, 3.502e-07
1.095e+00, 5.000e-01, -9.050e-01, 1.174e+05, 0.000e+00, 7.909e-04, 0.000e+00, 2.132e+00, 9.984e+02, 3.395e-07
1.095e+00, 5.000e-01, -8.950e-01, 1.173e+05, 0.000e+00, 7.691e-04, 0.000e+00, 2.131e+00, 9.984e+02, 3.302e-07
1.095e+00, 5.000e-01, -8.850e-01, 1.172e+05, 0.000e+00, 7.533e-04, 0.000e+00, 2.129e+00, 9.984e+02, 3.234e-07
1.095e+00, 5.000e-01, -8.750e-01, 1.171e+05, 0.000e+00, 7.444e-04, 0.000e+00, 2.127e+00, 9.984e+02, 3.196e-07
1.095e+00, 5.000e-01, -8.650e-01, 1.170e+05, 0.000e+00, 7.405e-04, 0.000e+00, 2.125e+00, 9.984e+02, 3.179e-07
1.095e+00, 5.000e-01, -8.550e-01, 1.169e+05, 0.000e+00, 7.370e-04, 0.000e+00, 2.124e+00, 9.984e+02, 3.164e-07
1.095e+00, 5.000e-01, -8.450e-01, 1.168e+05, 0.000e+00, 7.290e-04, 0.000e+00, 2.122e+00, 9.984e+02, 3.130e-07
1.095e+00, 5.000e-01, -8.350e-01, 1.167e+05, 0.000e+00, 7.123e-04, 0.000e+00, 2.120e+00, 9.984e+02, 3.058e-07
1.095e+00, 5.000e-01, -8.250e-01, 1.166e+05, 0.000e+00, 6.838e-04, 0.000e+00, 2.118e+00, 9.984e+02, 2.935e-07
1.095e+00, 5.000e-01, -8.150e-01, 1.165e+05, 0.000e+00, 6.386e-04, 0.000e+00, 2.116e+00, 9.984e+02, 2.741e-07
1.095e+00, 5.000e-01, -8.050e-01, 1.164e+05, 0.000e+00, 5.844e-04, 0.000e+00, 2.115e+00, 9.984e+02, 2.509e-07
1.095e+00, 5.000e-01, -7.950e-01, 1.163e+05, 0.000e+00, 5.379e-04, 0.000e+00, 2.113e+00, 9.984e+02, 2.309e-07
1.095e+00, 5.000e-01, -7.850e-01, 1.162e+05, 0.000e+00, 5.041e-04, 0.000e+00, 2.111e+00, 9.984e+02, 2.164e-07
1.095e+00, 5.000e-01, -7.750e-01, 1.161e+05, 0.000e+00, 4.891e-04, 0.000e+00, 2.109e+00, 9.984e+02, 2.100e-07
1.095e+00, 5.000e-01, -7.650e-01, 1.160e+05, 0.000e+00, 4.864e-04, 0.000e+00, 2.107e+00, 9.984e+02, 2.088e-07
1.095e+00, 5.000e-01, -7.550e-01, 1.159e+05, 0.000e+00, 4.776e-04, 0.000e+00, 2.106e+00, 9.983e+02, 2.050e-07
1.095e+00, 5.000e-01, -7.450e-01, 1.158e+05, 0.000e+00, 4.950e-04, 0.000e+00, 2.104e+00, 9.984e+02, 2.125e-07
1.095e+00, 5.000e-01, -7.350e-01, 1.157e+05, 6.732e-07, 6.422e-04, 0.000e+00, 2.102e+00, 9.984e+02, 2.757e-07
1.095e+00, 5.000e-01, -7.250e-01, 1.156e+05, 4.711e-01, 1.895e-03, 0.000e+00, 2.100e+00, 9.986e+02, 8.603e-07
1.095e+00, 5.000e-01, -7.150e-01, 1.170e+05, 0.000e+00, 6.371e-04, 0.000e+00, 2.126e+00, 9.984e+02, 2.799e-07
1.095e+00, 5.000e-01, -7.050e-01, 1.169e+05, 0.000e+00, 4.351e-04, 0.000e+00, 2.124e+00, 9.983e+02, 1.911e-07
1.095e+00, 5.000e-01, -6.950e-01, 1.168e+05, 0.000e+00, 3.001e-04, 0.000e+00, 2.122e+00, 9.983e+02, 1.318e-07
1.095e+00, 5.000e-01, -6.850e-01, 1.167e+05, 0.000e+00, 1.957e-04, 0.000e+00, 2.120e+00, 9.983e+02, 8.596e-08
1.095e+00, 5.000e-01, -6.750e-01, 1.166e+05, 0.000e+00, 1.194e-04, 0.000e+00, 2.119e+00, 9.983e+02, 5.243e-08
1.095e+00, 5.000e-01, -6.650e-01, 1.165e+05, 0.000e+00, 6.804e-05, 0.000e+00, 2.117e+00, 9.983e+02, 2.988e-08
1.095e+00, 5.000e-01, -6.550e-01, 1.164e+05, 0.000e+00, 3.659e-05, 0.000e+00, 2.115e+00, 9.983e+02, 1.607e-08
1.095e+00, 5.000e-01, -6.450e-01, 1.163e+05, 0.000e+00, 1.963e-05, 0.000e+00, 2.113e+00, 9.983e+02, 8.621e-09
1.095e+00, 5.000e-01, -6.350e-01, 1.162e+05, 0.000e+00, 1.344e-05, 0.000e+00, 2.111e+00, 9.983e+02, 5.905e-09
1.095e+00, 5.000e-01, -6.250e-01, 1.161e+05, 0.000e+00, 1.746e-05, 0.000e+00, 2.110e+00, 9.983e+02, 7.671e-09
1.095e+00, 5.000e-01, -6.150e-01, 1.160e+05, 0.000e+00, 3.539e-05, 0.000e+00, 2.108e+00, 9.983e+02, 1.554e-08
1.095e+00, 5.000e-01, -6.050e-01, 1.159e+05, 0.000e+00, 7.538e-05, 0.000e+00, 2.106e+00, 9.983e+02, 3.311e-08
1.095e+00, 5.000e-01, -5.950e-01, 1.158e+05, 0.000e+00, 1.476e-04, 0.000e+00, 2.104e+00, 9.983e+02, 6.481e-08
1.095e+00, 5.000e-01, -5.850e-01, 1.157e+05, 0.000e+00, 2.567e-04, 0.000e+00, 2.102e+00, 9.983e+02, 1.128e-07
1.095e+00, 5.000e-01, -5.750e-01, 1.156e+05, 0.000e+00, 3.921e-04, 0.000e+00, 2.101e+00, 9.983e+02, 1.722e-07
1.095e+00, 5.000e-01, -5.650e-01, 1.141e+05, 0.000e+00, 5.211e-04, 0.000e+00, 2.072e+00, 9.984e+02, 2.334e-07
1.095e+00, 5.000e-01, -5.550e-01, 1.140e+05, 0.000e+00, 5.324e-04, 0.000e+00, 2.070e+00, 9.984e+02, 2.392e-07
1.095e+00, 5.000e-01, -5.450e-01, 1.139e+05, 0.000e+00, 5.087e-04, 0.000e+00, 2.068e+00, 9.984e+02, 2.286e-07
1.095e+00, 5.000e-01, -5.350e-01, 1.138e+05, 0.000e+00, 5.069e-04, 0.000e+00, 2.067e+00, 9.984e+02, 2.277e-07
1.095e+00, 5.000e-01, -5.250e-01, 1.137e+05, 0.000e+00, 5.018e-04, 0.000e+00, 2.065e+00, 9.984e+02, 2.255e-07
1.095e+00, 5.000e-01, -5.150e-01, 1.136e+05, 0.000e+00, 4.777e-04, 0.000e+00, 2.063e+00, 9.983e+02, 1.912e-07
1.095e+00, 5.000e-01, -5.050e-01, 1.134e+05, 0.000e+00, 3.714e-08, 0.000e+00, 2.061e+00, 9.983e+02, 1.138e-11
1.095e+00, 5.000e-01, -4.950e-01, 1.133e+05, 0.000e+00, 1.218e-09, 0.000e+00, 2.059e+00, 9.983e+02, 5.319e-13
1.095e+00, 5.000e-01, -4.850e-01, 1.132e+05, 0.000e+00, 1.404e-09, 0.000e+00, 2.057e+00, 9.983e+02, 5.171e-13
1.095e+00, 5.000e-01, -4.750e-01, 1.132e+05, 0.000e+00, 4.943e-04, 0.000e+00, 2.056e+00, 9.984e+02, 1.644e-07
1.095e+00, 5.000e-01, -4.650e-01, 1.131e+05, 0.000e+00, 5.076e-04, 0.000e+00, 2.054e+00, 9.984e+02, 2.102e-07
1.095e+00, 5.000e-01, -4.550e-01, 1.130e+05, 0.000e+00, 5.222e-04, 0.000e+00, 2.052e+00, 9.984e+02, 2.242e-07
1.095e+00, 5.000e-01, -4.450e-01, 1.129e+05, 0.000e+00, 5.291e-04, 0.000e+00, 2.050e+00, 9.984e+02, 2.341e-07
1.095e+00, 5.000e-01, -4.350e-01, 1.128e+05, 0.000e+00, 5.348e-04, 0.000e+00, 2.049e+00, 9.984e+02, 2.403e-07
1.095e+00, 5.000e-01, -4.250e-01, 1.127e+05, 0.000e+00, 5.326e-04, 0.000e+00, 2.047e+00, 9.984e+02, 2.393e-07
1.095e+00, 5.000e-01, -4.150e-01, 1.126e+05, 0.000e+00, 5.282e-04, 0.000e+00, 2.045e+00, 9.984e+02, 2.373e-07
1.095e+00, 5.000e-01, -4.050e-01, 1.125e+05, 0.000e+00, 5.204e-04, 0.000e+00, 2.043e+00, 9.984e+02, 2.338e-07
1.095e+00, 5.000e-01, -3.950e-01, 1.124e+05, 0.000e+00, 4.981e-04, 0.000e+00, 2.041e+00, 9.984e+02, 2.238e-07
1.095e+00, 5.000e-01, -3.850e-01, 1.123e+05, 0.000e+00, 4.700e-04, 0.000e+00, 2.040e+00, 9.983e+02, 2.111e-07
1.095e+00, 5.000e-01, -3.750e-01, 1.122e+05, 0.000e+00, 4.306e-04, 0.000e+00, 2.038e+00, 9.983e+02, 1.935e-07
1.095e+00, 5.000e-01, -3.650e-01, 1.121e+05, 0.000e+00, 3.591e-04, 0.000e+00, 2.036e+00, 9.983e+02, 1.613e-07
1.095e+00, 5.000e-01, -3.550e-01, 1.120e+05, 0.000e+00, 2.204e-04, 0.000e+00, 2.034e+00, 9.983e+02, 9.903e-08
1.095e+00, 5.000e-01, -3.450e-01, 1.119e+05, 0.000e+00, 1.691e-04, 0.000e+00, 2.033e+00, 9.983e+02, 7.533e-08
1.095e+00, 5.000e-01, -3.350e-01, 1.119e+05, 0.000e+00, 1.468e-04, 0.000e+00, 2.032e+00, 9.983e+02, 6.446e-08
1.095e+00, 5.000e-01, -3.250e-01, 1.118e+05, 0.000e+00, 1.414e-04, 0.000e+00, 2.030e+00, 9.983e+02, 6.209e-08
1.095e+00, 5.000e-01, -3.150e-01, 1.117e+05, 0.000e+00, 1.450e-04, 0.000e+00, 2.029e+00, 9.983e+02, 6.370e-08
1.095e+00, 5.000e-01, -3.050e-01, 1.116e+05, 0.000e+00, 1.527e-04, 0.000e+00, 2.027e+00, 9.983e+02, 6.708e-08
1.095e+00, 5.000e-01, -2.950e-01, 1.115e+05, 0.000e+00, 1.629e-04, 0.000e+00, 2.025e+00, 9.983e+02, 7.153e-08
1.095e+00, 5.000e-01, -2.850e-01, 1.114e+05, 0.000e+00, 1.750e-04, 0.000e+00, 2.023e+00, 9.983e+02, 7.688e-08
1.095e+00, 5.000e-01, -2.750e-01, 1.113e+05, 0.000e+00, 1.888e-04, 0.000e+00, 2.021e+00, 9.983e+02, 8.292e-08
1.095e+00, 5.000e-01, -2.650e-01, 1.112e+05, 0.000e+00, 2.033e-04, 0.000e+00, 2.020e+00, 9.983e+02, 8.930e-08
1.095e+00, 5.000e-01, -2.550e-01, 1.111e+05, 0.000e+00, 2.174e-04, 0.000e+00, 2.018e+00, 9.983e+02, 9.549e-08
1.095e+00, 5.000e-01, -2.450e-01, 1.110e+05, 0.000e+00, 2.306e-04, 0.000e+00, 2.016e+00, 9.983e+02, 1.013e-07
1.095e+00, 5.000e-01, -2.350e-01, 1.111e+05, 0.000e+00, 2.461e-04, 0.000e+00, 2.018e+00, 9.983e+02, 1.062e-07
1.095e+00, 5.000e-01, -2.250e-01, 1.110e+05, 0.000e+00, 2.786e-04, 0.000e+00, 2.016e+00, 9.983e+02, 1.196e-07
1.095e+00, 5.000e-01, -2.150e-01, 1.109e+05, 0.000e+00, 3.280e-04, 0.000e+00, 2.014e+00, 9.983e+02, 1.408e-07
1.095e+00, 5.000e-01, -2.050e-01, 1.108e+05, 0.000e+00, 3.825e-04, 0.000e+00, 2.012e+00, 9.983e+02, 1.642e-07
1.095e+00, 5.000e-01, -1.950e-01, 1.107e+05, 0.000e+00, 4.148e-04, 0.000e+00, 2.011e+00, 9.983e+02, 1.781e-07
1.095e+00, 5.000e-01, -1.850e-01, 1.106e+05, 0.000e+00, 4.110e-04, 0.000e+00, 2.009e+00, 9.983e+02, 1.764e-07
1.095e+00, 5.000e-01, -1.750e-01, 1.105e+05, 0.000e+00, 3.805e-04, 0.000e+00, 2.007e+00, 9.983e+02, 1.634e-07
1.095e+00, 5.000e-01, -1.650e-01, 1.104e+05, 0.000e+00, 3.269e-04, 0.000e+00, 2.005e+00, 9.983e+02, 1.404e-07
1.095e+00, 5.000e-01, -1.550e-01, 1.115e+05, 0.000e+00, 2.506e-04, 0.000e+00, 2.025e+00, 9.983e+02, 1.100e-07
1.095e+00, 5.000e-01, -1.450e-01, 1.114e+05, 0.000e+00, 1.672e-04, 0.000e+00, 2.024e+00, 9.983e+02, 7.346e-08
1.095e+00, 5.000e-01, -1.350e-01, 1.113e+05, 0.000e+00, 9.939e-05, 0.000e+00, 2.022e+00, 9.983e+02, 4.365e-08
1.095e+00, 5.000e-01, -1.250e-01, 1.112e+05, 0.000e+00, 5.346e-05, 0.000e+00, 2.020e+00, 9.983e+02, 2.348e-08
1.095e+00, 5.000e-01, -1.150e-01, 1.111e+05, 0.000e+00, 2.636e-05, 0.000e+00, 2.018e+00, 9.983e+02, 1.158e-08
1.095e+00, 5.000e-01, -1.050e-01, 1.110e+05, 0.000e+00, 1.205e-05, 0.000e+00, 2.017e+00, 9.983e+02, 5.292e-09
1.095e+00, 5.000e-01, -9.500e-02, 1.109e+05, 0.000e+00, 5.150e-06, 0.000e+00, 2.015e+00, 9.983e+02, 2.262e-09
1.095e+00, 5.000e-01, -8.500e-02, 1.108e+05, 0.000e+00, 2.074e-06, 0.000e+00, 2.013e+00, 9.983e+02, 9.110e-10
1.095e+00, 5.000e-01, -7.500e-02, 1.107e+05, 0.000e+00, 7.915e-07, 0.000e+00, 2.011e+00, 9.983e+02, 3.477e-10
1.095e+00, 5.000e-01, -6.500e-02, 1.106e+05, 0.000e+00, 2.874e-07, 0.000e+00, 2.009e+00, 9.983e+02, 1.262e-10
1.095e+00, 5.000e-01, -5.500e-02, 1.105e+05, 0.000e+00, 9.947e-08, 0.000e+00, 2.008e+00, 9.983e+02, 4.369e-11
1.095e+00, 5.000e-01, -4.500e-02, 1.104e+05, 0.000e+00, 3.288e-08, 0.000e+00, 2.006e+00, 9.983e+02, 1.444e-11
1.095e+00, 5.000e-01, -3.500e-02, 1.103e+05, 0.000e+00, 1.039e-08, 0.000e+00, 2.004e+00, 9.983e+02, 4.562e-12
1.095e+00, 5.000e-01, -2.500e-02, 1.102e+05, 0.000e+00, 3.142e-09, 0.000e+00, 2.002e+00, 9.983e+02, 1.380e-12
1.095e+00, 5.000e-01, -1.500e-02, 1.101e+05, 0.000e+00, 9.261e-10, 0.000e+00, 2.000e+00, 9.983e+02, 4.068e-13
1.095e+00, 5.000e-01, -5.000e-03, 1.100e+05, 0.000e+00, 3.044e-10, 0.000e+00, 1.999e+00, 9.983e+02, 1.337e-13
1.105e+00, 5.000e-01, -1.195e+00, 1.202e+05, 0.000e+00, 1.002e-13, 0.000e+00, 2.184e+00, 9.983e+02, 2.000e-17
1.105e+00, 5.000e-01, -1.185e+00, 1.201e+05, 0.000e+00, 1.002e-13, 0.000e+00, 2.182e+00, 9.983e+02, 2.000e-17
1.105e+00, 5.000e-01, -1.175e+00, 1.200e+05, 0.000e+00, 1.002e-13, 0.000e+00, 2.181e+00, 9.983e+02, 2.000e-17
1.105e+00, 5.000e-01, -1.165e+00, 1.199e+05, 0.000e+00, 1.002e-13, 0.000e+00, 2.179e+00, 9.983e+02, 2.000e-17
1.105e+00, 5.000e-01, -1.155e+00, 1.198e+05, 0.000e+00, 1.002e-13, 0.000e+00, 2.177e+00, 9.983e+02, 2.000e-17
1.105e+00, 5.000e-01, -1.145e+00, 1.197e+05, 0.000e+00, 1.002e-13, 0.000e+00, 2.175e+00, 9.983e+02, 2.000e-17
1.105e+00, 5.000e-01, -1.135e+00, 1.196e+05, 0.000e+00, 1.002e-13, 0.000e+00, 2.173e+00, 9.983e+02, 2.000e-17
1.105e+00, 5.000e-01, -1.125e+00, 1.195e+05, 0.000e+00, 1.012e-13, 0.000e+00, 2.172e+00, 9.983e+02, 2.021e-17
1.105e+00, 5.000e-01, -1.115e+00, 1.194e+05, 0.000e+00, 9.388e-07, 0.000e+00, 2.170e+00, 9.983e+02, 2.939e-10
1.105e+00, 5.000e-01, -1.105e+00, 1.193e+05, 0.000e+00, 1.209e-03, 0.000e+00, 2.168e+00, 9.985e+02, 5.193e-07
1.105e+00, 5.000e-01, -1.095e+00, 1.192e+05, 0.000e+00, 1.139e-03, 0.000e+00, 2.167e+00, 9.985e+02, 4.888e-07
1.105e+00, 5.000e-01, -1.085e+00, 1.191e+05, 0.000e+00, 1.024e-03, 0.000e+00, 2.165e+00, 9.985e+02, 4.397e-07
1.105e+00, 5.000e-01, -1.075e+00, 1.190e+05, 0.000e+00, 8.867e-04, 0.000e+00, 2.163e+00, 9.984e+02, 3.807e-07
1.105e+00, 5.000e-01, -1.065e+00, 1.189e+05, 0.000e+00, 7.555e-04, 0.000e+00, 2.161e+00, 9.984e+02, 3.243e-07
1.105e+00, 5.000e-01, -1.055e+00, 1.188e+05, 0.000e+00, 6.743e-04, 0.000e+00, 2.159e+00, 9.984e+02, 2.895e-07
1.105e+00, 5.000e-01, -1.045e+00, 1.187e+05, 0.000e+00, 6.552e-04, 0.000e+00, 2.158e+00, 9.984e+02, 2.813e-07
1.105e+00, 5.000e-01, -1.035e+00, 1.186e+05, 0.000e+00, 6.618e-04, 0.000e+00, 2.156e+00, 9.984e+02, 2.841e-07
1.105e+00, 5.000e-01, -1.025e+00, 1.185e+05, 0.000e+00, 6.667e-04, 0.000e+00, 2.154e+00, 9.984e+02, 2.862e-07
1.105e+00, 5.000e-01, -1.015e+00, 1.185e+05, 0.000e+00, 6.642e-04, 0.000e+00, 2.152e+00, 9.984e+02, 2.851e-07
1.105e+00, 5.000e-01, -1.005e+00, 1.184e+05, 0.000e+00, 6.591e-04, 0.000e+00, 2.150e+00, 9.984e+02, 2.829e-07
1.105e+00, 5.000e-01, -9.950e-01, 1.183e+05, 0.000e+00, 6.599e-04, 0.000e+00, 2.149e+00, 9.984e+02, 2.833e-07
1.105e+00, 5.000e-01, -9.850e-01, 1.182e+05, 0.000e+00, 6.748e-04, 0.000e+00, 2.147e+00, 9.984e+02, 2.897e-07
1.105e+00, 5.000e-01, -9.750e-01, 1.181e+05, 0.000e+00, 7.051e-04, 0.000e+00, 2.145e+00, 9.984e+02, 3.027e-07
1.105e+00, 5.000e-01, -9.650e-01, 1.180e+05, 0.000e+00, 7.416e-04, 0.000e+00, 2.143e+00, 9.984e+02, 3.184e-07
1.105e+00, 5.000e-01, -9.550e-01, 1.179e+05, 0.000e+00, 7.719e-04, 0.000e+00, 2.141e+00, 9.984e+02, 3.314e-07
1.105e+00, 5.000e-01, -9.450e-01, 1.178e+05, 0.000e+00, 7.882e-04, 0.000e+00, 2.140e+00, 9.984e+02, 3.384e-07
1.105e+00, 5.000e-01, -9.350e-01, 1.177e+05, 0.000e+00, 7.890e-04, 0.000e+00, 2.138e+00, 9.984e+02, 3.387e-07
1.105e+00, 5.000e-01, -9.250e-01, 1.176e+05, 0.000e+00, 7.763e-04, 0.000e+00, 2.136e+00, 9.984e+02, 3.333e-07
1.105e+00, 5.000e-01, -9.150e-01, 1.175e+05, 0.000e+00, 7.549e-04, 0.000e+00, 2.134e+00, 9.984e+02, 3.241e-07
1.105e+00, 5.000e-01, -9.050e-01, 1.174e+05, 0.000e+00, 7.334e-04, 0.000e+00, 2.132e+00, 9.984e+02, 3.149e-07
1.105e+00, 5.000e-01, -8.950e-01, 1.173e+05, 0.000e+00, 7.166e-04, 0.000e+00, 2.131e+00, 9.984e+02, 3.077e-07
1.105e+00, 5.000e-01, -8.850e-01, 1.172e+05, 0.000e+00, 7.083e-04, 0.000e+00, 2.129e+00, 9.984e+02, 3.041e-07
1.105e+00, 5.000e-01, -8.750e-01, 1.171e+05, 0.000e+00, 7.088e-04, 0.000e+00, 2.127e+00, 9.984e+02, 3.043e-07
1.105e+00, 5.000e-01, -8.650e-01, 1.170e+05, 0.000e+00, 7.152e-04, 0.000e+00, 2.125e+00, 9.984e+02, 3.070e-07
1.105e+00, 5.000e-01, -8.550e-01, 1.169e+05, 0.000e+00, 7.229e-04, 0.000e+00, 2.124e+00, 9.984e+02, 3.103e-07
1.105e+00, 5.000e-01, -8.450e-01, 1.168e+05, 0.000e+00, 7.275e-04, 0.000e+00, 2.122e+00, 9.984e+02, 3.123e-07
1.105e+00, 5.000e-01, -8.350e-01, 1.167e+05, 0.000e+00, 7.256e-04, 0.000e+00, 2.120e+00, 9.984e+02, 3.115e-07
1.105e+00, 5.000e-01, -8.250e-01, 1.166e+05, 0.000e+00, 7.151e-04, 0.000e+00, 2.118e+00, 9.984e+02, 3.070e-07
1.105e+00, 5.000e-01, -8.150e-01, 1.165e+05, 0.000e+00, 6.936e-04, 0.000e+00, 2.116e+00, 9.984e+02, 2.977e-07
1.105e+00, 5.000e-01, -8.050e-01, 1.164e+05, 0.000e+00, 6.566e-04, 0.000e+00, 2.115e+00, 9.984e+02, 2.819e-07
1.105e+00, 5.000e-01, -7.950e-01, 1.163e+05, 0.000e+00, 6.110e-04, 0.000e+00, 2.113e+00, 9.984e+02, 2.623e-07
1.105e+00, 5.000e-01, -7.850e-01, 1.162e+05, 0.000e+00, 5.757e-04, 0.000e+00, 2.111e+00, 9.984e+02, 2.471e-07
1.105e+00, 5.000e-01, -7.750e-01, 1.161e+05, 0.000e+00, 5.570e-04, 0.000e+00, 2.109e+00, 9.984e+02, 2.391e-07
1.105e+00, 5.000e-01, -7.650e-01, 1.160e+05, 0.000e+00, 5.514e-04, 0.000e+00, 2.107e+00, 9.984e+02, 2.367e-07
1.105e+00, 5.000e-01, -7.550e-01, 1.159e+05, 0.000e+00, 5.409e-04, 0.000e+00, 2.106e+00, 9.984e+02, 2.322e-07
1.105e+00, 5.000e-01, -7.450e-01, 1.158e+05, 0.000e+00, 5.503e-04, 0.000e+00, 2.104e+00, 9.984e+02, 2.362e-07
1.105e+00, 5.000e-01, -7.350e-01, 1.157e+05, 6.742e-07, 6.876e-04, 0.000e+00, 2.102e+00, 9.984e+02, 2.952e-07
1.105e+00, 5.000e-01, -7.250e-01, 1.156e+05, 4.713e-01, 1.895e-03, 0.000e+00, 2.100e+00, 9.986e+02, 8.563e-07
1.105e+00, 5.000e-01, -7.150e-01, 1.170e+05, 0.000e+00, 6.432e-04, 0.000e+00, 2.126e+00, 9.984e+02, 2.823e-07
1.105e+00, 5.000e-01, -7.050e-01, 1.169e+05, 0.000e+00, 4.408e-04, 0.000e+00, 2.124e+00, 9.983e+02, 1.936e-07
1.105e+00, 5.000e-01, -6.950e-01, 1.168e+05, 0.000e+00, 3.050e-04, 0.000e+00, 2.122e+00, 9.983e+02, 1.340e-07
1.105e+00, 5.000e-01, -6.850e-01, 1.167e+05, 0.000e+00, 1.993e-04, 0.000e+00, 2.120e+00, 9.983e+02, 8.755e-08
1.105e+00, 5.000e-01, -6.750e-01, 1.166e+05, 0.000e+00, 1.217e-04, 0.000e+00, 2.119e+00, 9.983e+02, 5.346e-08
1.105e+00, 5.000e-01, -6.650e-01, 1.165e+05, 0.000e+00, 6.943e-05, 0.000e+00, 2.117e+00, 9.983e+02, 3.050e-08
1.105e+00, 5.000e-01, -6.550e-01, 1.164e+05, 0.000e+00, 3.745e-05, 0.000e+00, 2.115e+00, 9.983e+02, 1.645e-08
1.105e+00, 5.000e-01, -6.450e-01, 1.163e+05, 0.000e+00, 2.044e-05, 0.000e+00, 2.113e+00, 9.983e+02, 8.978e-09
1.105e+00, 5.000e-01, -6.350e-01, 1.162e+05, 0.000e+00, 1.490e-05, 0.000e+00, 2.111e+00, 9.983e+02, 6.544e-09
1.105e+00, 5.000e-01, -6.250e-01, 1.161e+05, 0.000e+00, 2.072e-05, 0.000e+00, 2.110e+00, 9.983e+02, 9.101e-09
1.105e+00, 5.000e-01, -6.150e-01, 1.160e+05, 0.000e+00, 4.230e-05, 0.000e+00, 2.108e+00, 9.983e+02, 1.858e-08
1.105e+00, 5.000e-01, -6.050e-01, 1.159e+05, 0.000e+00, 8.830e-05, 0.000e+00, 2.106e+00, 9.983e+02, 3.878e-08
1.105e+00, 5.000e-01, -5.950e-01, 1.158e+05, 0.000e+00, 1.679e-04, 0.000e+00, 2.104e+00, 9.983e+02, 7.377e-08
1.105e+00, 5.000e-01, -5.850e-01, 1.157e+05, 0.000e+00, 2.826e-04, 0.000e+00, 2.102e+00, 9.983e+02, 1.241e-07
1.105e+00, 5.000e-01, -5.750e-01, 1.156e+05, 0.000e+00, 4.158e-04, 0.000e+00, 2.101e+00, 9.983e+02, 1.826e-07
1.105e+00, 5.000e-01, -5.650e-01, 1.141e+05, 0.000e+00, 5.321e-04, 0.000e+00, 2.072e+00, 9.984e+02, 2.383e-07
1.105e+00, 5.000e-01, -5.550e-01, 1.140e+05, 0.000e+00, 5.340e-04, 0.000e+00, 2.070e+00, 9.984e+02, 2.399e-07
1.105e+00, 5.000e-01, -5.450e-01, 1.139e+05, 0.000e+00, 5.014e-04, 0.000e+00, 2.068e+00, 9.984e+02, 2.220e-07
1.105e+00, 5.000e-01, -5.350e-01, 1.138e+05, 0.000e+00, 4.922e-04, 0.000e+00, 2.067e+00, 9.984e+02, 1.889e-07
1.105e+00, 5.000e-01, -5.250e-01, 1.136e+05, 0.000e+00, 3.088e-07, 0.000e+00, 2.064e+00, 9.983e+02, 9.701e-11
1.105e+00, 5.000e-01, -5.150e-01, 1.135e+05, 0.000e+00, 5.378e-08, 0.000e+00, 2.062e+00, 9.983e+02, 1.583e-11
1.105e+00, 5.000e-01, -5.050e-01, 1.135e+05, 0.000e+00, 4.551e-04, 0.000e+00, 2.061e+00, 9.983e+02, 1.465e-07
1.105e+00, 5.000e-01, -4.950e-01, 1.134e+05, 0.000e+00, 4.659e-04, 0.000e+00, 2.059e+00, 9.983e+02, 1.788e-07
1.105e+00, 5.000e-01, -4.850e-01, 1.133e+05, 0.000e+00, 4.882e-04, 0.000e+00, 2.057e+00, 9.983e+02, 2.096e-07
1.105e+00, 5.000e-01, -4.750e-01, 1.132e+05, 0.000e+00, 4.969e-04, 0.000e+00, 2.056e+00, 9.984e+02, 2.133e-07
1.105e+00, 5.000e-01, -4.650e-01, 1.131e+05, 0.000e+00, 5.031e-04, 0.000e+00, 2.054e+00, 9.984e+02, 2.160e-07
1.105e+00, 5.000e-01, -4.550e-01, 1.130e+05, 0.000e+00, 5.079e-04, 0.000e+00, 2.052e+00, 9.984e+02, 2.180e-07
1.105e+00, 5.000e-01, -4.450e-01, 1.129e+05, 0.000e+00, 5.052e-04, 0.000e+00, 2.050e+00, 9.984e+02, 2.229e-07
1.105e+00, 5.000e-01, -4.350e-01, 1.128e+05, 0.000e+00, 5.041e-04, 0.000e+00, 2.049e+00, 9.984e+02, 2.265e-07
1.105e+00, 5.000e-01, -4.250e-01, 1.127e+05, 0.000e+00, 4.973e-04, 0.000e+00, 2.047e+00, 9.984e+02, 2.234e-07
1.105e+00, 5.000e-01, -4.150e-01, 1.126e+05, 0.000e+00, 4.873e-04, 0.000e+00, 2.045e+00, 9.983e+02, 2.189e-07
1.105e+00, 5.000e-01, -4.050e-01, 1.125e+05, 0.000e+00, 4.722e-04, 0.000e+00, 2.043e+00, 9.983e+02, 2.121e-07
1.105e+00, 5.000e-01, -3.950e-01, 1.124e+05, 0.000e+00, 4.453e-04, 0.000e+00, 2.041e+00, 9.983e+02, 2.001e-07
1.105e+00, 5.000e-01, -3.850e-01, 1.123e+05, 0.000e+00, 4.095e-04, 0.000e+00, 2.040e+00, 9.983e+02, 1.840e-07
1.105e+00, 5.000e-01, -3.750e-01, 1.122e+05, 0.000e+00, 3.601e-04, 0.000e+00, 2.038e+00, 9.983e+02, 1.618e-07
1.105e+00, 5.000e-01, -3.650e-01, 1.121e+05, 0.000e+00, 2.359e-04, 0.000e+00, 2.036e+00, 9.983e+02, 1.060e-07
1.105e+00, 5.000e-01, -3.550e-01, 1.120e+05, 0.000e+00, 1.775e-04, 0.000e+00, 2.034e+00, 9.983e+02, 7.975e-08
1.105e+00, 5.000e-01, -3.450e-01, 1.119e+05, 0.000e+00, 1.499e-04, 0.000e+00, 2.033e+00, 9.983e+02, 6.669e-08
1.105e+00, 5.000e-01, -3.350e-01, 1.119e+05, 0.000e+00, 1.413e-04, 0.000e+00, 2.032e+00, 9.983e+02, 6.204e-08
1.105e+00, 5.000e-01, -3.250e-01, 1.118e+05, 0.000e+00, 1.471e-04, 0.000e+00, 2.030e+00, 9.983e+02, 6.463e-08
1.105e+00, 5.000e-01, -3.150e-01, 1.117e+05, 0.000e+00, 1.592e-04, 0.000e+00, 2.029e+00, 9.983e+02, 6.994e-08
1.105e+00, 5.000e-01, -3.050e-01, 1.116e+05, 0.000e+00, 1.730e-04, 0.000e+00, 2.027e+00, 9.983e+02, 7.600e-08
1.105e+00, 5.000e-01, -2.950e-01, 1.115e+05, 0.000e+00, 1.881e-04, 0.000e+00, 2.025e+00, 9.983e+02, 8.262e-08
1.105e+00, 5.000e-01, -2.850e-01, 1.114e+05, 0.000e+00, 2.046e-04, 0.000e+00, 2.023e+00, 9.983e+02, 8.988e-08
1.105e+00, 5.000e-01, -2.750e-01, 1.113e+05, 0.000e+00, 2.215e-04, 0.000e+00, 2.021e+00, 9.983e+02, 9.730e-08
1.105e+00, 5.000e-01, -2.650e-01, 1.112e+05, 0.000e+00, 2.373e-04, 0.000e+00, 2.020e+00, 9.983e+02, 1.042e-07
1.105e+00, 5.000e-01, -2.550e-01, 1.111e+05, 0.000e+00, 2.505e-04, 0.000e+00, 2.018e+00, 9.983e+02, 1.100e-07
1.105e+00, 5.000e-01, -2.450e-01, 1.110e+05, 0.000e+00, 2.611e-04, 0.000e+00, 2.016e+00, 9.983e+02, 1.147e-07
1.105e+00, 5.000e-01, -2.350e-01, 1.111e+05, 0.000e+00, 2.726e-04, 0.000e+00, 2.018e+00, 9.983e+02, 1.172e-07
1.105e+00, 5.000e-01, -2.250e-01, 1.110e+05, 0.000e+00, 2.982e-04, 0.000e+00, 2.016e+00, 9.983e+02, 1.280e-07
1.105e+00, 5.000e-01, -2.150e-01, 1.109e+05, 0.000e+00, 3.343e-04, 0.000e+00, 2.014e+00, 9.983e+02, 1.435e-07
1.105e+00, 5.000e-01, -2.050e-01, 1.108e+05, 0.000e+00, 3.697e-04, 0.000e+00, 2.012e+00, 9.983e+02, 1.587e-07
1.105e+00, 5.000e-01, -1.950e-01, 1.107e+05, 0.000e+00, 3.863e-04, 0.000e+00, 2.011e+00, 9.983e+02, 1.658e-07
1.105e+00, 5.000e-01, -1.850e-01, 1.106e+05, 0.000e+00, 3.780e-04, 0.000e+00, 2.009e+00, 9.983e+02, 1.623e-07
1.105e+00, 5.000e-01, -1.750e-01, 1.105e+05, 0.000e+00, 3.540e-04, 0.000e+00, 2.007e+00, 9.983e+02, 1.520e-07
1.105e+00, 5.000e-01, -1.650e-01, 1.104e+05, 0.000e+00, 3.129e-04, 0.000e+00, 2.005e+00, 9.983e+02, 1.348e-07
1.105e+00, 5.000e-01, -1.550e-01, 1.115e+05, 0.000e+00, 2.435e-04, 0.000e+00, 2.025e+00, 9.983e+02, 1.069e-07
1.105e+00, 5.000e-01, -1.450e-01, 1.114e+05, 0.000e+00, 1.635e-04, 0.000e+00, 2.024e+00, 9.983e+02, 7.181e-08
1.105e+00, 5.000e-01, -1.350e-01, 1.113e+05, 0.000e+00, 9.719e-05, 0.000e+00, 2.022e+00, 9.983e+02, 4.269e-08
1.105e+00, 5.000e-01, -1.250e-01, 1.112e+05, 0.000e+00, 5.214e-05, 0.000e+00, 2.020e+00, 9.983e+02, 2.290e-08
1.105e+00, 5.000e-01, -1.150e-01, 1.111e+05, 0.000e+00, 2.561e-05, 0.000e+00, 2.018e+00, 9.983e+02, 1.125e-08
1.105e+00, 5.000e-01, -1.050e-01, 1.110e+05, 0.000e+00, 1.165e-05, 0.000e+00, 2.017e+00, 9.983e+02, 5.117e-09
1.105e+00, 5.000e-01, -9.500e-02, 1.109e+05, 0.000e+00, 4.954e-06, 0.000e+00, 2.015e+00, 9.983e+02, 2.176e-09
1.105e+00, 5.000e-01, -8.500e-02, 1.108e+05, 0.000e+00, 1.984e-06, 0.000e+00, 2.013e+00, 9.983e+02, 8.716e-10
1.105e+00, 5.000e-01, -7.500e-02, 1.107e+05, 0.000e+00, 7.527e-07, 0.000e+00, 2.011e+00, 9.983e+02, 3.306e-10
1.105e+00, 5.000e-01, -6.500e-02, 1.106e+05, 0.000e+00, 2.714e-07, 0.000e+00, 2.009e+00, 9.983e+02, 1.192e-10
1.105e+00, 5.000e-01, -5.500e-02, 1.105e+05, 0.000e+00, 9.324e-08, 0.000e+00, 2.008e+00, 9.983e+02, 4.096e-11
1.105e+00, 5.000e-01, -4.500e-02, 1.104e+05, 0.000e+00, 3.057e-08, 0.000e+00, 2.006e+00, 9.983e+02, 1.343e-11
1.105e+00, 5.000e-01, -3.500e-02, 1.103e+05, 0.000e+00, 9.576e-09, 0.000e+00, 2.004e+00, 9.983e+02, 4.206e-12
1.105e+00, 5.000e-01, -2.500e-02, 1.102e+05, 0.000e+00, 2.872e-09, 0.000e+00, 2.002e+00, 9.983e+02, 1.262e-12
1.105e+00, 5.000e-01, -1.500e-02, 1.101e+05, 0.000e+00, 8.389e-10, 0.000e+00, 2.000e+00, 9.983e+02, 3.685e-13
1.105e+00, 5.000e-01, -5.000e-03, 1.100e+05, 0.000e+00, 2.734e-10, 0.000e+00, 1.999e+00, 9.983e+02, 1.201e-13
1.115e+00, 5.000e-01, -1.195e+00, 1.202e+05, 0.000e+00, 1.002e-13, 0.000e+00, 2.184e+00, 9.983e+02, 2.000e-17
1.115e+00, 5.000e-01, -1.185e+00, 1.201e+05, 0.000e+00, 1.002e-13, 0.000e+00, 2.182e+00, 9.983e+02, 2.000e-17
1.115e+00, 5.000e-01, -1.175e+00, 1.200e+05, 0.000e+00, 1.002e-13, 0.000e+00, 2.181e+00, 9.983e+02, 2.000e-17
1.115e+00, 5.000e-01, -1.165e+00, 1.199e+05, 0.000e+00, 1.002e-13, 0.000e+00, 2.179e+00, 9.983e+02, 2.000e-17
1.115e+00, 5.000e-01, -1.155e+00, 1.198e+05, 0.000e+00, 1.002e-13, 0.000e+00, 2.177e+00, 9.983e+02, 2.000e-17
1.115e+00, 5.000e-01, -1.145e+00, 1.197e+05, 0.000e+00, 1.002e-13, 0.000e+00, 2.175e+00, 9.983e+02, 2.000e-17
1.115e+00, 5.000e-01, -1.135e+00, 1.196e+05, 0.000e+00, 1.002e-13, 0.000e+00, 2.173e+00, 9.983e+02, 2.000e-17
1.115e+00, 5.000e-01, -1.125e+00, 1.195e+05, 0.000e+00, 1.002e-13, 0.000e+00, 2.172e+00, 9.983e+02, 2.000e-17
1.115e+00, 5.000e-01, -1.115e+00, 1.194e+05, 0.000e+00, 1.151e-09, 0.000e+00, 2.170e+00, 9.983e+02, 4.939e-13
1.115e+00, 5.000e-01, -1.105e+00, 1.193e+05, 0.000e+00, 1.205e-03, 0.000e+00, 2.168e+00, 9.985e+02, 5.175e-07
1.115e+00, 5.000e-01, -1.095e+00, 1.192e+05, 0.000e+00, 1.144e-03, 0.000e+00, 2.167e+00, 9.985e+02, 4.912e-07
1.115e+00, 5.000e-01, -1.085e+00, 1.191e+05, 0.000e+00, 1.034e-03, 0.000e+00, 2.165e+00, 9.985e+02, 4.438e-07
1.115e+00, 5.000e-01, -1.075e+00, 1.190e+05, 0.000e+00, 8.983e-04, 0.000e+00, 2.163e+00, 9.984e+02, 3.857e-07
1.115e+00, 5.000e-01, -1.065e+00, 1.189e+05, 0.000e+00, 7.668e-04, 0.000e+00, 2.161e+00, 9.984e+02, 3.292e-07
1.115e+00, 5.000e-01, -1.055e+00, 1.188e+05, 0.000e+00, 6.769e-04, 0.000e+00, 2.159e+00, 9.984e+02, 2.906e-07
1.115e+00, 5.000e-01, -1.045e+00, 1.187e+05, 0.000e+00, 6.471e-04, 0.000e+00, 2.158e+00, 9.984e+02, 2.778e-07
1.115e+00, 5.000e-01, -1.035e+00, 1.186e+05, 0.000e+00, 6.495e-04, 0.000e+00, 2.156e+00, 9.984e+02, 2.788e-07
1.115e+00, 5.000e-01, -1.025e+00, 1.185e+05, 0.000e+00, 6.552e-04, 0.000e+00, 2.154e+00, 9.984e+02, 2.813e-07
1.115e+00, 5.000e-01, -1.015e+00, 1.185e+05, 0.000e+00, 6.554e-04, 0.000e+00, 2.152e+00, 9.984e+02, 2.814e-07
1.115e+00, 5.000e-01, -1.005e+00, 1.184e+05, 0.000e+00, 6.518e-04, 0.000e+00, 2.150e+00, 9.984e+02, 2.798e-07
1.115e+00, 5.000e-01, -9.950e-01, 1.183e+05, 0.000e+00, 6.495e-04, 0.000e+00, 2.149e+00, 9.984e+02, 2.789e-07
1.115e+00, 5.000e-01, -9.850e-01, 1.182e+05, 0.000e+00, 6.540e-04, 0.000e+00, 2.147e+00, 9.984e+02, 2.808e-07
1.115e+00, 5.000e-01, -9.750e-01, 1.181e+05, 0.000e+00, 6.683e-04, 0.000e+00, 2.145e+00, 9.984e+02, 2.869e-07
1.115e+00, 5.000e-01, -9.650e-01, 1.180e+05, 0.000e+00, 6.897e-04, 0.000e+00, 2.143e+00, 9.984e+02, 2.961e-07
1.115e+00, 5.000e-01, -9.550e-01, 1.179e+05, 0.000e+00, 7.105e-04, 0.000e+00, 2.141e+00, 9.984e+02, 3.050e-07
1.115e+00, 5.000e-01, -9.450e-01, 1.178e+05, 0.000e+00, 7.235e-04, 0.000e+00, 2.140e+00, 9.984e+02, 3.106e-07
1.115e+00, 5.000e-01, -9.350e-01, 1.177e+05, 0.000e+00, 7.252e-04, 0.000e+00, 2.138e+00, 9.984e+02, 3.113e-07
1.115e+00, 5.000e-01, -9.250e-01, 1.176e+05, 0.000e+00, 7.164e-04, 0.000e+00, 2.136e+00, 9.984e+02, 3.076e-07
1.115e+00, 5.000e-01, -9.150e-01, 1.175e+05, 0.000e+00, 7.014e-04, 0.000e+00, 2.134e+00, 9.984e+02, 3.011e-07
1.115e+00, 5.000e-01, -9.050e-01, 1.174e+05, 0.000e+00, 6.865e-04, 0.000e+00, 2.132e+00, 9.984e+02, 2.947e-07
1.115e+00, 5.000e-01, -8.950e-01, 1.173e+05, 0.000e+00, 6.788e-04, 0.000e+00, 2.131e+00, 9.984e+02, 2.914e-07
1.115e+00, 5.000e-01, -8.850e-01, 1.172e+05, 0.000e+00, 6.823e-04, 0.000e+00, 2.129e+00, 9.984e+02, 2.929e-07
1.115e+00, 5.000e-01, -8.750e-01, 1.171e+05, 0.000e+00, 6.933e-04, 0.000e+00, 2.127e+00, 9.984e+02, 2.976e-07
1.115e+00, 5.000e-01, -8.650e-01, 1.170e+05, 0.000e+00, 7.055e-04, 0.000e+00, 2.125e+00, 9.984e+02, 3.029e-07
1.115e+00, 5.000e-01, -8.550e-01, 1.169e+05, 0.000e+00, 7.152e-04, 0.000e+00, 2.124e+00, 9.984e+02, 3.070e-07
1.115e+00, 5.000e-01, -8.450e-01, 1.168e+05, 0.000e+00, 7.222e-04, 0.000e+00, 2.122e+00, 9.984e+02, 3.101e-07
1.115e+00, 5.000e-01, -8.350e-01, 1.167e+05, 0.000e+00, 7.277e-04, 0.000e+00, 2.120e+00, 9.984e+02, 3.124e-07
1.115e+00, 5.000e-01, -8.250e-01, 1.166e+05, 0.000e+00, 7.315e-04, 0.000e+00, 2.118e+00, 9.984e+02, 3.140e-07
1.115e+00, 5.000e-01, -8.150e-01, 1.165e+05, 0.000e+00, 7.307e-04, 0.000e+00, 2.116e+00, 9.984e+02, 3.137e-07
1.115e+00, 5.000e-01, -8.050e-01, 1.164e+05, 0.000e+00, 7.208e-04, 0.000e+00, 2.115e+00, 9.984e+02, 3.095e-07
1.115e+00, 5.000e-01, -7.950e-01, 1.163e+05, 0.000e+00, 6.990e-04, 0.000e+00, 2.113e+00, 9.984e+02, 3.001e-07
1.115e+00, 5.000e-01, -7.850e-01, 1.162e+05, 0.000e+00, 6.734e-04, 0.000e+00, 2.111e+00, 9.984e+02, 2.891e-07
1.115e+00, 5.000e-01, -7.750e-01, 1.161e+05, 0.000e+00, 6.550e-04, 0.000e+00, 2.109e+00, 9.984e+02, 2.812e-07
1.115e+00, 5.000e-01, -7.650e-01, 1.160e+05, 0.000e+00, 6.457e-04, 0.000e+00, 2.107e+00, 9.984e+02, 2.772e-07
1.115e+00, 5.000e-01, -7.550e-01, 1.159e+05, 0.000e+00, 6.385e-04, 0.000e+00, 2.106e+00, 9.984e+02, 2.741e-07
1.115e+00, 5.000e-01, -7.450e-01, 1.158e+05, 0.000e+00, 6.484e-04, 0.000e+00, 2.104e+00, 9.984e+02, 2.784e-07
1.115e+00, 5.000e-01, -7.350e-01, 1.157e+05, 6.744e-07, 7.772e-04, 0.000e+00, 2.102e+00, 9.984e+02, 3.337e-07
1.115e+00, 5.000e-01, -7.250e-01, 1.156e+05, 4.716e-01, 1.895e-03, 0.000e+00, 2.100e+00, 9.986e+02, 8.558e-07
1.115e+00, 5.000e-01, -7.150e-01, 1.170e+05, 0.000e+00, 6.285e-04, 0.000e+00, 2.126e+00, 9.984e+02, 2.746e-07
1.115e+00, 5.000e-01, -7.050e-01, 1.169e+05, 0.000e+00, 4.352e-04, 0.000e+00, 2.124e+00, 9.983e+02, 1.912e-07
1.115e+00, 5.000e-01, -6.950e-01, 1.168e+05, 0.000e+00, 3.038e-04, 0.000e+00, 2.122e+00, 9.983e+02, 1.335e-07
1.115e+00, 5.000e-01, -6.850e-01, 1.167e+05, 0.000e+00, 1.996e-04, 0.000e+00, 2.120e+00, 9.983e+02, 8.767e-08
1.115e+00, 5.000e-01, -6.750e-01, 1.166e+05, 0.000e+00, 1.222e-04, 0.000e+00, 2.119e+00, 9.983e+02, 5.368e-08
1.115e+00, 5.000e-01, -6.650e-01, 1.165e+05, 0.000e+00, 6.983e-05, 0.000e+00, 2.117e+00, 9.983e+02, 3.067e-08
1.115e+00, 5.000e-01, -6.550e-01, 1.164e+05, 0.000e+00, 3.779e-05, 0.000e+00, 2.115e+00, 9.983e+02, 1.660e-08
1.115e+00, 5.000e-01, -6.450e-01, 1.163e+05, 0.000e+00, 2.101e-05, 0.000e+00, 2.113e+00, 9.983e+02, 9.229e-09
1.115e+00, 5.000e-01, -6.350e-01, 1.162e+05, 0.000e+00, 1.628e-05, 0.000e+00, 2.111e+00, 9.983e+02, 7.153e-09
1.115e+00, 5.000e-01, -6.250e-01, 1.161e+05, 0.000e+00, 2.399e-05, 0.000e+00, 2.110e+00, 9.983e+02, 1.054e-08
1.115e+00, 5.000e-01, -6.150e-01, 1.160e+05, 0.000e+00, 4.916e-05, 0.000e+00, 2.108e+00, 9.983e+02, 2.159e-08
1.115e+00, 5.000e-01, -6.050e-01, 1.159e+05, 0.000e+00, 1.007e-04, 0.000e+00, 2.106e+00, 9.983e+02, 4.422e-08
1.115e+00, 5.000e-01, -5.950e-01, 1.158e+05, 0.000e+00, 1.867e-04, 0.000e+00, 2.104e+00, 9.983e+02, 8.200e-08
1.115e+00, 5.000e-01, -5.850e-01, 1.157e+05, 0.000e+00, 3.053e-04, 0.000e+00, 2.102e+00, 9.983e+02, 1.341e-07
1.115e+00, 5.000e-01, -5.750e-01, 1.156e+05, 0.000e+00, 4.360e-04, 0.000e+00, 2.101e+00, 9.983e+02, 1.915e-07
1.115e+00, 5.000e-01, -5.650e-01, 1.141e+05, 0.000e+00, 5.423e-04, 0.000e+00, 2.072e+00, 9.984e+02, 2.430e-07
1.115e+00, 5.000e-01, -5.550e-01, 1.140e+05, 0.000e+00, 5.368e-04, 0.000e+00, 2.070e+00, 9.984e+02, 2.412e-07
1.115e+00, 5.000e-01, -5.450e-01, 1.139e+05, 0.000e+00, 5.003e-04, 0.000e+00, 2.068e+00, 9.984e+02, 2.207e-07
1.115e+00, 5.000e-01, -5.350e-01, 1.137e+05, 0.000e+00, 4.786e-04, 0.000e+00, 2.066e+00, 9.983e+02, 2.055e-07
1.115e+00, 5.000e-01, -5.250e-01, 1.137e+05, 0.000e+00, 4.665e-04, 0.000e+00, 2.064e+00, 9.983e+02, 2.003e-07
1.115e+00, 5.000e-01, -5.150e-01, 1.136e+05, 0.000e+00, 4.670e-04, 0.000e+00, 2.063e+00, 9.983e+02, 2.005e-07
1.115e+00, 5.000e-01, -5.050e-01, 1.135e+05, 0.000e+00, 4.706e-04, 0.000e+00, 2.061e+00, 9.983e+02, 2.020e-07
1.115e+00, 5.000e-01, -4.950e-01, 1.134e+05, 0.000e+00, 4.760e-04, 0.000e+00, 2.059e+00, 9.983e+02, 2.043e-07
1.115e+00, 5.000e-01, -4.850e-01, 1.133e+05, 0.000e+00, 4.812e-04, 0.000e+00, 2.057e+00, 9.983e+02, 2.066e-07
1.115e+00, 5.000e-01, -4.750e-01, 1.132e+05, 0.000e+00, 4.823e-04, 0.000e+00, 2.056e+00, 9.983e+02, 2.070e-07
1.115e+00, 5.000e-01, -4.650e-01, 1.131e+05, 0.000e+00, 4.824e-04, 0.000e+00, 2.054e+00, 9.983e+02, 2.071e-07
1.115e+00, 5.000e-01, -4.550e-01, 1.130e+05, 0.000e+00, 4.797e-04, 0.000e+00, 2.052e+00, 9.983e+02, 2.059e-07
1.115e+00, 5.000e-01, -4.450e-01, 1.129e+05, 0.000e+00, 4.697e-04, 0.000e+00, 2.050e+00, 9.983e+02, 2.067e-07
1.115e+00, 5.000e-01, -4.350e-01, 1.128e+05, 0.000e+00, 4.629e-04, 0.000e+00, 2.049e+00, 9.983e+02, 2.080e-07
1.115e+00, 5.000e-01, -4.250e-01, 1.127e+05, 0.000e+00, 4.549e-04, 0.000e+00, 2.047e+00, 9.983e+02, 2.043e-07
1.115e+00, 5.000e-01, -4.150e-01, 1.126e+05, 0.000e+00, 4.425e-04, 0.000e+00, 2.045e+00, 9.983e+02, 1.988e-07
1.115e+00, 5.000e-01, -4.050e-01, 1.125e+05, 0.000e+00, 4.238e-04, 0.000e+00, 2.043e+00, 9.983e+02, 1.904e-07
1.115e+00, 5.000e-01, -3.950e-01, 1.124e+05, 0.000e+00, 3.940e-04, 0.000e+00, 2.041e+00, 9.983e+02, 1.770e-07
1.115e+00, 5.000e-01, -3.850e-01, 1.123e+05, 0.000e+00, 3.460e-04, 0.000e+00, 2.040e+00, 9.983e+02, 1.554e-07
1.115e+00, 5.000e-01, -3.750e-01, 1.122e+05, 0.000e+00, 2.676e-04, 0.000e+00, 2.038e+00, 9.983e+02, 1.202e-07
1.115e+00, 5.000e-01, -3.650e-01, 1.121e+05, 0.000e+00, 2.056e-04, 0.000e+00, 2.036e+00, 9.983e+02, 9.236e-08
1.115e+00, 5.000e-01, -3.550e-01, 1.120e+05, 0.000e+00, 1.630e-04, 0.000e+00, 2.034e+00, 9.983e+02, 7.322e-08
1.115e+00, 5.000e-01, -3.450e-01, 1.120e+05, 0.000e+00, 1.511e-04, 0.000e+00, 2.034e+00, 9.983e+02, 6.711e-08
1.115e+00, 5.000e-01, -3.350e-01, 1.119e+05, 0.000e+00, 1.614e-04, 0.000e+00, 2.032e+00, 9.983e+02, 7.088e-08
1.115e+00, 5.000e-01, -3.250e-01, 1.118e+05, 0.000e+00, 1.849e-04, 0.000e+00, 2.030e+00, 9.983e+02, 8.124e-08
1.115e+00, 5.000e-01, -3.150e-01, 1.117e+05, 0.000e+00, 2.087e-04, 0.000e+00, 2.029e+00, 9.983e+02, 9.169e-08
1.115e+00, 5.000e-01, -3.050e-01, 1.116e+05, 0.000e+00, 2.278e-04, 0.000e+00, 2.027e+00, 9.983e+02, 1.001e-07
1.115e+00, 5.000e-01, -2.950e-01, 1.115e+05, 0.000e+00, 2.449e-04, 0.000e+00, 2.025e+00, 9.983e+02, 1.076e-07
1.115e+00, 5.000e-01, -2.850e-01, 1.114e+05, 0.000e+00, 2.606e-04, 0.000e+00, 2.023e+00, 9.983e+02, 1.145e-07
1.115e+00, 5.000e-01, -2.750e-01, 1.113e+05, 0.000e+00, 2.712e-04, 0.000e+00, 2.021e+00, 9.983e+02, 1.191e-07
1.115e+00, 5.000e-01, -2.650e-01, 1.112e+05, 0.000e+00, 2.773e-04, 0.000e+00, 2.020e+00, 9.983e+02, 1.218e-07
1.115e+00, 5.000e-01, -2.550e-01, 1.111e+05, 0.000e+00, 2.819e-04, 0.000e+00, 2.018e+00, 9.983e+02, 1.238e-07
1.115e+00, 5.000e-01, -2.450e-01, 1.110e+05, 0.000e+00, 2.899e-04, 0.000e+00, 2.016e+00, 9.983e+02, 1.271e-07
1.115e+00, 5.000e-01, -2.350e-01, 1.111e+05, 0.000e+00, 3.033e-04, 0.000e+00, 2.018e+00, 9.983e+02, 1.302e-07
1.115e+00, 5.000e-01, -2.250e-01, 1.110e+05, 0.000e+00, 3.206e-04, 0.000e+00, 2.016e+00, 9.983e+02, 1.376e-07
1.115e+00, 5.000e-01, -2.150e-01, 1.109e+05, 0.000e+00, 3.387e-04, 0.000e+00, 2.014e+00, 9.983e+02, 1.454e-07
1.115e+00, 5.000e-01, -2.050e-01, 1.108e+05, 0.000e+00, 3.511e-04, 0.000e+00, 2.012e+00, 9.983e+02, 1.507e-07
1.115e+00, 5.000e-01, -1.950e-01, 1.107e+05, 0.000e+00, 3.513e-04, 0.000e+00, 2.011e+00, 9.983e+02, 1.508e-07
1.115e+00, 5.000e-01, -1.850e-01, 1.106e+05, 0.000e+00, 3.406e-04, 0.000e+00, 2.009e+00, 9.983e+02, 1.462e-07
1.115e+00, 5.000e-01, -1.750e-01, 1.105e+05, 0.000e+00, 3.250e-04, 0.000e+00, 2.007e+00, 9.983e+02, 1.395e-07
1.115e+00, 5.000e-01, -1.650e-01, 1.104e+05, 0.000e+00, 2.982e-04, 0.000e+00, 2.005e+00, 9.983e+02, 1.289e-07
1.115e+00, 5.000e-01, -1.550e-01, 1.115e+05, 0.000e+00, 2.353e-04, 0.000e+00, 2.025e+00, 9.983e+02, 1.033e-07
1.115e+00, 5.000e-01, -1.450e-01, 1.114e+05, 0.000e+00, 1.593e-04, 0.000e+00, 2.024e+00, 9.983e+02, 6.996e-08
1.115e+00, 5.000e-01, -1.350e-01, 1.113e+05, 0.000e+00, 9.498e-05, 0.000e+00, 2.022e+00, 9.983e+02, 4.172e-08
1.115e+00, 5.000e-01, -1.250e-01, 1.112e+05, 0.000e+00, 5.095e-05, 0.000e+00, 2.020e+00, 9.983e+02, 2.238e-08
1.115e+00, 5.000e-01, -1.150e-01, 1.111e+05, 0.000e+00, 2.497e-05, 0.000e+00, 2.018e+00, 9.983e+02, 1.097e-08
1.115e+00, 5.000e-01, -1.050e-01, 1.110e+05, 0.000e+00, 1.133e-05, 0.000e+00, 2.017e+00, 9.983e+02, 4.974e-09
1.115e+00, 5.000e-01, -9.500e-02, 1.109e+05, 0.000e+00, 4.799e-06, 0.000e+00, 2.015e+00, 9.983e+02, 2.108e-09
1.115e+00, 5.000e-01, -8.500e-02, 1.108e+05, 0.000e+00, 1.914e-06, 0.000e+00, 2.013e+00, 9.983e+02, 8.406e-10
1.115e+00, 5.000e-01, -7.500e-02, 1.107e+05, 0.000e+00, 7.224e-07, 0.000e+00, 2.011e+00, 9.983e+02, 3.173e-10
1.115e+00, 5.000e-01, -6.500e-02, 1.106e+05, 0.000e+00, 2.590e-07, 0.000e+00, 2.009e+00, 9.983e+02, 1.138e-10
1.115e+00, 5.000e-01, -5.500e-02, 1.105e+05, 0.000e+00, 8.846e-08, 0.000e+00, 2.008e+00, 9.983e+02, 3.885e-11
1.115e+00, 5.000e-01, -4.500e-02, 1.104e+05, 0.000e+00, 2.881e-08, 0.000e+00, 2.006e+00, 9.983e+02, 1.266e-11
1.115e+00, 5.000e-01, -3.500e-02, 1.103e+05, 0.000e+00, 8.963e-09, 0.000e+00, 2.004e+00, 9.983e+02, 3.937e-12
1.115e+00, 5.000e-01, -2.500e-02, 1.102e+05, 0.000e+00, 2.669e-09, 0.000e+00, 2.002e+00, 9.983e+02, 1.173e-12
1.115e+00, 5.000e-01, -1.500e-02, 1.101e+05, 0.000e+00, 7.740e-10, 0.000e+00, 2.000e+00, 9.983e+02, 3.400e-13
1.115e+00, 5.000e-01, -5.000e-03, 1.100e+05, 0.000e+00, 2.506e-10, 0.000e+00, 1.999e+00, 9.983e+02, 1.101e-13
1.125e+00, 5.000e-01, -1.195e+00, 1.202e+05, 0.000e+00, 1.002e-13, 0.000e+00, 2.184e+00, 9.983e+02, 2.000e-17
1.125e+00, 5.000e-01, -1.185e+00, 1.201e+05, 0.000e+00, 1.002e-13, 0.000e+00, 2.182e+00, 9.983e+02, 2.000e-17
1.125e+00, 5.000e-01, -1.175e+00, 1.200e+05, 0.000e+00, 1.002e-13, 0.000e+00, 2.181e+00, 9.983e+02, 2.000e-17
1.125e+00, 5.000e-01, -1.165e+00, 1.199e+05, 0.000e+00, 1.002e-13, 0.000e+00, 2.179e+00, 9.983e+02, 2.000e-17
1.125e+00, 5.000e-01, -1.155e+00, 1.198e+05, 0.000e+00, 1.002e-13, 0.000e+00, 2.177e+00, 9.983e+02, 2.000e-17
1.125e+00, 5.000e-01, -1.145e+00, 1.197e+05, 0.000e+00, 1.002e-13, 0.000e+00, 2.175e+00, 9.983e+02, 2.000e-17
1.125e+00, 5.000e-01, -1.135e+00, 1.196e+05, 0.000e+00, 1.002e-13, 0.000e+00, 2.173e+00, 9.983e+02, 2.000e-17
1.125e+00, 5.000e-01, -1.125e+00, 1.195e+05, 0.000e+00, 1.002e-13, 0.000e+00, 2.172e+00, 9.983e+02, 2.000e-17
1.125e+00, 5.000e-01, -1.115e+00, 1.194e+05, 0.000e+00, 1.179e-09, 0.000e+00, 2.170e+00, 9.983e+02, 4.761e-13
1.125e+00, 5.000e-01, -1.105e+00, 1.193e+05, 0.000e+00, 1.234e-03, 0.000e+00, 2.168e+00, 9.985e+02, 4.989e-07
1.125e+00, 5.000e-01, -1.095e+00, 1.192e+05, 0.000e+00, 1.153e-03, 0.000e+00, 2.167e+00, 9.985e+02, 4.949e-07
1.125e+00, 5.000e-01, -1.085e+00, 1.191e+05, 0.000e+00, 1.044e-03, 0.000e+00, 2.165e+00, 9.985e+02, 4.483e-07
1.125e+00, 5.000e-01, -1.075e+00, 1.190e+05, 0.000e+00, 9.117e-04, 0.000e+00, 2.163e+00, 9.984e+02, 3.914e-07
1.125e+00, 5.000e-01, -1.065e+00, 1.189e+05, 0.000e+00, 7.810e-04, 0.000e+00, 2.161e+00, 9.984e+02, 3.353e-07
1.125e+00, 5.000e-01, -1.055e+00, 1.188e+05, 0.000e+00, 6.835e-04, 0.000e+00, 2.159e+00, 9.984e+02, 2.935e-07
1.125e+00, 5.000e-01, -1.045e+00, 1.187e+05, 0.000e+00, 6.417e-04, 0.000e+00, 2.158e+00, 9.984e+02, 2.755e-07
1.125e+00, 5.000e-01, -1.035e+00, 1.186e+05, 0.000e+00, 6.375e-04, 0.000e+00, 2.156e+00, 9.984e+02, 2.737e-07
1.125e+00, 5.000e-01, -1.025e+00, 1.185e+05, 0.000e+00, 6.421e-04, 0.000e+00, 2.154e+00, 9.984e+02, 2.757e-07
1.125e+00, 5.000e-01, -1.015e+00, 1.185e+05, 0.000e+00, 6.436e-04, 0.000e+00, 2.152e+00, 9.984e+02, 2.763e-07
1.125e+00, 5.000e-01, -1.005e+00, 1.184e+05, 0.000e+00, 6.414e-04, 0.000e+00, 2.150e+00, 9.984e+02, 2.754e-07
1.125e+00, 5.000e-01, -9.950e-01, 1.183e+05, 0.000e+00, 6.385e-04, 0.000e+00, 2.149e+00, 9.984e+02, 2.741e-07
1.125e+00, 5.000e-01, -9.850e-01, 1.182e+05, 0.000e+00, 6.383e-04, 0.000e+00, 2.147e+00, 9.984e+02, 2.740e-07
1.125e+00, 5.000e-01, -9.750e-01, 1.181e+05, 0.000e+00, 6.433e-04, 0.000e+00, 2.145e+00, 9.984e+02, 2.762e-07
1.125e+00, 5.000e-01, -9.650e-01, 1.180e+05, 0.000e+00, 6.534e-04, 0.000e+00, 2.143e+00, 9.984e+02, 2.805e-07
1.125e+00, 5.000e-01, -9.550e-01, 1.179e+05, 0.000e+00, 6.650e-04, 0.000e+00, 2.141e+00, 9.984e+02, 2.855e-07
1.125e+00, 5.000e-01, -9.450e-01, 1.178e+05, 0.000e+00, 6.732e-04, 0.000e+00, 2.140e+00, 9.984e+02, 2.890e-07
1.125e+00, 5.000e-01, -9.350e-01, 1.177e+05, 0.000e+00, 6.745e-04, 0.000e+00, 2.138e+00, 9.984e+02, 2.896e-07
1.125e+00, 5.000e-01, -9.250e-01, 1.176e+05, 0.000e+00, 6.690e-04, 0.000e+00, 2.136e+00, 9.984e+02, 2.872e-07
1.125e+00, 5.000e-01, -9.150e-01, 1.175e+05, 0.000e+00, 6.602e-04, 0.000e+00, 2.134e+00, 9.984e+02, 2.834e-07
1.125e+00, 5.000e-01, -9.050e-01, 1.174e+05, 0.000e+00, 6.553e-04, 0.000e+00, 2.132e+00, 9.984e+02, 2.813e-07
1.125e+00, 5.000e-01, -8.950e-01, 1.173e+05, 0.000e+00, 6.653e-04, 0.000e+00, 2.131e+00, 9.984e+02, 2.856e-07
1.125e+00, 5.000e-01, -8.850e-01, 1.172e+05, 0.000e+00, 6.903e-04, 0.000e+00, 2.129e+00, 9.984e+02, 2.964e-07
1.125e+00, 5.000e-01, -8.750e-01, 1.171e+05, 0.000e+00, 7.184e-04, 0.000e+00, 2.127e+00, 9.984e+02, 3.084e-07
1.125e+00, 5.000e-01, -8.650e-01, 1.170e+05, 0.000e+00, 7.398e-04, 0.000e+00, 2.125e+00, 9.984e+02, 3.176e-07
1.125e+00, 5.000e-01, -8.550e-01, 1.169e+05, 0.000e+00, 7.519e-04, 0.000e+00, 2.124e+00, 9.984e+02, 3.228e-07
1.125e+00, 5.000e-01, -8.450e-01, 1.168e+05, 0.000e+00, 7.565e-04, 0.000e+00, 2.122e+00, 9.984e+02, 3.248e-07
1.125e+00, 5.000e-01, -8.350e-01, 1.167e+05, 0.000e+00, 7.586e-04, 0.000e+00, 2.120e+00, 9.984e+02, 3.257e-07
1.125e+00, 5.000e-01, -8.250e-01, 1.166e+05, 0.000e+00, 7.634e-04, 0.000e+00, 2.118e+00, 9.984e+02, 3.278e-07
1.125e+00, 5.000e-01, -8.150e-01, 1.165e+05, 0.000e+00, 7.728e-04, 0.000e+00, 2.116e+00, 9.984e+02, 3.318e-07
1.125e+00, 5.000e-01, -8.050e-01, 1.164e+05, 0.000e+00, 7.825e-04, 0.000e+00, 2.115e+00, 9.984e+02, 3.359e-07
1.125e+00, 5.000e-01, -7.950e-01, 1.163e+05, 0.000e+00, 7.874e-04, 0.000e+00, 2.113e+00, 9.984e+02, 3.380e-07
1.125e+00, 5.000e-01, -7.850e-01, 1.162e+05, 0.000e+00, 7.867e-04, 0.000e+00, 2.111e+00, 9.984e+02, 3.378e-07
1.125e+00, 5.000e-01, -7.750e-01, 1.161e+05, 0.000e+00, 7.864e-04, 0.000e+00, 2.109e+00, 9.984e+02, 3.376e-07
1.125e+00, 5.000e-01, -7.650e-01, 1.160e+05, 0.000e+00, 7.907e-04, 0.000e+00, 2.107e+00, 9.984e+02, 3.394e-07
1.125e+00, 5.000e-01, -7.550e-01, 1.159e+05, 0.000e+00, 8.022e-04, 0.000e+00, 2.106e+00, 9.984e+02, 3.444e-07
1.125e+00, 5.000e-01, -7.450e-01, 1.158e+05, 0.000e+00, 8.348e-04, 0.000e+00, 2.104e+00, 9.984e+02, 3.584e-07
1.125e+00, 5.000e-01, -7.350e-01, 1.157e+05, 6.749e-07, 9.515e-04, 0.000e+00, 2.102e+00, 9.984e+02, 4.085e-07
1.125e+00, 5.000e-01, -7.250e-01, 1.156e+05, 4.718e-01, 1.895e-03, 0.000e+00, 2.100e+00, 9.986e+02, 8.558e-07
1.125e+00, 5.000e-01, -7.150e-01, 1.170e+05, 0.000e+00, 6.133e-04, 0.000e+00, 2.126e+00, 9.984e+02, 2.666e-07
1.125e+00, 5.000e-01, -7.050e-01, 1.169e+05, 0.000e+00, 4.253e-04, 0.000e+00, 2.124e+00, 9.983e+02, 1.868e-07
1.125e+00, 5.000e-01, -6.950e-01, 1.168e+05, 0.000e+00, 2.990e-04, 0.000e+00, 2.122e+00, 9.983e+02, 1.313e-07
1.125e+00, 5.000e-01, -6.850e-01, 1.167e+05, 0.000e+00, 1.974e-04, 0.000e+00, 2.120e+00, 9.983e+02, 8.669e-08
1.125e+00, 5.000e-01, -6.750e-01, 1.166e+05, 0.000e+00, 1.211e-04, 0.000e+00, 2.119e+00, 9.983e+02, 5.321e-08
1.125e+00, 5.000e-01, -6.650e-01, 1.165e+05, 0.000e+00, 6.927e-05, 0.000e+00, 2.117e+00, 9.983e+02, 3.043e-08
1.125e+00, 5.000e-01, -6.550e-01, 1.164e+05, 0.000e+00, 3.758e-05, 0.000e+00, 2.115e+00, 9.983e+02, 1.651e-08
1.125e+00, 5.000e-01, -6.450e-01, 1.163e+05, 0.000e+00, 2.126e-05, 0.000e+00, 2.113e+00, 9.983e+02, 9.340e-09
1.125e+00, 5.000e-01, -6.350e-01, 1.162e+05, 0.000e+00, 1.740e-05, 0.000e+00, 2.111e+00, 9.983e+02, 7.643e-09
1.125e+00, 5.000e-01, -6.250e-01, 1.161e+05, 0.000e+00, 2.679e-05, 0.000e+00, 2.110e+00, 9.983e+02, 1.177e-08
1.125e+00, 5.000e-01, -6.150e-01, 1.160e+05, 0.000e+00, 5.488e-05, 0.000e+00, 2.108e+00, 9.983e+02, 2.410e-08
1.125e+00, 5.000e-01, -6.050e-01, 1.159e+05, 0.000e+00, 1.106e-04, 0.000e+00, 2.106e+00, 9.983e+02, 4.857e-08
1.125e+00, 5.000e-01, -5.950e-01, 1.158e+05, 0.000e+00, 2.010e-04, 0.000e+00, 2.104e+00, 9.983e+02, 8.827e-08
1.125e+00, 5.000e-01, -5.850e-01, 1.157e+05, 0.000e+00, 3.221e-04, 0.000e+00, 2.102e+00, 9.983e+02, 1.415e-07
1.125e+00, 5.000e-01, -5.750e-01, 1.156e+05, 0.000e+00, 4.517e-04, 0.000e+00, 2.101e+00, 9.983e+02, 1.984e-07
1.125e+00, 5.000e-01, -5.650e-01, 1.141e+05, 0.000e+00, 5.550e-04, 0.000e+00, 2.072e+00, 9.984e+02, 2.488e-07
1.125e+00, 5.000e-01, -5.550e-01, 1.140e+05, 0.000e+00, 5.610e-04, 0.000e+00, 2.070e+00, 9.984e+02, 2.520e-07
1.125e+00, 5.000e-01, -5.450e-01, 1.139e+05, 0.000e+00, 5.272e-04, 0.000e+00, 2.068e+00, 9.984e+02, 2.329e-07
1.125e+00, 5.000e-01, -5.350e-01, 1.137e+05, 0.000e+00, 4.952e-04, 0.000e+00, 2.066e+00, 9.984e+02, 2.126e-07
1.125e+00, 5.000e-01, -5.250e-01, 1.137e+05, 0.000e+00, 4.663e-04, 0.000e+00, 2.064e+00, 9.983e+02, 2.002e-07
1.125e+00, 5.000e-01, -5.150e-01, 1.136e+05, 0.000e+00, 4.573e-04, 0.000e+00, 2.063e+00, 9.983e+02, 1.963e-07
1.125e+00, 5.000e-01, -5.050e-01, 1.135e+05, 0.000e+00, 4.591e-04, 0.000e+00, 2.061e+00, 9.983e+02, 1.971e-07
1.125e+00, 5.000e-01, -4.950e-01, 1.134e+05, 0.000e+00, 4.624e-04, 0.000e+00, 2.059e+00, 9.983e+02, 1.985e-07
1.125e+00, 5.000e-01, -4.850e-01, 1.133e+05, 0.000e+00, 4.648e-04, 0.000e+00, 2.057e+00, 9.983e+02, 1.996e-07
1.125e+00, 5.000e-01, -4.750e-01, 1.132e+05, 0.000e+00, 4.624e-04, 0.000e+00, 2.056e+00, 9.983e+02, 1.985e-07
1.125e+00, 5.000e-01, -4.650e-01, 1.131e+05, 0.000e+00, 4.577e-04, 0.000e+00, 2.054e+00, 9.983e+02, 1.965e-07
1.125e+00, 5.000e-01, -4.550e-01, 1.130e+05, 0.000e+00, 4.485e-04, 0.000e+00, 2.052e+00, 9.983e+02, 1.925e-07
1.125e+00, 5.000e-01, -4.450e-01, 1.129e+05, 0.000e+00, 4.312e-04, 0.000e+00, 2.050e+00, 9.983e+02, 1.892e-07
1.125e+00, 5.000e-01, -4.350e-01, 1.128e+05, 0.000e+00, 4.186e-04, 0.000e+00, 2.049e+00, 9.983e+02, 1.881e-07
1.125e+00, 5.000e-01, -4.250e-01, 1.127e+05, 0.000e+00, 4.101e-04, 0.000e+00, 2.047e+00, 9.983e+02, 1.842e-07
1.125e+00, 5.000e-01, -4.150e-01, 1.126e+05, 0.000e+00, 3.968e-04, 0.000e+00, 2.045e+00, 9.983e+02, 1.783e-07
1.125e+00, 5.000e-01, -4.050e-01, 1.125e+05, 0.000e+00, 3.743e-04, 0.000e+00, 2.043e+00, 9.983e+02, 1.682e-07
1.125e+00, 5.000e-01, -3.950e-01, 1.124e+05, 0.000e+00, 3.395e-04, 0.000e+00, 2.041e+00, 9.983e+02, 1.525e-07
1.125e+00, 5.000e-01, -3.850e-01, 1.123e+05, 0.000e+00, 2.896e-04, 0.000e+00, 2.040e+00, 9.983e+02, 1.301e-07
1.125e+00, 5.000e-01, -3.750e-01, 1.122e+05, 0.000e+00, 2.373e-04, 0.000e+00, 2.038e+00, 9.983e+02, 1.066e-07
1.125e+00, 5.000e-01, -3.650e-01, 1.121e+05, 0.000e+00, 1.895e-04, 0.000e+00, 2.036e+00, 9.983e+02, 8.512e-08
1.125e+00, 5.000e-01, -3.550e-01, 1.120e+05, 0.000e+00, 1.572e-04, 0.000e+00, 2.034e+00, 9.983e+02, 7.060e-08
1.125e+00, 5.000e-01, -3.450e-01, 1.120e+05, 0.000e+00, 1.683e-04, 0.000e+00, 2.034e+00, 9.983e+02, 7.462e-08
1.125e+00, 5.000e-01, -3.350e-01, 1.119e+05, 0.000e+00, 2.060e-04, 0.000e+00, 2.032e+00, 9.983e+02, 9.051e-08
1.125e+00, 5.000e-01, -3.250e-01, 1.118e+05, 0.000e+00, 2.504e-04, 0.000e+00, 2.030e+00, 9.983e+02, 1.100e-07
1.125e+00, 5.000e-01, -3.150e-01, 1.117e+05, 0.000e+00, 2.812e-04, 0.000e+00, 2.029e+00, 9.983e+02, 1.235e-07
1.125e+00, 5.000e-01, -3.050e-01, 1.116e+05, 0.000e+00, 2.961e-04, 0.000e+00, 2.027e+00, 9.983e+02, 1.301e-07
1.125e+00, 5.000e-01, -2.950e-01, 1.115e+05, 0.000e+00, 2.999e-04, 0.000e+00, 2.025e+00, 9.983e+02, 1.317e-07
1.125e+00, 5.000e-01, -2.850e-01, 1.114e+05, 0.000e+00, 2.974e-04, 0.000e+00, 2.023e+00, 9.983e+02, 1.306e-07
1.125e+00, 5.000e-01, -2.750e-01, 1.113e+05, 0.000e+00, 2.904e-04, 0.000e+00, 2.021e+00, 9.983e+02, 1.275e-07
1.125e+00, 5.000e-01, -2.650e-01, 1.112e+05, 0.000e+00, 2.803e-04, 0.000e+00, 2.020e+00, 9.983e+02, 1.231e-07
1.125e+00, 5.000e-01, -2.550e-01, 1.111e+05, 0.000e+00, 2.738e-04, 0.000e+00, 2.018e+00, 9.983e+02, 1.202e-07
1.125e+00, 5.000e-01, -2.450e-01, 1.110e+05, 0.000e+00, 2.809e-04, 0.000e+00, 2.016e+00, 9.983e+02, 1.227e-07
1.125e+00, 5.000e-01, -2.350e-01, 1.111e+05, 0.000e+00, 2.978e-04, 0.000e+00, 2.018e+00, 9.983e+02, 1.279e-07
1.125e+00, 5.000e-01, -2.250e-01, 1.110e+05, 0.000e+00, 3.085e-04, 0.000e+00, 2.016e+00, 9.983e+02, 1.324e-07
1.125e+00, 5.000e-01, -2.150e-01, 1.109e+05, 0.000e+00, 3.139e-04, 0.000e+00, 2.014e+00, 9.983e+02, 1.348e-07
1.125e+00, 5.000e-01, -2.050e-01, 1.108e+05, 0.000e+00, 3.134e-04, 0.000e+00, 2.012e+00, 9.983e+02, 1.345e-07
1.125e+00, 5.000e-01, -1.950e-01, 1.107e+05, 0.000e+00, 3.079e-04, 0.000e+00, 2.011e+00, 9.983e+02, 1.322e-07
1.125e+00, 5.000e-01, -1.850e-01, 1.106e+05, 0.000e+00, 3.020e-04, 0.000e+00, 2.009e+00, 9.983e+02, 1.297e-07
1.125e+00, 5.000e-01, -1.750e-01, 1.105e+05, 0.000e+00, 2.977e-04, 0.000e+00, 2.007e+00, 9.983e+02, 1.278e-07
1.125e+00, 5.000e-01, -1.650e-01, 1.104e+05, 0.000e+00, 2.836e-04, 0.000e+00, 2.005e+00, 9.983e+02, 1.229e-07
1.125e+00, 5.000e-01, -1.550e-01, 1.115e+05, 0.000e+00, 2.271e-04, 0.000e+00, 2.025e+00, 9.983e+02, 9.976e-08
1.125e+00, 5.000e-01, -1.450e-01, 1.114e+05, 0.000e+00, 1.552e-04, 0.000e+00, 2.024e+00, 9.983e+02, 6.816e-08
1.125e+00, 5.000e-01, -1.350e-01, 1.113e+05, 0.000e+00, 9.296e-05, 0.000e+00, 2.022e+00, 9.983e+02, 4.083e-08
1.125e+00, 5.000e-01, -1.250e-01, 1.112e+05, 0.000e+00, 4.991e-05, 0.000e+00, 2.020e+00, 9.983e+02, 2.192e-08
1.125e+00, 5.000e-01, -1.150e-01, 1.111e+05, 0.000e+00, 2.444e-05, 0.000e+00, 2.018e+00, 9.983e+02, 1.073e-08
1.125e+00, 5.000e-01, -1.050e-01, 1.110e+05, 0.000e+00, 1.105e-05, 0.000e+00, 2.017e+00, 9.983e+02, 4.855e-09
1.125e+00, 5.000e-01, -9.500e-02, 1.109e+05, 0.000e+00, 4.666e-06, 0.000e+00, 2.015e+00, 9.983e+02, 2.050e-09
1.125e+00, 5.000e-01, -8.500e-02, 1.108e+05, 0.000e+00, 1.853e-06, 0.000e+00, 2.013e+00, 9.983e+02, 8.140e-10
1.125e+00, 5.000e-01, -7.500e-02, 1.107e+05, 0.000e+00, 6.962e-07, 0.000e+00, 2.011e+00, 9.983e+02, 3.058e-10
1.125e+00, 5.000e-01, -6.500e-02, 1.106e+05, 0.000e+00, 2.483e-07, 0.000e+00, 2.009e+00, 9.983e+02, 1.091e-10
1.125e+00, 5.000e-01, -5.500e-02, 1.105e+05, 0.000e+00, 8.432e-08, 0.000e+00, 2.008e+00, 9.983e+02, 3.704e-11
1.125e+00, 5.000e-01, -4.500e-02, 1.104e+05, 0.000e+00, 2.730e-08, 0.000e+00, 2.006e+00, 9.983e+02, 1.199e-11
1.125e+00, 5.000e-01, -3.500e-02, 1.103e+05, 0.000e+00, 8.439e-09, 0.000e+00, 2.004e+00, 9.983e+02, 3.707e-12
1.125e+00, 5.000e-01, -2.500e-02, 1.102e+05, 0.000e+00, 2.497e-09, 0.000e+00, 2.002e+00, 9.983e+02, 1.097e-12
1.125e+00, 5.000e-01, -1.500e-02, 1.101e+05, 0.000e+00, 7.194e-10, 0.000e+00, 2.000e+00, 9.983e+02, 3.160e-13
1.125e+00, 5.000e-01, -5.000e-03, 1.100e+05, 0.000e+00, 2.315e-10, 0.000e+00, 1.999e+00, 9.983e+02, 1.017e-13
1.135e+00, 5.000e-01, -1.195e+00, 1.202e+05, 0.000e+00, 1.002e-13, 0.000e+00, 2.184e+00, 9.983e+02, 2.000e-17
1.135e+00, 5.000e-01, -1.185e+00, 1.201e+05, 0.000e+00, 1.002e-13, 0.000e+00, 2.182e+00, 9.983e+02, 2.000e-17
1.135e+00, 5.000e-01, -1.175e+00, 1.200e+05, 0.000e+00, 1.002e-13, 0.000e+00, 2.181e+00, 9.983e+02, 2.000e-17
1.135e+00, 5.000e-01, -1.165e+00, 1.199e+05, 0.000e+00, 1.002e-13, 0.000e+00, 2.179e+00, 9.983e+02, 2.000e-17
1.135e+00, 5.000e-01, -1.155e+00, 1.198e+05, 0.000e+00, 1.002e-13, 0.000e+00, 2.177e+00, 9.983e+02, 2.000e-17
1.135e+00, 5.000e-01, -1.145e+00, 1.197e+05, 0.000e+00, 1.002e-13, 0.000e+00, 2.175e+00, 9.983e+02, 2.000e-17
1.135e+00, 5.000e-01, -1.135e+00, 1.196e+05, 0.000e+00, 1.002e-13, 0.000e+00, 2.173e+00, 9.983e+02, 2.000e-17
1.135e+00, 5.000e-01, -1.125e+00, 1.195e+05, 0.000e+00, 1.002e-13, 0.000e+00, 2.172e+00, 9.983e+02, 2.000e-17
1.135e+00, 5.000e-01, -1.115e+00, 1.194e+05, 0.000e+00, 1.197e-09, 0.000e+00, 2.170e+00, 9.983e+02, 4.021e-13
1.135e+00, 5.000e-01, -1.105e+00, 1.193e+05, 0.000e+00, 1.253e-03, 0.000e+00, 2.168e+00, 9.985e+02, 4.212e-07
1.135e+00, 5.000e-01, -1.095e+00, 1.192e+05, 0.000e+00, 1.155e-03, 0.000e+00, 2.167e+00, 9.985e+02, 4.960e-07
1.135e+00, 5.000e-01, -1.085e+00, 1.191e+05, 0.000e+00, 1.054e-03, 0.000e+00, 2.165e+00, 9.985e+02, 4.526e-07
1.135e+00, 5.000e-01, -1.075e+00, 1.190e+05, 0.000e+00, 9.258e-04, 0.000e+00, 2.163e+00, 9.984e+02, 3.975e-07
1.135e+00, 5.000e-01, -1.065e+00, 1.189e+05, 0.000e+00, 7.968e-04, 0.000e+00, 2.161e+00, 9.984e+02, 3.421e-07
1.135e+00, 5.000e-01, -1.055e+00, 1.188e+05, 0.000e+00, 6.939e-04, 0.000e+00, 2.159e+00, 9.984e+02, 2.979e-07
1.135e+00, 5.000e-01, -1.045e+00, 1.187e+05, 0.000e+00, 6.402e-04, 0.000e+00, 2.158e+00, 9.984e+02, 2.748e-07
1.135e+00, 5.000e-01, -1.035e+00, 1.186e+05, 0.000e+00, 6.274e-04, 0.000e+00, 2.156e+00, 9.984e+02, 2.694e-07
1.135e+00, 5.000e-01, -1.025e+00, 1.185e+05, 0.000e+00, 6.292e-04, 0.000e+00, 2.154e+00, 9.984e+02, 2.701e-07
1.135e+00, 5.000e-01, -1.015e+00, 1.185e+05, 0.000e+00, 6.307e-04, 0.000e+00, 2.152e+00, 9.984e+02, 2.708e-07
1.135e+00, 5.000e-01, -1.005e+00, 1.184e+05, 0.000e+00, 6.290e-04, 0.000e+00, 2.150e+00, 9.984e+02, 2.701e-07
1.135e+00, 5.000e-01, -9.950e-01, 1.183e+05, 0.000e+00, 6.259e-04, 0.000e+00, 2.149e+00, 9.984e+02, 2.687e-07
1.135e+00, 5.000e-01, -9.850e-01, 1.182e+05, 0.000e+00, 6.234e-04, 0.000e+00, 2.147e+00, 9.984e+02, 2.676e-07
1.135e+00, 5.000e-01, -9.750e-01, 1.181e+05, 0.000e+00, 6.236e-04, 0.000e+00, 2.145e+00, 9.984e+02, 2.677e-07
1.135e+00, 5.000e-01, -9.650e-01, 1.180e+05, 0.000e+00, 6.268e-04, 0.000e+00, 2.143e+00, 9.984e+02, 2.691e-07
1.135e+00, 5.000e-01, -9.550e-01, 1.179e+05, 0.000e+00, 6.316e-04, 0.000e+00, 2.141e+00, 9.984e+02, 2.711e-07
1.135e+00, 5.000e-01, -9.450e-01, 1.178e+05, 0.000e+00, 6.352e-04, 0.000e+00, 2.140e+00, 9.984e+02, 2.727e-07
1.135e+00, 5.000e-01, -9.350e-01, 1.177e+05, 0.000e+00, 6.351e-04, 0.000e+00, 2.138e+00, 9.984e+02, 2.727e-07
1.135e+00, 5.000e-01, -9.250e-01, 1.176e+05, 0.000e+00, 6.309e-04, 0.000e+00, 2.136e+00, 9.984e+02, 2.708e-07
1.135e+00, 5.000e-01, -9.150e-01, 1.175e+05, 0.000e+00, 6.292e-04, 0.000e+00, 2.134e+00, 9.984e+02, 2.701e-07
1.135e+00, 5.000e-01, -9.050e-01, 1.174e+05, 0.000e+00, 6.420e-04, 0.000e+00, 2.132e+00, 9.984e+02, 2.756e-07
1.135e+00, 5.000e-01, -8.950e-01, 1.173e+05, 0.000e+00, 6.819e-04, 0.000e+00, 2.131e+00, 9.984e+02, 2.927e-07
1.135e+00, 5.000e-01, -8.850e-01, 1.172e+05, 0.000e+00, 7.346e-04, 0.000e+00, 2.129e+00, 9.984e+02, 3.154e-07
1.135e+00, 5.000e-01, -8.750e-01, 1.171e+05, 0.000e+00, 7.797e-04, 0.000e+00, 2.127e+00, 9.984e+02, 3.347e-07
1.135e+00, 5.000e-01, -8.650e-01, 1.170e+05, 0.000e+00, 8.101e-04, 0.000e+00, 2.125e+00, 9.984e+02, 3.478e-07
1.135e+00, 5.000e-01, -8.550e-01, 1.169e+05, 0.000e+00, 8.261e-04, 0.000e+00, 2.124e+00, 9.984e+02, 3.546e-07
1.135e+00, 5.000e-01, -8.450e-01, 1.168e+05, 0.000e+00, 8.318e-04, 0.000e+00, 2.122e+00, 9.984e+02, 3.571e-07
1.135e+00, 5.000e-01, -8.350e-01, 1.167e+05, 0.000e+00, 8.329e-04, 0.000e+00, 2.120e+00, 9.984e+02, 3.576e-07
1.135e+00, 5.000e-01, -8.250e-01, 1.166e+05, 0.000e+00, 8.342e-04, 0.000e+00, 2.118e+00, 9.984e+02, 3.581e-07
1.135e+00, 5.000e-01, -8.150e-01, 1.165e+05, 0.000e+00, 8.386e-04, 0.000e+00, 2.116e+00, 9.984e+02, 3.600e-07
1.135e+00, 5.000e-01, -8.050e-01, 1.164e+05, 0.000e+00, 8.469e-04, 0.000e+00, 2.115e+00, 9.984e+02, 3.636e-07
1.135e+00, 5.000e-01, -7.950e-01, 1.163e+05, 0.000e+00, 8.581e-04, 0.000e+00, 2.113e+00, 9.984e+02, 3.684e-07
1.135e+00, 5.000e-01, -7.850e-01, 1.162e+05, 0.000e+00, 8.708e-04, 0.000e+00, 2.111e+00, 9.984e+02, 3.739e-07
1.135e+00, 5.000e-01, -7.750e-01, 1.161e+05, 0.000e+00, 8.857e-04, 0.000e+00, 2.109e+00, 9.984e+02, 3.803e-07
1.135e+00, 5.000e-01, -7.650e-01, 1.160e+05, 0.000e+00, 9.049e-04, 0.000e+00, 2.107e+00, 9.984e+02, 3.885e-07
1.135e+00, 5.000e-01, -7.550e-01, 1.159e+05, 0.000e+00, 9.317e-04, 0.000e+00, 2.106e+00, 9.984e+02, 4.000e-07
1.135e+00, 5.000e-01, -7.450e-01, 1.158e+05, 0.000e+00, 9.739e-04, 0.000e+00, 2.104e+00, 9.984e+02, 4.181e-07
1.135e+00, 5.000e-01, -7.350e-01, 1.157e+05, 6.751e-07, 1.058e-03, 0.000e+00, 2.102e+00, 9.985e+02, 4.544e-07
1.135e+00, 5.000e-01, -7.250e-01, 1.156e+05, 4.719e-01, 1.895e-03, 0.000e+00, 2.100e+00, 9.986e+02, 8.558e-07
1.135e+00, 5.000e-01, -7.150e-01, 1.170e+05, 0.000e+00, 6.064e-04, 0.000e+00, 2.126e+00, 9.984e+02, 2.644e-07
1.135e+00, 5.000e-01, -7.050e-01, 1.169e+05, 0.000e+00, 4.188e-04, 0.000e+00, 2.124e+00, 9.983e+02, 1.840e-07
1.135e+00, 5.000e-01, -6.950e-01, 1.168e+05, 0.000e+00, 2.942e-04, 0.000e+00, 2.122e+00, 9.983e+02, 1.292e-07
1.135e+00, 5.000e-01, -6.850e-01, 1.167e+05, 0.000e+00, 1.943e-04, 0.000e+00, 2.120e+00, 9.983e+02, 8.533e-08
1.135e+00, 5.000e-01, -6.750e-01, 1.166e+05, 0.000e+00, 1.192e-04, 0.000e+00, 2.119e+00, 9.983e+02, 5.234e-08
1.135e+00, 5.000e-01, -6.650e-01, 1.165e+05, 0.000e+00, 6.804e-05, 0.000e+00, 2.117e+00, 9.983e+02, 2.989e-08
1.135e+00, 5.000e-01, -6.550e-01, 1.164e+05, 0.000e+00, 3.693e-05, 0.000e+00, 2.115e+00, 9.983e+02, 1.622e-08
1.135e+00, 5.000e-01, -6.450e-01, 1.163e+05, 0.000e+00, 2.122e-05, 0.000e+00, 2.113e+00, 9.983e+02, 9.319e-09
1.135e+00, 5.000e-01, -6.350e-01, 1.162e+05, 0.000e+00, 1.819e-05, 0.000e+00, 2.111e+00, 9.983e+02, 7.991e-09
1.135e+00, 5.000e-01, -6.250e-01, 1.161e+05, 0.000e+00, 2.896e-05, 0.000e+00, 2.110e+00, 9.983e+02, 1.272e-08
1.135e+00, 5.000e-01, -6.150e-01, 1.160e+05, 0.000e+00, 5.921e-05, 0.000e+00, 2.108e+00, 9.983e+02, 2.601e-08
1.135e+00, 5.000e-01, -6.050e-01, 1.159e+05, 0.000e+00, 1.177e-04, 0.000e+00, 2.106e+00, 9.983e+02, 5.170e-08
1.135e+00, 5.000e-01, -5.950e-01, 1.158e+05, 0.000e+00, 2.108e-04, 0.000e+00, 2.104e+00, 9.983e+02, 9.259e-08
1.135e+00, 5.000e-01, -5.850e-01, 1.157e+05, 0.000e+00, 3.333e-04, 0.000e+00, 2.102e+00, 9.983e+02, 1.464e-07
1.135e+00, 5.000e-01, -5.750e-01, 1.156e+05, 0.000e+00, 4.628e-04, 0.000e+00, 2.101e+00, 9.983e+02, 2.033e-07
1.135e+00, 5.000e-01, -5.650e-01, 1.141e+05, 0.000e+00, 5.656e-04, 0.000e+00, 2.072e+00, 9.984e+02, 2.536e-07
1.135e+00, 5.000e-01, -5.550e-01, 1.140e+05, 0.000e+00, 5.825e-04, 0.000e+00, 2.070e+00, 9.984e+02, 2.617e-07
1.135e+00, 5.000e-01, -5.450e-01, 1.139e+05, 0.000e+00, 5.555e-04, 0.000e+00, 2.068e+00, 9.984e+02, 2.458e-07
1.135e+00, 5.000e-01, -5.350e-01, 1.137e+05, 0.000e+00, 5.209e-04, 0.000e+00, 2.066e+00, 9.984e+02, 2.236e-07
1.135e+00, 5.000e-01, -5.250e-01, 1.137e+05, 0.000e+00, 4.790e-04, 0.000e+00, 2.064e+00, 9.983e+02, 2.056e-07
1.135e+00, 5.000e-01, -5.150e-01, 1.136e+05, 0.000e+00, 4.520e-04, 0.000e+00, 2.063e+00, 9.983e+02, 1.940e-07
1.135e+00, 5.000e-01, -5.050e-01, 1.135e+05, 0.000e+00, 4.446e-04, 0.000e+00, 2.061e+00, 9.983e+02, 1.909e-07
1.135e+00, 5.000e-01, -4.950e-01, 1.134e+05, 0.000e+00, 4.455e-04, 0.000e+00, 2.059e+00, 9.983e+02, 1.912e-07
1.135e+00, 5.000e-01, -4.850e-01, 1.133e+05, 0.000e+00, 4.459e-04, 0.000e+00, 2.057e+00, 9.983e+02, 1.914e-07
1.135e+00, 5.000e-01, -4.750e-01, 1.132e+05, 0.000e+00, 4.420e-04, 0.000e+00, 2.056e+00, 9.983e+02, 1.897e-07
1.135e+00, 5.000e-01, -4.650e-01, 1.131e+05, 0.000e+00, 4.348e-04, 0.000e+00, 2.054e+00, 9.983e+02, 1.867e-07
1.135e+00, 5.000e-01, -4.550e-01, 1.130e+05, 0.000e+00, 4.219e-04, 0.000e+00, 2.052e+00, 9.983e+02, 1.811e-07
1.135e+00, 5.000e-01, -4.450e-01, 1.129e+05, 0.000e+00, 3.994e-04, 0.000e+00, 2.050e+00, 9.983e+02, 1.748e-07
1.135e+00, 5.000e-01, -4.350e-01, 1.128e+05, 0.000e+00, 3.814e-04, 0.000e+00, 2.049e+00, 9.983e+02, 1.714e-07
1.135e+00, 5.000e-01, -4.250e-01, 1.127e+05, 0.000e+00, 3.691e-04, 0.000e+00, 2.047e+00, 9.983e+02, 1.658e-07
1.135e+00, 5.000e-01, -4.150e-01, 1.126e+05, 0.000e+00, 3.536e-04, 0.000e+00, 2.045e+00, 9.983e+02, 1.589e-07
1.135e+00, 5.000e-01, -4.050e-01, 1.125e+05, 0.000e+00, 3.312e-04, 0.000e+00, 2.043e+00, 9.983e+02, 1.488e-07
1.135e+00, 5.000e-01, -3.950e-01, 1.124e+05, 0.000e+00, 3.002e-04, 0.000e+00, 2.041e+00, 9.983e+02, 1.348e-07
1.135e+00, 5.000e-01, -3.850e-01, 1.123e+05, 0.000e+00, 2.622e-04, 0.000e+00, 2.040e+00, 9.983e+02, 1.178e-07
1.135e+00, 5.000e-01, -3.750e-01, 1.122e+05, 0.000e+00, 2.214e-04, 0.000e+00, 2.038e+00, 9.983e+02, 9.947e-08
1.135e+00, 5.000e-01, -3.650e-01, 1.121e+05, 0.000e+00, 1.806e-04, 0.000e+00, 2.036e+00, 9.983e+02, 8.111e-08
1.135e+00, 5.000e-01, -3.550e-01, 1.120e+05, 0.000e+00, 1.572e-04, 0.000e+00, 2.034e+00, 9.983e+02, 7.062e-08
1.135e+00, 5.000e-01, -3.450e-01, 1.120e+05, 0.000e+00, 2.057e-04, 0.000e+00, 2.034e+00, 9.983e+02, 9.105e-08
1.135e+00, 5.000e-01, -3.350e-01, 1.119e+05, 0.000e+00, 2.719e-04, 0.000e+00, 2.032e+00, 9.983e+02, 1.194e-07
1.135e+00, 5.000e-01, -3.250e-01, 1.118e+05, 0.000e+00, 3.082e-04, 0.000e+00, 2.030e+00, 9.983e+02, 1.354e-07
1.135e+00, 5.000e-01, -3.150e-01, 1.117e+05, 0.000e+00, 3.206e-04, 0.000e+00, 2.029e+00, 9.983e+02, 1.408e-07
1.135e+00, 5.000e-01, -3.050e-01, 1.116e+05, 0.000e+00, 3.171e-04, 0.000e+00, 2.027e+00, 9.983e+02, 1.393e-07
1.135e+00, 5.000e-01, -2.950e-01, 1.115e+05, 0.000e+00, 3.053e-04, 0.000e+00, 2.025e+00, 9.983e+02, 1.341e-07
1.135e+00, 5.000e-01, -2.850e-01, 1.114e+05, 0.000e+00, 2.867e-04, 0.000e+00, 2.023e+00, 9.983e+02, 1.260e-07
1.135e+00, 5.000e-01, -2.750e-01, 1.113e+05, 0.000e+00, 2.631e-04, 0.000e+00, 2.021e+00, 9.983e+02, 1.156e-07
1.135e+00, 5.000e-01, -2.650e-01, 1.112e+05, 0.000e+00, 2.391e-04, 0.000e+00, 2.020e+00, 9.983e+02, 1.050e-07
1.135e+00, 5.000e-01, -2.550e-01, 1.111e+05, 0.000e+00, 2.229e-04, 0.000e+00, 2.018e+00, 9.983e+02, 9.792e-08
1.135e+00, 5.000e-01, -2.450e-01, 1.110e+05, 0.000e+00, 2.306e-04, 0.000e+00, 2.016e+00, 9.983e+02, 1.004e-07
1.135e+00, 5.000e-01, -2.350e-01, 1.111e+05, 0.000e+00, 2.500e-04, 0.000e+00, 2.018e+00, 9.983e+02, 1.073e-07
1.135e+00, 5.000e-01, -2.250e-01, 1.110e+05, 0.000e+00, 2.599e-04, 0.000e+00, 2.016e+00, 9.983e+02, 1.116e-07
1.135e+00, 5.000e-01, -2.150e-01, 1.109e+05, 0.000e+00, 2.631e-04, 0.000e+00, 2.014e+00, 9.983e+02, 1.130e-07
1.135e+00, 5.000e-01, -2.050e-01, 1.108e+05, 0.000e+00, 2.624e-04, 0.000e+00, 2.012e+00, 9.983e+02, 1.127e-07
1.135e+00, 5.000e-01, -1.950e-01, 1.107e+05, 0.000e+00, 2.619e-04, 0.000e+00, 2.011e+00, 9.983e+02, 1.124e-07
1.135e+00, 5.000e-01, -1.850e-01, 1.106e+05, 0.000e+00, 2.659e-04, 0.000e+00, 2.009e+00, 9.983e+02, 1.141e-07
1.135e+00, 5.000e-01, -1.750e-01, 1.105e+05, 0.000e+00, 2.736e-04, 0.000e+00, 2.007e+00, 9.983e+02, 1.175e-07
1.135e+00, 5.000e-01, -1.650e-01, 1.116e+05, 0.000e+00, 2.698e-04, 0.000e+00, 2.027e+00, 9.983e+02, 1.173e-07
1.135e+00, 5.000e-01, -1.550e-01, 1.115e+05, 0.000e+00, 2.197e-04, 0.000e+00, 2.025e+00, 9.983e+02, 9.648e-08
1.135e+00, 5.000e-01, -1.450e-01, 1.114e+05, 0.000e+00, 1.516e-04, 0.000e+00, 2.024e+00, 9.983e+02, 6.661e-08
1.135e+00, 5.000e-01, -1.350e-01, 1.113e+05, 0.000e+00, 9.134e-05, 0.000e+00, 2.022e+00, 9.983e+02, 4.012e-08
1.135e+00, 5.000e-01, -1.250e-01, 1.112e+05, 0.000e+00, 4.912e-05, 0.000e+00, 2.020e+00, 9.983e+02, 2.158e-08
1.135e+00, 5.000e-01, -1.150e-01, 1.111e+05, 0.000e+00, 2.402e-05, 0.000e+00, 2.018e+00, 9.983e+02, 1.055e-08
1.135e+00, 5.000e-01, -1.050e-01, 1.110e+05, 0.000e+00, 1.083e-05, 0.000e+00, 2.017e+00, 9.983e+02, 4.757e-09
1.135e+00, 5.000e-01, -9.500e-02, 1.109e+05, 0.000e+00, 4.553e-06, 0.000e+00, 2.015e+00, 9.983e+02, 2.000e-09
1.135e+00, 5.000e-01, -8.500e-02, 1.108e+05, 0.000e+00, 1.799e-06, 0.000e+00, 2.013e+00, 9.983e+02, 7.903e-10
1.135e+00, 5.000e-01, -7.500e-02, 1.107e+05, 0.000e+00, 6.722e-07, 0.000e+00, 2.011e+00, 9.983e+02, 2.953e-10
1.135e+00, 5.000e-01, -6.500e-02, 1.106e+05, 0.000e+00, 2.383e-07, 0.000e+00, 2.009e+00, 9.983e+02, 1.047e-10
1.135e+00, 5.000e-01, -5.500e-02, 1.105e+05, 0.000e+00, 8.042e-08, 0.000e+00, 2.008e+00, 9.983e+02, 3.532e-11
1.135e+00, 5.000e-01, -4.500e-02, 1.104e+05, 0.000e+00, 2.587e-08, 0.000e+00, 2.006e+00, 9.983e+02, 1.136e-11
1.135e+00, 5.000e-01, -3.500e-02, 1.103e+05, 0.000e+00, 7.944e-09, 0.000e+00, 2.004e+00, 9.983e+02, 3.489e-12
1.135e+00, 5.000e-01, -2.500e-02, 1.102e+05, 0.000e+00, 2.335e-09, 0.000e+00, 2.002e+00, 9.983e+02, 1.026e-12
1.135e+00, 5.000e-01, -1.500e-02, 1.101e+05, 0.000e+00, 6.682e-10, 0.000e+00, 2.000e+00, 9.983e+02, 2.935e-13
1.135e+00, 5.000e-01, -5.000e-03, 1.100e+05, 0.000e+00, 2.138e-10, 0.000e+00, 1.999e+00, 9.983e+02, 9.389e-14
1.145e+00, 5.000e-01, -1.195e+00, 1.202e+05, 0.000e+00, 1.002e-13, 0.000e+00, 2.184e+00, 9.983e+02, 2.000e-17
1.145e+00, 5.000e-01, -1.185e+00, 1.201e+05, 0.000e+00, 1.002e-13, 0.000e+00, 2.182e+00, 9.983e+02, 2.000e-17
1.145e+00, 5.000e-01, -1.175e+00, 1.200e+05, 0.000e+00, 1.002e-13, 0.000e+00, 2.181e+00, 9.983e+02, 2.000e-17
1.145e+00, 5.000e-01, -1.165e+00, 1.199e+05, 0.000e+00, 1.002e-13, 0.000e+00, 2.179e+00, 9.983e+02, 2.000e-17
1.145e+00, 5.000e-01, -1.155e+00, 1.198e+05, 0.000e+00, 1.002e-13, 0.000e+00, 2.177e+00, 9.983e+02, 2.000e-17
1.145e+00, 5.000e-01, -1.145e+00, 1.197e+05, 0.000e+00, 1.002e-13, 0.000e+00, 2.175e+00, 9.983e+02, 2.000e-17
1.145e+00, 5.000e-01, -1.135e+00, 1.196e+05, 0.000e+00, 1.002e-13, 0.000e+00, 2.173e+00, 9.983e+02, 2.000e-17
1.145e+00, 5.000e-01, -1.125e+00, 1.195e+05, 0.000e+00, 1.002e-13, 0.000e+00, 2.172e+00, 9.983e+02, 2.000e-17
1.145e+00, 5.000e-01, -1.115e+00, 1.194e+05, 0.000e+00, 1.002e-13, 0.000e+00, 2.170e+00, 9.983e+02, 2.000e-17
1.145e+00, 5.000e-01, -1.105e+00, 1.193e+05, 0.000e+00, 6.771e-09, 0.000e+00, 2.168e+00, 9.983e+02, 2.165e-12
1.145e+00, 5.000e-01, -1.095e+00, 1.192e+05, 0.000e+00, 1.149e-03, 0.000e+00, 2.167e+00, 9.985e+02, 4.932e-07
1.145e+00, 5.000e-01, -1.085e+00, 1.191e+05, 0.000e+00, 1.063e-03, 0.000e+00, 2.165e+00, 9.985e+02, 4.565e-07
1.145e+00, 5.000e-01, -1.075e+00, 1.190e+05, 0.000e+00, 9.398e-04, 0.000e+00, 2.163e+00, 9.984e+02, 4.035e-07
1.145e+00, 5.000e-01, -1.065e+00, 1.189e+05, 0.000e+00, 8.129e-04, 0.000e+00, 2.161e+00, 9.984e+02, 3.490e-07
1.145e+00, 5.000e-01, -1.055e+00, 1.188e+05, 0.000e+00, 7.071e-04, 0.000e+00, 2.159e+00, 9.984e+02, 3.036e-07
1.145e+00, 5.000e-01, -1.045e+00, 1.187e+05, 0.000e+00, 6.428e-04, 0.000e+00, 2.158e+00, 9.984e+02, 2.760e-07
1.145e+00, 5.000e-01, -1.035e+00, 1.186e+05, 0.000e+00, 6.204e-04, 0.000e+00, 2.156e+00, 9.984e+02, 2.663e-07
1.145e+00, 5.000e-01, -1.025e+00, 1.185e+05, 0.000e+00, 6.177e-04, 0.000e+00, 2.154e+00, 9.984e+02, 2.652e-07
1.145e+00, 5.000e-01, -1.015e+00, 1.185e+05, 0.000e+00, 6.180e-04, 0.000e+00, 2.152e+00, 9.984e+02, 2.653e-07
1.145e+00, 5.000e-01, -1.005e+00, 1.184e+05, 0.000e+00, 6.163e-04, 0.000e+00, 2.150e+00, 9.984e+02, 2.646e-07
1.145e+00, 5.000e-01, -9.950e-01, 1.183e+05, 0.000e+00, 6.127e-04, 0.000e+00, 2.149e+00, 9.984e+02, 2.630e-07
1.145e+00, 5.000e-01, -9.850e-01, 1.182e+05, 0.000e+00, 6.087e-04, 0.000e+00, 2.147e+00, 9.984e+02, 2.613e-07
1.145e+00, 5.000e-01, -9.750e-01, 1.181e+05, 0.000e+00, 6.057e-04, 0.000e+00, 2.145e+00, 9.984e+02, 2.600e-07
1.145e+00, 5.000e-01, -9.650e-01, 1.180e+05, 0.000e+00, 6.044e-04, 0.000e+00, 2.143e+00, 9.984e+02, 2.595e-07
1.145e+00, 5.000e-01, -9.550e-01, 1.179e+05, 0.000e+00, 6.043e-04, 0.000e+00, 2.141e+00, 9.984e+02, 2.594e-07
1.145e+00, 5.000e-01, -9.450e-01, 1.178e+05, 0.000e+00, 6.039e-04, 0.000e+00, 2.140e+00, 9.984e+02, 2.592e-07
1.145e+00, 5.000e-01, -9.350e-01, 1.177e+05, 0.000e+00, 6.016e-04, 0.000e+00, 2.138e+00, 9.984e+02, 2.583e-07
1.145e+00, 5.000e-01, -9.250e-01, 1.176e+05, 0.000e+00, 5.977e-04, 0.000e+00, 2.136e+00, 9.984e+02, 2.566e-07
1.145e+00, 5.000e-01, -9.150e-01, 1.175e+05, 0.000e+00, 6.051e-04, 0.000e+00, 2.134e+00, 9.984e+02, 2.598e-07
1.145e+00, 5.000e-01, -9.050e-01, 1.174e+05, 0.000e+00, 6.553e-04, 0.000e+00, 2.132e+00, 9.984e+02, 2.813e-07
1.145e+00, 5.000e-01, -8.950e-01, 1.173e+05, 0.000e+00, 7.391e-04, 0.000e+00, 2.131e+00, 9.984e+02, 3.173e-07
1.145e+00, 5.000e-01, -8.850e-01, 1.172e+05, 0.000e+00, 8.058e-04, 0.000e+00, 2.129e+00, 9.984e+02, 3.460e-07
1.145e+00, 5.000e-01, -8.750e-01, 1.171e+05, 0.000e+00, 8.378e-04, 0.000e+00, 2.127e+00, 9.984e+02, 3.597e-07
1.145e+00, 5.000e-01, -8.650e-01, 1.170e+05, 0.000e+00, 8.470e-04, 0.000e+00, 2.125e+00, 9.984e+02, 3.636e-07
1.145e+00, 5.000e-01, -8.550e-01, 1.169e+05, 0.000e+00, 8.459e-04, 0.000e+00, 2.124e+00, 9.984e+02, 3.632e-07
1.145e+00, 5.000e-01, -8.450e-01, 1.168e+05, 0.000e+00, 8.409e-04, 0.000e+00, 2.122e+00, 9.984e+02, 3.610e-07
1.145e+00, 5.000e-01, -8.350e-01, 1.167e+05, 0.000e+00, 8.349e-04, 0.000e+00, 2.120e+00, 9.984e+02, 3.584e-07
1.145e+00, 5.000e-01, -8.250e-01, 1.166e+05, 0.000e+00, 8.297e-04, 0.000e+00, 2.118e+00, 9.984e+02, 3.562e-07
1.145e+00, 5.000e-01, -8.150e-01, 1.165e+05, 0.000e+00, 8.264e-04, 0.000e+00, 2.116e+00, 9.984e+02, 3.548e-07
1.145e+00, 5.000e-01, -8.050e-01, 1.164e+05, 0.000e+00, 8.257e-04, 0.000e+00, 2.115e+00, 9.984e+02, 3.545e-07
1.145e+00, 5.000e-01, -7.950e-01, 1.163e+05, 0.000e+00, 8.268e-04, 0.000e+00, 2.113e+00, 9.984e+02, 3.550e-07
1.145e+00, 5.000e-01, -7.850e-01, 1.162e+05, 0.000e+00, 8.281e-04, 0.000e+00, 2.111e+00, 9.984e+02, 3.555e-07
1.145e+00, 5.000e-01, -7.750e-01, 1.161e+05, 0.000e+00, 8.268e-04, 0.000e+00, 2.109e+00, 9.984e+02, 3.550e-07
1.145e+00, 5.000e-01, -7.650e-01, 1.160e+05, 0.000e+00, 8.187e-04, 0.000e+00, 2.107e+00, 9.984e+02, 3.515e-07
1.145e+00, 5.000e-01, -7.550e-01, 1.159e+05, 0.000e+00, 7.967e-04, 0.000e+00, 2.106e+00, 9.984e+02, 3.420e-07
1.145e+00, 5.000e-01, -7.450e-01, 1.158e+05, 0.000e+00, 7.475e-04, 0.000e+00, 2.104e+00, 9.984e+02, 3.209e-07
1.145e+00, 5.000e-01, -7.350e-01, 1.157e+05, 6.750e-07, 7.845e-04, 0.000e+00, 2.102e+00, 9.984e+02, 3.368e-07
1.145e+00, 5.000e-01, -7.250e-01, 1.156e+05, 4.719e-01, 1.895e-03, 0.000e+00, 2.100e+00, 9.986e+02, 8.559e-07
1.145e+00, 5.000e-01, -7.150e-01, 1.170e+05, 0.000e+00, 6.163e-04, 0.000e+00, 2.126e+00, 9.984e+02, 2.701e-07
1.145e+00, 5.000e-01, -7.050e-01, 1.169e+05, 0.000e+00, 4.206e-04, 0.000e+00, 2.124e+00, 9.983e+02, 1.848e-07
1.145e+00, 5.000e-01, -6.950e-01, 1.168e+05, 0.000e+00, 2.927e-04, 0.000e+00, 2.122e+00, 9.983e+02, 1.286e-07
1.145e+00, 5.000e-01, -6.850e-01, 1.167e+05, 0.000e+00, 1.920e-04, 0.000e+00, 2.120e+00, 9.983e+02, 8.434e-08
1.145e+00, 5.000e-01, -6.750e-01, 1.166e+05, 0.000e+00, 1.172e-04, 0.000e+00, 2.119e+00, 9.983e+02, 5.147e-08
1.145e+00, 5.000e-01, -6.650e-01, 1.165e+05, 0.000e+00, 6.662e-05, 0.000e+00, 2.117e+00, 9.983e+02, 2.926e-08
1.145e+00, 5.000e-01, -6.550e-01, 1.164e+05, 0.000e+00, 3.610e-05, 0.000e+00, 2.115e+00, 9.983e+02, 1.586e-08
1.145e+00, 5.000e-01, -6.450e-01, 1.163e+05, 0.000e+00, 2.100e-05, 0.000e+00, 2.113e+00, 9.983e+02, 9.223e-09
1.145e+00, 5.000e-01, -6.350e-01, 1.162e+05, 0.000e+00, 1.873e-05, 0.000e+00, 2.111e+00, 9.983e+02, 8.228e-09
1.145e+00, 5.000e-01, -6.250e-01, 1.161e+05, 0.000e+00, 3.060e-05, 0.000e+00, 2.110e+00, 9.983e+02, 1.344e-08
1.145e+00, 5.000e-01, -6.150e-01, 1.160e+05, 0.000e+00, 6.242e-05, 0.000e+00, 2.108e+00, 9.983e+02, 2.742e-08
1.145e+00, 5.000e-01, -6.050e-01, 1.159e+05, 0.000e+00, 1.228e-04, 0.000e+00, 2.106e+00, 9.983e+02, 5.394e-08
1.145e+00, 5.000e-01, -5.950e-01, 1.158e+05, 0.000e+00, 2.175e-04, 0.000e+00, 2.104e+00, 9.983e+02, 9.555e-08
1.145e+00, 5.000e-01, -5.850e-01, 1.157e+05, 0.000e+00, 3.410e-04, 0.000e+00, 2.102e+00, 9.983e+02, 1.498e-07
1.145e+00, 5.000e-01, -5.750e-01, 1.156e+05, 0.000e+00, 4.707e-04, 0.000e+00, 2.101e+00, 9.983e+02, 2.068e-07
1.145e+00, 5.000e-01, -5.650e-01, 1.141e+05, 0.000e+00, 5.739e-04, 0.000e+00, 2.072e+00, 9.984e+02, 2.574e-07
1.145e+00, 5.000e-01, -5.550e-01, 1.140e+05, 0.000e+00, 5.990e-04, 0.000e+00, 2.070e+00, 9.984e+02, 2.691e-07
1.145e+00, 5.000e-01, -5.450e-01, 1.139e+05, 0.000e+00, 5.787e-04, 0.000e+00, 2.068e+00, 9.984e+02, 2.564e-07
1.145e+00, 5.000e-01, -5.350e-01, 1.137e+05, 0.000e+00, 5.460e-04, 0.000e+00, 2.066e+00, 9.984e+02, 2.344e-07
1.145e+00, 5.000e-01, -5.250e-01, 1.137e+05, 0.000e+00, 5.014e-04, 0.000e+00, 2.064e+00, 9.984e+02, 2.152e-07
1.145e+00, 5.000e-01, -5.150e-01, 1.136e+05, 0.000e+00, 4.636e-04, 0.000e+00, 2.063e+00, 9.983e+02, 1.990e-07
1.145e+00, 5.000e-01, -5.050e-01, 1.135e+05, 0.000e+00, 4.384e-04, 0.000e+00, 2.061e+00, 9.983e+02, 1.882e-07
1.145e+00, 5.000e-01, -4.950e-01, 1.134e+05, 0.000e+00, 4.312e-04, 0.000e+00, 2.059e+00, 9.983e+02, 1.851e-07
1.145e+00, 5.000e-01, -4.850e-01, 1.133e+05, 0.000e+00, 4.283e-04, 0.000e+00, 2.057e+00, 9.983e+02, 1.839e-07
1.145e+00, 5.000e-01, -4.750e-01, 1.132e+05, 0.000e+00, 4.226e-04, 0.000e+00, 2.056e+00, 9.983e+02, 1.814e-07
1.145e+00, 5.000e-01, -4.650e-01, 1.131e+05, 0.000e+00, 4.136e-04, 0.000e+00, 2.054e+00, 9.983e+02, 1.775e-07
1.145e+00, 5.000e-01, -4.550e-01, 1.130e+05, 0.000e+00, 3.997e-04, 0.000e+00, 2.052e+00, 9.983e+02, 1.716e-07
1.145e+00, 5.000e-01, -4.450e-01, 1.129e+05, 0.000e+00, 3.805e-04, 0.000e+00, 2.050e+00, 9.983e+02, 1.660e-07
1.145e+00, 5.000e-01, -4.350e-01, 1.128e+05, 0.000e+00, 3.611e-04, 0.000e+00, 2.049e+00, 9.983e+02, 1.622e-07
1.145e+00, 5.000e-01, -4.250e-01, 1.127e+05, 0.000e+00, 3.442e-04, 0.000e+00, 2.047e+00, 9.983e+02, 1.546e-07
1.145e+00, 5.000e-01, -4.150e-01, 1.126e+05, 0.000e+00, 3.263e-04, 0.000e+00, 2.045e+00, 9.983e+02, 1.466e-07
1.145e+00, 5.000e-01, -4.050e-01, 1.125e+05, 0.000e+00, 3.047e-04, 0.000e+00, 2.043e+00, 9.983e+02, 1.369e-07
1.145e+00, 5.000e-01, -3.950e-01, 1.124e+05, 0.000e+00, 2.782e-04, 0.000e+00, 2.041e+00, 9.983e+02, 1.250e-07
1.145e+00, 5.000e-01, -3.850e-01, 1.123e+05, 0.000e+00, 2.474e-04, 0.000e+00, 2.040e+00, 9.983e+02, 1.112e-07
1.145e+00, 5.000e-01, -3.750e-01, 1.122e+05, 0.000e+00, 2.126e-04, 0.000e+00, 2.038e+00, 9.983e+02, 9.550e-08
1.145e+00, 5.000e-01, -3.650e-01, 1.121e+05, 0.000e+00, 1.763e-04, 0.000e+00, 2.036e+00, 9.983e+02, 7.919e-08
1.145e+00, 5.000e-01, -3.550e-01, 1.120e+05, 0.000e+00, 1.574e-04, 0.000e+00, 2.034e+00, 9.983e+02, 7.069e-08
1.145e+00, 5.000e-01, -3.450e-01, 1.120e+05, 0.000e+00, 2.114e-04, 0.000e+00, 2.034e+00, 9.983e+02, 9.345e-08
1.145e+00, 5.000e-01, -3.350e-01, 1.119e+05, 0.000e+00, 2.703e-04, 0.000e+00, 2.032e+00, 9.983e+02, 1.187e-07
1.145e+00, 5.000e-01, -3.250e-01, 1.118e+05, 0.000e+00, 3.014e-04, 0.000e+00, 2.030e+00, 9.983e+02, 1.324e-07
1.145e+00, 5.000e-01, -3.150e-01, 1.117e+05, 0.000e+00, 3.091e-04, 0.000e+00, 2.029e+00, 9.983e+02, 1.358e-07
1.145e+00, 5.000e-01, -3.050e-01, 1.116e+05, 0.000e+00, 2.979e-04, 0.000e+00, 2.027e+00, 9.983e+02, 1.309e-07
1.145e+00, 5.000e-01, -2.950e-01, 1.115e+05, 0.000e+00, 2.747e-04, 0.000e+00, 2.025e+00, 9.983e+02, 1.206e-07
1.145e+00, 5.000e-01, -2.850e-01, 1.114e+05, 0.000e+00, 2.454e-04, 0.000e+00, 2.023e+00, 9.983e+02, 1.078e-07
1.145e+00, 5.000e-01, -2.750e-01, 1.113e+05, 0.000e+00, 2.142e-04, 0.000e+00, 2.021e+00, 9.983e+02, 9.408e-08
1.145e+00, 5.000e-01, -2.650e-01, 1.112e+05, 0.000e+00, 1.839e-04, 0.000e+00, 2.020e+00, 9.983e+02, 8.076e-08
1.145e+00, 5.000e-01, -2.550e-01, 1.111e+05, 0.000e+00, 1.649e-04, 0.000e+00, 2.018e+00, 9.983e+02, 7.244e-08
1.145e+00, 5.000e-01, -2.450e-01, 1.112e+05, 0.000e+00, 1.694e-04, 0.000e+00, 2.020e+00, 9.983e+02, 7.353e-08
1.145e+00, 5.000e-01, -2.350e-01, 1.111e+05, 0.000e+00, 1.843e-04, 0.000e+00, 2.018e+00, 9.983e+02, 7.913e-08
1.145e+00, 5.000e-01, -2.250e-01, 1.110e+05, 0.000e+00, 1.957e-04, 0.000e+00, 2.016e+00, 9.983e+02, 8.402e-08
1.145e+00, 5.000e-01, -2.150e-01, 1.109e+05, 0.000e+00, 2.035e-04, 0.000e+00, 2.014e+00, 9.983e+02, 8.734e-08
1.145e+00, 5.000e-01, -2.050e-01, 1.108e+05, 0.000e+00, 2.100e-04, 0.000e+00, 2.012e+00, 9.983e+02, 9.014e-08
1.145e+00, 5.000e-01, -1.950e-01, 1.107e+05, 0.000e+00, 2.189e-04, 0.000e+00, 2.011e+00, 9.983e+02, 9.397e-08
1.145e+00, 5.000e-01, -1.850e-01, 1.106e+05, 0.000e+00, 2.340e-04, 0.000e+00, 2.009e+00, 9.983e+02, 1.004e-07
1.145e+00, 5.000e-01, -1.750e-01, 1.105e+05, 0.000e+00, 2.532e-04, 0.000e+00, 2.007e+00, 9.983e+02, 1.087e-07
1.145e+00, 5.000e-01, -1.650e-01, 1.116e+05, 0.000e+00, 2.575e-04, 0.000e+00, 2.027e+00, 9.983e+02, 1.123e-07
1.145e+00, 5.000e-01, -1.550e-01, 1.115e+05, 0.000e+00, 2.133e-04, 0.000e+00, 2.025e+00, 9.983e+02, 9.368e-08
1.145e+00, 5.000e-01, -1.450e-01, 1.114e+05, 0.000e+00, 1.489e-04, 0.000e+00, 2.024e+00, 9.983e+02, 6.540e-08
1.145e+00, 5.000e-01, -1.350e-01, 1.113e+05, 0.000e+00, 9.023e-05, 0.000e+00, 2.022e+00, 9.983e+02, 3.963e-08
1.145e+00, 5.000e-01, -1.250e-01, 1.112e+05, 0.000e+00, 4.862e-05, 0.000e+00, 2.020e+00, 9.983e+02, 2.135e-08
1.145e+00, 5.000e-01, -1.150e-01, 1.111e+05, 0.000e+00, 2.374e-05, 0.000e+00, 2.018e+00, 9.983e+02, 1.043e-08
1.145e+00, 5.000e-01, -1.050e-01, 1.110e+05, 0.000e+00, 1.067e-05, 0.000e+00, 2.017e+00, 9.983e+02, 4.686e-09
1.145e+00, 5.000e-01, -9.500e-02, 1.109e+05, 0.000e+00, 4.463e-06, 0.000e+00, 2.015e+00, 9.983e+02, 1.960e-09
1.145e+00, 5.000e-01, -8.500e-02, 1.108e+05, 0.000e+00, 1.753e-06, 0.000e+00, 2.013e+00, 9.983e+02, 7.700e-10
1.145e+00, 5.000e-01, -7.500e-02, 1.107e+05, 0.000e+00, 6.506e-07, 0.000e+00, 2.011e+00, 9.983e+02, 2.858e-10
1.145e+00, 5.000e-01, -6.500e-02, 1.106e+05, 0.000e+00, 2.290e-07, 0.000e+00, 2.009e+00, 9.983e+02, 1.006e-10
1.145e+00, 5.000e-01, -5.500e-02, 1.105e+05, 0.000e+00, 7.672e-08, 0.000e+00, 2.008e+00, 9.983e+02, 3.370e-11
1.145e+00, 5.000e-01, -4.500e-02, 1.104e+05, 0.000e+00, 2.450e-08, 0.000e+00, 2.006e+00, 9.983e+02, 1.076e-11
1.145e+00, 5.000e-01, -3.500e-02, 1.103e+05, 0.000e+00, 7.469e-09, 0.000e+00, 2.004e+00, 9.983e+02, 3.281e-12
1.145e+00, 5.000e-01, -2.500e-02, 1.102e+05, 0.000e+00, 2.180e-09, 0.000e+00, 2.002e+00, 9.983e+02, 9.576e-13
1.145e+00, 5.000e-01, -1.500e-02, 1.101e+05, 0.000e+00, 6.193e-10, 0.000e+00, 2.000e+00, 9.983e+02, 2.720e-13
1.145e+00, 5.000e-01, -5.000e-03, 1.100e+05, 0.000e+00, 1.968e-10, 0.000e+00, 1.999e+00, 9.983e+02, 8.646e-14
1.155e+00, 5.000e-01, -1.195e+00, 1.202e+05, 0.000e+00, 1.002e-13, 0.000e+00, 2.184e+00, 9.983e+02, 2.000e-17
1.155e+00, 5.000e-01, -1.185e+00, 1.201e+05, 0.000e+00, 1.002e-13, 0.000e+00, 2.182e+00, 9.983e+02, 2.000e-17
1.155e+00, 5.000e-01, -1.175e+00, 1.200e+05, 0.000e+00, 1.002e-13, 0.000e+00, 2.181e+00, 9.983e+02, 2.000e-17
1.155e+00, 5.000e-01, -1.165e+00, 1.199e+05, 0.000e+00, 1.002e-13, 0.000e+00, 2.179e+00, 9.983e+02, 2.000e-17
1.155e+00, 5.000e-01, -1.155e+00, 1.198e+05, 0.000e+00, 1.002e-13, 0.000e+00, 2.177e+00, 9.983e+02, 2.000e-17
1.155e+00, 5.000e-01, -1.145e+00, 1.197e+05, 0.000e+00, 1.002e-13, 0.000e+00, 2.175e+00, 9.983e+02, 2.000e-17
1.155e+00, 5.000e-01, -1.135e+00, 1.196e+05, 0.000e+00, 1.002e-13, 0.000e+00, 2.173e+00, 9.983e+02, 2.000e-17
1.155e+00, 5.000e-01, -1.125e+00, 1.195e+05, 0.000e+00, 1.002e-13, 0.000e+00, 2.172e+00, 9.983e+02, 2.000e-17
1.155e+00, 5.000e-01, -1.115e+00, 1.194e+05, 0.000e+00, 1.002e-13, 0.000e+00, 2.170e+00, 9.983e+02, 2.000e-17
1.155e+00, 5.000e-01, -1.105e+00, 1.193e+05, 0.000e+00, 2.189e-09, 0.000e+00, 2.168e+00, 9.983e+02, 9.379e-13
1.155e+00, 5.000e-01, -1.095e+00, 1.192e+05, 0.000e+00, 1.147e-03, 0.000e+00, 2.167e+00, 9.985e+02, 4.916e-07
1.155e+00, 5.000e-01, -1.085e+00, 1.191e+05, 0.000e+00, 1.072e-03, 0.000e+00, 2.165e+00, 9.985e+02, 4.602e-07
1.155e+00, 5.000e-01, -1.075e+00, 1.190e+05, 0.000e+00, 9.532e-04, 0.000e+00, 2.163e+00, 9.984e+02, 4.092e-07
1.155e+00, 5.000e-01, -1.065e+00, 1.189e+05, 0.000e+00, 8.286e-04, 0.000e+00, 2.161e+00, 9.984e+02, 3.558e-07
1.155e+00, 5.000e-01, -1.055e+00, 1.188e+05, 0.000e+00, 7.218e-04, 0.000e+00, 2.159e+00, 9.984e+02, 3.099e-07
1.155e+00, 5.000e-01, -1.045e+00, 1.187e+05, 0.000e+00, 6.493e-04, 0.000e+00, 2.158e+00, 9.984e+02, 2.788e-07
1.155e+00, 5.000e-01, -1.035e+00, 1.186e+05, 0.000e+00, 6.168e-04, 0.000e+00, 2.156e+00, 9.984e+02, 2.648e-07
1.155e+00, 5.000e-01, -1.025e+00, 1.185e+05, 0.000e+00, 6.083e-04, 0.000e+00, 2.154e+00, 9.984e+02, 2.611e-07
1.155e+00, 5.000e-01, -1.015e+00, 1.185e+05, 0.000e+00, 6.065e-04, 0.000e+00, 2.152e+00, 9.984e+02, 2.604e-07
1.155e+00, 5.000e-01, -1.005e+00, 1.184e+05, 0.000e+00, 6.041e-04, 0.000e+00, 2.150e+00, 9.984e+02, 2.593e-07
1.155e+00, 5.000e-01, -9.950e-01, 1.183e+05, 0.000e+00, 5.999e-04, 0.000e+00, 2.149e+00, 9.984e+02, 2.575e-07
1.155e+00, 5.000e-01, -9.850e-01, 1.182e+05, 0.000e+00, 5.948e-04, 0.000e+00, 2.147e+00, 9.984e+02, 2.553e-07
1.155e+00, 5.000e-01, -9.750e-01, 1.181e+05, 0.000e+00, 5.896e-04, 0.000e+00, 2.145e+00, 9.984e+02, 2.531e-07
1.155e+00, 5.000e-01, -9.650e-01, 1.180e+05, 0.000e+00, 5.851e-04, 0.000e+00, 2.143e+00, 9.984e+02, 2.512e-07
1.155e+00, 5.000e-01, -9.550e-01, 1.179e+05, 0.000e+00, 5.811e-04, 0.000e+00, 2.141e+00, 9.984e+02, 2.495e-07
1.155e+00, 5.000e-01, -9.450e-01, 1.178e+05, 0.000e+00, 5.771e-04, 0.000e+00, 2.140e+00, 9.984e+02, 2.477e-07
1.155e+00, 5.000e-01, -9.350e-01, 1.177e+05, 0.000e+00, 5.722e-04, 0.000e+00, 2.138e+00, 9.984e+02, 2.456e-07
1.155e+00, 5.000e-01, -9.250e-01, 1.176e+05, 0.000e+00, 5.664e-04, 0.000e+00, 2.136e+00, 9.984e+02, 2.432e-07
1.155e+00, 5.000e-01, -9.150e-01, 1.175e+05, 0.000e+00, 5.623e-04, 0.000e+00, 2.134e+00, 9.984e+02, 2.414e-07
1.155e+00, 5.000e-01, -9.050e-01, 1.174e+05, 0.000e+00, 5.687e-04, 0.000e+00, 2.132e+00, 9.984e+02, 2.441e-07
1.155e+00, 5.000e-01, -8.950e-01, 1.173e+05, 0.000e+00, 5.941e-04, 0.000e+00, 2.131e+00, 9.984e+02, 2.550e-07
1.155e+00, 5.000e-01, -8.850e-01, 1.172e+05, 0.000e+00, 6.285e-04, 0.000e+00, 2.129e+00, 9.984e+02, 2.698e-07
1.155e+00, 5.000e-01, -8.750e-01, 1.171e+05, 0.000e+00, 6.566e-04, 0.000e+00, 2.127e+00, 9.984e+02, 2.819e-07
1.155e+00, 5.000e-01, -8.650e-01, 1.170e+05, 0.000e+00, 6.762e-04, 0.000e+00, 2.125e+00, 9.984e+02, 2.903e-07
1.155e+00, 5.000e-01, -8.550e-01, 1.169e+05, 0.000e+00, 6.911e-04, 0.000e+00, 2.124e+00, 9.984e+02, 2.967e-07
1.155e+00, 5.000e-01, -8.450e-01, 1.168e+05, 0.000e+00, 7.038e-04, 0.000e+00, 2.122e+00, 9.984e+02, 3.021e-07
1.155e+00, 5.000e-01, -8.350e-01, 1.167e+05, 0.000e+00, 7.167e-04, 0.000e+00, 2.120e+00, 9.984e+02, 3.077e-07
1.155e+00, 5.000e-01, -8.250e-01, 1.166e+05, 0.000e+00, 7.293e-04, 0.000e+00, 2.118e+00, 9.984e+02, 3.131e-07
1.155e+00, 5.000e-01, -8.150e-01, 1.165e+05, 0.000e+00, 7.377e-04, 0.000e+00, 2.116e+00, 9.984e+02, 3.167e-07
1.155e+00, 5.000e-01, -8.050e-01, 1.164e+05, 0.000e+00, 7.402e-04, 0.000e+00, 2.115e+00, 9.984e+02, 3.178e-07
1.155e+00, 5.000e-01, -7.950e-01, 1.163e+05, 0.000e+00, 7.379e-04, 0.000e+00, 2.113e+00, 9.984e+02, 3.168e-07
1.155e+00, 5.000e-01, -7.850e-01, 1.162e+05, 0.000e+00, 7.305e-04, 0.000e+00, 2.111e+00, 9.984e+02, 3.136e-07
1.155e+00, 5.000e-01, -7.750e-01, 1.161e+05, 0.000e+00, 7.145e-04, 0.000e+00, 2.109e+00, 9.984e+02, 3.067e-07
1.155e+00, 5.000e-01, -7.650e-01, 1.160e+05, 0.000e+00, 6.812e-04, 0.000e+00, 2.107e+00, 9.984e+02, 2.924e-07
1.155e+00, 5.000e-01, -7.550e-01, 1.159e+05, 0.000e+00, 6.026e-04, 0.000e+00, 2.106e+00, 9.984e+02, 2.587e-07
1.155e+00, 5.000e-01, -7.450e-01, 1.158e+05, 0.000e+00, 5.813e-04, 0.000e+00, 2.104e+00, 9.984e+02, 2.496e-07
1.155e+00, 5.000e-01, -7.350e-01, 1.157e+05, 6.749e-07, 6.791e-04, 0.000e+00, 2.102e+00, 9.984e+02, 2.915e-07
1.155e+00, 5.000e-01, -7.250e-01, 1.156e+05, 4.718e-01, 1.895e-03, 0.000e+00, 2.100e+00, 9.986e+02, 8.585e-07
1.155e+00, 5.000e-01, -7.150e-01, 1.170e+05, 0.000e+00, 6.288e-04, 0.000e+00, 2.126e+00, 9.984e+02, 2.762e-07
1.155e+00, 5.000e-01, -7.050e-01, 1.169e+05, 0.000e+00, 4.262e-04, 0.000e+00, 2.124e+00, 9.983e+02, 1.872e-07
1.155e+00, 5.000e-01, -6.950e-01, 1.168e+05, 0.000e+00, 2.939e-04, 0.000e+00, 2.122e+00, 9.983e+02, 1.291e-07
1.155e+00, 5.000e-01, -6.850e-01, 1.167e+05, 0.000e+00, 1.913e-04, 0.000e+00, 2.120e+00, 9.983e+02, 8.402e-08
1.155e+00, 5.000e-01, -6.750e-01, 1.166e+05, 0.000e+00, 1.159e-04, 0.000e+00, 2.119e+00, 9.983e+02, 5.092e-08
1.155e+00, 5.000e-01, -6.650e-01, 1.165e+05, 0.000e+00, 6.551e-05, 0.000e+00, 2.117e+00, 9.983e+02, 2.878e-08
1.155e+00, 5.000e-01, -6.550e-01, 1.164e+05, 0.000e+00, 3.540e-05, 0.000e+00, 2.115e+00, 9.983e+02, 1.555e-08
1.155e+00, 5.000e-01, -6.450e-01, 1.163e+05, 0.000e+00, 2.079e-05, 0.000e+00, 2.113e+00, 9.983e+02, 9.132e-09
1.155e+00, 5.000e-01, -6.350e-01, 1.162e+05, 0.000e+00, 1.916e-05, 0.000e+00, 2.111e+00, 9.983e+02, 8.415e-09
1.155e+00, 5.000e-01, -6.250e-01, 1.161e+05, 0.000e+00, 3.191e-05, 0.000e+00, 2.110e+00, 9.983e+02, 1.402e-08
1.155e+00, 5.000e-01, -6.150e-01, 1.160e+05, 0.000e+00, 6.493e-05, 0.000e+00, 2.108e+00, 9.983e+02, 2.852e-08
1.155e+00, 5.000e-01, -6.050e-01, 1.159e+05, 0.000e+00, 1.267e-04, 0.000e+00, 2.106e+00, 9.983e+02, 5.565e-08
1.155e+00, 5.000e-01, -5.950e-01, 1.158e+05, 0.000e+00, 2.226e-04, 0.000e+00, 2.104e+00, 9.983e+02, 9.780e-08
1.155e+00, 5.000e-01, -5.850e-01, 1.157e+05, 0.000e+00, 3.469e-04, 0.000e+00, 2.102e+00, 9.983e+02, 1.524e-07
1.155e+00, 5.000e-01, -5.750e-01, 1.156e+05, 0.000e+00, 4.771e-04, 0.000e+00, 2.101e+00, 9.983e+02, 2.096e-07
1.155e+00, 5.000e-01, -5.650e-01, 1.141e+05, 0.000e+00, 5.809e-04, 0.000e+00, 2.072e+00, 9.984e+02, 2.607e-07
1.155e+00, 5.000e-01, -5.550e-01, 1.140e+05, 0.000e+00, 6.116e-04, 0.000e+00, 2.070e+00, 9.984e+02, 2.748e-07
1.155e+00, 5.000e-01, -5.450e-01, 1.139e+05, 0.000e+00, 5.969e-04, 0.000e+00, 2.068e+00, 9.984e+02, 2.649e-07
1.155e+00, 5.000e-01, -5.350e-01, 1.137e+05, 0.000e+00, 5.667e-04, 0.000e+00, 2.066e+00, 9.984e+02, 2.433e-07
1.155e+00, 5.000e-01, -5.250e-01, 1.137e+05, 0.000e+00, 5.225e-04, 0.000e+00, 2.064e+00, 9.984e+02, 2.243e-07
1.155e+00, 5.000e-01, -5.150e-01, 1.136e+05, 0.000e+00, 4.826e-04, 0.000e+00, 2.063e+00, 9.983e+02, 2.072e-07
1.155e+00, 5.000e-01, -5.050e-01, 1.135e+05, 0.000e+00, 4.489e-04, 0.000e+00, 2.061e+00, 9.983e+02, 1.927e-07
1.155e+00, 5.000e-01, -4.950e-01, 1.134e+05, 0.000e+00, 4.272e-04, 0.000e+00, 2.059e+00, 9.983e+02, 1.834e-07
1.155e+00, 5.000e-01, -4.850e-01, 1.133e+05, 0.000e+00, 4.177e-04, 0.000e+00, 2.057e+00, 9.983e+02, 1.793e-07
1.155e+00, 5.000e-01, -4.750e-01, 1.132e+05, 0.000e+00, 4.093e-04, 0.000e+00, 2.056e+00, 9.983e+02, 1.757e-07
1.155e+00, 5.000e-01, -4.650e-01, 1.131e+05, 0.000e+00, 3.992e-04, 0.000e+00, 2.054e+00, 9.983e+02, 1.714e-07
1.155e+00, 5.000e-01, -4.550e-01, 1.130e+05, 0.000e+00, 3.864e-04, 0.000e+00, 2.052e+00, 9.983e+02, 1.659e-07
1.155e+00, 5.000e-01, -4.450e-01, 1.129e+05, 0.000e+00, 3.704e-04, 0.000e+00, 2.050e+00, 9.983e+02, 1.612e-07
1.155e+00, 5.000e-01, -4.350e-01, 1.128e+05, 0.000e+00, 3.523e-04, 0.000e+00, 2.049e+00, 9.983e+02, 1.583e-07
1.155e+00, 5.000e-01, -4.250e-01, 1.127e+05, 0.000e+00, 3.340e-04, 0.000e+00, 2.047e+00, 9.983e+02, 1.501e-07
1.155e+00, 5.000e-01, -4.150e-01, 1.126e+05, 0.000e+00, 3.148e-04, 0.000e+00, 2.045e+00, 9.983e+02, 1.414e-07
1.155e+00, 5.000e-01, -4.050e-01, 1.125e+05, 0.000e+00, 2.935e-04, 0.000e+00, 2.043e+00, 9.983e+02, 1.318e-07
1.155e+00, 5.000e-01, -3.950e-01, 1.124e+05, 0.000e+00, 2.691e-04, 0.000e+00, 2.041e+00, 9.983e+02, 1.209e-07
1.155e+00, 5.000e-01, -3.850e-01, 1.123e+05, 0.000e+00, 2.411e-04, 0.000e+00, 2.040e+00, 9.983e+02, 1.083e-07
1.155e+00, 5.000e-01, -3.750e-01, 1.122e+05, 0.000e+00, 2.093e-04, 0.000e+00, 2.038e+00, 9.983e+02, 9.400e-08
1.155e+00, 5.000e-01, -3.650e-01, 1.121e+05, 0.000e+00, 1.753e-04, 0.000e+00, 2.036e+00, 9.983e+02, 7.874e-08
1.155e+00, 5.000e-01, -3.550e-01, 1.120e+05, 0.000e+00, 1.504e-04, 0.000e+00, 2.034e+00, 9.983e+02, 6.757e-08
1.155e+00, 5.000e-01, -3.450e-01, 1.120e+05, 0.000e+00, 1.589e-04, 0.000e+00, 2.034e+00, 9.983e+02, 7.014e-08
1.155e+00, 5.000e-01, -3.350e-01, 1.119e+05, 0.000e+00, 1.890e-04, 0.000e+00, 2.032e+00, 9.983e+02, 8.302e-08
1.155e+00, 5.000e-01, -3.250e-01, 1.118e+05, 0.000e+00, 2.253e-04, 0.000e+00, 2.030e+00, 9.983e+02, 9.894e-08
1.155e+00, 5.000e-01, -3.150e-01, 1.117e+05, 0.000e+00, 2.514e-04, 0.000e+00, 2.029e+00, 9.983e+02, 1.104e-07
1.155e+00, 5.000e-01, -3.050e-01, 1.116e+05, 0.000e+00, 2.481e-04, 0.000e+00, 2.027e+00, 9.983e+02, 1.090e-07
1.155e+00, 5.000e-01, -2.950e-01, 1.115e+05, 0.000e+00, 2.227e-04, 0.000e+00, 2.025e+00, 9.983e+02, 9.780e-08
1.155e+00, 5.000e-01, -2.850e-01, 1.114e+05, 0.000e+00, 1.931e-04, 0.000e+00, 2.023e+00, 9.983e+02, 8.481e-08
1.155e+00, 5.000e-01, -2.750e-01, 1.113e+05, 0.000e+00, 1.640e-04, 0.000e+00, 2.021e+00, 9.983e+02, 7.204e-08
1.155e+00, 5.000e-01, -2.650e-01, 1.112e+05, 0.000e+00, 1.384e-04, 0.000e+00, 2.020e+00, 9.983e+02, 6.078e-08
1.155e+00, 5.000e-01, -2.550e-01, 1.111e+05, 0.000e+00, 1.204e-04, 0.000e+00, 2.018e+00, 9.983e+02, 5.289e-08
1.155e+00, 5.000e-01, -2.450e-01, 1.112e+05, 0.000e+00, 1.201e-04, 0.000e+00, 2.020e+00, 9.983e+02, 5.195e-08
1.155e+00, 5.000e-01, -2.350e-01, 1.111e+05, 0.000e+00, 1.281e-04, 0.000e+00, 2.018e+00, 9.983e+02, 5.499e-08
1.155e+00, 5.000e-01, -2.250e-01, 1.110e+05, 0.000e+00, 1.387e-04, 0.000e+00, 2.016e+00, 9.983e+02, 5.953e-08
1.155e+00, 5.000e-01, -2.150e-01, 1.109e+05, 0.000e+00, 1.507e-04, 0.000e+00, 2.014e+00, 9.983e+02, 6.467e-08
1.155e+00, 5.000e-01, -2.050e-01, 1.108e+05, 0.000e+00, 1.647e-04, 0.000e+00, 2.012e+00, 9.983e+02, 7.068e-08
1.155e+00, 5.000e-01, -1.950e-01, 1.107e+05, 0.000e+00, 1.828e-04, 0.000e+00, 2.011e+00, 9.983e+02, 7.846e-08
1.155e+00, 5.000e-01, -1.850e-01, 1.106e+05, 0.000e+00, 2.077e-04, 0.000e+00, 2.009e+00, 9.983e+02, 8.918e-08
1.155e+00, 5.000e-01, -1.750e-01, 1.105e+05, 0.000e+00, 2.369e-04, 0.000e+00, 2.007e+00, 9.983e+02, 1.017e-07
1.155e+00, 5.000e-01, -1.650e-01, 1.116e+05, 0.000e+00, 2.471e-04, 0.000e+00, 2.027e+00, 9.983e+02, 1.082e-07
1.155e+00, 5.000e-01, -1.550e-01, 1.115e+05, 0.000e+00, 2.081e-04, 0.000e+00, 2.025e+00, 9.983e+02, 9.141e-08
1.155e+00, 5.000e-01, -1.450e-01, 1.114e+05, 0.000e+00, 1.469e-04, 0.000e+00, 2.024e+00, 9.983e+02, 6.452e-08
1.155e+00, 5.000e-01, -1.350e-01, 1.113e+05, 0.000e+00, 8.956e-05, 0.000e+00, 2.022e+00, 9.983e+02, 3.934e-08
1.155e+00, 5.000e-01, -1.250e-01, 1.112e+05, 0.000e+00, 4.836e-05, 0.000e+00, 2.020e+00, 9.983e+02, 2.124e-08
1.155e+00, 5.000e-01, -1.150e-01, 1.111e+05, 0.000e+00, 2.359e-05, 0.000e+00, 2.018e+00, 9.983e+02, 1.036e-08
1.155e+00, 5.000e-01, -1.050e-01, 1.110e+05, 0.000e+00, 1.057e-05, 0.000e+00, 2.017e+00, 9.983e+02, 4.642e-09
1.155e+00, 5.000e-01, -9.500e-02, 1.109e+05, 0.000e+00, 4.398e-06, 0.000e+00, 2.015e+00, 9.983e+02, 1.932e-09
1.155e+00, 5.000e-01, -8.500e-02, 1.108e+05, 0.000e+00, 1.717e-06, 0.000e+00, 2.013e+00, 9.983e+02, 7.541e-10
1.155e+00, 5.000e-01, -7.500e-02, 1.107e+05, 0.000e+00, 6.326e-07, 0.000e+00, 2.011e+00, 9.983e+02, 2.779e-10
1.155e+00, 5.000e-01, -6.500e-02, 1.106e+05, 0.000e+00, 2.211e-07, 0.000e+00, 2.009e+00, 9.983e+02, 9.710e-11
1.155e+00, 5.000e-01, -5.500e-02, 1.105e+05, 0.000e+00, 7.348e-08, 0.000e+00, 2.008e+00, 9.983e+02, 3.228e-11
1.155e+00, 5.000e-01, -4.500e-02, 1.104e+05, 0.000e+00, 2.328e-08, 0.000e+00, 2.006e+00, 9.983e+02, 1.023e-11
1.155e+00, 5.000e-01, -3.500e-02, 1.103e+05, 0.000e+00, 7.044e-09, 0.000e+00, 2.004e+00, 9.983e+02, 3.094e-12
1.155e+00, 5.000e-01, -2.500e-02, 1.102e+05, 0.000e+00, 2.041e-09, 0.000e+00, 2.002e+00, 9.983e+02, 8.963e-13
1.155e+00, 5.000e-01, -1.500e-02, 1.101e+05, 0.000e+00, 5.754e-10, 0.000e+00, 2.000e+00, 9.983e+02, 2.527e-13
1.155e+00, 5.000e-01, -5.000e-03, 1.100e+05, 0.000e+00, 1.816e-10, 0.000e+00, 1.999e+00, 9.983e+02, 7.978e-14
1.165e+00, 5.000e-01, -1.195e+00, 1.202e+05, 0.000e+00, 1.002e-13, 0.000e+00, 2.184e+00, 9.983e+02, 2.000e-17
1.165e+00, 5.000e-01, -1.185e+00, 1.201e+05, 0.000e+00, 1.002e-13, 0.000e+00, 2.182e+00, 9.983e+02, 2.000e-17
1.165e+00, 5.000e-01, -1.175e+00, 1.200e+05, 0.000e+00, 1.002e-13, 0.000e+00, 2.181e+00, 9.983e+02, 2.000e-17
1.165e+00, 5.000e-01, -1.165e+00, 1.199e+05, 0.000e+00, 1.002e-13, 0.000e+00, 2.179e+00, 9.983e+02, 2.000e-17
1.165e+00, 5.000e-01, -1.155e+00, 1.198e+05, 0.000e+00, 1.002e-13, 0.000e+00, 2.177e+00, 9.983e+02, 2.000e-17
1.165e+00, 5.000e-01, -1.145e+00, 1.197e+05, 0.000e+00, 1.002e-13, 0.000e+00, 2.175e+00, 9.983e+02, 2.000e-17
1.165e+00, 5.000e-01, -1.135e+00, 1.196e+05, 0.000e+00, 1.002e-13, 0.000e+00, 2.173e+00, 9.983e+02, 2.000e-17
1.165e+00, 5.000e-01, -1.125e+00, 1.195e+05, 0.000e+00, 1.002e-13, 0.000e+00, 2.172e+00, 9.983e+02, 2.000e-17
1.165e+00, 5.000e-01, -1.115e+00, 1.194e+05, 0.000e+00, 1.002e-13, 0.000e+00, 2.170e+00, 9.983e+02, 2.000e-17
1.165e+00, 5.000e-01, -1.105e+00, 1.193e+05, 0.000e+00, 2.234e-09, 0.000e+00, 2.168e+00, 9.983e+02, 8.675e-13
1.165e+00, 5.000e-01, -1.095e+00, 1.192e+05, 0.000e+00, 1.161e-03, 0.000e+00, 2.167e+00, 9.985e+02, 4.782e-07
1.165e+00, 5.000e-01, -1.085e+00, 1.191e+05, 0.000e+00, 1.083e-03, 0.000e+00, 2.165e+00, 9.985e+02, 4.648e-07
1.165e+00, 5.000e-01, -1.075e+00, 1.190e+05, 0.000e+00, 9.664e-04, 0.000e+00, 2.163e+00, 9.984e+02, 4.149e-07
1.165e+00, 5.000e-01, -1.065e+00, 1.189e+05, 0.000e+00, 8.435e-04, 0.000e+00, 2.161e+00, 9.984e+02, 3.621e-07
1.165e+00, 5.000e-01, -1.055e+00, 1.188e+05, 0.000e+00, 7.366e-04, 0.000e+00, 2.159e+00, 9.984e+02, 3.162e-07
1.165e+00, 5.000e-01, -1.045e+00, 1.187e+05, 0.000e+00, 6.588e-04, 0.000e+00, 2.158e+00, 9.984e+02, 2.828e-07
1.165e+00, 5.000e-01, -1.035e+00, 1.186e+05, 0.000e+00, 6.169e-04, 0.000e+00, 2.156e+00, 9.984e+02, 2.648e-07
1.165e+00, 5.000e-01, -1.025e+00, 1.185e+05, 0.000e+00, 6.015e-04, 0.000e+00, 2.154e+00, 9.984e+02, 2.582e-07
1.165e+00, 5.000e-01, -1.015e+00, 1.185e+05, 0.000e+00, 5.965e-04, 0.000e+00, 2.152e+00, 9.984e+02, 2.561e-07
1.165e+00, 5.000e-01, -1.005e+00, 1.184e+05, 0.000e+00, 5.928e-04, 0.000e+00, 2.150e+00, 9.984e+02, 2.545e-07
1.165e+00, 5.000e-01, -9.950e-01, 1.183e+05, 0.000e+00, 5.880e-04, 0.000e+00, 2.149e+00, 9.984e+02, 2.524e-07
1.165e+00, 5.000e-01, -9.850e-01, 1.182e+05, 0.000e+00, 5.819e-04, 0.000e+00, 2.147e+00, 9.984e+02, 2.498e-07
1.165e+00, 5.000e-01, -9.750e-01, 1.181e+05, 0.000e+00, 5.752e-04, 0.000e+00, 2.145e+00, 9.984e+02, 2.469e-07
1.165e+00, 5.000e-01, -9.650e-01, 1.180e+05, 0.000e+00, 5.682e-04, 0.000e+00, 2.143e+00, 9.984e+02, 2.439e-07
1.165e+00, 5.000e-01, -9.550e-01, 1.179e+05, 0.000e+00, 5.612e-04, 0.000e+00, 2.141e+00, 9.984e+02, 2.409e-07
1.165e+00, 5.000e-01, -9.450e-01, 1.178e+05, 0.000e+00, 5.539e-04, 0.000e+00, 2.140e+00, 9.984e+02, 2.378e-07
1.165e+00, 5.000e-01, -9.350e-01, 1.177e+05, 0.000e+00, 5.461e-04, 0.000e+00, 2.138e+00, 9.984e+02, 2.345e-07
1.165e+00, 5.000e-01, -9.250e-01, 1.176e+05, 0.000e+00, 5.382e-04, 0.000e+00, 2.136e+00, 9.984e+02, 2.310e-07
1.165e+00, 5.000e-01, -9.150e-01, 1.175e+05, 0.000e+00, 5.313e-04, 0.000e+00, 2.134e+00, 9.984e+02, 2.281e-07
1.165e+00, 5.000e-01, -9.050e-01, 1.174e+05, 0.000e+00, 5.281e-04, 0.000e+00, 2.132e+00, 9.984e+02, 2.267e-07
1.165e+00, 5.000e-01, -8.950e-01, 1.173e+05, 0.000e+00, 5.316e-04, 0.000e+00, 2.131e+00, 9.984e+02, 2.282e-07
1.165e+00, 5.000e-01, -8.850e-01, 1.172e+05, 0.000e+00, 5.413e-04, 0.000e+00, 2.129e+00, 9.984e+02, 2.324e-07
1.165e+00, 5.000e-01, -8.750e-01, 1.171e+05, 0.000e+00, 5.529e-04, 0.000e+00, 2.127e+00, 9.984e+02, 2.374e-07
1.165e+00, 5.000e-01, -8.650e-01, 1.170e+05, 0.000e+00, 5.640e-04, 0.000e+00, 2.125e+00, 9.984e+02, 2.421e-07
1.165e+00, 5.000e-01, -8.550e-01, 1.169e+05, 0.000e+00, 5.747e-04, 0.000e+00, 2.124e+00, 9.984e+02, 2.467e-07
1.165e+00, 5.000e-01, -8.450e-01, 1.168e+05, 0.000e+00, 5.852e-04, 0.000e+00, 2.122e+00, 9.984e+02, 2.512e-07
1.165e+00, 5.000e-01, -8.350e-01, 1.167e+05, 0.000e+00, 5.955e-04, 0.000e+00, 2.120e+00, 9.984e+02, 2.556e-07
1.165e+00, 5.000e-01, -8.250e-01, 1.166e+05, 0.000e+00, 6.057e-04, 0.000e+00, 2.118e+00, 9.984e+02, 2.600e-07
1.165e+00, 5.000e-01, -8.150e-01, 1.165e+05, 0.000e+00, 6.151e-04, 0.000e+00, 2.116e+00, 9.984e+02, 2.641e-07
1.165e+00, 5.000e-01, -8.050e-01, 1.164e+05, 0.000e+00, 6.201e-04, 0.000e+00, 2.115e+00, 9.984e+02, 2.662e-07
1.165e+00, 5.000e-01, -7.950e-01, 1.163e+05, 0.000e+00, 6.213e-04, 0.000e+00, 2.113e+00, 9.984e+02, 2.667e-07
1.165e+00, 5.000e-01, -7.850e-01, 1.162e+05, 0.000e+00, 6.181e-04, 0.000e+00, 2.111e+00, 9.984e+02, 2.653e-07
1.165e+00, 5.000e-01, -7.750e-01, 1.161e+05, 0.000e+00, 5.970e-04, 0.000e+00, 2.109e+00, 9.984e+02, 2.563e-07
1.165e+00, 5.000e-01, -7.650e-01, 1.160e+05, 0.000e+00, 5.684e-04, 0.000e+00, 2.107e+00, 9.984e+02, 2.440e-07
1.165e+00, 5.000e-01, -7.550e-01, 1.159e+05, 0.000e+00, 5.480e-04, 0.000e+00, 2.106e+00, 9.984e+02, 2.353e-07
1.165e+00, 5.000e-01, -7.450e-01, 1.158e+05, 0.000e+00, 5.469e-04, 0.000e+00, 2.104e+00, 9.984e+02, 2.348e-07
1.165e+00, 5.000e-01, -7.350e-01, 1.157e+05, 6.747e-07, 6.500e-04, 0.000e+00, 2.102e+00, 9.984e+02, 2.790e-07
1.165e+00, 5.000e-01, -7.250e-01, 1.156e+05, 4.717e-01, 1.895e-03, 0.000e+00, 2.100e+00, 9.986e+02, 8.595e-07
1.165e+00, 5.000e-01, -7.150e-01, 1.170e+05, 0.000e+00, 6.364e-04, 0.000e+00, 2.126e+00, 9.984e+02, 2.796e-07
1.165e+00, 5.000e-01, -7.050e-01, 1.169e+05, 0.000e+00, 4.321e-04, 0.000e+00, 2.124e+00, 9.983e+02, 1.898e-07
1.165e+00, 5.000e-01, -6.950e-01, 1.168e+05, 0.000e+00, 2.969e-04, 0.000e+00, 2.122e+00, 9.983e+02, 1.304e-07
1.165e+00, 5.000e-01, -6.850e-01, 1.167e+05, 0.000e+00, 1.922e-04, 0.000e+00, 2.120e+00, 9.983e+02, 8.444e-08
1.165e+00, 5.000e-01, -6.750e-01, 1.166e+05, 0.000e+00, 1.159e-04, 0.000e+00, 2.119e+00, 9.983e+02, 5.090e-08
1.165e+00, 5.000e-01, -6.650e-01, 1.165e+05, 0.000e+00, 6.515e-05, 0.000e+00, 2.117e+00, 9.983e+02, 2.862e-08
1.165e+00, 5.000e-01, -6.550e-01, 1.164e+05, 0.000e+00, 3.510e-05, 0.000e+00, 2.115e+00, 9.983e+02, 1.542e-08
1.165e+00, 5.000e-01, -6.450e-01, 1.163e+05, 0.000e+00, 2.077e-05, 0.000e+00, 2.113e+00, 9.983e+02, 9.124e-09
1.165e+00, 5.000e-01, -6.350e-01, 1.162e+05, 0.000e+00, 1.960e-05, 0.000e+00, 2.111e+00, 9.983e+02, 8.607e-09
1.165e+00, 5.000e-01, -6.250e-01, 1.161e+05, 0.000e+00, 3.305e-05, 0.000e+00, 2.110e+00, 9.983e+02, 1.452e-08
1.165e+00, 5.000e-01, -6.150e-01, 1.160e+05, 0.000e+00, 6.705e-05, 0.000e+00, 2.108e+00, 9.983e+02, 2.945e-08
1.165e+00, 5.000e-01, -6.050e-01, 1.159e+05, 0.000e+00, 1.300e-04, 0.000e+00, 2.106e+00, 9.983e+02, 5.710e-08
1.165e+00, 5.000e-01, -5.950e-01, 1.158e+05, 0.000e+00, 2.271e-04, 0.000e+00, 2.104e+00, 9.983e+02, 9.974e-08
1.165e+00, 5.000e-01, -5.850e-01, 1.157e+05, 0.000e+00, 3.522e-04, 0.000e+00, 2.102e+00, 9.983e+02, 1.547e-07
1.165e+00, 5.000e-01, -5.750e-01, 1.156e+05, 0.000e+00, 4.831e-04, 0.000e+00, 2.101e+00, 9.983e+02, 2.122e-07
1.165e+00, 5.000e-01, -5.650e-01, 1.141e+05, 0.000e+00, 5.874e-04, 0.000e+00, 2.072e+00, 9.984e+02, 2.637e-07
1.165e+00, 5.000e-01, -5.550e-01, 1.140e+05, 0.000e+00, 6.217e-04, 0.000e+00, 2.070e+00, 9.984e+02, 2.793e-07
1.165e+00, 5.000e-01, -5.450e-01, 1.139e+05, 0.000e+00, 6.112e-04, 0.000e+00, 2.068e+00, 9.984e+02, 2.716e-07
1.165e+00, 5.000e-01, -5.350e-01, 1.137e+05, 0.000e+00, 5.833e-04, 0.000e+00, 2.066e+00, 9.984e+02, 2.504e-07
1.165e+00, 5.000e-01, -5.250e-01, 1.137e+05, 0.000e+00, 5.399e-04, 0.000e+00, 2.064e+00, 9.984e+02, 2.318e-07
1.165e+00, 5.000e-01, -5.150e-01, 1.136e+05, 0.000e+00, 4.996e-04, 0.000e+00, 2.063e+00, 9.984e+02, 2.145e-07
1.165e+00, 5.000e-01, -5.050e-01, 1.135e+05, 0.000e+00, 4.647e-04, 0.000e+00, 2.061e+00, 9.983e+02, 1.995e-07
1.165e+00, 5.000e-01, -4.950e-01, 1.134e+05, 0.000e+00, 4.368e-04, 0.000e+00, 2.059e+00, 9.983e+02, 1.875e-07
1.165e+00, 5.000e-01, -4.850e-01, 1.133e+05, 0.000e+00, 4.198e-04, 0.000e+00, 2.057e+00, 9.983e+02, 1.802e-07
1.165e+00, 5.000e-01, -4.750e-01, 1.132e+05, 0.000e+00, 4.067e-04, 0.000e+00, 2.056e+00, 9.983e+02, 1.746e-07
1.165e+00, 5.000e-01, -4.650e-01, 1.131e+05, 0.000e+00, 3.946e-04, 0.000e+00, 2.054e+00, 9.983e+02, 1.694e-07
1.165e+00, 5.000e-01, -4.550e-01, 1.130e+05, 0.000e+00, 3.817e-04, 0.000e+00, 2.052e+00, 9.983e+02, 1.639e-07
1.165e+00, 5.000e-01, -4.450e-01, 1.129e+05, 0.000e+00, 3.671e-04, 0.000e+00, 2.050e+00, 9.983e+02, 1.593e-07
1.165e+00, 5.000e-01, -4.350e-01, 1.128e+05, 0.000e+00, 3.503e-04, 0.000e+00, 2.049e+00, 9.983e+02, 1.574e-07
1.165e+00, 5.000e-01, -4.250e-01, 1.127e+05, 0.000e+00, 3.320e-04, 0.000e+00, 2.047e+00, 9.983e+02, 1.492e-07
1.165e+00, 5.000e-01, -4.150e-01, 1.126e+05, 0.000e+00, 3.123e-04, 0.000e+00, 2.045e+00, 9.983e+02, 1.403e-07
1.165e+00, 5.000e-01, -4.050e-01, 1.125e+05, 0.000e+00, 2.908e-04, 0.000e+00, 2.043e+00, 9.983e+02, 1.307e-07
1.165e+00, 5.000e-01, -3.950e-01, 1.124e+05, 0.000e+00, 2.669e-04, 0.000e+00, 2.041e+00, 9.983e+02, 1.199e-07
1.165e+00, 5.000e-01, -3.850e-01, 1.123e+05, 0.000e+00, 2.399e-04, 0.000e+00, 2.040e+00, 9.983e+02, 1.078e-07
1.165e+00, 5.000e-01, -3.750e-01, 1.122e+05, 0.000e+00, 2.096e-04, 0.000e+00, 2.038e+00, 9.983e+02, 9.416e-08
1.165e+00, 5.000e-01, -3.650e-01, 1.121e+05, 0.000e+00, 1.770e-04, 0.000e+00, 2.036e+00, 9.983e+02, 7.952e-08
1.165e+00, 5.000e-01, -3.550e-01, 1.120e+05, 0.000e+00, 1.485e-04, 0.000e+00, 2.034e+00, 9.983e+02, 6.673e-08
1.165e+00, 5.000e-01, -3.450e-01, 1.120e+05, 0.000e+00, 1.359e-04, 0.000e+00, 2.034e+00, 9.983e+02, 6.000e-08
1.165e+00, 5.000e-01, -3.350e-01, 1.119e+05, 0.000e+00, 1.404e-04, 0.000e+00, 2.032e+00, 9.983e+02, 6.169e-08
1.165e+00, 5.000e-01, -3.250e-01, 1.118e+05, 0.000e+00, 1.564e-04, 0.000e+00, 2.030e+00, 9.983e+02, 6.872e-08
1.165e+00, 5.000e-01, -3.150e-01, 1.117e+05, 0.000e+00, 1.708e-04, 0.000e+00, 2.029e+00, 9.983e+02, 7.502e-08
1.165e+00, 5.000e-01, -3.050e-01, 1.116e+05, 0.000e+00, 1.750e-04, 0.000e+00, 2.027e+00, 9.983e+02, 7.686e-08
1.165e+00, 5.000e-01, -2.950e-01, 1.115e+05, 0.000e+00, 1.630e-04, 0.000e+00, 2.025e+00, 9.983e+02, 7.160e-08
1.165e+00, 5.000e-01, -2.850e-01, 1.114e+05, 0.000e+00, 1.425e-04, 0.000e+00, 2.023e+00, 9.983e+02, 6.259e-08
1.165e+00, 5.000e-01, -2.750e-01, 1.113e+05, 0.000e+00, 1.203e-04, 0.000e+00, 2.021e+00, 9.983e+02, 5.285e-08
1.165e+00, 5.000e-01, -2.650e-01, 1.112e+05, 0.000e+00, 1.006e-04, 0.000e+00, 2.020e+00, 9.983e+02, 4.421e-08
1.165e+00, 5.000e-01, -2.550e-01, 1.111e+05, 0.000e+00, 8.704e-05, 0.000e+00, 2.018e+00, 9.983e+02, 3.823e-08
1.165e+00, 5.000e-01, -2.450e-01, 1.112e+05, 0.000e+00, 8.554e-05, 0.000e+00, 2.020e+00, 9.983e+02, 3.688e-08
1.165e+00, 5.000e-01, -2.350e-01, 1.111e+05, 0.000e+00, 9.042e-05, 0.000e+00, 2.018e+00, 9.983e+02, 3.881e-08
1.165e+00, 5.000e-01, -2.250e-01, 1.110e+05, 0.000e+00, 1.003e-04, 0.000e+00, 2.016e+00, 9.983e+02, 4.304e-08
1.165e+00, 5.000e-01, -2.150e-01, 1.109e+05, 0.000e+00, 1.146e-04, 0.000e+00, 2.014e+00, 9.983e+02, 4.919e-08
1.165e+00, 5.000e-01, -2.050e-01, 1.108e+05, 0.000e+00, 1.334e-04, 0.000e+00, 2.012e+00, 9.983e+02, 5.727e-08
1.165e+00, 5.000e-01, -1.950e-01, 1.107e+05, 0.000e+00, 1.578e-04, 0.000e+00, 2.011e+00, 9.983e+02, 6.776e-08
1.165e+00, 5.000e-01, -1.850e-01, 1.106e+05, 0.000e+00, 1.899e-04, 0.000e+00, 2.009e+00, 9.983e+02, 8.152e-08
1.165e+00, 5.000e-01, -1.750e-01, 1.105e+05, 0.000e+00, 2.261e-04, 0.000e+00, 2.007e+00, 9.983e+02, 9.708e-08
1.165e+00, 5.000e-01, -1.650e-01, 1.116e+05, 0.000e+00, 2.397e-04, 0.000e+00, 2.027e+00, 9.983e+02, 1.052e-07
1.165e+00, 5.000e-01, -1.550e-01, 1.115e+05, 0.000e+00, 2.044e-04, 0.000e+00, 2.025e+00, 9.983e+02, 8.977e-08
1.165e+00, 5.000e-01, -1.450e-01, 1.114e+05, 0.000e+00, 1.455e-04, 0.000e+00, 2.024e+00, 9.983e+02, 6.390e-08
1.165e+00, 5.000e-01, -1.350e-01, 1.113e+05, 0.000e+00, 8.913e-05, 0.000e+00, 2.022e+00, 9.983e+02, 3.915e-08
1.165e+00, 5.000e-01, -1.250e-01, 1.112e+05, 0.000e+00, 4.822e-05, 0.000e+00, 2.020e+00, 9.983e+02, 2.118e-08
1.165e+00, 5.000e-01, -1.150e-01, 1.111e+05, 0.000e+00, 2.352e-05, 0.000e+00, 2.018e+00, 9.983e+02, 1.033e-08
1.165e+00, 5.000e-01, -1.050e-01, 1.110e+05, 0.000e+00, 1.051e-05, 0.000e+00, 2.017e+00, 9.983e+02, 4.615e-09
1.165e+00, 5.000e-01, -9.500e-02, 1.109e+05, 0.000e+00, 4.355e-06, 0.000e+00, 2.015e+00, 9.983e+02, 1.913e-09
1.165e+00, 5.000e-01, -8.500e-02, 1.108e+05, 0.000e+00, 1.691e-06, 0.000e+00, 2.013e+00, 9.983e+02, 7.428e-10
1.165e+00, 5.000e-01, -7.500e-02, 1.107e+05, 0.000e+00, 6.193e-07, 0.000e+00, 2.011e+00, 9.983e+02, 2.720e-10
1.165e+00, 5.000e-01, -6.500e-02, 1.106e+05, 0.000e+00, 2.150e-07, 0.000e+00, 2.009e+00, 9.983e+02, 9.442e-11
1.165e+00, 5.000e-01, -5.500e-02, 1.105e+05, 0.000e+00, 7.096e-08, 0.000e+00, 2.008e+00, 9.983e+02, 3.117e-11
1.165e+00, 5.000e-01, -4.500e-02, 1.104e+05, 0.000e+00, 2.233e-08, 0.000e+00, 2.006e+00, 9.983e+02, 9.806e-12
1.165e+00, 5.000e-01, -3.500e-02, 1.103e+05, 0.000e+00, 6.707e-09, 0.000e+00, 2.004e+00, 9.983e+02, 2.946e-12
1.165e+00, 5.000e-01, -2.500e-02, 1.102e+05, 0.000e+00, 1.930e-09, 0.000e+00, 2.002e+00, 9.983e+02, 8.476e-13
1.165e+00, 5.000e-01, -1.500e-02, 1.101e+05, 0.000e+00, 5.403e-10, 0.000e+00, 2.000e+00, 9.983e+02, 2.373e-13
1.165e+00, 5.000e-01, -5.000e-03, 1.100e+05, 0.000e+00, 1.695e-10, 0.000e+00, 1.999e+00, 9.983e+02, 7.444e-14
1.175e+00, 5.000e-01, -1.195e+00, 1.202e+05, 0.000e+00, 1.002e-13, 0.000e+00, 2.184e+00, 9.983e+02, 2.000e-17
1.175e+00, 5.000e-01, -1.185e+00, 1.201e+05, 0.000e+00, 1.002e-13, 0.000e+00, 2.182e+00, 9.983e+02, 2.000e-17
1.175e+00, 5.000e-01, -1.175e+00, 1.200e+05, 0.000e+00, 1.002e-13, 0.000e+00, 2.181e+00, 9.983e+02, 2.000e-17
1.175e+00, 5.000e-01, -1.165e+00, 1.199e+05, 0.000e+00, 1.002e-13, 0.000e+00, 2.179e+00, 9.983e+02, 2.000e-17
1.175e+00, 5.000e-01, -1.155e+00, 1.198e+05, 0.000e+00, 1.002e-13, 0.000e+00, 2.177e+00, 9.983e+02, 2.000e-17
1.175e+00, 5.000e-01, -1.145e+00, 1.197e+05, 0.000e+00, 1.002e-13, 0.000e+00, 2.175e+00, 9.983e+02, 2.000e-17
1.175e+00, 5.000e-01, -1.135e+00, 1.196e+05, 0.000e+00, 1.002e-13, 0.000e+00, 2.173e+00, 9.983e+02, 2.000e-17
1.175e+00, 5.000e-01, -1.125e+00, 1.195e+05, 0.000e+00, 1.002e-13, 0.000e+00, 2.172e+00, 9.983e+02, 2.000e-17
1.175e+00, 5.000e-01, -1.115e+00, 1.194e+05, 0.000e+00, 1.002e-13, 0.000e+00, 2.170e+00, 9.983e+02, 2.000e-17
1.175e+00, 5.000e-01, -1.105e+00, 1.193e+05, 0.000e+00, 2.221e-09, 0.000e+00, 2.168e+00, 9.983e+02, 8.107e-13
1.175e+00, 5.000e-01, -1.095e+00, 1.192e+05, 0.000e+00, 1.170e-03, 0.000e+00, 2.167e+00, 9.985e+02, 4.547e-07
1.175e+00, 5.000e-01, -1.085e+00, 1.191e+05, 0.000e+00, 1.091e-03, 0.000e+00, 2.165e+00, 9.985e+02, 4.685e-07
1.175e+00, 5.000e-01, -1.075e+00, 1.190e+05, 0.000e+00, 9.786e-04, 0.000e+00, 2.163e+00, 9.984e+02, 4.201e-07
1.175e+00, 5.000e-01, -1.065e+00, 1.189e+05, 0.000e+00, 8.571e-04, 0.000e+00, 2.161e+00, 9.984e+02, 3.680e-07
1.175e+00, 5.000e-01, -1.055e+00, 1.188e+05, 0.000e+00, 7.506e-04, 0.000e+00, 2.159e+00, 9.984e+02, 3.222e-07
1.175e+00, 5.000e-01, -1.045e+00, 1.187e+05, 0.000e+00, 6.698e-04, 0.000e+00, 2.158e+00, 9.984e+02, 2.875e-07
1.175e+00, 5.000e-01, -1.035e+00, 1.186e+05, 0.000e+00, 6.200e-04, 0.000e+00, 2.156e+00, 9.984e+02, 2.662e-07
1.175e+00, 5.000e-01, -1.025e+00, 1.185e+05, 0.000e+00, 5.976e-04, 0.000e+00, 2.154e+00, 9.984e+02, 2.565e-07
1.175e+00, 5.000e-01, -1.015e+00, 1.185e+05, 0.000e+00, 5.884e-04, 0.000e+00, 2.152e+00, 9.984e+02, 2.526e-07
1.175e+00, 5.000e-01, -1.005e+00, 1.184e+05, 0.000e+00, 5.828e-04, 0.000e+00, 2.150e+00, 9.984e+02, 2.502e-07
1.175e+00, 5.000e-01, -9.950e-01, 1.183e+05, 0.000e+00, 5.768e-04, 0.000e+00, 2.149e+00, 9.984e+02, 2.476e-07
1.175e+00, 5.000e-01, -9.850e-01, 1.182e+05, 0.000e+00, 5.698e-04, 0.000e+00, 2.147e+00, 9.984e+02, 2.446e-07
1.175e+00, 5.000e-01, -9.750e-01, 1.181e+05, 0.000e+00, 5.618e-04, 0.000e+00, 2.145e+00, 9.984e+02, 2.412e-07
1.175e+00, 5.000e-01, -9.650e-01, 1.180e+05, 0.000e+00, 5.531e-04, 0.000e+00, 2.143e+00, 9.984e+02, 2.375e-07
1.175e+00, 5.000e-01, -9.550e-01, 1.179e+05, 0.000e+00, 5.438e-04, 0.000e+00, 2.141e+00, 9.984e+02, 2.335e-07
1.175e+00, 5.000e-01, -9.450e-01, 1.178e+05, 0.000e+00, 5.338e-04, 0.000e+00, 2.140e+00, 9.984e+02, 2.292e-07
1.175e+00, 5.000e-01, -9.350e-01, 1.177e+05, 0.000e+00, 5.232e-04, 0.000e+00, 2.138e+00, 9.984e+02, 2.246e-07
1.175e+00, 5.000e-01, -9.250e-01, 1.176e+05, 0.000e+00, 5.125e-04, 0.000e+00, 2.136e+00, 9.984e+02, 2.200e-07
1.175e+00, 5.000e-01, -9.150e-01, 1.175e+05, 0.000e+00, 5.034e-04, 0.000e+00, 2.134e+00, 9.984e+02, 2.161e-07
1.175e+00, 5.000e-01, -9.050e-01, 1.174e+05, 0.000e+00, 4.973e-04, 0.000e+00, 2.132e+00, 9.984e+02, 2.135e-07
1.175e+00, 5.000e-01, -8.950e-01, 1.173e+05, 0.000e+00, 4.948e-04, 0.000e+00, 2.131e+00, 9.984e+02, 2.124e-07
1.175e+00, 5.000e-01, -8.850e-01, 1.172e+05, 0.000e+00, 4.957e-04, 0.000e+00, 2.129e+00, 9.984e+02, 2.128e-07
1.175e+00, 5.000e-01, -8.750e-01, 1.171e+05, 0.000e+00, 4.990e-04, 0.000e+00, 2.127e+00, 9.984e+02, 2.142e-07
1.175e+00, 5.000e-01, -8.650e-01, 1.170e+05, 0.000e+00, 5.037e-04, 0.000e+00, 2.125e+00, 9.984e+02, 2.162e-07
1.175e+00, 5.000e-01, -8.550e-01, 1.169e+05, 0.000e+00, 5.094e-04, 0.000e+00, 2.124e+00, 9.984e+02, 2.187e-07
1.175e+00, 5.000e-01, -8.450e-01, 1.168e+05, 0.000e+00, 5.157e-04, 0.000e+00, 2.122e+00, 9.984e+02, 2.214e-07
1.175e+00, 5.000e-01, -8.350e-01, 1.167e+05, 0.000e+00, 5.220e-04, 0.000e+00, 2.120e+00, 9.984e+02, 2.241e-07
1.175e+00, 5.000e-01, -8.250e-01, 1.166e+05, 0.000e+00, 5.278e-04, 0.000e+00, 2.118e+00, 9.984e+02, 2.266e-07
1.175e+00, 5.000e-01, -8.150e-01, 1.165e+05, 0.000e+00, 5.324e-04, 0.000e+00, 2.116e+00, 9.984e+02, 2.286e-07
1.175e+00, 5.000e-01, -8.050e-01, 1.164e+05, 0.000e+00, 5.346e-04, 0.000e+00, 2.115e+00, 9.984e+02, 2.295e-07
1.175e+00, 5.000e-01, -7.950e-01, 1.163e+05, 0.000e+00, 5.340e-04, 0.000e+00, 2.113e+00, 9.984e+02, 2.292e-07
1.175e+00, 5.000e-01, -7.850e-01, 1.162e+05, 0.000e+00, 5.298e-04, 0.000e+00, 2.111e+00, 9.984e+02, 2.274e-07
1.175e+00, 5.000e-01, -7.750e-01, 1.161e+05, 0.000e+00, 5.245e-04, 0.000e+00, 2.109e+00, 9.984e+02, 2.252e-07
1.175e+00, 5.000e-01, -7.650e-01, 1.160e+05, 0.000e+00, 5.216e-04, 0.000e+00, 2.107e+00, 9.984e+02, 2.239e-07
1.175e+00, 5.000e-01, -7.550e-01, 1.159e+05, 0.000e+00, 5.174e-04, 0.000e+00, 2.106e+00, 9.984e+02, 2.221e-07
1.175e+00, 5.000e-01, -7.450e-01, 1.158e+05, 0.000e+00, 5.237e-04, 0.000e+00, 2.104e+00, 9.984e+02, 2.248e-07
1.175e+00, 5.000e-01, -7.350e-01, 1.157e+05, 6.747e-07, 6.245e-04, 0.000e+00, 2.102e+00, 9.984e+02, 2.681e-07
1.175e+00, 5.000e-01, -7.250e-01, 1.156e+05, 4.717e-01, 1.895e-03, 0.000e+00, 2.100e+00, 9.986e+02, 8.584e-07
1.175e+00, 5.000e-01, -7.150e-01, 1.170e+05, 0.000e+00, 6.448e-04, 0.000e+00, 2.126e+00, 9.984e+02, 2.833e-07
1.175e+00, 5.000e-01, -7.050e-01, 1.169e+05, 0.000e+00, 4.396e-04, 0.000e+00, 2.124e+00, 9.983e+02, 1.931e-07
1.175e+00, 5.000e-01, -6.950e-01, 1.168e+05, 0.000e+00, 3.020e-04, 0.000e+00, 2.122e+00, 9.983e+02, 1.327e-07
1.175e+00, 5.000e-01, -6.850e-01, 1.167e+05, 0.000e+00, 1.952e-04, 0.000e+00, 2.120e+00, 9.983e+02, 8.574e-08
1.175e+00, 5.000e-01, -6.750e-01, 1.166e+05, 0.000e+00, 1.173e-04, 0.000e+00, 2.119e+00, 9.983e+02, 5.154e-08
1.175e+00, 5.000e-01, -6.650e-01, 1.165e+05, 0.000e+00, 6.581e-05, 0.000e+00, 2.117e+00, 9.983e+02, 2.891e-08
1.175e+00, 5.000e-01, -6.550e-01, 1.164e+05, 0.000e+00, 3.541e-05, 0.000e+00, 2.115e+00, 9.983e+02, 1.555e-08
1.175e+00, 5.000e-01, -6.450e-01, 1.163e+05, 0.000e+00, 2.106e-05, 0.000e+00, 2.113e+00, 9.983e+02, 9.249e-09
1.175e+00, 5.000e-01, -6.350e-01, 1.162e+05, 0.000e+00, 2.011e-05, 0.000e+00, 2.111e+00, 9.983e+02, 8.832e-09
1.175e+00, 5.000e-01, -6.250e-01, 1.161e+05, 0.000e+00, 3.406e-05, 0.000e+00, 2.110e+00, 9.983e+02, 1.496e-08
1.175e+00, 5.000e-01, -6.150e-01, 1.160e+05, 0.000e+00, 6.885e-05, 0.000e+00, 2.108e+00, 9.983e+02, 3.024e-08
1.175e+00, 5.000e-01, -6.050e-01, 1.159e+05, 0.000e+00, 1.328e-04, 0.000e+00, 2.106e+00, 9.983e+02, 5.834e-08
1.175e+00, 5.000e-01, -5.950e-01, 1.158e+05, 0.000e+00, 2.310e-04, 0.000e+00, 2.104e+00, 9.983e+02, 1.015e-07
1.175e+00, 5.000e-01, -5.850e-01, 1.157e+05, 0.000e+00, 3.571e-04, 0.000e+00, 2.102e+00, 9.983e+02, 1.569e-07
1.175e+00, 5.000e-01, -5.750e-01, 1.156e+05, 0.000e+00, 4.889e-04, 0.000e+00, 2.101e+00, 9.984e+02, 2.148e-07
1.175e+00, 5.000e-01, -5.650e-01, 1.141e+05, 0.000e+00, 5.937e-04, 0.000e+00, 2.072e+00, 9.984e+02, 2.666e-07
1.175e+00, 5.000e-01, -5.550e-01, 1.140e+05, 0.000e+00, 6.300e-04, 0.000e+00, 2.070e+00, 9.984e+02, 2.830e-07
1.175e+00, 5.000e-01, -5.450e-01, 1.139e+05, 0.000e+00, 6.229e-04, 0.000e+00, 2.068e+00, 9.984e+02, 2.772e-07
1.175e+00, 5.000e-01, -5.350e-01, 1.137e+05, 0.000e+00, 5.968e-04, 0.000e+00, 2.066e+00, 9.984e+02, 2.562e-07
1.175e+00, 5.000e-01, -5.250e-01, 1.137e+05, 0.000e+00, 5.541e-04, 0.000e+00, 2.064e+00, 9.984e+02, 2.379e-07
1.175e+00, 5.000e-01, -5.150e-01, 1.136e+05, 0.000e+00, 5.136e-04, 0.000e+00, 2.063e+00, 9.984e+02, 2.205e-07
1.175e+00, 5.000e-01, -5.050e-01, 1.135e+05, 0.000e+00, 4.786e-04, 0.000e+00, 2.061e+00, 9.983e+02, 2.055e-07
1.175e+00, 5.000e-01, -4.950e-01, 1.134e+05, 0.000e+00, 4.493e-04, 0.000e+00, 2.059e+00, 9.983e+02, 1.929e-07
1.175e+00, 5.000e-01, -4.850e-01, 1.133e+05, 0.000e+00, 4.294e-04, 0.000e+00, 2.057e+00, 9.983e+02, 1.843e-07
1.175e+00, 5.000e-01, -4.750e-01, 1.132e+05, 0.000e+00, 4.133e-04, 0.000e+00, 2.056e+00, 9.983e+02, 1.774e-07
1.175e+00, 5.000e-01, -4.650e-01, 1.131e+05, 0.000e+00, 3.984e-04, 0.000e+00, 2.054e+00, 9.983e+02, 1.710e-07
1.175e+00, 5.000e-01, -4.550e-01, 1.130e+05, 0.000e+00, 3.838e-04, 0.000e+00, 2.052e+00, 9.983e+02, 1.648e-07
1.175e+00, 5.000e-01, -4.450e-01, 1.129e+05, 0.000e+00, 3.688e-04, 0.000e+00, 2.050e+00, 9.983e+02, 1.596e-07
1.175e+00, 5.000e-01, -4.350e-01, 1.128e+05, 0.000e+00, 3.521e-04, 0.000e+00, 2.049e+00, 9.983e+02, 1.582e-07
1.175e+00, 5.000e-01, -4.250e-01, 1.127e+05, 0.000e+00, 3.338e-04, 0.000e+00, 2.047e+00, 9.983e+02, 1.500e-07
1.175e+00, 5.000e-01, -4.150e-01, 1.126e+05, 0.000e+00, 3.139e-04, 0.000e+00, 2.045e+00, 9.983e+02, 1.410e-07
1.175e+00, 5.000e-01, -4.050e-01, 1.125e+05, 0.000e+00, 2.921e-04, 0.000e+00, 2.043e+00, 9.983e+02, 1.312e-07
1.175e+00, 5.000e-01, -3.950e-01, 1.124e+05, 0.000e+00, 2.681e-04, 0.000e+00, 2.041e+00, 9.983e+02, 1.204e-07
1.175e+00, 5.000e-01, -3.850e-01, 1.123e+05, 0.000e+00, 2.414e-04, 0.000e+00, 2.040e+00, 9.983e+02, 1.084e-07
1.175e+00, 5.000e-01, -3.750e-01, 1.122e+05, 0.000e+00, 2.119e-04, 0.000e+00, 2.038e+00, 9.983e+02, 9.519e-08
1.175e+00, 5.000e-01, -3.650e-01, 1.121e+05, 0.000e+00, 1.803e-04, 0.000e+00, 2.036e+00, 9.983e+02, 8.100e-08
1.175e+00, 5.000e-01, -3.550e-01, 1.120e+05, 0.000e+00, 1.503e-04, 0.000e+00, 2.034e+00, 9.983e+02, 6.752e-08
1.175e+00, 5.000e-01, -3.450e-01, 1.120e+05, 0.000e+00, 1.284e-04, 0.000e+00, 2.034e+00, 9.983e+02, 5.677e-08
1.175e+00, 5.000e-01, -3.350e-01, 1.119e+05, 0.000e+00, 1.174e-04, 0.000e+00, 2.032e+00, 9.983e+02, 5.157e-08
1.175e+00, 5.000e-01, -3.250e-01, 1.118e+05, 0.000e+00, 1.165e-04, 0.000e+00, 2.030e+00, 9.983e+02, 5.115e-08
1.175e+00, 5.000e-01, -3.150e-01, 1.117e+05, 0.000e+00, 1.182e-04, 0.000e+00, 2.029e+00, 9.983e+02, 5.194e-08
1.175e+00, 5.000e-01, -3.050e-01, 1.116e+05, 0.000e+00, 1.155e-04, 0.000e+00, 2.027e+00, 9.983e+02, 5.072e-08
1.175e+00, 5.000e-01, -2.950e-01, 1.115e+05, 0.000e+00, 1.079e-04, 0.000e+00, 2.025e+00, 9.983e+02, 4.742e-08
1.175e+00, 5.000e-01, -2.850e-01, 1.114e+05, 0.000e+00, 9.595e-05, 0.000e+00, 2.023e+00, 9.983e+02, 4.214e-08
1.175e+00, 5.000e-01, -2.750e-01, 1.113e+05, 0.000e+00, 8.210e-05, 0.000e+00, 2.021e+00, 9.983e+02, 3.606e-08
1.175e+00, 5.000e-01, -2.650e-01, 1.112e+05, 0.000e+00, 6.994e-05, 0.000e+00, 2.020e+00, 9.983e+02, 3.072e-08
1.175e+00, 5.000e-01, -2.550e-01, 1.111e+05, 0.000e+00, 6.289e-05, 0.000e+00, 2.018e+00, 9.983e+02, 2.762e-08
1.175e+00, 5.000e-01, -2.450e-01, 1.112e+05, 0.000e+00, 6.341e-05, 0.000e+00, 2.020e+00, 9.983e+02, 2.725e-08
1.175e+00, 5.000e-01, -2.350e-01, 1.111e+05, 0.000e+00, 6.966e-05, 0.000e+00, 2.018e+00, 9.983e+02, 2.990e-08
1.175e+00, 5.000e-01, -2.250e-01, 1.110e+05, 0.000e+00, 8.157e-05, 0.000e+00, 2.016e+00, 9.983e+02, 3.502e-08
1.175e+00, 5.000e-01, -2.150e-01, 1.109e+05, 0.000e+00, 9.861e-05, 0.000e+00, 2.014e+00, 9.983e+02, 4.233e-08
1.175e+00, 5.000e-01, -2.050e-01, 1.108e+05, 0.000e+00, 1.205e-04, 0.000e+00, 2.012e+00, 9.983e+02, 5.174e-08
1.175e+00, 5.000e-01, -1.950e-01, 1.107e+05, 0.000e+00, 1.482e-04, 0.000e+00, 2.011e+00, 9.983e+02, 6.363e-08
1.175e+00, 5.000e-01, -1.850e-01, 1.106e+05, 0.000e+00, 1.839e-04, 0.000e+00, 2.009e+00, 9.983e+02, 7.893e-08
1.175e+00, 5.000e-01, -1.750e-01, 1.105e+05, 0.000e+00, 2.234e-04, 0.000e+00, 2.007e+00, 9.983e+02, 9.609e-08
1.175e+00, 5.000e-01, -1.650e-01, 1.116e+05, 0.000e+00, 2.369e-04, 0.000e+00, 2.027e+00, 9.983e+02, 1.041e-07
1.175e+00, 5.000e-01, -1.550e-01, 1.115e+05, 0.000e+00, 2.025e-04, 0.000e+00, 2.025e+00, 9.983e+02, 8.897e-08
1.175e+00, 5.000e-01, -1.450e-01, 1.114e+05, 0.000e+00, 1.446e-04, 0.000e+00, 2.024e+00, 9.983e+02, 6.350e-08
1.175e+00, 5.000e-01, -1.350e-01, 1.113e+05, 0.000e+00, 8.875e-05, 0.000e+00, 2.022e+00, 9.983e+02, 3.898e-08
1.175e+00, 5.000e-01, -1.250e-01, 1.112e+05, 0.000e+00, 4.806e-05, 0.000e+00, 2.020e+00, 9.983e+02, 2.111e-08
1.175e+00, 5.000e-01, -1.150e-01, 1.111e+05, 0.000e+00, 2.343e-05, 0.000e+00, 2.018e+00, 9.983e+02, 1.029e-08
1.175e+00, 5.000e-01, -1.050e-01, 1.110e+05, 0.000e+00, 1.046e-05, 0.000e+00, 2.017e+00, 9.983e+02, 4.593e-09
1.175e+00, 5.000e-01, -9.500e-02, 1.109e+05, 0.000e+00, 4.324e-06, 0.000e+00, 2.015e+00, 9.983e+02, 1.899e-09
1.175e+00, 5.000e-01, -8.500e-02, 1.108e+05, 0.000e+00, 1.674e-06, 0.000e+00, 2.013e+00, 9.983e+02, 7.351e-10
1.175e+00, 5.000e-01, -7.500e-02, 1.107e+05, 0.000e+00, 6.105e-07, 0.000e+00, 2.011e+00, 9.983e+02, 2.682e-10
1.175e+00, 5.000e-01, -6.500e-02, 1.106e+05, 0.000e+00, 2.110e-07, 0.000e+00, 2.009e+00, 9.983e+02, 9.266e-11
1.175e+00, 5.000e-01, -5.500e-02, 1.105e+05, 0.000e+00, 6.930e-08, 0.000e+00, 2.008e+00, 9.983e+02, 3.044e-11
1.175e+00, 5.000e-01, -4.500e-02, 1.104e+05, 0.000e+00, 2.169e-08, 0.000e+00, 2.006e+00, 9.983e+02, 9.528e-12
1.175e+00, 5.000e-01, -3.500e-02, 1.103e+05, 0.000e+00, 6.483e-09, 0.000e+00, 2.004e+00, 9.983e+02, 2.848e-12
1.175e+00, 5.000e-01, -2.500e-02, 1.102e+05, 0.000e+00, 1.855e-09, 0.000e+00, 2.002e+00, 9.983e+02, 8.150e-13
1.175e+00, 5.000e-01, -1.500e-02, 1.101e+05, 0.000e+00, 5.167e-10, 0.000e+00, 2.000e+00, 9.983e+02, 2.270e-13
1.175e+00, 5.000e-01, -5.000e-03, 1.100e+05, 0.000e+00, 1.613e-10, 0.000e+00, 1.999e+00, 9.983e+02, 7.085e-14
1.185e+00, 5.000e-01, -1.195e+00, 1.202e+05, 0.000e+00, 1.002e-13, 0.000e+00, 2.184e+00, 9.983e+02, 2.000e-17
1.185e+00, 5.000e-01, -1.185e+00, 1.201e+05, 0.000e+00, 1.002e-13, 0.000e+00, 2.182e+00, 9.983e+02, 2.000e-17
1.185e+00, 5.000e-01, -1.175e+00, 1.200e+05, 0.000e+00, 1.002e-13, 0.000e+00, 2.181e+00, 9.983e+02, 2.000e-17
1.185e+00, 5.000e-01, -1.165e+00, 1.199e+05, 0.000e+00, 1.002e-13, 0.000e+00, 2.179e+00, 9.983e+02, 2.000e-17
1.185e+00, 5.000e-01, -1.155e+00, 1.198e+05, 0.000e+00, 1.002e-13, 0.000e+00, 2.177e+00, 9.983e+02, 2.000e-17
1.185e+00, 5.000e-01, -1.145e+00, 1.197e+05, 0.000e+00, 1.002e-13, 0.000e+00, 2.175e+00, 9.983e+02, 2.000e-17
1.185e+00, 5.000e-01, -1.135e+00, 1.196e+05, 0.000e+00, 1.002e-13, 0.000e+00, 2.173e+00, 9.983e+02, 2.000e-17
1.185e+00, 5.000e-01, -1.125e+00, 1.195e+05, 0.000e+00, 1.002e-13, 0.000e+00, 2.172e+00, 9.983e+02, 2.000e-17
1.185e+00, 5.000e-01, -1.115e+00, 1.194e+05, 0.000e+00, 1.002e-13, 0.000e+00, 2.170e+00, 9.983e+02, 2.000e-17
1.185e+00, 5.000e-01, -1.105e+00, 1.193e+05, 0.000e+00, 2.221e-09, 0.000e+00, 2.168e+00, 9.983e+02, 8.107e-13
1.185e+00, 5.000e-01, -1.095e+00, 1.192e+05, 0.000e+00, 1.164e-03, 0.000e+00, 2.167e+00, 9.985e+02, 4.249e-07
1.185e+00, 5.000e-01, -1.085e+00, 1.191e+05, 0.000e+00, 1.096e-03, 0.000e+00, 2.165e+00, 9.985e+02, 4.704e-07
1.185e+00, 5.000e-01, -1.075e+00, 1.190e+05, 0.000e+00, 9.893e-04, 0.000e+00, 2.163e+00, 9.984e+02, 4.247e-07
1.185e+00, 5.000e-01, -1.065e+00, 1.189e+05, 0.000e+00, 8.694e-04, 0.000e+00, 2.161e+00, 9.984e+02, 3.733e-07
1.185e+00, 5.000e-01, -1.055e+00, 1.188e+05, 0.000e+00, 7.633e-04, 0.000e+00, 2.159e+00, 9.984e+02, 3.277e-07
1.185e+00, 5.000e-01, -1.045e+00, 1.187e+05, 0.000e+00, 6.811e-04, 0.000e+00, 2.158e+00, 9.984e+02, 2.924e-07
1.185e+00, 5.000e-01, -1.035e+00, 1.186e+05, 0.000e+00, 6.253e-04, 0.000e+00, 2.156e+00, 9.984e+02, 2.684e-07
1.185e+00, 5.000e-01, -1.025e+00, 1.185e+05, 0.000e+00, 5.960e-04, 0.000e+00, 2.154e+00, 9.984e+02, 2.559e-07
1.185e+00, 5.000e-01, -1.015e+00, 1.185e+05, 0.000e+00, 5.824e-04, 0.000e+00, 2.152e+00, 9.984e+02, 2.500e-07
1.185e+00, 5.000e-01, -1.005e+00, 1.184e+05, 0.000e+00, 5.740e-04, 0.000e+00, 2.150e+00, 9.984e+02, 2.464e-07
1.185e+00, 5.000e-01, -9.950e-01, 1.183e+05, 0.000e+00, 5.665e-04, 0.000e+00, 2.149e+00, 9.984e+02, 2.432e-07
1.185e+00, 5.000e-01, -9.850e-01, 1.182e+05, 0.000e+00, 5.583e-04, 0.000e+00, 2.147e+00, 9.984e+02, 2.397e-07
1.185e+00, 5.000e-01, -9.750e-01, 1.181e+05, 0.000e+00, 5.492e-04, 0.000e+00, 2.145e+00, 9.984e+02, 2.358e-07
1.185e+00, 5.000e-01, -9.650e-01, 1.180e+05, 0.000e+00, 5.390e-04, 0.000e+00, 2.143e+00, 9.984e+02, 2.314e-07
1.185e+00, 5.000e-01, -9.550e-01, 1.179e+05, 0.000e+00, 5.278e-04, 0.000e+00, 2.141e+00, 9.984e+02, 2.266e-07
1.185e+00, 5.000e-01, -9.450e-01, 1.178e+05, 0.000e+00, 5.152e-04, 0.000e+00, 2.140e+00, 9.984e+02, 2.212e-07
1.185e+00, 5.000e-01, -9.350e-01, 1.177e+05, 0.000e+00, 5.015e-04, 0.000e+00, 2.138e+00, 9.984e+02, 2.153e-07
1.185e+00, 5.000e-01, -9.250e-01, 1.176e+05, 0.000e+00, 4.892e-04, 0.000e+00, 2.136e+00, 9.984e+02, 2.100e-07
1.185e+00, 5.000e-01, -9.150e-01, 1.175e+05, 0.000e+00, 4.810e-04, 0.000e+00, 2.134e+00, 9.984e+02, 2.065e-07
1.185e+00, 5.000e-01, -9.050e-01, 1.174e+05, 0.000e+00, 4.770e-04, 0.000e+00, 2.132e+00, 9.983e+02, 2.048e-07
1.185e+00, 5.000e-01, -8.950e-01, 1.173e+05, 0.000e+00, 4.760e-04, 0.000e+00, 2.131e+00, 9.983e+02, 2.043e-07
1.185e+00, 5.000e-01, -8.850e-01, 1.172e+05, 0.000e+00, 4.765e-04, 0.000e+00, 2.129e+00, 9.983e+02, 2.046e-07
1.185e+00, 5.000e-01, -8.750e-01, 1.171e+05, 0.000e+00, 4.780e-04, 0.000e+00, 2.127e+00, 9.983e+02, 2.052e-07
1.185e+00, 5.000e-01, -8.650e-01, 1.170e+05, 0.000e+00, 4.800e-04, 0.000e+00, 2.125e+00, 9.984e+02, 2.061e-07
1.185e+00, 5.000e-01, -8.550e-01, 1.169e+05, 0.000e+00, 4.824e-04, 0.000e+00, 2.124e+00, 9.984e+02, 2.071e-07
1.185e+00, 5.000e-01, -8.450e-01, 1.168e+05, 0.000e+00, 4.850e-04, 0.000e+00, 2.122e+00, 9.984e+02, 2.082e-07
1.185e+00, 5.000e-01, -8.350e-01, 1.167e+05, 0.000e+00, 4.876e-04, 0.000e+00, 2.120e+00, 9.984e+02, 2.093e-07
1.185e+00, 5.000e-01, -8.250e-01, 1.166e+05, 0.000e+00, 4.896e-04, 0.000e+00, 2.118e+00, 9.984e+02, 2.102e-07
1.185e+00, 5.000e-01, -8.150e-01, 1.165e+05, 0.000e+00, 4.908e-04, 0.000e+00, 2.116e+00, 9.984e+02, 2.107e-07
1.185e+00, 5.000e-01, -8.050e-01, 1.164e+05, 0.000e+00, 4.908e-04, 0.000e+00, 2.115e+00, 9.984e+02, 2.107e-07
1.185e+00, 5.000e-01, -7.950e-01, 1.163e+05, 0.000e+00, 4.898e-04, 0.000e+00, 2.113e+00, 9.984e+02, 2.103e-07
1.185e+00, 5.000e-01, -7.850e-01, 1.162e+05, 0.000e+00, 4.881e-04, 0.000e+00, 2.111e+00, 9.984e+02, 2.095e-07
1.185e+00, 5.000e-01, -7.750e-01, 1.161e+05, 0.000e+00, 4.867e-04, 0.000e+00, 2.109e+00, 9.984e+02, 2.089e-07
1.185e+00, 5.000e-01, -7.650e-01, 1.160e+05, 0.000e+00, 4.878e-04, 0.000e+00, 2.107e+00, 9.984e+02, 2.094e-07
1.185e+00, 5.000e-01, -7.550e-01, 1.159e+05, 0.000e+00, 4.911e-04, 0.000e+00, 2.106e+00, 9.984e+02, 2.108e-07
1.185e+00, 5.000e-01, -7.450e-01, 1.158e+05, 0.000e+00, 5.031e-04, 0.000e+00, 2.104e+00, 9.984e+02, 2.160e-07
1.185e+00, 5.000e-01, -7.350e-01, 1.157e+05, 6.747e-07, 5.987e-04, 0.000e+00, 2.102e+00, 9.984e+02, 2.570e-07
1.185e+00, 5.000e-01, -7.250e-01, 1.156e+05, 4.716e-01, 1.895e-03, 0.000e+00, 2.100e+00, 9.986e+02, 8.573e-07
1.185e+00, 5.000e-01, -7.150e-01, 1.170e+05, 0.000e+00, 6.559e-04, 0.000e+00, 2.126e+00, 9.984e+02, 2.881e-07
1.185e+00, 5.000e-01, -7.050e-01, 1.169e+05, 0.000e+00, 4.496e-04, 0.000e+00, 2.124e+00, 9.983e+02, 1.975e-07
1.185e+00, 5.000e-01, -6.950e-01, 1.168e+05, 0.000e+00, 3.096e-04, 0.000e+00, 2.122e+00, 9.983e+02, 1.360e-07
1.185e+00, 5.000e-01, -6.850e-01, 1.167e+05, 0.000e+00, 2.003e-04, 0.000e+00, 2.120e+00, 9.983e+02, 8.798e-08
1.185e+00, 5.000e-01, -6.750e-01, 1.166e+05, 0.000e+00, 1.205e-04, 0.000e+00, 2.119e+00, 9.983e+02, 5.292e-08
1.185e+00, 5.000e-01, -6.650e-01, 1.165e+05, 0.000e+00, 6.761e-05, 0.000e+00, 2.117e+00, 9.983e+02, 2.970e-08
1.185e+00, 5.000e-01, -6.550e-01, 1.164e+05, 0.000e+00, 3.642e-05, 0.000e+00, 2.115e+00, 9.983e+02, 1.600e-08
1.185e+00, 5.000e-01, -6.450e-01, 1.163e+05, 0.000e+00, 2.169e-05, 0.000e+00, 2.113e+00, 9.983e+02, 9.526e-09
1.185e+00, 5.000e-01, -6.350e-01, 1.162e+05, 0.000e+00, 2.069e-05, 0.000e+00, 2.111e+00, 9.983e+02, 9.087e-09
1.185e+00, 5.000e-01, -6.250e-01, 1.161e+05, 0.000e+00, 3.487e-05, 0.000e+00, 2.110e+00, 9.983e+02, 1.532e-08
1.185e+00, 5.000e-01, -6.150e-01, 1.160e+05, 0.000e+00, 7.016e-05, 0.000e+00, 2.108e+00, 9.983e+02, 3.082e-08
1.185e+00, 5.000e-01, -6.050e-01, 1.159e+05, 0.000e+00, 1.349e-04, 0.000e+00, 2.106e+00, 9.983e+02, 5.925e-08
1.185e+00, 5.000e-01, -5.950e-01, 1.158e+05, 0.000e+00, 2.340e-04, 0.000e+00, 2.104e+00, 9.983e+02, 1.028e-07
1.185e+00, 5.000e-01, -5.850e-01, 1.157e+05, 0.000e+00, 3.613e-04, 0.000e+00, 2.102e+00, 9.983e+02, 1.587e-07
1.185e+00, 5.000e-01, -5.750e-01, 1.156e+05, 0.000e+00, 4.942e-04, 0.000e+00, 2.101e+00, 9.984e+02, 2.171e-07
1.185e+00, 5.000e-01, -5.650e-01, 1.141e+05, 0.000e+00, 5.998e-04, 0.000e+00, 2.072e+00, 9.984e+02, 2.694e-07
1.185e+00, 5.000e-01, -5.550e-01, 1.140e+05, 0.000e+00, 6.370e-04, 0.000e+00, 2.070e+00, 9.984e+02, 2.862e-07
1.185e+00, 5.000e-01, -5.450e-01, 1.139e+05, 0.000e+00, 6.327e-04, 0.000e+00, 2.068e+00, 9.984e+02, 2.820e-07
1.185e+00, 5.000e-01, -5.350e-01, 1.137e+05, 0.000e+00, 6.082e-04, 0.000e+00, 2.066e+00, 9.984e+02, 2.611e-07
1.185e+00, 5.000e-01, -5.250e-01, 1.137e+05, 0.000e+00, 5.661e-04, 0.000e+00, 2.064e+00, 9.984e+02, 2.430e-07
1.185e+00, 5.000e-01, -5.150e-01, 1.136e+05, 0.000e+00, 5.254e-04, 0.000e+00, 2.063e+00, 9.984e+02, 2.255e-07
1.185e+00, 5.000e-01, -5.050e-01, 1.135e+05, 0.000e+00, 4.905e-04, 0.000e+00, 2.061e+00, 9.984e+02, 2.106e-07
1.185e+00, 5.000e-01, -4.950e-01, 1.134e+05, 0.000e+00, 4.611e-04, 0.000e+00, 2.059e+00, 9.983e+02, 1.979e-07
1.185e+00, 5.000e-01, -4.850e-01, 1.133e+05, 0.000e+00, 4.397e-04, 0.000e+00, 2.057e+00, 9.983e+02, 1.887e-07
1.185e+00, 5.000e-01, -4.750e-01, 1.132e+05, 0.000e+00, 4.222e-04, 0.000e+00, 2.056e+00, 9.983e+02, 1.812e-07
1.185e+00, 5.000e-01, -4.650e-01, 1.131e+05, 0.000e+00, 4.059e-04, 0.000e+00, 2.054e+00, 9.983e+02, 1.742e-07
1.185e+00, 5.000e-01, -4.550e-01, 1.130e+05, 0.000e+00, 3.899e-04, 0.000e+00, 2.052e+00, 9.983e+02, 1.674e-07
1.185e+00, 5.000e-01, -4.450e-01, 1.129e+05, 0.000e+00, 3.735e-04, 0.000e+00, 2.050e+00, 9.983e+02, 1.612e-07
1.185e+00, 5.000e-01, -4.350e-01, 1.128e+05, 0.000e+00, 3.561e-04, 0.000e+00, 2.049e+00, 9.983e+02, 1.600e-07
1.185e+00, 5.000e-01, -4.250e-01, 1.127e+05, 0.000e+00, 3.375e-04, 0.000e+00, 2.047e+00, 9.983e+02, 1.516e-07
1.185e+00, 5.000e-01, -4.150e-01, 1.126e+05, 0.000e+00, 3.172e-04, 0.000e+00, 2.045e+00, 9.983e+02, 1.425e-07
1.185e+00, 5.000e-01, -4.050e-01, 1.125e+05, 0.000e+00, 2.952e-04, 0.000e+00, 2.043e+00, 9.983e+02, 1.326e-07
1.185e+00, 5.000e-01, -3.950e-01, 1.124e+05, 0.000e+00, 2.710e-04, 0.000e+00, 2.041e+00, 9.983e+02, 1.217e-07
1.185e+00, 5.000e-01, -3.850e-01, 1.123e+05, 0.000e+00, 2.444e-04, 0.000e+00, 2.040e+00, 9.983e+02, 1.098e-07
1.185e+00, 5.000e-01, -3.750e-01, 1.122e+05, 0.000e+00, 2.155e-04, 0.000e+00, 2.038e+00, 9.983e+02, 9.679e-08
1.185e+00, 5.000e-01, -3.650e-01, 1.121e+05, 0.000e+00, 1.846e-04, 0.000e+00, 2.036e+00, 9.983e+02, 8.295e-08
1.185e+00, 5.000e-01, -3.550e-01, 1.120e+05, 0.000e+00, 1.542e-04, 0.000e+00, 2.034e+00, 9.983e+02, 6.929e-08
1.185e+00, 5.000e-01, -3.450e-01, 1.120e+05, 0.000e+00, 1.286e-04, 0.000e+00, 2.034e+00, 9.983e+02, 5.690e-08
1.185e+00, 5.000e-01, -3.350e-01, 1.119e+05, 0.000e+00, 1.095e-04, 0.000e+00, 2.032e+00, 9.983e+02, 4.808e-08
1.185e+00, 5.000e-01, -3.250e-01, 1.118e+05, 0.000e+00, 9.781e-05, 0.000e+00, 2.030e+00, 9.983e+02, 4.296e-08
1.185e+00, 5.000e-01, -3.150e-01, 1.117e+05, 0.000e+00, 9.062e-05, 0.000e+00, 2.029e+00, 9.983e+02, 3.981e-08
1.185e+00, 5.000e-01, -3.050e-01, 1.116e+05, 0.000e+00, 8.281e-05, 0.000e+00, 2.027e+00, 9.983e+02, 3.644e-08
1.185e+00, 5.000e-01, -2.950e-01, 1.115e+05, 0.000e+00, 7.351e-05, 0.000e+00, 2.025e+00, 9.983e+02, 3.229e-08
1.185e+00, 5.000e-01, -2.850e-01, 1.114e+05, 0.000e+00, 6.393e-05, 0.000e+00, 2.023e+00, 9.983e+02, 2.808e-08
1.185e+00, 5.000e-01, -2.750e-01, 1.113e+05, 0.000e+00, 5.499e-05, 0.000e+00, 2.021e+00, 9.983e+02, 2.415e-08
1.185e+00, 5.000e-01, -2.650e-01, 1.112e+05, 0.000e+00, 4.935e-05, 0.000e+00, 2.020e+00, 9.983e+02, 2.168e-08
1.185e+00, 5.000e-01, -2.550e-01, 1.111e+05, 0.000e+00, 4.895e-05, 0.000e+00, 2.018e+00, 9.983e+02, 2.145e-08
1.185e+00, 5.000e-01, -2.450e-01, 1.112e+05, 0.000e+00, 5.403e-05, 0.000e+00, 2.020e+00, 9.983e+02, 2.319e-08
1.185e+00, 5.000e-01, -2.350e-01, 1.111e+05, 0.000e+00, 6.567e-05, 0.000e+00, 2.018e+00, 9.983e+02, 2.819e-08
1.185e+00, 5.000e-01, -2.250e-01, 1.110e+05, 0.000e+00, 8.309e-05, 0.000e+00, 2.016e+00, 9.983e+02, 3.567e-08
1.185e+00, 5.000e-01, -2.150e-01, 1.109e+05, 0.000e+00, 1.046e-04, 0.000e+00, 2.014e+00, 9.983e+02, 4.490e-08
1.185e+00, 5.000e-01, -2.050e-01, 1.108e+05, 0.000e+00, 1.295e-04, 0.000e+00, 2.012e+00, 9.983e+02, 5.561e-08
1.185e+00, 5.000e-01, -1.950e-01, 1.107e+05, 0.000e+00, 1.588e-04, 0.000e+00, 2.011e+00, 9.983e+02, 6.818e-08
1.185e+00, 5.000e-01, -1.850e-01, 1.106e+05, 0.000e+00, 1.951e-04, 0.000e+00, 2.009e+00, 9.983e+02, 8.375e-08
1.185e+00, 5.000e-01, -1.750e-01, 1.105e+05, 0.000e+00, 2.329e-04, 0.000e+00, 2.007e+00, 9.983e+02, 1.002e-07
1.185e+00, 5.000e-01, -1.650e-01, 1.116e+05, 0.000e+00, 2.411e-04, 0.000e+00, 2.027e+00, 9.983e+02, 1.059e-07
1.185e+00, 5.000e-01, -1.550e-01, 1.115e+05, 0.000e+00, 2.034e-04, 0.000e+00, 2.025e+00, 9.983e+02, 8.935e-08
1.185e+00, 5.000e-01, -1.450e-01, 1.114e+05, 0.000e+00, 1.443e-04, 0.000e+00, 2.024e+00, 9.983e+02, 6.336e-08
1.185e+00, 5.000e-01, -1.350e-01, 1.113e+05, 0.000e+00, 8.830e-05, 0.000e+00, 2.022e+00, 9.983e+02, 3.879e-08
1.185e+00, 5.000e-01, -1.250e-01, 1.112e+05, 0.000e+00, 4.777e-05, 0.000e+00, 2.020e+00, 9.983e+02, 2.098e-08
1.185e+00, 5.000e-01, -1.150e-01, 1.111e+05, 0.000e+00, 2.328e-05, 0.000e+00, 2.018e+00, 9.983e+02, 1.023e-08
1.185e+00, 5.000e-01, -1.050e-01, 1.110e+05, 0.000e+00, 1.039e-05, 0.000e+00, 2.017e+00, 9.983e+02, 4.562e-09
1.185e+00, 5.000e-01, -9.500e-02, 1.109e+05, 0.000e+00, 4.294e-06, 0.000e+00, 2.015e+00, 9.983e+02, 1.886e-09
1.185e+00, 5.000e-01, -8.500e-02, 1.108e+05, 0.000e+00, 1.661e-06, 0.000e+00, 2.013e+00, 9.983e+02, 7.295e-10
1.185e+00, 5.000e-01, -7.500e-02, 1.107e+05, 0.000e+00, 6.052e-07, 0.000e+00, 2.011e+00, 9.983e+02, 2.658e-10
1.185e+00, 5.000e-01, -6.500e-02, 1.106e+05, 0.000e+00, 2.088e-07, 0.000e+00, 2.009e+00, 9.983e+02, 9.170e-11
1.185e+00, 5.000e-01, -5.500e-02, 1.105e+05, 0.000e+00, 6.844e-08, 0.000e+00, 2.008e+00, 9.983e+02, 3.006e-11
1.185e+00, 5.000e-01, -4.500e-02, 1.104e+05, 0.000e+00, 2.137e-08, 0.000e+00, 2.006e+00, 9.983e+02, 9.387e-12
1.185e+00, 5.000e-01, -3.500e-02, 1.103e+05, 0.000e+00, 6.371e-09, 0.000e+00, 2.004e+00, 9.983e+02, 2.798e-12
1.185e+00, 5.000e-01, -2.500e-02, 1.102e+05, 0.000e+00, 1.818e-09, 0.000e+00, 2.002e+00, 9.983e+02, 7.986e-13
1.185e+00, 5.000e-01, -1.500e-02, 1.101e+05, 0.000e+00, 5.049e-10, 0.000e+00, 2.000e+00, 9.983e+02, 2.218e-13
1.185e+00, 5.000e-01, -5.000e-03, 1.100e+05, 0.000e+00, 1.572e-10, 0.000e+00, 1.999e+00, 9.983e+02, 6.905e-14
1.195e+00, 5.000e-01, -1.195e+00, 1.202e+05, 0.000e+00, 1.002e-13, 0.000e+00, 2.184e+00, 9.983e+02, 2.000e-17
1.195e+00, 5.000e-01, -1.185e+00, 1.201e+05, 0.000e+00, 1.002e-13, 0.000e+00, 2.182e+00, 9.983e+02, 2.000e-17
1.195e+00, 5.000e-01, -1.175e+00, 1.200e+05, 0.000e+00, 1.002e-13, 0.000e+00, 2.181e+00, 9.983e+02, 2.000e-17
1.195e+00, 5.000e-01, -1.165e+00, 1.199e+05, 0.000e+00, 1.002e-13, 0.000e+00, 2.179e+00, 9.983e+02, 2.000e-17
1.195e+00, 5.000e-01, -1.155e+00, 1.198e+05, 0.000e+00, 1.002e-13, 0.000e+00, 2.177e+00, 9.983e+02, 2.000e-17
1.195e+00, 5.000e-01, -1.145e+00, 1.197e+05, 0.000e+00, 1.002e-13, 0.000e+00, 2.175e+00, 9.983e+02, 2.000e-17
1.195e+00, 5.000e-01, -1.135e+00, 1.196e+05, 0.000e+00, 1.002e-13, 0.000e+00, 2.173e+00, 9.983e+02, 2.000e-17
1.195e+00, 5.000e-01, -1.125e+00, 1.195e+05, 0.000e+00, 1.002e-13, 0.000e+00, 2.172e+00, 9.983e+02, 2.000e-17
1.195e+00, 5.000e-01, -1.115e+00, 1.194e+05, 0.000e+00, 1.002e-13, 0.000e+00, 2.170e+00, 9.983e+02, 2.000e-17
1.195e+00, 5.000e-01, -1.105e+00, 1.193e+05, 0.000e+00, 2.221e-09, 0.000e+00, 2.168e+00, 9.983e+02, 8.106e-13
1.195e+00, 5.000e-01, -1.095e+00, 1.192e+05, 0.000e+00, 1.155e-03, 0.000e+00, 2.167e+00, 9.985e+02, 3.946e-07
1.195e+00, 5.000e-01, -1.085e+00, 1.191e+05, 0.000e+00, 1.098e-03, 0.000e+00, 2.165e+00, 9.985e+02, 4.715e-07
1.195e+00, 5.000e-01, -1.075e+00, 1.190e+05, 0.000e+00, 9.986e-04, 0.000e+00, 2.163e+00, 9.984e+02, 4.287e-07
1.195e+00, 5.000e-01, -1.065e+00, 1.189e+05, 0.000e+00, 8.803e-04, 0.000e+00, 2.161e+00, 9.984e+02, 3.779e-07
1.195e+00, 5.000e-01, -1.055e+00, 1.188e+05, 0.000e+00, 7.742e-04, 0.000e+00, 2.159e+00, 9.984e+02, 3.324e-07
1.195e+00, 5.000e-01, -1.045e+00, 1.187e+05, 0.000e+00, 6.915e-04, 0.000e+00, 2.158e+00, 9.984e+02, 2.969e-07
1.195e+00, 5.000e-01, -1.035e+00, 1.186e+05, 0.000e+00, 6.320e-04, 0.000e+00, 2.156e+00, 9.984e+02, 2.713e-07
1.195e+00, 5.000e-01, -1.025e+00, 1.185e+05, 0.000e+00, 5.963e-04, 0.000e+00, 2.154e+00, 9.984e+02, 2.560e-07
1.195e+00, 5.000e-01, -1.015e+00, 1.185e+05, 0.000e+00, 5.781e-04, 0.000e+00, 2.152e+00, 9.984e+02, 2.482e-07
1.195e+00, 5.000e-01, -1.005e+00, 1.184e+05, 0.000e+00, 5.667e-04, 0.000e+00, 2.150e+00, 9.984e+02, 2.433e-07
1.195e+00, 5.000e-01, -9.950e-01, 1.183e+05, 0.000e+00, 5.572e-04, 0.000e+00, 2.149e+00, 9.984e+02, 2.392e-07
1.195e+00, 5.000e-01, -9.850e-01, 1.182e+05, 0.000e+00, 5.475e-04, 0.000e+00, 2.147e+00, 9.984e+02, 2.350e-07
1.195e+00, 5.000e-01, -9.750e-01, 1.181e+05, 0.000e+00, 5.370e-04, 0.000e+00, 2.145e+00, 9.984e+02, 2.305e-07
1.195e+00, 5.000e-01, -9.650e-01, 1.180e+05, 0.000e+00, 5.254e-04, 0.000e+00, 2.143e+00, 9.984e+02, 2.255e-07
1.195e+00, 5.000e-01, -9.550e-01, 1.179e+05, 0.000e+00, 5.121e-04, 0.000e+00, 2.141e+00, 9.984e+02, 2.198e-07
1.195e+00, 5.000e-01, -9.450e-01, 1.178e+05, 0.000e+00, 4.966e-04, 0.000e+00, 2.140e+00, 9.984e+02, 2.132e-07
1.195e+00, 5.000e-01, -9.350e-01, 1.177e+05, 0.000e+00, 4.824e-04, 0.000e+00, 2.138e+00, 9.984e+02, 2.071e-07
1.195e+00, 5.000e-01, -9.250e-01, 1.176e+05, 0.000e+00, 4.737e-04, 0.000e+00, 2.136e+00, 9.983e+02, 2.033e-07
1.195e+00, 5.000e-01, -9.150e-01, 1.175e+05, 0.000e+00, 4.709e-04, 0.000e+00, 2.134e+00, 9.983e+02, 2.022e-07
1.195e+00, 5.000e-01, -9.050e-01, 1.174e+05, 0.000e+00, 4.728e-04, 0.000e+00, 2.132e+00, 9.983e+02, 2.030e-07
1.195e+00, 5.000e-01, -8.950e-01, 1.173e+05, 0.000e+00, 4.771e-04, 0.000e+00, 2.131e+00, 9.983e+02, 2.048e-07
1.195e+00, 5.000e-01, -8.850e-01, 1.172e+05, 0.000e+00, 4.816e-04, 0.000e+00, 2.129e+00, 9.984e+02, 2.068e-07
1.195e+00, 5.000e-01, -8.750e-01, 1.171e+05, 0.000e+00, 4.852e-04, 0.000e+00, 2.127e+00, 9.984e+02, 2.083e-07
1.195e+00, 5.000e-01, -8.650e-01, 1.170e+05, 0.000e+00, 4.870e-04, 0.000e+00, 2.125e+00, 9.984e+02, 2.091e-07
1.195e+00, 5.000e-01, -8.550e-01, 1.169e+05, 0.000e+00, 4.872e-04, 0.000e+00, 2.124e+00, 9.984e+02, 2.092e-07
1.195e+00, 5.000e-01, -8.450e-01, 1.168e+05, 0.000e+00, 4.864e-04, 0.000e+00, 2.122e+00, 9.984e+02, 2.088e-07
1.195e+00, 5.000e-01, -8.350e-01, 1.167e+05, 0.000e+00, 4.848e-04, 0.000e+00, 2.120e+00, 9.984e+02, 2.081e-07
1.195e+00, 5.000e-01, -8.250e-01, 1.166e+05, 0.000e+00, 4.827e-04, 0.000e+00, 2.118e+00, 9.984e+02, 2.072e-07
1.195e+00, 5.000e-01, -8.150e-01, 1.165e+05, 0.000e+00, 4.803e-04, 0.000e+00, 2.116e+00, 9.983e+02, 2.062e-07
1.195e+00, 5.000e-01, -8.050e-01, 1.164e+05, 0.000e+00, 4.777e-04, 0.000e+00, 2.115e+00, 9.983e+02, 2.051e-07
1.195e+00, 5.000e-01, -7.950e-01, 1.163e+05, 0.000e+00, 4.753e-04, 0.000e+00, 2.113e+00, 9.983e+02, 2.040e-07
1.195e+00, 5.000e-01, -7.850e-01, 1.162e+05, 0.000e+00, 4.736e-04, 0.000e+00, 2.111e+00, 9.983e+02, 2.033e-07
1.195e+00, 5.000e-01, -7.750e-01, 1.161e+05, 0.000e+00, 4.729e-04, 0.000e+00, 2.109e+00, 9.983e+02, 2.030e-07
1.195e+00, 5.000e-01, -7.650e-01, 1.160e+05, 0.000e+00, 4.734e-04, 0.000e+00, 2.107e+00, 9.983e+02, 2.032e-07
1.195e+00, 5.000e-01, -7.550e-01, 1.159e+05, 0.000e+00, 4.756e-04, 0.000e+00, 2.106e+00, 9.983e+02, 2.042e-07
1.195e+00, 5.000e-01, -7.450e-01, 1.158e+05, 0.000e+00, 4.911e-04, 0.000e+00, 2.104e+00, 9.984e+02, 2.108e-07
1.195e+00, 5.000e-01, -7.350e-01, 1.157e+05, 6.747e-07, 6.033e-04, 0.000e+00, 2.102e+00, 9.984e+02, 2.590e-07
1.195e+00, 5.000e-01, -7.250e-01, 1.156e+05, 4.716e-01, 1.895e-03, 0.000e+00, 2.100e+00, 9.986e+02, 8.562e-07
1.195e+00, 5.000e-01, -7.150e-01, 1.170e+05, 0.000e+00, 6.692e-04, 0.000e+00, 2.126e+00, 9.984e+02, 2.940e-07
1.195e+00, 5.000e-01, -7.050e-01, 1.169e+05, 0.000e+00, 4.619e-04, 0.000e+00, 2.124e+00, 9.983e+02, 2.029e-07
1.195e+00, 5.000e-01, -6.950e-01, 1.168e+05, 0.000e+00, 3.193e-04, 0.000e+00, 2.122e+00, 9.983e+02, 1.403e-07
1.195e+00, 5.000e-01, -6.850e-01, 1.167e+05, 0.000e+00, 2.073e-04, 0.000e+00, 2.120e+00, 9.983e+02, 9.105e-08
1.195e+00, 5.000e-01, -6.750e-01, 1.166e+05, 0.000e+00, 1.251e-04, 0.000e+00, 2.119e+00, 9.983e+02, 5.496e-08
1.195e+00, 5.000e-01, -6.650e-01, 1.165e+05, 0.000e+00, 7.047e-05, 0.000e+00, 2.117e+00, 9.983e+02, 3.095e-08
1.195e+00, 5.000e-01, -6.550e-01, 1.164e+05, 0.000e+00, 3.809e-05, 0.000e+00, 2.115e+00, 9.983e+02, 1.673e-08
1.195e+00, 5.000e-01, -6.450e-01, 1.163e+05, 0.000e+00, 2.264e-05, 0.000e+00, 2.113e+00, 9.983e+02, 9.943e-09
1.195e+00, 5.000e-01, -6.350e-01, 1.162e+05, 0.000e+00, 2.128e-05, 0.000e+00, 2.111e+00, 9.983e+02, 9.348e-09
1.195e+00, 5.000e-01, -6.250e-01, 1.161e+05, 0.000e+00, 3.534e-05, 0.000e+00, 2.110e+00, 9.983e+02, 1.552e-08
1.195e+00, 5.000e-01, -6.150e-01, 1.160e+05, 0.000e+00, 7.068e-05, 0.000e+00, 2.108e+00, 9.983e+02, 3.104e-08
1.195e+00, 5.000e-01, -6.050e-01, 1.159e+05, 0.000e+00, 1.356e-04, 0.000e+00, 2.106e+00, 9.983e+02, 5.956e-08
1.195e+00, 5.000e-01, -5.950e-01, 1.158e+05, 0.000e+00, 2.353e-04, 0.000e+00, 2.104e+00, 9.983e+02, 1.034e-07
1.195e+00, 5.000e-01, -5.850e-01, 1.157e+05, 0.000e+00, 3.637e-04, 0.000e+00, 2.102e+00, 9.983e+02, 1.597e-07
1.195e+00, 5.000e-01, -5.750e-01, 1.156e+05, 0.000e+00, 4.981e-04, 0.000e+00, 2.101e+00, 9.984e+02, 2.188e-07
1.195e+00, 5.000e-01, -5.650e-01, 1.141e+05, 0.000e+00, 6.049e-04, 0.000e+00, 2.072e+00, 9.984e+02, 2.718e-07
1.195e+00, 5.000e-01, -5.550e-01, 1.140e+05, 0.000e+00, 6.430e-04, 0.000e+00, 2.070e+00, 9.984e+02, 2.889e-07
1.195e+00, 5.000e-01, -5.450e-01, 1.139e+05, 0.000e+00, 6.412e-04, 0.000e+00, 2.068e+00, 9.984e+02, 2.862e-07
1.195e+00, 5.000e-01, -5.350e-01, 1.137e+05, 0.000e+00, 6.180e-04, 0.000e+00, 2.066e+00, 9.984e+02, 2.653e-07
1.195e+00, 5.000e-01, -5.250e-01, 1.137e+05, 0.000e+00, 5.762e-04, 0.000e+00, 2.064e+00, 9.984e+02, 2.474e-07
1.195e+00, 5.000e-01, -5.150e-01, 1.136e+05, 0.000e+00, 5.356e-04, 0.000e+00, 2.063e+00, 9.984e+02, 2.299e-07
1.195e+00, 5.000e-01, -5.050e-01, 1.135e+05, 0.000e+00, 5.009e-04, 0.000e+00, 2.061e+00, 9.984e+02, 2.150e-07
1.195e+00, 5.000e-01, -4.950e-01, 1.134e+05, 0.000e+00, 4.718e-04, 0.000e+00, 2.059e+00, 9.983e+02, 2.025e-07
1.195e+00, 5.000e-01, -4.850e-01, 1.133e+05, 0.000e+00, 4.496e-04, 0.000e+00, 2.057e+00, 9.983e+02, 1.930e-07
1.195e+00, 5.000e-01, -4.750e-01, 1.132e+05, 0.000e+00, 4.314e-04, 0.000e+00, 2.056e+00, 9.983e+02, 1.852e-07
1.195e+00, 5.000e-01, -4.650e-01, 1.131e+05, 0.000e+00, 4.143e-04, 0.000e+00, 2.054e+00, 9.983e+02, 1.778e-07
1.195e+00, 5.000e-01, -4.550e-01, 1.130e+05, 0.000e+00, 3.974e-04, 0.000e+00, 2.052e+00, 9.983e+02, 1.706e-07
1.195e+00, 5.000e-01, -4.450e-01, 1.129e+05, 0.000e+00, 3.801e-04, 0.000e+00, 2.050e+00, 9.983e+02, 1.636e-07
1.195e+00, 5.000e-01, -4.350e-01, 1.128e+05, 0.000e+00, 3.617e-04, 0.000e+00, 2.049e+00, 9.983e+02, 1.625e-07
1.195e+00, 5.000e-01, -4.250e-01, 1.127e+05, 0.000e+00, 3.423e-04, 0.000e+00, 2.047e+00, 9.983e+02, 1.538e-07
1.195e+00, 5.000e-01, -4.150e-01, 1.126e+05, 0.000e+00, 3.217e-04, 0.000e+00, 2.045e+00, 9.983e+02, 1.445e-07
1.195e+00, 5.000e-01, -4.050e-01, 1.125e+05, 0.000e+00, 2.993e-04, 0.000e+00, 2.043e+00, 9.983e+02, 1.345e-07
1.195e+00, 5.000e-01, -3.950e-01, 1.124e+05, 0.000e+00, 2.750e-04, 0.000e+00, 2.041e+00, 9.983e+02, 1.235e-07
1.195e+00, 5.000e-01, -3.850e-01, 1.123e+05, 0.000e+00, 2.486e-04, 0.000e+00, 2.040e+00, 9.983e+02, 1.117e-07
1.195e+00, 5.000e-01, -3.750e-01, 1.122e+05, 0.000e+00, 2.199e-04, 0.000e+00, 2.038e+00, 9.983e+02, 9.881e-08
1.195e+00, 5.000e-01, -3.650e-01, 1.121e+05, 0.000e+00, 1.897e-04, 0.000e+00, 2.036e+00, 9.983e+02, 8.522e-08
1.195e+00, 5.000e-01, -3.550e-01, 1.120e+05, 0.000e+00, 1.594e-04, 0.000e+00, 2.034e+00, 9.983e+02, 7.159e-08
1.195e+00, 5.000e-01, -3.450e-01, 1.120e+05, 0.000e+00, 1.322e-04, 0.000e+00, 2.034e+00, 9.983e+02, 5.858e-08
1.195e+00, 5.000e-01, -3.350e-01, 1.119e+05, 0.000e+00, 1.093e-04, 0.000e+00, 2.032e+00, 9.983e+02, 4.800e-08
1.195e+00, 5.000e-01, -3.250e-01, 1.118e+05, 0.000e+00, 9.164e-05, 0.000e+00, 2.030e+00, 9.983e+02, 4.025e-08
1.195e+00, 5.000e-01, -3.150e-01, 1.117e+05, 0.000e+00, 7.871e-05, 0.000e+00, 2.029e+00, 9.983e+02, 3.457e-08
1.195e+00, 5.000e-01, -3.050e-01, 1.116e+05, 0.000e+00, 6.748e-05, 0.000e+00, 2.027e+00, 9.983e+02, 2.992e-08
1.195e+00, 5.000e-01, -2.950e-01, 1.115e+05, 0.000e+00, 5.631e-05, 0.000e+00, 2.025e+00, 9.983e+02, 2.473e-08
1.195e+00, 5.000e-01, -2.850e-01, 1.114e+05, 0.000e+00, 4.669e-05, 0.000e+00, 2.023e+00, 9.983e+02, 2.051e-08
1.195e+00, 5.000e-01, -2.750e-01, 1.113e+05, 0.000e+00, 4.094e-05, 0.000e+00, 2.021e+00, 9.983e+02, 1.798e-08
1.195e+00, 5.000e-01, -2.650e-01, 1.112e+05, 0.000e+00, 4.182e-05, 0.000e+00, 2.020e+00, 9.983e+02, 1.837e-08
1.195e+00, 5.000e-01, -2.550e-01, 1.111e+05, 0.000e+00, 4.864e-05, 0.000e+00, 2.018e+00, 9.983e+02, 2.125e-08
1.195e+00, 5.000e-01, -2.450e-01, 1.112e+05, 0.000e+00, 6.147e-05, 0.000e+00, 2.020e+00, 9.983e+02, 2.639e-08
1.195e+00, 5.000e-01, -2.350e-01, 1.111e+05, 0.000e+00, 8.303e-05, 0.000e+00, 2.018e+00, 9.983e+02, 3.564e-08
1.195e+00, 5.000e-01, -2.250e-01, 1.110e+05, 0.000e+00, 1.102e-04, 0.000e+00, 2.016e+00, 9.983e+02, 4.730e-08
1.195e+00, 5.000e-01, -2.150e-01, 1.109e+05, 0.000e+00, 1.390e-04, 0.000e+00, 2.014e+00, 9.983e+02, 5.965e-08
1.195e+00, 5.000e-01, -2.050e-01, 1.108e+05, 0.000e+00, 1.703e-04, 0.000e+00, 2.012e+00, 9.983e+02, 7.312e-08
1.195e+00, 5.000e-01, -1.950e-01, 1.107e+05, 0.000e+00, 2.015e-04, 0.000e+00, 2.011e+00, 9.983e+02, 8.649e-08
1.195e+00, 5.000e-01, -1.850e-01, 1.106e+05, 0.000e+00, 2.315e-04, 0.000e+00, 2.009e+00, 9.983e+02, 9.939e-08
1.195e+00, 5.000e-01, -1.750e-01, 1.105e+05, 0.000e+00, 2.572e-04, 0.000e+00, 2.007e+00, 9.983e+02, 1.107e-07
1.195e+00, 5.000e-01, -1.650e-01, 1.116e+05, 0.000e+00, 2.526e-04, 0.000e+00, 2.027e+00, 9.983e+02, 1.109e-07
1.195e+00, 5.000e-01, -1.550e-01, 1.115e+05, 0.000e+00, 2.070e-04, 0.000e+00, 2.025e+00, 9.983e+02, 9.092e-08
1.195e+00, 5.000e-01, -1.450e-01, 1.114e+05, 0.000e+00, 1.444e-04, 0.000e+00, 2.024e+00, 9.983e+02, 6.345e-08
1.195e+00, 5.000e-01, -1.350e-01, 1.113e+05, 0.000e+00, 8.770e-05, 0.000e+00, 2.022e+00, 9.983e+02, 3.852e-08
1.195e+00, 5.000e-01, -1.250e-01, 1.112e+05, 0.000e+00, 4.728e-05, 0.000e+00, 2.020e+00, 9.983e+02, 2.077e-08
1.195e+00, 5.000e-01, -1.150e-01, 1.111e+05, 0.000e+00, 2.303e-05, 0.000e+00, 2.018e+00, 9.983e+02, 1.012e-08
1.195e+00, 5.000e-01, -1.050e-01, 1.110e+05, 0.000e+00, 1.028e-05, 0.000e+00, 2.017e+00, 9.983e+02, 4.517e-09
1.195e+00, 5.000e-01, -9.500e-02, 1.109e+05, 0.000e+00, 4.258e-06, 0.000e+00, 2.015e+00, 9.983e+02, 1.870e-09
1.195e+00, 5.000e-01, -8.500e-02, 1.108e+05, 0.000e+00, 1.650e-06, 0.000e+00, 2.013e+00, 9.983e+02, 7.246e-10
1.195e+00, 5.000e-01, -7.500e-02, 1.107e+05, 0.000e+00, 6.020e-07, 0.000e+00, 2.011e+00, 9.983e+02, 2.644e-10
1.195e+00, 5.000e-01, -6.500e-02, 1.106e+05, 0.000e+00, 2.079e-07, 0.000e+00, 2.009e+00, 9.983e+02, 9.132e-11
1.195e+00, 5.000e-01, -5.500e-02, 1.105e+05, 0.000e+00, 6.820e-08, 0.000e+00, 2.008e+00, 9.983e+02, 2.996e-11
1.195e+00, 5.000e-01, -4.500e-02, 1.104e+05, 0.000e+00, 2.130e-08, 0.000e+00, 2.006e+00, 9.983e+02, 9.357e-12
1.195e+00, 5.000e-01, -3.500e-02, 1.103e+05, 0.000e+00, 6.350e-09, 0.000e+00, 2.004e+00, 9.983e+02, 2.789e-12
1.195e+00, 5.000e-01, -2.500e-02, 1.102e+05, 0.000e+00, 1.812e-09, 0.000e+00, 2.002e+00, 9.983e+02, 7.958e-13
1.195e+00, 5.000e-01, -1.500e-02, 1.101e+05, 0.000e+00, 5.028e-10, 0.000e+00, 2.000e+00, 9.983e+02, 2.209e-13
1.195e+00, 5.000e-01, -5.000e-03, 1.100e+05, 0.000e+00, 1.565e-10, 0.000e+00, 1.999e+00, 9.983e+02, 6.875e-14
1.205e+00, 5.000e-01, -1.195e+00, 1.202e+05, 0.000e+00, 1.002e-13, 0.000e+00, 2.184e+00, 9.983e+02, 2.000e-17
1.205e+00, 5.000e-01, -1.185e+00, 1.201e+05, 0.000e+00, 1.002e-13, 0.000e+00, 2.182e+00, 9.983e+02, 2.000e-17
1.205e+00, 5.000e-01, -1.175e+00, 1.200e+05, 0.000e+00, 1.002e-13, 0.000e+00, 2.181e+00, 9.983e+02, 2.000e-17
1.205e+00, 5.000e-01, -1.165e+00, 1.199e+05, 0.000e+00, 1.002e-13, 0.000e+00, 2.179e+00, 9.983e+02, 2.000e-17
1.205e+00, 5.000e-01, -1.155e+00, 1.198e+05, 0.000e+00, 1.002e-13, 0.000e+00, 2.177e+00, 9.983e+02, 2.000e-17
1.205e+00, 5.000e-01, -1.145e+00, 1.197e+05, 0.000e+00, 1.002e-13, 0.000e+00, 2.175e+00, 9.983e+02, 2.000e-17
1.205e+00, 5.000e-01, -1.135e+00, 1.196e+05, 0.000e+00, 1.002e-13, 0.000e+00, 2.173e+00, 9.983e+02, 2.000e-17
1.205e+00, 5.000e-01, -1.125e+00, 1.195e+05, 0.000e+00, 1.002e-13, 0.000e+00, 2.172e+00, 9.983e+02, 2.000e-17
1.205e+00, 5.000e-01, -1.115e+00, 1.194e+05, 0.000e+00, 1.002e-13, 0.000e+00, 2.170e+00, 9.983e+02, 2.000e-17
1.205e+00, 5.000e-01, -1.105e+00, 1.193e+05, 0.000e+00, 2.204e-09, 0.000e+00, 2.168e+00, 9.983e+02, 7.529e-13
1.205e+00, 5.000e-01, -1.095e+00, 1.192e+05, 0.000e+00, 1.150e-03, 0.000e+00, 2.167e+00, 9.985e+02, 3.658e-07
1.205e+00, 5.000e-01, -1.085e+00, 1.191e+05, 0.000e+00, 1.100e-03, 0.000e+00, 2.165e+00, 9.985e+02, 4.721e-07
1.205e+00, 5.000e-01, -1.075e+00, 1.190e+05, 0.000e+00, 1.007e-03, 0.000e+00, 2.163e+00, 9.984e+02, 4.322e-07
1.205e+00, 5.000e-01, -1.065e+00, 1.189e+05, 0.000e+00, 8.898e-04, 0.000e+00, 2.161e+00, 9.984e+02, 3.820e-07
1.205e+00, 5.000e-01, -1.055e+00, 1.188e+05, 0.000e+00, 7.835e-04, 0.000e+00, 2.159e+00, 9.984e+02, 3.364e-07
1.205e+00, 5.000e-01, -1.045e+00, 1.187e+05, 0.000e+00, 7.004e-04, 0.000e+00, 2.158e+00, 9.984e+02, 3.007e-07
1.205e+00, 5.000e-01, -1.035e+00, 1.186e+05, 0.000e+00, 6.392e-04, 0.000e+00, 2.156e+00, 9.984e+02, 2.744e-07
1.205e+00, 5.000e-01, -1.025e+00, 1.185e+05, 0.000e+00, 5.979e-04, 0.000e+00, 2.154e+00, 9.984e+02, 2.567e-07
1.205e+00, 5.000e-01, -1.015e+00, 1.185e+05, 0.000e+00, 5.753e-04, 0.000e+00, 2.152e+00, 9.984e+02, 2.470e-07
1.205e+00, 5.000e-01, -1.005e+00, 1.184e+05, 0.000e+00, 5.607e-04, 0.000e+00, 2.150e+00, 9.984e+02, 2.407e-07
1.205e+00, 5.000e-01, -9.950e-01, 1.183e+05, 0.000e+00, 5.489e-04, 0.000e+00, 2.149e+00, 9.984e+02, 2.356e-07
1.205e+00, 5.000e-01, -9.850e-01, 1.182e+05, 0.000e+00, 5.375e-04, 0.000e+00, 2.147e+00, 9.984e+02, 2.307e-07
1.205e+00, 5.000e-01, -9.750e-01, 1.181e+05, 0.000e+00, 5.255e-04, 0.000e+00, 2.145e+00, 9.984e+02, 2.256e-07
1.205e+00, 5.000e-01, -9.650e-01, 1.180e+05, 0.000e+00, 5.122e-04, 0.000e+00, 2.143e+00, 9.984e+02, 2.199e-07
1.205e+00, 5.000e-01, -9.550e-01, 1.179e+05, 0.000e+00, 4.963e-04, 0.000e+00, 2.141e+00, 9.984e+02, 2.131e-07
1.205e+00, 5.000e-01, -9.450e-01, 1.178e+05, 0.000e+00, 4.810e-04, 0.000e+00, 2.140e+00, 9.984e+02, 2.065e-07
1.205e+00, 5.000e-01, -9.350e-01, 1.177e+05, 0.000e+00, 4.707e-04, 0.000e+00, 2.138e+00, 9.983e+02, 2.020e-07
1.205e+00, 5.000e-01, -9.250e-01, 1.176e+05, 0.000e+00, 4.680e-04, 0.000e+00, 2.136e+00, 9.983e+02, 2.009e-07
1.205e+00, 5.000e-01, -9.150e-01, 1.175e+05, 0.000e+00, 4.723e-04, 0.000e+00, 2.134e+00, 9.983e+02, 2.028e-07
1.205e+00, 5.000e-01, -9.050e-01, 1.174e+05, 0.000e+00, 4.811e-04, 0.000e+00, 2.132e+00, 9.984e+02, 2.066e-07
1.205e+00, 5.000e-01, -8.950e-01, 1.173e+05, 0.000e+00, 4.922e-04, 0.000e+00, 2.131e+00, 9.984e+02, 2.113e-07
1.205e+00, 5.000e-01, -8.850e-01, 1.172e+05, 0.000e+00, 5.032e-04, 0.000e+00, 2.129e+00, 9.984e+02, 2.160e-07
1.205e+00, 5.000e-01, -8.750e-01, 1.171e+05, 0.000e+00, 5.117e-04, 0.000e+00, 2.127e+00, 9.984e+02, 2.197e-07
1.205e+00, 5.000e-01, -8.650e-01, 1.170e+05, 0.000e+00, 5.154e-04, 0.000e+00, 2.125e+00, 9.984e+02, 2.213e-07
1.205e+00, 5.000e-01, -8.550e-01, 1.169e+05, 0.000e+00, 5.145e-04, 0.000e+00, 2.124e+00, 9.984e+02, 2.209e-07
1.205e+00, 5.000e-01, -8.450e-01, 1.168e+05, 0.000e+00, 5.102e-04, 0.000e+00, 2.122e+00, 9.984e+02, 2.190e-07
1.205e+00, 5.000e-01, -8.350e-01, 1.167e+05, 0.000e+00, 5.040e-04, 0.000e+00, 2.120e+00, 9.984e+02, 2.164e-07
1.205e+00, 5.000e-01, -8.250e-01, 1.166e+05, 0.000e+00, 4.972e-04, 0.000e+00, 2.118e+00, 9.984e+02, 2.134e-07
1.205e+00, 5.000e-01, -8.150e-01, 1.165e+05, 0.000e+00, 4.904e-04, 0.000e+00, 2.116e+00, 9.984e+02, 2.105e-07
1.205e+00, 5.000e-01, -8.050e-01, 1.164e+05, 0.000e+00, 4.841e-04, 0.000e+00, 2.115e+00, 9.984e+02, 2.078e-07
1.205e+00, 5.000e-01, -7.950e-01, 1.163e+05, 0.000e+00, 4.789e-04, 0.000e+00, 2.113e+00, 9.983e+02, 2.056e-07
1.205e+00, 5.000e-01, -7.850e-01, 1.162e+05, 0.000e+00, 4.750e-04, 0.000e+00, 2.111e+00, 9.983e+02, 2.039e-07
1.205e+00, 5.000e-01, -7.750e-01, 1.161e+05, 0.000e+00, 4.726e-04, 0.000e+00, 2.109e+00, 9.983e+02, 2.029e-07
1.205e+00, 5.000e-01, -7.650e-01, 1.160e+05, 0.000e+00, 4.717e-04, 0.000e+00, 2.107e+00, 9.983e+02, 2.025e-07
1.205e+00, 5.000e-01, -7.550e-01, 1.159e+05, 0.000e+00, 4.732e-04, 0.000e+00, 2.106e+00, 9.983e+02, 2.031e-07
1.205e+00, 5.000e-01, -7.450e-01, 1.158e+05, 0.000e+00, 5.000e-04, 0.000e+00, 2.104e+00, 9.984e+02, 2.146e-07
1.205e+00, 5.000e-01, -7.350e-01, 1.157e+05, 6.747e-07, 7.653e-04, 0.000e+00, 2.102e+00, 9.984e+02, 3.285e-07
1.205e+00, 5.000e-01, -7.250e-01, 1.156e+05, 4.717e-01, 1.895e-03, 0.000e+00, 2.100e+00, 9.986e+02, 8.558e-07
1.205e+00, 5.000e-01, -7.150e-01, 1.170e+05, 0.000e+00, 6.803e-04, 0.000e+00, 2.126e+00, 9.984e+02, 2.986e-07
1.205e+00, 5.000e-01, -7.050e-01, 1.169e+05, 0.000e+00, 4.741e-04, 0.000e+00, 2.124e+00, 9.983e+02, 2.082e-07
1.205e+00, 5.000e-01, -6.950e-01, 1.168e+05, 0.000e+00, 3.298e-04, 0.000e+00, 2.122e+00, 9.983e+02, 1.449e-07
1.205e+00, 5.000e-01, -6.850e-01, 1.167e+05, 0.000e+00, 2.154e-04, 0.000e+00, 2.120e+00, 9.983e+02, 9.460e-08
1.205e+00, 5.000e-01, -6.750e-01, 1.166e+05, 0.000e+00, 1.308e-04, 0.000e+00, 2.119e+00, 9.983e+02, 5.746e-08
1.205e+00, 5.000e-01, -6.650e-01, 1.165e+05, 0.000e+00, 7.416e-05, 0.000e+00, 2.117e+00, 9.983e+02, 3.257e-08
1.205e+00, 5.000e-01, -6.550e-01, 1.164e+05, 0.000e+00, 4.029e-05, 0.000e+00, 2.115e+00, 9.983e+02, 1.769e-08
1.205e+00, 5.000e-01, -6.450e-01, 1.163e+05, 0.000e+00, 2.384e-05, 0.000e+00, 2.113e+00, 9.983e+02, 1.047e-08
1.205e+00, 5.000e-01, -6.350e-01, 1.162e+05, 0.000e+00, 2.182e-05, 0.000e+00, 2.111e+00, 9.983e+02, 9.583e-09
1.205e+00, 5.000e-01, -6.250e-01, 1.161e+05, 0.000e+00, 3.536e-05, 0.000e+00, 2.110e+00, 9.983e+02, 1.553e-08
1.205e+00, 5.000e-01, -6.150e-01, 1.160e+05, 0.000e+00, 7.011e-05, 0.000e+00, 2.108e+00, 9.983e+02, 3.080e-08
1.205e+00, 5.000e-01, -6.050e-01, 1.159e+05, 0.000e+00, 1.343e-04, 0.000e+00, 2.106e+00, 9.983e+02, 5.901e-08
1.205e+00, 5.000e-01, -5.950e-01, 1.158e+05, 0.000e+00, 2.334e-04, 0.000e+00, 2.104e+00, 9.983e+02, 1.025e-07
1.205e+00, 5.000e-01, -5.850e-01, 1.157e+05, 0.000e+00, 3.618e-04, 0.000e+00, 2.102e+00, 9.983e+02, 1.589e-07
1.205e+00, 5.000e-01, -5.750e-01, 1.156e+05, 0.000e+00, 4.978e-04, 0.000e+00, 2.101e+00, 9.984e+02, 2.187e-07
1.205e+00, 5.000e-01, -5.650e-01, 1.141e+05, 0.000e+00, 6.076e-04, 0.000e+00, 2.072e+00, 9.984e+02, 2.727e-07
1.205e+00, 5.000e-01, -5.550e-01, 1.140e+05, 0.000e+00, 6.479e-04, 0.000e+00, 2.070e+00, 9.984e+02, 2.911e-07
1.205e+00, 5.000e-01, -5.450e-01, 1.139e+05, 0.000e+00, 6.489e-04, 0.000e+00, 2.068e+00, 9.984e+02, 2.900e-07
1.205e+00, 5.000e-01, -5.350e-01, 1.137e+05, 0.000e+00, 6.265e-04, 0.000e+00, 2.066e+00, 9.984e+02, 2.690e-07
1.205e+00, 5.000e-01, -5.250e-01, 1.137e+05, 0.000e+00, 5.851e-04, 0.000e+00, 2.064e+00, 9.984e+02, 2.512e-07
1.205e+00, 5.000e-01, -5.150e-01, 1.136e+05, 0.000e+00, 5.446e-04, 0.000e+00, 2.063e+00, 9.984e+02, 2.338e-07
1.205e+00, 5.000e-01, -5.050e-01, 1.135e+05, 0.000e+00, 5.103e-04, 0.000e+00, 2.061e+00, 9.984e+02, 2.191e-07
1.205e+00, 5.000e-01, -4.950e-01, 1.134e+05, 0.000e+00, 4.817e-04, 0.000e+00, 2.059e+00, 9.983e+02, 2.068e-07
1.205e+00, 5.000e-01, -4.850e-01, 1.133e+05, 0.000e+00, 4.590e-04, 0.000e+00, 2.057e+00, 9.983e+02, 1.971e-07
1.205e+00, 5.000e-01, -4.750e-01, 1.132e+05, 0.000e+00, 4.405e-04, 0.000e+00, 2.056e+00, 9.983e+02, 1.891e-07
1.205e+00, 5.000e-01, -4.650e-01, 1.131e+05, 0.000e+00, 4.230e-04, 0.000e+00, 2.054e+00, 9.983e+02, 1.816e-07
1.205e+00, 5.000e-01, -4.550e-01, 1.130e+05, 0.000e+00, 4.055e-04, 0.000e+00, 2.052e+00, 9.983e+02, 1.741e-07
1.205e+00, 5.000e-01, -4.450e-01, 1.129e+05, 0.000e+00, 3.876e-04, 0.000e+00, 2.050e+00, 9.983e+02, 1.664e-07
1.205e+00, 5.000e-01, -4.350e-01, 1.128e+05, 0.000e+00, 3.683e-04, 0.000e+00, 2.049e+00, 9.983e+02, 1.654e-07
1.205e+00, 5.000e-01, -4.250e-01, 1.127e+05, 0.000e+00, 3.482e-04, 0.000e+00, 2.047e+00, 9.983e+02, 1.564e-07
1.205e+00, 5.000e-01, -4.150e-01, 1.126e+05, 0.000e+00, 3.269e-04, 0.000e+00, 2.045e+00, 9.983e+02, 1.469e-07
1.205e+00, 5.000e-01, -4.050e-01, 1.125e+05, 0.000e+00, 3.043e-04, 0.000e+00, 2.043e+00, 9.983e+02, 1.367e-07
1.205e+00, 5.000e-01, -3.950e-01, 1.124e+05, 0.000e+00, 2.799e-04, 0.000e+00, 2.041e+00, 9.983e+02, 1.258e-07
1.205e+00, 5.000e-01, -3.850e-01, 1.123e+05, 0.000e+00, 2.536e-04, 0.000e+00, 2.040e+00, 9.983e+02, 1.139e-07
1.205e+00, 5.000e-01, -3.750e-01, 1.122e+05, 0.000e+00, 2.252e-04, 0.000e+00, 2.038e+00, 9.983e+02, 1.012e-07
1.205e+00, 5.000e-01, -3.650e-01, 1.121e+05, 0.000e+00, 1.954e-04, 0.000e+00, 2.036e+00, 9.983e+02, 8.776e-08
1.205e+00, 5.000e-01, -3.550e-01, 1.120e+05, 0.000e+00, 1.652e-04, 0.000e+00, 2.034e+00, 9.983e+02, 7.420e-08
1.205e+00, 5.000e-01, -3.450e-01, 1.120e+05, 0.000e+00, 1.374e-04, 0.000e+00, 2.034e+00, 9.983e+02, 6.095e-08
1.205e+00, 5.000e-01, -3.350e-01, 1.119e+05, 0.000e+00, 1.127e-04, 0.000e+00, 2.032e+00, 9.983e+02, 4.949e-08
1.205e+00, 5.000e-01, -3.250e-01, 1.118e+05, 0.000e+00, 9.180e-05, 0.000e+00, 2.030e+00, 9.983e+02, 4.032e-08
1.205e+00, 5.000e-01, -3.150e-01, 1.117e+05, 0.000e+00, 7.511e-05, 0.000e+00, 2.029e+00, 9.983e+02, 3.299e-08
1.205e+00, 5.000e-01, -3.050e-01, 1.116e+05, 0.000e+00, 6.142e-05, 0.000e+00, 2.027e+00, 9.983e+02, 2.747e-08
1.205e+00, 5.000e-01, -2.950e-01, 1.115e+05, 0.000e+00, 4.840e-05, 0.000e+00, 2.025e+00, 9.983e+02, 2.126e-08
1.205e+00, 5.000e-01, -2.850e-01, 1.114e+05, 0.000e+00, 3.936e-05, 0.000e+00, 2.023e+00, 9.983e+02, 1.729e-08
1.205e+00, 5.000e-01, -2.750e-01, 1.113e+05, 0.000e+00, 3.962e-05, 0.000e+00, 2.021e+00, 9.983e+02, 1.740e-08
1.205e+00, 5.000e-01, -2.650e-01, 1.112e+05, 0.000e+00, 5.128e-05, 0.000e+00, 2.020e+00, 9.983e+02, 2.253e-08
1.205e+00, 5.000e-01, -2.550e-01, 1.111e+05, 0.000e+00, 6.829e-05, 0.000e+00, 2.018e+00, 9.983e+02, 2.981e-08
1.205e+00, 5.000e-01, -2.450e-01, 1.112e+05, 0.000e+00, 9.499e-05, 0.000e+00, 2.020e+00, 9.983e+02, 4.078e-08
1.205e+00, 5.000e-01, -2.350e-01, 1.111e+05, 0.000e+00, 1.340e-04, 0.000e+00, 2.018e+00, 9.983e+02, 5.752e-08
1.205e+00, 5.000e-01, -2.250e-01, 1.110e+05, 0.000e+00, 1.793e-04, 0.000e+00, 2.016e+00, 9.983e+02, 7.699e-08
1.205e+00, 5.000e-01, -2.150e-01, 1.109e+05, 0.000e+00, 2.207e-04, 0.000e+00, 2.014e+00, 9.983e+02, 9.472e-08
1.205e+00, 5.000e-01, -2.050e-01, 1.108e+05, 0.000e+00, 2.478e-04, 0.000e+00, 2.012e+00, 9.983e+02, 1.064e-07
1.205e+00, 5.000e-01, -1.950e-01, 1.107e+05, 0.000e+00, 2.646e-04, 0.000e+00, 2.011e+00, 9.983e+02, 1.136e-07
1.205e+00, 5.000e-01, -1.850e-01, 1.106e+05, 0.000e+00, 2.773e-04, 0.000e+00, 2.009e+00, 9.983e+02, 1.190e-07
1.205e+00, 5.000e-01, -1.750e-01, 1.105e+05, 0.000e+00, 2.850e-04, 0.000e+00, 2.007e+00, 9.983e+02, 1.228e-07
1.205e+00, 5.000e-01, -1.650e-01, 1.116e+05, 0.000e+00, 2.664e-04, 0.000e+00, 2.027e+00, 9.983e+02, 1.170e-07
1.205e+00, 5.000e-01, -1.550e-01, 1.115e+05, 0.000e+00, 2.113e-04, 0.000e+00, 2.025e+00, 9.983e+02, 9.283e-08
1.205e+00, 5.000e-01, -1.450e-01, 1.114e+05, 0.000e+00, 1.446e-04, 0.000e+00, 2.024e+00, 9.983e+02, 6.351e-08
1.205e+00, 5.000e-01, -1.350e-01, 1.113e+05, 0.000e+00, 8.686e-05, 0.000e+00, 2.022e+00, 9.983e+02, 3.815e-08
1.205e+00, 5.000e-01, -1.250e-01, 1.112e+05, 0.000e+00, 4.661e-05, 0.000e+00, 2.020e+00, 9.983e+02, 2.047e-08
1.205e+00, 5.000e-01, -1.150e-01, 1.111e+05, 0.000e+00, 2.269e-05, 0.000e+00, 2.018e+00, 9.983e+02, 9.966e-09
1.205e+00, 5.000e-01, -1.050e-01, 1.110e+05, 0.000e+00, 1.015e-05, 0.000e+00, 2.017e+00, 9.983e+02, 4.457e-09
1.205e+00, 5.000e-01, -9.500e-02, 1.109e+05, 0.000e+00, 4.214e-06, 0.000e+00, 2.015e+00, 9.983e+02, 1.851e-09
1.205e+00, 5.000e-01, -8.500e-02, 1.108e+05, 0.000e+00, 1.638e-06, 0.000e+00, 2.013e+00, 9.983e+02, 7.196e-10
1.205e+00, 5.000e-01, -7.500e-02, 1.107e+05, 0.000e+00, 5.999e-07, 0.000e+00, 2.011e+00, 9.983e+02, 2.635e-10
1.205e+00, 5.000e-01, -6.500e-02, 1.106e+05, 0.000e+00, 2.078e-07, 0.000e+00, 2.009e+00, 9.983e+02, 9.129e-11
1.205e+00, 5.000e-01, -5.500e-02, 1.105e+05, 0.000e+00, 6.836e-08, 0.000e+00, 2.008e+00, 9.983e+02, 3.003e-11
1.205e+00, 5.000e-01, -4.500e-02, 1.104e+05, 0.000e+00, 2.140e-08, 0.000e+00, 2.006e+00, 9.983e+02, 9.401e-12
1.205e+00, 5.000e-01, -3.500e-02, 1.103e+05, 0.000e+00, 6.392e-09, 0.000e+00, 2.004e+00, 9.983e+02, 2.808e-12
1.205e+00, 5.000e-01, -2.500e-02, 1.102e+05, 0.000e+00, 1.826e-09, 0.000e+00, 2.002e+00, 9.983e+02, 8.022e-13
1.205e+00, 5.000e-01, -1.500e-02, 1.101e+05, 0.000e+00, 5.076e-10, 0.000e+00, 2.000e+00, 9.983e+02, 2.229e-13
1.205e+00, 5.000e-01, -5.000e-03, 1.100e+05, 0.000e+00, 1.582e-10, 0.000e+00, 1.999e+00, 9.983e+02, 6.950e-14
1.215e+00, 5.000e-01, -1.195e+00, 1.202e+05, 0.000e+00, 1.002e-13, 0.000e+00, 2.184e+00, 9.983e+02, 2.000e-17
1.215e+00, 5.000e-01, -1.185e+00, 1.201e+05, 0.000e+00, 1.002e-13, 0.000e+00, 2.182e+00, 9.983e+02, 2.000e-17
1.215e+00, 5.000e-01, -1.175e+00, 1.200e+05, 0.000e+00, 1.002e-13, 0.000e+00, 2.181e+00, 9.983e+02, 2.000e-17
1.215e+00, 5.000e-01, -1.165e+00, 1.199e+05, 0.000e+00, 1.002e-13, 0.000e+00, 2.179e+00, 9.983e+02, 2.000e-17
1.215e+00, 5.000e-01, -1.155e+00, 1.198e+05, 0.000e+00, 1.002e-13, 0.000e+00, 2.177e+00, 9.983e+02, 2.000e-17
1.215e+00, 5.000e-01, -1.145e+00, 1.197e+05, 0.000e+00, 1.002e-13, 0.000e+00, 2.175e+00, 9.983e+02, 2.000e-17
1.215e+00, 5.000e-01, -1.135e+00, 1.196e+05, 0.000e+00, 1.002e-13, 0.000e+00, 2.173e+00, 9.983e+02, 2.000e-17
1.215e+00, 5.000e-01, -1.125e+00, 1.195e+05, 0.000e+00, 1.002e-13, 0.000e+00, 2.172e+00, 9.983e+02, 2.000e-17
1.215e+00, 5.000e-01, -1.115e+00, 1.194e+05, 0.000e+00, 1.002e-13, 0.000e+00, 2.170e+00, 9.983e+02, 2.000e-17
1.215e+00, 5.000e-01, -1.105e+00, 1.193e+05, 0.000e+00, 2.363e-13, 0.000e+00, 2.168e+00, 9.983e+02, 6.012e-17
1.215e+00, 5.000e-01, -1.095e+00, 1.192e+05, 0.000e+00, 7.835e-08, 0.000e+00, 2.166e+00, 9.983e+02, 2.360e-11
1.215e+00, 5.000e-01, -1.085e+00, 1.191e+05, 0.000e+00, 1.098e-03, 0.000e+00, 2.165e+00, 9.985e+02, 4.715e-07
1.215e+00, 5.000e-01, -1.075e+00, 1.190e+05, 0.000e+00, 1.014e-03, 0.000e+00, 2.163e+00, 9.984e+02, 4.354e-07
1.215e+00, 5.000e-01, -1.065e+00, 1.189e+05, 0.000e+00, 8.982e-04, 0.000e+00, 2.161e+00, 9.984e+02, 3.856e-07
1.215e+00, 5.000e-01, -1.055e+00, 1.188e+05, 0.000e+00, 7.911e-04, 0.000e+00, 2.159e+00, 9.984e+02, 3.396e-07
1.215e+00, 5.000e-01, -1.045e+00, 1.187e+05, 0.000e+00, 7.074e-04, 0.000e+00, 2.158e+00, 9.984e+02, 3.037e-07
1.215e+00, 5.000e-01, -1.035e+00, 1.186e+05, 0.000e+00, 6.457e-04, 0.000e+00, 2.156e+00, 9.984e+02, 2.772e-07
1.215e+00, 5.000e-01, -1.025e+00, 1.185e+05, 0.000e+00, 6.002e-04, 0.000e+00, 2.154e+00, 9.984e+02, 2.576e-07
1.215e+00, 5.000e-01, -1.015e+00, 1.185e+05, 0.000e+00, 5.734e-04, 0.000e+00, 2.152e+00, 9.984e+02, 2.462e-07
1.215e+00, 5.000e-01, -1.005e+00, 1.184e+05, 0.000e+00, 5.557e-04, 0.000e+00, 2.150e+00, 9.984e+02, 2.386e-07
1.215e+00, 5.000e-01, -9.950e-01, 1.183e+05, 0.000e+00, 5.415e-04, 0.000e+00, 2.149e+00, 9.984e+02, 2.325e-07
1.215e+00, 5.000e-01, -9.850e-01, 1.182e+05, 0.000e+00, 5.283e-04, 0.000e+00, 2.147e+00, 9.984e+02, 2.268e-07
1.215e+00, 5.000e-01, -9.750e-01, 1.181e+05, 0.000e+00, 5.147e-04, 0.000e+00, 2.145e+00, 9.984e+02, 2.209e-07
1.215e+00, 5.000e-01, -9.650e-01, 1.180e+05, 0.000e+00, 4.993e-04, 0.000e+00, 2.143e+00, 9.984e+02, 2.143e-07
1.215e+00, 5.000e-01, -9.550e-01, 1.179e+05, 0.000e+00, 4.835e-04, 0.000e+00, 2.141e+00, 9.984e+02, 2.076e-07
1.215e+00, 5.000e-01, -9.450e-01, 1.178e+05, 0.000e+00, 4.706e-04, 0.000e+00, 2.140e+00, 9.983e+02, 2.020e-07
1.215e+00, 5.000e-01, -9.350e-01, 1.177e+05, 0.000e+00, 4.664e-04, 0.000e+00, 2.138e+00, 9.983e+02, 2.002e-07
1.215e+00, 5.000e-01, -9.250e-01, 1.176e+05, 0.000e+00, 4.735e-04, 0.000e+00, 2.136e+00, 9.983e+02, 2.033e-07
1.215e+00, 5.000e-01, -9.150e-01, 1.175e+05, 0.000e+00, 4.881e-04, 0.000e+00, 2.134e+00, 9.984e+02, 2.095e-07
1.215e+00, 5.000e-01, -9.050e-01, 1.174e+05, 0.000e+00, 5.048e-04, 0.000e+00, 2.132e+00, 9.984e+02, 2.167e-07
1.215e+00, 5.000e-01, -8.950e-01, 1.173e+05, 0.000e+00, 5.219e-04, 0.000e+00, 2.131e+00, 9.984e+02, 2.240e-07
1.215e+00, 5.000e-01, -8.850e-01, 1.172e+05, 0.000e+00, 5.395e-04, 0.000e+00, 2.129e+00, 9.984e+02, 2.316e-07
1.215e+00, 5.000e-01, -8.750e-01, 1.171e+05, 0.000e+00, 5.523e-04, 0.000e+00, 2.127e+00, 9.984e+02, 2.371e-07
1.215e+00, 5.000e-01, -8.650e-01, 1.170e+05, 0.000e+00, 5.571e-04, 0.000e+00, 2.125e+00, 9.984e+02, 2.392e-07
1.215e+00, 5.000e-01, -8.550e-01, 1.169e+05, 0.000e+00, 5.542e-04, 0.000e+00, 2.124e+00, 9.984e+02, 2.379e-07
1.215e+00, 5.000e-01, -8.450e-01, 1.168e+05, 0.000e+00, 5.459e-04, 0.000e+00, 2.122e+00, 9.984e+02, 2.344e-07
1.215e+00, 5.000e-01, -8.350e-01, 1.167e+05, 0.000e+00, 5.349e-04, 0.000e+00, 2.120e+00, 9.984e+02, 2.296e-07
1.215e+00, 5.000e-01, -8.250e-01, 1.166e+05, 0.000e+00, 5.231e-04, 0.000e+00, 2.118e+00, 9.984e+02, 2.246e-07
1.215e+00, 5.000e-01, -8.150e-01, 1.165e+05, 0.000e+00, 5.117e-04, 0.000e+00, 2.116e+00, 9.984e+02, 2.197e-07
1.215e+00, 5.000e-01, -8.050e-01, 1.164e+05, 0.000e+00, 5.015e-04, 0.000e+00, 2.115e+00, 9.984e+02, 2.153e-07
1.215e+00, 5.000e-01, -7.950e-01, 1.163e+05, 0.000e+00, 4.929e-04, 0.000e+00, 2.113e+00, 9.984e+02, 2.116e-07
1.215e+00, 5.000e-01, -7.850e-01, 1.162e+05, 0.000e+00, 4.861e-04, 0.000e+00, 2.111e+00, 9.984e+02, 2.087e-07
1.215e+00, 5.000e-01, -7.750e-01, 1.161e+05, 0.000e+00, 4.809e-04, 0.000e+00, 2.109e+00, 9.983e+02, 2.065e-07
1.215e+00, 5.000e-01, -7.650e-01, 1.160e+05, 0.000e+00, 4.774e-04, 0.000e+00, 2.107e+00, 9.983e+02, 2.049e-07
1.215e+00, 5.000e-01, -7.550e-01, 1.159e+05, 0.000e+00, 4.764e-04, 0.000e+00, 2.106e+00, 9.983e+02, 2.045e-07
1.215e+00, 5.000e-01, -7.450e-01, 1.158e+05, 0.000e+00, 4.965e-04, 0.000e+00, 2.104e+00, 9.984e+02, 2.132e-07
1.215e+00, 5.000e-01, -7.350e-01, 1.157e+05, 6.748e-07, 6.898e-04, 0.000e+00, 2.102e+00, 9.984e+02, 2.962e-07
1.215e+00, 5.000e-01, -7.250e-01, 1.156e+05, 4.718e-01, 1.895e-03, 0.000e+00, 2.100e+00, 9.986e+02, 8.558e-07
1.215e+00, 5.000e-01, -7.150e-01, 1.170e+05, 0.000e+00, 6.900e-04, 0.000e+00, 2.126e+00, 9.984e+02, 3.025e-07
1.215e+00, 5.000e-01, -7.050e-01, 1.169e+05, 0.000e+00, 4.851e-04, 0.000e+00, 2.124e+00, 9.984e+02, 2.131e-07
1.215e+00, 5.000e-01, -6.950e-01, 1.168e+05, 0.000e+00, 3.400e-04, 0.000e+00, 2.122e+00, 9.983e+02, 1.493e-07
1.215e+00, 5.000e-01, -6.850e-01, 1.167e+05, 0.000e+00, 2.237e-04, 0.000e+00, 2.120e+00, 9.983e+02, 9.825e-08
1.215e+00, 5.000e-01, -6.750e-01, 1.166e+05, 0.000e+00, 1.370e-04, 0.000e+00, 2.119e+00, 9.983e+02, 6.017e-08
1.215e+00, 5.000e-01, -6.650e-01, 1.165e+05, 0.000e+00, 7.833e-05, 0.000e+00, 2.117e+00, 9.983e+02, 3.440e-08
1.215e+00, 5.000e-01, -6.550e-01, 1.164e+05, 0.000e+00, 4.284e-05, 0.000e+00, 2.115e+00, 9.983e+02, 1.882e-08
1.215e+00, 5.000e-01, -6.450e-01, 1.163e+05, 0.000e+00, 2.519e-05, 0.000e+00, 2.113e+00, 9.983e+02, 1.107e-08
1.215e+00, 5.000e-01, -6.350e-01, 1.162e+05, 0.000e+00, 2.226e-05, 0.000e+00, 2.111e+00, 9.983e+02, 9.779e-09
1.215e+00, 5.000e-01, -6.250e-01, 1.161e+05, 0.000e+00, 3.491e-05, 0.000e+00, 2.110e+00, 9.983e+02, 1.533e-08
1.215e+00, 5.000e-01, -6.150e-01, 1.160e+05, 0.000e+00, 6.852e-05, 0.000e+00, 2.108e+00, 9.983e+02, 3.010e-08
1.215e+00, 5.000e-01, -6.050e-01, 1.159e+05, 0.000e+00, 1.313e-04, 0.000e+00, 2.106e+00, 9.983e+02, 5.766e-08
1.215e+00, 5.000e-01, -5.950e-01, 1.158e+05, 0.000e+00, 2.289e-04, 0.000e+00, 2.104e+00, 9.983e+02, 1.005e-07
1.215e+00, 5.000e-01, -5.850e-01, 1.157e+05, 0.000e+00, 3.566e-04, 0.000e+00, 2.102e+00, 9.983e+02, 1.567e-07
1.215e+00, 5.000e-01, -5.750e-01, 1.156e+05, 0.000e+00, 4.937e-04, 0.000e+00, 2.101e+00, 9.984e+02, 2.169e-07
1.215e+00, 5.000e-01, -5.650e-01, 1.141e+05, 0.000e+00, 6.064e-04, 0.000e+00, 2.072e+00, 9.984e+02, 2.716e-07
1.215e+00, 5.000e-01, -5.550e-01, 1.140e+05, 0.000e+00, 6.514e-04, 0.000e+00, 2.070e+00, 9.984e+02, 2.926e-07
1.215e+00, 5.000e-01, -5.450e-01, 1.139e+05, 0.000e+00, 6.560e-04, 0.000e+00, 2.068e+00, 9.984e+02, 2.936e-07
1.215e+00, 5.000e-01, -5.350e-01, 1.137e+05, 0.000e+00, 6.341e-04, 0.000e+00, 2.066e+00, 9.984e+02, 2.722e-07
1.215e+00, 5.000e-01, -5.250e-01, 1.137e+05, 0.000e+00, 5.928e-04, 0.000e+00, 2.064e+00, 9.984e+02, 2.545e-07
1.215e+00, 5.000e-01, -5.150e-01, 1.136e+05, 0.000e+00, 5.526e-04, 0.000e+00, 2.063e+00, 9.984e+02, 2.372e-07
1.215e+00, 5.000e-01, -5.050e-01, 1.135e+05, 0.000e+00, 5.189e-04, 0.000e+00, 2.061e+00, 9.984e+02, 2.228e-07
1.215e+00, 5.000e-01, -4.950e-01, 1.134e+05, 0.000e+00, 4.910e-04, 0.000e+00, 2.059e+00, 9.984e+02, 2.108e-07
1.215e+00, 5.000e-01, -4.850e-01, 1.133e+05, 0.000e+00, 4.682e-04, 0.000e+00, 2.057e+00, 9.983e+02, 2.010e-07
1.215e+00, 5.000e-01, -4.750e-01, 1.132e+05, 0.000e+00, 4.494e-04, 0.000e+00, 2.056e+00, 9.983e+02, 1.929e-07
1.215e+00, 5.000e-01, -4.650e-01, 1.131e+05, 0.000e+00, 4.317e-04, 0.000e+00, 2.054e+00, 9.983e+02, 1.853e-07
1.215e+00, 5.000e-01, -4.550e-01, 1.130e+05, 0.000e+00, 4.139e-04, 0.000e+00, 2.052e+00, 9.983e+02, 1.777e-07
1.215e+00, 5.000e-01, -4.450e-01, 1.129e+05, 0.000e+00, 3.955e-04, 0.000e+00, 2.050e+00, 9.983e+02, 1.698e-07
1.215e+00, 5.000e-01, -4.350e-01, 1.128e+05, 0.000e+00, 3.754e-04, 0.000e+00, 2.049e+00, 9.983e+02, 1.681e-07
1.215e+00, 5.000e-01, -4.250e-01, 1.127e+05, 0.000e+00, 3.547e-04, 0.000e+00, 2.047e+00, 9.983e+02, 1.593e-07
1.215e+00, 5.000e-01, -4.150e-01, 1.126e+05, 0.000e+00, 3.329e-04, 0.000e+00, 2.045e+00, 9.983e+02, 1.496e-07
1.215e+00, 5.000e-01, -4.050e-01, 1.125e+05, 0.000e+00, 3.100e-04, 0.000e+00, 2.043e+00, 9.983e+02, 1.393e-07
1.215e+00, 5.000e-01, -3.950e-01, 1.124e+05, 0.000e+00, 2.856e-04, 0.000e+00, 2.041e+00, 9.983e+02, 1.283e-07
1.215e+00, 5.000e-01, -3.850e-01, 1.123e+05, 0.000e+00, 2.594e-04, 0.000e+00, 2.040e+00, 9.983e+02, 1.165e-07
1.215e+00, 5.000e-01, -3.750e-01, 1.122e+05, 0.000e+00, 2.312e-04, 0.000e+00, 2.038e+00, 9.983e+02, 1.039e-07
1.215e+00, 5.000e-01, -3.650e-01, 1.121e+05, 0.000e+00, 2.016e-04, 0.000e+00, 2.036e+00, 9.983e+02, 9.056e-08
1.215e+00, 5.000e-01, -3.550e-01, 1.120e+05, 0.000e+00, 1.715e-04, 0.000e+00, 2.034e+00, 9.983e+02, 7.704e-08
1.215e+00, 5.000e-01, -3.450e-01, 1.120e+05, 0.000e+00, 1.434e-04, 0.000e+00, 2.034e+00, 9.983e+02, 6.366e-08
1.215e+00, 5.000e-01, -3.350e-01, 1.119e+05, 0.000e+00, 1.177e-04, 0.000e+00, 2.032e+00, 9.983e+02, 5.169e-08
1.215e+00, 5.000e-01, -3.250e-01, 1.118e+05, 0.000e+00, 9.495e-05, 0.000e+00, 2.030e+00, 9.983e+02, 4.171e-08
1.215e+00, 5.000e-01, -3.150e-01, 1.117e+05, 0.000e+00, 7.582e-05, 0.000e+00, 2.029e+00, 9.983e+02, 3.330e-08
1.215e+00, 5.000e-01, -3.050e-01, 1.115e+05, 0.000e+00, 5.989e-05, 0.000e+00, 2.025e+00, 9.983e+02, 2.699e-08
1.215e+00, 5.000e-01, -2.950e-01, 1.115e+05, 0.000e+00, 4.552e-05, 0.000e+00, 2.025e+00, 9.983e+02, 2.001e-08
1.215e+00, 5.000e-01, -2.850e-01, 1.114e+05, 0.000e+00, 4.126e-05, 0.000e+00, 2.023e+00, 9.983e+02, 1.812e-08
1.215e+00, 5.000e-01, -2.750e-01, 1.113e+05, 0.000e+00, 5.672e-05, 0.000e+00, 2.021e+00, 9.983e+02, 2.491e-08
1.215e+00, 5.000e-01, -2.650e-01, 1.112e+05, 0.000e+00, 9.170e-05, 0.000e+00, 2.020e+00, 9.983e+02, 4.028e-08
1.215e+00, 5.000e-01, -2.550e-01, 1.111e+05, 0.000e+00, 1.291e-04, 0.000e+00, 2.018e+00, 9.983e+02, 5.638e-08
1.215e+00, 5.000e-01, -2.450e-01, 1.112e+05, 0.000e+00, 1.875e-04, 0.000e+00, 2.020e+00, 9.983e+02, 8.051e-08
1.215e+00, 5.000e-01, -2.350e-01, 1.111e+05, 0.000e+00, 2.584e-04, 0.000e+00, 2.018e+00, 9.983e+02, 1.109e-07
1.215e+00, 5.000e-01, -2.250e-01, 1.110e+05, 0.000e+00, 3.120e-04, 0.000e+00, 2.016e+00, 9.983e+02, 1.339e-07
1.215e+00, 5.000e-01, -2.150e-01, 1.109e+05, 0.000e+00, 3.291e-04, 0.000e+00, 2.014e+00, 9.983e+02, 1.413e-07
1.215e+00, 5.000e-01, -2.050e-01, 1.108e+05, 0.000e+00, 3.316e-04, 0.000e+00, 2.012e+00, 9.983e+02, 1.423e-07
1.215e+00, 5.000e-01, -1.950e-01, 1.107e+05, 0.000e+00, 3.280e-04, 0.000e+00, 2.011e+00, 9.983e+02, 1.408e-07
1.215e+00, 5.000e-01, -1.850e-01, 1.106e+05, 0.000e+00, 3.224e-04, 0.000e+00, 2.009e+00, 9.983e+02, 1.384e-07
1.215e+00, 5.000e-01, -1.750e-01, 1.105e+05, 0.000e+00, 3.132e-04, 0.000e+00, 2.007e+00, 9.983e+02, 1.349e-07
1.215e+00, 5.000e-01, -1.650e-01, 1.116e+05, 0.000e+00, 2.798e-04, 0.000e+00, 2.027e+00, 9.983e+02, 1.229e-07
1.215e+00, 5.000e-01, -1.550e-01, 1.115e+05, 0.000e+00, 2.152e-04, 0.000e+00, 2.025e+00, 9.983e+02, 9.453e-08
1.215e+00, 5.000e-01, -1.450e-01, 1.114e+05, 0.000e+00, 1.444e-04, 0.000e+00, 2.024e+00, 9.983e+02, 6.343e-08
1.215e+00, 5.000e-01, -1.350e-01, 1.113e+05, 0.000e+00, 8.584e-05, 0.000e+00, 2.022e+00, 9.983e+02, 3.770e-08
1.215e+00, 5.000e-01, -1.250e-01, 1.112e+05, 0.000e+00, 4.586e-05, 0.000e+00, 2.020e+00, 9.983e+02, 2.014e-08
1.215e+00, 5.000e-01, -1.150e-01, 1.111e+05, 0.000e+00, 2.232e-05, 0.000e+00, 2.018e+00, 9.983e+02, 9.802e-09
1.215e+00, 5.000e-01, -1.050e-01, 1.110e+05, 0.000e+00, 1.000e-05, 0.000e+00, 2.017e+00, 9.983e+02, 4.394e-09
1.215e+00, 5.000e-01, -9.500e-02, 1.109e+05, 0.000e+00, 4.170e-06, 0.000e+00, 2.015e+00, 9.983e+02, 1.832e-09
1.215e+00, 5.000e-01, -8.500e-02, 1.108e+05, 0.000e+00, 1.628e-06, 0.000e+00, 2.013e+00, 9.983e+02, 7.151e-10
1.215e+00, 5.000e-01, -7.500e-02, 1.107e+05, 0.000e+00, 5.987e-07, 0.000e+00, 2.011e+00, 9.983e+02, 2.630e-10
1.215e+00, 5.000e-01, -6.500e-02, 1.106e+05, 0.000e+00, 2.083e-07, 0.000e+00, 2.009e+00, 9.983e+02, 9.148e-11
1.215e+00, 5.000e-01, -5.500e-02, 1.105e+05, 0.000e+00, 6.876e-08, 0.000e+00, 2.008e+00, 9.983e+02, 3.020e-11
1.215e+00, 5.000e-01, -4.500e-02, 1.104e+05, 0.000e+00, 2.160e-08, 0.000e+00, 2.006e+00, 9.983e+02, 9.486e-12
1.215e+00, 5.000e-01, -3.500e-02, 1.103e+05, 0.000e+00, 6.469e-09, 0.000e+00, 2.004e+00, 9.983e+02, 2.841e-12
1.215e+00, 5.000e-01, -2.500e-02, 1.102e+05, 0.000e+00, 1.853e-09, 0.000e+00, 2.002e+00, 9.983e+02, 8.139e-13
1.215e+00, 5.000e-01, -1.500e-02, 1.101e+05, 0.000e+00, 5.162e-10, 0.000e+00, 2.000e+00, 9.983e+02, 2.267e-13
1.215e+00, 5.000e-01, -5.000e-03, 1.100e+05, 0.000e+00, 1.613e-10, 0.000e+00, 1.999e+00, 9.983e+02, 7.086e-14
1.225e+00, 5.000e-01, -1.195e+00, 1.202e+05, 0.000e+00, 1.002e-13, 0.000e+00, 2.184e+00, 9.983e+02, 2.000e-17
1.225e+00, 5.000e-01, -1.185e+00, 1.201e+05, 0.000e+00, 1.002e-13, 0.000e+00, 2.182e+00, 9.983e+02, 2.000e-17
1.225e+00, 5.000e-01, -1.175e+00, 1.200e+05, 0.000e+00, 1.002e-13, 0.000e+00, 2.181e+00, 9.983e+02, 2.000e-17
1.225e+00, 5.000e-01, -1.165e+00, 1.199e+05, 0.000e+00, 1.002e-13, 0.000e+00, 2.179e+00, 9.983e+02, 2.000e-17
1.225e+00, 5.000e-01, -1.155e+00, 1.198e+05, 0.000e+00, 1.002e-13, 0.000e+00, 2.177e+00, 9.983e+02, 2.000e-17
1.225e+00, 5.000e-01, -1.145e+00, 1.197e+05, 0.000e+00, 1.002e-13, 0.000e+00, 2.175e+00, 9.983e+02, 2.000e-17
1.225e+00, 5.000e-01, -1.135e+00, 1.196e+05, 0.000e+00, 1.002e-13, 0.000e+00, 2.173e+00, 9.983e+02, 2.000e-17
1.225e+00, 5.000e-01, -1.125e+00, 1.195e+05, 0.000e+00, 1.002e-13, 0.000e+00, 2.172e+00, 9.983e+02, 2.000e-17
1.225e+00, 5.000e-01, -1.115e+00, 1.194e+05, 0.000e+00, 1.002e-13, 0.000e+00, 2.170e+00, 9.983e+02, 2.000e-17
1.225e+00, 5.000e-01, -1.105e+00, 1.193e+05, 0.000e+00, 2.363e-13, 0.000e+00, 2.168e+00, 9.983e+02, 6.011e-17
1.225e+00, 5.000e-01, -1.095e+00, 1.192e+05, 0.000e+00, 3.144e-09, 0.000e+00, 2.166e+00, 9.983e+02, 1.350e-12
1.225e+00, 5.000e-01, -1.085e+00, 1.191e+05, 0.000e+00, 1.101e-03, 0.000e+00, 2.165e+00, 9.985e+02, 4.727e-07
1.225e+00, 5.000e-01, -1.075e+00, 1.190e+05, 0.000e+00, 1.021e-03, 0.000e+00, 2.163e+00, 9.985e+02, 4.382e-07
1.225e+00, 5.000e-01, -1.065e+00, 1.189e+05, 0.000e+00, 9.055e-04, 0.000e+00, 2.161e+00, 9.984e+02, 3.887e-07
1.225e+00, 5.000e-01, -1.055e+00, 1.188e+05, 0.000e+00, 7.972e-04, 0.000e+00, 2.159e+00, 9.984e+02, 3.423e-07
1.225e+00, 5.000e-01, -1.045e+00, 1.187e+05, 0.000e+00, 7.126e-04, 0.000e+00, 2.158e+00, 9.984e+02, 3.059e-07
1.225e+00, 5.000e-01, -1.035e+00, 1.186e+05, 0.000e+00, 6.503e-04, 0.000e+00, 2.156e+00, 9.984e+02, 2.792e-07
1.225e+00, 5.000e-01, -1.025e+00, 1.185e+05, 0.000e+00, 6.029e-04, 0.000e+00, 2.154e+00, 9.984e+02, 2.588e-07
1.225e+00, 5.000e-01, -1.015e+00, 1.185e+05, 0.000e+00, 5.716e-04, 0.000e+00, 2.152e+00, 9.984e+02, 2.454e-07
1.225e+00, 5.000e-01, -1.005e+00, 1.184e+05, 0.000e+00, 5.511e-04, 0.000e+00, 2.150e+00, 9.984e+02, 2.366e-07
1.225e+00, 5.000e-01, -9.950e-01, 1.183e+05, 0.000e+00, 5.348e-04, 0.000e+00, 2.149e+00, 9.984e+02, 2.296e-07
1.225e+00, 5.000e-01, -9.850e-01, 1.182e+05, 0.000e+00, 5.199e-04, 0.000e+00, 2.147e+00, 9.984e+02, 2.232e-07
1.225e+00, 5.000e-01, -9.750e-01, 1.181e+05, 0.000e+00, 5.046e-04, 0.000e+00, 2.145e+00, 9.984e+02, 2.166e-07
1.225e+00, 5.000e-01, -9.650e-01, 1.180e+05, 0.000e+00, 4.889e-04, 0.000e+00, 2.143e+00, 9.984e+02, 2.099e-07
1.225e+00, 5.000e-01, -9.550e-01, 1.179e+05, 0.000e+00, 4.742e-04, 0.000e+00, 2.141e+00, 9.983e+02, 2.036e-07
1.225e+00, 5.000e-01, -9.450e-01, 1.178e+05, 0.000e+00, 4.653e-04, 0.000e+00, 2.140e+00, 9.983e+02, 1.998e-07
1.225e+00, 5.000e-01, -9.350e-01, 1.177e+05, 0.000e+00, 4.717e-04, 0.000e+00, 2.138e+00, 9.983e+02, 2.025e-07
1.225e+00, 5.000e-01, -9.250e-01, 1.176e+05, 0.000e+00, 4.942e-04, 0.000e+00, 2.136e+00, 9.984e+02, 2.121e-07
1.225e+00, 5.000e-01, -9.150e-01, 1.175e+05, 0.000e+00, 5.236e-04, 0.000e+00, 2.134e+00, 9.984e+02, 2.248e-07
1.225e+00, 5.000e-01, -9.050e-01, 1.174e+05, 0.000e+00, 5.495e-04, 0.000e+00, 2.132e+00, 9.984e+02, 2.359e-07
1.225e+00, 5.000e-01, -8.950e-01, 1.173e+05, 0.000e+00, 5.731e-04, 0.000e+00, 2.131e+00, 9.984e+02, 2.460e-07
1.225e+00, 5.000e-01, -8.850e-01, 1.172e+05, 0.000e+00, 5.926e-04, 0.000e+00, 2.129e+00, 9.984e+02, 2.544e-07
1.225e+00, 5.000e-01, -8.750e-01, 1.171e+05, 0.000e+00, 6.026e-04, 0.000e+00, 2.127e+00, 9.984e+02, 2.587e-07
1.225e+00, 5.000e-01, -8.650e-01, 1.170e+05, 0.000e+00, 6.033e-04, 0.000e+00, 2.125e+00, 9.984e+02, 2.590e-07
1.225e+00, 5.000e-01, -8.550e-01, 1.169e+05, 0.000e+00, 5.969e-04, 0.000e+00, 2.124e+00, 9.984e+02, 2.562e-07
1.225e+00, 5.000e-01, -8.450e-01, 1.168e+05, 0.000e+00, 5.850e-04, 0.000e+00, 2.122e+00, 9.984e+02, 2.512e-07
1.225e+00, 5.000e-01, -8.350e-01, 1.167e+05, 0.000e+00, 5.699e-04, 0.000e+00, 2.120e+00, 9.984e+02, 2.447e-07
1.225e+00, 5.000e-01, -8.250e-01, 1.166e+05, 0.000e+00, 5.538e-04, 0.000e+00, 2.118e+00, 9.984e+02, 2.377e-07
1.225e+00, 5.000e-01, -8.150e-01, 1.165e+05, 0.000e+00, 5.383e-04, 0.000e+00, 2.116e+00, 9.984e+02, 2.311e-07
1.225e+00, 5.000e-01, -8.050e-01, 1.164e+05, 0.000e+00, 5.247e-04, 0.000e+00, 2.115e+00, 9.984e+02, 2.252e-07
1.225e+00, 5.000e-01, -7.950e-01, 1.163e+05, 0.000e+00, 5.133e-04, 0.000e+00, 2.113e+00, 9.984e+02, 2.204e-07
1.225e+00, 5.000e-01, -7.850e-01, 1.162e+05, 0.000e+00, 5.043e-04, 0.000e+00, 2.111e+00, 9.984e+02, 2.165e-07
1.225e+00, 5.000e-01, -7.750e-01, 1.161e+05, 0.000e+00, 4.969e-04, 0.000e+00, 2.109e+00, 9.984e+02, 2.133e-07
1.225e+00, 5.000e-01, -7.650e-01, 1.160e+05, 0.000e+00, 4.912e-04, 0.000e+00, 2.107e+00, 9.984e+02, 2.109e-07
1.225e+00, 5.000e-01, -7.550e-01, 1.159e+05, 0.000e+00, 4.872e-04, 0.000e+00, 2.106e+00, 9.984e+02, 2.091e-07
1.225e+00, 5.000e-01, -7.450e-01, 1.158e+05, 0.000e+00, 4.989e-04, 0.000e+00, 2.104e+00, 9.984e+02, 2.142e-07
1.225e+00, 5.000e-01, -7.350e-01, 1.157e+05, 6.749e-07, 6.407e-04, 0.000e+00, 2.102e+00, 9.984e+02, 2.750e-07
1.225e+00, 5.000e-01, -7.250e-01, 1.156e+05, 4.718e-01, 1.895e-03, 0.000e+00, 2.100e+00, 9.986e+02, 8.558e-07
1.225e+00, 5.000e-01, -7.150e-01, 1.170e+05, 0.000e+00, 6.963e-04, 0.000e+00, 2.126e+00, 9.984e+02, 3.048e-07
1.225e+00, 5.000e-01, -7.050e-01, 1.169e+05, 0.000e+00, 4.933e-04, 0.000e+00, 2.124e+00, 9.984e+02, 2.167e-07
1.225e+00, 5.000e-01, -6.950e-01, 1.168e+05, 0.000e+00, 3.483e-04, 0.000e+00, 2.122e+00, 9.983e+02, 1.530e-07
1.225e+00, 5.000e-01, -6.850e-01, 1.167e+05, 0.000e+00, 2.312e-04, 0.000e+00, 2.120e+00, 9.983e+02, 1.015e-07
1.225e+00, 5.000e-01, -6.750e-01, 1.166e+05, 0.000e+00, 1.430e-04, 0.000e+00, 2.119e+00, 9.983e+02, 6.280e-08
1.225e+00, 5.000e-01, -6.650e-01, 1.165e+05, 0.000e+00, 8.258e-05, 0.000e+00, 2.117e+00, 9.983e+02, 3.627e-08
1.225e+00, 5.000e-01, -6.550e-01, 1.164e+05, 0.000e+00, 4.552e-05, 0.000e+00, 2.115e+00, 9.983e+02, 2.000e-08
1.225e+00, 5.000e-01, -6.450e-01, 1.163e+05, 0.000e+00, 2.661e-05, 0.000e+00, 2.113e+00, 9.983e+02, 1.169e-08
1.225e+00, 5.000e-01, -6.350e-01, 1.162e+05, 0.000e+00, 2.260e-05, 0.000e+00, 2.111e+00, 9.983e+02, 9.927e-09
1.225e+00, 5.000e-01, -6.250e-01, 1.161e+05, 0.000e+00, 3.407e-05, 0.000e+00, 2.110e+00, 9.983e+02, 1.497e-08
1.225e+00, 5.000e-01, -6.150e-01, 1.160e+05, 0.000e+00, 6.609e-05, 0.000e+00, 2.108e+00, 9.983e+02, 2.903e-08
1.225e+00, 5.000e-01, -6.050e-01, 1.159e+05, 0.000e+00, 1.267e-04, 0.000e+00, 2.106e+00, 9.983e+02, 5.565e-08
1.225e+00, 5.000e-01, -5.950e-01, 1.158e+05, 0.000e+00, 2.220e-04, 0.000e+00, 2.104e+00, 9.983e+02, 9.753e-08
1.225e+00, 5.000e-01, -5.850e-01, 1.157e+05, 0.000e+00, 3.485e-04, 0.000e+00, 2.102e+00, 9.983e+02, 1.531e-07
1.225e+00, 5.000e-01, -5.750e-01, 1.156e+05, 0.000e+00, 4.863e-04, 0.000e+00, 2.101e+00, 9.984e+02, 2.136e-07
1.225e+00, 5.000e-01, -5.650e-01, 1.141e+05, 0.000e+00, 6.023e-04, 0.000e+00, 2.072e+00, 9.984e+02, 2.692e-07
1.225e+00, 5.000e-01, -5.550e-01, 1.140e+05, 0.000e+00, 6.537e-04, 0.000e+00, 2.070e+00, 9.984e+02, 2.937e-07
1.225e+00, 5.000e-01, -5.450e-01, 1.139e+05, 0.000e+00, 6.624e-04, 0.000e+00, 2.068e+00, 9.984e+02, 2.969e-07
1.225e+00, 5.000e-01, -5.350e-01, 1.137e+05, 0.000e+00, 6.408e-04, 0.000e+00, 2.066e+00, 9.984e+02, 2.751e-07
1.225e+00, 5.000e-01, -5.250e-01, 1.137e+05, 0.000e+00, 5.995e-04, 0.000e+00, 2.064e+00, 9.984e+02, 2.574e-07
1.225e+00, 5.000e-01, -5.150e-01, 1.136e+05, 0.000e+00, 5.597e-04, 0.000e+00, 2.063e+00, 9.984e+02, 2.403e-07
1.225e+00, 5.000e-01, -5.050e-01, 1.135e+05, 0.000e+00, 5.270e-04, 0.000e+00, 2.061e+00, 9.984e+02, 2.262e-07
1.225e+00, 5.000e-01, -4.950e-01, 1.134e+05, 0.000e+00, 4.998e-04, 0.000e+00, 2.059e+00, 9.984e+02, 2.146e-07
1.225e+00, 5.000e-01, -4.850e-01, 1.133e+05, 0.000e+00, 4.771e-04, 0.000e+00, 2.057e+00, 9.983e+02, 2.048e-07
1.225e+00, 5.000e-01, -4.750e-01, 1.132e+05, 0.000e+00, 4.580e-04, 0.000e+00, 2.056e+00, 9.983e+02, 1.966e-07
1.225e+00, 5.000e-01, -4.650e-01, 1.131e+05, 0.000e+00, 4.401e-04, 0.000e+00, 2.054e+00, 9.983e+02, 1.889e-07
1.225e+00, 5.000e-01, -4.550e-01, 1.130e+05, 0.000e+00, 4.223e-04, 0.000e+00, 2.052e+00, 9.983e+02, 1.813e-07
1.225e+00, 5.000e-01, -4.450e-01, 1.129e+05, 0.000e+00, 4.036e-04, 0.000e+00, 2.050e+00, 9.983e+02, 1.733e-07
1.225e+00, 5.000e-01, -4.350e-01, 1.128e+05, 0.000e+00, 3.828e-04, 0.000e+00, 2.049e+00, 9.983e+02, 1.710e-07
1.225e+00, 5.000e-01, -4.250e-01, 1.127e+05, 0.000e+00, 3.615e-04, 0.000e+00, 2.047e+00, 9.983e+02, 1.624e-07
1.225e+00, 5.000e-01, -4.150e-01, 1.126e+05, 0.000e+00, 3.394e-04, 0.000e+00, 2.045e+00, 9.983e+02, 1.525e-07
1.225e+00, 5.000e-01, -4.050e-01, 1.125e+05, 0.000e+00, 3.163e-04, 0.000e+00, 2.043e+00, 9.983e+02, 1.421e-07
1.225e+00, 5.000e-01, -3.950e-01, 1.124e+05, 0.000e+00, 2.919e-04, 0.000e+00, 2.041e+00, 9.983e+02, 1.311e-07
1.225e+00, 5.000e-01, -3.850e-01, 1.123e+05, 0.000e+00, 2.658e-04, 0.000e+00, 2.040e+00, 9.983e+02, 1.194e-07
1.225e+00, 5.000e-01, -3.750e-01, 1.122e+05, 0.000e+00, 2.379e-04, 0.000e+00, 2.038e+00, 9.983e+02, 1.069e-07
1.225e+00, 5.000e-01, -3.650e-01, 1.121e+05, 0.000e+00, 2.084e-04, 0.000e+00, 2.036e+00, 9.983e+02, 9.362e-08
1.225e+00, 5.000e-01, -3.550e-01, 1.120e+05, 0.000e+00, 1.783e-04, 0.000e+00, 2.034e+00, 9.983e+02, 8.010e-08
1.225e+00, 5.000e-01, -3.450e-01, 1.119e+05, 0.000e+00, 1.498e-04, 0.000e+00, 2.033e+00, 9.983e+02, 6.661e-08
1.225e+00, 5.000e-01, -3.350e-01, 1.119e+05, 0.000e+00, 1.235e-04, 0.000e+00, 2.032e+00, 9.983e+02, 5.424e-08
1.225e+00, 5.000e-01, -3.250e-01, 1.118e+05, 0.000e+00, 9.950e-05, 0.000e+00, 2.030e+00, 9.983e+02, 4.371e-08
1.225e+00, 5.000e-01, -3.150e-01, 1.117e+05, 0.000e+00, 7.855e-05, 0.000e+00, 2.029e+00, 9.983e+02, 3.450e-08
1.225e+00, 5.000e-01, -3.050e-01, 1.115e+05, 0.000e+00, 6.053e-05, 0.000e+00, 2.025e+00, 9.983e+02, 2.730e-08
1.225e+00, 5.000e-01, -2.950e-01, 1.115e+05, 0.000e+00, 4.889e-05, 0.000e+00, 2.025e+00, 9.983e+02, 2.165e-08
1.225e+00, 5.000e-01, -2.850e-01, 1.114e+05, 0.000e+00, 6.260e-05, 0.000e+00, 2.023e+00, 9.983e+02, 2.750e-08
1.225e+00, 5.000e-01, -2.750e-01, 1.113e+05, 0.000e+00, 1.105e-04, 0.000e+00, 2.021e+00, 9.983e+02, 4.854e-08
1.225e+00, 5.000e-01, -2.650e-01, 1.112e+05, 0.000e+00, 2.083e-04, 0.000e+00, 2.020e+00, 9.983e+02, 9.149e-08
1.225e+00, 5.000e-01, -2.550e-01, 1.111e+05, 0.000e+00, 3.011e-04, 0.000e+00, 2.018e+00, 9.983e+02, 1.316e-07
1.225e+00, 5.000e-01, -2.450e-01, 1.112e+05, 0.000e+00, 3.539e-04, 0.000e+00, 2.020e+00, 9.983e+02, 1.519e-07
1.225e+00, 5.000e-01, -2.350e-01, 1.111e+05, 0.000e+00, 3.920e-04, 0.000e+00, 2.018e+00, 9.983e+02, 1.683e-07
1.225e+00, 5.000e-01, -2.250e-01, 1.110e+05, 0.000e+00, 4.111e-04, 0.000e+00, 2.016e+00, 9.983e+02, 1.765e-07
1.225e+00, 5.000e-01, -2.150e-01, 1.109e+05, 0.000e+00, 4.105e-04, 0.000e+00, 2.014e+00, 9.983e+02, 1.762e-07
1.225e+00, 5.000e-01, -2.050e-01, 1.108e+05, 0.000e+00, 3.994e-04, 0.000e+00, 2.012e+00, 9.983e+02, 1.714e-07
1.225e+00, 5.000e-01, -1.950e-01, 1.107e+05, 0.000e+00, 3.833e-04, 0.000e+00, 2.011e+00, 9.983e+02, 1.646e-07
1.225e+00, 5.000e-01, -1.850e-01, 1.106e+05, 0.000e+00, 3.645e-04, 0.000e+00, 2.009e+00, 9.983e+02, 1.565e-07
1.225e+00, 5.000e-01, -1.750e-01, 1.105e+05, 0.000e+00, 3.401e-04, 0.000e+00, 2.007e+00, 9.983e+02, 1.465e-07
1.225e+00, 5.000e-01, -1.650e-01, 1.116e+05, 0.000e+00, 2.913e-04, 0.000e+00, 2.027e+00, 9.983e+02, 1.279e-07
1.225e+00, 5.000e-01, -1.550e-01, 1.115e+05, 0.000e+00, 2.181e-04, 0.000e+00, 2.025e+00, 9.983e+02, 9.579e-08
1.225e+00, 5.000e-01, -1.450e-01, 1.114e+05, 0.000e+00, 1.440e-04, 0.000e+00, 2.024e+00, 9.983e+02, 6.324e-08
1.225e+00, 5.000e-01, -1.350e-01, 1.113e+05, 0.000e+00, 8.484e-05, 0.000e+00, 2.022e+00, 9.983e+02, 3.727e-08
1.225e+00, 5.000e-01, -1.250e-01, 1.112e+05, 0.000e+00, 4.518e-05, 0.000e+00, 2.020e+00, 9.983e+02, 1.984e-08
1.225e+00, 5.000e-01, -1.150e-01, 1.111e+05, 0.000e+00, 2.199e-05, 0.000e+00, 2.018e+00, 9.983e+02, 9.659e-09
1.225e+00, 5.000e-01, -1.050e-01, 1.110e+05, 0.000e+00, 9.882e-06, 0.000e+00, 2.017e+00, 9.983e+02, 4.341e-09
1.225e+00, 5.000e-01, -9.500e-02, 1.109e+05, 0.000e+00, 4.134e-06, 0.000e+00, 2.015e+00, 9.983e+02, 1.816e-09
1.225e+00, 5.000e-01, -8.500e-02, 1.108e+05, 0.000e+00, 1.621e-06, 0.000e+00, 2.013e+00, 9.983e+02, 7.118e-10
1.225e+00, 5.000e-01, -7.500e-02, 1.107e+05, 0.000e+00, 5.985e-07, 0.000e+00, 2.011e+00, 9.983e+02, 2.629e-10
1.225e+00, 5.000e-01, -6.500e-02, 1.106e+05, 0.000e+00, 2.090e-07, 0.000e+00, 2.009e+00, 9.983e+02, 9.181e-11
1.225e+00, 5.000e-01, -5.500e-02, 1.105e+05, 0.000e+00, 6.927e-08, 0.000e+00, 2.008e+00, 9.983e+02, 3.042e-11
1.225e+00, 5.000e-01, -4.500e-02, 1.104e+05, 0.000e+00, 2.183e-08, 0.000e+00, 2.006e+00, 9.983e+02, 9.589e-12
1.225e+00, 5.000e-01, -3.500e-02, 1.103e+05, 0.000e+00, 6.559e-09, 0.000e+00, 2.004e+00, 9.983e+02, 2.881e-12
1.225e+00, 5.000e-01, -2.500e-02, 1.102e+05, 0.000e+00, 1.884e-09, 0.000e+00, 2.002e+00, 9.983e+02, 8.277e-13
1.225e+00, 5.000e-01, -1.500e-02, 1.101e+05, 0.000e+00, 5.263e-10, 0.000e+00, 2.000e+00, 9.983e+02, 2.312e-13
1.225e+00, 5.000e-01, -5.000e-03, 1.100e+05, 0.000e+00, 1.650e-10, 0.000e+00, 1.999e+00, 9.983e+02, 7.245e-14
1.235e+00, 5.000e-01, -1.195e+00, 1.202e+05, 0.000e+00, 1.002e-13, 0.000e+00, 2.184e+00, 9.983e+02, 2.000e-17
1.235e+00, 5.000e-01, -1.185e+00, 1.201e+05, 0.000e+00, 1.002e-13, 0.000e+00, 2.182e+00, 9.983e+02, 2.000e-17
1.235e+00, 5.000e-01, -1.175e+00, 1.200e+05, 0.000e+00, 1.002e-13, 0.000e+00, 2.181e+00, 9.983e+02, 2.000e-17
1.235e+00, 5.000e-01, -1.165e+00, 1.199e+05, 0.000e+00, 1.002e-13, 0.000e+00, 2.179e+00, 9.983e+02, 2.000e-17
1.235e+00, 5.000e-01, -1.155e+00, 1.198e+05, 0.000e+00, 1.002e-13, 0.000e+00, 2.177e+00, 9.983e+02, 2.000e-17
1.235e+00, 5.000e-01, -1.145e+00, 1.197e+05, 0.000e+00, 1.002e-13, 0.000e+00, 2.175e+00, 9.983e+02, 2.000e-17
1.235e+00, 5.000e-01, -1.135e+00, 1.196e+05, 0.000e+00, 1.002e-13, 0.000e+00, 2.173e+00, 9.983e+02, 2.000e-17
1.235e+00, 5.000e-01, -1.125e+00, 1.195e+05, 0.000e+00, 1.002e-13, 0.000e+00, 2.172e+00, 9.983e+02, 2.000e-17
1.235e+00, 5.000e-01, -1.115e+00, 1.194e+05, 0.000e+00, 1.002e-13, 0.000e+00, 2.170e+00, 9.983e+02, 2.000e-17
1.235e+00, 5.000e-01, -1.105e+00, 1.193e+05, 0.000e+00, 1.002e-13, 0.000e+00, 2.168e+00, 9.983e+02, 2.000e-17
1.235e+00, 5.000e-01, -1.095e+00, 1.192e+05, 0.000e+00, 3.156e-09, 0.000e+00, 2.166e+00, 9.983e+02, 1.355e-12
1.235e+00, 5.000e-01, -1.085e+00, 1.191e+05, 0.000e+00, 1.105e-03, 0.000e+00, 2.165e+00, 9.985e+02, 4.744e-07
1.235e+00, 5.000e-01, -1.075e+00, 1.190e+05, 0.000e+00, 1.027e-03, 0.000e+00, 2.163e+00, 9.985e+02, 4.410e-07
1.235e+00, 5.000e-01, -1.065e+00, 1.189e+05, 0.000e+00, 9.118e-04, 0.000e+00, 2.161e+00, 9.984e+02, 3.915e-07
1.235e+00, 5.000e-01, -1.055e+00, 1.188e+05, 0.000e+00, 8.020e-04, 0.000e+00, 2.159e+00, 9.984e+02, 3.443e-07
1.235e+00, 5.000e-01, -1.045e+00, 1.187e+05, 0.000e+00, 7.159e-04, 0.000e+00, 2.158e+00, 9.984e+02, 3.073e-07
1.235e+00, 5.000e-01, -1.035e+00, 1.186e+05, 0.000e+00, 6.527e-04, 0.000e+00, 2.156e+00, 9.984e+02, 2.802e-07
1.235e+00, 5.000e-01, -1.025e+00, 1.185e+05, 0.000e+00, 6.052e-04, 0.000e+00, 2.154e+00, 9.984e+02, 2.598e-07
1.235e+00, 5.000e-01, -1.015e+00, 1.185e+05, 0.000e+00, 5.693e-04, 0.000e+00, 2.152e+00, 9.984e+02, 2.444e-07
1.235e+00, 5.000e-01, -1.005e+00, 1.184e+05, 0.000e+00, 5.465e-04, 0.000e+00, 2.150e+00, 9.984e+02, 2.346e-07
1.235e+00, 5.000e-01, -9.950e-01, 1.183e+05, 0.000e+00, 5.284e-04, 0.000e+00, 2.149e+00, 9.984e+02, 2.268e-07
1.235e+00, 5.000e-01, -9.850e-01, 1.182e+05, 0.000e+00, 5.120e-04, 0.000e+00, 2.147e+00, 9.984e+02, 2.198e-07
1.235e+00, 5.000e-01, -9.750e-01, 1.181e+05, 0.000e+00, 4.961e-04, 0.000e+00, 2.145e+00, 9.984e+02, 2.130e-07
1.235e+00, 5.000e-01, -9.650e-01, 1.180e+05, 0.000e+00, 4.812e-04, 0.000e+00, 2.143e+00, 9.984e+02, 2.066e-07
1.235e+00, 5.000e-01, -9.550e-01, 1.179e+05, 0.000e+00, 4.683e-04, 0.000e+00, 2.141e+00, 9.983e+02, 2.010e-07
1.235e+00, 5.000e-01, -9.450e-01, 1.178e+05, 0.000e+00, 4.656e-04, 0.000e+00, 2.140e+00, 9.983e+02, 1.999e-07
1.235e+00, 5.000e-01, -9.350e-01, 1.177e+05, 0.000e+00, 4.863e-04, 0.000e+00, 2.138e+00, 9.984e+02, 2.088e-07
1.235e+00, 5.000e-01, -9.250e-01, 1.176e+05, 0.000e+00, 5.278e-04, 0.000e+00, 2.136e+00, 9.984e+02, 2.266e-07
1.235e+00, 5.000e-01, -9.150e-01, 1.175e+05, 0.000e+00, 5.752e-04, 0.000e+00, 2.134e+00, 9.984e+02, 2.469e-07
1.235e+00, 5.000e-01, -9.050e-01, 1.174e+05, 0.000e+00, 6.107e-04, 0.000e+00, 2.132e+00, 9.984e+02, 2.622e-07
1.235e+00, 5.000e-01, -8.950e-01, 1.173e+05, 0.000e+00, 6.302e-04, 0.000e+00, 2.131e+00, 9.984e+02, 2.705e-07
1.235e+00, 5.000e-01, -8.850e-01, 1.172e+05, 0.000e+00, 6.376e-04, 0.000e+00, 2.129e+00, 9.984e+02, 2.737e-07
1.235e+00, 5.000e-01, -8.750e-01, 1.171e+05, 0.000e+00, 6.411e-04, 0.000e+00, 2.127e+00, 9.984e+02, 2.752e-07
1.235e+00, 5.000e-01, -8.650e-01, 1.170e+05, 0.000e+00, 6.407e-04, 0.000e+00, 2.125e+00, 9.984e+02, 2.751e-07
1.235e+00, 5.000e-01, -8.550e-01, 1.169e+05, 0.000e+00, 6.351e-04, 0.000e+00, 2.124e+00, 9.984e+02, 2.727e-07
1.235e+00, 5.000e-01, -8.450e-01, 1.168e+05, 0.000e+00, 6.231e-04, 0.000e+00, 2.122e+00, 9.984e+02, 2.675e-07
1.235e+00, 5.000e-01, -8.350e-01, 1.167e+05, 0.000e+00, 6.056e-04, 0.000e+00, 2.120e+00, 9.984e+02, 2.600e-07
1.235e+00, 5.000e-01, -8.250e-01, 1.166e+05, 0.000e+00, 5.857e-04, 0.000e+00, 2.118e+00, 9.984e+02, 2.515e-07
1.235e+00, 5.000e-01, -8.150e-01, 1.165e+05, 0.000e+00, 5.667e-04, 0.000e+00, 2.116e+00, 9.984e+02, 2.433e-07
1.235e+00, 5.000e-01, -8.050e-01, 1.164e+05, 0.000e+00, 5.507e-04, 0.000e+00, 2.115e+00, 9.984e+02, 2.364e-07
1.235e+00, 5.000e-01, -7.950e-01, 1.163e+05, 0.000e+00, 5.401e-04, 0.000e+00, 2.113e+00, 9.984e+02, 2.319e-07
1.235e+00, 5.000e-01, -7.850e-01, 1.162e+05, 0.000e+00, 5.358e-04, 0.000e+00, 2.111e+00, 9.984e+02, 2.300e-07
1.235e+00, 5.000e-01, -7.750e-01, 1.161e+05, 0.000e+00, 5.314e-04, 0.000e+00, 2.109e+00, 9.984e+02, 2.281e-07
1.235e+00, 5.000e-01, -7.650e-01, 1.160e+05, 0.000e+00, 5.287e-04, 0.000e+00, 2.107e+00, 9.984e+02, 2.270e-07
1.235e+00, 5.000e-01, -7.550e-01, 1.159e+05, 0.000e+00, 5.209e-04, 0.000e+00, 2.106e+00, 9.984e+02, 2.236e-07
1.235e+00, 5.000e-01, -7.450e-01, 1.158e+05, 0.000e+00, 5.202e-04, 0.000e+00, 2.104e+00, 9.984e+02, 2.233e-07
1.235e+00, 5.000e-01, -7.350e-01, 1.157e+05, 6.750e-07, 6.319e-04, 0.000e+00, 2.102e+00, 9.984e+02, 2.713e-07
1.235e+00, 5.000e-01, -7.250e-01, 1.156e+05, 4.720e-01, 1.895e-03, 0.000e+00, 2.100e+00, 9.986e+02, 8.558e-07
1.235e+00, 5.000e-01, -7.150e-01, 1.170e+05, 0.000e+00, 6.966e-04, 0.000e+00, 2.126e+00, 9.984e+02, 3.045e-07
1.235e+00, 5.000e-01, -7.050e-01, 1.169e+05, 0.000e+00, 4.967e-04, 0.000e+00, 2.124e+00, 9.984e+02, 2.182e-07
1.235e+00, 5.000e-01, -6.950e-01, 1.168e+05, 0.000e+00, 3.536e-04, 0.000e+00, 2.122e+00, 9.983e+02, 1.553e-07
1.235e+00, 5.000e-01, -6.850e-01, 1.167e+05, 0.000e+00, 2.369e-04, 0.000e+00, 2.120e+00, 9.983e+02, 1.041e-07
1.235e+00, 5.000e-01, -6.750e-01, 1.166e+05, 0.000e+00, 1.481e-04, 0.000e+00, 2.119e+00, 9.983e+02, 6.505e-08
1.235e+00, 5.000e-01, -6.650e-01, 1.165e+05, 0.000e+00, 8.650e-05, 0.000e+00, 2.117e+00, 9.983e+02, 3.799e-08
1.235e+00, 5.000e-01, -6.550e-01, 1.164e+05, 0.000e+00, 4.810e-05, 0.000e+00, 2.115e+00, 9.983e+02, 2.113e-08
1.235e+00, 5.000e-01, -6.450e-01, 1.163e+05, 0.000e+00, 2.796e-05, 0.000e+00, 2.113e+00, 9.983e+02, 1.228e-08
1.235e+00, 5.000e-01, -6.350e-01, 1.162e+05, 0.000e+00, 2.281e-05, 0.000e+00, 2.111e+00, 9.983e+02, 1.002e-08
1.235e+00, 5.000e-01, -6.250e-01, 1.161e+05, 0.000e+00, 3.293e-05, 0.000e+00, 2.110e+00, 9.983e+02, 1.447e-08
1.235e+00, 5.000e-01, -6.150e-01, 1.160e+05, 0.000e+00, 6.304e-05, 0.000e+00, 2.108e+00, 9.983e+02, 2.769e-08
1.235e+00, 5.000e-01, -6.050e-01, 1.159e+05, 0.000e+00, 1.210e-04, 0.000e+00, 2.106e+00, 9.983e+02, 5.317e-08
1.235e+00, 5.000e-01, -5.950e-01, 1.158e+05, 0.000e+00, 2.136e-04, 0.000e+00, 2.104e+00, 9.983e+02, 9.380e-08
1.235e+00, 5.000e-01, -5.850e-01, 1.157e+05, 0.000e+00, 3.382e-04, 0.000e+00, 2.102e+00, 9.983e+02, 1.485e-07
1.235e+00, 5.000e-01, -5.750e-01, 1.156e+05, 0.000e+00, 4.767e-04, 0.000e+00, 2.101e+00, 9.983e+02, 2.094e-07
1.235e+00, 5.000e-01, -5.650e-01, 1.141e+05, 0.000e+00, 5.963e-04, 0.000e+00, 2.072e+00, 9.984e+02, 2.659e-07
1.235e+00, 5.000e-01, -5.550e-01, 1.140e+05, 0.000e+00, 6.553e-04, 0.000e+00, 2.070e+00, 9.984e+02, 2.944e-07
1.235e+00, 5.000e-01, -5.450e-01, 1.139e+05, 0.000e+00, 6.684e-04, 0.000e+00, 2.068e+00, 9.984e+02, 3.001e-07
1.235e+00, 5.000e-01, -5.350e-01, 1.137e+05, 0.000e+00, 6.467e-04, 0.000e+00, 2.066e+00, 9.984e+02, 2.776e-07
1.235e+00, 5.000e-01, -5.250e-01, 1.137e+05, 0.000e+00, 6.054e-04, 0.000e+00, 2.064e+00, 9.984e+02, 2.599e-07
1.235e+00, 5.000e-01, -5.150e-01, 1.136e+05, 0.000e+00, 5.661e-04, 0.000e+00, 2.063e+00, 9.984e+02, 2.430e-07
1.235e+00, 5.000e-01, -5.050e-01, 1.135e+05, 0.000e+00, 5.344e-04, 0.000e+00, 2.061e+00, 9.984e+02, 2.294e-07
1.235e+00, 5.000e-01, -4.950e-01, 1.134e+05, 0.000e+00, 5.084e-04, 0.000e+00, 2.059e+00, 9.984e+02, 2.182e-07
1.235e+00, 5.000e-01, -4.850e-01, 1.133e+05, 0.000e+00, 4.858e-04, 0.000e+00, 2.057e+00, 9.983e+02, 2.085e-07
1.235e+00, 5.000e-01, -4.750e-01, 1.132e+05, 0.000e+00, 4.663e-04, 0.000e+00, 2.056e+00, 9.983e+02, 2.002e-07
1.235e+00, 5.000e-01, -4.650e-01, 1.131e+05, 0.000e+00, 4.484e-04, 0.000e+00, 2.054e+00, 9.983e+02, 1.925e-07
1.235e+00, 5.000e-01, -4.550e-01, 1.130e+05, 0.000e+00, 4.305e-04, 0.000e+00, 2.052e+00, 9.983e+02, 1.848e-07
1.235e+00, 5.000e-01, -4.450e-01, 1.129e+05, 0.000e+00, 4.118e-04, 0.000e+00, 2.050e+00, 9.983e+02, 1.768e-07
1.235e+00, 5.000e-01, -4.350e-01, 1.128e+05, 0.000e+00, 3.903e-04, 0.000e+00, 2.049e+00, 9.983e+02, 1.738e-07
1.235e+00, 5.000e-01, -4.250e-01, 1.127e+05, 0.000e+00, 3.683e-04, 0.000e+00, 2.047e+00, 9.983e+02, 1.655e-07
1.235e+00, 5.000e-01, -4.150e-01, 1.126e+05, 0.000e+00, 3.459e-04, 0.000e+00, 2.045e+00, 9.983e+02, 1.554e-07
1.235e+00, 5.000e-01, -4.050e-01, 1.125e+05, 0.000e+00, 3.228e-04, 0.000e+00, 2.043e+00, 9.983e+02, 1.450e-07
1.235e+00, 5.000e-01, -3.950e-01, 1.124e+05, 0.000e+00, 2.986e-04, 0.000e+00, 2.041e+00, 9.983e+02, 1.342e-07
1.235e+00, 5.000e-01, -3.850e-01, 1.123e+05, 0.000e+00, 2.729e-04, 0.000e+00, 2.040e+00, 9.983e+02, 1.226e-07
1.235e+00, 5.000e-01, -3.750e-01, 1.122e+05, 0.000e+00, 2.452e-04, 0.000e+00, 2.038e+00, 9.983e+02, 1.101e-07
1.235e+00, 5.000e-01, -3.650e-01, 1.121e+05, 0.000e+00, 2.158e-04, 0.000e+00, 2.036e+00, 9.983e+02, 9.696e-08
1.235e+00, 5.000e-01, -3.550e-01, 1.120e+05, 0.000e+00, 1.857e-04, 0.000e+00, 2.034e+00, 9.983e+02, 8.341e-08
1.235e+00, 5.000e-01, -3.450e-01, 1.119e+05, 0.000e+00, 1.568e-04, 0.000e+00, 2.033e+00, 9.983e+02, 6.980e-08
1.235e+00, 5.000e-01, -3.350e-01, 1.119e+05, 0.000e+00, 1.299e-04, 0.000e+00, 2.032e+00, 9.983e+02, 5.706e-08
1.235e+00, 5.000e-01, -3.250e-01, 1.118e+05, 0.000e+00, 1.049e-04, 0.000e+00, 2.030e+00, 9.983e+02, 4.608e-08
1.235e+00, 5.000e-01, -3.150e-01, 1.117e+05, 0.000e+00, 8.248e-05, 0.000e+00, 2.029e+00, 9.983e+02, 3.623e-08
1.235e+00, 5.000e-01, -3.050e-01, 1.115e+05, 0.000e+00, 6.353e-05, 0.000e+00, 2.025e+00, 9.983e+02, 2.861e-08
1.235e+00, 5.000e-01, -2.950e-01, 1.115e+05, 0.000e+00, 7.727e-05, 0.000e+00, 2.025e+00, 9.983e+02, 3.457e-08
1.235e+00, 5.000e-01, -2.850e-01, 1.114e+05, 0.000e+00, 1.753e-04, 0.000e+00, 2.023e+00, 9.983e+02, 7.702e-08
1.235e+00, 5.000e-01, -2.750e-01, 1.113e+05, 0.000e+00, 2.811e-04, 0.000e+00, 2.021e+00, 9.983e+02, 1.235e-07
1.235e+00, 5.000e-01, -2.650e-01, 1.112e+05, 0.000e+00, 3.511e-04, 0.000e+00, 2.020e+00, 9.983e+02, 1.542e-07
1.235e+00, 5.000e-01, -2.550e-01, 1.111e+05, 0.000e+00, 4.057e-04, 0.000e+00, 2.018e+00, 9.983e+02, 1.773e-07
1.235e+00, 5.000e-01, -2.450e-01, 1.112e+05, 0.000e+00, 4.461e-04, 0.000e+00, 2.020e+00, 9.983e+02, 1.915e-07
1.235e+00, 5.000e-01, -2.350e-01, 1.111e+05, 0.000e+00, 4.644e-04, 0.000e+00, 2.018e+00, 9.983e+02, 1.994e-07
1.235e+00, 5.000e-01, -2.250e-01, 1.110e+05, 0.000e+00, 4.665e-04, 0.000e+00, 2.016e+00, 9.983e+02, 2.003e-07
1.235e+00, 5.000e-01, -2.150e-01, 1.109e+05, 0.000e+00, 4.570e-04, 0.000e+00, 2.014e+00, 9.983e+02, 1.962e-07
1.235e+00, 5.000e-01, -2.050e-01, 1.108e+05, 0.000e+00, 4.404e-04, 0.000e+00, 2.012e+00, 9.983e+02, 1.891e-07
1.235e+00, 5.000e-01, -1.950e-01, 1.107e+05, 0.000e+00, 4.197e-04, 0.000e+00, 2.011e+00, 9.983e+02, 1.802e-07
1.235e+00, 5.000e-01, -1.850e-01, 1.106e+05, 0.000e+00, 3.946e-04, 0.000e+00, 2.009e+00, 9.983e+02, 1.694e-07
1.235e+00, 5.000e-01, -1.750e-01, 1.105e+05, 0.000e+00, 3.597e-04, 0.000e+00, 2.007e+00, 9.983e+02, 1.550e-07
1.235e+00, 5.000e-01, -1.650e-01, 1.116e+05, 0.000e+00, 2.984e-04, 0.000e+00, 2.027e+00, 9.983e+02, 1.311e-07
1.235e+00, 5.000e-01, -1.550e-01, 1.115e+05, 0.000e+00, 2.194e-04, 0.000e+00, 2.025e+00, 9.983e+02, 9.639e-08
1.235e+00, 5.000e-01, -1.450e-01, 1.114e+05, 0.000e+00, 1.434e-04, 0.000e+00, 2.024e+00, 9.983e+02, 6.299e-08
1.235e+00, 5.000e-01, -1.350e-01, 1.113e+05, 0.000e+00, 8.408e-05, 0.000e+00, 2.022e+00, 9.983e+02, 3.693e-08
1.235e+00, 5.000e-01, -1.250e-01, 1.112e+05, 0.000e+00, 4.470e-05, 0.000e+00, 2.020e+00, 9.983e+02, 1.963e-08
1.235e+00, 5.000e-01, -1.150e-01, 1.111e+05, 0.000e+00, 2.177e-05, 0.000e+00, 2.018e+00, 9.983e+02, 9.563e-09
1.235e+00, 5.000e-01, -1.050e-01, 1.110e+05, 0.000e+00, 9.804e-06, 0.000e+00, 2.017e+00, 9.983e+02, 4.306e-09
1.235e+00, 5.000e-01, -9.500e-02, 1.109e+05, 0.000e+00, 4.113e-06, 0.000e+00, 2.015e+00, 9.983e+02, 1.807e-09
1.235e+00, 5.000e-01, -8.500e-02, 1.108e+05, 0.000e+00, 1.618e-06, 0.000e+00, 2.013e+00, 9.983e+02, 7.105e-10
1.235e+00, 5.000e-01, -7.500e-02, 1.107e+05, 0.000e+00, 5.993e-07, 0.000e+00, 2.011e+00, 9.983e+02, 2.632e-10
1.235e+00, 5.000e-01, -6.500e-02, 1.106e+05, 0.000e+00, 2.100e-07, 0.000e+00, 2.009e+00, 9.983e+02, 9.224e-11
1.235e+00, 5.000e-01, -5.500e-02, 1.105e+05, 0.000e+00, 6.980e-08, 0.000e+00, 2.008e+00, 9.983e+02, 3.066e-11
1.235e+00, 5.000e-01, -4.500e-02, 1.104e+05, 0.000e+00, 2.206e-08, 0.000e+00, 2.006e+00, 9.983e+02, 9.691e-12
1.235e+00, 5.000e-01, -3.500e-02, 1.103e+05, 0.000e+00, 6.648e-09, 0.000e+00, 2.004e+00, 9.983e+02, 2.920e-12
1.235e+00, 5.000e-01, -2.500e-02, 1.102e+05, 0.000e+00, 1.915e-09, 0.000e+00, 2.002e+00, 9.983e+02, 8.411e-13
1.235e+00, 5.000e-01, -1.500e-02, 1.101e+05, 0.000e+00, 5.363e-10, 0.000e+00, 2.000e+00, 9.983e+02, 2.356e-13
1.235e+00, 5.000e-01, -5.000e-03, 1.100e+05, 0.000e+00, 1.686e-10, 0.000e+00, 1.999e+00, 9.983e+02, 7.404e-14
1.245e+00, 5.000e-01, -1.195e+00, 1.202e+05, 0.000e+00, 1.002e-13, 0.000e+00, 2.184e+00, 9.983e+02, 2.000e-17
1.245e+00, 5.000e-01, -1.185e+00, 1.201e+05, 0.000e+00, 1.002e-13, 0.000e+00, 2.182e+00, 9.983e+02, 2.000e-17
1.245e+00, 5.000e-01, -1.175e+00, 1.200e+05, 0.000e+00, 1.002e-13, 0.000e+00, 2.181e+00, 9.983e+02, 2.000e-17
1.245e+00, 5.000e-01, -1.165e+00, 1.199e+05, 0.000e+00, 1.002e-13, 0.000e+00, 2.179e+00, 9.983e+02, 2.000e-17
1.245e+00, 5.000e-01, -1.155e+00, 1.198e+05, 0.000e+00, 1.002e-13, 0.000e+00, 2.177e+00, 9.983e+02, 2.000e-17
1.245e+00, 5.000e-01, -1.145e+00, 1.197e+05, 0.000e+00, 1.002e-13, 0.000e+00, 2.175e+00, 9.983e+02, 2.000e-17
1.245e+00, 5.000e-01, -1.135e+00, 1.196e+05, 0.000e+00, 1.002e-13, 0.000e+00, 2.173e+00, 9.983e+02, 2.000e-17
1.245e+00, 5.000e-01, -1.125e+00, 1.195e+05, 0.000e+00, 1.002e-13, 0.000e+00, 2.172e+00, 9.983e+02, 2.000e-17
1.245e+00, 5.000e-01, -1.115e+00, 1.194e+05, 0.000e+00, 1.002e-13, 0.000e+00, 2.170e+00, 9.983e+02, 2.000e-17
1.245e+00, 5.000e-01, -1.105e+00, 1.193e+05, 0.000e+00, 1.002e-13, 0.000e+00, 2.168e+00, 9.983e+02, 2.000e-17
1.245e+00, 5.000e-01, -1.095e+00, 1.192e+05, 0.000e+00, 3.176e-09, 0.000e+00, 2.166e+00, 9.983e+02, 1.363e-12
1.245e+00, 5.000e-01, -1.085e+00, 1.191e+05, 0.000e+00, 1.110e-03, 0.000e+00, 2.165e+00, 9.985e+02, 4.764e-07
1.245e+00, 5.000e-01, -1.075e+00, 1.190e+05, 0.000e+00, 1.034e-03, 0.000e+00, 2.163e+00, 9.985e+02, 4.439e-07
1.245e+00, 5.000e-01, -1.065e+00, 1.189e+05, 0.000e+00, 9.174e-04, 0.000e+00, 2.161e+00, 9.984e+02, 3.939e-07
1.245e+00, 5.000e-01, -1.055e+00, 1.188e+05, 0.000e+00, 8.056e-04, 0.000e+00, 2.159e+00, 9.984e+02, 3.459e-07
1.245e+00, 5.000e-01, -1.045e+00, 1.187e+05, 0.000e+00, 7.176e-04, 0.000e+00, 2.158e+00, 9.984e+02, 3.081e-07
1.245e+00, 5.000e-01, -1.035e+00, 1.186e+05, 0.000e+00, 6.532e-04, 0.000e+00, 2.156e+00, 9.984e+02, 2.804e-07
1.245e+00, 5.000e-01, -1.025e+00, 1.185e+05, 0.000e+00, 6.055e-04, 0.000e+00, 2.154e+00, 9.984e+02, 2.599e-07
1.245e+00, 5.000e-01, -1.015e+00, 1.185e+05, 0.000e+00, 5.661e-04, 0.000e+00, 2.152e+00, 9.984e+02, 2.430e-07
1.245e+00, 5.000e-01, -1.005e+00, 1.184e+05, 0.000e+00, 5.413e-04, 0.000e+00, 2.150e+00, 9.984e+02, 2.324e-07
1.245e+00, 5.000e-01, -9.950e-01, 1.183e+05, 0.000e+00, 5.221e-04, 0.000e+00, 2.149e+00, 9.984e+02, 2.241e-07
1.245e+00, 5.000e-01, -9.850e-01, 1.182e+05, 0.000e+00, 5.052e-04, 0.000e+00, 2.147e+00, 9.984e+02, 2.169e-07
1.245e+00, 5.000e-01, -9.750e-01, 1.181e+05, 0.000e+00, 4.901e-04, 0.000e+00, 2.145e+00, 9.984e+02, 2.104e-07
1.245e+00, 5.000e-01, -9.650e-01, 1.180e+05, 0.000e+00, 4.773e-04, 0.000e+00, 2.143e+00, 9.983e+02, 2.049e-07
1.245e+00, 5.000e-01, -9.550e-01, 1.179e+05, 0.000e+00, 4.678e-04, 0.000e+00, 2.141e+00, 9.983e+02, 2.008e-07
1.245e+00, 5.000e-01, -9.450e-01, 1.178e+05, 0.000e+00, 4.701e-04, 0.000e+00, 2.140e+00, 9.983e+02, 2.018e-07
1.245e+00, 5.000e-01, -9.350e-01, 1.177e+05, 0.000e+00, 5.011e-04, 0.000e+00, 2.138e+00, 9.984e+02, 2.151e-07
1.245e+00, 5.000e-01, -9.250e-01, 1.176e+05, 0.000e+00, 5.547e-04, 0.000e+00, 2.136e+00, 9.984e+02, 2.381e-07
1.245e+00, 5.000e-01, -9.150e-01, 1.175e+05, 0.000e+00, 6.097e-04, 0.000e+00, 2.134e+00, 9.984e+02, 2.617e-07
1.245e+00, 5.000e-01, -9.050e-01, 1.174e+05, 0.000e+00, 6.445e-04, 0.000e+00, 2.132e+00, 9.984e+02, 2.767e-07
1.245e+00, 5.000e-01, -8.950e-01, 1.173e+05, 0.000e+00, 6.615e-04, 0.000e+00, 2.131e+00, 9.984e+02, 2.840e-07
1.245e+00, 5.000e-01, -8.850e-01, 1.172e+05, 0.000e+00, 6.708e-04, 0.000e+00, 2.129e+00, 9.984e+02, 2.880e-07
1.245e+00, 5.000e-01, -8.750e-01, 1.171e+05, 0.000e+00, 6.756e-04, 0.000e+00, 2.127e+00, 9.984e+02, 2.900e-07
1.245e+00, 5.000e-01, -8.650e-01, 1.170e+05, 0.000e+00, 6.760e-04, 0.000e+00, 2.125e+00, 9.984e+02, 2.902e-07
1.245e+00, 5.000e-01, -8.550e-01, 1.169e+05, 0.000e+00, 6.705e-04, 0.000e+00, 2.124e+00, 9.984e+02, 2.879e-07
1.245e+00, 5.000e-01, -8.450e-01, 1.168e+05, 0.000e+00, 6.585e-04, 0.000e+00, 2.122e+00, 9.984e+02, 2.827e-07
1.245e+00, 5.000e-01, -8.350e-01, 1.167e+05, 0.000e+00, 6.407e-04, 0.000e+00, 2.120e+00, 9.984e+02, 2.751e-07
1.245e+00, 5.000e-01, -8.250e-01, 1.166e+05, 0.000e+00, 6.196e-04, 0.000e+00, 2.118e+00, 9.984e+02, 2.660e-07
1.245e+00, 5.000e-01, -8.150e-01, 1.165e+05, 0.000e+00, 5.984e-04, 0.000e+00, 2.116e+00, 9.984e+02, 2.569e-07
1.245e+00, 5.000e-01, -8.050e-01, 1.164e+05, 0.000e+00, 5.839e-04, 0.000e+00, 2.115e+00, 9.984e+02, 2.507e-07
1.245e+00, 5.000e-01, -7.950e-01, 1.163e+05, 0.000e+00, 5.978e-04, 0.000e+00, 2.113e+00, 9.984e+02, 2.566e-07
1.245e+00, 5.000e-01, -7.850e-01, 1.162e+05, 0.000e+00, 6.411e-04, 0.000e+00, 2.111e+00, 9.984e+02, 2.752e-07
1.245e+00, 5.000e-01, -7.750e-01, 1.161e+05, 0.000e+00, 6.532e-04, 0.000e+00, 2.109e+00, 9.984e+02, 2.804e-07
1.245e+00, 5.000e-01, -7.650e-01, 1.160e+05, 0.000e+00, 6.264e-04, 0.000e+00, 2.107e+00, 9.984e+02, 2.689e-07
1.245e+00, 5.000e-01, -7.550e-01, 1.159e+05, 0.000e+00, 5.892e-04, 0.000e+00, 2.106e+00, 9.984e+02, 2.529e-07
1.245e+00, 5.000e-01, -7.450e-01, 1.158e+05, 0.000e+00, 5.648e-04, 0.000e+00, 2.104e+00, 9.984e+02, 2.425e-07
1.245e+00, 5.000e-01, -7.350e-01, 1.157e+05, 6.754e-07, 6.590e-04, 0.000e+00, 2.102e+00, 9.984e+02, 2.829e-07
1.245e+00, 5.000e-01, -7.250e-01, 1.156e+05, 4.721e-01, 1.895e-03, 0.000e+00, 2.100e+00, 9.986e+02, 8.559e-07
1.245e+00, 5.000e-01, -7.150e-01, 1.170e+05, 0.000e+00, 6.898e-04, 0.000e+00, 2.126e+00, 9.984e+02, 3.012e-07
1.245e+00, 5.000e-01, -7.050e-01, 1.169e+05, 0.000e+00, 4.941e-04, 0.000e+00, 2.124e+00, 9.984e+02, 2.170e-07
1.245e+00, 5.000e-01, -6.950e-01, 1.168e+05, 0.000e+00, 3.546e-04, 0.000e+00, 2.122e+00, 9.983e+02, 1.558e-07
1.245e+00, 5.000e-01, -6.850e-01, 1.167e+05, 0.000e+00, 2.400e-04, 0.000e+00, 2.120e+00, 9.983e+02, 1.054e-07
1.245e+00, 5.000e-01, -6.750e-01, 1.166e+05, 0.000e+00, 1.518e-04, 0.000e+00, 2.119e+00, 9.983e+02, 6.667e-08
1.245e+00, 5.000e-01, -6.650e-01, 1.165e+05, 0.000e+00, 8.966e-05, 0.000e+00, 2.117e+00, 9.983e+02, 3.938e-08
1.245e+00, 5.000e-01, -6.550e-01, 1.164e+05, 0.000e+00, 5.030e-05, 0.000e+00, 2.115e+00, 9.983e+02, 2.209e-08
1.245e+00, 5.000e-01, -6.450e-01, 1.163e+05, 0.000e+00, 2.912e-05, 0.000e+00, 2.113e+00, 9.983e+02, 1.279e-08
1.245e+00, 5.000e-01, -6.350e-01, 1.162e+05, 0.000e+00, 2.287e-05, 0.000e+00, 2.111e+00, 9.983e+02, 1.004e-08
1.245e+00, 5.000e-01, -6.250e-01, 1.161e+05, 0.000e+00, 3.160e-05, 0.000e+00, 2.110e+00, 9.983e+02, 1.388e-08
1.245e+00, 5.000e-01, -6.150e-01, 1.160e+05, 0.000e+00, 5.966e-05, 0.000e+00, 2.108e+00, 9.983e+02, 2.620e-08
1.245e+00, 5.000e-01, -6.050e-01, 1.159e+05, 0.000e+00, 1.148e-04, 0.000e+00, 2.106e+00, 9.983e+02, 5.043e-08
1.245e+00, 5.000e-01, -5.950e-01, 1.158e+05, 0.000e+00, 2.041e-04, 0.000e+00, 2.104e+00, 9.983e+02, 8.966e-08
1.245e+00, 5.000e-01, -5.850e-01, 1.157e+05, 0.000e+00, 3.266e-04, 0.000e+00, 2.102e+00, 9.983e+02, 1.435e-07
1.245e+00, 5.000e-01, -5.750e-01, 1.156e+05, 0.000e+00, 4.658e-04, 0.000e+00, 2.101e+00, 9.983e+02, 2.046e-07
1.245e+00, 5.000e-01, -5.650e-01, 1.141e+05, 0.000e+00, 5.894e-04, 0.000e+00, 2.072e+00, 9.984e+02, 2.623e-07
1.245e+00, 5.000e-01, -5.550e-01, 1.140e+05, 0.000e+00, 6.566e-04, 0.000e+00, 2.070e+00, 9.984e+02, 2.950e-07
1.245e+00, 5.000e-01, -5.450e-01, 1.139e+05, 0.000e+00, 6.739e-04, 0.000e+00, 2.068e+00, 9.984e+02, 3.028e-07
1.245e+00, 5.000e-01, -5.350e-01, 1.137e+05, 0.000e+00, 6.518e-04, 0.000e+00, 2.066e+00, 9.984e+02, 2.800e-07
1.245e+00, 5.000e-01, -5.250e-01, 1.137e+05, 0.000e+00, 6.104e-04, 0.000e+00, 2.064e+00, 9.984e+02, 2.620e-07
1.245e+00, 5.000e-01, -5.150e-01, 1.136e+05, 0.000e+00, 5.717e-04, 0.000e+00, 2.063e+00, 9.984e+02, 2.454e-07
1.245e+00, 5.000e-01, -5.050e-01, 1.135e+05, 0.000e+00, 5.414e-04, 0.000e+00, 2.061e+00, 9.984e+02, 2.324e-07
1.245e+00, 5.000e-01, -4.950e-01, 1.134e+05, 0.000e+00, 5.166e-04, 0.000e+00, 2.059e+00, 9.984e+02, 2.218e-07
1.245e+00, 5.000e-01, -4.850e-01, 1.133e+05, 0.000e+00, 4.944e-04, 0.000e+00, 2.057e+00, 9.984e+02, 2.122e-07
1.245e+00, 5.000e-01, -4.750e-01, 1.132e+05, 0.000e+00, 4.745e-04, 0.000e+00, 2.056e+00, 9.983e+02, 2.037e-07
1.245e+00, 5.000e-01, -4.650e-01, 1.131e+05, 0.000e+00, 4.563e-04, 0.000e+00, 2.054e+00, 9.983e+02, 1.959e-07
1.245e+00, 5.000e-01, -4.550e-01, 1.130e+05, 0.000e+00, 4.385e-04, 0.000e+00, 2.052e+00, 9.983e+02, 1.883e-07
1.245e+00, 5.000e-01, -4.450e-01, 1.129e+05, 0.000e+00, 4.198e-04, 0.000e+00, 2.050e+00, 9.983e+02, 1.802e-07
1.245e+00, 5.000e-01, -4.350e-01, 1.128e+05, 0.000e+00, 3.978e-04, 0.000e+00, 2.049e+00, 9.983e+02, 1.767e-07
1.245e+00, 5.000e-01, -4.250e-01, 1.127e+05, 0.000e+00, 3.753e-04, 0.000e+00, 2.047e+00, 9.983e+02, 1.686e-07
1.245e+00, 5.000e-01, -4.150e-01, 1.126e+05, 0.000e+00, 3.525e-04, 0.000e+00, 2.045e+00, 9.983e+02, 1.584e-07
1.245e+00, 5.000e-01, -4.050e-01, 1.125e+05, 0.000e+00, 3.296e-04, 0.000e+00, 2.043e+00, 9.983e+02, 1.481e-07
1.245e+00, 5.000e-01, -3.950e-01, 1.124e+05, 0.000e+00, 3.057e-04, 0.000e+00, 2.041e+00, 9.983e+02, 1.373e-07
1.245e+00, 5.000e-01, -3.850e-01, 1.123e+05, 0.000e+00, 2.804e-04, 0.000e+00, 2.040e+00, 9.983e+02, 1.260e-07
1.245e+00, 5.000e-01, -3.750e-01, 1.122e+05, 0.000e+00, 2.531e-04, 0.000e+00, 2.038e+00, 9.983e+02, 1.137e-07
1.245e+00, 5.000e-01, -3.650e-01, 1.121e+05, 0.000e+00, 2.239e-04, 0.000e+00, 2.036e+00, 9.983e+02, 1.006e-07
1.245e+00, 5.000e-01, -3.550e-01, 1.120e+05, 0.000e+00, 1.937e-04, 0.000e+00, 2.034e+00, 9.983e+02, 8.701e-08
1.245e+00, 5.000e-01, -3.450e-01, 1.119e+05, 0.000e+00, 1.645e-04, 0.000e+00, 2.033e+00, 9.983e+02, 7.329e-08
1.245e+00, 5.000e-01, -3.350e-01, 1.119e+05, 0.000e+00, 1.370e-04, 0.000e+00, 2.032e+00, 9.983e+02, 6.020e-08
1.245e+00, 5.000e-01, -3.250e-01, 1.118e+05, 0.000e+00, 1.112e-04, 0.000e+00, 2.030e+00, 9.983e+02, 4.884e-08
1.245e+00, 5.000e-01, -3.150e-01, 1.117e+05, 0.000e+00, 8.747e-05, 0.000e+00, 2.029e+00, 9.983e+02, 3.842e-08
1.245e+00, 5.000e-01, -3.050e-01, 1.115e+05, 0.000e+00, 6.617e-05, 0.000e+00, 2.025e+00, 9.983e+02, 2.974e-08
1.245e+00, 5.000e-01, -2.950e-01, 1.114e+05, 0.000e+00, 7.346e-05, 0.000e+00, 2.023e+00, 9.983e+02, 3.315e-08
1.245e+00, 5.000e-01, -2.850e-01, 1.114e+05, 0.000e+00, 1.530e-04, 0.000e+00, 2.023e+00, 9.983e+02, 6.718e-08
1.245e+00, 5.000e-01, -2.750e-01, 1.113e+05, 0.000e+00, 2.676e-04, 0.000e+00, 2.021e+00, 9.983e+02, 1.175e-07
1.245e+00, 5.000e-01, -2.650e-01, 1.112e+05, 0.000e+00, 3.532e-04, 0.000e+00, 2.020e+00, 9.983e+02, 1.551e-07
1.245e+00, 5.000e-01, -2.550e-01, 1.111e+05, 0.000e+00, 4.061e-04, 0.000e+00, 2.018e+00, 9.983e+02, 1.776e-07
1.245e+00, 5.000e-01, -2.450e-01, 1.112e+05, 0.000e+00, 4.388e-04, 0.000e+00, 2.020e+00, 9.983e+02, 1.884e-07
1.245e+00, 5.000e-01, -2.350e-01, 1.111e+05, 0.000e+00, 4.550e-04, 0.000e+00, 2.018e+00, 9.983e+02, 1.953e-07
1.245e+00, 5.000e-01, -2.250e-01, 1.110e+05, 0.000e+00, 4.560e-04, 0.000e+00, 2.016e+00, 9.983e+02, 1.958e-07
1.245e+00, 5.000e-01, -2.150e-01, 1.109e+05, 0.000e+00, 4.462e-04, 0.000e+00, 2.014e+00, 9.983e+02, 1.915e-07
1.245e+00, 5.000e-01, -2.050e-01, 1.108e+05, 0.000e+00, 4.308e-04, 0.000e+00, 2.012e+00, 9.983e+02, 1.849e-07
1.245e+00, 5.000e-01, -1.950e-01, 1.107e+05, 0.000e+00, 4.129e-04, 0.000e+00, 2.011e+00, 9.983e+02, 1.772e-07
1.245e+00, 5.000e-01, -1.850e-01, 1.106e+05, 0.000e+00, 3.916e-04, 0.000e+00, 2.009e+00, 9.983e+02, 1.681e-07
1.245e+00, 5.000e-01, -1.750e-01, 1.105e+05, 0.000e+00, 3.596e-04, 0.000e+00, 2.007e+00, 9.983e+02, 1.550e-07
1.245e+00, 5.000e-01, -1.650e-01, 1.116e+05, 0.000e+00, 2.982e-04, 0.000e+00, 2.027e+00, 9.983e+02, 1.310e-07
1.245e+00, 5.000e-01, -1.550e-01, 1.115e+05, 0.000e+00, 2.188e-04, 0.000e+00, 2.025e+00, 9.983e+02, 9.611e-08
1.245e+00, 5.000e-01, -1.450e-01, 1.114e+05, 0.000e+00, 1.428e-04, 0.000e+00, 2.024e+00, 9.983e+02, 6.270e-08
1.245e+00, 5.000e-01, -1.350e-01, 1.113e+05, 0.000e+00, 8.364e-05, 0.000e+00, 2.022e+00, 9.983e+02, 3.674e-08
1.245e+00, 5.000e-01, -1.250e-01, 1.112e+05, 0.000e+00, 4.448e-05, 0.000e+00, 2.020e+00, 9.983e+02, 1.954e-08
1.245e+00, 5.000e-01, -1.150e-01, 1.111e+05, 0.000e+00, 2.168e-05, 0.000e+00, 2.018e+00, 9.983e+02, 9.523e-09
1.245e+00, 5.000e-01, -1.050e-01, 1.110e+05, 0.000e+00, 9.776e-06, 0.000e+00, 2.017e+00, 9.983e+02, 4.294e-09
1.245e+00, 5.000e-01, -9.500e-02, 1.109e+05, 0.000e+00, 4.108e-06, 0.000e+00, 2.015e+00, 9.983e+02, 1.804e-09
1.245e+00, 5.000e-01, -8.500e-02, 1.108e+05, 0.000e+00, 1.619e-06, 0.000e+00, 2.013e+00, 9.983e+02, 7.109e-10
1.245e+00, 5.000e-01, -7.500e-02, 1.107e+05, 0.000e+00, 6.009e-07, 0.000e+00, 2.011e+00, 9.983e+02, 2.639e-10
1.245e+00, 5.000e-01, -6.500e-02, 1.106e+05, 0.000e+00, 2.110e-07, 0.000e+00, 2.009e+00, 9.983e+02, 9.268e-11
1.245e+00, 5.000e-01, -5.500e-02, 1.105e+05, 0.000e+00, 7.029e-08, 0.000e+00, 2.008e+00, 9.983e+02, 3.087e-11
1.245e+00, 5.000e-01, -4.500e-02, 1.104e+05, 0.000e+00, 2.227e-08, 0.000e+00, 2.006e+00, 9.983e+02, 9.781e-12
1.245e+00, 5.000e-01, -3.500e-02, 1.103e+05, 0.000e+00, 6.724e-09, 0.000e+00, 2.004e+00, 9.983e+02, 2.953e-12
1.245e+00, 5.000e-01, -2.500e-02, 1.102e+05, 0.000e+00, 1.941e-09, 0.000e+00, 2.002e+00, 9.983e+02, 8.527e-13
1.245e+00, 5.000e-01, -1.500e-02, 1.101e+05, 0.000e+00, 5.450e-10, 0.000e+00, 2.000e+00, 9.983e+02, 2.394e-13
1.245e+00, 5.000e-01, -5.000e-03, 1.100e+05, 0.000e+00, 1.718e-10, 0.000e+00, 1.999e+00, 9.983e+02, 7.544e-14
1.255e+00, 5.000e-01, -1.195e+00, 1.202e+05, 0.000e+00, 1.002e-13, 0.000e+00, 2.184e+00, 9.983e+02, 2.000e-17
1.255e+00, 5.000e-01, -1.185e+00, 1.201e+05, 0.000e+00, 1.002e-13, 0.000e+00, 2.182e+00, 9.983e+02, 2.000e-17
1.255e+00, 5.000e-01, -1.175e+00, 1.200e+05, 0.000e+00, 1.002e-13, 0.000e+00, 2.181e+00, 9.983e+02, 2.000e-17
1.255e+00, 5.000e-01, -1.165e+00, 1.199e+05, 0.000e+00, 1.002e-13, 0.000e+00, 2.179e+00, 9.983e+02, 2.000e-17
1.255e+00, 5.000e-01, -1.155e+00, 1.198e+05, 0.000e+00, 1.002e-13, 0.000e+00, 2.177e+00, 9.983e+02, 2.000e-17
1.255e+00, 5.000e-01, -1.145e+00, 1.197e+05, 0.000e+00, 1.002e-13, 0.000e+00, 2.175e+00, 9.983e+02, 2.000e-17
1.255e+00, 5.000e-01, -1.135e+00, 1.196e+05, 0.000e+00, 1.002e-13, 0.000e+00, 2.173e+00, 9.983e+02, 2.000e-17
1.255e+00, 5.000e-01, -1.125e+00, 1.195e+05, 0.000e+00, 1.002e-13, 0.000e+00, 2.172e+00, 9.983e+02, 2.000e-17
1.255e+00, 5.000e-01, -1.115e+00, 1.194e+05, 0.000e+00, 1.002e-13, 0.000e+00, 2.170e+00, 9.983e+02, 2.000e-17
1.255e+00, 5.000e-01, -1.105e+00, 1.193e+05, 0.000e+00, 1.002e-13, 0.000e+00, 2.168e+00, 9.983e+02, 2.000e-17
1.255e+00, 5.000e-01, -1.095e+00, 1.192e+05, 0.000e+00, 3.178e-09, 0.000e+00, 2.166e+00, 9.983e+02, 1.346e-12
1.255e+00, 5.000e-01, -1.085e+00, 1.191e+05, 0.000e+00, 1.112e-03, 0.000e+00, 2.165e+00, 9.985e+02, 4.747e-07
1.255e+00, 5.000e-01, -1.075e+00, 1.190e+05, 0.000e+00, 1.042e-03, 0.000e+00, 2.163e+00, 9.985e+02, 4.473e-07
1.255e+00, 5.000e-01, -1.065e+00, 1.189e+05, 0.000e+00, 9.221e-04, 0.000e+00, 2.161e+00, 9.984e+02, 3.959e-07
1.255e+00, 5.000e-01, -1.055e+00, 1.188e+05, 0.000e+00, 8.081e-04, 0.000e+00, 2.159e+00, 9.984e+02, 3.469e-07
1.255e+00, 5.000e-01, -1.045e+00, 1.187e+05, 0.000e+00, 7.178e-04, 0.000e+00, 2.158e+00, 9.984e+02, 3.082e-07
1.255e+00, 5.000e-01, -1.035e+00, 1.186e+05, 0.000e+00, 6.519e-04, 0.000e+00, 2.156e+00, 9.984e+02, 2.799e-07
1.255e+00, 5.000e-01, -1.025e+00, 1.185e+05, 0.000e+00, 6.030e-04, 0.000e+00, 2.154e+00, 9.984e+02, 2.589e-07
1.255e+00, 5.000e-01, -1.015e+00, 1.185e+05, 0.000e+00, 5.613e-04, 0.000e+00, 2.152e+00, 9.984e+02, 2.410e-07
1.255e+00, 5.000e-01, -1.005e+00, 1.184e+05, 0.000e+00, 5.354e-04, 0.000e+00, 2.150e+00, 9.984e+02, 2.298e-07
1.255e+00, 5.000e-01, -9.950e-01, 1.183e+05, 0.000e+00, 5.167e-04, 0.000e+00, 2.149e+00, 9.984e+02, 2.218e-07
1.255e+00, 5.000e-01, -9.850e-01, 1.182e+05, 0.000e+00, 5.012e-04, 0.000e+00, 2.147e+00, 9.984e+02, 2.152e-07
1.255e+00, 5.000e-01, -9.750e-01, 1.181e+05, 0.000e+00, 4.895e-04, 0.000e+00, 2.145e+00, 9.984e+02, 2.101e-07
1.255e+00, 5.000e-01, -9.650e-01, 1.180e+05, 0.000e+00, 4.858e-04, 0.000e+00, 2.143e+00, 9.984e+02, 2.086e-07
1.255e+00, 5.000e-01, -9.550e-01, 1.179e+05, 0.000e+00, 4.856e-04, 0.000e+00, 2.141e+00, 9.984e+02, 2.085e-07
1.255e+00, 5.000e-01, -9.450e-01, 1.178e+05, 0.000e+00, 4.838e-04, 0.000e+00, 2.140e+00, 9.984e+02, 2.077e-07
1.255e+00, 5.000e-01, -9.350e-01, 1.177e+05, 0.000e+00, 5.000e-04, 0.000e+00, 2.138e+00, 9.984e+02, 2.147e-07
1.255e+00, 5.000e-01, -9.250e-01, 1.176e+05, 0.000e+00, 5.484e-04, 0.000e+00, 2.136e+00, 9.984e+02, 2.354e-07
1.255e+00, 5.000e-01, -9.150e-01, 1.175e+05, 0.000e+00, 6.378e-04, 0.000e+00, 2.134e+00, 9.984e+02, 2.738e-07
1.255e+00, 5.000e-01, -9.050e-01, 1.174e+05, 0.000e+00, 6.938e-04, 0.000e+00, 2.132e+00, 9.984e+02, 2.979e-07
1.255e+00, 5.000e-01, -8.950e-01, 1.173e+05, 0.000e+00, 7.164e-04, 0.000e+00, 2.131e+00, 9.984e+02, 3.076e-07
1.255e+00, 5.000e-01, -8.850e-01, 1.172e+05, 0.000e+00, 7.248e-04, 0.000e+00, 2.129e+00, 9.984e+02, 3.112e-07
1.255e+00, 5.000e-01, -8.750e-01, 1.171e+05, 0.000e+00, 7.256e-04, 0.000e+00, 2.127e+00, 9.984e+02, 3.115e-07
1.255e+00, 5.000e-01, -8.650e-01, 1.170e+05, 0.000e+00, 7.207e-04, 0.000e+00, 2.125e+00, 9.984e+02, 3.094e-07
1.255e+00, 5.000e-01, -8.550e-01, 1.169e+05, 0.000e+00, 7.104e-04, 0.000e+00, 2.124e+00, 9.984e+02, 3.050e-07
1.255e+00, 5.000e-01, -8.450e-01, 1.168e+05, 0.000e+00, 6.949e-04, 0.000e+00, 2.122e+00, 9.984e+02, 2.983e-07
1.255e+00, 5.000e-01, -8.350e-01, 1.167e+05, 0.000e+00, 6.753e-04, 0.000e+00, 2.120e+00, 9.984e+02, 2.899e-07
1.255e+00, 5.000e-01, -8.250e-01, 1.166e+05, 0.000e+00, 6.540e-04, 0.000e+00, 2.118e+00, 9.984e+02, 2.807e-07
1.255e+00, 5.000e-01, -8.150e-01, 1.165e+05, 0.000e+00, 6.352e-04, 0.000e+00, 2.116e+00, 9.984e+02, 2.727e-07
1.255e+00, 5.000e-01, -8.050e-01, 1.164e+05, 0.000e+00, 6.240e-04, 0.000e+00, 2.115e+00, 9.984e+02, 2.679e-07
1.255e+00, 5.000e-01, -7.950e-01, 1.163e+05, 0.000e+00, 6.339e-04, 0.000e+00, 2.113e+00, 9.984e+02, 2.721e-07
1.255e+00, 5.000e-01, -7.850e-01, 1.162e+05, 0.000e+00, 6.816e-04, 0.000e+00, 2.111e+00, 9.984e+02, 2.926e-07
1.255e+00, 5.000e-01, -7.750e-01, 1.161e+05, 0.000e+00, 7.307e-04, 0.000e+00, 2.109e+00, 9.984e+02, 3.137e-07
1.255e+00, 5.000e-01, -7.650e-01, 1.160e+05, 0.000e+00, 7.328e-04, 0.000e+00, 2.107e+00, 9.984e+02, 3.146e-07
1.255e+00, 5.000e-01, -7.550e-01, 1.159e+05, 0.000e+00, 6.953e-04, 0.000e+00, 2.106e+00, 9.984e+02, 2.985e-07
1.255e+00, 5.000e-01, -7.450e-01, 1.158e+05, 0.000e+00, 6.580e-04, 0.000e+00, 2.104e+00, 9.984e+02, 2.825e-07
1.255e+00, 5.000e-01, -7.350e-01, 1.157e+05, 6.757e-07, 7.676e-04, 0.000e+00, 2.102e+00, 9.984e+02, 3.295e-07
1.255e+00, 5.000e-01, -7.250e-01, 1.156e+05, 4.723e-01, 1.895e-03, 0.000e+00, 2.100e+00, 9.986e+02, 8.559e-07
1.255e+00, 5.000e-01, -7.150e-01, 1.170e+05, 0.000e+00, 6.752e-04, 0.000e+00, 2.126e+00, 9.984e+02, 2.944e-07
1.255e+00, 5.000e-01, -7.050e-01, 1.169e+05, 0.000e+00, 4.848e-04, 0.000e+00, 2.124e+00, 9.984e+02, 2.130e-07
1.255e+00, 5.000e-01, -6.950e-01, 1.168e+05, 0.000e+00, 3.510e-04, 0.000e+00, 2.122e+00, 9.983e+02, 1.542e-07
1.255e+00, 5.000e-01, -6.850e-01, 1.167e+05, 0.000e+00, 2.403e-04, 0.000e+00, 2.120e+00, 9.983e+02, 1.055e-07
1.255e+00, 5.000e-01, -6.750e-01, 1.166e+05, 0.000e+00, 1.537e-04, 0.000e+00, 2.119e+00, 9.983e+02, 6.750e-08
1.255e+00, 5.000e-01, -6.650e-01, 1.165e+05, 0.000e+00, 9.175e-05, 0.000e+00, 2.117e+00, 9.983e+02, 4.030e-08
1.255e+00, 5.000e-01, -6.550e-01, 1.164e+05, 0.000e+00, 5.187e-05, 0.000e+00, 2.115e+00, 9.983e+02, 2.278e-08
1.255e+00, 5.000e-01, -6.450e-01, 1.163e+05, 0.000e+00, 2.992e-05, 0.000e+00, 2.113e+00, 9.983e+02, 1.314e-08
1.255e+00, 5.000e-01, -6.350e-01, 1.162e+05, 0.000e+00, 2.274e-05, 0.000e+00, 2.111e+00, 9.983e+02, 9.988e-09
1.255e+00, 5.000e-01, -6.250e-01, 1.161e+05, 0.000e+00, 3.017e-05, 0.000e+00, 2.110e+00, 9.983e+02, 1.325e-08
1.255e+00, 5.000e-01, -6.150e-01, 1.160e+05, 0.000e+00, 5.621e-05, 0.000e+00, 2.108e+00, 9.983e+02, 2.469e-08
1.255e+00, 5.000e-01, -6.050e-01, 1.159e+05, 0.000e+00, 1.084e-04, 0.000e+00, 2.106e+00, 9.983e+02, 4.764e-08
1.255e+00, 5.000e-01, -5.950e-01, 1.158e+05, 0.000e+00, 1.944e-04, 0.000e+00, 2.104e+00, 9.983e+02, 8.541e-08
1.255e+00, 5.000e-01, -5.850e-01, 1.157e+05, 0.000e+00, 3.146e-04, 0.000e+00, 2.102e+00, 9.983e+02, 1.382e-07
1.255e+00, 5.000e-01, -5.750e-01, 1.156e+05, 0.000e+00, 4.544e-04, 0.000e+00, 2.101e+00, 9.983e+02, 1.996e-07
1.255e+00, 5.000e-01, -5.650e-01, 1.155e+05, 0.000e+00, 5.824e-04, 0.000e+00, 2.099e+00, 9.984e+02, 2.586e-07
1.255e+00, 5.000e-01, -5.550e-01, 1.140e+05, 0.000e+00, 6.577e-04, 0.000e+00, 2.070e+00, 9.984e+02, 2.955e-07
1.255e+00, 5.000e-01, -5.450e-01, 1.139e+05, 0.000e+00, 6.789e-04, 0.000e+00, 2.068e+00, 9.984e+02, 3.050e-07
1.255e+00, 5.000e-01, -5.350e-01, 1.137e+05, 0.000e+00, 6.563e-04, 0.000e+00, 2.066e+00, 9.984e+02, 2.823e-07
1.255e+00, 5.000e-01, -5.250e-01, 1.137e+05, 0.000e+00, 6.147e-04, 0.000e+00, 2.064e+00, 9.984e+02, 2.639e-07
1.255e+00, 5.000e-01, -5.150e-01, 1.136e+05, 0.000e+00, 5.767e-04, 0.000e+00, 2.063e+00, 9.984e+02, 2.476e-07
1.255e+00, 5.000e-01, -5.050e-01, 1.135e+05, 0.000e+00, 5.477e-04, 0.000e+00, 2.061e+00, 9.984e+02, 2.351e-07
1.255e+00, 5.000e-01, -4.950e-01, 1.134e+05, 0.000e+00, 5.244e-04, 0.000e+00, 2.059e+00, 9.984e+02, 2.251e-07
1.255e+00, 5.000e-01, -4.850e-01, 1.133e+05, 0.000e+00, 5.028e-04, 0.000e+00, 2.057e+00, 9.984e+02, 2.159e-07
1.255e+00, 5.000e-01, -4.750e-01, 1.132e+05, 0.000e+00, 4.826e-04, 0.000e+00, 2.056e+00, 9.983e+02, 2.072e-07
1.255e+00, 5.000e-01, -4.650e-01, 1.131e+05, 0.000e+00, 4.641e-04, 0.000e+00, 2.054e+00, 9.983e+02, 1.992e-07
1.255e+00, 5.000e-01, -4.550e-01, 1.130e+05, 0.000e+00, 4.463e-04, 0.000e+00, 2.052e+00, 9.983e+02, 1.916e-07
1.255e+00, 5.000e-01, -4.450e-01, 1.129e+05, 0.000e+00, 4.277e-04, 0.000e+00, 2.050e+00, 9.983e+02, 1.836e-07
1.255e+00, 5.000e-01, -4.350e-01, 1.128e+05, 0.000e+00, 4.054e-04, 0.000e+00, 2.049e+00, 9.983e+02, 1.796e-07
1.255e+00, 5.000e-01, -4.250e-01, 1.127e+05, 0.000e+00, 3.824e-04, 0.000e+00, 2.047e+00, 9.983e+02, 1.718e-07
1.255e+00, 5.000e-01, -4.150e-01, 1.126e+05, 0.000e+00, 3.592e-04, 0.000e+00, 2.045e+00, 9.983e+02, 1.614e-07
1.255e+00, 5.000e-01, -4.050e-01, 1.125e+05, 0.000e+00, 3.362e-04, 0.000e+00, 2.043e+00, 9.983e+02, 1.511e-07
1.255e+00, 5.000e-01, -3.950e-01, 1.124e+05, 0.000e+00, 3.129e-04, 0.000e+00, 2.041e+00, 9.983e+02, 1.406e-07
1.255e+00, 5.000e-01, -3.850e-01, 1.123e+05, 0.000e+00, 2.882e-04, 0.000e+00, 2.040e+00, 9.983e+02, 1.295e-07
1.255e+00, 5.000e-01, -3.750e-01, 1.122e+05, 0.000e+00, 2.616e-04, 0.000e+00, 2.038e+00, 9.983e+02, 1.175e-07
1.255e+00, 5.000e-01, -3.650e-01, 1.121e+05, 0.000e+00, 2.327e-04, 0.000e+00, 2.036e+00, 9.983e+02, 1.045e-07
1.255e+00, 5.000e-01, -3.550e-01, 1.120e+05, 0.000e+00, 2.024e-04, 0.000e+00, 2.034e+00, 9.983e+02, 9.094e-08
1.255e+00, 5.000e-01, -3.450e-01, 1.119e+05, 0.000e+00, 1.729e-04, 0.000e+00, 2.033e+00, 9.983e+02, 7.712e-08
1.255e+00, 5.000e-01, -3.350e-01, 1.119e+05, 0.000e+00, 1.451e-04, 0.000e+00, 2.032e+00, 9.983e+02, 6.372e-08
1.255e+00, 5.000e-01, -3.250e-01, 1.118e+05, 0.000e+00, 1.185e-04, 0.000e+00, 2.030e+00, 9.983e+02, 5.204e-08
1.255e+00, 5.000e-01, -3.150e-01, 1.117e+05, 0.000e+00, 9.364e-05, 0.000e+00, 2.029e+00, 9.983e+02, 4.113e-08
1.255e+00, 5.000e-01, -3.050e-01, 1.116e+05, 0.000e+00, 6.955e-05, 0.000e+00, 2.027e+00, 9.983e+02, 3.121e-08
1.255e+00, 5.000e-01, -2.950e-01, 1.114e+05, 0.000e+00, 6.261e-05, 0.000e+00, 2.023e+00, 9.983e+02, 2.832e-08
1.255e+00, 5.000e-01, -2.850e-01, 1.114e+05, 0.000e+00, 8.614e-05, 0.000e+00, 2.023e+00, 9.983e+02, 3.784e-08
1.255e+00, 5.000e-01, -2.750e-01, 1.113e+05, 0.000e+00, 1.676e-04, 0.000e+00, 2.021e+00, 9.983e+02, 7.363e-08
1.255e+00, 5.000e-01, -2.650e-01, 1.112e+05, 0.000e+00, 2.450e-04, 0.000e+00, 2.020e+00, 9.983e+02, 1.076e-07
1.255e+00, 5.000e-01, -2.550e-01, 1.111e+05, 0.000e+00, 2.882e-04, 0.000e+00, 2.018e+00, 9.983e+02, 1.261e-07
1.255e+00, 5.000e-01, -2.450e-01, 1.112e+05, 0.000e+00, 3.217e-04, 0.000e+00, 2.020e+00, 9.983e+02, 1.381e-07
1.255e+00, 5.000e-01, -2.350e-01, 1.111e+05, 0.000e+00, 3.570e-04, 0.000e+00, 2.018e+00, 9.983e+02, 1.533e-07
1.255e+00, 5.000e-01, -2.250e-01, 1.110e+05, 0.000e+00, 3.776e-04, 0.000e+00, 2.016e+00, 9.983e+02, 1.621e-07
1.255e+00, 5.000e-01, -2.150e-01, 1.109e+05, 0.000e+00, 3.814e-04, 0.000e+00, 2.014e+00, 9.983e+02, 1.637e-07
1.255e+00, 5.000e-01, -2.050e-01, 1.108e+05, 0.000e+00, 3.761e-04, 0.000e+00, 2.012e+00, 9.983e+02, 1.615e-07
1.255e+00, 5.000e-01, -1.950e-01, 1.107e+05, 0.000e+00, 3.688e-04, 0.000e+00, 2.011e+00, 9.983e+02, 1.583e-07
1.255e+00, 5.000e-01, -1.850e-01, 1.106e+05, 0.000e+00, 3.603e-04, 0.000e+00, 2.009e+00, 9.983e+02, 1.547e-07
1.255e+00, 5.000e-01, -1.750e-01, 1.105e+05, 0.000e+00, 3.424e-04, 0.000e+00, 2.007e+00, 9.983e+02, 1.477e-07
1.255e+00, 5.000e-01, -1.650e-01, 1.116e+05, 0.000e+00, 2.915e-04, 0.000e+00, 2.027e+00, 9.983e+02, 1.281e-07
1.255e+00, 5.000e-01, -1.550e-01, 1.115e+05, 0.000e+00, 2.166e-04, 0.000e+00, 2.025e+00, 9.983e+02, 9.513e-08
1.255e+00, 5.000e-01, -1.450e-01, 1.114e+05, 0.000e+00, 1.421e-04, 0.000e+00, 2.024e+00, 9.983e+02, 6.244e-08
1.255e+00, 5.000e-01, -1.350e-01, 1.113e+05, 0.000e+00, 8.353e-05, 0.000e+00, 2.022e+00, 9.983e+02, 3.669e-08
1.255e+00, 5.000e-01, -1.250e-01, 1.112e+05, 0.000e+00, 4.448e-05, 0.000e+00, 2.020e+00, 9.983e+02, 1.954e-08
1.255e+00, 5.000e-01, -1.150e-01, 1.111e+05, 0.000e+00, 2.170e-05, 0.000e+00, 2.018e+00, 9.983e+02, 9.530e-09
1.255e+00, 5.000e-01, -1.050e-01, 1.110e+05, 0.000e+00, 9.786e-06, 0.000e+00, 2.017e+00, 9.983e+02, 4.298e-09
1.255e+00, 5.000e-01, -9.500e-02, 1.109e+05, 0.000e+00, 4.114e-06, 0.000e+00, 2.015e+00, 9.983e+02, 1.807e-09
1.255e+00, 5.000e-01, -8.500e-02, 1.108e+05, 0.000e+00, 1.622e-06, 0.000e+00, 2.013e+00, 9.983e+02, 7.123e-10
1.255e+00, 5.000e-01, -7.500e-02, 1.107e+05, 0.000e+00, 6.025e-07, 0.000e+00, 2.011e+00, 9.983e+02, 2.646e-10
1.255e+00, 5.000e-01, -6.500e-02, 1.106e+05, 0.000e+00, 2.118e-07, 0.000e+00, 2.009e+00, 9.983e+02, 9.302e-11
1.255e+00, 5.000e-01, -5.500e-02, 1.105e+05, 0.000e+00, 7.064e-08, 0.000e+00, 2.008e+00, 9.983e+02, 3.103e-11
1.255e+00, 5.000e-01, -4.500e-02, 1.104e+05, 0.000e+00, 2.241e-08, 0.000e+00, 2.006e+00, 9.983e+02, 9.845e-12
1.255e+00, 5.000e-01, -3.500e-02, 1.103e+05, 0.000e+00, 6.780e-09, 0.000e+00, 2.004e+00, 9.983e+02, 2.978e-12
1.255e+00, 5.000e-01, -2.500e-02, 1.102e+05, 0.000e+00, 1.961e-09, 0.000e+00, 2.002e+00, 9.983e+02, 8.615e-13
1.255e+00, 5.000e-01, -1.500e-02, 1.101e+05, 0.000e+00, 5.518e-10, 0.000e+00, 2.000e+00, 9.983e+02, 2.424e-13
1.255e+00, 5.000e-01, -5.000e-03, 1.100e+05, 0.000e+00, 1.743e-10, 0.000e+00, 1.999e+00, 9.983e+02, 7.656e-14
1.265e+00, 5.000e-01, -1.195e+00, 1.202e+05, 0.000e+00, 1.002e-13, 0.000e+00, 2.184e+00, 9.983e+02, 2.000e-17
1.265e+00, 5.000e-01, -1.185e+00, 1.201e+05, 0.000e+00, 1.002e-13, 0.000e+00, 2.182e+00, 9.983e+02, 2.000e-17
1.265e+00, 5.000e-01, -1.175e+00, 1.200e+05, 0.000e+00, 1.002e-13, 0.000e+00, 2.181e+00, 9.983e+02, 2.000e-17
1.265e+00, 5.000e-01, -1.165e+00, 1.199e+05, 0.000e+00, 1.002e-13, 0.000e+00, 2.179e+00, 9.983e+02, 2.000e-17
1.265e+00, 5.000e-01, -1.155e+00, 1.198e+05, 0.000e+00, 1.002e-13, 0.000e+00, 2.177e+00, 9.983e+02, 2.000e-17
1.265e+00, 5.000e-01, -1.145e+00, 1.197e+05, 0.000e+00, 1.002e-13, 0.000e+00, 2.175e+00, 9.983e+02, 2.000e-17
1.265e+00, 5.000e-01, -1.135e+00, 1.196e+05, 0.000e+00, 1.002e-13, 0.000e+00, 2.173e+00, 9.983e+02, 2.000e-17
1.265e+00, 5.000e-01, -1.125e+00, 1.195e+05, 0.000e+00, 1.002e-13, 0.000e+00, 2.172e+00, 9.983e+02, 2.000e-17
1.265e+00, 5.000e-01, -1.115e+00, 1.194e+05, 0.000e+00, 1.002e-13, 0.000e+00, 2.170e+00, 9.983e+02, 2.000e-17
1.265e+00, 5.000e-01, -1.105e+00, 1.193e+05, 0.000e+00, 1.002e-13, 0.000e+00, 2.168e+00, 9.983e+02, 2.000e-17
1.265e+00, 5.000e-01, -1.095e+00, 1.192e+05, 0.000e+00, 3.159e-09, 0.000e+00, 2.166e+00, 9.983e+02, 1.286e-12
1.265e+00, 5.000e-01, -1.085e+00, 1.191e+05, 0.000e+00, 1.104e-03, 0.000e+00, 2.165e+00, 9.985e+02, 4.495e-07
1.265e+00, 5.000e-01, -1.075e+00, 1.190e+05, 0.000e+00, 1.042e-03, 0.000e+00, 2.163e+00, 9.985e+02, 4.474e-07
1.265e+00, 5.000e-01, -1.065e+00, 1.189e+05, 0.000e+00, 9.258e-04, 0.000e+00, 2.161e+00, 9.984e+02, 3.975e-07
1.265e+00, 5.000e-01, -1.055e+00, 1.188e+05, 0.000e+00, 8.098e-04, 0.000e+00, 2.159e+00, 9.984e+02, 3.477e-07
1.265e+00, 5.000e-01, -1.045e+00, 1.187e+05, 0.000e+00, 7.166e-04, 0.000e+00, 2.158e+00, 9.984e+02, 3.077e-07
1.265e+00, 5.000e-01, -1.035e+00, 1.186e+05, 0.000e+00, 6.484e-04, 0.000e+00, 2.156e+00, 9.984e+02, 2.784e-07
1.265e+00, 5.000e-01, -1.025e+00, 1.185e+05, 0.000e+00, 5.976e-04, 0.000e+00, 2.154e+00, 9.984e+02, 2.565e-07
1.265e+00, 5.000e-01, -1.015e+00, 1.185e+05, 0.000e+00, 5.541e-04, 0.000e+00, 2.152e+00, 9.984e+02, 2.379e-07
1.265e+00, 5.000e-01, -1.005e+00, 1.184e+05, 0.000e+00, 5.309e-04, 0.000e+00, 2.150e+00, 9.984e+02, 2.279e-07
1.265e+00, 5.000e-01, -9.950e-01, 1.183e+05, 0.000e+00, 5.155e-04, 0.000e+00, 2.149e+00, 9.984e+02, 2.213e-07
1.265e+00, 5.000e-01, -9.850e-01, 1.182e+05, 0.000e+00, 5.043e-04, 0.000e+00, 2.147e+00, 9.984e+02, 2.165e-07
1.265e+00, 5.000e-01, -9.750e-01, 1.181e+05, 0.000e+00, 5.095e-04, 0.000e+00, 2.145e+00, 9.984e+02, 2.187e-07
1.265e+00, 5.000e-01, -9.650e-01, 1.180e+05, 0.000e+00, 5.404e-04, 0.000e+00, 2.143e+00, 9.984e+02, 2.320e-07
1.265e+00, 5.000e-01, -9.550e-01, 1.179e+05, 0.000e+00, 5.668e-04, 0.000e+00, 2.141e+00, 9.984e+02, 2.433e-07
1.265e+00, 5.000e-01, -9.450e-01, 1.178e+05, 0.000e+00, 5.676e-04, 0.000e+00, 2.140e+00, 9.984e+02, 2.437e-07
1.265e+00, 5.000e-01, -9.350e-01, 1.177e+05, 0.000e+00, 6.299e-04, 0.000e+00, 2.138e+00, 9.984e+02, 2.704e-07
1.265e+00, 5.000e-01, -9.250e-01, 1.176e+05, 0.000e+00, 7.171e-04, 0.000e+00, 2.136e+00, 9.984e+02, 3.079e-07
1.265e+00, 5.000e-01, -9.150e-01, 1.175e+05, 0.000e+00, 7.670e-04, 0.000e+00, 2.134e+00, 9.984e+02, 3.293e-07
1.265e+00, 5.000e-01, -9.050e-01, 1.174e+05, 0.000e+00, 7.902e-04, 0.000e+00, 2.132e+00, 9.984e+02, 3.393e-07
1.265e+00, 5.000e-01, -8.950e-01, 1.173e+05, 0.000e+00, 7.966e-04, 0.000e+00, 2.131e+00, 9.984e+02, 3.420e-07
1.265e+00, 5.000e-01, -8.850e-01, 1.172e+05, 0.000e+00, 7.939e-04, 0.000e+00, 2.129e+00, 9.984e+02, 3.408e-07
1.265e+00, 5.000e-01, -8.750e-01, 1.171e+05, 0.000e+00, 7.858e-04, 0.000e+00, 2.127e+00, 9.984e+02, 3.374e-07
1.265e+00, 5.000e-01, -8.650e-01, 1.170e+05, 0.000e+00, 7.739e-04, 0.000e+00, 2.125e+00, 9.984e+02, 3.323e-07
1.265e+00, 5.000e-01, -8.550e-01, 1.169e+05, 0.000e+00, 7.590e-04, 0.000e+00, 2.124e+00, 9.984e+02, 3.258e-07
1.265e+00, 5.000e-01, -8.450e-01, 1.168e+05, 0.000e+00, 7.421e-04, 0.000e+00, 2.122e+00, 9.984e+02, 3.186e-07
1.265e+00, 5.000e-01, -8.350e-01, 1.167e+05, 0.000e+00, 7.260e-04, 0.000e+00, 2.120e+00, 9.984e+02, 3.117e-07
1.265e+00, 5.000e-01, -8.250e-01, 1.166e+05, 0.000e+00, 7.163e-04, 0.000e+00, 2.118e+00, 9.984e+02, 3.075e-07
1.265e+00, 5.000e-01, -8.150e-01, 1.165e+05, 0.000e+00, 7.226e-04, 0.000e+00, 2.116e+00, 9.984e+02, 3.102e-07
1.265e+00, 5.000e-01, -8.050e-01, 1.164e+05, 0.000e+00, 7.538e-04, 0.000e+00, 2.115e+00, 9.984e+02, 3.236e-07
1.265e+00, 5.000e-01, -7.950e-01, 1.163e+05, 0.000e+00, 8.017e-04, 0.000e+00, 2.113e+00, 9.984e+02, 3.442e-07
1.265e+00, 5.000e-01, -7.850e-01, 1.162e+05, 0.000e+00, 8.479e-04, 0.000e+00, 2.111e+00, 9.984e+02, 3.640e-07
1.265e+00, 5.000e-01, -7.750e-01, 1.161e+05, 0.000e+00, 8.797e-04, 0.000e+00, 2.109e+00, 9.984e+02, 3.777e-07
1.265e+00, 5.000e-01, -7.650e-01, 1.160e+05, 0.000e+00, 8.874e-04, 0.000e+00, 2.107e+00, 9.984e+02, 3.810e-07
1.265e+00, 5.000e-01, -7.550e-01, 1.159e+05, 0.000e+00, 8.789e-04, 0.000e+00, 2.106e+00, 9.984e+02, 3.773e-07
1.265e+00, 5.000e-01, -7.450e-01, 1.158e+05, 0.000e+00, 8.803e-04, 0.000e+00, 2.104e+00, 9.984e+02, 3.779e-07
1.265e+00, 5.000e-01, -7.350e-01, 1.157e+05, 6.759e-07, 9.725e-04, 0.000e+00, 2.102e+00, 9.984e+02, 4.175e-07
1.265e+00, 5.000e-01, -7.250e-01, 1.156e+05, 4.725e-01, 1.895e-03, 0.000e+00, 2.100e+00, 9.986e+02, 8.559e-07
1.265e+00, 5.000e-01, -7.150e-01, 1.170e+05, 0.000e+00, 6.519e-04, 0.000e+00, 2.126e+00, 9.984e+02, 2.839e-07
1.265e+00, 5.000e-01, -7.050e-01, 1.169e+05, 0.000e+00, 4.698e-04, 0.000e+00, 2.124e+00, 9.983e+02, 2.064e-07
1.265e+00, 5.000e-01, -6.950e-01, 1.168e+05, 0.000e+00, 3.441e-04, 0.000e+00, 2.122e+00, 9.983e+02, 1.511e-07
1.265e+00, 5.000e-01, -6.850e-01, 1.167e+05, 0.000e+00, 2.383e-04, 0.000e+00, 2.120e+00, 9.983e+02, 1.047e-07
1.265e+00, 5.000e-01, -6.750e-01, 1.166e+05, 0.000e+00, 1.539e-04, 0.000e+00, 2.119e+00, 9.983e+02, 6.761e-08
1.265e+00, 5.000e-01, -6.650e-01, 1.165e+05, 0.000e+00, 9.265e-05, 0.000e+00, 2.117e+00, 9.983e+02, 4.070e-08
1.265e+00, 5.000e-01, -6.550e-01, 1.164e+05, 0.000e+00, 5.267e-05, 0.000e+00, 2.115e+00, 9.983e+02, 2.313e-08
1.265e+00, 5.000e-01, -6.450e-01, 1.163e+05, 0.000e+00, 3.028e-05, 0.000e+00, 2.113e+00, 9.983e+02, 1.330e-08
1.265e+00, 5.000e-01, -6.350e-01, 1.162e+05, 0.000e+00, 2.242e-05, 0.000e+00, 2.111e+00, 9.983e+02, 9.849e-09
1.265e+00, 5.000e-01, -6.250e-01, 1.161e+05, 0.000e+00, 2.876e-05, 0.000e+00, 2.110e+00, 9.983e+02, 1.263e-08
1.265e+00, 5.000e-01, -6.150e-01, 1.160e+05, 0.000e+00, 5.299e-05, 0.000e+00, 2.108e+00, 9.983e+02, 2.327e-08
1.265e+00, 5.000e-01, -6.050e-01, 1.159e+05, 0.000e+00, 1.025e-04, 0.000e+00, 2.106e+00, 9.983e+02, 4.501e-08
1.265e+00, 5.000e-01, -5.950e-01, 1.158e+05, 0.000e+00, 1.851e-04, 0.000e+00, 2.104e+00, 9.983e+02, 8.131e-08
1.265e+00, 5.000e-01, -5.850e-01, 1.157e+05, 0.000e+00, 3.027e-04, 0.000e+00, 2.102e+00, 9.983e+02, 1.330e-07
1.265e+00, 5.000e-01, -5.750e-01, 1.156e+05, 0.000e+00, 4.427e-04, 0.000e+00, 2.101e+00, 9.983e+02, 1.944e-07
1.265e+00, 5.000e-01, -5.650e-01, 1.155e+05, 0.000e+00, 5.749e-04, 0.000e+00, 2.099e+00, 9.984e+02, 2.548e-07
1.265e+00, 5.000e-01, -5.550e-01, 1.140e+05, 0.000e+00, 6.591e-04, 0.000e+00, 2.070e+00, 9.984e+02, 2.961e-07
1.265e+00, 5.000e-01, -5.450e-01, 1.139e+05, 0.000e+00, 6.834e-04, 0.000e+00, 2.068e+00, 9.984e+02, 3.070e-07
1.265e+00, 5.000e-01, -5.350e-01, 1.137e+05, 0.000e+00, 6.602e-04, 0.000e+00, 2.066e+00, 9.984e+02, 2.845e-07
1.265e+00, 5.000e-01, -5.250e-01, 1.137e+05, 0.000e+00, 6.184e-04, 0.000e+00, 2.064e+00, 9.984e+02, 2.655e-07
1.265e+00, 5.000e-01, -5.150e-01, 1.136e+05, 0.000e+00, 5.810e-04, 0.000e+00, 2.063e+00, 9.984e+02, 2.494e-07
1.265e+00, 5.000e-01, -5.050e-01, 1.135e+05, 0.000e+00, 5.534e-04, 0.000e+00, 2.061e+00, 9.984e+02, 2.376e-07
1.265e+00, 5.000e-01, -4.950e-01, 1.134e+05, 0.000e+00, 5.317e-04, 0.000e+00, 2.059e+00, 9.984e+02, 2.283e-07
1.265e+00, 5.000e-01, -4.850e-01, 1.133e+05, 0.000e+00, 5.111e-04, 0.000e+00, 2.057e+00, 9.984e+02, 2.194e-07
1.265e+00, 5.000e-01, -4.750e-01, 1.132e+05, 0.000e+00, 4.906e-04, 0.000e+00, 2.056e+00, 9.984e+02, 2.106e-07
1.265e+00, 5.000e-01, -4.650e-01, 1.131e+05, 0.000e+00, 4.718e-04, 0.000e+00, 2.054e+00, 9.983e+02, 2.025e-07
1.265e+00, 5.000e-01, -4.550e-01, 1.130e+05, 0.000e+00, 4.538e-04, 0.000e+00, 2.052e+00, 9.983e+02, 1.948e-07
1.265e+00, 5.000e-01, -4.450e-01, 1.129e+05, 0.000e+00, 4.354e-04, 0.000e+00, 2.050e+00, 9.983e+02, 1.869e-07
1.265e+00, 5.000e-01, -4.350e-01, 1.128e+05, 0.000e+00, 4.131e-04, 0.000e+00, 2.049e+00, 9.983e+02, 1.825e-07
1.265e+00, 5.000e-01, -4.250e-01, 1.127e+05, 0.000e+00, 3.896e-04, 0.000e+00, 2.047e+00, 9.983e+02, 1.750e-07
1.265e+00, 5.000e-01, -4.150e-01, 1.126e+05, 0.000e+00, 3.660e-04, 0.000e+00, 2.045e+00, 9.983e+02, 1.644e-07
1.265e+00, 5.000e-01, -4.050e-01, 1.125e+05, 0.000e+00, 3.429e-04, 0.000e+00, 2.043e+00, 9.983e+02, 1.540e-07
1.265e+00, 5.000e-01, -3.950e-01, 1.124e+05, 0.000e+00, 3.200e-04, 0.000e+00, 2.041e+00, 9.983e+02, 1.438e-07
1.265e+00, 5.000e-01, -3.850e-01, 1.123e+05, 0.000e+00, 2.961e-04, 0.000e+00, 2.040e+00, 9.983e+02, 1.330e-07
1.265e+00, 5.000e-01, -3.750e-01, 1.122e+05, 0.000e+00, 2.703e-04, 0.000e+00, 2.038e+00, 9.983e+02, 1.215e-07
1.265e+00, 5.000e-01, -3.650e-01, 1.121e+05, 0.000e+00, 2.421e-04, 0.000e+00, 2.036e+00, 9.983e+02, 1.088e-07
1.265e+00, 5.000e-01, -3.550e-01, 1.120e+05, 0.000e+00, 2.119e-04, 0.000e+00, 2.034e+00, 9.983e+02, 9.520e-08
1.265e+00, 5.000e-01, -3.450e-01, 1.119e+05, 0.000e+00, 1.821e-04, 0.000e+00, 2.033e+00, 9.983e+02, 8.133e-08
1.265e+00, 5.000e-01, -3.350e-01, 1.119e+05, 0.000e+00, 1.540e-04, 0.000e+00, 2.032e+00, 9.983e+02, 6.766e-08
1.265e+00, 5.000e-01, -3.250e-01, 1.118e+05, 0.000e+00, 1.269e-04, 0.000e+00, 2.030e+00, 9.983e+02, 5.573e-08
1.265e+00, 5.000e-01, -3.150e-01, 1.117e+05, 0.000e+00, 1.011e-04, 0.000e+00, 2.029e+00, 9.983e+02, 4.441e-08
1.265e+00, 5.000e-01, -3.050e-01, 1.116e+05, 0.000e+00, 7.454e-05, 0.000e+00, 2.027e+00, 9.983e+02, 3.339e-08
1.265e+00, 5.000e-01, -2.950e-01, 1.114e+05, 0.000e+00, 5.942e-05, 0.000e+00, 2.023e+00, 9.983e+02, 2.693e-08
1.265e+00, 5.000e-01, -2.850e-01, 1.114e+05, 0.000e+00, 5.775e-05, 0.000e+00, 2.023e+00, 9.983e+02, 2.537e-08
1.265e+00, 5.000e-01, -2.750e-01, 1.113e+05, 0.000e+00, 9.468e-05, 0.000e+00, 2.021e+00, 9.983e+02, 4.159e-08
1.265e+00, 5.000e-01, -2.650e-01, 1.112e+05, 0.000e+00, 1.419e-04, 0.000e+00, 2.020e+00, 9.983e+02, 6.231e-08
1.265e+00, 5.000e-01, -2.550e-01, 1.111e+05, 0.000e+00, 1.686e-04, 0.000e+00, 2.018e+00, 9.983e+02, 7.379e-08
1.265e+00, 5.000e-01, -2.450e-01, 1.112e+05, 0.000e+00, 1.874e-04, 0.000e+00, 2.020e+00, 9.983e+02, 8.043e-08
1.265e+00, 5.000e-01, -2.350e-01, 1.111e+05, 0.000e+00, 2.211e-04, 0.000e+00, 2.018e+00, 9.983e+02, 9.491e-08
1.265e+00, 5.000e-01, -2.250e-01, 1.110e+05, 0.000e+00, 2.559e-04, 0.000e+00, 2.016e+00, 9.983e+02, 1.099e-07
1.265e+00, 5.000e-01, -2.150e-01, 1.109e+05, 0.000e+00, 2.878e-04, 0.000e+00, 2.014e+00, 9.983e+02, 1.236e-07
1.265e+00, 5.000e-01, -2.050e-01, 1.108e+05, 0.000e+00, 2.998e-04, 0.000e+00, 2.012e+00, 9.983e+02, 1.287e-07
1.265e+00, 5.000e-01, -1.950e-01, 1.107e+05, 0.000e+00, 3.094e-04, 0.000e+00, 2.011e+00, 9.983e+02, 1.328e-07
1.265e+00, 5.000e-01, -1.850e-01, 1.106e+05, 0.000e+00, 3.198e-04, 0.000e+00, 2.009e+00, 9.983e+02, 1.373e-07
1.265e+00, 5.000e-01, -1.750e-01, 1.105e+05, 0.000e+00, 3.202e-04, 0.000e+00, 2.007e+00, 9.983e+02, 1.382e-07
1.265e+00, 5.000e-01, -1.650e-01, 1.116e+05, 0.000e+00, 2.823e-04, 0.000e+00, 2.027e+00, 9.983e+02, 1.240e-07
1.265e+00, 5.000e-01, -1.550e-01, 1.115e+05, 0.000e+00, 2.136e-04, 0.000e+00, 2.025e+00, 9.983e+02, 9.384e-08
1.265e+00, 5.000e-01, -1.450e-01, 1.114e+05, 0.000e+00, 1.416e-04, 0.000e+00, 2.024e+00, 9.983e+02, 6.221e-08
1.265e+00, 5.000e-01, -1.350e-01, 1.113e+05, 0.000e+00, 8.362e-05, 0.000e+00, 2.022e+00, 9.983e+02, 3.673e-08
1.265e+00, 5.000e-01, -1.250e-01, 1.112e+05, 0.000e+00, 4.460e-05, 0.000e+00, 2.020e+00, 9.983e+02, 1.959e-08
1.265e+00, 5.000e-01, -1.150e-01, 1.111e+05, 0.000e+00, 2.176e-05, 0.000e+00, 2.018e+00, 9.983e+02, 9.557e-09
1.265e+00, 5.000e-01, -1.050e-01, 1.110e+05, 0.000e+00, 9.809e-06, 0.000e+00, 2.017e+00, 9.983e+02, 4.308e-09
1.265e+00, 5.000e-01, -9.500e-02, 1.109e+05, 0.000e+00, 4.120e-06, 0.000e+00, 2.015e+00, 9.983e+02, 1.810e-09
1.265e+00, 5.000e-01, -8.500e-02, 1.108e+05, 0.000e+00, 1.623e-06, 0.000e+00, 2.013e+00, 9.983e+02, 7.131e-10
1.265e+00, 5.000e-01, -7.500e-02, 1.107e+05, 0.000e+00, 6.031e-07, 0.000e+00, 2.011e+00, 9.983e+02, 2.649e-10
1.265e+00, 5.000e-01, -6.500e-02, 1.106e+05, 0.000e+00, 2.120e-07, 0.000e+00, 2.009e+00, 9.983e+02, 9.314e-11
1.265e+00, 5.000e-01, -5.500e-02, 1.105e+05, 0.000e+00, 7.078e-08, 0.000e+00, 2.008e+00, 9.983e+02, 3.109e-11
1.265e+00, 5.000e-01, -4.500e-02, 1.104e+05, 0.000e+00, 2.248e-08, 0.000e+00, 2.006e+00, 9.983e+02, 9.876e-12
1.265e+00, 5.000e-01, -3.500e-02, 1.103e+05, 0.000e+00, 6.811e-09, 0.000e+00, 2.004e+00, 9.983e+02, 2.992e-12
1.265e+00, 5.000e-01, -2.500e-02, 1.102e+05, 0.000e+00, 1.974e-09, 0.000e+00, 2.002e+00, 9.983e+02, 8.669e-13
1.265e+00, 5.000e-01, -1.500e-02, 1.101e+05, 0.000e+00, 5.563e-10, 0.000e+00, 2.000e+00, 9.983e+02, 2.444e-13
1.265e+00, 5.000e-01, -5.000e-03, 1.100e+05, 0.000e+00, 1.761e-10, 0.000e+00, 1.999e+00, 9.983e+02, 7.735e-14
1.275e+00, 5.000e-01, -1.195e+00, 1.202e+05, 0.000e+00, 1.002e-13, 0.000e+00, 2.184e+00, 9.983e+02, 2.000e-17
1.275e+00, 5.000e-01, -1.185e+00, 1.201e+05, 0.000e+00, 1.002e-13, 0.000e+00, 2.182e+00, 9.983e+02, 2.000e-17
1.275e+00, 5.000e-01, -1.175e+00, 1.200e+05, 0.000e+00, 1.002e-13, 0.000e+00, 2.181e+00, 9.983e+02, 2.000e-17
1.275e+00, 5.000e-01, -1.165e+00, 1.199e+05, 0.000e+00, 1.002e-13, 0.000e+00, 2.179e+00, 9.983e+02, 2.000e-17
1.275e+00, 5.000e-01, -1.155e+00, 1.198e+05, 0.000e+00, 1.002e-13, 0.000e+00, 2.177e+00, 9.983e+02, 2.000e-17
1.275e+00, 5.000e-01, -1.145e+00, 1.197e+05, 0.000e+00, 1.002e-13, 0.000e+00, 2.175e+00, 9.983e+02, 2.000e-17
1.275e+00, 5.000e-01, -1.135e+00, 1.196e+05, 0.000e+00, 1.002e-13, 0.000e+00, 2.173e+00, 9.983e+02, 2.000e-17
1.275e+00, 5.000e-01, -1.125e+00, 1.195e+05, 0.000e+00, 1.002e-13, 0.000e+00, 2.172e+00, 9.983e+02, 2.000e-17
1.275e+00, 5.000e-01, -1.115e+00, 1.194e+05, 0.000e+00, 1.002e-13, 0.000e+00, 2.170e+00, 9.983e+02, 2.000e-17
1.275e+00, 5.000e-01, -1.105e+00, 1.193e+05, 0.000e+00, 1.002e-13, 0.000e+00, 2.168e+00, 9.983e+02, 2.000e-17
1.275e+00, 5.000e-01, -1.095e+00, 1.192e+05, 0.000e+00, 3.062e-09, 0.000e+00, 2.166e+00, 9.983e+02, 1.116e-12
1.275e+00, 5.000e-01, -1.085e+00, 1.191e+05, 0.000e+00, 1.086e-03, 0.000e+00, 2.165e+00, 9.985e+02, 4.167e-07
1.275e+00, 5.000e-01, -1.075e+00, 1.190e+05, 0.000e+00, 1.039e-03, 0.000e+00, 2.163e+00, 9.985e+02, 4.459e-07
1.275e+00, 5.000e-01, -1.065e+00, 1.189e+05, 0.000e+00, 9.287e-04, 0.000e+00, 2.161e+00, 9.984e+02, 3.987e-07
1.275e+00, 5.000e-01, -1.055e+00, 1.188e+05, 0.000e+00, 8.110e-04, 0.000e+00, 2.159e+00, 9.984e+02, 3.482e-07
1.275e+00, 5.000e-01, -1.045e+00, 1.187e+05, 0.000e+00, 7.140e-04, 0.000e+00, 2.158e+00, 9.984e+02, 3.065e-07
1.275e+00, 5.000e-01, -1.035e+00, 1.186e+05, 0.000e+00, 6.424e-04, 0.000e+00, 2.156e+00, 9.984e+02, 2.758e-07
1.275e+00, 5.000e-01, -1.025e+00, 1.185e+05, 0.000e+00, 5.884e-04, 0.000e+00, 2.154e+00, 9.984e+02, 2.526e-07
1.275e+00, 5.000e-01, -1.015e+00, 1.185e+05, 0.000e+00, 5.483e-04, 0.000e+00, 2.152e+00, 9.984e+02, 2.354e-07
1.275e+00, 5.000e-01, -1.005e+00, 1.184e+05, 0.000e+00, 5.335e-04, 0.000e+00, 2.150e+00, 9.984e+02, 2.290e-07
1.275e+00, 5.000e-01, -9.950e-01, 1.183e+05, 0.000e+00, 5.257e-04, 0.000e+00, 2.149e+00, 9.984e+02, 2.257e-07
1.275e+00, 5.000e-01, -9.850e-01, 1.182e+05, 0.000e+00, 5.430e-04, 0.000e+00, 2.147e+00, 9.984e+02, 2.331e-07
1.275e+00, 5.000e-01, -9.750e-01, 1.181e+05, 0.000e+00, 6.297e-04, 0.000e+00, 2.145e+00, 9.984e+02, 2.703e-07
1.275e+00, 5.000e-01, -9.650e-01, 1.180e+05, 0.000e+00, 7.408e-04, 0.000e+00, 2.143e+00, 9.984e+02, 3.180e-07
1.275e+00, 5.000e-01, -9.550e-01, 1.179e+05, 0.000e+00, 8.073e-04, 0.000e+00, 2.141e+00, 9.984e+02, 3.466e-07
1.275e+00, 5.000e-01, -9.450e-01, 1.178e+05, 0.000e+00, 8.277e-04, 0.000e+00, 2.140e+00, 9.984e+02, 3.553e-07
1.275e+00, 5.000e-01, -9.350e-01, 1.177e+05, 0.000e+00, 8.313e-04, 0.000e+00, 2.138e+00, 9.984e+02, 3.569e-07
1.275e+00, 5.000e-01, -9.250e-01, 1.176e+05, 0.000e+00, 8.520e-04, 0.000e+00, 2.136e+00, 9.984e+02, 3.658e-07
1.275e+00, 5.000e-01, -9.150e-01, 1.175e+05, 0.000e+00, 8.690e-04, 0.000e+00, 2.134e+00, 9.984e+02, 3.731e-07
1.275e+00, 5.000e-01, -9.050e-01, 1.174e+05, 0.000e+00, 8.738e-04, 0.000e+00, 2.132e+00, 9.984e+02, 3.752e-07
1.275e+00, 5.000e-01, -8.950e-01, 1.173e+05, 0.000e+00, 8.697e-04, 0.000e+00, 2.131e+00, 9.984e+02, 3.734e-07
1.275e+00, 5.000e-01, -8.850e-01, 1.172e+05, 0.000e+00, 8.603e-04, 0.000e+00, 2.129e+00, 9.984e+02, 3.694e-07
1.275e+00, 5.000e-01, -8.750e-01, 1.171e+05, 0.000e+00, 8.484e-04, 0.000e+00, 2.127e+00, 9.984e+02, 3.642e-07
1.275e+00, 5.000e-01, -8.650e-01, 1.170e+05, 0.000e+00, 8.357e-04, 0.000e+00, 2.125e+00, 9.984e+02, 3.588e-07
1.275e+00, 5.000e-01, -8.550e-01, 1.169e+05, 0.000e+00, 8.238e-04, 0.000e+00, 2.124e+00, 9.984e+02, 3.537e-07
1.275e+00, 5.000e-01, -8.450e-01, 1.168e+05, 0.000e+00, 8.143e-04, 0.000e+00, 2.122e+00, 9.984e+02, 3.496e-07
1.275e+00, 5.000e-01, -8.350e-01, 1.167e+05, 0.000e+00, 8.088e-04, 0.000e+00, 2.120e+00, 9.984e+02, 3.472e-07
1.275e+00, 5.000e-01, -8.250e-01, 1.166e+05, 0.000e+00, 8.095e-04, 0.000e+00, 2.118e+00, 9.984e+02, 3.475e-07
1.275e+00, 5.000e-01, -8.150e-01, 1.165e+05, 0.000e+00, 8.193e-04, 0.000e+00, 2.116e+00, 9.984e+02, 3.517e-07
1.275e+00, 5.000e-01, -8.050e-01, 1.164e+05, 0.000e+00, 8.412e-04, 0.000e+00, 2.115e+00, 9.984e+02, 3.611e-07
1.275e+00, 5.000e-01, -7.950e-01, 1.163e+05, 0.000e+00, 8.742e-04, 0.000e+00, 2.113e+00, 9.984e+02, 3.753e-07
1.275e+00, 5.000e-01, -7.850e-01, 1.162e+05, 0.000e+00, 9.102e-04, 0.000e+00, 2.111e+00, 9.984e+02, 3.908e-07
1.275e+00, 5.000e-01, -7.750e-01, 1.161e+05, 0.000e+00, 9.404e-04, 0.000e+00, 2.109e+00, 9.984e+02, 4.038e-07
1.275e+00, 5.000e-01, -7.650e-01, 1.160e+05, 0.000e+00, 9.637e-04, 0.000e+00, 2.107e+00, 9.984e+02, 4.138e-07
1.275e+00, 5.000e-01, -7.550e-01, 1.159e+05, 0.000e+00, 9.884e-04, 0.000e+00, 2.106e+00, 9.984e+02, 4.243e-07
1.275e+00, 5.000e-01, -7.450e-01, 1.158e+05, 0.000e+00, 1.026e-03, 0.000e+00, 2.104e+00, 9.985e+02, 4.405e-07
1.275e+00, 5.000e-01, -7.350e-01, 1.157e+05, 6.760e-07, 1.113e-03, 0.000e+00, 2.102e+00, 9.985e+02, 4.779e-07
1.275e+00, 5.000e-01, -7.250e-01, 1.156e+05, 4.726e-01, 1.895e-03, 0.000e+00, 2.100e+00, 9.986e+02, 8.559e-07
1.275e+00, 5.000e-01, -7.150e-01, 1.170e+05, 0.000e+00, 6.233e-04, 0.000e+00, 2.126e+00, 9.984e+02, 2.711e-07
1.275e+00, 5.000e-01, -7.050e-01, 1.169e+05, 0.000e+00, 4.576e-04, 0.000e+00, 2.124e+00, 9.983e+02, 2.010e-07
1.275e+00, 5.000e-01, -6.950e-01, 1.168e+05, 0.000e+00, 3.390e-04, 0.000e+00, 2.122e+00, 9.983e+02, 1.489e-07
1.275e+00, 5.000e-01, -6.850e-01, 1.167e+05, 0.000e+00, 2.364e-04, 0.000e+00, 2.120e+00, 9.983e+02, 1.038e-07
1.275e+00, 5.000e-01, -6.750e-01, 1.166e+05, 0.000e+00, 1.534e-04, 0.000e+00, 2.119e+00, 9.983e+02, 6.738e-08
1.275e+00, 5.000e-01, -6.650e-01, 1.165e+05, 0.000e+00, 9.263e-05, 0.000e+00, 2.117e+00, 9.983e+02, 4.069e-08
1.275e+00, 5.000e-01, -6.550e-01, 1.164e+05, 0.000e+00, 5.272e-05, 0.000e+00, 2.115e+00, 9.983e+02, 2.316e-08
1.275e+00, 5.000e-01, -6.450e-01, 1.163e+05, 0.000e+00, 3.019e-05, 0.000e+00, 2.113e+00, 9.983e+02, 1.326e-08
1.275e+00, 5.000e-01, -6.350e-01, 1.162e+05, 0.000e+00, 2.195e-05, 0.000e+00, 2.111e+00, 9.983e+02, 9.641e-09
1.275e+00, 5.000e-01, -6.250e-01, 1.161e+05, 0.000e+00, 2.752e-05, 0.000e+00, 2.110e+00, 9.983e+02, 1.209e-08
1.275e+00, 5.000e-01, -6.150e-01, 1.160e+05, 0.000e+00, 5.033e-05, 0.000e+00, 2.108e+00, 9.983e+02, 2.211e-08
1.275e+00, 5.000e-01, -6.050e-01, 1.159e+05, 0.000e+00, 9.753e-05, 0.000e+00, 2.106e+00, 9.983e+02, 4.284e-08
1.275e+00, 5.000e-01, -5.950e-01, 1.158e+05, 0.000e+00, 1.772e-04, 0.000e+00, 2.104e+00, 9.983e+02, 7.783e-08
1.275e+00, 5.000e-01, -5.850e-01, 1.157e+05, 0.000e+00, 2.920e-04, 0.000e+00, 2.102e+00, 9.983e+02, 1.283e-07
1.275e+00, 5.000e-01, -5.750e-01, 1.156e+05, 0.000e+00, 4.316e-04, 0.000e+00, 2.101e+00, 9.983e+02, 1.896e-07
1.275e+00, 5.000e-01, -5.650e-01, 1.155e+05, 0.000e+00, 5.678e-04, 0.000e+00, 2.099e+00, 9.984e+02, 2.511e-07
1.275e+00, 5.000e-01, -5.550e-01, 1.140e+05, 0.000e+00, 6.609e-04, 0.000e+00, 2.070e+00, 9.984e+02, 2.969e-07
1.275e+00, 5.000e-01, -5.450e-01, 1.139e+05, 0.000e+00, 6.876e-04, 0.000e+00, 2.068e+00, 9.984e+02, 3.089e-07
1.275e+00, 5.000e-01, -5.350e-01, 1.137e+05, 0.000e+00, 6.635e-04, 0.000e+00, 2.066e+00, 9.984e+02, 2.863e-07
1.275e+00, 5.000e-01, -5.250e-01, 1.137e+05, 0.000e+00, 6.214e-04, 0.000e+00, 2.064e+00, 9.984e+02, 2.668e-07
1.275e+00, 5.000e-01, -5.150e-01, 1.136e+05, 0.000e+00, 5.848e-04, 0.000e+00, 2.063e+00, 9.984e+02, 2.511e-07
1.275e+00, 5.000e-01, -5.050e-01, 1.135e+05, 0.000e+00, 5.585e-04, 0.000e+00, 2.061e+00, 9.984e+02, 2.398e-07
1.275e+00, 5.000e-01, -4.950e-01, 1.134e+05, 0.000e+00, 5.384e-04, 0.000e+00, 2.059e+00, 9.984e+02, 2.311e-07
1.275e+00, 5.000e-01, -4.850e-01, 1.133e+05, 0.000e+00, 5.191e-04, 0.000e+00, 2.057e+00, 9.984e+02, 2.228e-07
1.275e+00, 5.000e-01, -4.750e-01, 1.132e+05, 0.000e+00, 4.987e-04, 0.000e+00, 2.056e+00, 9.984e+02, 2.141e-07
1.275e+00, 5.000e-01, -4.650e-01, 1.131e+05, 0.000e+00, 4.796e-04, 0.000e+00, 2.054e+00, 9.983e+02, 2.059e-07
1.275e+00, 5.000e-01, -4.550e-01, 1.130e+05, 0.000e+00, 4.614e-04, 0.000e+00, 2.052e+00, 9.983e+02, 1.981e-07
1.275e+00, 5.000e-01, -4.450e-01, 1.129e+05, 0.000e+00, 4.429e-04, 0.000e+00, 2.050e+00, 9.983e+02, 1.901e-07
1.275e+00, 5.000e-01, -4.350e-01, 1.128e+05, 0.000e+00, 4.208e-04, 0.000e+00, 2.049e+00, 9.983e+02, 1.854e-07
1.275e+00, 5.000e-01, -4.250e-01, 1.127e+05, 0.000e+00, 3.970e-04, 0.000e+00, 2.047e+00, 9.983e+02, 1.783e-07
1.275e+00, 5.000e-01, -4.150e-01, 1.126e+05, 0.000e+00, 3.729e-04, 0.000e+00, 2.045e+00, 9.983e+02, 1.675e-07
1.275e+00, 5.000e-01, -4.050e-01, 1.125e+05, 0.000e+00, 3.495e-04, 0.000e+00, 2.043e+00, 9.983e+02, 1.570e-07
1.275e+00, 5.000e-01, -3.950e-01, 1.124e+05, 0.000e+00, 3.268e-04, 0.000e+00, 2.041e+00, 9.983e+02, 1.468e-07
1.275e+00, 5.000e-01, -3.850e-01, 1.123e+05, 0.000e+00, 3.038e-04, 0.000e+00, 2.040e+00, 9.983e+02, 1.365e-07
1.275e+00, 5.000e-01, -3.750e-01, 1.122e+05, 0.000e+00, 2.791e-04, 0.000e+00, 2.038e+00, 9.983e+02, 1.254e-07
1.275e+00, 5.000e-01, -3.650e-01, 1.121e+05, 0.000e+00, 2.518e-04, 0.000e+00, 2.036e+00, 9.983e+02, 1.131e-07
1.275e+00, 5.000e-01, -3.550e-01, 1.120e+05, 0.000e+00, 2.221e-04, 0.000e+00, 2.034e+00, 9.983e+02, 9.977e-08
1.275e+00, 5.000e-01, -3.450e-01, 1.119e+05, 0.000e+00, 1.922e-04, 0.000e+00, 2.033e+00, 9.983e+02, 8.592e-08
1.275e+00, 5.000e-01, -3.350e-01, 1.119e+05, 0.000e+00, 1.640e-04, 0.000e+00, 2.032e+00, 9.983e+02, 7.205e-08
1.275e+00, 5.000e-01, -3.250e-01, 1.118e+05, 0.000e+00, 1.365e-04, 0.000e+00, 2.030e+00, 9.983e+02, 5.994e-08
1.275e+00, 5.000e-01, -3.150e-01, 1.117e+05, 0.000e+00, 1.099e-04, 0.000e+00, 2.029e+00, 9.983e+02, 4.827e-08
1.275e+00, 5.000e-01, -3.050e-01, 1.116e+05, 0.000e+00, 8.123e-05, 0.000e+00, 2.027e+00, 9.983e+02, 3.633e-08
1.275e+00, 5.000e-01, -2.950e-01, 1.114e+05, 0.000e+00, 6.014e-05, 0.000e+00, 2.023e+00, 9.983e+02, 2.732e-08
1.275e+00, 5.000e-01, -2.850e-01, 1.114e+05, 0.000e+00, 4.843e-05, 0.000e+00, 2.023e+00, 9.983e+02, 2.127e-08
1.275e+00, 5.000e-01, -2.750e-01, 1.113e+05, 0.000e+00, 5.869e-05, 0.000e+00, 2.021e+00, 9.983e+02, 2.578e-08
1.275e+00, 5.000e-01, -2.650e-01, 1.112e+05, 0.000e+00, 8.110e-05, 0.000e+00, 2.020e+00, 9.983e+02, 3.562e-08
1.275e+00, 5.000e-01, -2.550e-01, 1.111e+05, 0.000e+00, 9.712e-05, 0.000e+00, 2.018e+00, 9.983e+02, 4.253e-08
1.275e+00, 5.000e-01, -2.450e-01, 1.112e+05, 0.000e+00, 1.076e-04, 0.000e+00, 2.020e+00, 9.983e+02, 4.620e-08
1.275e+00, 5.000e-01, -2.350e-01, 1.111e+05, 0.000e+00, 1.296e-04, 0.000e+00, 2.018e+00, 9.983e+02, 5.565e-08
1.275e+00, 5.000e-01, -2.250e-01, 1.110e+05, 0.000e+00, 1.577e-04, 0.000e+00, 2.016e+00, 9.983e+02, 6.770e-08
1.275e+00, 5.000e-01, -2.150e-01, 1.109e+05, 0.000e+00, 1.860e-04, 0.000e+00, 2.014e+00, 9.983e+02, 8.048e-08
1.275e+00, 5.000e-01, -2.050e-01, 1.108e+05, 0.000e+00, 2.171e-04, 0.000e+00, 2.012e+00, 9.983e+02, 9.318e-08
1.275e+00, 5.000e-01, -1.950e-01, 1.107e+05, 0.000e+00, 2.465e-04, 0.000e+00, 2.011e+00, 9.983e+02, 1.058e-07
1.275e+00, 5.000e-01, -1.850e-01, 1.106e+05, 0.000e+00, 2.789e-04, 0.000e+00, 2.009e+00, 9.983e+02, 1.197e-07
1.275e+00, 5.000e-01, -1.750e-01, 1.105e+05, 0.000e+00, 2.981e-04, 0.000e+00, 2.007e+00, 9.983e+02, 1.287e-07
1.275e+00, 5.000e-01, -1.650e-01, 1.116e+05, 0.000e+00, 2.725e-04, 0.000e+00, 2.027e+00, 9.983e+02, 1.197e-07
1.275e+00, 5.000e-01, -1.550e-01, 1.115e+05, 0.000e+00, 2.105e-04, 0.000e+00, 2.025e+00, 9.983e+02, 9.248e-08
1.275e+00, 5.000e-01, -1.450e-01, 1.114e+05, 0.000e+00, 1.411e-04, 0.000e+00, 2.024e+00, 9.983e+02, 6.197e-08
1.275e+00, 5.000e-01, -1.350e-01, 1.113e+05, 0.000e+00, 8.371e-05, 0.000e+00, 2.022e+00, 9.983e+02, 3.677e-08
1.275e+00, 5.000e-01, -1.250e-01, 1.112e+05, 0.000e+00, 4.471e-05, 0.000e+00, 2.020e+00, 9.983e+02, 1.964e-08
1.275e+00, 5.000e-01, -1.150e-01, 1.111e+05, 0.000e+00, 2.180e-05, 0.000e+00, 2.018e+00, 9.983e+02, 9.576e-09
1.275e+00, 5.000e-01, -1.050e-01, 1.110e+05, 0.000e+00, 9.816e-06, 0.000e+00, 2.017e+00, 9.983e+02, 4.311e-09
1.275e+00, 5.000e-01, -9.500e-02, 1.109e+05, 0.000e+00, 4.118e-06, 0.000e+00, 2.015e+00, 9.983e+02, 1.809e-09
1.275e+00, 5.000e-01, -8.500e-02, 1.108e+05, 0.000e+00, 1.621e-06, 0.000e+00, 2.013e+00, 9.983e+02, 7.119e-10
1.275e+00, 5.000e-01, -7.500e-02, 1.107e+05, 0.000e+00, 6.017e-07, 0.000e+00, 2.011e+00, 9.983e+02, 2.643e-10
1.275e+00, 5.000e-01, -6.500e-02, 1.106e+05, 0.000e+00, 2.116e-07, 0.000e+00, 2.009e+00, 9.983e+02, 9.293e-11
1.275e+00, 5.000e-01, -5.500e-02, 1.105e+05, 0.000e+00, 7.066e-08, 0.000e+00, 2.008e+00, 9.983e+02, 3.103e-11
1.275e+00, 5.000e-01, -4.500e-02, 1.104e+05, 0.000e+00, 2.247e-08, 0.000e+00, 2.006e+00, 9.983e+02, 9.867e-12
1.275e+00, 5.000e-01, -3.500e-02, 1.103e+05, 0.000e+00, 6.814e-09, 0.000e+00, 2.004e+00, 9.983e+02, 2.993e-12
1.275e+00, 5.000e-01, -2.500e-02, 1.102e+05, 0.000e+00, 1.978e-09, 0.000e+00, 2.002e+00, 9.983e+02, 8.687e-13
1.275e+00, 5.000e-01, -1.500e-02, 1.101e+05, 0.000e+00, 5.586e-10, 0.000e+00, 2.000e+00, 9.983e+02, 2.454e-13
1.275e+00, 5.000e-01, -5.000e-03, 1.100e+05, 0.000e+00, 1.772e-10, 0.000e+00, 1.999e+00, 9.983e+02, 7.783e-14
1.285e+00, 5.000e-01, -1.195e+00, 1.202e+05, 0.000e+00, 1.002e-13, 0.000e+00, 2.184e+00, 9.983e+02, 2.000e-17
1.285e+00, 5.000e-01, -1.185e+00, 1.201e+05, 0.000e+00, 1.002e-13, 0.000e+00, 2.182e+00, 9.983e+02, 2.000e-17
1.285e+00, 5.000e-01, -1.175e+00, 1.200e+05, 0.000e+00, 1.002e-13, 0.000e+00, 2.181e+00, 9.983e+02, 2.000e-17
1.285e+00, 5.000e-01, -1.165e+00, 1.199e+05, 0.000e+00, 1.002e-13, 0.000e+00, 2.179e+00, 9.983e+02, 2.000e-17
1.285e+00, 5.000e-01, -1.155e+00, 1.198e+05, 0.000e+00, 1.002e-13, 0.000e+00, 2.177e+00, 9.983e+02, 2.000e-17
1.285e+00, 5.000e-01, -1.145e+00, 1.197e+05, 0.000e+00, 1.002e-13, 0.000e+00, 2.175e+00, 9.983e+02, 2.000e-17
1.285e+00, 5.000e-01, -1.135e+00, 1.196e+05, 0.000e+00, 1.002e-13, 0.000e+00, 2.173e+00, 9.983e+02, 2.000e-17
1.285e+00, 5.000e-01, -1.125e+00, 1.195e+05, 0.000e+00, 1.002e-13, 0.000e+00, 2.172e+00, 9.983e+02, 2.000e-17
1.285e+00, 5.000e-01, -1.115e+00, 1.194e+05, 0.000e+00, 1.002e-13, 0.000e+00, 2.170e+00, 9.983e+02, 2.000e-17
1.285e+00, 5.000e-01, -1.105e+00, 1.193e+05, 0.000e+00, 1.002e-13, 0.000e+00, 2.168e+00, 9.983e+02, 2.000e-17
1.285e+00, 5.000e-01, -1.095e+00, 1.192e+05, 0.000e+00, 3.053e-09, 0.000e+00, 2.166e+00, 9.983e+02, 1.100e-12
1.285e+00, 5.000e-01, -1.085e+00, 1.191e+05, 0.000e+00, 1.067e-03, 0.000e+00, 2.165e+00, 9.985e+02, 3.845e-07
1.285e+00, 5.000e-01, -1.075e+00, 1.190e+05, 0.000e+00, 1.034e-03, 0.000e+00, 2.163e+00, 9.985e+02, 4.441e-07
1.285e+00, 5.000e-01, -1.065e+00, 1.189e+05, 0.000e+00, 9.311e-04, 0.000e+00, 2.161e+00, 9.984e+02, 3.998e-07
1.285e+00, 5.000e-01, -1.055e+00, 1.188e+05, 0.000e+00, 8.119e-04, 0.000e+00, 2.159e+00, 9.984e+02, 3.486e-07
1.285e+00, 5.000e-01, -1.045e+00, 1.187e+05, 0.000e+00, 7.099e-04, 0.000e+00, 2.158e+00, 9.984e+02, 3.048e-07
1.285e+00, 5.000e-01, -1.035e+00, 1.186e+05, 0.000e+00, 6.331e-04, 0.000e+00, 2.156e+00, 9.984e+02, 2.718e-07
1.285e+00, 5.000e-01, -1.025e+00, 1.185e+05, 0.000e+00, 5.770e-04, 0.000e+00, 2.154e+00, 9.984e+02, 2.477e-07
1.285e+00, 5.000e-01, -1.015e+00, 1.185e+05, 0.000e+00, 5.516e-04, 0.000e+00, 2.152e+00, 9.984e+02, 2.368e-07
1.285e+00, 5.000e-01, -1.005e+00, 1.184e+05, 0.000e+00, 5.479e-04, 0.000e+00, 2.150e+00, 9.984e+02, 2.352e-07
1.285e+00, 5.000e-01, -9.950e-01, 1.183e+05, 0.000e+00, 5.407e-04, 0.000e+00, 2.149e+00, 9.984e+02, 2.321e-07
1.285e+00, 5.000e-01, -9.850e-01, 1.182e+05, 0.000e+00, 5.334e-04, 0.000e+00, 2.147e+00, 9.984e+02, 2.290e-07
1.285e+00, 5.000e-01, -9.750e-01, 1.181e+05, 0.000e+00, 5.603e-04, 0.000e+00, 2.145e+00, 9.984e+02, 2.405e-07
1.285e+00, 5.000e-01, -9.650e-01, 1.180e+05, 0.000e+00, 6.375e-04, 0.000e+00, 2.143e+00, 9.984e+02, 2.737e-07
1.285e+00, 5.000e-01, -9.550e-01, 1.179e+05, 0.000e+00, 7.298e-04, 0.000e+00, 2.141e+00, 9.984e+02, 3.133e-07
1.285e+00, 5.000e-01, -9.450e-01, 1.178e+05, 0.000e+00, 8.017e-04, 0.000e+00, 2.140e+00, 9.984e+02, 3.442e-07
1.285e+00, 5.000e-01, -9.350e-01, 1.177e+05, 0.000e+00, 8.425e-04, 0.000e+00, 2.138e+00, 9.984e+02, 3.617e-07
1.285e+00, 5.000e-01, -9.250e-01, 1.176e+05, 0.000e+00, 8.626e-04, 0.000e+00, 2.136e+00, 9.984e+02, 3.703e-07
1.285e+00, 5.000e-01, -9.150e-01, 1.175e+05, 0.000e+00, 8.699e-04, 0.000e+00, 2.134e+00, 9.984e+02, 3.735e-07
1.285e+00, 5.000e-01, -9.050e-01, 1.174e+05, 0.000e+00, 8.671e-04, 0.000e+00, 2.132e+00, 9.984e+02, 3.723e-07
1.285e+00, 5.000e-01, -8.950e-01, 1.173e+05, 0.000e+00, 8.573e-04, 0.000e+00, 2.131e+00, 9.984e+02, 3.681e-07
1.285e+00, 5.000e-01, -8.850e-01, 1.172e+05, 0.000e+00, 8.426e-04, 0.000e+00, 2.129e+00, 9.984e+02, 3.617e-07
1.285e+00, 5.000e-01, -8.750e-01, 1.171e+05, 0.000e+00, 8.240e-04, 0.000e+00, 2.127e+00, 9.984e+02, 3.538e-07
1.285e+00, 5.000e-01, -8.650e-01, 1.170e+05, 0.000e+00, 8.030e-04, 0.000e+00, 2.125e+00, 9.984e+02, 3.448e-07
1.285e+00, 5.000e-01, -8.550e-01, 1.169e+05, 0.000e+00, 7.817e-04, 0.000e+00, 2.124e+00, 9.984e+02, 3.356e-07
1.285e+00, 5.000e-01, -8.450e-01, 1.168e+05, 0.000e+00, 7.635e-04, 0.000e+00, 2.122e+00, 9.984e+02, 3.278e-07
1.285e+00, 5.000e-01, -8.350e-01, 1.167e+05, 0.000e+00, 7.532e-04, 0.000e+00, 2.120e+00, 9.984e+02, 3.234e-07
1.285e+00, 5.000e-01, -8.250e-01, 1.166e+05, 0.000e+00, 7.549e-04, 0.000e+00, 2.118e+00, 9.984e+02, 3.241e-07
1.285e+00, 5.000e-01, -8.150e-01, 1.165e+05, 0.000e+00, 7.687e-04, 0.000e+00, 2.116e+00, 9.984e+02, 3.300e-07
1.285e+00, 5.000e-01, -8.050e-01, 1.164e+05, 0.000e+00, 7.900e-04, 0.000e+00, 2.115e+00, 9.984e+02, 3.392e-07
1.285e+00, 5.000e-01, -7.950e-01, 1.163e+05, 0.000e+00, 8.133e-04, 0.000e+00, 2.113e+00, 9.984e+02, 3.492e-07
1.285e+00, 5.000e-01, -7.850e-01, 1.162e+05, 0.000e+00, 8.316e-04, 0.000e+00, 2.111e+00, 9.984e+02, 3.570e-07
1.285e+00, 5.000e-01, -7.750e-01, 1.161e+05, 0.000e+00, 8.364e-04, 0.000e+00, 2.109e+00, 9.984e+02, 3.591e-07
1.285e+00, 5.000e-01, -7.650e-01, 1.160e+05, 0.000e+00, 8.191e-04, 0.000e+00, 2.107e+00, 9.984e+02, 3.516e-07
1.285e+00, 5.000e-01, -7.550e-01, 1.159e+05, 0.000e+00, 7.697e-04, 0.000e+00, 2.106e+00, 9.984e+02, 3.304e-07
1.285e+00, 5.000e-01, -7.450e-01, 1.158e+05, 0.000e+00, 6.924e-04, 0.000e+00, 2.104e+00, 9.984e+02, 2.972e-07
1.285e+00, 5.000e-01, -7.350e-01, 1.157e+05, 6.759e-07, 9.000e-04, 0.000e+00, 2.102e+00, 9.984e+02, 3.864e-07
1.285e+00, 5.000e-01, -7.250e-01, 1.156e+05, 4.725e-01, 1.895e-03, 0.000e+00, 2.100e+00, 9.986e+02, 8.559e-07
1.285e+00, 5.000e-01, -7.150e-01, 1.170e+05, 2.898e-06, 6.157e-04, 0.000e+00, 2.126e+00, 9.984e+02, 2.674e-07
1.285e+00, 5.000e-01, -7.050e-01, 1.169e+05, 1.449e-06, 4.701e-04, 0.000e+00, 2.124e+00, 9.983e+02, 2.065e-07
1.285e+00, 5.000e-01, -6.950e-01, 1.168e+05, 0.000e+00, 3.442e-04, 0.000e+00, 2.122e+00, 9.983e+02, 1.512e-07
1.285e+00, 5.000e-01, -6.850e-01, 1.167e+05, 0.000e+00, 2.378e-04, 0.000e+00, 2.120e+00, 9.983e+02, 1.045e-07
1.285e+00, 5.000e-01, -6.750e-01, 1.166e+05, 0.000e+00, 1.534e-04, 0.000e+00, 2.119e+00, 9.983e+02, 6.738e-08
1.285e+00, 5.000e-01, -6.650e-01, 1.165e+05, 0.000e+00, 9.222e-05, 0.000e+00, 2.117e+00, 9.983e+02, 4.051e-08
1.285e+00, 5.000e-01, -6.550e-01, 1.164e+05, 0.000e+00, 5.227e-05, 0.000e+00, 2.115e+00, 9.983e+02, 2.296e-08
1.285e+00, 5.000e-01, -6.450e-01, 1.163e+05, 0.000e+00, 2.975e-05, 0.000e+00, 2.113e+00, 9.983e+02, 1.307e-08
1.285e+00, 5.000e-01, -6.350e-01, 1.162e+05, 0.000e+00, 2.140e-05, 0.000e+00, 2.111e+00, 9.983e+02, 9.400e-09
1.285e+00, 5.000e-01, -6.250e-01, 1.161e+05, 0.000e+00, 2.658e-05, 0.000e+00, 2.110e+00, 9.983e+02, 1.167e-08
1.285e+00, 5.000e-01, -6.150e-01, 1.160e+05, 0.000e+00, 4.853e-05, 0.000e+00, 2.108e+00, 9.983e+02, 2.132e-08
1.285e+00, 5.000e-01, -6.050e-01, 1.159e+05, 0.000e+00, 9.426e-05, 0.000e+00, 2.106e+00, 9.983e+02, 4.140e-08
1.285e+00, 5.000e-01, -5.950e-01, 1.158e+05, 0.000e+00, 1.719e-04, 0.000e+00, 2.104e+00, 9.983e+02, 7.550e-08
1.285e+00, 5.000e-01, -5.850e-01, 1.157e+05, 0.000e+00, 2.847e-04, 0.000e+00, 2.102e+00, 9.983e+02, 1.251e-07
1.285e+00, 5.000e-01, -5.750e-01, 1.156e+05, 0.000e+00, 4.235e-04, 0.000e+00, 2.101e+00, 9.983e+02, 1.860e-07
1.285e+00, 5.000e-01, -5.650e-01, 1.155e+05, 0.000e+00, 5.624e-04, 0.000e+00, 2.099e+00, 9.984e+02, 2.482e-07
1.285e+00, 5.000e-01, -5.550e-01, 1.140e+05, 0.000e+00, 6.636e-04, 0.000e+00, 2.070e+00, 9.984e+02, 2.981e-07
1.285e+00, 5.000e-01, -5.450e-01, 1.139e+05, 0.000e+00, 6.915e-04, 0.000e+00, 2.068e+00, 9.984e+02, 3.107e-07
1.285e+00, 5.000e-01, -5.350e-01, 1.137e+05, 0.000e+00, 6.664e-04, 0.000e+00, 2.066e+00, 9.984e+02, 2.880e-07
1.285e+00, 5.000e-01, -5.250e-01, 1.137e+05, 0.000e+00, 6.240e-04, 0.000e+00, 2.064e+00, 9.984e+02, 2.679e-07
1.285e+00, 5.000e-01, -5.150e-01, 1.136e+05, 0.000e+00, 5.881e-04, 0.000e+00, 2.063e+00, 9.984e+02, 2.525e-07
1.285e+00, 5.000e-01, -5.050e-01, 1.135e+05, 0.000e+00, 5.630e-04, 0.000e+00, 2.061e+00, 9.984e+02, 2.417e-07
1.285e+00, 5.000e-01, -4.950e-01, 1.134e+05, 0.000e+00, 5.443e-04, 0.000e+00, 2.059e+00, 9.984e+02, 2.337e-07
1.285e+00, 5.000e-01, -4.850e-01, 1.133e+05, 0.000e+00, 5.266e-04, 0.000e+00, 2.057e+00, 9.984e+02, 2.261e-07
1.285e+00, 5.000e-01, -4.750e-01, 1.132e+05, 0.000e+00, 5.068e-04, 0.000e+00, 2.056e+00, 9.984e+02, 2.176e-07
1.285e+00, 5.000e-01, -4.650e-01, 1.131e+05, 0.000e+00, 4.877e-04, 0.000e+00, 2.054e+00, 9.983e+02, 2.094e-07
1.285e+00, 5.000e-01, -4.550e-01, 1.130e+05, 0.000e+00, 4.692e-04, 0.000e+00, 2.052e+00, 9.983e+02, 2.014e-07
1.285e+00, 5.000e-01, -4.450e-01, 1.129e+05, 0.000e+00, 4.506e-04, 0.000e+00, 2.050e+00, 9.983e+02, 1.934e-07
1.285e+00, 5.000e-01, -4.350e-01, 1.128e+05, 0.000e+00, 4.285e-04, 0.000e+00, 2.049e+00, 9.983e+02, 1.883e-07
1.285e+00, 5.000e-01, -4.250e-01, 1.127e+05, 0.000e+00, 4.045e-04, 0.000e+00, 2.047e+00, 9.983e+02, 1.817e-07
1.285e+00, 5.000e-01, -4.150e-01, 1.126e+05, 0.000e+00, 3.801e-04, 0.000e+00, 2.045e+00, 9.983e+02, 1.708e-07
1.285e+00, 5.000e-01, -4.050e-01, 1.125e+05, 0.000e+00, 3.561e-04, 0.000e+00, 2.043e+00, 9.983e+02, 1.600e-07
1.285e+00, 5.000e-01, -3.950e-01, 1.124e+05, 0.000e+00, 3.332e-04, 0.000e+00, 2.041e+00, 9.983e+02, 1.497e-07
1.285e+00, 5.000e-01, -3.850e-01, 1.123e+05, 0.000e+00, 3.109e-04, 0.000e+00, 2.040e+00, 9.983e+02, 1.396e-07
1.285e+00, 5.000e-01, -3.750e-01, 1.122e+05, 0.000e+00, 2.874e-04, 0.000e+00, 2.038e+00, 9.983e+02, 1.291e-07
1.285e+00, 5.000e-01, -3.650e-01, 1.121e+05, 0.000e+00, 2.615e-04, 0.000e+00, 2.036e+00, 9.983e+02, 1.175e-07
1.285e+00, 5.000e-01, -3.550e-01, 1.120e+05, 0.000e+00, 2.326e-04, 0.000e+00, 2.034e+00, 9.983e+02, 1.045e-07
1.285e+00, 5.000e-01, -3.450e-01, 1.119e+05, 0.000e+00, 2.030e-04, 0.000e+00, 2.033e+00, 9.983e+02, 9.085e-08
1.285e+00, 5.000e-01, -3.350e-01, 1.119e+05, 0.000e+00, 1.750e-04, 0.000e+00, 2.032e+00, 9.983e+02, 7.689e-08
1.285e+00, 5.000e-01, -3.250e-01, 1.118e+05, 0.000e+00, 1.473e-04, 0.000e+00, 2.030e+00, 9.983e+02, 6.469e-08
1.285e+00, 5.000e-01, -3.150e-01, 1.117e+05, 0.000e+00, 1.201e-04, 0.000e+00, 2.029e+00, 9.983e+02, 5.275e-08
1.285e+00, 5.000e-01, -3.050e-01, 1.116e+05, 0.000e+00, 8.964e-05, 0.000e+00, 2.027e+00, 9.983e+02, 4.002e-08
1.285e+00, 5.000e-01, -2.950e-01, 1.114e+05, 0.000e+00, 6.328e-05, 0.000e+00, 2.023e+00, 9.983e+02, 2.880e-08
1.285e+00, 5.000e-01, -2.850e-01, 1.114e+05, 0.000e+00, 4.760e-05, 0.000e+00, 2.023e+00, 9.983e+02, 2.091e-08
1.285e+00, 5.000e-01, -2.750e-01, 1.113e+05, 0.000e+00, 4.420e-05, 0.000e+00, 2.021e+00, 9.983e+02, 1.942e-08
1.285e+00, 5.000e-01, -2.650e-01, 1.112e+05, 0.000e+00, 5.104e-05, 0.000e+00, 2.020e+00, 9.983e+02, 2.242e-08
1.285e+00, 5.000e-01, -2.550e-01, 1.111e+05, 0.000e+00, 5.880e-05, 0.000e+00, 2.018e+00, 9.983e+02, 2.576e-08
1.285e+00, 5.000e-01, -2.450e-01, 1.112e+05, 0.000e+00, 6.377e-05, 0.000e+00, 2.020e+00, 9.983e+02, 2.737e-08
1.285e+00, 5.000e-01, -2.350e-01, 1.111e+05, 0.000e+00, 7.665e-05, 0.000e+00, 2.018e+00, 9.983e+02, 3.290e-08
1.285e+00, 5.000e-01, -2.250e-01, 1.110e+05, 0.000e+00, 9.714e-05, 0.000e+00, 2.016e+00, 9.983e+02, 4.170e-08
1.285e+00, 5.000e-01, -2.150e-01, 1.109e+05, 0.000e+00, 1.236e-04, 0.000e+00, 2.014e+00, 9.983e+02, 5.403e-08
1.285e+00, 5.000e-01, -2.050e-01, 1.108e+05, 0.000e+00, 1.542e-04, 0.000e+00, 2.012e+00, 9.983e+02, 6.621e-08
1.285e+00, 5.000e-01, -1.950e-01, 1.107e+05, 0.000e+00, 1.940e-04, 0.000e+00, 2.011e+00, 9.983e+02, 8.326e-08
1.285e+00, 5.000e-01, -1.850e-01, 1.106e+05, 0.000e+00, 2.424e-04, 0.000e+00, 2.009e+00, 9.983e+02, 1.040e-07
1.285e+00, 5.000e-01, -1.750e-01, 1.105e+05, 0.000e+00, 2.787e-04, 0.000e+00, 2.007e+00, 9.983e+02, 1.203e-07
1.285e+00, 5.000e-01, -1.650e-01, 1.116e+05, 0.000e+00, 2.636e-04, 0.000e+00, 2.027e+00, 9.983e+02, 1.158e-07
1.285e+00, 5.000e-01, -1.550e-01, 1.115e+05, 0.000e+00, 2.076e-04, 0.000e+00, 2.025e+00, 9.983e+02, 9.119e-08
1.285e+00, 5.000e-01, -1.450e-01, 1.114e+05, 0.000e+00, 1.404e-04, 0.000e+00, 2.024e+00, 9.983e+02, 6.168e-08
1.285e+00, 5.000e-01, -1.350e-01, 1.113e+05, 0.000e+00, 8.362e-05, 0.000e+00, 2.022e+00, 9.983e+02, 3.673e-08
1.285e+00, 5.000e-01, -1.250e-01, 1.112e+05, 0.000e+00, 4.468e-05, 0.000e+00, 2.020e+00, 9.983e+02, 1.963e-08
1.285e+00, 5.000e-01, -1.150e-01, 1.111e+05, 0.000e+00, 2.176e-05, 0.000e+00, 2.018e+00, 9.983e+02, 9.559e-09
1.285e+00, 5.000e-01, -1.050e-01, 1.110e+05, 0.000e+00, 9.783e-06, 0.000e+00, 2.017e+00, 9.983e+02, 4.297e-09
1.285e+00, 5.000e-01, -9.500e-02, 1.109e+05, 0.000e+00, 4.097e-06, 0.000e+00, 2.015e+00, 9.983e+02, 1.800e-09
1.285e+00, 5.000e-01, -8.500e-02, 1.108e+05, 0.000e+00, 1.611e-06, 0.000e+00, 2.013e+00, 9.983e+02, 7.076e-10
1.285e+00, 5.000e-01, -7.500e-02, 1.107e+05, 0.000e+00, 5.978e-07, 0.000e+00, 2.011e+00, 9.983e+02, 2.626e-10
1.285e+00, 5.000e-01, -6.500e-02, 1.106e+05, 0.000e+00, 2.102e-07, 0.000e+00, 2.009e+00, 9.983e+02, 9.233e-11
1.285e+00, 5.000e-01, -5.500e-02, 1.105e+05, 0.000e+00, 7.025e-08, 0.000e+00, 2.008e+00, 9.983e+02, 3.086e-11
1.285e+00, 5.000e-01, -4.500e-02, 1.104e+05, 0.000e+00, 2.236e-08, 0.000e+00, 2.006e+00, 9.983e+02, 9.822e-12
1.285e+00, 5.000e-01, -3.500e-02, 1.103e+05, 0.000e+00, 6.793e-09, 0.000e+00, 2.004e+00, 9.983e+02, 2.984e-12
1.285e+00, 5.000e-01, -2.500e-02, 1.102e+05, 0.000e+00, 1.975e-09, 0.000e+00, 2.002e+00, 9.983e+02, 8.675e-13
1.285e+00, 5.000e-01, -1.500e-02, 1.101e+05, 0.000e+00, 5.590e-10, 0.000e+00, 2.000e+00, 9.983e+02, 2.455e-13
1.285e+00, 5.000e-01, -5.000e-03, 1.100e+05, 0.000e+00, 1.777e-10, 0.000e+00, 1.999e+00, 9.983e+02, 7.804e-14
1.295e+00, 5.000e-01, -1.195e+00, 1.202e+05, 0.000e+00, 1.002e-13, 0.000e+00, 2.184e+00, 9.983e+02, 2.000e-17
1.295e+00, 5.000e-01, -1.185e+00, 1.201e+05, 0.000e+00, 1.002e-13, 0.000e+00, 2.182e+00, 9.983e+02, 2.000e-17
1.295e+00, 5.000e-01, -1.175e+00, 1.200e+05, 0.000e+00, 1.002e-13, 0.000e+00, 2.181e+00, 9.983e+02, 2.000e-17
1.295e+00, 5.000e-01, -1.165e+00, 1.199e+05, 0.000e+00, 1.002e-13, 0.000e+00, 2.179e+00, 9.983e+02, 2.000e-17
1.295e+00, 5.000e-01, -1.155e+00, 1.198e+05, 0.000e+00, 1.002e-13, 0.000e+00, 2.177e+00, 9.983e+02, 2.000e-17
1.295e+00, 5.000e-01, -1.145e+00, 1.197e+05, 0.000e+00, 1.002e-13, 0.000e+00, 2.175e+00, 9.983e+02, 2.000e-17
1.295e+00, 5.000e-01, -1.135e+00, 1.196e+05, 0.000e+00, 1.002e-13, 0.000e+00, 2.173e+00, 9.983e+02, 2.000e-17
1.295e+00, 5.000e-01, -1.125e+00, 1.195e+05, 0.000e+00, 1.002e-13, 0.000e+00, 2.172e+00, 9.983e+02, 2.000e-17
1.295e+00, 5.000e-01, -1.115e+00, 1.194e+05, 0.000e+00, 1.002e-13, 0.000e+00, 2.170e+00, 9.983e+02, 2.000e-17
1.295e+00, 5.000e-01, -1.105e+00, 1.193e+05, 0.000e+00, 1.002e-13, 0.000e+00, 2.168e+00, 9.983e+02, 2.000e-17
1.295e+00, 5.000e-01, -1.095e+00, 1.192e+05, 0.000e+00, 3.011e-09, 0.000e+00, 2.166e+00, 9.983e+02, 1.014e-12
1.295e+00, 5.000e-01, -1.085e+00, 1.191e+05, 0.000e+00, 1.052e-03, 0.000e+00, 2.165e+00, 9.985e+02, 3.545e-07
1.295e+00, 5.000e-01, -1.075e+00, 1.190e+05, 0.000e+00, 1.030e-03, 0.000e+00, 2.163e+00, 9.985e+02, 4.423e-07
1.295e+00, 5.000e-01, -1.065e+00, 1.189e+05, 0.000e+00, 9.334e-04, 0.000e+00, 2.161e+00, 9.984e+02, 4.008e-07
1.295e+00, 5.000e-01, -1.055e+00, 1.188e+05, 0.000e+00, 8.127e-04, 0.000e+00, 2.159e+00, 9.984e+02, 3.489e-07
1.295e+00, 5.000e-01, -1.045e+00, 1.187e+05, 0.000e+00, 7.040e-04, 0.000e+00, 2.158e+00, 9.984e+02, 3.022e-07
1.295e+00, 5.000e-01, -1.035e+00, 1.186e+05, 0.000e+00, 6.204e-04, 0.000e+00, 2.156e+00, 9.984e+02, 2.663e-07
1.295e+00, 5.000e-01, -1.025e+00, 1.185e+05, 0.000e+00, 5.736e-04, 0.000e+00, 2.154e+00, 9.984e+02, 2.462e-07
1.295e+00, 5.000e-01, -1.015e+00, 1.185e+05, 0.000e+00, 5.690e-04, 0.000e+00, 2.152e+00, 9.984e+02, 2.443e-07
1.295e+00, 5.000e-01, -1.005e+00, 1.184e+05, 0.000e+00, 5.701e-04, 0.000e+00, 2.150e+00, 9.984e+02, 2.447e-07
1.295e+00, 5.000e-01, -9.950e-01, 1.183e+05, 0.000e+00, 5.607e-04, 0.000e+00, 2.149e+00, 9.984e+02, 2.407e-07
1.295e+00, 5.000e-01, -9.850e-01, 1.182e+05, 0.000e+00, 5.438e-04, 0.000e+00, 2.147e+00, 9.984e+02, 2.334e-07
1.295e+00, 5.000e-01, -9.750e-01, 1.181e+05, 0.000e+00, 5.368e-04, 0.000e+00, 2.145e+00, 9.984e+02, 2.305e-07
1.295e+00, 5.000e-01, -9.650e-01, 1.180e+05, 0.000e+00, 5.632e-04, 0.000e+00, 2.143e+00, 9.984e+02, 2.418e-07
1.295e+00, 5.000e-01, -9.550e-01, 1.179e+05, 0.000e+00, 6.199e-04, 0.000e+00, 2.141e+00, 9.984e+02, 2.661e-07
1.295e+00, 5.000e-01, -9.450e-01, 1.178e+05, 0.000e+00, 6.820e-04, 0.000e+00, 2.140e+00, 9.984e+02, 2.928e-07
1.295e+00, 5.000e-01, -9.350e-01, 1.177e+05, 0.000e+00, 7.305e-04, 0.000e+00, 2.138e+00, 9.984e+02, 3.136e-07
1.295e+00, 5.000e-01, -9.250e-01, 1.176e+05, 0.000e+00, 7.603e-04, 0.000e+00, 2.136e+00, 9.984e+02, 3.264e-07
1.295e+00, 5.000e-01, -9.150e-01, 1.175e+05, 0.000e+00, 7.743e-04, 0.000e+00, 2.134e+00, 9.984e+02, 3.324e-07
1.295e+00, 5.000e-01, -9.050e-01, 1.174e+05, 0.000e+00, 7.786e-04, 0.000e+00, 2.132e+00, 9.984e+02, 3.343e-07
1.295e+00, 5.000e-01, -8.950e-01, 1.173e+05, 0.000e+00, 7.779e-04, 0.000e+00, 2.131e+00, 9.984e+02, 3.339e-07
1.295e+00, 5.000e-01, -8.850e-01, 1.172e+05, 0.000e+00, 7.724e-04, 0.000e+00, 2.129e+00, 9.984e+02, 3.316e-07
1.295e+00, 5.000e-01, -8.750e-01, 1.171e+05, 0.000e+00, 7.603e-04, 0.000e+00, 2.127e+00, 9.984e+02, 3.264e-07
1.295e+00, 5.000e-01, -8.650e-01, 1.170e+05, 0.000e+00, 7.408e-04, 0.000e+00, 2.125e+00, 9.984e+02, 3.180e-07
1.295e+00, 5.000e-01, -8.550e-01, 1.169e+05, 0.000e+00, 7.159e-04, 0.000e+00, 2.124e+00, 9.984e+02, 3.073e-07
1.295e+00, 5.000e-01, -8.450e-01, 1.168e+05, 0.000e+00, 6.898e-04, 0.000e+00, 2.122e+00, 9.984e+02, 2.962e-07
1.295e+00, 5.000e-01, -8.350e-01, 1.167e+05, 0.000e+00, 6.687e-04, 0.000e+00, 2.120e+00, 9.984e+02, 2.871e-07
1.295e+00, 5.000e-01, -8.250e-01, 1.166e+05, 0.000e+00, 6.579e-04, 0.000e+00, 2.118e+00, 9.984e+02, 2.824e-07
1.295e+00, 5.000e-01, -8.150e-01, 1.165e+05, 0.000e+00, 6.592e-04, 0.000e+00, 2.116e+00, 9.984e+02, 2.830e-07
1.295e+00, 5.000e-01, -8.050e-01, 1.164e+05, 0.000e+00, 6.707e-04, 0.000e+00, 2.115e+00, 9.984e+02, 2.879e-07
1.295e+00, 5.000e-01, -7.950e-01, 1.163e+05, 0.000e+00, 6.873e-04, 0.000e+00, 2.113e+00, 9.984e+02, 2.951e-07
1.295e+00, 5.000e-01, -7.850e-01, 1.162e+05, 0.000e+00, 7.013e-04, 0.000e+00, 2.111e+00, 9.984e+02, 3.011e-07
1.295e+00, 5.000e-01, -7.750e-01, 1.161e+05, 0.000e+00, 7.038e-04, 0.000e+00, 2.109e+00, 9.984e+02, 3.021e-07
1.295e+00, 5.000e-01, -7.650e-01, 1.160e+05, 0.000e+00, 6.613e-04, 0.000e+00, 2.107e+00, 9.984e+02, 2.839e-07
1.295e+00, 5.000e-01, -7.550e-01, 1.159e+05, 0.000e+00, 6.034e-04, 0.000e+00, 2.106e+00, 9.984e+02, 2.590e-07
1.295e+00, 5.000e-01, -7.450e-01, 1.158e+05, 0.000e+00, 5.902e-04, 0.000e+00, 2.104e+00, 9.984e+02, 2.534e-07
1.295e+00, 5.000e-01, -7.350e-01, 1.157e+05, 6.758e-07, 7.037e-04, 0.000e+00, 2.102e+00, 9.984e+02, 3.021e-07
1.295e+00, 5.000e-01, -7.250e-01, 1.156e+05, 4.725e-01, 1.895e-03, 0.000e+00, 2.100e+00, 9.986e+02, 8.559e-07
1.295e+00, 5.000e-01, -7.150e-01, 1.156e+05, 8.683e-01, 1.895e-03, 0.000e+00, 2.100e+00, 9.986e+02, 9.007e-07
1.295e+00, 5.000e-01, -7.050e-01, 1.169e+05, 1.449e-06, 5.077e-04, 0.000e+00, 2.124e+00, 9.984e+02, 2.230e-07
1.295e+00, 5.000e-01, -6.950e-01, 1.168e+05, 0.000e+00, 3.598e-04, 0.000e+00, 2.122e+00, 9.983e+02, 1.580e-07
1.295e+00, 5.000e-01, -6.850e-01, 1.167e+05, 0.000e+00, 2.431e-04, 0.000e+00, 2.120e+00, 9.983e+02, 1.068e-07
1.295e+00, 5.000e-01, -6.750e-01, 1.166e+05, 0.000e+00, 1.545e-04, 0.000e+00, 2.119e+00, 9.983e+02, 6.787e-08
1.295e+00, 5.000e-01, -6.650e-01, 1.165e+05, 0.000e+00, 9.190e-05, 0.000e+00, 2.117e+00, 9.983e+02, 4.037e-08
1.295e+00, 5.000e-01, -6.550e-01, 1.164e+05, 0.000e+00, 5.164e-05, 0.000e+00, 2.115e+00, 9.983e+02, 2.268e-08
1.295e+00, 5.000e-01, -6.450e-01, 1.163e+05, 0.000e+00, 2.916e-05, 0.000e+00, 2.113e+00, 9.983e+02, 1.281e-08
1.295e+00, 5.000e-01, -6.350e-01, 1.162e+05, 0.000e+00, 2.088e-05, 0.000e+00, 2.111e+00, 9.983e+02, 9.170e-09
1.295e+00, 5.000e-01, -6.250e-01, 1.161e+05, 0.000e+00, 2.599e-05, 0.000e+00, 2.110e+00, 9.983e+02, 1.142e-08
1.295e+00, 5.000e-01, -6.150e-01, 1.160e+05, 0.000e+00, 4.768e-05, 0.000e+00, 2.108e+00, 9.983e+02, 2.094e-08
1.295e+00, 5.000e-01, -6.050e-01, 1.159e+05, 0.000e+00, 9.293e-05, 0.000e+00, 2.106e+00, 9.983e+02, 4.082e-08
1.295e+00, 5.000e-01, -5.950e-01, 1.158e+05, 0.000e+00, 1.700e-04, 0.000e+00, 2.104e+00, 9.983e+02, 7.467e-08
1.295e+00, 5.000e-01, -5.850e-01, 1.157e+05, 0.000e+00, 2.826e-04, 0.000e+00, 2.102e+00, 9.983e+02, 1.241e-07
1.295e+00, 5.000e-01, -5.750e-01, 1.156e+05, 0.000e+00, 4.222e-04, 0.000e+00, 2.101e+00, 9.983e+02, 1.855e-07
1.295e+00, 5.000e-01, -5.650e-01, 1.155e+05, 0.000e+00, 5.631e-04, 0.000e+00, 2.099e+00, 9.984e+02, 2.484e-07
1.295e+00, 5.000e-01, -5.550e-01, 1.140e+05, 0.000e+00, 6.672e-04, 0.000e+00, 2.070e+00, 9.984e+02, 2.997e-07
1.295e+00, 5.000e-01, -5.450e-01, 1.139e+05, 0.000e+00, 6.951e-04, 0.000e+00, 2.068e+00, 9.984e+02, 3.123e-07
1.295e+00, 5.000e-01, -5.350e-01, 1.137e+05, 0.000e+00, 6.688e-04, 0.000e+00, 2.066e+00, 9.984e+02, 2.895e-07
1.295e+00, 5.000e-01, -5.250e-01, 1.137e+05, 0.000e+00, 6.261e-04, 0.000e+00, 2.064e+00, 9.984e+02, 2.688e-07
1.295e+00, 5.000e-01, -5.150e-01, 1.136e+05, 0.000e+00, 5.908e-04, 0.000e+00, 2.063e+00, 9.984e+02, 2.536e-07
1.295e+00, 5.000e-01, -5.050e-01, 1.135e+05, 0.000e+00, 5.670e-04, 0.000e+00, 2.061e+00, 9.984e+02, 2.434e-07
1.295e+00, 5.000e-01, -4.950e-01, 1.134e+05, 0.000e+00, 5.496e-04, 0.000e+00, 2.059e+00, 9.984e+02, 2.359e-07
1.295e+00, 5.000e-01, -4.850e-01, 1.133e+05, 0.000e+00, 5.335e-04, 0.000e+00, 2.057e+00, 9.984e+02, 2.290e-07
1.295e+00, 5.000e-01, -4.750e-01, 1.132e+05, 0.000e+00, 5.150e-04, 0.000e+00, 2.056e+00, 9.984e+02, 2.211e-07
1.295e+00, 5.000e-01, -4.650e-01, 1.131e+05, 0.000e+00, 4.961e-04, 0.000e+00, 2.054e+00, 9.984e+02, 2.130e-07
1.295e+00, 5.000e-01, -4.550e-01, 1.130e+05, 0.000e+00, 4.775e-04, 0.000e+00, 2.052e+00, 9.983e+02, 2.050e-07
1.295e+00, 5.000e-01, -4.450e-01, 1.129e+05, 0.000e+00, 4.586e-04, 0.000e+00, 2.050e+00, 9.983e+02, 1.969e-07
1.295e+00, 5.000e-01, -4.350e-01, 1.128e+05, 0.000e+00, 4.365e-04, 0.000e+00, 2.048e+00, 9.983e+02, 1.912e-07
1.295e+00, 5.000e-01, -4.250e-01, 1.127e+05, 0.000e+00, 4.123e-04, 0.000e+00, 2.047e+00, 9.983e+02, 1.852e-07
1.295e+00, 5.000e-01, -4.150e-01, 1.126e+05, 0.000e+00, 3.876e-04, 0.000e+00, 2.045e+00, 9.983e+02, 1.741e-07
1.295e+00, 5.000e-01, -4.050e-01, 1.125e+05, 0.000e+00, 3.631e-04, 0.000e+00, 2.043e+00, 9.983e+02, 1.631e-07
1.295e+00, 5.000e-01, -3.950e-01, 1.124e+05, 0.000e+00, 3.396e-04, 0.000e+00, 2.041e+00, 9.983e+02, 1.526e-07
1.295e+00, 5.000e-01, -3.850e-01, 1.123e+05, 0.000e+00, 3.172e-04, 0.000e+00, 2.040e+00, 9.983e+02, 1.425e-07
1.295e+00, 5.000e-01, -3.750e-01, 1.122e+05, 0.000e+00, 2.948e-04, 0.000e+00, 2.038e+00, 9.983e+02, 1.325e-07
1.295e+00, 5.000e-01, -3.650e-01, 1.121e+05, 0.000e+00, 2.705e-04, 0.000e+00, 2.036e+00, 9.983e+02, 1.215e-07
1.295e+00, 5.000e-01, -3.550e-01, 1.120e+05, 0.000e+00, 2.432e-04, 0.000e+00, 2.034e+00, 9.983e+02, 1.092e-07
1.295e+00, 5.000e-01, -3.450e-01, 1.119e+05, 0.000e+00, 2.143e-04, 0.000e+00, 2.033e+00, 9.983e+02, 9.601e-08
1.295e+00, 5.000e-01, -3.350e-01, 1.119e+05, 0.000e+00, 1.869e-04, 0.000e+00, 2.032e+00, 9.983e+02, 8.211e-08
1.295e+00, 5.000e-01, -3.250e-01, 1.118e+05, 0.000e+00, 1.594e-04, 0.000e+00, 2.030e+00, 9.983e+02, 7.000e-08
1.295e+00, 5.000e-01, -3.150e-01, 1.117e+05, 0.000e+00, 1.318e-04, 0.000e+00, 2.029e+00, 9.983e+02, 5.791e-08
1.295e+00, 5.000e-01, -3.050e-01, 1.116e+05, 0.000e+00, 9.979e-05, 0.000e+00, 2.027e+00, 9.983e+02, 4.448e-08
1.295e+00, 5.000e-01, -2.950e-01, 1.114e+05, 0.000e+00, 6.808e-05, 0.000e+00, 2.023e+00, 9.983e+02, 3.104e-08
1.295e+00, 5.000e-01, -2.850e-01, 1.114e+05, 0.000e+00, 5.074e-05, 0.000e+00, 2.023e+00, 9.983e+02, 2.229e-08
1.295e+00, 5.000e-01, -2.750e-01, 1.113e+05, 0.000e+00, 4.087e-05, 0.000e+00, 2.021e+00, 9.983e+02, 1.795e-08
1.295e+00, 5.000e-01, -2.650e-01, 1.112e+05, 0.000e+00, 3.874e-05, 0.000e+00, 2.020e+00, 9.983e+02, 1.701e-08
1.295e+00, 5.000e-01, -2.550e-01, 1.111e+05, 0.000e+00, 4.021e-05, 0.000e+00, 2.018e+00, 9.983e+02, 1.762e-08
1.295e+00, 5.000e-01, -2.450e-01, 1.112e+05, 0.000e+00, 4.133e-05, 0.000e+00, 2.020e+00, 9.983e+02, 1.774e-08
1.295e+00, 5.000e-01, -2.350e-01, 1.111e+05, 0.000e+00, 4.795e-05, 0.000e+00, 2.018e+00, 9.983e+02, 2.058e-08
1.295e+00, 5.000e-01, -2.250e-01, 1.110e+05, 0.000e+00, 6.173e-05, 0.000e+00, 2.016e+00, 9.983e+02, 2.650e-08
1.295e+00, 5.000e-01, -2.150e-01, 1.109e+05, 0.000e+00, 8.742e-05, 0.000e+00, 2.014e+00, 9.983e+02, 3.864e-08
1.295e+00, 5.000e-01, -2.050e-01, 1.108e+05, 0.000e+00, 1.170e-04, 0.000e+00, 2.012e+00, 9.983e+02, 5.024e-08
1.295e+00, 5.000e-01, -1.950e-01, 1.107e+05, 0.000e+00, 1.613e-04, 0.000e+00, 2.011e+00, 9.983e+02, 6.925e-08
1.295e+00, 5.000e-01, -1.850e-01, 1.106e+05, 0.000e+00, 2.184e-04, 0.000e+00, 2.009e+00, 9.983e+02, 9.375e-08
1.295e+00, 5.000e-01, -1.750e-01, 1.105e+05, 0.000e+00, 2.650e-04, 0.000e+00, 2.007e+00, 9.983e+02, 1.144e-07
1.295e+00, 5.000e-01, -1.650e-01, 1.116e+05, 0.000e+00, 2.573e-04, 0.000e+00, 2.027e+00, 9.983e+02, 1.130e-07
1.295e+00, 5.000e-01, -1.550e-01, 1.115e+05, 0.000e+00, 2.052e-04, 0.000e+00, 2.025e+00, 9.983e+02, 9.014e-08
1.295e+00, 5.000e-01, -1.450e-01, 1.114e+05, 0.000e+00, 1.396e-04, 0.000e+00, 2.024e+00, 9.983e+02, 6.131e-08
1.295e+00, 5.000e-01, -1.350e-01, 1.113e+05, 0.000e+00, 8.322e-05, 0.000e+00, 2.022e+00, 9.983e+02, 3.655e-08
1.295e+00, 5.000e-01, -1.250e-01, 1.112e+05, 0.000e+00, 4.443e-05, 0.000e+00, 2.020e+00, 9.983e+02, 1.952e-08
1.295e+00, 5.000e-01, -1.150e-01, 1.111e+05, 0.000e+00, 2.161e-05, 0.000e+00, 2.018e+00, 9.983e+02, 9.491e-09
1.295e+00, 5.000e-01, -1.050e-01, 1.110e+05, 0.000e+00, 9.696e-06, 0.000e+00, 2.017e+00, 9.983e+02, 4.259e-09
1.295e+00, 5.000e-01, -9.500e-02, 1.109e+05, 0.000e+00, 4.056e-06, 0.000e+00, 2.015e+00, 9.983e+02, 1.782e-09
1.295e+00, 5.000e-01, -8.500e-02, 1.108e+05, 0.000e+00, 1.594e-06, 0.000e+00, 2.013e+00, 9.983e+02, 7.000e-10
1.295e+00, 5.000e-01, -7.500e-02, 1.107e+05, 0.000e+00, 5.914e-07, 0.000e+00, 2.011e+00, 9.983e+02, 2.598e-10
1.295e+00, 5.000e-01, -6.500e-02, 1.106e+05, 0.000e+00, 2.081e-07, 0.000e+00, 2.009e+00, 9.983e+02, 9.139e-11
1.295e+00, 5.000e-01, -5.500e-02, 1.105e+05, 0.000e+00, 6.960e-08, 0.000e+00, 2.008e+00, 9.983e+02, 3.057e-11
1.295e+00, 5.000e-01, -4.500e-02, 1.104e+05, 0.000e+00, 2.219e-08, 0.000e+00, 2.006e+00, 9.983e+02, 9.746e-12
1.295e+00, 5.000e-01, -3.500e-02, 1.103e+05, 0.000e+00, 6.752e-09, 0.000e+00, 2.004e+00, 9.983e+02, 2.966e-12
1.295e+00, 5.000e-01, -2.500e-02, 1.102e+05, 0.000e+00, 1.967e-09, 0.000e+00, 2.002e+00, 9.983e+02, 8.641e-13
1.295e+00, 5.000e-01, -1.500e-02, 1.101e+05, 0.000e+00, 5.581e-10, 0.000e+00, 2.000e+00, 9.983e+02, 2.451e-13
1.295e+00, 5.000e-01, -5.000e-03, 1.100e+05, 0.000e+00, 1.778e-10, 0.000e+00, 1.999e+00, 9.983e+02, 7.809e-14
1.305e+00, 5.000e-01, -1.195e+00, 1.202e+05, 0.000e+00, 1.002e-13, 0.000e+00, 2.184e+00, 9.983e+02, 2.000e-17
1.305e+00, 5.000e-01, -1.185e+00, 1.201e+05, 0.000e+00, 1.002e-13, 0.000e+00, 2.182e+00, 9.983e+02, 2.000e-17
1.305e+00, 5.000e-01, -1.175e+00, 1.200e+05, 0.000e+00, 1.002e-13, 0.000e+00, 2.181e+00, 9.983e+02, 2.000e-17
1.305e+00, 5.000e-01, -1.165e+00, 1.199e+05, 0.000e+00, 1.002e-13, 0.000e+00, 2.179e+00, 9.983e+02, 2.000e-17
1.305e+00, 5.000e-01, -1.155e+00, 1.198e+05, 0.000e+00, 1.002e-13, 0.000e+00, 2.177e+00, 9.983e+02, 2.000e-17
1.305e+00, 5.000e-01, -1.145e+00, 1.197e+05, 0.000e+00, 1.002e-13, 0.000e+00, 2.175e+00, 9.983e+02, 2.000e-17
1.305e+00, 5.000e-01, -1.135e+00, 1.196e+05, 0.000e+00, 1.002e-13, 0.000e+00, 2.173e+00, 9.983e+02, 2.000e-17
1.305e+00, 5.000e-01, -1.125e+00, 1.195e+05, 0.000e+00, 1.002e-13, 0.000e+00, 2.172e+00, 9.983e+02, 2.000e-17
1.305e+00, 5.000e-01, -1.115e+00, 1.194e+05, 0.000e+00, 1.002e-13, 0.000e+00, 2.170e+00, 9.983e+02, 2.000e-17
1.305e+00, 5.000e-01, -1.105e+00, 1.193e+05, 0.000e+00, 1.002e-13, 0.000e+00, 2.168e+00, 9.983e+02, 2.000e-17
1.305e+00, 5.000e-01, -1.095e+00, 1.192e+05, 0.000e+00, 1.050e-12, 0.000e+00, 2.166e+00, 9.983e+02, 2.462e-16
1.305e+00, 5.000e-01, -1.085e+00, 1.191e+05, 0.000e+00, 1.044e-03, 0.000e+00, 2.165e+00, 9.985e+02, 3.303e-07
1.305e+00, 5.000e-01, -1.075e+00, 1.190e+05, 0.000e+00, 1.026e-03, 0.000e+00, 2.163e+00, 9.985e+02, 4.407e-07
1.305e+00, 5.000e-01, -1.065e+00, 1.189e+05, 0.000e+00, 9.357e-04, 0.000e+00, 2.161e+00, 9.984e+02, 4.017e-07
1.305e+00, 5.000e-01, -1.055e+00, 1.188e+05, 0.000e+00, 8.138e-04, 0.000e+00, 2.159e+00, 9.984e+02, 3.494e-07
1.305e+00, 5.000e-01, -1.045e+00, 1.187e+05, 0.000e+00, 6.965e-04, 0.000e+00, 2.158e+00, 9.984e+02, 2.990e-07
1.305e+00, 5.000e-01, -1.035e+00, 1.186e+05, 0.000e+00, 6.099e-04, 0.000e+00, 2.156e+00, 9.984e+02, 2.618e-07
1.305e+00, 5.000e-01, -1.025e+00, 1.185e+05, 0.000e+00, 5.822e-04, 0.000e+00, 2.154e+00, 9.984e+02, 2.499e-07
1.305e+00, 5.000e-01, -1.015e+00, 1.185e+05, 0.000e+00, 5.878e-04, 0.000e+00, 2.152e+00, 9.984e+02, 2.523e-07
1.305e+00, 5.000e-01, -1.005e+00, 1.184e+05, 0.000e+00, 5.897e-04, 0.000e+00, 2.150e+00, 9.984e+02, 2.532e-07
1.305e+00, 5.000e-01, -9.950e-01, 1.183e+05, 0.000e+00, 5.804e-04, 0.000e+00, 2.149e+00, 9.984e+02, 2.491e-07
1.305e+00, 5.000e-01, -9.850e-01, 1.182e+05, 0.000e+00, 5.622e-04, 0.000e+00, 2.147e+00, 9.984e+02, 2.414e-07
1.305e+00, 5.000e-01, -9.750e-01, 1.181e+05, 0.000e+00, 5.431e-04, 0.000e+00, 2.145e+00, 9.984e+02, 2.332e-07
1.305e+00, 5.000e-01, -9.650e-01, 1.180e+05, 0.000e+00, 5.373e-04, 0.000e+00, 2.143e+00, 9.984e+02, 2.306e-07
1.305e+00, 5.000e-01, -9.550e-01, 1.179e+05, 0.000e+00, 5.544e-04, 0.000e+00, 2.141e+00, 9.984e+02, 2.380e-07
1.305e+00, 5.000e-01, -9.450e-01, 1.178e+05, 0.000e+00, 5.874e-04, 0.000e+00, 2.140e+00, 9.984e+02, 2.522e-07
1.305e+00, 5.000e-01, -9.350e-01, 1.177e+05, 0.000e+00, 6.214e-04, 0.000e+00, 2.138e+00, 9.984e+02, 2.668e-07
1.305e+00, 5.000e-01, -9.250e-01, 1.176e+05, 0.000e+00, 6.468e-04, 0.000e+00, 2.136e+00, 9.984e+02, 2.777e-07
1.305e+00, 5.000e-01, -9.150e-01, 1.175e+05, 0.000e+00, 6.627e-04, 0.000e+00, 2.134e+00, 9.984e+02, 2.845e-07
1.305e+00, 5.000e-01, -9.050e-01, 1.174e+05, 0.000e+00, 6.752e-04, 0.000e+00, 2.132e+00, 9.984e+02, 2.899e-07
1.305e+00, 5.000e-01, -8.950e-01, 1.173e+05, 0.000e+00, 6.899e-04, 0.000e+00, 2.131e+00, 9.984e+02, 2.962e-07
1.305e+00, 5.000e-01, -8.850e-01, 1.172e+05, 0.000e+00, 7.025e-04, 0.000e+00, 2.129e+00, 9.984e+02, 3.016e-07
1.305e+00, 5.000e-01, -8.750e-01, 1.171e+05, 0.000e+00, 7.044e-04, 0.000e+00, 2.127e+00, 9.984e+02, 3.024e-07
1.305e+00, 5.000e-01, -8.650e-01, 1.170e+05, 0.000e+00, 6.914e-04, 0.000e+00, 2.125e+00, 9.984e+02, 2.968e-07
1.305e+00, 5.000e-01, -8.550e-01, 1.169e+05, 0.000e+00, 6.651e-04, 0.000e+00, 2.124e+00, 9.984e+02, 2.855e-07
1.305e+00, 5.000e-01, -8.450e-01, 1.168e+05, 0.000e+00, 6.337e-04, 0.000e+00, 2.122e+00, 9.984e+02, 2.721e-07
1.305e+00, 5.000e-01, -8.350e-01, 1.167e+05, 0.000e+00, 6.107e-04, 0.000e+00, 2.120e+00, 9.984e+02, 2.622e-07
1.305e+00, 5.000e-01, -8.250e-01, 1.166e+05, 0.000e+00, 5.992e-04, 0.000e+00, 2.118e+00, 9.984e+02, 2.573e-07
1.305e+00, 5.000e-01, -8.150e-01, 1.165e+05, 0.000e+00, 5.960e-04, 0.000e+00, 2.116e+00, 9.984e+02, 2.559e-07
1.305e+00, 5.000e-01, -8.050e-01, 1.164e+05, 0.000e+00, 5.980e-04, 0.000e+00, 2.115e+00, 9.984e+02, 2.567e-07
1.305e+00, 5.000e-01, -7.950e-01, 1.163e+05, 0.000e+00, 6.020e-04, 0.000e+00, 2.113e+00, 9.984e+02, 2.584e-07
1.305e+00, 5.000e-01, -7.850e-01, 1.162e+05, 0.000e+00, 6.033e-04, 0.000e+00, 2.111e+00, 9.984e+02, 2.590e-07
1.305e+00, 5.000e-01, -7.750e-01, 1.161e+05, 0.000e+00, 5.936e-04, 0.000e+00, 2.109e+00, 9.984e+02, 2.548e-07
1.305e+00, 5.000e-01, -7.650e-01, 1.160e+05, 0.000e+00, 5.785e-04, 0.000e+00, 2.107e+00, 9.984e+02, 2.484e-07
1.305e+00, 5.000e-01, -7.550e-01, 1.159e+05, 0.000e+00, 5.664e-04, 0.000e+00, 2.106e+00, 9.984e+02, 2.431e-07
1.305e+00, 5.000e-01, -7.450e-01, 1.158e+05, 0.000e+00, 5.716e-04, 0.000e+00, 2.104e+00, 9.984e+02, 2.454e-07
1.305e+00, 5.000e-01, -7.350e-01, 1.157e+05, 6.757e-07, 7.065e-04, 0.000e+00, 2.102e+00, 9.984e+02, 3.033e-07
1.305e+00, 5.000e-01, -7.250e-01, 1.156e+05, 4.724e-01, 1.895e-03, 0.000e+00, 2.100e+00, 9.986e+02, 8.559e-07
1.305e+00, 5.000e-01, -7.150e-01, 1.156e+05, 8.683e-01, 1.895e-03, 0.000e+00, 2.100e+00, 9.986e+02, 8.995e-07
1.305e+00, 5.000e-01, -7.050e-01, 1.169e+05, 1.449e-06, 5.268e-04, 0.000e+00, 2.124e+00, 9.984e+02, 2.314e-07
1.305e+00, 5.000e-01, -6.950e-01, 1.168e+05, 0.000e+00, 3.715e-04, 0.000e+00, 2.122e+00, 9.983e+02, 1.632e-07
1.305e+00, 5.000e-01, -6.850e-01, 1.167e+05, 0.000e+00, 2.483e-04, 0.000e+00, 2.120e+00, 9.983e+02, 1.091e-07
1.305e+00, 5.000e-01, -6.750e-01, 1.166e+05, 0.000e+00, 1.561e-04, 0.000e+00, 2.119e+00, 9.983e+02, 6.856e-08
1.305e+00, 5.000e-01, -6.650e-01, 1.165e+05, 0.000e+00, 9.186e-05, 0.000e+00, 2.117e+00, 9.983e+02, 4.035e-08
1.305e+00, 5.000e-01, -6.550e-01, 1.164e+05, 0.000e+00, 5.111e-05, 0.000e+00, 2.115e+00, 9.983e+02, 2.245e-08
1.305e+00, 5.000e-01, -6.450e-01, 1.163e+05, 0.000e+00, 2.863e-05, 0.000e+00, 2.113e+00, 9.983e+02, 1.257e-08
1.305e+00, 5.000e-01, -6.350e-01, 1.162e+05, 0.000e+00, 2.047e-05, 0.000e+00, 2.111e+00, 9.983e+02, 8.990e-09
1.305e+00, 5.000e-01, -6.250e-01, 1.161e+05, 0.000e+00, 2.572e-05, 0.000e+00, 2.110e+00, 9.983e+02, 1.130e-08
1.305e+00, 5.000e-01, -6.150e-01, 1.160e+05, 0.000e+00, 4.756e-05, 0.000e+00, 2.108e+00, 9.983e+02, 2.089e-08
1.305e+00, 5.000e-01, -6.050e-01, 1.159e+05, 0.000e+00, 9.303e-05, 0.000e+00, 2.106e+00, 9.983e+02, 4.086e-08
1.305e+00, 5.000e-01, -5.950e-01, 1.158e+05, 0.000e+00, 1.705e-04, 0.000e+00, 2.104e+00, 9.983e+02, 7.491e-08
1.305e+00, 5.000e-01, -5.850e-01, 1.157e+05, 0.000e+00, 2.840e-04, 0.000e+00, 2.102e+00, 9.983e+02, 1.247e-07
1.305e+00, 5.000e-01, -5.750e-01, 1.156e+05, 0.000e+00, 4.248e-04, 0.000e+00, 2.101e+00, 9.983e+02, 1.866e-07
1.305e+00, 5.000e-01, -5.650e-01, 1.155e+05, 0.000e+00, 5.666e-04, 0.000e+00, 2.099e+00, 9.984e+02, 2.499e-07
1.305e+00, 5.000e-01, -5.550e-01, 1.140e+05, 0.000e+00, 6.711e-04, 0.000e+00, 2.070e+00, 9.984e+02, 3.015e-07
1.305e+00, 5.000e-01, -5.450e-01, 1.139e+05, 0.000e+00, 6.984e-04, 0.000e+00, 2.068e+00, 9.984e+02, 3.138e-07
1.305e+00, 5.000e-01, -5.350e-01, 1.137e+05, 0.000e+00, 6.710e-04, 0.000e+00, 2.066e+00, 9.984e+02, 2.908e-07
1.305e+00, 5.000e-01, -5.250e-01, 1.137e+05, 0.000e+00, 6.278e-04, 0.000e+00, 2.064e+00, 9.984e+02, 2.695e-07
1.305e+00, 5.000e-01, -5.150e-01, 1.136e+05, 0.000e+00, 5.932e-04, 0.000e+00, 2.063e+00, 9.984e+02, 2.547e-07
1.305e+00, 5.000e-01, -5.050e-01, 1.135e+05, 0.000e+00, 5.704e-04, 0.000e+00, 2.061e+00, 9.984e+02, 2.449e-07
1.305e+00, 5.000e-01, -4.950e-01, 1.134e+05, 0.000e+00, 5.542e-04, 0.000e+00, 2.059e+00, 9.984e+02, 2.379e-07
1.305e+00, 5.000e-01, -4.850e-01, 1.133e+05, 0.000e+00, 5.398e-04, 0.000e+00, 2.057e+00, 9.984e+02, 2.317e-07
1.305e+00, 5.000e-01, -4.750e-01, 1.132e+05, 0.000e+00, 5.232e-04, 0.000e+00, 2.056e+00, 9.984e+02, 2.246e-07
1.305e+00, 5.000e-01, -4.650e-01, 1.131e+05, 0.000e+00, 5.050e-04, 0.000e+00, 2.054e+00, 9.984e+02, 2.168e-07
1.305e+00, 5.000e-01, -4.550e-01, 1.130e+05, 0.000e+00, 4.865e-04, 0.000e+00, 2.052e+00, 9.983e+02, 2.088e-07
1.305e+00, 5.000e-01, -4.450e-01, 1.129e+05, 0.000e+00, 4.671e-04, 0.000e+00, 2.050e+00, 9.983e+02, 2.005e-07
1.305e+00, 5.000e-01, -4.350e-01, 1.128e+05, 0.000e+00, 4.447e-04, 0.000e+00, 2.048e+00, 9.983e+02, 1.943e-07
1.305e+00, 5.000e-01, -4.250e-01, 1.127e+05, 0.000e+00, 4.202e-04, 0.000e+00, 2.047e+00, 9.983e+02, 1.888e-07
1.305e+00, 5.000e-01, -4.150e-01, 1.126e+05, 0.000e+00, 3.955e-04, 0.000e+00, 2.045e+00, 9.983e+02, 1.777e-07
1.305e+00, 5.000e-01, -4.050e-01, 1.125e+05, 0.000e+00, 3.705e-04, 0.000e+00, 2.043e+00, 9.983e+02, 1.665e-07
1.305e+00, 5.000e-01, -3.950e-01, 1.124e+05, 0.000e+00, 3.462e-04, 0.000e+00, 2.041e+00, 9.983e+02, 1.555e-07
1.305e+00, 5.000e-01, -3.850e-01, 1.123e+05, 0.000e+00, 3.233e-04, 0.000e+00, 2.040e+00, 9.983e+02, 1.452e-07
1.305e+00, 5.000e-01, -3.750e-01, 1.122e+05, 0.000e+00, 3.013e-04, 0.000e+00, 2.038e+00, 9.983e+02, 1.353e-07
1.305e+00, 5.000e-01, -3.650e-01, 1.121e+05, 0.000e+00, 2.785e-04, 0.000e+00, 2.036e+00, 9.983e+02, 1.251e-07
1.305e+00, 5.000e-01, -3.550e-01, 1.120e+05, 0.000e+00, 2.531e-04, 0.000e+00, 2.034e+00, 9.983e+02, 1.137e-07
1.305e+00, 5.000e-01, -3.450e-01, 1.119e+05, 0.000e+00, 2.257e-04, 0.000e+00, 2.033e+00, 9.983e+02, 1.012e-07
1.305e+00, 5.000e-01, -3.350e-01, 1.119e+05, 0.000e+00, 1.995e-04, 0.000e+00, 2.032e+00, 9.983e+02, 8.765e-08
1.305e+00, 5.000e-01, -3.250e-01, 1.118e+05, 0.000e+00, 1.727e-04, 0.000e+00, 2.030e+00, 9.983e+02, 7.587e-08
1.305e+00, 5.000e-01, -3.150e-01, 1.117e+05, 0.000e+00, 1.453e-04, 0.000e+00, 2.029e+00, 9.983e+02, 6.381e-08
1.305e+00, 5.000e-01, -3.050e-01, 1.116e+05, 0.000e+00, 1.118e-04, 0.000e+00, 2.027e+00, 9.983e+02, 4.975e-08
1.305e+00, 5.000e-01, -2.950e-01, 1.114e+05, 0.000e+00, 7.414e-05, 0.000e+00, 2.023e+00, 9.983e+02, 3.387e-08
1.305e+00, 5.000e-01, -2.850e-01, 1.114e+05, 0.000e+00, 5.599e-05, 0.000e+00, 2.023e+00, 9.983e+02, 2.459e-08
1.305e+00, 5.000e-01, -2.750e-01, 1.113e+05, 0.000e+00, 4.313e-05, 0.000e+00, 2.021e+00, 9.983e+02, 1.894e-08
1.305e+00, 5.000e-01, -2.650e-01, 1.112e+05, 0.000e+00, 3.613e-05, 0.000e+00, 2.020e+00, 9.983e+02, 1.587e-08
1.305e+00, 5.000e-01, -2.550e-01, 1.111e+05, 0.000e+00, 3.333e-05, 0.000e+00, 2.018e+00, 9.983e+02, 1.462e-08
1.305e+00, 5.000e-01, -2.450e-01, 1.112e+05, 0.000e+00, 3.209e-05, 0.000e+00, 2.020e+00, 9.983e+02, 1.377e-08
1.305e+00, 5.000e-01, -2.350e-01, 1.111e+05, 0.000e+00, 3.487e-05, 0.000e+00, 2.018e+00, 9.983e+02, 1.497e-08
1.305e+00, 5.000e-01, -2.250e-01, 1.110e+05, 0.000e+00, 4.386e-05, 0.000e+00, 2.016e+00, 9.983e+02, 1.883e-08
1.305e+00, 5.000e-01, -2.150e-01, 1.106e+05, 0.000e+00, 6.789e-05, 0.000e+00, 2.009e+00, 9.983e+02, 3.032e-08
1.305e+00, 5.000e-01, -2.050e-01, 1.108e+05, 0.000e+00, 1.000e-04, 0.000e+00, 2.012e+00, 9.983e+02, 4.293e-08
1.305e+00, 5.000e-01, -1.950e-01, 1.107e+05, 0.000e+00, 1.472e-04, 0.000e+00, 2.011e+00, 9.983e+02, 6.320e-08
1.305e+00, 5.000e-01, -1.850e-01, 1.106e+05, 0.000e+00, 2.088e-04, 0.000e+00, 2.009e+00, 9.983e+02, 8.964e-08
1.305e+00, 5.000e-01, -1.750e-01, 1.105e+05, 0.000e+00, 2.594e-04, 0.000e+00, 2.007e+00, 9.983e+02, 1.120e-07
1.305e+00, 5.000e-01, -1.650e-01, 1.116e+05, 0.000e+00, 2.543e-04, 0.000e+00, 2.027e+00, 9.983e+02, 1.117e-07
1.305e+00, 5.000e-01, -1.550e-01, 1.115e+05, 0.000e+00, 2.036e-04, 0.000e+00, 2.025e+00, 9.983e+02, 8.944e-08
1.305e+00, 5.000e-01, -1.450e-01, 1.114e+05, 0.000e+00, 1.385e-04, 0.000e+00, 2.024e+00, 9.983e+02, 6.085e-08
1.305e+00, 5.000e-01, -1.350e-01, 1.113e+05, 0.000e+00, 8.248e-05, 0.000e+00, 2.022e+00, 9.983e+02, 3.623e-08
1.305e+00, 5.000e-01, -1.250e-01, 1.112e+05, 0.000e+00, 4.395e-05, 0.000e+00, 2.020e+00, 9.983e+02, 1.930e-08
1.305e+00, 5.000e-01, -1.150e-01, 1.111e+05, 0.000e+00, 2.133e-05, 0.000e+00, 2.018e+00, 9.983e+02, 9.369e-09
1.305e+00, 5.000e-01, -1.050e-01, 1.110e+05, 0.000e+00, 9.558e-06, 0.000e+00, 2.017e+00, 9.983e+02, 4.198e-09
1.305e+00, 5.000e-01, -9.500e-02, 1.109e+05, 0.000e+00, 3.995e-06, 0.000e+00, 2.015e+00, 9.983e+02, 1.755e-09
1.305e+00, 5.000e-01, -8.500e-02, 1.108e+05, 0.000e+00, 1.570e-06, 0.000e+00, 2.013e+00, 9.983e+02, 6.895e-10
1.305e+00, 5.000e-01, -7.500e-02, 1.107e+05, 0.000e+00, 5.829e-07, 0.000e+00, 2.011e+00, 9.983e+02, 2.560e-10
1.305e+00, 5.000e-01, -6.500e-02, 1.106e+05, 0.000e+00, 2.053e-07, 0.000e+00, 2.009e+00, 9.983e+02, 9.018e-11
1.305e+00, 5.000e-01, -5.500e-02, 1.105e+05, 0.000e+00, 6.880e-08, 0.000e+00, 2.008e+00, 9.983e+02, 3.022e-11
1.305e+00, 5.000e-01, -4.500e-02, 1.104e+05, 0.000e+00, 2.197e-08, 0.000e+00, 2.006e+00, 9.983e+02, 9.651e-12
1.305e+00, 5.000e-01, -3.500e-02, 1.103e+05, 0.000e+00, 6.701e-09, 0.000e+00, 2.004e+00, 9.983e+02, 2.943e-12
1.305e+00, 5.000e-01, -2.500e-02, 1.102e+05, 0.000e+00, 1.957e-09, 0.000e+00, 2.002e+00, 9.983e+02, 8.596e-13
1.305e+00, 5.000e-01, -1.500e-02, 1.101e+05, 0.000e+00, 5.567e-10, 0.000e+00, 2.000e+00, 9.983e+02, 2.445e-13
1.305e+00, 5.000e-01, -5.000e-03, 1.100e+05, 0.000e+00, 1.778e-10, 0.000e+00, 1.999e+00, 9.983e+02, 7.808e-14
1.315e+00, 5.000e-01, -1.195e+00, 1.202e+05, 0.000e+00, 1.002e-13, 0.000e+00, 2.184e+00, 9.983e+02, 2.000e-17
1.315e+00, 5.000e-01, -1.185e+00, 1.201e+05, 0.000e+00, 1.002e-13, 0.000e+00, 2.182e+00, 9.983e+02, 2.000e-17
1.315e+00, 5.000e-01, -1.175e+00, 1.200e+05, 0.000e+00, 1.002e-13, 0.000e+00, 2.181e+00, 9.983e+02, 2.000e-17
1.315e+00, 5.000e-01, -1.165e+00, 1.199e+05, 0.000e+00, 1.002e-13, 0.000e+00, 2.179e+00, 9.983e+02, 2.000e-17
1.315e+00, 5.000e-01, -1.155e+00, 1.198e+05, 0.000e+00, 1.002e-13, 0.000e+00, 2.177e+00, 9.983e+02, 2.000e-17
1.315e+00, 5.000e-01, -1.145e+00, 1.197e+05, 0.000e+00, 1.002e-13, 0.000e+00, 2.175e+00, 9.983e+02, 2.000e-17
1.315e+00, 5.000e-01, -1.135e+00, 1.196e+05, 0.000e+00, 1.002e-13, 0.000e+00, 2.173e+00, 9.983e+02, 2.000e-17
1.315e+00, 5.000e-01, -1.125e+00, 1.195e+05, 0.000e+00, 1.002e-13, 0.000e+00, 2.172e+00, 9.983e+02, 2.000e-17
1.315e+00, 5.000e-01, -1.115e+00, 1.194e+05, 0.000e+00, 1.002e-13, 0.000e+00, 2.170e+00, 9.983e+02, 2.000e-17
1.315e+00, 5.000e-01, -1.105e+00, 1.193e+05, 0.000e+00, 1.002e-13, 0.000e+00, 2.168e+00, 9.983e+02, 2.000e-17
1.315e+00, 5.000e-01, -1.095e+00, 1.192e+05, 0.000e+00, 4.557e-13, 0.000e+00, 2.166e+00, 9.983e+02, 1.276e-16
1.315e+00, 5.000e-01, -1.085e+00, 1.191e+05, 0.000e+00, 1.281e-07, 0.000e+00, 2.165e+00, 9.983e+02, 3.929e-11
1.315e+00, 5.000e-01, -1.075e+00, 1.190e+05, 0.000e+00, 1.023e-03, 0.000e+00, 2.163e+00, 9.985e+02, 4.391e-07
1.315e+00, 5.000e-01, -1.065e+00, 1.189e+05, 0.000e+00, 9.380e-04, 0.000e+00, 2.161e+00, 9.984e+02, 4.027e-07
1.315e+00, 5.000e-01, -1.055e+00, 1.188e+05, 0.000e+00, 8.155e-04, 0.000e+00, 2.159e+00, 9.984e+02, 3.501e-07
1.315e+00, 5.000e-01, -1.045e+00, 1.187e+05, 0.000e+00, 6.907e-04, 0.000e+00, 2.158e+00, 9.984e+02, 2.965e-07
1.315e+00, 5.000e-01, -1.035e+00, 1.186e+05, 0.000e+00, 6.045e-04, 0.000e+00, 2.156e+00, 9.984e+02, 2.595e-07
1.315e+00, 5.000e-01, -1.025e+00, 1.185e+05, 0.000e+00, 5.864e-04, 0.000e+00, 2.154e+00, 9.984e+02, 2.517e-07
1.315e+00, 5.000e-01, -1.015e+00, 1.185e+05, 0.000e+00, 5.971e-04, 0.000e+00, 2.152e+00, 9.984e+02, 2.563e-07
1.315e+00, 5.000e-01, -1.005e+00, 1.184e+05, 0.000e+00, 6.022e-04, 0.000e+00, 2.150e+00, 9.984e+02, 2.585e-07
1.315e+00, 5.000e-01, -9.950e-01, 1.183e+05, 0.000e+00, 5.962e-04, 0.000e+00, 2.149e+00, 9.984e+02, 2.559e-07
1.315e+00, 5.000e-01, -9.850e-01, 1.182e+05, 0.000e+00, 5.813e-04, 0.000e+00, 2.147e+00, 9.984e+02, 2.496e-07
1.315e+00, 5.000e-01, -9.750e-01, 1.181e+05, 0.000e+00, 5.618e-04, 0.000e+00, 2.145e+00, 9.984e+02, 2.412e-07
1.315e+00, 5.000e-01, -9.650e-01, 1.180e+05, 0.000e+00, 5.443e-04, 0.000e+00, 2.143e+00, 9.984e+02, 2.337e-07
1.315e+00, 5.000e-01, -9.550e-01, 1.179e+05, 0.000e+00, 5.373e-04, 0.000e+00, 2.141e+00, 9.984e+02, 2.307e-07
1.315e+00, 5.000e-01, -9.450e-01, 1.178e+05, 0.000e+00, 5.440e-04, 0.000e+00, 2.140e+00, 9.984e+02, 2.335e-07
1.315e+00, 5.000e-01, -9.350e-01, 1.177e+05, 0.000e+00, 5.588e-04, 0.000e+00, 2.138e+00, 9.984e+02, 2.399e-07
1.315e+00, 5.000e-01, -9.250e-01, 1.176e+05, 0.000e+00, 5.745e-04, 0.000e+00, 2.136e+00, 9.984e+02, 2.466e-07
1.315e+00, 5.000e-01, -9.150e-01, 1.175e+05, 0.000e+00, 5.891e-04, 0.000e+00, 2.134e+00, 9.984e+02, 2.529e-07
1.315e+00, 5.000e-01, -9.050e-01, 1.174e+05, 0.000e+00, 6.071e-04, 0.000e+00, 2.132e+00, 9.984e+02, 2.606e-07
1.315e+00, 5.000e-01, -8.950e-01, 1.173e+05, 0.000e+00, 6.347e-04, 0.000e+00, 2.131e+00, 9.984e+02, 2.725e-07
1.315e+00, 5.000e-01, -8.850e-01, 1.172e+05, 0.000e+00, 6.595e-04, 0.000e+00, 2.129e+00, 9.984e+02, 2.831e-07
1.315e+00, 5.000e-01, -8.750e-01, 1.171e+05, 0.000e+00, 6.680e-04, 0.000e+00, 2.127e+00, 9.984e+02, 2.868e-07
1.315e+00, 5.000e-01, -8.650e-01, 1.170e+05, 0.000e+00, 6.560e-04, 0.000e+00, 2.125e+00, 9.984e+02, 2.816e-07
1.315e+00, 5.000e-01, -8.550e-01, 1.169e+05, 0.000e+00, 6.240e-04, 0.000e+00, 2.124e+00, 9.984e+02, 2.679e-07
1.315e+00, 5.000e-01, -8.450e-01, 1.168e+05, 0.000e+00, 5.942e-04, 0.000e+00, 2.122e+00, 9.984e+02, 2.551e-07
1.315e+00, 5.000e-01, -8.350e-01, 1.167e+05, 0.000e+00, 5.869e-04, 0.000e+00, 2.120e+00, 9.984e+02, 2.519e-07
1.315e+00, 5.000e-01, -8.250e-01, 1.166e+05, 0.000e+00, 5.887e-04, 0.000e+00, 2.118e+00, 9.984e+02, 2.527e-07
1.315e+00, 5.000e-01, -8.150e-01, 1.165e+05, 0.000e+00, 5.903e-04, 0.000e+00, 2.116e+00, 9.984e+02, 2.534e-07
1.315e+00, 5.000e-01, -8.050e-01, 1.164e+05, 0.000e+00, 5.904e-04, 0.000e+00, 2.115e+00, 9.984e+02, 2.534e-07
1.315e+00, 5.000e-01, -7.950e-01, 1.163e+05, 0.000e+00, 5.894e-04, 0.000e+00, 2.113e+00, 9.984e+02, 2.530e-07
1.315e+00, 5.000e-01, -7.850e-01, 1.162e+05, 0.000e+00, 5.877e-04, 0.000e+00, 2.111e+00, 9.984e+02, 2.523e-07
1.315e+00, 5.000e-01, -7.750e-01, 1.161e+05, 0.000e+00, 5.856e-04, 0.000e+00, 2.109e+00, 9.984e+02, 2.514e-07
1.315e+00, 5.000e-01, -7.650e-01, 1.160e+05, 0.000e+00, 5.826e-04, 0.000e+00, 2.107e+00, 9.984e+02, 2.501e-07
1.315e+00, 5.000e-01, -7.550e-01, 1.159e+05, 0.000e+00, 5.753e-04, 0.000e+00, 2.106e+00, 9.984e+02, 2.470e-07
1.315e+00, 5.000e-01, -7.450e-01, 1.158e+05, 0.000e+00, 5.792e-04, 0.000e+00, 2.104e+00, 9.984e+02, 2.487e-07
1.315e+00, 5.000e-01, -7.350e-01, 1.157e+05, 6.757e-07, 6.960e-04, 0.000e+00, 2.102e+00, 9.984e+02, 2.988e-07
1.315e+00, 5.000e-01, -7.250e-01, 1.156e+05, 4.724e-01, 1.895e-03, 0.000e+00, 2.100e+00, 9.986e+02, 8.559e-07
1.315e+00, 5.000e-01, -7.150e-01, 1.156e+05, 8.683e-01, 1.895e-03, 0.000e+00, 2.100e+00, 9.986e+02, 8.984e-07
1.315e+00, 5.000e-01, -7.050e-01, 1.169e+05, 1.449e-06, 5.350e-04, 0.000e+00, 2.124e+00, 9.984e+02, 2.350e-07
1.315e+00, 5.000e-01, -6.950e-01, 1.168e+05, 0.000e+00, 3.787e-04, 0.000e+00, 2.122e+00, 9.983e+02, 1.663e-07
1.315e+00, 5.000e-01, -6.850e-01, 1.167e+05, 0.000e+00, 2.527e-04, 0.000e+00, 2.120e+00, 9.983e+02, 1.110e-07
1.315e+00, 5.000e-01, -6.750e-01, 1.166e+05, 0.000e+00, 1.580e-04, 0.000e+00, 2.119e+00, 9.983e+02, 6.940e-08
1.315e+00, 5.000e-01, -6.650e-01, 1.165e+05, 0.000e+00, 9.234e-05, 0.000e+00, 2.117e+00, 9.983e+02, 4.056e-08
1.315e+00, 5.000e-01, -6.550e-01, 1.164e+05, 0.000e+00, 5.097e-05, 0.000e+00, 2.115e+00, 9.983e+02, 2.239e-08
1.315e+00, 5.000e-01, -6.450e-01, 1.163e+05, 0.000e+00, 2.833e-05, 0.000e+00, 2.113e+00, 9.983e+02, 1.244e-08
1.315e+00, 5.000e-01, -6.350e-01, 1.162e+05, 0.000e+00, 2.025e-05, 0.000e+00, 2.111e+00, 9.983e+02, 8.895e-09
1.315e+00, 5.000e-01, -6.250e-01, 1.161e+05, 0.000e+00, 2.571e-05, 0.000e+00, 2.110e+00, 9.983e+02, 1.129e-08
1.315e+00, 5.000e-01, -6.150e-01, 1.160e+05, 0.000e+00, 4.789e-05, 0.000e+00, 2.108e+00, 9.983e+02, 2.104e-08
1.315e+00, 5.000e-01, -6.050e-01, 1.159e+05, 0.000e+00, 9.394e-05, 0.000e+00, 2.106e+00, 9.983e+02, 4.126e-08
1.315e+00, 5.000e-01, -5.950e-01, 1.158e+05, 0.000e+00, 1.723e-04, 0.000e+00, 2.104e+00, 9.983e+02, 7.569e-08
1.315e+00, 5.000e-01, -5.850e-01, 1.157e+05, 0.000e+00, 2.868e-04, 0.000e+00, 2.102e+00, 9.983e+02, 1.260e-07
1.315e+00, 5.000e-01, -5.750e-01, 1.156e+05, 0.000e+00, 4.286e-04, 0.000e+00, 2.101e+00, 9.983e+02, 1.883e-07
1.315e+00, 5.000e-01, -5.650e-01, 1.155e+05, 0.000e+00, 5.709e-04, 0.000e+00, 2.099e+00, 9.984e+02, 2.518e-07
1.315e+00, 5.000e-01, -5.550e-01, 1.140e+05, 0.000e+00, 6.749e-04, 0.000e+00, 2.070e+00, 9.984e+02, 3.032e-07
1.315e+00, 5.000e-01, -5.450e-01, 1.139e+05, 0.000e+00, 7.015e-04, 0.000e+00, 2.068e+00, 9.984e+02, 3.152e-07
1.315e+00, 5.000e-01, -5.350e-01, 1.137e+05, 0.000e+00, 6.728e-04, 0.000e+00, 2.066e+00, 9.984e+02, 2.921e-07
1.315e+00, 5.000e-01, -5.250e-01, 1.137e+05, 0.000e+00, 6.293e-04, 0.000e+00, 2.064e+00, 9.984e+02, 2.702e-07
1.315e+00, 5.000e-01, -5.150e-01, 1.136e+05, 0.000e+00, 5.952e-04, 0.000e+00, 2.063e+00, 9.984e+02, 2.555e-07
1.315e+00, 5.000e-01, -5.050e-01, 1.135e+05, 0.000e+00, 5.733e-04, 0.000e+00, 2.061e+00, 9.984e+02, 2.461e-07
1.315e+00, 5.000e-01, -4.950e-01, 1.134e+05, 0.000e+00, 5.584e-04, 0.000e+00, 2.059e+00, 9.984e+02, 2.397e-07
1.315e+00, 5.000e-01, -4.850e-01, 1.133e+05, 0.000e+00, 5.456e-04, 0.000e+00, 2.057e+00, 9.984e+02, 2.342e-07
1.315e+00, 5.000e-01, -4.750e-01, 1.132e+05, 0.000e+00, 5.314e-04, 0.000e+00, 2.056e+00, 9.984e+02, 2.281e-07
1.315e+00, 5.000e-01, -4.650e-01, 1.131e+05, 0.000e+00, 5.146e-04, 0.000e+00, 2.054e+00, 9.984e+02, 2.209e-07
1.315e+00, 5.000e-01, -4.550e-01, 1.130e+05, 0.000e+00, 4.964e-04, 0.000e+00, 2.052e+00, 9.984e+02, 2.131e-07
1.315e+00, 5.000e-01, -4.450e-01, 1.129e+05, 0.000e+00, 4.766e-04, 0.000e+00, 2.050e+00, 9.983e+02, 2.046e-07
1.315e+00, 5.000e-01, -4.350e-01, 1.128e+05, 0.000e+00, 4.535e-04, 0.000e+00, 2.048e+00, 9.983e+02, 1.976e-07
1.315e+00, 5.000e-01, -4.250e-01, 1.127e+05, 0.000e+00, 4.282e-04, 0.000e+00, 2.047e+00, 9.983e+02, 1.924e-07
1.315e+00, 5.000e-01, -4.150e-01, 1.126e+05, 0.000e+00, 4.036e-04, 0.000e+00, 2.045e+00, 9.983e+02, 1.813e-07
1.315e+00, 5.000e-01, -4.050e-01, 1.125e+05, 0.000e+00, 3.786e-04, 0.000e+00, 2.043e+00, 9.983e+02, 1.701e-07
1.315e+00, 5.000e-01, -3.950e-01, 1.124e+05, 0.000e+00, 3.537e-04, 0.000e+00, 2.041e+00, 9.983e+02, 1.589e-07
1.315e+00, 5.000e-01, -3.850e-01, 1.123e+05, 0.000e+00, 3.297e-04, 0.000e+00, 2.040e+00, 9.983e+02, 1.481e-07
1.315e+00, 5.000e-01, -3.750e-01, 1.122e+05, 0.000e+00, 3.071e-04, 0.000e+00, 2.038e+00, 9.983e+02, 1.380e-07
1.315e+00, 5.000e-01, -3.650e-01, 1.121e+05, 0.000e+00, 2.852e-04, 0.000e+00, 2.036e+00, 9.983e+02, 1.281e-07
1.315e+00, 5.000e-01, -3.550e-01, 1.120e+05, 0.000e+00, 2.618e-04, 0.000e+00, 2.034e+00, 9.983e+02, 1.176e-07
1.315e+00, 5.000e-01, -3.450e-01, 1.119e+05, 0.000e+00, 2.365e-04, 0.000e+00, 2.033e+00, 9.983e+02, 1.062e-07
1.315e+00, 5.000e-01, -3.350e-01, 1.119e+05, 0.000e+00, 2.124e-04, 0.000e+00, 2.032e+00, 9.983e+02, 9.330e-08
1.315e+00, 5.000e-01, -3.250e-01, 1.118e+05, 0.000e+00, 1.873e-04, 0.000e+00, 2.030e+00, 9.983e+02, 8.226e-08
1.315e+00, 5.000e-01, -3.150e-01, 1.117e+05, 0.000e+00, 1.606e-04, 0.000e+00, 2.029e+00, 9.983e+02, 7.052e-08
1.315e+00, 5.000e-01, -3.050e-01, 1.116e+05, 0.000e+00, 1.257e-04, 0.000e+00, 2.027e+00, 9.983e+02, 5.584e-08
1.315e+00, 5.000e-01, -2.950e-01, 1.114e+05, 0.000e+00, 8.117e-05, 0.000e+00, 2.023e+00, 9.983e+02, 3.715e-08
1.315e+00, 5.000e-01, -2.850e-01, 1.114e+05, 0.000e+00, 6.264e-05, 0.000e+00, 2.023e+00, 9.983e+02, 2.751e-08
1.315e+00, 5.000e-01, -2.750e-01, 1.113e+05, 0.000e+00, 4.844e-05, 0.000e+00, 2.021e+00, 9.983e+02, 2.128e-08
1.315e+00, 5.000e-01, -2.650e-01, 1.112e+05, 0.000e+00, 3.899e-05, 0.000e+00, 2.020e+00, 9.983e+02, 1.713e-08
1.315e+00, 5.000e-01, -2.550e-01, 1.111e+05, 0.000e+00, 3.369e-05, 0.000e+00, 2.018e+00, 9.983e+02, 1.478e-08
1.315e+00, 5.000e-01, -2.450e-01, 1.112e+05, 0.000e+00, 3.146e-05, 0.000e+00, 2.020e+00, 9.983e+02, 1.350e-08
1.315e+00, 5.000e-01, -2.350e-01, 1.111e+05, 0.000e+00, 3.249e-05, 0.000e+00, 2.018e+00, 9.983e+02, 1.394e-08
1.315e+00, 5.000e-01, -2.250e-01, 1.110e+05, 0.000e+00, 3.866e-05, 0.000e+00, 2.016e+00, 9.983e+02, 1.660e-08
1.315e+00, 5.000e-01, -2.150e-01, 1.106e+05, 0.000e+00, 5.891e-05, 0.000e+00, 2.009e+00, 9.983e+02, 2.659e-08
1.315e+00, 5.000e-01, -2.050e-01, 1.108e+05, 0.000e+00, 9.346e-05, 0.000e+00, 2.012e+00, 9.983e+02, 4.012e-08
1.315e+00, 5.000e-01, -1.950e-01, 1.107e+05, 0.000e+00, 1.452e-04, 0.000e+00, 2.011e+00, 9.983e+02, 6.231e-08
1.315e+00, 5.000e-01, -1.850e-01, 1.106e+05, 0.000e+00, 2.099e-04, 0.000e+00, 2.009e+00, 9.983e+02, 9.010e-08
1.315e+00, 5.000e-01, -1.750e-01, 1.105e+05, 0.000e+00, 2.604e-04, 0.000e+00, 2.007e+00, 9.983e+02, 1.124e-07
1.315e+00, 5.000e-01, -1.650e-01, 1.116e+05, 0.000e+00, 2.542e-04, 0.000e+00, 2.027e+00, 9.983e+02, 1.117e-07
1.315e+00, 5.000e-01, -1.550e-01, 1.115e+05, 0.000e+00, 2.027e-04, 0.000e+00, 2.025e+00, 9.983e+02, 8.904e-08
1.315e+00, 5.000e-01, -1.450e-01, 1.114e+05, 0.000e+00, 1.373e-04, 0.000e+00, 2.024e+00, 9.983e+02, 6.033e-08
1.315e+00, 5.000e-01, -1.350e-01, 1.113e+05, 0.000e+00, 8.146e-05, 0.000e+00, 2.022e+00, 9.983e+02, 3.578e-08
1.315e+00, 5.000e-01, -1.250e-01, 1.112e+05, 0.000e+00, 4.327e-05, 0.000e+00, 2.020e+00, 9.983e+02, 1.901e-08
1.315e+00, 5.000e-01, -1.150e-01, 1.111e+05, 0.000e+00, 2.096e-05, 0.000e+00, 2.018e+00, 9.983e+02, 9.205e-09
1.315e+00, 5.000e-01, -1.050e-01, 1.110e+05, 0.000e+00, 9.381e-06, 0.000e+00, 2.017e+00, 9.983e+02, 4.120e-09
1.315e+00, 5.000e-01, -9.500e-02, 1.109e+05, 0.000e+00, 3.921e-06, 0.000e+00, 2.015e+00, 9.983e+02, 1.722e-09
1.315e+00, 5.000e-01, -8.500e-02, 1.108e+05, 0.000e+00, 1.542e-06, 0.000e+00, 2.013e+00, 9.983e+02, 6.771e-10
1.315e+00, 5.000e-01, -7.500e-02, 1.107e+05, 0.000e+00, 5.732e-07, 0.000e+00, 2.011e+00, 9.983e+02, 2.518e-10
1.315e+00, 5.000e-01, -6.500e-02, 1.106e+05, 0.000e+00, 2.023e-07, 0.000e+00, 2.009e+00, 9.983e+02, 8.886e-11
1.315e+00, 5.000e-01, -5.500e-02, 1.105e+05, 0.000e+00, 6.794e-08, 0.000e+00, 2.008e+00, 9.983e+02, 2.984e-11
1.315e+00, 5.000e-01, -4.500e-02, 1.104e+05, 0.000e+00, 2.175e-08, 0.000e+00, 2.006e+00, 9.983e+02, 9.555e-12
1.315e+00, 5.000e-01, -3.500e-02, 1.103e+05, 0.000e+00, 6.652e-09, 0.000e+00, 2.004e+00, 9.983e+02, 2.922e-12
1.315e+00, 5.000e-01, -2.500e-02, 1.102e+05, 0.000e+00, 1.948e-09, 0.000e+00, 2.002e+00, 9.983e+02, 8.557e-13
1.315e+00, 5.000e-01, -1.500e-02, 1.101e+05, 0.000e+00, 5.558e-10, 0.000e+00, 2.000e+00, 9.983e+02, 2.441e-13
1.315e+00, 5.000e-01, -5.000e-03, 1.100e+05, 0.000e+00, 1.780e-10, 0.000e+00, 1.999e+00, 9.983e+02, 7.817e-14
1.325e+00, 5.000e-01, -1.195e+00, 1.202e+05, 0.000e+00, 1.002e-13, 0.000e+00, 2.184e+00, 9.983e+02, 2.000e-17
1.325e+00, 5.000e-01, -1.185e+00, 1.201e+05, 0.000e+00, 1.002e-13, 0.000e+00, 2.182e+00, 9.983e+02, 2.000e-17
1.325e+00, 5.000e-01, -1.175e+00, 1.200e+05, 0.000e+00, 1.002e-13, 0.000e+00, 2.181e+00, 9.983e+02, 2.000e-17
1.325e+00, 5.000e-01, -1.165e+00, 1.199e+05, 0.000e+00, 1.002e-13, 0.000e+00, 2.179e+00, 9.983e+02, 2.000e-17
1.325e+00, 5.000e-01, -1.155e+00, 1.198e+05, 0.000e+00, 1.002e-13, 0.000e+00, 2.177e+00, 9.983e+02, 2.000e-17
1.325e+00, 5.000e-01, -1.145e+00, 1.197e+05, 0.000e+00, 1.002e-13, 0.000e+00, 2.175e+00, 9.983e+02, 2.000e-17
1.325e+00, 5.000e-01, -1.135e+00, 1.196e+05, 0.000e+00, 1.002e-13, 0.000e+00, 2.173e+00, 9.983e+02, 2.000e-17
1.325e+00, 5.000e-01, -1.125e+00, 1.195e+05, 0.000e+00, 1.002e-13, 0.000e+00, 2.172e+00, 9.983e+02, 2.000e-17
1.325e+00, 5.000e-01, -1.115e+00, 1.194e+05, 0.000e+00, 1.002e-13, 0.000e+00, 2.170e+00, 9.983e+02, 2.000e-17
1.325e+00, 5.000e-01, -1.105e+00, 1.193e+05, 0.000e+00, 1.002e-13, 0.000e+00, 2.168e+00, 9.983e+02, 2.000e-17
1.325e+00, 5.000e-01, -1.095e+00, 1.192e+05, 0.000e+00, 4.557e-13, 0.000e+00, 2.166e+00, 9.983e+02, 1.276e-16
1.325e+00, 5.000e-01, -1.085e+00, 1.191e+05, 0.000e+00, 4.006e-09, 0.000e+00, 2.165e+00, 9.983e+02, 1.704e-12
1.325e+00, 5.000e-01, -1.075e+00, 1.190e+05, 0.000e+00, 1.020e-03, 0.000e+00, 2.163e+00, 9.985e+02, 4.379e-07
1.325e+00, 5.000e-01, -1.065e+00, 1.189e+05, 0.000e+00, 9.403e-04, 0.000e+00, 2.161e+00, 9.984e+02, 4.037e-07
1.325e+00, 5.000e-01, -1.055e+00, 1.188e+05, 0.000e+00, 8.184e-04, 0.000e+00, 2.159e+00, 9.984e+02, 3.514e-07
1.325e+00, 5.000e-01, -1.045e+00, 1.187e+05, 0.000e+00, 6.890e-04, 0.000e+00, 2.158e+00, 9.984e+02, 2.958e-07
1.325e+00, 5.000e-01, -1.035e+00, 1.186e+05, 0.000e+00, 6.015e-04, 0.000e+00, 2.156e+00, 9.984e+02, 2.582e-07
1.325e+00, 5.000e-01, -1.025e+00, 1.185e+05, 0.000e+00, 5.847e-04, 0.000e+00, 2.154e+00, 9.984e+02, 2.510e-07
1.325e+00, 5.000e-01, -1.015e+00, 1.185e+05, 0.000e+00, 5.973e-04, 0.000e+00, 2.152e+00, 9.984e+02, 2.564e-07
1.325e+00, 5.000e-01, -1.005e+00, 1.184e+05, 0.000e+00, 6.061e-04, 0.000e+00, 2.150e+00, 9.984e+02, 2.602e-07
1.325e+00, 5.000e-01, -9.950e-01, 1.183e+05, 0.000e+00, 6.049e-04, 0.000e+00, 2.149e+00, 9.984e+02, 2.597e-07
1.325e+00, 5.000e-01, -9.850e-01, 1.182e+05, 0.000e+00, 5.957e-04, 0.000e+00, 2.147e+00, 9.984e+02, 2.557e-07
1.325e+00, 5.000e-01, -9.750e-01, 1.181e+05, 0.000e+00, 5.812e-04, 0.000e+00, 2.145e+00, 9.984e+02, 2.495e-07
1.325e+00, 5.000e-01, -9.650e-01, 1.180e+05, 0.000e+00, 5.644e-04, 0.000e+00, 2.143e+00, 9.984e+02, 2.423e-07
1.325e+00, 5.000e-01, -9.550e-01, 1.179e+05, 0.000e+00, 5.499e-04, 0.000e+00, 2.141e+00, 9.984e+02, 2.360e-07
1.325e+00, 5.000e-01, -9.450e-01, 1.178e+05, 0.000e+00, 5.421e-04, 0.000e+00, 2.140e+00, 9.984e+02, 2.327e-07
1.325e+00, 5.000e-01, -9.350e-01, 1.177e+05, 0.000e+00, 5.430e-04, 0.000e+00, 2.138e+00, 9.984e+02, 2.331e-07
1.325e+00, 5.000e-01, -9.250e-01, 1.176e+05, 0.000e+00, 5.507e-04, 0.000e+00, 2.136e+00, 9.984e+02, 2.364e-07
1.325e+00, 5.000e-01, -9.150e-01, 1.175e+05, 0.000e+00, 5.642e-04, 0.000e+00, 2.134e+00, 9.984e+02, 2.422e-07
1.325e+00, 5.000e-01, -9.050e-01, 1.174e+05, 0.000e+00, 5.848e-04, 0.000e+00, 2.132e+00, 9.984e+02, 2.511e-07
1.325e+00, 5.000e-01, -8.950e-01, 1.173e+05, 0.000e+00, 6.144e-04, 0.000e+00, 2.131e+00, 9.984e+02, 2.637e-07
1.325e+00, 5.000e-01, -8.850e-01, 1.172e+05, 0.000e+00, 6.376e-04, 0.000e+00, 2.129e+00, 9.984e+02, 2.737e-07
1.325e+00, 5.000e-01, -8.750e-01, 1.171e+05, 0.000e+00, 6.425e-04, 0.000e+00, 2.127e+00, 9.984e+02, 2.758e-07
1.325e+00, 5.000e-01, -8.650e-01, 1.170e+05, 0.000e+00, 6.222e-04, 0.000e+00, 2.125e+00, 9.984e+02, 2.671e-07
1.325e+00, 5.000e-01, -8.550e-01, 1.169e+05, 0.000e+00, 5.867e-04, 0.000e+00, 2.124e+00, 9.984e+02, 2.519e-07
1.325e+00, 5.000e-01, -8.450e-01, 1.168e+05, 0.000e+00, 5.869e-04, 0.000e+00, 2.122e+00, 9.984e+02, 2.519e-07
1.325e+00, 5.000e-01, -8.350e-01, 1.167e+05, 0.000e+00, 6.015e-04, 0.000e+00, 2.120e+00, 9.984e+02, 2.582e-07
1.325e+00, 5.000e-01, -8.250e-01, 1.166e+05, 0.000e+00, 6.176e-04, 0.000e+00, 2.118e+00, 9.984e+02, 2.651e-07
1.325e+00, 5.000e-01, -8.150e-01, 1.165e+05, 0.000e+00, 6.300e-04, 0.000e+00, 2.116e+00, 9.984e+02, 2.704e-07
1.325e+00, 5.000e-01, -8.050e-01, 1.164e+05, 0.000e+00, 6.355e-04, 0.000e+00, 2.115e+00, 9.984e+02, 2.728e-07
1.325e+00, 5.000e-01, -7.950e-01, 1.163e+05, 0.000e+00, 6.367e-04, 0.000e+00, 2.113e+00, 9.984e+02, 2.734e-07
1.325e+00, 5.000e-01, -7.850e-01, 1.162e+05, 0.000e+00, 6.385e-04, 0.000e+00, 2.111e+00, 9.984e+02, 2.741e-07
1.325e+00, 5.000e-01, -7.750e-01, 1.161e+05, 0.000e+00, 6.404e-04, 0.000e+00, 2.109e+00, 9.984e+02, 2.749e-07
1.325e+00, 5.000e-01, -7.650e-01, 1.160e+05, 0.000e+00, 6.374e-04, 0.000e+00, 2.107e+00, 9.984e+02, 2.736e-07
1.325e+00, 5.000e-01, -7.550e-01, 1.159e+05, 0.000e+00, 6.259e-04, 0.000e+00, 2.106e+00, 9.984e+02, 2.687e-07
1.325e+00, 5.000e-01, -7.450e-01, 1.158e+05, 0.000e+00, 6.268e-04, 0.000e+00, 2.104e+00, 9.984e+02, 2.691e-07
1.325e+00, 5.000e-01, -7.350e-01, 1.157e+05, 6.757e-07, 7.187e-04, 0.000e+00, 2.102e+00, 9.984e+02, 3.085e-07
1.325e+00, 5.000e-01, -7.250e-01, 1.156e+05, 4.724e-01, 1.895e-03, 0.000e+00, 2.100e+00, 9.986e+02, 8.559e-07
1.325e+00, 5.000e-01, -7.150e-01, 1.156e+05, 8.683e-01, 1.895e-03, 0.000e+00, 2.100e+00, 9.986e+02, 8.972e-07
1.325e+00, 5.000e-01, -7.050e-01, 1.169e+05, 1.449e-06, 5.393e-04, 0.000e+00, 2.124e+00, 9.984e+02, 2.369e-07
1.325e+00, 5.000e-01, -6.950e-01, 1.168e+05, 0.000e+00, 3.840e-04, 0.000e+00, 2.122e+00, 9.983e+02, 1.687e-07
1.325e+00, 5.000e-01, -6.850e-01, 1.167e+05, 0.000e+00, 2.570e-04, 0.000e+00, 2.120e+00, 9.983e+02, 1.129e-07
1.325e+00, 5.000e-01, -6.750e-01, 1.166e+05, 0.000e+00, 1.606e-04, 0.000e+00, 2.119e+00, 9.983e+02, 7.056e-08
1.325e+00, 5.000e-01, -6.650e-01, 1.165e+05, 0.000e+00, 9.361e-05, 0.000e+00, 2.117e+00, 9.983e+02, 4.112e-08
1.325e+00, 5.000e-01, -6.550e-01, 1.164e+05, 0.000e+00, 5.141e-05, 0.000e+00, 2.115e+00, 9.983e+02, 2.258e-08
1.325e+00, 5.000e-01, -6.450e-01, 1.163e+05, 0.000e+00, 2.842e-05, 0.000e+00, 2.113e+00, 9.983e+02, 1.248e-08
1.325e+00, 5.000e-01, -6.350e-01, 1.162e+05, 0.000e+00, 2.029e-05, 0.000e+00, 2.111e+00, 9.983e+02, 8.910e-09
1.325e+00, 5.000e-01, -6.250e-01, 1.161e+05, 0.000e+00, 2.591e-05, 0.000e+00, 2.110e+00, 9.983e+02, 1.138e-08
1.325e+00, 5.000e-01, -6.150e-01, 1.160e+05, 0.000e+00, 4.848e-05, 0.000e+00, 2.108e+00, 9.983e+02, 2.130e-08
1.325e+00, 5.000e-01, -6.050e-01, 1.159e+05, 0.000e+00, 9.522e-05, 0.000e+00, 2.106e+00, 9.983e+02, 4.182e-08
1.325e+00, 5.000e-01, -5.950e-01, 1.158e+05, 0.000e+00, 1.746e-04, 0.000e+00, 2.104e+00, 9.983e+02, 7.668e-08
1.325e+00, 5.000e-01, -5.850e-01, 1.157e+05, 0.000e+00, 2.902e-04, 0.000e+00, 2.102e+00, 9.983e+02, 1.275e-07
1.325e+00, 5.000e-01, -5.750e-01, 1.156e+05, 0.000e+00, 4.328e-04, 0.000e+00, 2.101e+00, 9.983e+02, 1.901e-07
1.325e+00, 5.000e-01, -5.650e-01, 1.155e+05, 0.000e+00, 5.752e-04, 0.000e+00, 2.099e+00, 9.984e+02, 2.537e-07
1.325e+00, 5.000e-01, -5.550e-01, 1.140e+05, 0.000e+00, 6.785e-04, 0.000e+00, 2.070e+00, 9.984e+02, 3.048e-07
1.325e+00, 5.000e-01, -5.450e-01, 1.139e+05, 0.000e+00, 7.044e-04, 0.000e+00, 2.068e+00, 9.984e+02, 3.165e-07
1.325e+00, 5.000e-01, -5.350e-01, 1.137e+05, 0.000e+00, 6.746e-04, 0.000e+00, 2.066e+00, 9.984e+02, 2.933e-07
1.325e+00, 5.000e-01, -5.250e-01, 1.137e+05, 0.000e+00, 6.306e-04, 0.000e+00, 2.064e+00, 9.984e+02, 2.707e-07
1.325e+00, 5.000e-01, -5.150e-01, 1.136e+05, 0.000e+00, 5.970e-04, 0.000e+00, 2.063e+00, 9.984e+02, 2.563e-07
1.325e+00, 5.000e-01, -5.050e-01, 1.135e+05, 0.000e+00, 5.759e-04, 0.000e+00, 2.061e+00, 9.984e+02, 2.472e-07
1.325e+00, 5.000e-01, -4.950e-01, 1.134e+05, 0.000e+00, 5.623e-04, 0.000e+00, 2.059e+00, 9.984e+02, 2.414e-07
1.325e+00, 5.000e-01, -4.850e-01, 1.133e+05, 0.000e+00, 5.512e-04, 0.000e+00, 2.057e+00, 9.984e+02, 2.366e-07
1.325e+00, 5.000e-01, -4.750e-01, 1.132e+05, 0.000e+00, 5.393e-04, 0.000e+00, 2.056e+00, 9.984e+02, 2.315e-07
1.325e+00, 5.000e-01, -4.650e-01, 1.131e+05, 0.000e+00, 5.248e-04, 0.000e+00, 2.054e+00, 9.984e+02, 2.253e-07
1.325e+00, 5.000e-01, -4.550e-01, 1.130e+05, 0.000e+00, 5.073e-04, 0.000e+00, 2.052e+00, 9.984e+02, 2.178e-07
1.325e+00, 5.000e-01, -4.450e-01, 1.129e+05, 0.000e+00, 4.871e-04, 0.000e+00, 2.050e+00, 9.983e+02, 2.091e-07
1.325e+00, 5.000e-01, -4.350e-01, 1.128e+05, 0.000e+00, 4.631e-04, 0.000e+00, 2.048e+00, 9.983e+02, 2.013e-07
1.325e+00, 5.000e-01, -4.250e-01, 1.127e+05, 0.000e+00, 4.366e-04, 0.000e+00, 2.047e+00, 9.983e+02, 1.961e-07
1.325e+00, 5.000e-01, -4.150e-01, 1.126e+05, 0.000e+00, 4.119e-04, 0.000e+00, 2.045e+00, 9.983e+02, 1.850e-07
1.325e+00, 5.000e-01, -4.050e-01, 1.125e+05, 0.000e+00, 3.873e-04, 0.000e+00, 2.043e+00, 9.983e+02, 1.740e-07
1.325e+00, 5.000e-01, -3.950e-01, 1.124e+05, 0.000e+00, 3.623e-04, 0.000e+00, 2.041e+00, 9.983e+02, 1.627e-07
1.325e+00, 5.000e-01, -3.850e-01, 1.123e+05, 0.000e+00, 3.372e-04, 0.000e+00, 2.040e+00, 9.983e+02, 1.515e-07
1.325e+00, 5.000e-01, -3.750e-01, 1.122e+05, 0.000e+00, 3.134e-04, 0.000e+00, 2.038e+00, 9.983e+02, 1.408e-07
1.325e+00, 5.000e-01, -3.650e-01, 1.121e+05, 0.000e+00, 2.911e-04, 0.000e+00, 2.036e+00, 9.983e+02, 1.308e-07
1.325e+00, 5.000e-01, -3.550e-01, 1.120e+05, 0.000e+00, 2.690e-04, 0.000e+00, 2.034e+00, 9.983e+02, 1.208e-07
1.325e+00, 5.000e-01, -3.450e-01, 1.119e+05, 0.000e+00, 2.460e-04, 0.000e+00, 2.033e+00, 9.983e+02, 1.105e-07
1.325e+00, 5.000e-01, -3.350e-01, 1.119e+05, 0.000e+00, 2.247e-04, 0.000e+00, 2.032e+00, 9.983e+02, 9.876e-08
1.325e+00, 5.000e-01, -3.250e-01, 1.118e+05, 0.000e+00, 2.023e-04, 0.000e+00, 2.030e+00, 9.983e+02, 8.884e-08
1.325e+00, 5.000e-01, -3.150e-01, 1.117e+05, 0.000e+00, 1.770e-04, 0.000e+00, 2.029e+00, 9.983e+02, 7.777e-08
1.325e+00, 5.000e-01, -3.050e-01, 1.116e+05, 0.000e+00, 1.410e-04, 0.000e+00, 2.027e+00, 9.983e+02, 6.254e-08
1.325e+00, 5.000e-01, -2.950e-01, 1.114e+05, 0.000e+00, 8.883e-05, 0.000e+00, 2.023e+00, 9.983e+02, 4.073e-08
1.325e+00, 5.000e-01, -2.850e-01, 1.114e+05, 0.000e+00, 7.035e-05, 0.000e+00, 2.023e+00, 9.983e+02, 3.090e-08
1.325e+00, 5.000e-01, -2.750e-01, 1.113e+05, 0.000e+00, 5.575e-05, 0.000e+00, 2.021e+00, 9.983e+02, 2.449e-08
1.325e+00, 5.000e-01, -2.650e-01, 1.112e+05, 0.000e+00, 4.538e-05, 0.000e+00, 2.020e+00, 9.983e+02, 1.993e-08
1.325e+00, 5.000e-01, -2.550e-01, 1.111e+05, 0.000e+00, 3.901e-05, 0.000e+00, 2.018e+00, 9.983e+02, 1.712e-08
1.325e+00, 5.000e-01, -2.450e-01, 1.112e+05, 0.000e+00, 3.717e-05, 0.000e+00, 2.020e+00, 9.983e+02, 1.596e-08
1.325e+00, 5.000e-01, -2.350e-01, 1.111e+05, 0.000e+00, 3.831e-05, 0.000e+00, 2.018e+00, 9.983e+02, 1.645e-08
1.325e+00, 5.000e-01, -2.250e-01, 1.110e+05, 0.000e+00, 4.329e-05, 0.000e+00, 2.016e+00, 9.983e+02, 1.858e-08
1.325e+00, 5.000e-01, -2.150e-01, 1.106e+05, 0.000e+00, 5.690e-05, 0.000e+00, 2.009e+00, 9.983e+02, 2.584e-08
1.325e+00, 5.000e-01, -2.050e-01, 1.108e+05, 0.000e+00, 9.173e-05, 0.000e+00, 2.012e+00, 9.983e+02, 3.949e-08
1.325e+00, 5.000e-01, -1.950e-01, 1.107e+05, 0.000e+00, 1.475e-04, 0.000e+00, 2.011e+00, 9.983e+02, 6.332e-08
1.325e+00, 5.000e-01, -1.850e-01, 1.106e+05, 0.000e+00, 2.149e-04, 0.000e+00, 2.009e+00, 9.983e+02, 9.225e-08
1.325e+00, 5.000e-01, -1.750e-01, 1.105e+05, 0.000e+00, 2.644e-04, 0.000e+00, 2.007e+00, 9.983e+02, 1.141e-07
1.325e+00, 5.000e-01, -1.650e-01, 1.116e+05, 0.000e+00, 2.559e-04, 0.000e+00, 2.027e+00, 9.983e+02, 1.124e-07
1.325e+00, 5.000e-01, -1.550e-01, 1.115e+05, 0.000e+00, 2.022e-04, 0.000e+00, 2.025e+00, 9.983e+02, 8.883e-08
1.325e+00, 5.000e-01, -1.450e-01, 1.114e+05, 0.000e+00, 1.360e-04, 0.000e+00, 2.024e+00, 9.983e+02, 5.976e-08
1.325e+00, 5.000e-01, -1.350e-01, 1.113e+05, 0.000e+00, 8.025e-05, 0.000e+00, 2.022e+00, 9.983e+02, 3.525e-08
1.325e+00, 5.000e-01, -1.250e-01, 1.112e+05, 0.000e+00, 4.247e-05, 0.000e+00, 2.020e+00, 9.983e+02, 1.866e-08
1.325e+00, 5.000e-01, -1.150e-01, 1.111e+05, 0.000e+00, 2.053e-05, 0.000e+00, 2.018e+00, 9.983e+02, 9.017e-09
1.325e+00, 5.000e-01, -1.050e-01, 1.110e+05, 0.000e+00, 9.185e-06, 0.000e+00, 2.017e+00, 9.983e+02, 4.034e-09
1.325e+00, 5.000e-01, -9.500e-02, 1.109e+05, 0.000e+00, 3.841e-06, 0.000e+00, 2.015e+00, 9.983e+02, 1.687e-09
1.325e+00, 5.000e-01, -8.500e-02, 1.108e+05, 0.000e+00, 1.513e-06, 0.000e+00, 2.013e+00, 9.983e+02, 6.644e-10
1.325e+00, 5.000e-01, -7.500e-02, 1.107e+05, 0.000e+00, 5.637e-07, 0.000e+00, 2.011e+00, 9.983e+02, 2.476e-10
1.325e+00, 5.000e-01, -6.500e-02, 1.106e+05, 0.000e+00, 1.995e-07, 0.000e+00, 2.009e+00, 9.983e+02, 8.761e-11
1.325e+00, 5.000e-01, -5.500e-02, 1.105e+05, 0.000e+00, 6.718e-08, 0.000e+00, 2.008e+00, 9.983e+02, 2.951e-11
1.325e+00, 5.000e-01, -4.500e-02, 1.104e+05, 0.000e+00, 2.158e-08, 0.000e+00, 2.006e+00, 9.983e+02, 9.478e-12
1.325e+00, 5.000e-01, -3.500e-02, 1.103e+05, 0.000e+00, 6.620e-09, 0.000e+00, 2.004e+00, 9.983e+02, 2.908e-12
1.325e+00, 5.000e-01, -2.500e-02, 1.102e+05, 0.000e+00, 1.946e-09, 0.000e+00, 2.002e+00, 9.983e+02, 8.546e-13
1.325e+00, 5.000e-01, -1.500e-02, 1.101e+05, 0.000e+00, 5.571e-10, 0.000e+00, 2.000e+00, 9.983e+02, 2.447e-13
1.325e+00, 5.000e-01, -5.000e-03, 1.100e+05, 0.000e+00, 1.790e-10, 0.000e+00, 1.999e+00, 9.983e+02, 7.861e-14
1.335e+00, 5.000e-01, -1.195e+00, 1.202e+05, 0.000e+00, 1.002e-13, 0.000e+00, 2.184e+00, 9.983e+02, 2.000e-17
1.335e+00, 5.000e-01, -1.185e+00, 1.201e+05, 0.000e+00, 1.002e-13, 0.000e+00, 2.182e+00, 9.983e+02, 2.000e-17
1.335e+00, 5.000e-01, -1.175e+00, 1.200e+05, 0.000e+00, 1.002e-13, 0.000e+00, 2.181e+00, 9.983e+02, 2.000e-17
1.335e+00, 5.000e-01, -1.165e+00, 1.199e+05, 0.000e+00, 1.002e-13, 0.000e+00, 2.179e+00, 9.983e+02, 2.000e-17
1.335e+00, 5.000e-01, -1.155e+00, 1.198e+05, 0.000e+00, 1.002e-13, 0.000e+00, 2.177e+00, 9.983e+02, 2.000e-17
1.335e+00, 5.000e-01, -1.145e+00, 1.197e+05, 0.000e+00, 1.002e-13, 0.000e+00, 2.175e+00, 9.983e+02, 2.000e-17
1.335e+00, 5.000e-01, -1.135e+00, 1.196e+05, 0.000e+00, 1.002e-13, 0.000e+00, 2.173e+00, 9.983e+02, 2.000e-17
1.335e+00, 5.000e-01, -1.125e+00, 1.195e+05, 0.000e+00, 1.002e-13, 0.000e+00, 2.172e+00, 9.983e+02, 2.000e-17
1.335e+00, 5.000e-01, -1.115e+00, 1.194e+05, 0.000e+00, 1.002e-13, 0.000e+00, 2.170e+00, 9.983e+02, 2.000e-17
1.335e+00, 5.000e-01, -1.105e+00, 1.193e+05, 0.000e+00, 1.002e-13, 0.000e+00, 2.168e+00, 9.983e+02, 2.000e-17
1.335e+00, 5.000e-01, -1.095e+00, 1.192e+05, 0.000e+00, 1.005e-13, 0.000e+00, 2.166e+00, 9.983e+02, 2.009e-17
1.335e+00, 5.000e-01, -1.085e+00, 1.191e+05, 0.000e+00, 3.883e-09, 0.000e+00, 2.165e+00, 9.983e+02, 1.667e-12
1.335e+00, 5.000e-01, -1.075e+00, 1.190e+05, 0.000e+00, 1.018e-03, 0.000e+00, 2.163e+00, 9.985e+02, 4.370e-07
1.335e+00, 5.000e-01, -1.065e+00, 1.189e+05, 0.000e+00, 9.426e-04, 0.000e+00, 2.161e+00, 9.984e+02, 4.047e-07
1.335e+00, 5.000e-01, -1.055e+00, 1.188e+05, 0.000e+00, 8.228e-04, 0.000e+00, 2.159e+00, 9.984e+02, 3.532e-07
1.335e+00, 5.000e-01, -1.045e+00, 1.187e+05, 0.000e+00, 6.920e-04, 0.000e+00, 2.158e+00, 9.984e+02, 2.971e-07
1.335e+00, 5.000e-01, -1.035e+00, 1.186e+05, 0.000e+00, 6.003e-04, 0.000e+00, 2.156e+00, 9.984e+02, 2.577e-07
1.335e+00, 5.000e-01, -1.025e+00, 1.185e+05, 0.000e+00, 5.789e-04, 0.000e+00, 2.154e+00, 9.984e+02, 2.485e-07
1.335e+00, 5.000e-01, -1.015e+00, 1.185e+05, 0.000e+00, 5.904e-04, 0.000e+00, 2.152e+00, 9.984e+02, 2.534e-07
1.335e+00, 5.000e-01, -1.005e+00, 1.184e+05, 0.000e+00, 6.013e-04, 0.000e+00, 2.150e+00, 9.984e+02, 2.581e-07
1.335e+00, 5.000e-01, -9.950e-01, 1.183e+05, 0.000e+00, 6.043e-04, 0.000e+00, 2.149e+00, 9.984e+02, 2.594e-07
1.335e+00, 5.000e-01, -9.850e-01, 1.182e+05, 0.000e+00, 6.009e-04, 0.000e+00, 2.147e+00, 9.984e+02, 2.580e-07
1.335e+00, 5.000e-01, -9.750e-01, 1.181e+05, 0.000e+00, 5.930e-04, 0.000e+00, 2.145e+00, 9.984e+02, 2.546e-07
1.335e+00, 5.000e-01, -9.650e-01, 1.180e+05, 0.000e+00, 5.822e-04, 0.000e+00, 2.143e+00, 9.984e+02, 2.499e-07
1.335e+00, 5.000e-01, -9.550e-01, 1.179e+05, 0.000e+00, 5.705e-04, 0.000e+00, 2.141e+00, 9.984e+02, 2.449e-07
1.335e+00, 5.000e-01, -9.450e-01, 1.178e+05, 0.000e+00, 5.607e-04, 0.000e+00, 2.140e+00, 9.984e+02, 2.407e-07
1.335e+00, 5.000e-01, -9.350e-01, 1.177e+05, 0.000e+00, 5.561e-04, 0.000e+00, 2.138e+00, 9.984e+02, 2.387e-07
1.335e+00, 5.000e-01, -9.250e-01, 1.176e+05, 0.000e+00, 5.587e-04, 0.000e+00, 2.136e+00, 9.984e+02, 2.398e-07
1.335e+00, 5.000e-01, -9.150e-01, 1.175e+05, 0.000e+00, 5.694e-04, 0.000e+00, 2.134e+00, 9.984e+02, 2.445e-07
1.335e+00, 5.000e-01, -9.050e-01, 1.174e+05, 0.000e+00, 5.876e-04, 0.000e+00, 2.132e+00, 9.984e+02, 2.522e-07
1.335e+00, 5.000e-01, -8.950e-01, 1.173e+05, 0.000e+00, 6.088e-04, 0.000e+00, 2.131e+00, 9.984e+02, 2.614e-07
1.335e+00, 5.000e-01, -8.850e-01, 1.172e+05, 0.000e+00, 6.216e-04, 0.000e+00, 2.129e+00, 9.984e+02, 2.669e-07
1.335e+00, 5.000e-01, -8.750e-01, 1.171e+05, 0.000e+00, 6.163e-04, 0.000e+00, 2.127e+00, 9.984e+02, 2.646e-07
1.335e+00, 5.000e-01, -8.650e-01, 1.170e+05, 0.000e+00, 5.856e-04, 0.000e+00, 2.125e+00, 9.984e+02, 2.514e-07
1.335e+00, 5.000e-01, -8.550e-01, 1.169e+05, 0.000e+00, 5.889e-04, 0.000e+00, 2.124e+00, 9.984e+02, 2.528e-07
1.335e+00, 5.000e-01, -8.450e-01, 1.168e+05, 0.000e+00, 6.254e-04, 0.000e+00, 2.122e+00, 9.984e+02, 2.685e-07
1.335e+00, 5.000e-01, -8.350e-01, 1.167e+05, 0.000e+00, 6.649e-04, 0.000e+00, 2.120e+00, 9.984e+02, 2.854e-07
1.335e+00, 5.000e-01, -8.250e-01, 1.166e+05, 0.000e+00, 6.980e-04, 0.000e+00, 2.118e+00, 9.984e+02, 2.996e-07
1.335e+00, 5.000e-01, -8.150e-01, 1.165e+05, 0.000e+00, 7.138e-04, 0.000e+00, 2.116e+00, 9.984e+02, 3.064e-07
1.335e+00, 5.000e-01, -8.050e-01, 1.164e+05, 0.000e+00, 7.171e-04, 0.000e+00, 2.115e+00, 9.984e+02, 3.079e-07
1.335e+00, 5.000e-01, -7.950e-01, 1.163e+05, 0.000e+00, 7.149e-04, 0.000e+00, 2.113e+00, 9.984e+02, 3.069e-07
1.335e+00, 5.000e-01, -7.850e-01, 1.162e+05, 0.000e+00, 7.098e-04, 0.000e+00, 2.111e+00, 9.984e+02, 3.047e-07
1.335e+00, 5.000e-01, -7.750e-01, 1.161e+05, 0.000e+00, 7.015e-04, 0.000e+00, 2.109e+00, 9.984e+02, 3.012e-07
1.335e+00, 5.000e-01, -7.650e-01, 1.160e+05, 0.000e+00, 6.905e-04, 0.000e+00, 2.107e+00, 9.984e+02, 2.964e-07
1.335e+00, 5.000e-01, -7.550e-01, 1.159e+05, 0.000e+00, 6.866e-04, 0.000e+00, 2.106e+00, 9.984e+02, 2.948e-07
1.335e+00, 5.000e-01, -7.450e-01, 1.158e+05, 0.000e+00, 7.002e-04, 0.000e+00, 2.104e+00, 9.984e+02, 3.006e-07
1.335e+00, 5.000e-01, -7.350e-01, 1.157e+05, 6.757e-07, 7.582e-04, 0.000e+00, 2.102e+00, 9.984e+02, 3.255e-07
1.335e+00, 5.000e-01, -7.250e-01, 1.156e+05, 4.723e-01, 1.895e-03, 0.000e+00, 2.100e+00, 9.986e+02, 8.559e-07
1.335e+00, 5.000e-01, -7.150e-01, 1.156e+05, 8.683e-01, 1.895e-03, 0.000e+00, 2.100e+00, 9.986e+02, 8.960e-07
1.335e+00, 5.000e-01, -7.050e-01, 1.169e+05, 1.449e-06, 5.437e-04, 0.000e+00, 2.124e+00, 9.984e+02, 2.388e-07
1.335e+00, 5.000e-01, -6.950e-01, 1.168e+05, 0.000e+00, 3.898e-04, 0.000e+00, 2.122e+00, 9.983e+02, 1.712e-07
1.335e+00, 5.000e-01, -6.850e-01, 1.167e+05, 0.000e+00, 2.623e-04, 0.000e+00, 2.120e+00, 9.983e+02, 1.152e-07
1.335e+00, 5.000e-01, -6.750e-01, 1.166e+05, 0.000e+00, 1.645e-04, 0.000e+00, 2.119e+00, 9.983e+02, 7.225e-08
1.335e+00, 5.000e-01, -6.650e-01, 1.165e+05, 0.000e+00, 9.590e-05, 0.000e+00, 2.117e+00, 9.983e+02, 4.212e-08
1.335e+00, 5.000e-01, -6.550e-01, 1.164e+05, 0.000e+00, 5.259e-05, 0.000e+00, 2.115e+00, 9.983e+02, 2.310e-08
1.335e+00, 5.000e-01, -6.450e-01, 1.163e+05, 0.000e+00, 2.898e-05, 0.000e+00, 2.113e+00, 9.983e+02, 1.273e-08
1.335e+00, 5.000e-01, -6.350e-01, 1.162e+05, 0.000e+00, 2.061e-05, 0.000e+00, 2.111e+00, 9.983e+02, 9.052e-09
1.335e+00, 5.000e-01, -6.250e-01, 1.161e+05, 0.000e+00, 2.631e-05, 0.000e+00, 2.110e+00, 9.983e+02, 1.156e-08
1.335e+00, 5.000e-01, -6.150e-01, 1.160e+05, 0.000e+00, 4.926e-05, 0.000e+00, 2.108e+00, 9.983e+02, 2.164e-08
1.335e+00, 5.000e-01, -6.050e-01, 1.159e+05, 0.000e+00, 9.668e-05, 0.000e+00, 2.106e+00, 9.983e+02, 4.247e-08
1.335e+00, 5.000e-01, -5.950e-01, 1.158e+05, 0.000e+00, 1.770e-04, 0.000e+00, 2.104e+00, 9.983e+02, 7.773e-08
1.335e+00, 5.000e-01, -5.850e-01, 1.157e+05, 0.000e+00, 2.936e-04, 0.000e+00, 2.102e+00, 9.983e+02, 1.289e-07
1.335e+00, 5.000e-01, -5.750e-01, 1.156e+05, 0.000e+00, 4.368e-04, 0.000e+00, 2.101e+00, 9.983e+02, 1.919e-07
1.335e+00, 5.000e-01, -5.650e-01, 1.155e+05, 0.000e+00, 5.793e-04, 0.000e+00, 2.099e+00, 9.984e+02, 2.555e-07
1.335e+00, 5.000e-01, -5.550e-01, 1.140e+05, 0.000e+00, 6.818e-04, 0.000e+00, 2.070e+00, 9.984e+02, 3.063e-07
1.335e+00, 5.000e-01, -5.450e-01, 1.139e+05, 0.000e+00, 7.072e-04, 0.000e+00, 2.068e+00, 9.984e+02, 3.177e-07
1.335e+00, 5.000e-01, -5.350e-01, 1.137e+05, 0.000e+00, 6.764e-04, 0.000e+00, 2.066e+00, 9.984e+02, 2.946e-07
1.335e+00, 5.000e-01, -5.250e-01, 1.137e+05, 0.000e+00, 6.318e-04, 0.000e+00, 2.064e+00, 9.984e+02, 2.712e-07
1.335e+00, 5.000e-01, -5.150e-01, 1.136e+05, 0.000e+00, 5.986e-04, 0.000e+00, 2.063e+00, 9.984e+02, 2.570e-07
1.335e+00, 5.000e-01, -5.050e-01, 1.135e+05, 0.000e+00, 5.784e-04, 0.000e+00, 2.061e+00, 9.984e+02, 2.483e-07
1.335e+00, 5.000e-01, -4.950e-01, 1.134e+05, 0.000e+00, 5.660e-04, 0.000e+00, 2.059e+00, 9.984e+02, 2.430e-07
1.335e+00, 5.000e-01, -4.850e-01, 1.133e+05, 0.000e+00, 5.569e-04, 0.000e+00, 2.057e+00, 9.984e+02, 2.391e-07
1.335e+00, 5.000e-01, -4.750e-01, 1.132e+05, 0.000e+00, 5.471e-04, 0.000e+00, 2.056e+00, 9.984e+02, 2.349e-07
1.335e+00, 5.000e-01, -4.650e-01, 1.131e+05, 0.000e+00, 5.352e-04, 0.000e+00, 2.054e+00, 9.984e+02, 2.298e-07
1.335e+00, 5.000e-01, -4.550e-01, 1.130e+05, 0.000e+00, 5.191e-04, 0.000e+00, 2.052e+00, 9.984e+02, 2.229e-07
1.335e+00, 5.000e-01, -4.450e-01, 1.129e+05, 0.000e+00, 4.988e-04, 0.000e+00, 2.050e+00, 9.984e+02, 2.141e-07
1.335e+00, 5.000e-01, -4.350e-01, 1.128e+05, 0.000e+00, 4.740e-04, 0.000e+00, 2.048e+00, 9.983e+02, 2.054e-07
1.335e+00, 5.000e-01, -4.250e-01, 1.127e+05, 0.000e+00, 4.453e-04, 0.000e+00, 2.047e+00, 9.983e+02, 2.001e-07
1.335e+00, 5.000e-01, -4.150e-01, 1.126e+05, 0.000e+00, 4.204e-04, 0.000e+00, 2.045e+00, 9.983e+02, 1.889e-07
1.335e+00, 5.000e-01, -4.050e-01, 1.125e+05, 0.000e+00, 3.965e-04, 0.000e+00, 2.043e+00, 9.983e+02, 1.781e-07
1.335e+00, 5.000e-01, -3.950e-01, 1.124e+05, 0.000e+00, 3.719e-04, 0.000e+00, 2.041e+00, 9.983e+02, 1.671e-07
1.335e+00, 5.000e-01, -3.850e-01, 1.123e+05, 0.000e+00, 3.464e-04, 0.000e+00, 2.040e+00, 9.983e+02, 1.556e-07
1.335e+00, 5.000e-01, -3.750e-01, 1.122e+05, 0.000e+00, 3.210e-04, 0.000e+00, 2.038e+00, 9.983e+02, 1.442e-07
1.335e+00, 5.000e-01, -3.650e-01, 1.121e+05, 0.000e+00, 2.973e-04, 0.000e+00, 2.036e+00, 9.983e+02, 1.336e-07
1.335e+00, 5.000e-01, -3.550e-01, 1.120e+05, 0.000e+00, 2.751e-04, 0.000e+00, 2.034e+00, 9.983e+02, 1.236e-07
1.335e+00, 5.000e-01, -3.450e-01, 1.119e+05, 0.000e+00, 2.536e-04, 0.000e+00, 2.033e+00, 9.983e+02, 1.139e-07
1.335e+00, 5.000e-01, -3.350e-01, 1.119e+05, 0.000e+00, 2.347e-04, 0.000e+00, 2.032e+00, 9.983e+02, 1.033e-07
1.335e+00, 5.000e-01, -3.250e-01, 1.118e+05, 0.000e+00, 2.154e-04, 0.000e+00, 2.030e+00, 9.983e+02, 9.461e-08
1.335e+00, 5.000e-01, -3.150e-01, 1.117e+05, 0.000e+00, 1.924e-04, 0.000e+00, 2.029e+00, 9.983e+02, 8.452e-08
1.335e+00, 5.000e-01, -3.050e-01, 1.116e+05, 0.000e+00, 1.562e-04, 0.000e+00, 2.027e+00, 9.983e+02, 6.914e-08
1.335e+00, 5.000e-01, -2.950e-01, 1.114e+05, 0.000e+00, 9.673e-05, 0.000e+00, 2.023e+00, 9.983e+02, 4.442e-08
1.335e+00, 5.000e-01, -2.850e-01, 1.114e+05, 0.000e+00, 7.896e-05, 0.000e+00, 2.023e+00, 9.983e+02, 3.470e-08
1.335e+00, 5.000e-01, -2.750e-01, 1.113e+05, 0.000e+00, 6.477e-05, 0.000e+00, 2.021e+00, 9.983e+02, 2.845e-08
1.335e+00, 5.000e-01, -2.650e-01, 1.112e+05, 0.000e+00, 5.463e-05, 0.000e+00, 2.020e+00, 9.983e+02, 2.399e-08
1.335e+00, 5.000e-01, -2.550e-01, 1.111e+05, 0.000e+00, 4.849e-05, 0.000e+00, 2.018e+00, 9.983e+02, 2.129e-08
1.335e+00, 5.000e-01, -2.450e-01, 1.112e+05, 0.000e+00, 4.861e-05, 0.000e+00, 2.020e+00, 9.983e+02, 2.086e-08
1.335e+00, 5.000e-01, -2.350e-01, 1.111e+05, 0.000e+00, 5.164e-05, 0.000e+00, 2.018e+00, 9.983e+02, 2.217e-08
1.335e+00, 5.000e-01, -2.250e-01, 1.110e+05, 0.000e+00, 5.632e-05, 0.000e+00, 2.016e+00, 9.983e+02, 2.418e-08
1.335e+00, 5.000e-01, -2.150e-01, 1.106e+05, 0.000e+00, 5.983e-05, 0.000e+00, 2.009e+00, 9.983e+02, 2.712e-08
1.335e+00, 5.000e-01, -2.050e-01, 1.108e+05, 0.000e+00, 9.405e-05, 0.000e+00, 2.012e+00, 9.983e+02, 4.063e-08
1.335e+00, 5.000e-01, -1.950e-01, 1.107e+05, 0.000e+00, 1.533e-04, 0.000e+00, 2.011e+00, 9.983e+02, 6.580e-08
1.335e+00, 5.000e-01, -1.850e-01, 1.106e+05, 0.000e+00, 2.225e-04, 0.000e+00, 2.009e+00, 9.983e+02, 9.553e-08
1.335e+00, 5.000e-01, -1.750e-01, 1.105e+05, 0.000e+00, 2.705e-04, 0.000e+00, 2.007e+00, 9.983e+02, 1.167e-07
1.335e+00, 5.000e-01, -1.650e-01, 1.116e+05, 0.000e+00, 2.587e-04, 0.000e+00, 2.027e+00, 9.983e+02, 1.136e-07
1.335e+00, 5.000e-01, -1.550e-01, 1.115e+05, 0.000e+00, 2.022e-04, 0.000e+00, 2.025e+00, 9.983e+02, 8.881e-08
1.335e+00, 5.000e-01, -1.450e-01, 1.114e+05, 0.000e+00, 1.348e-04, 0.000e+00, 2.024e+00, 9.983e+02, 5.921e-08
1.335e+00, 5.000e-01, -1.350e-01, 1.113e+05, 0.000e+00, 7.901e-05, 0.000e+00, 2.022e+00, 9.983e+02, 3.471e-08
1.335e+00, 5.000e-01, -1.250e-01, 1.112e+05, 0.000e+00, 4.166e-05, 0.000e+00, 2.020e+00, 9.983e+02, 1.830e-08
1.335e+00, 5.000e-01, -1.150e-01, 1.111e+05, 0.000e+00, 2.010e-05, 0.000e+00, 2.018e+00, 9.983e+02, 8.831e-09
1.335e+00, 5.000e-01, -1.050e-01, 1.110e+05, 0.000e+00, 8.996e-06, 0.000e+00, 2.017e+00, 9.983e+02, 3.951e-09
1.335e+00, 5.000e-01, -9.500e-02, 1.109e+05, 0.000e+00, 3.768e-06, 0.000e+00, 2.015e+00, 9.983e+02, 1.655e-09
1.335e+00, 5.000e-01, -8.500e-02, 1.108e+05, 0.000e+00, 1.487e-06, 0.000e+00, 2.013e+00, 9.983e+02, 6.533e-10
1.335e+00, 5.000e-01, -7.500e-02, 1.107e+05, 0.000e+00, 5.560e-07, 0.000e+00, 2.011e+00, 9.983e+02, 2.442e-10
1.335e+00, 5.000e-01, -6.500e-02, 1.106e+05, 0.000e+00, 1.974e-07, 0.000e+00, 2.009e+00, 9.983e+02, 8.672e-11
1.335e+00, 5.000e-01, -5.500e-02, 1.105e+05, 0.000e+00, 6.676e-08, 0.000e+00, 2.008e+00, 9.983e+02, 2.932e-11
1.335e+00, 5.000e-01, -4.500e-02, 1.104e+05, 0.000e+00, 2.153e-08, 0.000e+00, 2.006e+00, 9.983e+02, 9.456e-12
1.335e+00, 5.000e-01, -3.500e-02, 1.103e+05, 0.000e+00, 6.633e-09, 0.000e+00, 2.004e+00, 9.983e+02, 2.913e-12
1.335e+00, 5.000e-01, -2.500e-02, 1.102e+05, 0.000e+00, 1.958e-09, 0.000e+00, 2.002e+00, 9.983e+02, 8.600e-13
1.335e+00, 5.000e-01, -1.500e-02, 1.101e+05, 0.000e+00, 5.634e-10, 0.000e+00, 2.000e+00, 9.983e+02, 2.475e-13
1.335e+00, 5.000e-01, -5.000e-03, 1.100e+05, 0.000e+00, 1.818e-10, 0.000e+00, 1.999e+00, 9.983e+02, 7.984e-14
1.345e+00, 5.000e-01, -1.195e+00, 1.202e+05, 0.000e+00, 1.002e-13, 0.000e+00, 2.184e+00, 9.983e+02, 2.000e-17
1.345e+00, 5.000e-01, -1.185e+00, 1.201e+05, 0.000e+00, 1.002e-13, 0.000e+00, 2.182e+00, 9.983e+02, 2.000e-17
1.345e+00, 5.000e-01, -1.175e+00, 1.200e+05, 0.000e+00, 1.002e-13, 0.000e+00, 2.181e+00, 9.983e+02, 2.000e-17
1.345e+00, 5.000e-01, -1.165e+00, 1.199e+05, 0.000e+00, 1.002e-13, 0.000e+00, 2.179e+00, 9.983e+02, 2.000e-17
1.345e+00, 5.000e-01, -1.155e+00, 1.198e+05, 0.000e+00, 1.002e-13, 0.000e+00, 2.177e+00, 9.983e+02, 2.000e-17
1.345e+00, 5.000e-01, -1.145e+00, 1.197e+05, 0.000e+00, 1.002e-13, 0.000e+00, 2.175e+00, 9.983e+02, 2.000e-17
1.345e+00, 5.000e-01, -1.135e+00, 1.196e+05, 0.000e+00, 1.002e-13, 0.000e+00, 2.173e+00, 9.983e+02, 2.000e-17
1.345e+00, 5.000e-01, -1.125e+00, 1.195e+05, 0.000e+00, 1.002e-13, 0.000e+00, 2.172e+00, 9.983e+02, 2.000e-17
1.345e+00, 5.000e-01, -1.115e+00, 1.194e+05, 0.000e+00, 1.002e-13, 0.000e+00, 2.170e+00, 9.983e+02, 2.000e-17
1.345e+00, 5.000e-01, -1.105e+00, 1.193e+05, 0.000e+00, 1.002e-13, 0.000e+00, 2.168e+00, 9.983e+02, 2.000e-17
1.345e+00, 5.000e-01, -1.095e+00, 1.192e+05, 0.000e+00, 1.002e-13, 0.000e+00, 2.166e+00, 9.983e+02, 2.000e-17
1.345e+00, 5.000e-01, -1.085e+00, 1.191e+05, 0.000e+00, 3.881e-09, 0.000e+00, 2.165e+00, 9.983e+02, 1.666e-12
1.345e+00, 5.000e-01, -1.075e+00, 1.190e+05, 0.000e+00, 1.016e-03, 0.000e+00, 2.163e+00, 9.984e+02, 4.363e-07
1.345e+00, 5.000e-01, -1.065e+00, 1.189e+05, 0.000e+00, 9.450e-04, 0.000e+00, 2.161e+00, 9.984e+02, 4.057e-07
1.345e+00, 5.000e-01, -1.055e+00, 1.188e+05, 0.000e+00, 8.283e-04, 0.000e+00, 2.159e+00, 9.984e+02, 3.556e-07
1.345e+00, 5.000e-01, -1.045e+00, 1.187e+05, 0.000e+00, 6.987e-04, 0.000e+00, 2.158e+00, 9.984e+02, 3.000e-07
1.345e+00, 5.000e-01, -1.035e+00, 1.186e+05, 0.000e+00, 6.018e-04, 0.000e+00, 2.156e+00, 9.984e+02, 2.584e-07
1.345e+00, 5.000e-01, -1.025e+00, 1.185e+05, 0.000e+00, 5.714e-04, 0.000e+00, 2.154e+00, 9.984e+02, 2.453e-07
1.345e+00, 5.000e-01, -1.015e+00, 1.185e+05, 0.000e+00, 5.787e-04, 0.000e+00, 2.152e+00, 9.984e+02, 2.484e-07
1.345e+00, 5.000e-01, -1.005e+00, 1.184e+05, 0.000e+00, 5.895e-04, 0.000e+00, 2.150e+00, 9.984e+02, 2.531e-07
1.345e+00, 5.000e-01, -9.950e-01, 1.183e+05, 0.000e+00, 5.947e-04, 0.000e+00, 2.149e+00, 9.984e+02, 2.553e-07
1.345e+00, 5.000e-01, -9.850e-01, 1.182e+05, 0.000e+00, 5.949e-04, 0.000e+00, 2.147e+00, 9.984e+02, 2.554e-07
1.345e+00, 5.000e-01, -9.750e-01, 1.181e+05, 0.000e+00, 5.921e-04, 0.000e+00, 2.145e+00, 9.984e+02, 2.542e-07
1.345e+00, 5.000e-01, -9.650e-01, 1.180e+05, 0.000e+00, 5.875e-04, 0.000e+00, 2.143e+00, 9.984e+02, 2.522e-07
1.345e+00, 5.000e-01, -9.550e-01, 1.179e+05, 0.000e+00, 5.818e-04, 0.000e+00, 2.141e+00, 9.984e+02, 2.498e-07
1.345e+00, 5.000e-01, -9.450e-01, 1.178e+05, 0.000e+00, 5.762e-04, 0.000e+00, 2.140e+00, 9.984e+02, 2.474e-07
1.345e+00, 5.000e-01, -9.350e-01, 1.177e+05, 0.000e+00, 5.726e-04, 0.000e+00, 2.138e+00, 9.984e+02, 2.458e-07
1.345e+00, 5.000e-01, -9.250e-01, 1.176e+05, 0.000e+00, 5.733e-04, 0.000e+00, 2.136e+00, 9.984e+02, 2.461e-07
1.345e+00, 5.000e-01, -9.150e-01, 1.175e+05, 0.000e+00, 5.795e-04, 0.000e+00, 2.134e+00, 9.984e+02, 2.488e-07
1.345e+00, 5.000e-01, -9.050e-01, 1.174e+05, 0.000e+00, 5.900e-04, 0.000e+00, 2.132e+00, 9.984e+02, 2.533e-07
1.345e+00, 5.000e-01, -8.950e-01, 1.173e+05, 0.000e+00, 6.001e-04, 0.000e+00, 2.131e+00, 9.984e+02, 2.576e-07
1.345e+00, 5.000e-01, -8.850e-01, 1.172e+05, 0.000e+00, 6.003e-04, 0.000e+00, 2.129e+00, 9.984e+02, 2.577e-07
1.345e+00, 5.000e-01, -8.750e-01, 1.171e+05, 0.000e+00, 5.845e-04, 0.000e+00, 2.127e+00, 9.984e+02, 2.509e-07
1.345e+00, 5.000e-01, -8.650e-01, 1.170e+05, 0.000e+00, 5.909e-04, 0.000e+00, 2.125e+00, 9.984e+02, 2.537e-07
1.345e+00, 5.000e-01, -8.550e-01, 1.169e+05, 0.000e+00, 6.684e-04, 0.000e+00, 2.124e+00, 9.984e+02, 2.869e-07
1.345e+00, 5.000e-01, -8.450e-01, 1.168e+05, 0.000e+00, 7.462e-04, 0.000e+00, 2.122e+00, 9.984e+02, 3.204e-07
1.345e+00, 5.000e-01, -8.350e-01, 1.167e+05, 0.000e+00, 7.758e-04, 0.000e+00, 2.120e+00, 9.984e+02, 3.330e-07
1.345e+00, 5.000e-01, -8.250e-01, 1.166e+05, 0.000e+00, 7.779e-04, 0.000e+00, 2.118e+00, 9.984e+02, 3.340e-07
1.345e+00, 5.000e-01, -8.150e-01, 1.165e+05, 0.000e+00, 7.713e-04, 0.000e+00, 2.116e+00, 9.984e+02, 3.311e-07
1.345e+00, 5.000e-01, -8.050e-01, 1.164e+05, 0.000e+00, 7.585e-04, 0.000e+00, 2.115e+00, 9.984e+02, 3.256e-07
1.345e+00, 5.000e-01, -7.950e-01, 1.163e+05, 0.000e+00, 7.403e-04, 0.000e+00, 2.113e+00, 9.984e+02, 3.178e-07
1.345e+00, 5.000e-01, -7.850e-01, 1.162e+05, 0.000e+00, 7.177e-04, 0.000e+00, 2.111e+00, 9.984e+02, 3.081e-07
1.345e+00, 5.000e-01, -7.750e-01, 1.161e+05, 0.000e+00, 6.919e-04, 0.000e+00, 2.109e+00, 9.984e+02, 2.970e-07
1.345e+00, 5.000e-01, -7.650e-01, 1.160e+05, 0.000e+00, 6.657e-04, 0.000e+00, 2.107e+00, 9.984e+02, 2.858e-07
1.345e+00, 5.000e-01, -7.550e-01, 1.159e+05, 0.000e+00, 6.429e-04, 0.000e+00, 2.106e+00, 9.984e+02, 2.760e-07
1.345e+00, 5.000e-01, -7.450e-01, 1.158e+05, 0.000e+00, 6.318e-04, 0.000e+00, 2.104e+00, 9.984e+02, 2.712e-07
1.345e+00, 5.000e-01, -7.350e-01, 1.157e+05, 6.755e-07, 6.811e-04, 0.000e+00, 2.102e+00, 9.984e+02, 2.924e-07
1.345e+00, 5.000e-01, -7.250e-01, 1.156e+05, 4.722e-01, 1.895e-03, 0.000e+00, 2.100e+00, 9.986e+02, 8.559e-07
1.345e+00, 5.000e-01, -7.150e-01, 1.156e+05, 8.683e-01, 1.895e-03, 0.000e+00, 2.100e+00, 9.986e+02, 8.949e-07
1.345e+00, 5.000e-01, -7.050e-01, 1.169e+05, 1.449e-06, 5.506e-04, 0.000e+00, 2.124e+00, 9.984e+02, 2.419e-07
1.345e+00, 5.000e-01, -6.950e-01, 1.168e+05, 0.000e+00, 3.978e-04, 0.000e+00, 2.122e+00, 9.983e+02, 1.747e-07
1.345e+00, 5.000e-01, -6.850e-01, 1.167e+05, 0.000e+00, 2.696e-04, 0.000e+00, 2.120e+00, 9.983e+02, 1.184e-07
1.345e+00, 5.000e-01, -6.750e-01, 1.166e+05, 0.000e+00, 1.699e-04, 0.000e+00, 2.119e+00, 9.983e+02, 7.461e-08
1.345e+00, 5.000e-01, -6.650e-01, 1.165e+05, 0.000e+00, 9.934e-05, 0.000e+00, 2.117e+00, 9.983e+02, 4.364e-08
1.345e+00, 5.000e-01, -6.550e-01, 1.164e+05, 0.000e+00, 5.455e-05, 0.000e+00, 2.115e+00, 9.983e+02, 2.396e-08
1.345e+00, 5.000e-01, -6.450e-01, 1.163e+05, 0.000e+00, 3.002e-05, 0.000e+00, 2.113e+00, 9.983e+02, 1.319e-08
1.345e+00, 5.000e-01, -6.350e-01, 1.162e+05, 0.000e+00, 2.124e-05, 0.000e+00, 2.111e+00, 9.983e+02, 9.330e-09
1.345e+00, 5.000e-01, -6.250e-01, 1.161e+05, 0.000e+00, 2.694e-05, 0.000e+00, 2.110e+00, 9.983e+02, 1.183e-08
1.345e+00, 5.000e-01, -6.150e-01, 1.160e+05, 0.000e+00, 5.025e-05, 0.000e+00, 2.108e+00, 9.983e+02, 2.207e-08
1.345e+00, 5.000e-01, -6.050e-01, 1.159e+05, 0.000e+00, 9.836e-05, 0.000e+00, 2.106e+00, 9.983e+02, 4.321e-08
1.345e+00, 5.000e-01, -5.950e-01, 1.158e+05, 0.000e+00, 1.796e-04, 0.000e+00, 2.104e+00, 9.983e+02, 7.888e-08
1.345e+00, 5.000e-01, -5.850e-01, 1.157e+05, 0.000e+00, 2.971e-04, 0.000e+00, 2.102e+00, 9.983e+02, 1.305e-07
1.345e+00, 5.000e-01, -5.750e-01, 1.156e+05, 0.000e+00, 4.409e-04, 0.000e+00, 2.101e+00, 9.983e+02, 1.937e-07
1.345e+00, 5.000e-01, -5.650e-01, 1.155e+05, 0.000e+00, 5.832e-04, 0.000e+00, 2.099e+00, 9.984e+02, 2.572e-07
1.345e+00, 5.000e-01, -5.550e-01, 1.140e+05, 0.000e+00, 6.849e-04, 0.000e+00, 2.070e+00, 9.984e+02, 3.077e-07
1.345e+00, 5.000e-01, -5.450e-01, 1.139e+05, 0.000e+00, 7.099e-04, 0.000e+00, 2.068e+00, 9.984e+02, 3.189e-07
1.345e+00, 5.000e-01, -5.350e-01, 1.137e+05, 0.000e+00, 6.784e-04, 0.000e+00, 2.066e+00, 9.984e+02, 2.961e-07
1.345e+00, 5.000e-01, -5.250e-01, 1.137e+05, 0.000e+00, 6.331e-04, 0.000e+00, 2.064e+00, 9.984e+02, 2.718e-07
1.345e+00, 5.000e-01, -5.150e-01, 1.136e+05, 0.000e+00, 6.003e-04, 0.000e+00, 2.063e+00, 9.984e+02, 2.577e-07
1.345e+00, 5.000e-01, -5.050e-01, 1.135e+05, 0.000e+00, 5.808e-04, 0.000e+00, 2.061e+00, 9.984e+02, 2.494e-07
1.345e+00, 5.000e-01, -4.950e-01, 1.134e+05, 0.000e+00, 5.699e-04, 0.000e+00, 2.059e+00, 9.984e+02, 2.447e-07
1.345e+00, 5.000e-01, -4.850e-01, 1.133e+05, 0.000e+00, 5.627e-04, 0.000e+00, 2.057e+00, 9.984e+02, 2.416e-07
1.345e+00, 5.000e-01, -4.750e-01, 1.132e+05, 0.000e+00, 5.550e-04, 0.000e+00, 2.056e+00, 9.984e+02, 2.383e-07
1.345e+00, 5.000e-01, -4.650e-01, 1.131e+05, 0.000e+00, 5.452e-04, 0.000e+00, 2.054e+00, 9.984e+02, 2.341e-07
1.345e+00, 5.000e-01, -4.550e-01, 1.130e+05, 0.000e+00, 5.313e-04, 0.000e+00, 2.052e+00, 9.984e+02, 2.281e-07
1.345e+00, 5.000e-01, -4.450e-01, 1.129e+05, 0.000e+00, 5.115e-04, 0.000e+00, 2.050e+00, 9.984e+02, 2.196e-07
1.345e+00, 5.000e-01, -4.350e-01, 1.128e+05, 0.000e+00, 4.861e-04, 0.000e+00, 2.048e+00, 9.983e+02, 2.101e-07
1.345e+00, 5.000e-01, -4.250e-01, 1.127e+05, 0.000e+00, 4.548e-04, 0.000e+00, 2.047e+00, 9.983e+02, 2.043e-07
1.345e+00, 5.000e-01, -4.150e-01, 1.126e+05, 0.000e+00, 4.292e-04, 0.000e+00, 2.045e+00, 9.983e+02, 1.928e-07
1.345e+00, 5.000e-01, -4.050e-01, 1.125e+05, 0.000e+00, 4.059e-04, 0.000e+00, 2.043e+00, 9.983e+02, 1.823e-07
1.345e+00, 5.000e-01, -3.950e-01, 1.124e+05, 0.000e+00, 3.822e-04, 0.000e+00, 2.041e+00, 9.983e+02, 1.717e-07
1.345e+00, 5.000e-01, -3.850e-01, 1.123e+05, 0.000e+00, 3.570e-04, 0.000e+00, 2.040e+00, 9.983e+02, 1.604e-07
1.345e+00, 5.000e-01, -3.750e-01, 1.122e+05, 0.000e+00, 3.306e-04, 0.000e+00, 2.038e+00, 9.983e+02, 1.485e-07
1.345e+00, 5.000e-01, -3.650e-01, 1.121e+05, 0.000e+00, 3.050e-04, 0.000e+00, 2.036e+00, 9.983e+02, 1.370e-07
1.345e+00, 5.000e-01, -3.550e-01, 1.120e+05, 0.000e+00, 2.813e-04, 0.000e+00, 2.034e+00, 9.983e+02, 1.264e-07
1.345e+00, 5.000e-01, -3.450e-01, 1.119e+05, 0.000e+00, 2.598e-04, 0.000e+00, 2.033e+00, 9.983e+02, 1.167e-07
1.345e+00, 5.000e-01, -3.350e-01, 1.119e+05, 0.000e+00, 2.416e-04, 0.000e+00, 2.032e+00, 9.983e+02, 1.067e-07
1.345e+00, 5.000e-01, -3.250e-01, 1.118e+05, 0.000e+00, 2.240e-04, 0.000e+00, 2.030e+00, 9.983e+02, 9.841e-08
1.345e+00, 5.000e-01, -3.150e-01, 1.117e+05, 0.000e+00, 2.033e-04, 0.000e+00, 2.029e+00, 9.983e+02, 8.931e-08
1.345e+00, 5.000e-01, -3.050e-01, 1.116e+05, 0.000e+00, 1.687e-04, 0.000e+00, 2.027e+00, 9.983e+02, 7.455e-08
1.345e+00, 5.000e-01, -2.950e-01, 1.114e+05, 0.000e+00, 1.047e-04, 0.000e+00, 2.023e+00, 9.983e+02, 4.809e-08
1.345e+00, 5.000e-01, -2.850e-01, 1.114e+05, 0.000e+00, 8.821e-05, 0.000e+00, 2.023e+00, 9.983e+02, 3.884e-08
1.345e+00, 5.000e-01, -2.750e-01, 1.113e+05, 0.000e+00, 7.556e-05, 0.000e+00, 2.021e+00, 9.983e+02, 3.319e-08
1.345e+00, 5.000e-01, -2.650e-01, 1.112e+05, 0.000e+00, 6.692e-05, 0.000e+00, 2.020e+00, 9.983e+02, 2.939e-08
1.345e+00, 5.000e-01, -2.550e-01, 1.111e+05, 0.000e+00, 6.233e-05, 0.000e+00, 2.018e+00, 9.983e+02, 2.738e-08
1.345e+00, 5.000e-01, -2.450e-01, 1.112e+05, 0.000e+00, 6.630e-05, 0.000e+00, 2.020e+00, 9.983e+02, 2.847e-08
1.345e+00, 5.000e-01, -2.350e-01, 1.111e+05, 0.000e+00, 7.278e-05, 0.000e+00, 2.018e+00, 9.983e+02, 3.124e-08
1.345e+00, 5.000e-01, -2.250e-01, 1.110e+05, 0.000e+00, 7.697e-05, 0.000e+00, 2.016e+00, 9.983e+02, 3.304e-08
1.345e+00, 5.000e-01, -2.150e-01, 1.106e+05, 0.000e+00, 6.664e-05, 0.000e+00, 2.009e+00, 9.983e+02, 3.016e-08
1.345e+00, 5.000e-01, -2.050e-01, 1.108e+05, 0.000e+00, 1.005e-04, 0.000e+00, 2.012e+00, 9.983e+02, 4.356e-08
1.345e+00, 5.000e-01, -1.950e-01, 1.107e+05, 0.000e+00, 1.632e-04, 0.000e+00, 2.011e+00, 9.983e+02, 7.005e-08
1.345e+00, 5.000e-01, -1.850e-01, 1.106e+05, 0.000e+00, 2.332e-04, 0.000e+00, 2.009e+00, 9.983e+02, 1.001e-07
1.345e+00, 5.000e-01, -1.750e-01, 1.105e+05, 0.000e+00, 2.783e-04, 0.000e+00, 2.007e+00, 9.983e+02, 1.200e-07
1.345e+00, 5.000e-01, -1.650e-01, 1.116e+05, 0.000e+00, 2.625e-04, 0.000e+00, 2.027e+00, 9.983e+02, 1.153e-07
1.345e+00, 5.000e-01, -1.550e-01, 1.115e+05, 0.000e+00, 2.026e-04, 0.000e+00, 2.025e+00, 9.983e+02, 8.901e-08
1.345e+00, 5.000e-01, -1.450e-01, 1.114e+05, 0.000e+00, 1.338e-04, 0.000e+00, 2.024e+00, 9.983e+02, 5.877e-08
1.345e+00, 5.000e-01, -1.350e-01, 1.113e+05, 0.000e+00, 7.792e-05, 0.000e+00, 2.022e+00, 9.983e+02, 3.423e-08
1.345e+00, 5.000e-01, -1.250e-01, 1.112e+05, 0.000e+00, 4.095e-05, 0.000e+00, 2.020e+00, 9.983e+02, 1.799e-08
1.345e+00, 5.000e-01, -1.150e-01, 1.111e+05, 0.000e+00, 1.974e-05, 0.000e+00, 2.018e+00, 9.983e+02, 8.672e-09
1.345e+00, 5.000e-01, -1.050e-01, 1.110e+05, 0.000e+00, 8.843e-06, 0.000e+00, 2.017e+00, 9.983e+02, 3.884e-09
1.345e+00, 5.000e-01, -9.500e-02, 1.109e+05, 0.000e+00, 3.713e-06, 0.000e+00, 2.015e+00, 9.983e+02, 1.631e-09
1.345e+00, 5.000e-01, -8.500e-02, 1.108e+05, 0.000e+00, 1.471e-06, 0.000e+00, 2.013e+00, 9.983e+02, 6.462e-10
1.345e+00, 5.000e-01, -7.500e-02, 1.107e+05, 0.000e+00, 5.523e-07, 0.000e+00, 2.011e+00, 9.983e+02, 2.426e-10
1.345e+00, 5.000e-01, -6.500e-02, 1.106e+05, 0.000e+00, 1.971e-07, 0.000e+00, 2.009e+00, 9.983e+02, 8.658e-11
1.345e+00, 5.000e-01, -5.500e-02, 1.105e+05, 0.000e+00, 6.700e-08, 0.000e+00, 2.008e+00, 9.983e+02, 2.943e-11
1.345e+00, 5.000e-01, -4.500e-02, 1.104e+05, 0.000e+00, 2.173e-08, 0.000e+00, 2.006e+00, 9.983e+02, 9.545e-12
1.345e+00, 5.000e-01, -3.500e-02, 1.103e+05, 0.000e+00, 6.735e-09, 0.000e+00, 2.004e+00, 9.983e+02, 2.958e-12
1.345e+00, 5.000e-01, -2.500e-02, 1.102e+05, 0.000e+00, 2.001e-09, 0.000e+00, 2.002e+00, 9.983e+02, 8.788e-13
1.345e+00, 5.000e-01, -1.500e-02, 1.101e+05, 0.000e+00, 5.798e-10, 0.000e+00, 2.000e+00, 9.983e+02, 2.547e-13
1.345e+00, 5.000e-01, -5.000e-03, 1.100e+05, 0.000e+00, 1.883e-10, 0.000e+00, 1.999e+00, 9.983e+02, 8.273e-14
1.355e+00, 5.000e-01, -1.195e+00, 1.202e+05, 0.000e+00, 1.002e-13, 0.000e+00, 2.184e+00, 9.983e+02, 2.000e-17
1.355e+00, 5.000e-01, -1.185e+00, 1.201e+05, 0.000e+00, 1.002e-13, 0.000e+00, 2.182e+00, 9.983e+02, 2.000e-17
1.355e+00, 5.000e-01, -1.175e+00, 1.200e+05, 0.000e+00, 1.002e-13, 0.000e+00, 2.181e+00, 9.983e+02, 2.000e-17
1.355e+00, 5.000e-01, -1.165e+00, 1.199e+05, 0.000e+00, 1.002e-13, 0.000e+00, 2.179e+00, 9.983e+02, 2.000e-17
1.355e+00, 5.000e-01, -1.155e+00, 1.198e+05, 0.000e+00, 1.002e-13, 0.000e+00, 2.177e+00, 9.983e+02, 2.000e-17
1.355e+00, 5.000e-01, -1.145e+00, 1.197e+05, 0.000e+00, 1.002e-13, 0.000e+00, 2.175e+00, 9.983e+02, 2.000e-17
1.355e+00, 5.000e-01, -1.135e+00, 1.196e+05, 0.000e+00, 1.002e-13, 0.000e+00, 2.173e+00, 9.983e+02, 2.000e-17
1.355e+00, 5.000e-01, -1.125e+00, 1.195e+05, 0.000e+00, 1.002e-13, 0.000e+00, 2.172e+00, 9.983e+02, 2.000e-17
1.355e+00, 5.000e-01, -1.115e+00, 1.194e+05, 0.000e+00, 1.002e-13, 0.000e+00, 2.170e+00, 9.983e+02, 2.000e-17
1.355e+00, 5.000e-01, -1.105e+00, 1.193e+05, 0.000e+00, 1.002e-13, 0.000e+00, 2.168e+00, 9.983e+02, 2.000e-17
1.355e+00, 5.000e-01, -1.095e+00, 1.192e+05, 0.000e+00, 1.002e-13, 0.000e+00, 2.166e+00, 9.983e+02, 2.000e-17
1.355e+00, 5.000e-01, -1.085e+00, 1.191e+05, 0.000e+00, 3.872e-09, 0.000e+00, 2.165e+00, 9.983e+02, 1.662e-12
1.355e+00, 5.000e-01, -1.075e+00, 1.190e+05, 0.000e+00, 1.015e-03, 0.000e+00, 2.163e+00, 9.984e+02, 4.358e-07
1.355e+00, 5.000e-01, -1.065e+00, 1.189e+05, 0.000e+00, 9.480e-04, 0.000e+00, 2.161e+00, 9.984e+02, 4.070e-07
1.355e+00, 5.000e-01, -1.055e+00, 1.188e+05, 0.000e+00, 8.343e-04, 0.000e+00, 2.159e+00, 9.984e+02, 3.582e-07
1.355e+00, 5.000e-01, -1.045e+00, 1.187e+05, 0.000e+00, 7.078e-04, 0.000e+00, 2.158e+00, 9.984e+02, 3.039e-07
1.355e+00, 5.000e-01, -1.035e+00, 1.186e+05, 0.000e+00, 6.067e-04, 0.000e+00, 2.156e+00, 9.984e+02, 2.605e-07
1.355e+00, 5.000e-01, -1.025e+00, 1.185e+05, 0.000e+00, 5.650e-04, 0.000e+00, 2.154e+00, 9.984e+02, 2.426e-07
1.355e+00, 5.000e-01, -1.015e+00, 1.185e+05, 0.000e+00, 5.650e-04, 0.000e+00, 2.152e+00, 9.984e+02, 2.425e-07
1.355e+00, 5.000e-01, -1.005e+00, 1.184e+05, 0.000e+00, 5.737e-04, 0.000e+00, 2.150e+00, 9.984e+02, 2.463e-07
1.355e+00, 5.000e-01, -9.950e-01, 1.183e+05, 0.000e+00, 5.789e-04, 0.000e+00, 2.149e+00, 9.984e+02, 2.485e-07
1.355e+00, 5.000e-01, -9.850e-01, 1.182e+05, 0.000e+00, 5.802e-04, 0.000e+00, 2.147e+00, 9.984e+02, 2.491e-07
1.355e+00, 5.000e-01, -9.750e-01, 1.181e+05, 0.000e+00, 5.793e-04, 0.000e+00, 2.145e+00, 9.984e+02, 2.487e-07
1.355e+00, 5.000e-01, -9.650e-01, 1.180e+05, 0.000e+00, 5.775e-04, 0.000e+00, 2.143e+00, 9.984e+02, 2.479e-07
1.355e+00, 5.000e-01, -9.550e-01, 1.179e+05, 0.000e+00, 5.755e-04, 0.000e+00, 2.141e+00, 9.984e+02, 2.470e-07
1.355e+00, 5.000e-01, -9.450e-01, 1.178e+05, 0.000e+00, 5.736e-04, 0.000e+00, 2.140e+00, 9.984e+02, 2.463e-07
1.355e+00, 5.000e-01, -9.350e-01, 1.177e+05, 0.000e+00, 5.726e-04, 0.000e+00, 2.138e+00, 9.984e+02, 2.458e-07
1.355e+00, 5.000e-01, -9.250e-01, 1.176e+05, 0.000e+00, 5.731e-04, 0.000e+00, 2.136e+00, 9.984e+02, 2.460e-07
1.355e+00, 5.000e-01, -9.150e-01, 1.175e+05, 0.000e+00, 5.757e-04, 0.000e+00, 2.134e+00, 9.984e+02, 2.471e-07
1.355e+00, 5.000e-01, -9.050e-01, 1.174e+05, 0.000e+00, 5.794e-04, 0.000e+00, 2.132e+00, 9.984e+02, 2.487e-07
1.355e+00, 5.000e-01, -8.950e-01, 1.173e+05, 0.000e+00, 5.801e-04, 0.000e+00, 2.131e+00, 9.984e+02, 2.490e-07
1.355e+00, 5.000e-01, -8.850e-01, 1.172e+05, 0.000e+00, 5.741e-04, 0.000e+00, 2.129e+00, 9.984e+02, 2.464e-07
1.355e+00, 5.000e-01, -8.750e-01, 1.171e+05, 0.000e+00, 6.094e-04, 0.000e+00, 2.127e+00, 9.984e+02, 2.616e-07
1.355e+00, 5.000e-01, -8.650e-01, 1.170e+05, 0.000e+00, 6.964e-04, 0.000e+00, 2.125e+00, 9.984e+02, 2.990e-07
1.355e+00, 5.000e-01, -8.550e-01, 1.169e+05, 0.000e+00, 7.396e-04, 0.000e+00, 2.124e+00, 9.984e+02, 3.175e-07
1.355e+00, 5.000e-01, -8.450e-01, 1.168e+05, 0.000e+00, 7.567e-04, 0.000e+00, 2.122e+00, 9.984e+02, 3.249e-07
1.355e+00, 5.000e-01, -8.350e-01, 1.167e+05, 0.000e+00, 7.567e-04, 0.000e+00, 2.120e+00, 9.984e+02, 3.248e-07
1.355e+00, 5.000e-01, -8.250e-01, 1.166e+05, 0.000e+00, 7.420e-04, 0.000e+00, 2.118e+00, 9.984e+02, 3.186e-07
1.355e+00, 5.000e-01, -8.150e-01, 1.165e+05, 0.000e+00, 7.209e-04, 0.000e+00, 2.116e+00, 9.984e+02, 3.095e-07
1.355e+00, 5.000e-01, -8.050e-01, 1.164e+05, 0.000e+00, 7.034e-04, 0.000e+00, 2.115e+00, 9.984e+02, 3.020e-07
1.355e+00, 5.000e-01, -7.950e-01, 1.163e+05, 0.000e+00, 6.807e-04, 0.000e+00, 2.113e+00, 9.984e+02, 2.922e-07
1.355e+00, 5.000e-01, -7.850e-01, 1.162e+05, 0.000e+00, 6.543e-04, 0.000e+00, 2.111e+00, 9.984e+02, 2.809e-07
1.355e+00, 5.000e-01, -7.750e-01, 1.161e+05, 0.000e+00, 6.256e-04, 0.000e+00, 2.109e+00, 9.984e+02, 2.686e-07
1.355e+00, 5.000e-01, -7.650e-01, 1.160e+05, 0.000e+00, 5.958e-04, 0.000e+00, 2.107e+00, 9.984e+02, 2.558e-07
1.355e+00, 5.000e-01, -7.550e-01, 1.159e+05, 0.000e+00, 5.675e-04, 0.000e+00, 2.106e+00, 9.984e+02, 2.436e-07
1.355e+00, 5.000e-01, -7.450e-01, 1.158e+05, 0.000e+00, 5.516e-04, 0.000e+00, 2.104e+00, 9.984e+02, 2.368e-07
1.355e+00, 5.000e-01, -7.350e-01, 1.157e+05, 6.755e-07, 6.235e-04, 0.000e+00, 2.102e+00, 9.984e+02, 2.677e-07
1.355e+00, 5.000e-01, -7.250e-01, 1.156e+05, 4.721e-01, 1.895e-03, 0.000e+00, 2.100e+00, 9.986e+02, 8.559e-07
1.355e+00, 5.000e-01, -7.150e-01, 1.156e+05, 8.683e-01, 1.895e-03, 0.000e+00, 2.100e+00, 9.986e+02, 8.937e-07
1.355e+00, 5.000e-01, -7.050e-01, 1.169e+05, 1.449e-06, 5.612e-04, 0.000e+00, 2.124e+00, 9.984e+02, 2.465e-07
1.355e+00, 5.000e-01, -6.950e-01, 1.168e+05, 0.000e+00, 4.087e-04, 0.000e+00, 2.122e+00, 9.983e+02, 1.795e-07
1.355e+00, 5.000e-01, -6.850e-01, 1.167e+05, 0.000e+00, 2.790e-04, 0.000e+00, 2.120e+00, 9.983e+02, 1.225e-07
1.355e+00, 5.000e-01, -6.750e-01, 1.166e+05, 0.000e+00, 1.768e-04, 0.000e+00, 2.119e+00, 9.983e+02, 7.767e-08
1.355e+00, 5.000e-01, -6.650e-01, 1.165e+05, 0.000e+00, 1.039e-04, 0.000e+00, 2.117e+00, 9.983e+02, 4.564e-08
1.355e+00, 5.000e-01, -6.550e-01, 1.164e+05, 0.000e+00, 5.725e-05, 0.000e+00, 2.115e+00, 9.983e+02, 2.515e-08
1.355e+00, 5.000e-01, -6.450e-01, 1.163e+05, 0.000e+00, 3.153e-05, 0.000e+00, 2.113e+00, 9.983e+02, 1.385e-08
1.355e+00, 5.000e-01, -6.350e-01, 1.162e+05, 0.000e+00, 2.218e-05, 0.000e+00, 2.111e+00, 9.983e+02, 9.744e-09
1.355e+00, 5.000e-01, -6.250e-01, 1.161e+05, 0.000e+00, 2.783e-05, 0.000e+00, 2.110e+00, 9.983e+02, 1.222e-08
1.355e+00, 5.000e-01, -6.150e-01, 1.160e+05, 0.000e+00, 5.153e-05, 0.000e+00, 2.108e+00, 9.983e+02, 2.264e-08
1.355e+00, 5.000e-01, -6.050e-01, 1.159e+05, 0.000e+00, 1.004e-04, 0.000e+00, 2.106e+00, 9.983e+02, 4.411e-08
1.355e+00, 5.000e-01, -5.950e-01, 1.158e+05, 0.000e+00, 1.826e-04, 0.000e+00, 2.104e+00, 9.983e+02, 8.022e-08
1.355e+00, 5.000e-01, -5.850e-01, 1.157e+05, 0.000e+00, 3.010e-04, 0.000e+00, 2.102e+00, 9.983e+02, 1.322e-07
1.355e+00, 5.000e-01, -5.750e-01, 1.156e+05, 0.000e+00, 4.453e-04, 0.000e+00, 2.101e+00, 9.983e+02, 1.956e-07
1.355e+00, 5.000e-01, -5.650e-01, 1.155e+05, 0.000e+00, 5.872e-04, 0.000e+00, 2.099e+00, 9.984e+02, 2.589e-07
1.355e+00, 5.000e-01, -5.550e-01, 1.140e+05, 0.000e+00, 6.876e-04, 0.000e+00, 2.070e+00, 9.984e+02, 3.089e-07
1.355e+00, 5.000e-01, -5.450e-01, 1.139e+05, 0.000e+00, 7.123e-04, 0.000e+00, 2.068e+00, 9.984e+02, 3.200e-07
1.355e+00, 5.000e-01, -5.350e-01, 1.137e+05, 0.000e+00, 6.808e-04, 0.000e+00, 2.066e+00, 9.984e+02, 2.978e-07
1.355e+00, 5.000e-01, -5.250e-01, 1.137e+05, 0.000e+00, 6.349e-04, 0.000e+00, 2.064e+00, 9.984e+02, 2.726e-07
1.355e+00, 5.000e-01, -5.150e-01, 1.136e+05, 0.000e+00, 6.023e-04, 0.000e+00, 2.063e+00, 9.984e+02, 2.586e-07
1.355e+00, 5.000e-01, -5.050e-01, 1.135e+05, 0.000e+00, 5.835e-04, 0.000e+00, 2.061e+00, 9.984e+02, 2.505e-07
1.355e+00, 5.000e-01, -4.950e-01, 1.134e+05, 0.000e+00, 5.740e-04, 0.000e+00, 2.059e+00, 9.984e+02, 2.464e-07
1.355e+00, 5.000e-01, -4.850e-01, 1.133e+05, 0.000e+00, 5.686e-04, 0.000e+00, 2.057e+00, 9.984e+02, 2.441e-07
1.355e+00, 5.000e-01, -4.750e-01, 1.132e+05, 0.000e+00, 5.627e-04, 0.000e+00, 2.056e+00, 9.984e+02, 2.416e-07
1.355e+00, 5.000e-01, -4.650e-01, 1.131e+05, 0.000e+00, 5.546e-04, 0.000e+00, 2.054e+00, 9.984e+02, 2.381e-07
1.355e+00, 5.000e-01, -4.550e-01, 1.130e+05, 0.000e+00, 5.424e-04, 0.000e+00, 2.052e+00, 9.984e+02, 2.329e-07
1.355e+00, 5.000e-01, -4.450e-01, 1.129e+05, 0.000e+00, 5.247e-04, 0.000e+00, 2.050e+00, 9.984e+02, 2.252e-07
1.355e+00, 5.000e-01, -4.350e-01, 1.128e+05, 0.000e+00, 4.996e-04, 0.000e+00, 2.048e+00, 9.984e+02, 2.153e-07
1.355e+00, 5.000e-01, -4.250e-01, 1.127e+05, 0.000e+00, 4.655e-04, 0.000e+00, 2.047e+00, 9.983e+02, 2.091e-07
1.355e+00, 5.000e-01, -4.150e-01, 1.126e+05, 0.000e+00, 4.390e-04, 0.000e+00, 2.045e+00, 9.983e+02, 1.972e-07
1.355e+00, 5.000e-01, -4.050e-01, 1.125e+05, 0.000e+00, 4.157e-04, 0.000e+00, 2.043e+00, 9.983e+02, 1.867e-07
1.355e+00, 5.000e-01, -3.950e-01, 1.124e+05, 0.000e+00, 3.929e-04, 0.000e+00, 2.041e+00, 9.983e+02, 1.765e-07
1.355e+00, 5.000e-01, -3.850e-01, 1.123e+05, 0.000e+00, 3.687e-04, 0.000e+00, 2.040e+00, 9.983e+02, 1.656e-07
1.355e+00, 5.000e-01, -3.750e-01, 1.122e+05, 0.000e+00, 3.419e-04, 0.000e+00, 2.038e+00, 9.983e+02, 1.536e-07
1.355e+00, 5.000e-01, -3.650e-01, 1.121e+05, 0.000e+00, 3.148e-04, 0.000e+00, 2.036e+00, 9.983e+02, 1.414e-07
1.355e+00, 5.000e-01, -3.550e-01, 1.120e+05, 0.000e+00, 2.890e-04, 0.000e+00, 2.034e+00, 9.983e+02, 1.298e-07
1.355e+00, 5.000e-01, -3.450e-01, 1.119e+05, 0.000e+00, 2.658e-04, 0.000e+00, 2.033e+00, 9.983e+02, 1.194e-07
1.355e+00, 5.000e-01, -3.350e-01, 1.119e+05, 0.000e+00, 2.464e-04, 0.000e+00, 2.032e+00, 9.983e+02, 1.092e-07
1.355e+00, 5.000e-01, -3.250e-01, 1.118e+05, 0.000e+00, 2.284e-04, 0.000e+00, 2.030e+00, 9.983e+02, 1.003e-07
1.355e+00, 5.000e-01, -3.150e-01, 1.117e+05, 0.000e+00, 2.087e-04, 0.000e+00, 2.029e+00, 9.983e+02, 9.167e-08
1.355e+00, 5.000e-01, -3.050e-01, 1.116e+05, 0.000e+00, 1.769e-04, 0.000e+00, 2.027e+00, 9.983e+02, 7.806e-08
1.355e+00, 5.000e-01, -2.950e-01, 1.114e+05, 0.000e+00, 1.128e-04, 0.000e+00, 2.023e+00, 9.983e+02, 5.179e-08
1.355e+00, 5.000e-01, -2.850e-01, 1.114e+05, 0.000e+00, 9.775e-05, 0.000e+00, 2.023e+00, 9.983e+02, 4.313e-08
1.355e+00, 5.000e-01, -2.750e-01, 1.113e+05, 0.000e+00, 8.819e-05, 0.000e+00, 2.021e+00, 9.983e+02, 3.874e-08
1.355e+00, 5.000e-01, -2.650e-01, 1.112e+05, 0.000e+00, 8.286e-05, 0.000e+00, 2.020e+00, 9.983e+02, 3.639e-08
1.355e+00, 5.000e-01, -2.550e-01, 1.111e+05, 0.000e+00, 8.134e-05, 0.000e+00, 2.018e+00, 9.983e+02, 3.573e-08
1.355e+00, 5.000e-01, -2.450e-01, 1.112e+05, 0.000e+00, 9.101e-05, 0.000e+00, 2.020e+00, 9.983e+02, 3.913e-08
1.355e+00, 5.000e-01, -2.350e-01, 1.111e+05, 0.000e+00, 1.017e-04, 0.000e+00, 2.018e+00, 9.983e+02, 4.365e-08
1.355e+00, 5.000e-01, -2.250e-01, 1.110e+05, 0.000e+00, 1.036e-04, 0.000e+00, 2.016e+00, 9.983e+02, 4.447e-08
1.355e+00, 5.000e-01, -2.150e-01, 1.106e+05, 0.000e+00, 7.633e-05, 0.000e+00, 2.009e+00, 9.983e+02, 3.448e-08
1.355e+00, 5.000e-01, -2.050e-01, 1.108e+05, 0.000e+00, 1.100e-04, 0.000e+00, 2.012e+00, 9.983e+02, 4.780e-08
1.355e+00, 5.000e-01, -1.950e-01, 1.107e+05, 0.000e+00, 1.769e-04, 0.000e+00, 2.011e+00, 9.983e+02, 7.592e-08
1.355e+00, 5.000e-01, -1.850e-01, 1.106e+05, 0.000e+00, 2.468e-04, 0.000e+00, 2.009e+00, 9.983e+02, 1.060e-07
1.355e+00, 5.000e-01, -1.750e-01, 1.105e+05, 0.000e+00, 2.878e-04, 0.000e+00, 2.007e+00, 9.983e+02, 1.241e-07
1.355e+00, 5.000e-01, -1.650e-01, 1.116e+05, 0.000e+00, 2.674e-04, 0.000e+00, 2.027e+00, 9.983e+02, 1.175e-07
1.355e+00, 5.000e-01, -1.550e-01, 1.115e+05, 0.000e+00, 2.038e-04, 0.000e+00, 2.025e+00, 9.983e+02, 8.950e-08
1.355e+00, 5.000e-01, -1.450e-01, 1.114e+05, 0.000e+00, 1.333e-04, 0.000e+00, 2.024e+00, 9.983e+02, 5.853e-08
1.355e+00, 5.000e-01, -1.350e-01, 1.113e+05, 0.000e+00, 7.717e-05, 0.000e+00, 2.022e+00, 9.983e+02, 3.390e-08
1.355e+00, 5.000e-01, -1.250e-01, 1.112e+05, 0.000e+00, 4.046e-05, 0.000e+00, 2.020e+00, 9.983e+02, 1.777e-08
1.355e+00, 5.000e-01, -1.150e-01, 1.111e+05, 0.000e+00, 1.951e-05, 0.000e+00, 2.018e+00, 9.983e+02, 8.570e-09
1.355e+00, 5.000e-01, -1.050e-01, 1.110e+05, 0.000e+00, 8.762e-06, 0.000e+00, 2.017e+00, 9.983e+02, 3.848e-09
1.355e+00, 5.000e-01, -9.500e-02, 1.109e+05, 0.000e+00, 3.694e-06, 0.000e+00, 2.015e+00, 9.983e+02, 1.623e-09
1.355e+00, 5.000e-01, -8.500e-02, 1.108e+05, 0.000e+00, 1.472e-06, 0.000e+00, 2.013e+00, 9.983e+02, 6.464e-10
1.355e+00, 5.000e-01, -7.500e-02, 1.107e+05, 0.000e+00, 5.561e-07, 0.000e+00, 2.011e+00, 9.983e+02, 2.442e-10
1.355e+00, 5.000e-01, -6.500e-02, 1.106e+05, 0.000e+00, 1.999e-07, 0.000e+00, 2.009e+00, 9.983e+02, 8.779e-11
1.355e+00, 5.000e-01, -5.500e-02, 1.105e+05, 0.000e+00, 6.846e-08, 0.000e+00, 2.008e+00, 9.983e+02, 3.007e-11
1.355e+00, 5.000e-01, -4.500e-02, 1.104e+05, 0.000e+00, 2.239e-08, 0.000e+00, 2.006e+00, 9.983e+02, 9.835e-12
1.355e+00, 5.000e-01, -3.500e-02, 1.103e+05, 0.000e+00, 7.002e-09, 0.000e+00, 2.004e+00, 9.983e+02, 3.075e-12
1.355e+00, 5.000e-01, -2.500e-02, 1.102e+05, 0.000e+00, 2.100e-09, 0.000e+00, 2.002e+00, 9.983e+02, 9.226e-13
1.355e+00, 5.000e-01, -1.500e-02, 1.101e+05, 0.000e+00, 6.153e-10, 0.000e+00, 2.000e+00, 9.983e+02, 2.703e-13
1.355e+00, 5.000e-01, -5.000e-03, 1.100e+05, 0.000e+00, 2.021e-10, 0.000e+00, 1.999e+00, 9.983e+02, 8.875e-14
1.365e+00, 5.000e-01, -1.195e+00, 1.202e+05, 0.000e+00, 1.002e-13, 0.000e+00, 2.184e+00, 9.983e+02, 2.000e-17
1.365e+00, 5.000e-01, -1.185e+00, 1.201e+05, 0.000e+00, 1.002e-13, 0.000e+00, 2.182e+00, 9.983e+02, 2.000e-17
1.365e+00, 5.000e-01, -1.175e+00, 1.200e+05, 0.000e+00, 1.002e-13, 0.000e+00, 2.181e+00, 9.983e+02, 2.000e-17
1.365e+00, 5.000e-01, -1.165e+00, 1.199e+05, 0.000e+00, 1.002e-13, 0.000e+00, 2.179e+00, 9.983e+02, 2.000e-17
1.365e+00, 5.000e-01, -1.155e+00, 1.198e+05, 0.000e+00, 1.002e-13, 0.000e+00, 2.177e+00, 9.983e+02, 2.000e-17
1.365e+00, 5.000e-01, -1.145e+00, 1.197e+05, 0.000e+00, 1.002e-13, 0.000e+00, 2.175e+00, 9.983e+02, 2.000e-17
1.365e+00, 5.000e-01, -1.135e+00, 1.196e+05, 0.000e+00, 1.002e-13, 0.000e+00, 2.173e+00, 9.983e+02, 2.000e-17
1.365e+00, 5.000e-01, -1.125e+00, 1.195e+05, 0.000e+00, 1.002e-13, 0.000e+00, 2.172e+00, 9.983e+02, 2.000e-17
1.365e+00, 5.000e-01, -1.115e+00, 1.194e+05, 0.000e+00, 1.002e-13, 0.000e+00, 2.170e+00, 9.983e+02, 2.000e-17
1.365e+00, 5.000e-01, -1.105e+00, 1.193e+05, 0.000e+00, 1.002e-13, 0.000e+00, 2.168e+00, 9.983e+02, 2.000e-17
1.365e+00, 5.000e-01, -1.095e+00, 1.192e+05, 0.000e+00, 1.002e-13, 0.000e+00, 2.166e+00, 9.983e+02, 2.000e-17
1.365e+00, 5.000e-01, -1.085e+00, 1.191e+05, 0.000e+00, 3.870e-09, 0.000e+00, 2.165e+00, 9.983e+02, 1.661e-12
1.365e+00, 5.000e-01, -1.075e+00, 1.190e+05, 0.000e+00, 1.014e-03, 0.000e+00, 2.163e+00, 9.984e+02, 4.353e-07
1.365e+00, 5.000e-01, -1.065e+00, 1.189e+05, 0.000e+00, 9.516e-04, 0.000e+00, 2.161e+00, 9.984e+02, 4.085e-07
1.365e+00, 5.000e-01, -1.055e+00, 1.188e+05, 0.000e+00, 8.407e-04, 0.000e+00, 2.159e+00, 9.984e+02, 3.609e-07
1.365e+00, 5.000e-01, -1.045e+00, 1.187e+05, 0.000e+00, 7.173e-04, 0.000e+00, 2.158e+00, 9.984e+02, 3.079e-07
1.365e+00, 5.000e-01, -1.035e+00, 1.186e+05, 0.000e+00, 6.146e-04, 0.000e+00, 2.156e+00, 9.984e+02, 2.639e-07
1.365e+00, 5.000e-01, -1.025e+00, 1.185e+05, 0.000e+00, 5.616e-04, 0.000e+00, 2.154e+00, 9.984e+02, 2.411e-07
1.365e+00, 5.000e-01, -1.015e+00, 1.185e+05, 0.000e+00, 5.521e-04, 0.000e+00, 2.152e+00, 9.984e+02, 2.370e-07
1.365e+00, 5.000e-01, -1.005e+00, 1.184e+05, 0.000e+00, 5.566e-04, 0.000e+00, 2.150e+00, 9.984e+02, 2.389e-07
1.365e+00, 5.000e-01, -9.950e-01, 1.183e+05, 0.000e+00, 5.603e-04, 0.000e+00, 2.149e+00, 9.984e+02, 2.406e-07
1.365e+00, 5.000e-01, -9.850e-01, 1.182e+05, 0.000e+00, 5.610e-04, 0.000e+00, 2.147e+00, 9.984e+02, 2.408e-07
1.365e+00, 5.000e-01, -9.750e-01, 1.181e+05, 0.000e+00, 5.596e-04, 0.000e+00, 2.145e+00, 9.984e+02, 2.403e-07
1.365e+00, 5.000e-01, -9.650e-01, 1.180e+05, 0.000e+00, 5.575e-04, 0.000e+00, 2.143e+00, 9.984e+02, 2.393e-07
1.365e+00, 5.000e-01, -9.550e-01, 1.179e+05, 0.000e+00, 5.555e-04, 0.000e+00, 2.141e+00, 9.984e+02, 2.385e-07
1.365e+00, 5.000e-01, -9.450e-01, 1.178e+05, 0.000e+00, 5.540e-04, 0.000e+00, 2.140e+00, 9.984e+02, 2.378e-07
1.365e+00, 5.000e-01, -9.350e-01, 1.177e+05, 0.000e+00, 5.531e-04, 0.000e+00, 2.138e+00, 9.984e+02, 2.374e-07
1.365e+00, 5.000e-01, -9.250e-01, 1.176e+05, 0.000e+00, 5.528e-04, 0.000e+00, 2.136e+00, 9.984e+02, 2.373e-07
1.365e+00, 5.000e-01, -9.150e-01, 1.175e+05, 0.000e+00, 5.528e-04, 0.000e+00, 2.134e+00, 9.984e+02, 2.373e-07
1.365e+00, 5.000e-01, -9.050e-01, 1.174e+05, 0.000e+00, 5.518e-04, 0.000e+00, 2.132e+00, 9.984e+02, 2.369e-07
1.365e+00, 5.000e-01, -8.950e-01, 1.173e+05, 0.000e+00, 5.476e-04, 0.000e+00, 2.131e+00, 9.984e+02, 2.351e-07
1.365e+00, 5.000e-01, -8.850e-01, 1.172e+05, 0.000e+00, 5.388e-04, 0.000e+00, 2.129e+00, 9.984e+02, 2.313e-07
1.365e+00, 5.000e-01, -8.750e-01, 1.171e+05, 0.000e+00, 5.376e-04, 0.000e+00, 2.127e+00, 9.984e+02, 2.308e-07
1.365e+00, 5.000e-01, -8.650e-01, 1.170e+05, 0.000e+00, 5.686e-04, 0.000e+00, 2.125e+00, 9.984e+02, 2.441e-07
1.365e+00, 5.000e-01, -8.550e-01, 1.169e+05, 0.000e+00, 6.055e-04, 0.000e+00, 2.124e+00, 9.984e+02, 2.600e-07
1.365e+00, 5.000e-01, -8.450e-01, 1.168e+05, 0.000e+00, 6.297e-04, 0.000e+00, 2.122e+00, 9.984e+02, 2.703e-07
1.365e+00, 5.000e-01, -8.350e-01, 1.167e+05, 0.000e+00, 6.301e-04, 0.000e+00, 2.120e+00, 9.984e+02, 2.705e-07
1.365e+00, 5.000e-01, -8.250e-01, 1.166e+05, 0.000e+00, 6.000e-04, 0.000e+00, 2.118e+00, 9.984e+02, 2.576e-07
1.365e+00, 5.000e-01, -8.150e-01, 1.165e+05, 0.000e+00, 6.104e-04, 0.000e+00, 2.116e+00, 9.984e+02, 2.620e-07
1.365e+00, 5.000e-01, -8.050e-01, 1.164e+05, 0.000e+00, 6.216e-04, 0.000e+00, 2.115e+00, 9.984e+02, 2.668e-07
1.365e+00, 5.000e-01, -7.950e-01, 1.163e+05, 0.000e+00, 6.054e-04, 0.000e+00, 2.113e+00, 9.984e+02, 2.599e-07
1.365e+00, 5.000e-01, -7.850e-01, 1.162e+05, 0.000e+00, 5.889e-04, 0.000e+00, 2.111e+00, 9.984e+02, 2.528e-07
1.365e+00, 5.000e-01, -7.750e-01, 1.161e+05, 0.000e+00, 5.688e-04, 0.000e+00, 2.109e+00, 9.984e+02, 2.442e-07
1.365e+00, 5.000e-01, -7.650e-01, 1.160e+05, 0.000e+00, 5.459e-04, 0.000e+00, 2.107e+00, 9.984e+02, 2.344e-07
1.365e+00, 5.000e-01, -7.550e-01, 1.159e+05, 0.000e+00, 5.236e-04, 0.000e+00, 2.106e+00, 9.984e+02, 2.248e-07
1.365e+00, 5.000e-01, -7.450e-01, 1.158e+05, 0.000e+00, 5.121e-04, 0.000e+00, 2.104e+00, 9.984e+02, 2.198e-07
1.365e+00, 5.000e-01, -7.350e-01, 1.157e+05, 6.752e-07, 5.834e-04, 0.000e+00, 2.102e+00, 9.984e+02, 2.504e-07
1.365e+00, 5.000e-01, -7.250e-01, 1.156e+05, 4.720e-01, 1.895e-03, 0.000e+00, 2.100e+00, 9.986e+02, 8.558e-07
1.365e+00, 5.000e-01, -7.150e-01, 1.156e+05, 8.683e-01, 1.895e-03, 0.000e+00, 2.100e+00, 9.986e+02, 8.925e-07
1.365e+00, 5.000e-01, -7.050e-01, 1.169e+05, 1.449e-06, 5.755e-04, 0.000e+00, 2.124e+00, 9.984e+02, 2.528e-07
1.365e+00, 5.000e-01, -6.950e-01, 1.168e+05, 0.000e+00, 4.224e-04, 0.000e+00, 2.122e+00, 9.983e+02, 1.856e-07
1.365e+00, 5.000e-01, -6.850e-01, 1.167e+05, 0.000e+00, 2.903e-04, 0.000e+00, 2.120e+00, 9.983e+02, 1.275e-07
1.365e+00, 5.000e-01, -6.750e-01, 1.166e+05, 0.000e+00, 1.852e-04, 0.000e+00, 2.119e+00, 9.983e+02, 8.135e-08
1.365e+00, 5.000e-01, -6.650e-01, 1.165e+05, 0.000e+00, 1.094e-04, 0.000e+00, 2.117e+00, 9.983e+02, 4.807e-08
1.365e+00, 5.000e-01, -6.550e-01, 1.164e+05, 0.000e+00, 6.058e-05, 0.000e+00, 2.115e+00, 9.983e+02, 2.661e-08
1.365e+00, 5.000e-01, -6.450e-01, 1.163e+05, 0.000e+00, 3.346e-05, 0.000e+00, 2.113e+00, 9.983e+02, 1.470e-08
1.365e+00, 5.000e-01, -6.350e-01, 1.162e+05, 0.000e+00, 2.343e-05, 0.000e+00, 2.111e+00, 9.983e+02, 1.029e-08
1.365e+00, 5.000e-01, -6.250e-01, 1.161e+05, 0.000e+00, 2.900e-05, 0.000e+00, 2.110e+00, 9.983e+02, 1.274e-08
1.365e+00, 5.000e-01, -6.150e-01, 1.160e+05, 0.000e+00, 5.319e-05, 0.000e+00, 2.108e+00, 9.983e+02, 2.336e-08
1.365e+00, 5.000e-01, -6.050e-01, 1.159e+05, 0.000e+00, 1.030e-04, 0.000e+00, 2.106e+00, 9.983e+02, 4.525e-08
1.365e+00, 5.000e-01, -5.950e-01, 1.158e+05, 0.000e+00, 1.864e-04, 0.000e+00, 2.104e+00, 9.983e+02, 8.188e-08
1.365e+00, 5.000e-01, -5.850e-01, 1.157e+05, 0.000e+00, 3.059e-04, 0.000e+00, 2.102e+00, 9.983e+02, 1.344e-07
1.365e+00, 5.000e-01, -5.750e-01, 1.156e+05, 0.000e+00, 4.504e-04, 0.000e+00, 2.101e+00, 9.983e+02, 1.979e-07
1.365e+00, 5.000e-01, -5.650e-01, 1.155e+05, 0.000e+00, 5.916e-04, 0.000e+00, 2.099e+00, 9.984e+02, 2.608e-07
1.365e+00, 5.000e-01, -5.550e-01, 1.140e+05, 0.000e+00, 6.900e-04, 0.000e+00, 2.070e+00, 9.984e+02, 3.100e-07
1.365e+00, 5.000e-01, -5.450e-01, 1.139e+05, 0.000e+00, 7.141e-04, 0.000e+00, 2.068e+00, 9.984e+02, 3.208e-07
1.365e+00, 5.000e-01, -5.350e-01, 1.138e+05, 0.000e+00, 6.838e-04, 0.000e+00, 2.067e+00, 9.984e+02, 3.011e-07
1.365e+00, 5.000e-01, -5.250e-01, 1.137e+05, 0.000e+00, 6.375e-04, 0.000e+00, 2.064e+00, 9.984e+02, 2.749e-07
1.365e+00, 5.000e-01, -5.150e-01, 1.136e+05, 0.000e+00, 6.051e-04, 0.000e+00, 2.063e+00, 9.984e+02, 2.598e-07
1.365e+00, 5.000e-01, -5.050e-01, 1.135e+05, 0.000e+00, 5.864e-04, 0.000e+00, 2.061e+00, 9.984e+02, 2.517e-07
1.365e+00, 5.000e-01, -4.950e-01, 1.134e+05, 0.000e+00, 5.781e-04, 0.000e+00, 2.059e+00, 9.984e+02, 2.482e-07
1.365e+00, 5.000e-01, -4.850e-01, 1.133e+05, 0.000e+00, 5.744e-04, 0.000e+00, 2.057e+00, 9.984e+02, 2.466e-07
1.365e+00, 5.000e-01, -4.750e-01, 1.132e+05, 0.000e+00, 5.699e-04, 0.000e+00, 2.056e+00, 9.984e+02, 2.446e-07
1.365e+00, 5.000e-01, -4.650e-01, 1.131e+05, 0.000e+00, 5.630e-04, 0.000e+00, 2.054e+00, 9.984e+02, 2.417e-07
1.365e+00, 5.000e-01, -4.550e-01, 1.130e+05, 0.000e+00, 5.521e-04, 0.000e+00, 2.052e+00, 9.984e+02, 2.370e-07
1.365e+00, 5.000e-01, -4.450e-01, 1.129e+05, 0.000e+00, 5.363e-04, 0.000e+00, 2.050e+00, 9.984e+02, 2.302e-07
1.365e+00, 5.000e-01, -4.350e-01, 1.128e+05, 0.000e+00, 5.137e-04, 0.000e+00, 2.048e+00, 9.984e+02, 2.207e-07
1.365e+00, 5.000e-01, -4.250e-01, 1.127e+05, 0.000e+00, 4.782e-04, 0.000e+00, 2.047e+00, 9.983e+02, 2.148e-07
1.365e+00, 5.000e-01, -4.150e-01, 1.126e+05, 0.000e+00, 4.508e-04, 0.000e+00, 2.045e+00, 9.983e+02, 2.025e-07
1.365e+00, 5.000e-01, -4.050e-01, 1.125e+05, 0.000e+00, 4.265e-04, 0.000e+00, 2.043e+00, 9.983e+02, 1.916e-07
1.365e+00, 5.000e-01, -3.950e-01, 1.124e+05, 0.000e+00, 4.037e-04, 0.000e+00, 2.041e+00, 9.983e+02, 1.814e-07
1.365e+00, 5.000e-01, -3.850e-01, 1.123e+05, 0.000e+00, 3.805e-04, 0.000e+00, 2.040e+00, 9.983e+02, 1.709e-07
1.365e+00, 5.000e-01, -3.750e-01, 1.122e+05, 0.000e+00, 3.547e-04, 0.000e+00, 2.038e+00, 9.983e+02, 1.593e-07
1.365e+00, 5.000e-01, -3.650e-01, 1.121e+05, 0.000e+00, 3.266e-04, 0.000e+00, 2.036e+00, 9.983e+02, 1.467e-07
1.365e+00, 5.000e-01, -3.550e-01, 1.120e+05, 0.000e+00, 2.988e-04, 0.000e+00, 2.034e+00, 9.983e+02, 1.342e-07
1.365e+00, 5.000e-01, -3.450e-01, 1.119e+05, 0.000e+00, 2.732e-04, 0.000e+00, 2.033e+00, 9.983e+02, 1.227e-07
1.365e+00, 5.000e-01, -3.350e-01, 1.118e+05, 0.000e+00, 2.514e-04, 0.000e+00, 2.031e+00, 9.983e+02, 1.119e-07
1.365e+00, 5.000e-01, -3.250e-01, 1.118e+05, 0.000e+00, 2.313e-04, 0.000e+00, 2.030e+00, 9.983e+02, 1.016e-07
1.365e+00, 5.000e-01, -3.150e-01, 1.117e+05, 0.000e+00, 2.109e-04, 0.000e+00, 2.029e+00, 9.983e+02, 9.262e-08
1.365e+00, 5.000e-01, -3.050e-01, 1.116e+05, 0.000e+00, 1.813e-04, 0.000e+00, 2.027e+00, 9.983e+02, 7.985e-08
1.365e+00, 5.000e-01, -2.950e-01, 1.114e+05, 0.000e+00, 1.205e-04, 0.000e+00, 2.023e+00, 9.983e+02, 5.536e-08
1.365e+00, 5.000e-01, -2.850e-01, 1.114e+05, 0.000e+00, 1.076e-04, 0.000e+00, 2.023e+00, 9.983e+02, 4.759e-08
1.365e+00, 5.000e-01, -2.750e-01, 1.113e+05, 0.000e+00, 1.031e-04, 0.000e+00, 2.021e+00, 9.983e+02, 4.530e-08
1.365e+00, 5.000e-01, -2.650e-01, 1.112e+05, 0.000e+00, 1.033e-04, 0.000e+00, 2.020e+00, 9.983e+02, 4.536e-08
1.365e+00, 5.000e-01, -2.550e-01, 1.111e+05, 0.000e+00, 1.061e-04, 0.000e+00, 2.018e+00, 9.983e+02, 4.661e-08
1.365e+00, 5.000e-01, -2.450e-01, 1.112e+05, 0.000e+00, 1.224e-04, 0.000e+00, 2.020e+00, 9.983e+02, 5.269e-08
1.365e+00, 5.000e-01, -2.350e-01, 1.111e+05, 0.000e+00, 1.360e-04, 0.000e+00, 2.018e+00, 9.983e+02, 5.837e-08
1.365e+00, 5.000e-01, -2.250e-01, 1.110e+05, 0.000e+00, 1.323e-04, 0.000e+00, 2.016e+00, 9.983e+02, 5.677e-08
1.365e+00, 5.000e-01, -2.150e-01, 1.106e+05, 0.000e+00, 8.753e-05, 0.000e+00, 2.009e+00, 9.983e+02, 3.948e-08
1.365e+00, 5.000e-01, -2.050e-01, 1.108e+05, 0.000e+00, 1.213e-04, 0.000e+00, 2.012e+00, 9.983e+02, 5.285e-08
1.365e+00, 5.000e-01, -1.950e-01, 1.107e+05, 0.000e+00, 1.935e-04, 0.000e+00, 2.011e+00, 9.983e+02, 8.307e-08
1.365e+00, 5.000e-01, -1.850e-01, 1.106e+05, 0.000e+00, 2.629e-04, 0.000e+00, 2.009e+00, 9.983e+02, 1.128e-07
1.365e+00, 5.000e-01, -1.750e-01, 1.105e+05, 0.000e+00, 2.988e-04, 0.000e+00, 2.007e+00, 9.983e+02, 1.287e-07
1.365e+00, 5.000e-01, -1.650e-01, 1.116e+05, 0.000e+00, 2.734e-04, 0.000e+00, 2.027e+00, 9.983e+02, 1.201e-07
1.365e+00, 5.000e-01, -1.550e-01, 1.115e+05, 0.000e+00, 2.057e-04, 0.000e+00, 2.025e+00, 9.983e+02, 9.037e-08
1.365e+00, 5.000e-01, -1.450e-01, 1.114e+05, 0.000e+00, 1.335e-04, 0.000e+00, 2.024e+00, 9.983e+02, 5.862e-08
1.365e+00, 5.000e-01, -1.350e-01, 1.113e+05, 0.000e+00, 7.697e-05, 0.000e+00, 2.022e+00, 9.983e+02, 3.381e-08
1.365e+00, 5.000e-01, -1.250e-01, 1.112e+05, 0.000e+00, 4.032e-05, 0.000e+00, 2.020e+00, 9.983e+02, 1.771e-08
1.365e+00, 5.000e-01, -1.150e-01, 1.111e+05, 0.000e+00, 1.949e-05, 0.000e+00, 2.018e+00, 9.983e+02, 8.562e-09
1.365e+00, 5.000e-01, -1.050e-01, 1.110e+05, 0.000e+00, 8.795e-06, 0.000e+00, 2.017e+00, 9.983e+02, 3.863e-09
1.365e+00, 5.000e-01, -9.500e-02, 1.109e+05, 0.000e+00, 3.733e-06, 0.000e+00, 2.015e+00, 9.983e+02, 1.640e-09
1.365e+00, 5.000e-01, -8.500e-02, 1.108e+05, 0.000e+00, 1.499e-06, 0.000e+00, 2.013e+00, 9.983e+02, 6.586e-10
1.365e+00, 5.000e-01, -7.500e-02, 1.107e+05, 0.000e+00, 5.719e-07, 0.000e+00, 2.011e+00, 9.983e+02, 2.512e-10
1.365e+00, 5.000e-01, -6.500e-02, 1.106e+05, 0.000e+00, 2.077e-07, 0.000e+00, 2.009e+00, 9.983e+02, 9.122e-11
1.365e+00, 5.000e-01, -5.500e-02, 1.105e+05, 0.000e+00, 7.196e-08, 0.000e+00, 2.008e+00, 9.983e+02, 3.161e-11
1.365e+00, 5.000e-01, -4.500e-02, 1.104e+05, 0.000e+00, 2.382e-08, 0.000e+00, 2.006e+00, 9.983e+02, 1.046e-11
1.365e+00, 5.000e-01, -3.500e-02, 1.103e+05, 0.000e+00, 7.550e-09, 0.000e+00, 2.004e+00, 9.983e+02, 3.316e-12
1.365e+00, 5.000e-01, -2.500e-02, 1.102e+05, 0.000e+00, 2.298e-09, 0.000e+00, 2.002e+00, 9.983e+02, 1.009e-12
1.365e+00, 5.000e-01, -1.500e-02, 1.101e+05, 0.000e+00, 6.843e-10, 0.000e+00, 2.000e+00, 9.983e+02, 3.006e-13
1.365e+00, 5.000e-01, -5.000e-03, 1.100e+05, 0.000e+00, 2.284e-10, 0.000e+00, 1.999e+00, 9.983e+02, 1.003e-13
1.375e+00, 5.000e-01, -1.195e+00, 1.202e+05, 0.000e+00, 1.002e-13, 0.000e+00, 2.184e+00, 9.983e+02, 2.000e-17
1.375e+00, 5.000e-01, -1.185e+00, 1.201e+05, 0.000e+00, 1.002e-13, 0.000e+00, 2.182e+00, 9.983e+02, 2.000e-17
1.375e+00, 5.000e-01, -1.175e+00, 1.200e+05, 0.000e+00, 1.002e-13, 0.000e+00, 2.181e+00, 9.983e+02, 2.000e-17
1.375e+00, 5.000e-01, -1.165e+00, 1.199e+05, 0.000e+00, 1.002e-13, 0.000e+00, 2.179e+00, 9.983e+02, 2.000e-17
1.375e+00, 5.000e-01, -1.155e+00, 1.198e+05, 0.000e+00, 1.002e-13, 0.000e+00, 2.177e+00, 9.983e+02, 2.000e-17
1.375e+00, 5.000e-01, -1.145e+00, 1.197e+05, 0.000e+00, 1.002e-13, 0.000e+00, 2.175e+00, 9.983e+02, 2.000e-17
1.375e+00, 5.000e-01, -1.135e+00, 1.196e+05, 0.000e+00, 1.002e-13, 0.000e+00, 2.173e+00, 9.983e+02, 2.000e-17
1.375e+00, 5.000e-01, -1.125e+00, 1.195e+05, 0.000e+00, 1.002e-13, 0.000e+00, 2.172e+00, 9.983e+02, 2.000e-17
1.375e+00, 5.000e-01, -1.115e+00, 1.194e+05, 0.000e+00, 1.002e-13, 0.000e+00, 2.170e+00, 9.983e+02, 2.000e-17
1.375e+00, 5.000e-01, -1.105e+00, 1.193e+05, 0.000e+00, 1.002e-13, 0.000e+00, 2.168e+00, 9.983e+02, 2.000e-17
1.375e+00, 5.000e-01, -1.095e+00, 1.192e+05, 0.000e+00, 1.002e-13, 0.000e+00, 2.166e+00, 9.983e+02, 2.000e-17
1.375e+00, 5.000e-01, -1.085e+00, 1.191e+05, 0.000e+00, 3.865e-09, 0.000e+00, 2.165e+00, 9.983e+02, 1.659e-12
1.375e+00, 5.000e-01, -1.075e+00, 1.190e+05, 0.000e+00, 1.013e-03, 0.000e+00, 2.163e+00, 9.984e+02, 4.349e-07
1.375e+00, 5.000e-01, -1.065e+00, 1.189e+05, 0.000e+00, 9.562e-04, 0.000e+00, 2.161e+00, 9.984e+02, 4.105e-07
1.375e+00, 5.000e-01, -1.055e+00, 1.188e+05, 0.000e+00, 8.472e-04, 0.000e+00, 2.159e+00, 9.984e+02, 3.637e-07
1.375e+00, 5.000e-01, -1.045e+00, 1.187e+05, 0.000e+00, 7.258e-04, 0.000e+00, 2.158e+00, 9.984e+02, 3.116e-07
1.375e+00, 5.000e-01, -1.035e+00, 1.186e+05, 0.000e+00, 6.236e-04, 0.000e+00, 2.156e+00, 9.984e+02, 2.677e-07
1.375e+00, 5.000e-01, -1.025e+00, 1.185e+05, 0.000e+00, 5.615e-04, 0.000e+00, 2.154e+00, 9.984e+02, 2.411e-07
1.375e+00, 5.000e-01, -1.015e+00, 1.185e+05, 0.000e+00, 5.427e-04, 0.000e+00, 2.152e+00, 9.984e+02, 2.330e-07
1.375e+00, 5.000e-01, -1.005e+00, 1.184e+05, 0.000e+00, 5.410e-04, 0.000e+00, 2.150e+00, 9.984e+02, 2.322e-07
1.375e+00, 5.000e-01, -9.950e-01, 1.183e+05, 0.000e+00, 5.416e-04, 0.000e+00, 2.149e+00, 9.984e+02, 2.325e-07
1.375e+00, 5.000e-01, -9.850e-01, 1.182e+05, 0.000e+00, 5.404e-04, 0.000e+00, 2.147e+00, 9.984e+02, 2.320e-07
1.375e+00, 5.000e-01, -9.750e-01, 1.181e+05, 0.000e+00, 5.375e-04, 0.000e+00, 2.145e+00, 9.984e+02, 2.308e-07
1.375e+00, 5.000e-01, -9.650e-01, 1.180e+05, 0.000e+00, 5.338e-04, 0.000e+00, 2.143e+00, 9.984e+02, 2.292e-07
1.375e+00, 5.000e-01, -9.550e-01, 1.179e+05, 0.000e+00, 5.300e-04, 0.000e+00, 2.141e+00, 9.984e+02, 2.275e-07
1.375e+00, 5.000e-01, -9.450e-01, 1.178e+05, 0.000e+00, 5.266e-04, 0.000e+00, 2.140e+00, 9.984e+02, 2.261e-07
1.375e+00, 5.000e-01, -9.350e-01, 1.177e+05, 0.000e+00, 5.235e-04, 0.000e+00, 2.138e+00, 9.984e+02, 2.248e-07
1.375e+00, 5.000e-01, -9.250e-01, 1.176e+05, 0.000e+00, 5.207e-04, 0.000e+00, 2.136e+00, 9.984e+02, 2.235e-07
1.375e+00, 5.000e-01, -9.150e-01, 1.175e+05, 0.000e+00, 5.177e-04, 0.000e+00, 2.134e+00, 9.984e+02, 2.222e-07
1.375e+00, 5.000e-01, -9.050e-01, 1.174e+05, 0.000e+00, 5.136e-04, 0.000e+00, 2.132e+00, 9.984e+02, 2.205e-07
1.375e+00, 5.000e-01, -8.950e-01, 1.173e+05, 0.000e+00, 5.077e-04, 0.000e+00, 2.131e+00, 9.984e+02, 2.180e-07
1.375e+00, 5.000e-01, -8.850e-01, 1.172e+05, 0.000e+00, 5.004e-04, 0.000e+00, 2.129e+00, 9.984e+02, 2.148e-07
1.375e+00, 5.000e-01, -8.750e-01, 1.171e+05, 0.000e+00, 4.947e-04, 0.000e+00, 2.127e+00, 9.984e+02, 2.124e-07
1.375e+00, 5.000e-01, -8.650e-01, 1.170e+05, 0.000e+00, 4.987e-04, 0.000e+00, 2.125e+00, 9.984e+02, 2.141e-07
1.375e+00, 5.000e-01, -8.550e-01, 1.169e+05, 0.000e+00, 5.088e-04, 0.000e+00, 2.124e+00, 9.984e+02, 2.184e-07
1.375e+00, 5.000e-01, -8.450e-01, 1.168e+05, 0.000e+00, 5.151e-04, 0.000e+00, 2.122e+00, 9.984e+02, 2.211e-07
1.375e+00, 5.000e-01, -8.350e-01, 1.167e+05, 0.000e+00, 5.111e-04, 0.000e+00, 2.120e+00, 9.984e+02, 2.194e-07
1.375e+00, 5.000e-01, -8.250e-01, 1.166e+05, 0.000e+00, 5.017e-04, 0.000e+00, 2.118e+00, 9.984e+02, 2.154e-07
1.375e+00, 5.000e-01, -8.150e-01, 1.165e+05, 0.000e+00, 4.975e-04, 0.000e+00, 2.116e+00, 9.984e+02, 2.136e-07
1.375e+00, 5.000e-01, -8.050e-01, 1.164e+05, 0.000e+00, 5.056e-04, 0.000e+00, 2.115e+00, 9.984e+02, 2.171e-07
1.375e+00, 5.000e-01, -7.950e-01, 1.163e+05, 0.000e+00, 5.169e-04, 0.000e+00, 2.113e+00, 9.984e+02, 2.219e-07
1.375e+00, 5.000e-01, -7.850e-01, 1.162e+05, 0.000e+00, 5.238e-04, 0.000e+00, 2.111e+00, 9.984e+02, 2.249e-07
1.375e+00, 5.000e-01, -7.750e-01, 1.161e+05, 0.000e+00, 5.214e-04, 0.000e+00, 2.109e+00, 9.984e+02, 2.238e-07
1.375e+00, 5.000e-01, -7.650e-01, 1.160e+05, 0.000e+00, 5.108e-04, 0.000e+00, 2.107e+00, 9.984e+02, 2.193e-07
1.375e+00, 5.000e-01, -7.550e-01, 1.159e+05, 0.000e+00, 4.963e-04, 0.000e+00, 2.106e+00, 9.984e+02, 2.131e-07
1.375e+00, 5.000e-01, -7.450e-01, 1.158e+05, 0.000e+00, 4.885e-04, 0.000e+00, 2.104e+00, 9.984e+02, 2.097e-07
1.375e+00, 5.000e-01, -7.350e-01, 1.157e+05, 6.750e-07, 5.580e-04, 0.000e+00, 2.102e+00, 9.984e+02, 2.395e-07
1.375e+00, 5.000e-01, -7.250e-01, 1.156e+05, 4.719e-01, 1.895e-03, 0.000e+00, 2.100e+00, 9.986e+02, 8.558e-07
1.375e+00, 5.000e-01, -7.150e-01, 1.156e+05, 8.683e-01, 1.895e-03, 0.000e+00, 2.100e+00, 9.986e+02, 8.915e-07
1.375e+00, 5.000e-01, -7.050e-01, 1.169e+05, 1.449e-06, 5.928e-04, 0.000e+00, 2.124e+00, 9.984e+02, 2.603e-07
1.375e+00, 5.000e-01, -6.950e-01, 1.168e+05, 0.000e+00, 4.379e-04, 0.000e+00, 2.122e+00, 9.983e+02, 1.924e-07
1.375e+00, 5.000e-01, -6.850e-01, 1.167e+05, 0.000e+00, 3.029e-04, 0.000e+00, 2.120e+00, 9.983e+02, 1.330e-07
1.375e+00, 5.000e-01, -6.750e-01, 1.166e+05, 0.000e+00, 1.944e-04, 0.000e+00, 2.119e+00, 9.983e+02, 8.538e-08
1.375e+00, 5.000e-01, -6.650e-01, 1.165e+05, 0.000e+00, 1.156e-04, 0.000e+00, 2.117e+00, 9.983e+02, 5.076e-08
1.375e+00, 5.000e-01, -6.550e-01, 1.164e+05, 0.000e+00, 6.436e-05, 0.000e+00, 2.115e+00, 9.983e+02, 2.827e-08
1.375e+00, 5.000e-01, -6.450e-01, 1.163e+05, 0.000e+00, 3.570e-05, 0.000e+00, 2.113e+00, 9.983e+02, 1.568e-08
1.375e+00, 5.000e-01, -6.350e-01, 1.162e+05, 0.000e+00, 2.492e-05, 0.000e+00, 2.111e+00, 9.983e+02, 1.095e-08
1.375e+00, 5.000e-01, -6.250e-01, 1.161e+05, 0.000e+00, 3.046e-05, 0.000e+00, 2.110e+00, 9.983e+02, 1.338e-08
1.375e+00, 5.000e-01, -6.150e-01, 1.160e+05, 0.000e+00, 5.524e-05, 0.000e+00, 2.108e+00, 9.983e+02, 2.426e-08
1.375e+00, 5.000e-01, -6.050e-01, 1.159e+05, 0.000e+00, 1.062e-04, 0.000e+00, 2.106e+00, 9.983e+02, 4.665e-08
1.375e+00, 5.000e-01, -5.950e-01, 1.158e+05, 0.000e+00, 1.911e-04, 0.000e+00, 2.104e+00, 9.983e+02, 8.392e-08
1.375e+00, 5.000e-01, -5.850e-01, 1.157e+05, 0.000e+00, 3.117e-04, 0.000e+00, 2.102e+00, 9.983e+02, 1.369e-07
1.375e+00, 5.000e-01, -5.750e-01, 1.156e+05, 0.000e+00, 4.566e-04, 0.000e+00, 2.101e+00, 9.983e+02, 2.006e-07
1.375e+00, 5.000e-01, -5.650e-01, 1.155e+05, 0.000e+00, 5.965e-04, 0.000e+00, 2.099e+00, 9.984e+02, 2.630e-07
1.375e+00, 5.000e-01, -5.550e-01, 1.140e+05, 0.000e+00, 6.924e-04, 0.000e+00, 2.070e+00, 9.984e+02, 3.111e-07
1.375e+00, 5.000e-01, -5.450e-01, 1.139e+05, 0.000e+00, 7.137e-04, 0.000e+00, 2.068e+00, 9.984e+02, 3.207e-07
1.375e+00, 5.000e-01, -5.350e-01, 1.138e+05, 0.000e+00, 6.868e-04, 0.000e+00, 2.067e+00, 9.984e+02, 3.085e-07
1.375e+00, 5.000e-01, -5.250e-01, 1.137e+05, 0.000e+00, 6.436e-04, 0.000e+00, 2.065e+00, 9.984e+02, 2.902e-07
1.375e+00, 5.000e-01, -5.150e-01, 1.136e+05, 0.000e+00, 6.096e-04, 0.000e+00, 2.063e+00, 9.984e+02, 2.758e-07
1.375e+00, 5.000e-01, -5.050e-01, 1.134e+05, 0.000e+00, 5.897e-04, 0.000e+00, 2.061e+00, 9.984e+02, 2.667e-07
1.375e+00, 5.000e-01, -4.950e-01, 1.133e+05, 0.000e+00, 5.819e-04, 0.000e+00, 2.059e+00, 9.984e+02, 2.620e-07
1.375e+00, 5.000e-01, -4.850e-01, 1.133e+05, 0.000e+00, 5.795e-04, 0.000e+00, 2.057e+00, 9.984e+02, 2.589e-07
1.375e+00, 5.000e-01, -4.750e-01, 1.132e+05, 0.000e+00, 5.760e-04, 0.000e+00, 2.056e+00, 9.984e+02, 2.553e-07
1.375e+00, 5.000e-01, -4.650e-01, 1.131e+05, 0.000e+00, 5.701e-04, 0.000e+00, 2.054e+00, 9.984e+02, 2.506e-07
1.375e+00, 5.000e-01, -4.550e-01, 1.130e+05, 0.000e+00, 5.601e-04, 0.000e+00, 2.052e+00, 9.984e+02, 2.442e-07
1.375e+00, 5.000e-01, -4.450e-01, 1.129e+05, 0.000e+00, 5.457e-04, 0.000e+00, 2.050e+00, 9.984e+02, 2.360e-07
1.375e+00, 5.000e-01, -4.350e-01, 1.128e+05, 0.000e+00, 5.264e-04, 0.000e+00, 2.048e+00, 9.984e+02, 2.261e-07
1.375e+00, 5.000e-01, -4.250e-01, 1.127e+05, 0.000e+00, 4.946e-04, 0.000e+00, 2.047e+00, 9.984e+02, 2.218e-07
1.375e+00, 5.000e-01, -4.150e-01, 1.126e+05, 0.000e+00, 4.660e-04, 0.000e+00, 2.045e+00, 9.983e+02, 2.093e-07
1.375e+00, 5.000e-01, -4.050e-01, 1.125e+05, 0.000e+00, 4.391e-04, 0.000e+00, 2.043e+00, 9.983e+02, 1.973e-07
1.375e+00, 5.000e-01, -3.950e-01, 1.124e+05, 0.000e+00, 4.149e-04, 0.000e+00, 2.041e+00, 9.983e+02, 1.864e-07
1.375e+00, 5.000e-01, -3.850e-01, 1.123e+05, 0.000e+00, 3.921e-04, 0.000e+00, 2.040e+00, 9.983e+02, 1.762e-07
1.375e+00, 5.000e-01, -3.750e-01, 1.122e+05, 0.000e+00, 3.679e-04, 0.000e+00, 2.038e+00, 9.983e+02, 1.653e-07
1.375e+00, 5.000e-01, -3.650e-01, 1.121e+05, 0.000e+00, 3.401e-04, 0.000e+00, 2.036e+00, 9.983e+02, 1.528e-07
1.375e+00, 5.000e-01, -3.550e-01, 1.120e+05, 0.000e+00, 3.109e-04, 0.000e+00, 2.034e+00, 9.983e+02, 1.397e-07
1.375e+00, 5.000e-01, -3.450e-01, 1.119e+05, 0.000e+00, 2.828e-04, 0.000e+00, 2.033e+00, 9.983e+02, 1.270e-07
1.375e+00, 5.000e-01, -3.350e-01, 1.118e+05, 0.000e+00, 2.583e-04, 0.000e+00, 2.031e+00, 9.983e+02, 1.153e-07
1.375e+00, 5.000e-01, -3.250e-01, 1.118e+05, 0.000e+00, 2.356e-04, 0.000e+00, 2.030e+00, 9.983e+02, 1.035e-07
1.375e+00, 5.000e-01, -3.150e-01, 1.117e+05, 0.000e+00, 2.130e-04, 0.000e+00, 2.029e+00, 9.983e+02, 9.356e-08
1.375e+00, 5.000e-01, -3.050e-01, 1.116e+05, 0.000e+00, 1.839e-04, 0.000e+00, 2.027e+00, 9.983e+02, 8.088e-08
1.375e+00, 5.000e-01, -2.950e-01, 1.114e+05, 0.000e+00, 1.277e-04, 0.000e+00, 2.023e+00, 9.983e+02, 5.862e-08
1.375e+00, 5.000e-01, -2.850e-01, 1.114e+05, 0.000e+00, 1.177e-04, 0.000e+00, 2.023e+00, 9.983e+02, 5.230e-08
1.375e+00, 5.000e-01, -2.750e-01, 1.113e+05, 0.000e+00, 1.205e-04, 0.000e+00, 2.021e+00, 9.983e+02, 5.292e-08
1.375e+00, 5.000e-01, -2.650e-01, 1.112e+05, 0.000e+00, 1.280e-04, 0.000e+00, 2.020e+00, 9.983e+02, 5.621e-08
1.375e+00, 5.000e-01, -2.550e-01, 1.111e+05, 0.000e+00, 1.356e-04, 0.000e+00, 2.018e+00, 9.983e+02, 5.956e-08
1.375e+00, 5.000e-01, -2.450e-01, 1.112e+05, 0.000e+00, 1.572e-04, 0.000e+00, 2.020e+00, 9.983e+02, 6.778e-08
1.375e+00, 5.000e-01, -2.350e-01, 1.111e+05, 0.000e+00, 1.704e-04, 0.000e+00, 2.018e+00, 9.983e+02, 7.313e-08
1.375e+00, 5.000e-01, -2.250e-01, 1.110e+05, 0.000e+00, 1.578e-04, 0.000e+00, 2.016e+00, 9.983e+02, 6.775e-08
1.375e+00, 5.000e-01, -2.150e-01, 1.106e+05, 0.000e+00, 9.900e-05, 0.000e+00, 2.009e+00, 9.983e+02, 4.457e-08
1.375e+00, 5.000e-01, -2.050e-01, 1.108e+05, 0.000e+00, 1.332e-04, 0.000e+00, 2.012e+00, 9.983e+02, 5.824e-08
1.375e+00, 5.000e-01, -1.950e-01, 1.107e+05, 0.000e+00, 2.122e-04, 0.000e+00, 2.011e+00, 9.983e+02, 9.109e-08
1.375e+00, 5.000e-01, -1.850e-01, 1.106e+05, 0.000e+00, 2.806e-04, 0.000e+00, 2.009e+00, 9.983e+02, 1.205e-07
1.375e+00, 5.000e-01, -1.750e-01, 1.105e+05, 0.000e+00, 3.108e-04, 0.000e+00, 2.007e+00, 9.983e+02, 1.339e-07
1.375e+00, 5.000e-01, -1.650e-01, 1.116e+05, 0.000e+00, 2.804e-04, 0.000e+00, 2.027e+00, 9.983e+02, 1.232e-07
1.375e+00, 5.000e-01, -1.550e-01, 1.115e+05, 0.000e+00, 2.088e-04, 0.000e+00, 2.025e+00, 9.983e+02, 9.173e-08
1.375e+00, 5.000e-01, -1.450e-01, 1.114e+05, 0.000e+00, 1.347e-04, 0.000e+00, 2.024e+00, 9.983e+02, 5.915e-08
1.375e+00, 5.000e-01, -1.350e-01, 1.113e+05, 0.000e+00, 7.754e-05, 0.000e+00, 2.022e+00, 9.983e+02, 3.406e-08
1.375e+00, 5.000e-01, -1.250e-01, 1.112e+05, 0.000e+00, 4.071e-05, 0.000e+00, 2.020e+00, 9.983e+02, 1.788e-08
1.375e+00, 5.000e-01, -1.150e-01, 1.111e+05, 0.000e+00, 1.979e-05, 0.000e+00, 2.018e+00, 9.983e+02, 8.691e-09
1.375e+00, 5.000e-01, -1.050e-01, 1.110e+05, 0.000e+00, 8.997e-06, 0.000e+00, 2.017e+00, 9.983e+02, 3.952e-09
1.375e+00, 5.000e-01, -9.500e-02, 1.109e+05, 0.000e+00, 3.857e-06, 0.000e+00, 2.015e+00, 9.983e+02, 1.694e-09
1.375e+00, 5.000e-01, -8.500e-02, 1.108e+05, 0.000e+00, 1.567e-06, 0.000e+00, 2.013e+00, 9.983e+02, 6.884e-10
1.375e+00, 5.000e-01, -7.500e-02, 1.107e+05, 0.000e+00, 6.057e-07, 0.000e+00, 2.011e+00, 9.983e+02, 2.660e-10
1.375e+00, 5.000e-01, -6.500e-02, 1.106e+05, 0.000e+00, 2.232e-07, 0.000e+00, 2.009e+00, 9.983e+02, 9.804e-11
1.375e+00, 5.000e-01, -5.500e-02, 1.105e+05, 0.000e+00, 7.857e-08, 0.000e+00, 2.008e+00, 9.983e+02, 3.451e-11
1.375e+00, 5.000e-01, -4.500e-02, 1.104e+05, 0.000e+00, 2.646e-08, 0.000e+00, 2.006e+00, 9.983e+02, 1.162e-11
1.375e+00, 5.000e-01, -3.500e-02, 1.103e+05, 0.000e+00, 8.541e-09, 0.000e+00, 2.004e+00, 9.983e+02, 3.752e-12
1.375e+00, 5.000e-01, -2.500e-02, 1.102e+05, 0.000e+00, 2.651e-09, 0.000e+00, 2.002e+00, 9.983e+02, 1.165e-12
1.375e+00, 5.000e-01, -1.500e-02, 1.101e+05, 0.000e+00, 8.069e-10, 0.000e+00, 2.000e+00, 9.983e+02, 3.544e-13
1.375e+00, 5.000e-01, -5.000e-03, 1.100e+05, 0.000e+00, 2.753e-10, 0.000e+00, 1.999e+00, 9.983e+02, 1.209e-13
1.385e+00, 5.000e-01, -1.195e+00, 1.202e+05, 0.000e+00, 1.002e-13, 0.000e+00, 2.184e+00, 9.983e+02, 2.000e-17
1.385e+00, 5.000e-01, -1.185e+00, 1.201e+05, 0.000e+00, 1.002e-13, 0.000e+00, 2.182e+00, 9.983e+02, 2.000e-17
1.385e+00, 5.000e-01, -1.175e+00, 1.200e+05, 0.000e+00, 1.002e-13, 0.000e+00, 2.181e+00, 9.983e+02, 2.000e-17
1.385e+00, 5.000e-01, -1.165e+00, 1.199e+05, 0.000e+00, 1.002e-13, 0.000e+00, 2.179e+00, 9.983e+02, 2.000e-17
1.385e+00, 5.000e-01, -1.155e+00, 1.198e+05, 0.000e+00, 1.002e-13, 0.000e+00, 2.177e+00, 9.983e+02, 2.000e-17
1.385e+00, 5.000e-01, -1.145e+00, 1.197e+05, 0.000e+00, 1.002e-13, 0.000e+00, 2.175e+00, 9.983e+02, 2.000e-17
1.385e+00, 5.000e-01, -1.135e+00, 1.196e+05, 0.000e+00, 1.002e-13, 0.000e+00, 2.173e+00, 9.983e+02, 2.000e-17
1.385e+00, 5.000e-01, -1.125e+00, 1.195e+05, 0.000e+00, 1.002e-13, 0.000e+00, 2.172e+00, 9.983e+02, 2.000e-17
1.385e+00, 5.000e-01, -1.115e+00, 1.194e+05, 0.000e+00, 1.002e-13, 0.000e+00, 2.170e+00, 9.983e+02, 2.000e-17
1.385e+00, 5.000e-01, -1.105e+00, 1.193e+05, 0.000e+00, 1.002e-13, 0.000e+00, 2.168e+00, 9.983e+02, 2.000e-17
1.385e+00, 5.000e-01, -1.095e+00, 1.192e+05, 0.000e+00, 1.002e-13, 0.000e+00, 2.166e+00, 9.983e+02, 2.000e-17
1.385e+00, 5.000e-01, -1.085e+00, 1.191e+05, 0.000e+00, 3.860e-09, 0.000e+00, 2.165e+00, 9.983e+02, 1.657e-12
1.385e+00, 5.000e-01, -1.075e+00, 1.190e+05, 0.000e+00, 1.012e-03, 0.000e+00, 2.163e+00, 9.984e+02, 4.344e-07
1.385e+00, 5.000e-01, -1.065e+00, 1.189e+05, 0.000e+00, 9.628e-04, 0.000e+00, 2.161e+00, 9.984e+02, 4.134e-07
1.385e+00, 5.000e-01, -1.055e+00, 1.188e+05, 0.000e+00, 8.531e-04, 0.000e+00, 2.159e+00, 9.984e+02, 3.662e-07
1.385e+00, 5.000e-01, -1.045e+00, 1.187e+05, 0.000e+00, 7.323e-04, 0.000e+00, 2.158e+00, 9.984e+02, 3.144e-07
1.385e+00, 5.000e-01, -1.035e+00, 1.186e+05, 0.000e+00, 6.319e-04, 0.000e+00, 2.156e+00, 9.984e+02, 2.713e-07
1.385e+00, 5.000e-01, -1.025e+00, 1.185e+05, 0.000e+00, 5.636e-04, 0.000e+00, 2.154e+00, 9.984e+02, 2.419e-07
1.385e+00, 5.000e-01, -1.015e+00, 1.185e+05, 0.000e+00, 5.369e-04, 0.000e+00, 2.152e+00, 9.984e+02, 2.305e-07
1.385e+00, 5.000e-01, -1.005e+00, 1.184e+05, 0.000e+00, 5.285e-04, 0.000e+00, 2.150e+00, 9.984e+02, 2.269e-07
1.385e+00, 5.000e-01, -9.950e-01, 1.183e+05, 0.000e+00, 5.248e-04, 0.000e+00, 2.149e+00, 9.984e+02, 2.253e-07
1.385e+00, 5.000e-01, -9.850e-01, 1.182e+05, 0.000e+00, 5.209e-04, 0.000e+00, 2.147e+00, 9.984e+02, 2.236e-07
1.385e+00, 5.000e-01, -9.750e-01, 1.181e+05, 0.000e+00, 5.160e-04, 0.000e+00, 2.145e+00, 9.984e+02, 2.215e-07
1.385e+00, 5.000e-01, -9.650e-01, 1.180e+05, 0.000e+00, 5.104e-04, 0.000e+00, 2.143e+00, 9.984e+02, 2.191e-07
1.385e+00, 5.000e-01, -9.550e-01, 1.179e+05, 0.000e+00, 5.046e-04, 0.000e+00, 2.141e+00, 9.984e+02, 2.166e-07
1.385e+00, 5.000e-01, -9.450e-01, 1.178e+05, 0.000e+00, 4.989e-04, 0.000e+00, 2.140e+00, 9.984e+02, 2.142e-07
1.385e+00, 5.000e-01, -9.350e-01, 1.177e+05, 0.000e+00, 4.933e-04, 0.000e+00, 2.138e+00, 9.984e+02, 2.118e-07
1.385e+00, 5.000e-01, -9.250e-01, 1.176e+05, 0.000e+00, 4.878e-04, 0.000e+00, 2.136e+00, 9.984e+02, 2.094e-07
1.385e+00, 5.000e-01, -9.150e-01, 1.175e+05, 0.000e+00, 4.821e-04, 0.000e+00, 2.134e+00, 9.984e+02, 2.070e-07
1.385e+00, 5.000e-01, -9.050e-01, 1.174e+05, 0.000e+00, 4.761e-04, 0.000e+00, 2.132e+00, 9.983e+02, 2.044e-07
1.385e+00, 5.000e-01, -8.950e-01, 1.173e+05, 0.000e+00, 4.697e-04, 0.000e+00, 2.131e+00, 9.983e+02, 2.017e-07
1.385e+00, 5.000e-01, -8.850e-01, 1.172e+05, 0.000e+00, 4.635e-04, 0.000e+00, 2.129e+00, 9.983e+02, 1.990e-07
1.385e+00, 5.000e-01, -8.750e-01, 1.171e+05, 0.000e+00, 4.584e-04, 0.000e+00, 2.127e+00, 9.983e+02, 1.968e-07
1.385e+00, 5.000e-01, -8.650e-01, 1.170e+05, 0.000e+00, 4.555e-04, 0.000e+00, 2.125e+00, 9.983e+02, 1.955e-07
1.385e+00, 5.000e-01, -8.550e-01, 1.169e+05, 0.000e+00, 4.545e-04, 0.000e+00, 2.124e+00, 9.983e+02, 1.951e-07
1.385e+00, 5.000e-01, -8.450e-01, 1.168e+05, 0.000e+00, 4.529e-04, 0.000e+00, 2.122e+00, 9.983e+02, 1.944e-07
1.385e+00, 5.000e-01, -8.350e-01, 1.167e+05, 0.000e+00, 4.492e-04, 0.000e+00, 2.120e+00, 9.983e+02, 1.929e-07
1.385e+00, 5.000e-01, -8.250e-01, 1.166e+05, 0.000e+00, 4.454e-04, 0.000e+00, 2.118e+00, 9.983e+02, 1.912e-07
1.385e+00, 5.000e-01, -8.150e-01, 1.165e+05, 0.000e+00, 4.444e-04, 0.000e+00, 2.116e+00, 9.983e+02, 1.908e-07
1.385e+00, 5.000e-01, -8.050e-01, 1.164e+05, 0.000e+00, 4.477e-04, 0.000e+00, 2.115e+00, 9.983e+02, 1.922e-07
1.385e+00, 5.000e-01, -7.950e-01, 1.163e+05, 0.000e+00, 4.567e-04, 0.000e+00, 2.113e+00, 9.983e+02, 1.961e-07
1.385e+00, 5.000e-01, -7.850e-01, 1.162e+05, 0.000e+00, 4.671e-04, 0.000e+00, 2.111e+00, 9.983e+02, 2.005e-07
1.385e+00, 5.000e-01, -7.750e-01, 1.161e+05, 0.000e+00, 4.740e-04, 0.000e+00, 2.109e+00, 9.983e+02, 2.035e-07
1.385e+00, 5.000e-01, -7.650e-01, 1.160e+05, 0.000e+00, 4.747e-04, 0.000e+00, 2.107e+00, 9.983e+02, 2.038e-07
1.385e+00, 5.000e-01, -7.550e-01, 1.159e+05, 0.000e+00, 4.702e-04, 0.000e+00, 2.106e+00, 9.983e+02, 2.018e-07
1.385e+00, 5.000e-01, -7.450e-01, 1.158e+05, 0.000e+00, 4.687e-04, 0.000e+00, 2.104e+00, 9.983e+02, 2.012e-07
1.385e+00, 5.000e-01, -7.350e-01, 1.157e+05, 6.749e-07, 5.366e-04, 0.000e+00, 2.102e+00, 9.984e+02, 2.304e-07
1.385e+00, 5.000e-01, -7.250e-01, 1.156e+05, 4.718e-01, 1.895e-03, 0.000e+00, 2.100e+00, 9.986e+02, 8.558e-07
1.385e+00, 5.000e-01, -7.150e-01, 1.156e+05, 8.683e-01, 1.895e-03, 0.000e+00, 2.100e+00, 9.986e+02, 8.914e-07
1.385e+00, 5.000e-01, -7.050e-01, 1.169e+05, 1.449e-06, 6.093e-04, 0.000e+00, 2.124e+00, 9.984e+02, 2.673e-07
1.385e+00, 5.000e-01, -6.950e-01, 1.168e+05, 0.000e+00, 4.529e-04, 0.000e+00, 2.122e+00, 9.983e+02, 1.989e-07
1.385e+00, 5.000e-01, -6.850e-01, 1.167e+05, 0.000e+00, 3.152e-04, 0.000e+00, 2.120e+00, 9.983e+02, 1.384e-07
1.385e+00, 5.000e-01, -6.750e-01, 1.166e+05, 0.000e+00, 2.036e-04, 0.000e+00, 2.119e+00, 9.983e+02, 8.941e-08
1.385e+00, 5.000e-01, -6.650e-01, 1.165e+05, 0.000e+00, 1.218e-04, 0.000e+00, 2.117e+00, 9.983e+02, 5.351e-08
1.385e+00, 5.000e-01, -6.550e-01, 1.164e+05, 0.000e+00, 6.831e-05, 0.000e+00, 2.115e+00, 9.983e+02, 3.000e-08
1.385e+00, 5.000e-01, -6.450e-01, 1.163e+05, 0.000e+00, 3.813e-05, 0.000e+00, 2.113e+00, 9.983e+02, 1.675e-08
1.385e+00, 5.000e-01, -6.350e-01, 1.162e+05, 0.000e+00, 2.661e-05, 0.000e+00, 2.111e+00, 9.983e+02, 1.169e-08
1.385e+00, 5.000e-01, -6.250e-01, 1.161e+05, 0.000e+00, 3.216e-05, 0.000e+00, 2.110e+00, 9.983e+02, 1.412e-08
1.385e+00, 5.000e-01, -6.150e-01, 1.160e+05, 0.000e+00, 5.765e-05, 0.000e+00, 2.108e+00, 9.983e+02, 2.532e-08
1.385e+00, 5.000e-01, -6.050e-01, 1.159e+05, 0.000e+00, 1.100e-04, 0.000e+00, 2.106e+00, 9.983e+02, 4.830e-08
1.385e+00, 5.000e-01, -5.950e-01, 1.158e+05, 0.000e+00, 1.965e-04, 0.000e+00, 2.104e+00, 9.983e+02, 8.630e-08
1.385e+00, 5.000e-01, -5.850e-01, 1.157e+05, 0.000e+00, 3.185e-04, 0.000e+00, 2.102e+00, 9.983e+02, 1.399e-07
1.385e+00, 5.000e-01, -5.750e-01, 1.156e+05, 0.000e+00, 4.636e-04, 0.000e+00, 2.101e+00, 9.983e+02, 2.037e-07
1.385e+00, 5.000e-01, -5.650e-01, 1.155e+05, 0.000e+00, 6.020e-04, 0.000e+00, 2.099e+00, 9.984e+02, 2.654e-07
1.385e+00, 5.000e-01, -5.550e-01, 1.140e+05, 0.000e+00, 6.946e-04, 0.000e+00, 2.070e+00, 9.984e+02, 3.121e-07
1.385e+00, 5.000e-01, -5.450e-01, 1.139e+05, 0.000e+00, 7.120e-04, 0.000e+00, 2.068e+00, 9.984e+02, 3.199e-07
1.385e+00, 5.000e-01, -5.350e-01, 1.138e+05, 0.000e+00, 6.859e-04, 0.000e+00, 2.067e+00, 9.984e+02, 3.082e-07
1.385e+00, 5.000e-01, -5.250e-01, 1.137e+05, 0.000e+00, 6.481e-04, 0.000e+00, 2.065e+00, 9.984e+02, 2.912e-07
1.385e+00, 5.000e-01, -5.150e-01, 1.136e+05, 0.000e+00, 6.172e-04, 0.000e+00, 2.063e+00, 9.984e+02, 2.773e-07
1.385e+00, 5.000e-01, -5.050e-01, 1.135e+05, 0.000e+00, 5.968e-04, 0.000e+00, 2.061e+00, 9.984e+02, 2.681e-07
1.385e+00, 5.000e-01, -4.950e-01, 1.134e+05, 0.000e+00, 5.867e-04, 0.000e+00, 2.059e+00, 9.984e+02, 2.632e-07
1.385e+00, 5.000e-01, -4.850e-01, 1.133e+05, 0.000e+00, 5.840e-04, 0.000e+00, 2.057e+00, 9.984e+02, 2.595e-07
1.385e+00, 5.000e-01, -4.750e-01, 1.132e+05, 0.000e+00, 5.814e-04, 0.000e+00, 2.055e+00, 9.984e+02, 2.642e-07
1.385e+00, 5.000e-01, -4.650e-01, 1.131e+05, 0.000e+00, 5.763e-04, 0.000e+00, 2.054e+00, 9.984e+02, 2.647e-07
1.385e+00, 5.000e-01, -4.550e-01, 1.130e+05, 0.000e+00, 5.670e-04, 0.000e+00, 2.052e+00, 9.984e+02, 2.604e-07
1.385e+00, 5.000e-01, -4.450e-01, 1.129e+05, 0.000e+00, 5.534e-04, 0.000e+00, 2.050e+00, 9.984e+02, 2.541e-07
1.385e+00, 5.000e-01, -4.350e-01, 1.128e+05, 0.000e+00, 5.358e-04, 0.000e+00, 2.048e+00, 9.984e+02, 2.457e-07
1.385e+00, 5.000e-01, -4.250e-01, 1.127e+05, 0.000e+00, 5.145e-04, 0.000e+00, 2.046e+00, 9.984e+02, 2.351e-07
1.385e+00, 5.000e-01, -4.150e-01, 1.126e+05, 0.000e+00, 4.845e-04, 0.000e+00, 2.045e+00, 9.983e+02, 2.199e-07
1.385e+00, 5.000e-01, -4.050e-01, 1.125e+05, 0.000e+00, 4.541e-04, 0.000e+00, 2.043e+00, 9.983e+02, 2.047e-07
1.385e+00, 5.000e-01, -3.950e-01, 1.124e+05, 0.000e+00, 4.272e-04, 0.000e+00, 2.041e+00, 9.983e+02, 1.919e-07
1.385e+00, 5.000e-01, -3.850e-01, 1.123e+05, 0.000e+00, 4.038e-04, 0.000e+00, 2.040e+00, 9.983e+02, 1.814e-07
1.385e+00, 5.000e-01, -3.750e-01, 1.122e+05, 0.000e+00, 3.808e-04, 0.000e+00, 2.038e+00, 9.983e+02, 1.711e-07
1.385e+00, 5.000e-01, -3.650e-01, 1.121e+05, 0.000e+00, 3.544e-04, 0.000e+00, 2.036e+00, 9.983e+02, 1.592e-07
1.385e+00, 5.000e-01, -3.550e-01, 1.120e+05, 0.000e+00, 3.249e-04, 0.000e+00, 2.034e+00, 9.983e+02, 1.460e-07
1.385e+00, 5.000e-01, -3.450e-01, 1.119e+05, 0.000e+00, 2.949e-04, 0.000e+00, 2.033e+00, 9.983e+02, 1.325e-07
1.385e+00, 5.000e-01, -3.350e-01, 1.118e+05, 0.000e+00, 2.676e-04, 0.000e+00, 2.031e+00, 9.983e+02, 1.199e-07
1.385e+00, 5.000e-01, -3.250e-01, 1.118e+05, 0.000e+00, 2.426e-04, 0.000e+00, 2.030e+00, 9.983e+02, 1.066e-07
1.385e+00, 5.000e-01, -3.150e-01, 1.117e+05, 0.000e+00, 2.173e-04, 0.000e+00, 2.029e+00, 9.983e+02, 9.547e-08
1.385e+00, 5.000e-01, -3.050e-01, 1.116e+05, 0.000e+00, 1.874e-04, 0.000e+00, 2.027e+00, 9.983e+02, 8.229e-08
1.385e+00, 5.000e-01, -2.950e-01, 1.114e+05, 0.000e+00, 1.346e-04, 0.000e+00, 2.023e+00, 9.983e+02, 6.149e-08
1.385e+00, 5.000e-01, -2.850e-01, 1.113e+05, 0.000e+00, 1.269e-04, 0.000e+00, 2.021e+00, 9.983e+02, 5.706e-08
1.385e+00, 5.000e-01, -2.750e-01, 1.113e+05, 0.000e+00, 1.388e-04, 0.000e+00, 2.021e+00, 9.983e+02, 6.098e-08
1.385e+00, 5.000e-01, -2.650e-01, 1.112e+05, 0.000e+00, 1.545e-04, 0.000e+00, 2.020e+00, 9.983e+02, 6.786e-08
1.385e+00, 5.000e-01, -2.550e-01, 1.111e+05, 0.000e+00, 1.660e-04, 0.000e+00, 2.018e+00, 9.983e+02, 7.293e-08
1.385e+00, 5.000e-01, -2.450e-01, 1.112e+05, 0.000e+00, 1.893e-04, 0.000e+00, 2.020e+00, 9.983e+02, 8.177e-08
1.385e+00, 5.000e-01, -2.350e-01, 1.111e+05, 0.000e+00, 1.985e-04, 0.000e+00, 2.018e+00, 9.983e+02, 8.522e-08
1.385e+00, 5.000e-01, -2.250e-01, 1.110e+05, 0.000e+00, 1.772e-04, 0.000e+00, 2.016e+00, 9.983e+02, 7.605e-08
1.385e+00, 5.000e-01, -2.150e-01, 1.106e+05, 0.000e+00, 1.102e-04, 0.000e+00, 2.009e+00, 9.983e+02, 4.954e-08
1.385e+00, 5.000e-01, -2.050e-01, 1.108e+05, 0.000e+00, 1.452e-04, 0.000e+00, 2.012e+00, 9.983e+02, 6.364e-08
1.385e+00, 5.000e-01, -1.950e-01, 1.107e+05, 0.000e+00, 2.325e-04, 0.000e+00, 2.011e+00, 9.983e+02, 9.979e-08
1.385e+00, 5.000e-01, -1.850e-01, 1.106e+05, 0.000e+00, 2.998e-04, 0.000e+00, 2.009e+00, 9.983e+02, 1.287e-07
1.385e+00, 5.000e-01, -1.750e-01, 1.105e+05, 0.000e+00, 3.237e-04, 0.000e+00, 2.007e+00, 9.983e+02, 1.394e-07
1.385e+00, 5.000e-01, -1.650e-01, 1.116e+05, 0.000e+00, 2.885e-04, 0.000e+00, 2.027e+00, 9.983e+02, 1.267e-07
1.385e+00, 5.000e-01, -1.550e-01, 1.115e+05, 0.000e+00, 2.132e-04, 0.000e+00, 2.025e+00, 9.983e+02, 9.364e-08
1.385e+00, 5.000e-01, -1.450e-01, 1.114e+05, 0.000e+00, 1.371e-04, 0.000e+00, 2.024e+00, 9.983e+02, 6.023e-08
1.385e+00, 5.000e-01, -1.350e-01, 1.113e+05, 0.000e+00, 7.914e-05, 0.000e+00, 2.022e+00, 9.983e+02, 3.476e-08
1.385e+00, 5.000e-01, -1.250e-01, 1.112e+05, 0.000e+00, 4.180e-05, 0.000e+00, 2.020e+00, 9.983e+02, 1.836e-08
1.385e+00, 5.000e-01, -1.150e-01, 1.111e+05, 0.000e+00, 2.050e-05, 0.000e+00, 2.018e+00, 9.983e+02, 9.003e-09
1.385e+00, 5.000e-01, -1.050e-01, 1.110e+05, 0.000e+00, 9.427e-06, 0.000e+00, 2.017e+00, 9.983e+02, 4.141e-09
1.385e+00, 5.000e-01, -9.500e-02, 1.109e+05, 0.000e+00, 4.097e-06, 0.000e+00, 2.015e+00, 9.983e+02, 1.799e-09
1.385e+00, 5.000e-01, -8.500e-02, 1.108e+05, 0.000e+00, 1.690e-06, 0.000e+00, 2.013e+00, 9.983e+02, 7.425e-10
1.385e+00, 5.000e-01, -7.500e-02, 1.107e+05, 0.000e+00, 6.646e-07, 0.000e+00, 2.011e+00, 9.983e+02, 2.919e-10
1.385e+00, 5.000e-01, -6.500e-02, 1.106e+05, 0.000e+00, 2.495e-07, 0.000e+00, 2.009e+00, 9.983e+02, 1.096e-10
1.385e+00, 5.000e-01, -5.500e-02, 1.105e+05, 0.000e+00, 8.959e-08, 0.000e+00, 2.008e+00, 9.983e+02, 3.935e-11
1.385e+00, 5.000e-01, -4.500e-02, 1.104e+05, 0.000e+00, 3.082e-08, 0.000e+00, 2.006e+00, 9.983e+02, 1.354e-11
1.385e+00, 5.000e-01, -3.500e-02, 1.103e+05, 0.000e+00, 1.017e-08, 0.000e+00, 2.004e+00, 9.983e+02, 4.467e-12
1.385e+00, 5.000e-01, -2.500e-02, 1.102e+05, 0.000e+00, 3.233e-09, 0.000e+00, 2.002e+00, 9.983e+02, 1.420e-12
1.385e+00, 5.000e-01, -1.500e-02, 1.101e+05, 0.000e+00, 1.009e-09, 0.000e+00, 2.000e+00, 9.983e+02, 4.432e-13
1.385e+00, 5.000e-01, -5.000e-03, 1.100e+05, 0.000e+00, 3.527e-10, 0.000e+00, 1.999e+00, 9.983e+02, 1.549e-13
1.395e+00, 5.000e-01, -1.195e+00, 1.202e+05, 0.000e+00, 1.002e-13, 0.000e+00, 2.184e+00, 9.983e+02, 2.000e-17
1.395e+00, 5.000e-01, -1.185e+00, 1.201e+05, 0.000e+00, 1.002e-13, 0.000e+00, 2.182e+00, 9.983e+02, 2.000e-17
1.395e+00, 5.000e-01, -1.175e+00, 1.200e+05, 0.000e+00, 1.002e-13, 0.000e+00, 2.181e+00, 9.983e+02, 2.000e-17
1.395e+00, 5.000e-01, -1.165e+00, 1.199e+05, 0.000e+00, 1.002e-13, 0.000e+00, 2.179e+00, 9.983e+02, 2.000e-17
1.395e+00, 5.000e-01, -1.155e+00, 1.198e+05, 0.000e+00, 1.002e-13, 0.000e+00, 2.177e+00, 9.983e+02, 2.000e-17
1.395e+00, 5.000e-01, -1.145e+00, 1.197e+05, 0.000e+00, 1.002e-13, 0.000e+00, 2.175e+00, 9.983e+02, 2.000e-17
1.395e+00, 5.000e-01, -1.135e+00, 1.196e+05, 0.000e+00, 1.002e-13, 0.000e+00, 2.173e+00, 9.983e+02, 2.000e-17
1.395e+00, 5.000e-01, -1.125e+00, 1.195e+05, 0.000e+00, 1.002e-13, 0.000e+00, 2.172e+00, 9.983e+02, 2.000e-17
1.395e+00, 5.000e-01, -1.115e+00, 1.194e+05, 0.000e+00, 1.002e-13, 0.000e+00, 2.170e+00, 9.983e+02, 2.000e-17
1.395e+00, 5.000e-01, -1.105e+00, 1.193e+05, 0.000e+00, 1.002e-13, 0.000e+00, 2.168e+00, 9.983e+02, 2.000e-17
1.395e+00, 5.000e-01, -1.095e+00, 1.192e+05, 0.000e+00, 1.002e-13, 0.000e+00, 2.166e+00, 9.983e+02, 2.000e-17
1.395e+00, 5.000e-01, -1.085e+00, 1.191e+05, 0.000e+00, 3.849e-09, 0.000e+00, 2.165e+00, 9.983e+02, 1.639e-12
1.395e+00, 5.000e-01, -1.075e+00, 1.190e+05, 0.000e+00, 1.009e-03, 0.000e+00, 2.163e+00, 9.984e+02, 4.297e-07
1.395e+00, 5.000e-01, -1.065e+00, 1.189e+05, 0.000e+00, 9.695e-04, 0.000e+00, 2.161e+00, 9.984e+02, 4.162e-07
1.395e+00, 5.000e-01, -1.055e+00, 1.188e+05, 0.000e+00, 8.566e-04, 0.000e+00, 2.159e+00, 9.984e+02, 3.678e-07
1.395e+00, 5.000e-01, -1.045e+00, 1.187e+05, 0.000e+00, 7.363e-04, 0.000e+00, 2.158e+00, 9.984e+02, 3.161e-07
1.395e+00, 5.000e-01, -1.035e+00, 1.186e+05, 0.000e+00, 6.385e-04, 0.000e+00, 2.156e+00, 9.984e+02, 2.741e-07
1.395e+00, 5.000e-01, -1.025e+00, 1.185e+05, 0.000e+00, 5.662e-04, 0.000e+00, 2.154e+00, 9.984e+02, 2.431e-07
1.395e+00, 5.000e-01, -1.015e+00, 1.185e+05, 0.000e+00, 5.335e-04, 0.000e+00, 2.152e+00, 9.984e+02, 2.290e-07
1.395e+00, 5.000e-01, -1.005e+00, 1.184e+05, 0.000e+00, 5.193e-04, 0.000e+00, 2.150e+00, 9.984e+02, 2.229e-07
1.395e+00, 5.000e-01, -9.950e-01, 1.183e+05, 0.000e+00, 5.111e-04, 0.000e+00, 2.149e+00, 9.984e+02, 2.194e-07
1.395e+00, 5.000e-01, -9.850e-01, 1.182e+05, 0.000e+00, 5.041e-04, 0.000e+00, 2.147e+00, 9.984e+02, 2.164e-07
1.395e+00, 5.000e-01, -9.750e-01, 1.181e+05, 0.000e+00, 4.971e-04, 0.000e+00, 2.145e+00, 9.984e+02, 2.134e-07
1.395e+00, 5.000e-01, -9.650e-01, 1.180e+05, 0.000e+00, 4.898e-04, 0.000e+00, 2.143e+00, 9.984e+02, 2.103e-07
1.395e+00, 5.000e-01, -9.550e-01, 1.179e+05, 0.000e+00, 4.825e-04, 0.000e+00, 2.141e+00, 9.984e+02, 2.071e-07
1.395e+00, 5.000e-01, -9.450e-01, 1.178e+05, 0.000e+00, 4.752e-04, 0.000e+00, 2.140e+00, 9.983e+02, 2.040e-07
1.395e+00, 5.000e-01, -9.350e-01, 1.177e+05, 0.000e+00, 4.680e-04, 0.000e+00, 2.138e+00, 9.983e+02, 2.009e-07
1.395e+00, 5.000e-01, -9.250e-01, 1.176e+05, 0.000e+00, 4.609e-04, 0.000e+00, 2.136e+00, 9.983e+02, 1.979e-07
1.395e+00, 5.000e-01, -9.150e-01, 1.175e+05, 0.000e+00, 4.542e-04, 0.000e+00, 2.134e+00, 9.983e+02, 1.950e-07
1.395e+00, 5.000e-01, -9.050e-01, 1.174e+05, 0.000e+00, 4.478e-04, 0.000e+00, 2.132e+00, 9.983e+02, 1.923e-07
1.395e+00, 5.000e-01, -8.950e-01, 1.173e+05, 0.000e+00, 4.422e-04, 0.000e+00, 2.131e+00, 9.983e+02, 1.898e-07
1.395e+00, 5.000e-01, -8.850e-01, 1.172e+05, 0.000e+00, 4.375e-04, 0.000e+00, 2.129e+00, 9.983e+02, 1.878e-07
1.395e+00, 5.000e-01, -8.750e-01, 1.171e+05, 0.000e+00, 4.336e-04, 0.000e+00, 2.127e+00, 9.983e+02, 1.861e-07
1.395e+00, 5.000e-01, -8.650e-01, 1.170e+05, 0.000e+00, 4.304e-04, 0.000e+00, 2.125e+00, 9.983e+02, 1.848e-07
1.395e+00, 5.000e-01, -8.550e-01, 1.169e+05, 0.000e+00, 4.276e-04, 0.000e+00, 2.124e+00, 9.983e+02, 1.836e-07
1.395e+00, 5.000e-01, -8.450e-01, 1.168e+05, 0.000e+00, 4.249e-04, 0.000e+00, 2.122e+00, 9.983e+02, 1.824e-07
1.395e+00, 5.000e-01, -8.350e-01, 1.167e+05, 0.000e+00, 4.220e-04, 0.000e+00, 2.120e+00, 9.983e+02, 1.812e-07
1.395e+00, 5.000e-01, -8.250e-01, 1.166e+05, 0.000e+00, 4.198e-04, 0.000e+00, 2.118e+00, 9.983e+02, 1.802e-07
1.395e+00, 5.000e-01, -8.150e-01, 1.165e+05, 0.000e+00, 4.192e-04, 0.000e+00, 2.116e+00, 9.983e+02, 1.799e-07
1.395e+00, 5.000e-01, -8.050e-01, 1.164e+05, 0.000e+00, 4.207e-04, 0.000e+00, 2.115e+00, 9.983e+02, 1.806e-07
1.395e+00, 5.000e-01, -7.950e-01, 1.163e+05, 0.000e+00, 4.240e-04, 0.000e+00, 2.113e+00, 9.983e+02, 1.820e-07
1.395e+00, 5.000e-01, -7.850e-01, 1.162e+05, 0.000e+00, 4.296e-04, 0.000e+00, 2.111e+00, 9.983e+02, 1.844e-07
1.395e+00, 5.000e-01, -7.750e-01, 1.161e+05, 0.000e+00, 4.363e-04, 0.000e+00, 2.109e+00, 9.983e+02, 1.873e-07
1.395e+00, 5.000e-01, -7.650e-01, 1.160e+05, 0.000e+00, 4.415e-04, 0.000e+00, 2.107e+00, 9.983e+02, 1.895e-07
1.395e+00, 5.000e-01, -7.550e-01, 1.159e+05, 0.000e+00, 4.444e-04, 0.000e+00, 2.106e+00, 9.983e+02, 1.908e-07
1.395e+00, 5.000e-01, -7.450e-01, 1.158e+05, 0.000e+00, 4.495e-04, 0.000e+00, 2.104e+00, 9.983e+02, 1.930e-07
1.395e+00, 5.000e-01, -7.350e-01, 1.157e+05, 6.748e-07, 5.162e-04, 0.000e+00, 2.102e+00, 9.984e+02, 2.216e-07
1.395e+00, 5.000e-01, -7.250e-01, 1.156e+05, 4.717e-01, 1.895e-03, 0.000e+00, 2.100e+00, 9.986e+02, 8.558e-07
1.395e+00, 5.000e-01, -7.150e-01, 1.156e+05, 8.683e-01, 1.895e-03, 0.000e+00, 2.100e+00, 9.986e+02, 8.914e-07
1.395e+00, 5.000e-01, -7.050e-01, 1.169e+05, 1.449e-06, 6.222e-04, 0.000e+00, 2.124e+00, 9.984e+02, 2.726e-07
1.395e+00, 5.000e-01, -6.950e-01, 1.168e+05, 0.000e+00, 4.652e-04, 0.000e+00, 2.122e+00, 9.983e+02, 2.044e-07
1.395e+00, 5.000e-01, -6.850e-01, 1.167e+05, 0.000e+00, 3.257e-04, 0.000e+00, 2.120e+00, 9.983e+02, 1.431e-07
1.395e+00, 5.000e-01, -6.750e-01, 1.166e+05, 0.000e+00, 2.118e-04, 0.000e+00, 2.119e+00, 9.983e+02, 9.302e-08
1.395e+00, 5.000e-01, -6.650e-01, 1.165e+05, 0.000e+00, 1.276e-04, 0.000e+00, 2.117e+00, 9.983e+02, 5.607e-08
1.395e+00, 5.000e-01, -6.550e-01, 1.164e+05, 0.000e+00, 7.213e-05, 0.000e+00, 2.115e+00, 9.983e+02, 3.168e-08
1.395e+00, 5.000e-01, -6.450e-01, 1.163e+05, 0.000e+00, 4.056e-05, 0.000e+00, 2.113e+00, 9.983e+02, 1.782e-08
1.395e+00, 5.000e-01, -6.350e-01, 1.162e+05, 0.000e+00, 2.839e-05, 0.000e+00, 2.111e+00, 9.983e+02, 1.247e-08
1.395e+00, 5.000e-01, -6.250e-01, 1.161e+05, 0.000e+00, 3.402e-05, 0.000e+00, 2.110e+00, 9.983e+02, 1.494e-08
1.395e+00, 5.000e-01, -6.150e-01, 1.160e+05, 0.000e+00, 6.034e-05, 0.000e+00, 2.108e+00, 9.983e+02, 2.650e-08
1.395e+00, 5.000e-01, -6.050e-01, 1.159e+05, 0.000e+00, 1.141e-04, 0.000e+00, 2.106e+00, 9.983e+02, 5.012e-08
1.395e+00, 5.000e-01, -5.950e-01, 1.158e+05, 0.000e+00, 2.024e-04, 0.000e+00, 2.104e+00, 9.983e+02, 8.891e-08
1.395e+00, 5.000e-01, -5.850e-01, 1.157e+05, 0.000e+00, 3.259e-04, 0.000e+00, 2.102e+00, 9.983e+02, 1.431e-07
1.395e+00, 5.000e-01, -5.750e-01, 1.156e+05, 0.000e+00, 4.711e-04, 0.000e+00, 2.101e+00, 9.983e+02, 2.069e-07
1.395e+00, 5.000e-01, -5.650e-01, 1.155e+05, 0.000e+00, 6.076e-04, 0.000e+00, 2.099e+00, 9.984e+02, 2.678e-07
1.395e+00, 5.000e-01, -5.550e-01, 1.140e+05, 0.000e+00, 6.968e-04, 0.000e+00, 2.070e+00, 9.984e+02, 3.131e-07
1.395e+00, 5.000e-01, -5.450e-01, 1.139e+05, 0.000e+00, 7.108e-04, 0.000e+00, 2.068e+00, 9.984e+02, 3.194e-07
1.395e+00, 5.000e-01, -5.350e-01, 1.138e+05, 0.000e+00, 6.839e-04, 0.000e+00, 2.067e+00, 9.984e+02, 3.072e-07
1.395e+00, 5.000e-01, -5.250e-01, 1.137e+05, 0.000e+00, 6.482e-04, 0.000e+00, 2.065e+00, 9.984e+02, 2.912e-07
1.395e+00, 5.000e-01, -5.150e-01, 1.136e+05, 0.000e+00, 6.193e-04, 0.000e+00, 2.063e+00, 9.984e+02, 2.782e-07
1.395e+00, 5.000e-01, -5.050e-01, 1.135e+05, 0.000e+00, 6.002e-04, 0.000e+00, 2.061e+00, 9.984e+02, 2.697e-07
1.395e+00, 5.000e-01, -4.950e-01, 1.134e+05, 0.000e+00, 5.905e-04, 0.000e+00, 2.059e+00, 9.984e+02, 2.624e-07
1.395e+00, 5.000e-01, -4.850e-01, 1.133e+05, 0.000e+00, 5.879e-04, 0.000e+00, 2.057e+00, 9.984e+02, 2.524e-07
1.395e+00, 5.000e-01, -4.750e-01, 1.132e+05, 0.000e+00, 5.875e-04, 0.000e+00, 2.056e+00, 9.984e+02, 2.522e-07
1.395e+00, 5.000e-01, -4.650e-01, 1.131e+05, 0.000e+00, 5.848e-04, 0.000e+00, 2.054e+00, 9.984e+02, 2.541e-07
1.395e+00, 5.000e-01, -4.550e-01, 1.130e+05, 0.000e+00, 5.771e-04, 0.000e+00, 2.052e+00, 9.984e+02, 2.566e-07
1.395e+00, 5.000e-01, -4.450e-01, 1.129e+05, 0.000e+00, 5.639e-04, 0.000e+00, 2.050e+00, 9.984e+02, 2.564e-07
1.395e+00, 5.000e-01, -4.350e-01, 1.128e+05, 0.000e+00, 5.471e-04, 0.000e+00, 2.048e+00, 9.984e+02, 2.512e-07
1.395e+00, 5.000e-01, -4.250e-01, 1.127e+05, 0.000e+00, 5.275e-04, 0.000e+00, 2.046e+00, 9.984e+02, 2.422e-07
1.395e+00, 5.000e-01, -4.150e-01, 1.126e+05, 0.000e+00, 5.040e-04, 0.000e+00, 2.045e+00, 9.984e+02, 2.315e-07
1.395e+00, 5.000e-01, -4.050e-01, 1.125e+05, 0.000e+00, 4.720e-04, 0.000e+00, 2.043e+00, 9.983e+02, 2.168e-07
1.395e+00, 5.000e-01, -3.950e-01, 1.124e+05, 0.000e+00, 4.418e-04, 0.000e+00, 2.041e+00, 9.983e+02, 2.021e-07
1.395e+00, 5.000e-01, -3.850e-01, 1.123e+05, 0.000e+00, 4.169e-04, 0.000e+00, 2.039e+00, 9.983e+02, 1.895e-07
1.395e+00, 5.000e-01, -3.750e-01, 1.122e+05, 0.000e+00, 3.940e-04, 0.000e+00, 2.038e+00, 9.983e+02, 1.778e-07
1.395e+00, 5.000e-01, -3.650e-01, 1.121e+05, 0.000e+00, 3.696e-04, 0.000e+00, 2.036e+00, 9.983e+02, 1.661e-07
1.395e+00, 5.000e-01, -3.550e-01, 1.120e+05, 0.000e+00, 3.411e-04, 0.000e+00, 2.034e+00, 9.983e+02, 1.532e-07
1.395e+00, 5.000e-01, -3.450e-01, 1.119e+05, 0.000e+00, 3.100e-04, 0.000e+00, 2.033e+00, 9.983e+02, 1.393e-07
1.395e+00, 5.000e-01, -3.350e-01, 1.118e+05, 0.000e+00, 2.800e-04, 0.000e+00, 2.031e+00, 9.983e+02, 1.258e-07
1.395e+00, 5.000e-01, -3.250e-01, 1.118e+05, 0.000e+00, 2.534e-04, 0.000e+00, 2.030e+00, 9.983e+02, 1.114e-07
1.395e+00, 5.000e-01, -3.150e-01, 1.117e+05, 0.000e+00, 2.254e-04, 0.000e+00, 2.029e+00, 9.983e+02, 9.901e-08
1.395e+00, 5.000e-01, -3.050e-01, 1.116e+05, 0.000e+00, 1.936e-04, 0.000e+00, 2.027e+00, 9.983e+02, 8.505e-08
1.395e+00, 5.000e-01, -2.950e-01, 1.114e+05, 0.000e+00, 1.432e-04, 0.000e+00, 2.023e+00, 9.983e+02, 6.477e-08
1.395e+00, 5.000e-01, -2.850e-01, 1.113e+05, 0.000e+00, 1.339e-04, 0.000e+00, 2.021e+00, 9.983e+02, 6.097e-08
1.395e+00, 5.000e-01, -2.750e-01, 1.113e+05, 0.000e+00, 1.550e-04, 0.000e+00, 2.021e+00, 9.983e+02, 6.806e-08
1.395e+00, 5.000e-01, -2.650e-01, 1.112e+05, 0.000e+00, 1.777e-04, 0.000e+00, 2.020e+00, 9.983e+02, 7.803e-08
1.395e+00, 5.000e-01, -2.550e-01, 1.111e+05, 0.000e+00, 1.916e-04, 0.000e+00, 2.018e+00, 9.983e+02, 8.418e-08
1.395e+00, 5.000e-01, -2.450e-01, 1.112e+05, 0.000e+00, 2.127e-04, 0.000e+00, 2.020e+00, 9.983e+02, 9.198e-08
1.395e+00, 5.000e-01, -2.350e-01, 1.111e+05, 0.000e+00, 2.172e-04, 0.000e+00, 2.018e+00, 9.983e+02, 9.322e-08
1.395e+00, 5.000e-01, -2.250e-01, 1.110e+05, 0.000e+00, 1.908e-04, 0.000e+00, 2.016e+00, 9.983e+02, 8.191e-08
1.395e+00, 5.000e-01, -2.150e-01, 1.106e+05, 0.000e+00, 1.215e-04, 0.000e+00, 2.009e+00, 9.983e+02, 5.450e-08
1.395e+00, 5.000e-01, -2.050e-01, 1.108e+05, 0.000e+00, 1.565e-04, 0.000e+00, 2.012e+00, 9.983e+02, 6.881e-08
1.395e+00, 5.000e-01, -1.950e-01, 1.107e+05, 0.000e+00, 2.556e-04, 0.000e+00, 2.011e+00, 9.983e+02, 1.097e-07
1.395e+00, 5.000e-01, -1.850e-01, 1.106e+05, 0.000e+00, 3.221e-04, 0.000e+00, 2.009e+00, 9.983e+02, 1.383e-07
1.395e+00, 5.000e-01, -1.750e-01, 1.105e+05, 0.000e+00, 3.382e-04, 0.000e+00, 2.007e+00, 9.983e+02, 1.452e-07
1.395e+00, 5.000e-01, -1.650e-01, 1.116e+05, 0.000e+00, 2.975e-04, 0.000e+00, 2.027e+00, 9.983e+02, 1.306e-07
1.395e+00, 5.000e-01, -1.550e-01, 1.115e+05, 0.000e+00, 2.189e-04, 0.000e+00, 2.025e+00, 9.983e+02, 9.614e-08
1.395e+00, 5.000e-01, -1.450e-01, 1.114e+05, 0.000e+00, 1.411e-04, 0.000e+00, 2.024e+00, 9.983e+02, 6.199e-08
1.395e+00, 5.000e-01, -1.350e-01, 1.113e+05, 0.000e+00, 8.203e-05, 0.000e+00, 2.022e+00, 9.983e+02, 3.603e-08
1.395e+00, 5.000e-01, -1.250e-01, 1.112e+05, 0.000e+00, 4.377e-05, 0.000e+00, 2.020e+00, 9.983e+02, 1.923e-08
1.395e+00, 5.000e-01, -1.150e-01, 1.111e+05, 0.000e+00, 2.174e-05, 0.000e+00, 2.018e+00, 9.983e+02, 9.548e-09
1.395e+00, 5.000e-01, -1.050e-01, 1.110e+05, 0.000e+00, 1.014e-05, 0.000e+00, 2.017e+00, 9.983e+02, 4.456e-09
1.395e+00, 5.000e-01, -9.500e-02, 1.109e+05, 0.000e+00, 4.482e-06, 0.000e+00, 2.015e+00, 9.983e+02, 1.969e-09
1.395e+00, 5.000e-01, -8.500e-02, 1.108e+05, 0.000e+00, 1.883e-06, 0.000e+00, 2.013e+00, 9.983e+02, 8.273e-10
1.395e+00, 5.000e-01, -7.500e-02, 1.107e+05, 0.000e+00, 7.553e-07, 0.000e+00, 2.011e+00, 9.983e+02, 3.317e-10
1.395e+00, 5.000e-01, -6.500e-02, 1.106e+05, 0.000e+00, 2.896e-07, 0.000e+00, 2.009e+00, 9.983e+02, 1.272e-10
1.395e+00, 5.000e-01, -5.500e-02, 1.105e+05, 0.000e+00, 1.063e-07, 0.000e+00, 2.008e+00, 9.983e+02, 4.670e-11
1.395e+00, 5.000e-01, -4.500e-02, 1.104e+05, 0.000e+00, 3.743e-08, 0.000e+00, 2.006e+00, 9.983e+02, 1.644e-11
1.395e+00, 5.000e-01, -3.500e-02, 1.103e+05, 0.000e+00, 1.265e-08, 0.000e+00, 2.004e+00, 9.983e+02, 5.556e-12
1.395e+00, 5.000e-01, -2.500e-02, 1.102e+05, 0.000e+00, 4.120e-09, 0.000e+00, 2.002e+00, 9.983e+02, 1.810e-12
1.395e+00, 5.000e-01, -1.500e-02, 1.101e+05, 0.000e+00, 1.320e-09, 0.000e+00, 2.000e+00, 9.983e+02, 5.797e-13
1.395e+00, 5.000e-01, -5.000e-03, 1.100e+05, 0.000e+00, 4.724e-10, 0.000e+00, 1.999e+00, 9.983e+02, 2.075e-13
1.405e+00, 5.000e-01, -1.195e+00, 1.202e+05, 0.000e+00, 1.002e-13, 0.000e+00, 2.184e+00, 9.983e+02, 2.000e-17
1.405e+00, 5.000e-01, -1.185e+00, 1.201e+05, 0.000e+00, 1.002e-13, 0.000e+00, 2.182e+00, 9.983e+02, 2.000e-17
1.405e+00, 5.000e-01, -1.175e+00, 1.200e+05, 0.000e+00, 1.002e-13, 0.000e+00, 2.181e+00, 9.983e+02, 2.000e-17
1.405e+00, 5.000e-01, -1.165e+00, 1.199e+05, 0.000e+00, 1.002e-13, 0.000e+00, 2.179e+00, 9.983e+02, 2.000e-17
1.405e+00, 5.000e-01, -1.155e+00, 1.198e+05, 0.000e+00, 1.002e-13, 0.000e+00, 2.177e+00, 9.983e+02, 2.000e-17
1.405e+00, 5.000e-01, -1.145e+00, 1.197e+05, 0.000e+00, 1.002e-13, 0.000e+00, 2.175e+00, 9.983e+02, 2.000e-17
1.405e+00, 5.000e-01, -1.135e+00, 1.196e+05, 0.000e+00, 1.002e-13, 0.000e+00, 2.173e+00, 9.983e+02, 2.000e-17
1.405e+00, 5.000e-01, -1.125e+00, 1.195e+05, 0.000e+00, 1.002e-13, 0.000e+00, 2.172e+00, 9.983e+02, 2.000e-17
1.405e+00, 5.000e-01, -1.115e+00, 1.194e+05, 0.000e+00, 1.002e-13, 0.000e+00, 2.170e+00, 9.983e+02, 2.000e-17
1.405e+00, 5.000e-01, -1.105e+00, 1.193e+05, 0.000e+00, 1.002e-13, 0.000e+00, 2.168e+00, 9.983e+02, 2.000e-17
1.405e+00, 5.000e-01, -1.095e+00, 1.192e+05, 0.000e+00, 1.002e-13, 0.000e+00, 2.166e+00, 9.983e+02, 2.000e-17
1.405e+00, 5.000e-01, -1.085e+00, 1.191e+05, 0.000e+00, 3.706e-09, 0.000e+00, 2.165e+00, 9.983e+02, 1.495e-12
1.405e+00, 5.000e-01, -1.075e+00, 1.190e+05, 0.000e+00, 9.957e-04, 0.000e+00, 2.163e+00, 9.984e+02, 4.114e-07
1.405e+00, 5.000e-01, -1.065e+00, 1.189e+05, 0.000e+00, 9.675e-04, 0.000e+00, 2.161e+00, 9.984e+02, 4.154e-07
1.405e+00, 5.000e-01, -1.055e+00, 1.188e+05, 0.000e+00, 8.558e-04, 0.000e+00, 2.159e+00, 9.984e+02, 3.674e-07
1.405e+00, 5.000e-01, -1.045e+00, 1.187e+05, 0.000e+00, 7.377e-04, 0.000e+00, 2.158e+00, 9.984e+02, 3.167e-07
1.405e+00, 5.000e-01, -1.035e+00, 1.186e+05, 0.000e+00, 6.422e-04, 0.000e+00, 2.156e+00, 9.984e+02, 2.757e-07
1.405e+00, 5.000e-01, -1.025e+00, 1.185e+05, 0.000e+00, 5.680e-04, 0.000e+00, 2.154e+00, 9.984e+02, 2.438e-07
1.405e+00, 5.000e-01, -1.015e+00, 1.185e+05, 0.000e+00, 5.310e-04, 0.000e+00, 2.152e+00, 9.984e+02, 2.280e-07
1.405e+00, 5.000e-01, -1.005e+00, 1.184e+05, 0.000e+00, 5.124e-04, 0.000e+00, 2.150e+00, 9.984e+02, 2.200e-07
1.405e+00, 5.000e-01, -9.950e-01, 1.183e+05, 0.000e+00, 5.005e-04, 0.000e+00, 2.149e+00, 9.984e+02, 2.149e-07
1.405e+00, 5.000e-01, -9.850e-01, 1.182e+05, 0.000e+00, 4.909e-04, 0.000e+00, 2.147e+00, 9.984e+02, 2.108e-07
1.405e+00, 5.000e-01, -9.750e-01, 1.181e+05, 0.000e+00, 4.822e-04, 0.000e+00, 2.145e+00, 9.984e+02, 2.070e-07
1.405e+00, 5.000e-01, -9.650e-01, 1.180e+05, 0.000e+00, 4.740e-04, 0.000e+00, 2.143e+00, 9.983e+02, 2.035e-07
1.405e+00, 5.000e-01, -9.550e-01, 1.179e+05, 0.000e+00, 4.660e-04, 0.000e+00, 2.141e+00, 9.983e+02, 2.001e-07
1.405e+00, 5.000e-01, -9.450e-01, 1.178e+05, 0.000e+00, 4.585e-04, 0.000e+00, 2.140e+00, 9.983e+02, 1.968e-07
1.405e+00, 5.000e-01, -9.350e-01, 1.177e+05, 0.000e+00, 4.516e-04, 0.000e+00, 2.138e+00, 9.983e+02, 1.939e-07
1.405e+00, 5.000e-01, -9.250e-01, 1.176e+05, 0.000e+00, 4.460e-04, 0.000e+00, 2.136e+00, 9.983e+02, 1.915e-07
1.405e+00, 5.000e-01, -9.150e-01, 1.175e+05, 0.000e+00, 4.423e-04, 0.000e+00, 2.134e+00, 9.983e+02, 1.899e-07
1.405e+00, 5.000e-01, -9.050e-01, 1.174e+05, 0.000e+00, 4.406e-04, 0.000e+00, 2.132e+00, 9.983e+02, 1.891e-07
1.405e+00, 5.000e-01, -8.950e-01, 1.173e+05, 0.000e+00, 4.399e-04, 0.000e+00, 2.131e+00, 9.983e+02, 1.888e-07
1.405e+00, 5.000e-01, -8.850e-01, 1.172e+05, 0.000e+00, 4.393e-04, 0.000e+00, 2.129e+00, 9.983e+02, 1.886e-07
1.405e+00, 5.000e-01, -8.750e-01, 1.171e+05, 0.000e+00, 4.381e-04, 0.000e+00, 2.127e+00, 9.983e+02, 1.881e-07
1.405e+00, 5.000e-01, -8.650e-01, 1.170e+05, 0.000e+00, 4.359e-04, 0.000e+00, 2.125e+00, 9.983e+02, 1.871e-07
1.405e+00, 5.000e-01, -8.550e-01, 1.169e+05, 0.000e+00, 4.329e-04, 0.000e+00, 2.124e+00, 9.983e+02, 1.858e-07
1.405e+00, 5.000e-01, -8.450e-01, 1.168e+05, 0.000e+00, 4.293e-04, 0.000e+00, 2.122e+00, 9.983e+02, 1.843e-07
1.405e+00, 5.000e-01, -8.350e-01, 1.167e+05, 0.000e+00, 4.253e-04, 0.000e+00, 2.120e+00, 9.983e+02, 1.826e-07
1.405e+00, 5.000e-01, -8.250e-01, 1.166e+05, 0.000e+00, 4.216e-04, 0.000e+00, 2.118e+00, 9.983e+02, 1.810e-07
1.405e+00, 5.000e-01, -8.150e-01, 1.165e+05, 0.000e+00, 4.187e-04, 0.000e+00, 2.116e+00, 9.983e+02, 1.797e-07
1.405e+00, 5.000e-01, -8.050e-01, 1.164e+05, 0.000e+00, 4.172e-04, 0.000e+00, 2.115e+00, 9.983e+02, 1.791e-07
1.405e+00, 5.000e-01, -7.950e-01, 1.163e+05, 0.000e+00, 4.172e-04, 0.000e+00, 2.113e+00, 9.983e+02, 1.791e-07
1.405e+00, 5.000e-01, -7.850e-01, 1.162e+05, 0.000e+00, 4.182e-04, 0.000e+00, 2.111e+00, 9.983e+02, 1.795e-07
1.405e+00, 5.000e-01, -7.750e-01, 1.161e+05, 0.000e+00, 4.197e-04, 0.000e+00, 2.109e+00, 9.983e+02, 1.802e-07
1.405e+00, 5.000e-01, -7.650e-01, 1.160e+05, 0.000e+00, 4.221e-04, 0.000e+00, 2.107e+00, 9.983e+02, 1.812e-07
1.405e+00, 5.000e-01, -7.550e-01, 1.159e+05, 0.000e+00, 4.253e-04, 0.000e+00, 2.106e+00, 9.983e+02, 1.826e-07
1.405e+00, 5.000e-01, -7.450e-01, 1.158e+05, 0.000e+00, 4.330e-04, 0.000e+00, 2.104e+00, 9.983e+02, 1.859e-07
1.405e+00, 5.000e-01, -7.350e-01, 1.157e+05, 6.748e-07, 4.968e-04, 0.000e+00, 2.102e+00, 9.984e+02, 2.133e-07
1.405e+00, 5.000e-01, -7.250e-01, 1.156e+05, 4.717e-01, 1.895e-03, 0.000e+00, 2.100e+00, 9.986e+02, 8.558e-07
1.405e+00, 5.000e-01, -7.150e-01, 1.156e+05, 8.683e-01, 1.895e-03, 0.000e+00, 2.100e+00, 9.986e+02, 8.914e-07
1.405e+00, 5.000e-01, -7.050e-01, 1.169e+05, 1.449e-06, 6.295e-04, 0.000e+00, 2.124e+00, 9.984e+02, 2.755e-07
1.405e+00, 5.000e-01, -6.950e-01, 1.168e+05, 0.000e+00, 4.733e-04, 0.000e+00, 2.122e+00, 9.983e+02, 2.079e-07
1.405e+00, 5.000e-01, -6.850e-01, 1.167e+05, 0.000e+00, 3.333e-04, 0.000e+00, 2.120e+00, 9.983e+02, 1.464e-07
1.405e+00, 5.000e-01, -6.750e-01, 1.166e+05, 0.000e+00, 2.181e-04, 0.000e+00, 2.119e+00, 9.983e+02, 9.581e-08
1.405e+00, 5.000e-01, -6.650e-01, 1.165e+05, 0.000e+00, 1.325e-04, 0.000e+00, 2.117e+00, 9.983e+02, 5.818e-08
1.405e+00, 5.000e-01, -6.550e-01, 1.164e+05, 0.000e+00, 7.547e-05, 0.000e+00, 2.115e+00, 9.983e+02, 3.315e-08
1.405e+00, 5.000e-01, -6.450e-01, 1.163e+05, 0.000e+00, 4.282e-05, 0.000e+00, 2.113e+00, 9.983e+02, 1.881e-08
1.405e+00, 5.000e-01, -6.350e-01, 1.162e+05, 0.000e+00, 3.015e-05, 0.000e+00, 2.111e+00, 9.983e+02, 1.324e-08
1.405e+00, 5.000e-01, -6.250e-01, 1.161e+05, 0.000e+00, 3.595e-05, 0.000e+00, 2.110e+00, 9.983e+02, 1.579e-08
1.405e+00, 5.000e-01, -6.150e-01, 1.160e+05, 0.000e+00, 6.317e-05, 0.000e+00, 2.108e+00, 9.983e+02, 2.774e-08
1.405e+00, 5.000e-01, -6.050e-01, 1.159e+05, 0.000e+00, 1.185e-04, 0.000e+00, 2.106e+00, 9.983e+02, 5.204e-08
1.405e+00, 5.000e-01, -5.950e-01, 1.158e+05, 0.000e+00, 2.086e-04, 0.000e+00, 2.104e+00, 9.983e+02, 9.162e-08
1.405e+00, 5.000e-01, -5.850e-01, 1.157e+05, 0.000e+00, 3.334e-04, 0.000e+00, 2.102e+00, 9.983e+02, 1.465e-07
1.405e+00, 5.000e-01, -5.750e-01, 1.156e+05, 0.000e+00, 4.786e-04, 0.000e+00, 2.101e+00, 9.983e+02, 2.102e-07
1.405e+00, 5.000e-01, -5.650e-01, 1.155e+05, 0.000e+00, 6.131e-04, 0.000e+00, 2.099e+00, 9.984e+02, 2.702e-07
1.405e+00, 5.000e-01, -5.550e-01, 1.140e+05, 0.000e+00, 6.989e-04, 0.000e+00, 2.070e+00, 9.984e+02, 3.140e-07
1.405e+00, 5.000e-01, -5.450e-01, 1.139e+05, 0.000e+00, 7.103e-04, 0.000e+00, 2.068e+00, 9.984e+02, 3.191e-07
1.405e+00, 5.000e-01, -5.350e-01, 1.138e+05, 0.000e+00, 6.830e-04, 0.000e+00, 2.067e+00, 9.984e+02, 3.068e-07
1.405e+00, 5.000e-01, -5.250e-01, 1.137e+05, 0.000e+00, 6.486e-04, 0.000e+00, 2.065e+00, 9.984e+02, 2.914e-07
1.405e+00, 5.000e-01, -5.150e-01, 1.136e+05, 0.000e+00, 6.208e-04, 0.000e+00, 2.063e+00, 9.984e+02, 2.789e-07
1.405e+00, 5.000e-01, -5.050e-01, 1.135e+05, 0.000e+00, 6.021e-04, 0.000e+00, 2.061e+00, 9.984e+02, 2.705e-07
1.405e+00, 5.000e-01, -4.950e-01, 1.134e+05, 0.000e+00, 5.926e-04, 0.000e+00, 2.059e+00, 9.984e+02, 2.623e-07
1.405e+00, 5.000e-01, -4.850e-01, 1.133e+05, 0.000e+00, 5.898e-04, 0.000e+00, 2.057e+00, 9.984e+02, 2.532e-07
1.405e+00, 5.000e-01, -4.750e-01, 1.132e+05, 0.000e+00, 5.903e-04, 0.000e+00, 2.056e+00, 9.984e+02, 2.534e-07
1.405e+00, 5.000e-01, -4.650e-01, 1.131e+05, 0.000e+00, 5.897e-04, 0.000e+00, 2.054e+00, 9.984e+02, 2.532e-07
1.405e+00, 5.000e-01, -4.550e-01, 1.130e+05, 0.000e+00, 5.854e-04, 0.000e+00, 2.052e+00, 9.984e+02, 2.513e-07
1.405e+00, 5.000e-01, -4.450e-01, 1.129e+05, 0.000e+00, 5.763e-04, 0.000e+00, 2.050e+00, 9.984e+02, 2.474e-07
1.405e+00, 5.000e-01, -4.350e-01, 1.128e+05, 0.000e+00, 5.625e-04, 0.000e+00, 2.048e+00, 9.984e+02, 2.446e-07
1.405e+00, 5.000e-01, -4.250e-01, 1.127e+05, 0.000e+00, 5.438e-04, 0.000e+00, 2.046e+00, 9.984e+02, 2.419e-07
1.405e+00, 5.000e-01, -4.150e-01, 1.126e+05, 0.000e+00, 5.198e-04, 0.000e+00, 2.045e+00, 9.984e+02, 2.365e-07
1.405e+00, 5.000e-01, -4.050e-01, 1.125e+05, 0.000e+00, 4.915e-04, 0.000e+00, 2.043e+00, 9.984e+02, 2.257e-07
1.405e+00, 5.000e-01, -3.950e-01, 1.124e+05, 0.000e+00, 4.552e-04, 0.000e+00, 2.041e+00, 9.983e+02, 2.091e-07
1.405e+00, 5.000e-01, -3.850e-01, 1.123e+05, 0.000e+00, 4.243e-04, 0.000e+00, 2.039e+00, 9.983e+02, 1.948e-07
1.405e+00, 5.000e-01, -3.750e-01, 1.122e+05, 0.000e+00, 4.039e-04, 0.000e+00, 2.037e+00, 9.983e+02, 1.855e-07
1.405e+00, 5.000e-01, -3.650e-01, 1.121e+05, 0.000e+00, 3.848e-04, 0.000e+00, 2.036e+00, 9.983e+02, 1.763e-07
1.405e+00, 5.000e-01, -3.550e-01, 1.120e+05, 0.000e+00, 3.612e-04, 0.000e+00, 2.034e+00, 9.983e+02, 1.643e-07
1.405e+00, 5.000e-01, -3.450e-01, 1.119e+05, 0.000e+00, 3.313e-04, 0.000e+00, 2.033e+00, 9.983e+02, 1.497e-07
1.405e+00, 5.000e-01, -3.350e-01, 1.118e+05, 0.000e+00, 2.988e-04, 0.000e+00, 2.031e+00, 9.983e+02, 1.343e-07
1.405e+00, 5.000e-01, -3.250e-01, 1.118e+05, 0.000e+00, 2.704e-04, 0.000e+00, 2.030e+00, 9.983e+02, 1.193e-07
1.405e+00, 5.000e-01, -3.150e-01, 1.117e+05, 0.000e+00, 2.394e-04, 0.000e+00, 2.029e+00, 9.983e+02, 1.051e-07
1.405e+00, 5.000e-01, -3.050e-01, 1.116e+05, 0.000e+00, 2.044e-04, 0.000e+00, 2.027e+00, 9.983e+02, 8.979e-08
1.405e+00, 5.000e-01, -2.950e-01, 1.115e+05, 0.000e+00, 1.550e-04, 0.000e+00, 2.025e+00, 9.983e+02, 6.936e-08
1.405e+00, 5.000e-01, -2.850e-01, 1.113e+05, 0.000e+00, 1.390e-04, 0.000e+00, 2.021e+00, 9.983e+02, 6.383e-08
1.405e+00, 5.000e-01, -2.750e-01, 1.113e+05, 0.000e+00, 1.625e-04, 0.000e+00, 2.021e+00, 9.983e+02, 7.167e-08
1.405e+00, 5.000e-01, -2.650e-01, 1.112e+05, 0.000e+00, 1.906e-04, 0.000e+00, 2.020e+00, 9.983e+02, 8.373e-08
1.405e+00, 5.000e-01, -2.550e-01, 1.111e+05, 0.000e+00, 2.072e-04, 0.000e+00, 2.018e+00, 9.983e+02, 9.103e-08
1.405e+00, 5.000e-01, -2.450e-01, 1.112e+05, 0.000e+00, 2.246e-04, 0.000e+00, 2.020e+00, 9.983e+02, 9.729e-08
1.405e+00, 5.000e-01, -2.350e-01, 1.111e+05, 0.000e+00, 2.278e-04, 0.000e+00, 2.018e+00, 9.983e+02, 9.779e-08
1.405e+00, 5.000e-01, -2.250e-01, 1.110e+05, 0.000e+00, 2.018e-04, 0.000e+00, 2.016e+00, 9.983e+02, 8.663e-08
1.405e+00, 5.000e-01, -2.150e-01, 1.106e+05, 0.000e+00, 1.335e-04, 0.000e+00, 2.009e+00, 9.983e+02, 5.979e-08
1.405e+00, 5.000e-01, -2.050e-01, 1.108e+05, 0.000e+00, 1.676e-04, 0.000e+00, 2.012e+00, 9.983e+02, 7.390e-08
1.405e+00, 5.000e-01, -1.950e-01, 1.107e+05, 0.000e+00, 2.847e-04, 0.000e+00, 2.011e+00, 9.983e+02, 1.222e-07
1.405e+00, 5.000e-01, -1.850e-01, 1.106e+05, 0.000e+00, 3.482e-04, 0.000e+00, 2.009e+00, 9.983e+02, 1.495e-07
1.405e+00, 5.000e-01, -1.750e-01, 1.105e+05, 0.000e+00, 3.545e-04, 0.000e+00, 2.007e+00, 9.983e+02, 1.522e-07
1.405e+00, 5.000e-01, -1.650e-01, 1.116e+05, 0.000e+00, 3.071e-04, 0.000e+00, 2.027e+00, 9.983e+02, 1.342e-07
1.405e+00, 5.000e-01, -1.550e-01, 1.115e+05, 0.000e+00, 2.261e-04, 0.000e+00, 2.025e+00, 9.983e+02, 9.930e-08
1.405e+00, 5.000e-01, -1.450e-01, 1.114e+05, 0.000e+00, 1.470e-04, 0.000e+00, 2.024e+00, 9.983e+02, 6.458e-08
1.405e+00, 5.000e-01, -1.350e-01, 1.113e+05, 0.000e+00, 8.648e-05, 0.000e+00, 2.022e+00, 9.983e+02, 3.799e-08
1.405e+00, 5.000e-01, -1.250e-01, 1.112e+05, 0.000e+00, 4.679e-05, 0.000e+00, 2.020e+00, 9.983e+02, 2.055e-08
1.405e+00, 5.000e-01, -1.150e-01, 1.111e+05, 0.000e+00, 2.359e-05, 0.000e+00, 2.018e+00, 9.983e+02, 1.036e-08
1.405e+00, 5.000e-01, -1.050e-01, 1.110e+05, 0.000e+00, 1.120e-05, 0.000e+00, 2.017e+00, 9.983e+02, 4.918e-09
1.405e+00, 5.000e-01, -9.500e-02, 1.109e+05, 0.000e+00, 5.036e-06, 0.000e+00, 2.015e+00, 9.983e+02, 2.212e-09
1.405e+00, 5.000e-01, -8.500e-02, 1.108e+05, 0.000e+00, 2.158e-06, 0.000e+00, 2.013e+00, 9.983e+02, 9.477e-10
1.405e+00, 5.000e-01, -7.500e-02, 1.107e+05, 0.000e+00, 8.831e-07, 0.000e+00, 2.011e+00, 9.983e+02, 3.879e-10
1.405e+00, 5.000e-01, -6.500e-02, 1.106e+05, 0.000e+00, 3.460e-07, 0.000e+00, 2.009e+00, 9.983e+02, 1.520e-10
1.405e+00, 5.000e-01, -5.500e-02, 1.105e+05, 0.000e+00, 1.299e-07, 0.000e+00, 2.008e+00, 9.983e+02, 5.705e-11
1.405e+00, 5.000e-01, -4.500e-02, 1.104e+05, 0.000e+00, 4.677e-08, 0.000e+00, 2.006e+00, 9.983e+02, 2.054e-11
1.405e+00, 5.000e-01, -3.500e-02, 1.103e+05, 0.000e+00, 1.617e-08, 0.000e+00, 2.004e+00, 9.983e+02, 7.104e-12
1.405e+00, 5.000e-01, -2.500e-02, 1.102e+05, 0.000e+00, 5.392e-09, 0.000e+00, 2.002e+00, 9.983e+02, 2.368e-12
1.405e+00, 5.000e-01, -1.500e-02, 1.101e+05, 0.000e+00, 1.769e-09, 0.000e+00, 2.000e+00, 9.983e+02, 7.771e-13
1.405e+00, 5.000e-01, -5.000e-03, 1.100e+05, 0.000e+00, 6.470e-10, 0.000e+00, 1.999e+00, 9.983e+02, 2.842e-13
1.415e+00, 5.000e-01, -1.195e+00, 1.202e+05, 0.000e+00, 1.002e-13, 0.000e+00, 2.184e+00, 9.983e+02, 2.000e-17
1.415e+00, 5.000e-01, -1.185e+00, 1.201e+05, 0.000e+00, 1.002e-13, 0.000e+00, 2.182e+00, 9.983e+02, 2.000e-17
1.415e+00, 5.000e-01, -1.175e+00, 1.200e+05, 0.000e+00, 1.002e-13, 0.000e+00, 2.181e+00, 9.983e+02, 2.000e-17
1.415e+00, 5.000e-01, -1.165e+00, 1.199e+05, 0.000e+00, 1.002e-13, 0.000e+00, 2.179e+00, 9.983e+02, 2.000e-17
1.415e+00, 5.000e-01, -1.155e+00, 1.198e+05, 0.000e+00, 1.002e-13, 0.000e+00, 2.177e+00, 9.983e+02, 2.000e-17
1.415e+00, 5.000e-01, -1.145e+00, 1.197e+05, 0.000e+00, 1.002e-13, 0.000e+00, 2.175e+00, 9.983e+02, 2.000e-17
1.415e+00, 5.000e-01, -1.135e+00, 1.196e+05, 0.000e+00, 1.002e-13, 0.000e+00, 2.173e+00, 9.983e+02, 2.000e-17
1.415e+00, 5.000e-01, -1.125e+00, 1.195e+05, 0.000e+00, 1.002e-13, 0.000e+00, 2.172e+00, 9.983e+02, 2.000e-17
1.415e+00, 5.000e-01, -1.115e+00, 1.194e+05, 0.000e+00, 1.002e-13, 0.000e+00, 2.170e+00, 9.983e+02, 2.000e-17
1.415e+00, 5.000e-01, -1.105e+00, 1.193e+05, 0.000e+00, 1.002e-13, 0.000e+00, 2.168e+00, 9.983e+02, 2.000e-17
1.415e+00, 5.000e-01, -1.095e+00, 1.192e+05, 0.000e+00, 1.002e-13, 0.000e+00, 2.166e+00, 9.983e+02, 2.000e-17
1.415e+00, 5.000e-01, -1.085e+00, 1.191e+05, 0.000e+00, 3.675e-09, 0.000e+00, 2.165e+00, 9.983e+02, 1.470e-12
1.415e+00, 5.000e-01, -1.075e+00, 1.190e+05, 0.000e+00, 9.632e-04, 0.000e+00, 2.163e+00, 9.984e+02, 3.852e-07
1.415e+00, 5.000e-01, -1.065e+00, 1.189e+05, 0.000e+00, 9.588e-04, 0.000e+00, 2.161e+00, 9.984e+02, 4.116e-07
1.415e+00, 5.000e-01, -1.055e+00, 1.188e+05, 0.000e+00, 8.524e-04, 0.000e+00, 2.159e+00, 9.984e+02, 3.660e-07
1.415e+00, 5.000e-01, -1.045e+00, 1.187e+05, 0.000e+00, 7.365e-04, 0.000e+00, 2.158e+00, 9.984e+02, 3.162e-07
1.415e+00, 5.000e-01, -1.035e+00, 1.186e+05, 0.000e+00, 6.422e-04, 0.000e+00, 2.156e+00, 9.984e+02, 2.757e-07
1.415e+00, 5.000e-01, -1.025e+00, 1.185e+05, 0.000e+00, 5.678e-04, 0.000e+00, 2.154e+00, 9.984e+02, 2.437e-07
1.415e+00, 5.000e-01, -1.015e+00, 1.185e+05, 0.000e+00, 5.275e-04, 0.000e+00, 2.152e+00, 9.984e+02, 2.265e-07
1.415e+00, 5.000e-01, -1.005e+00, 1.184e+05, 0.000e+00, 5.062e-04, 0.000e+00, 2.150e+00, 9.984e+02, 2.173e-07
1.415e+00, 5.000e-01, -9.950e-01, 1.183e+05, 0.000e+00, 4.922e-04, 0.000e+00, 2.149e+00, 9.984e+02, 2.113e-07
1.415e+00, 5.000e-01, -9.850e-01, 1.182e+05, 0.000e+00, 4.816e-04, 0.000e+00, 2.147e+00, 9.984e+02, 2.068e-07
1.415e+00, 5.000e-01, -9.750e-01, 1.181e+05, 0.000e+00, 4.729e-04, 0.000e+00, 2.145e+00, 9.983e+02, 2.030e-07
1.415e+00, 5.000e-01, -9.650e-01, 1.180e+05, 0.000e+00, 4.656e-04, 0.000e+00, 2.143e+00, 9.983e+02, 1.999e-07
1.415e+00, 5.000e-01, -9.550e-01, 1.179e+05, 0.000e+00, 4.595e-04, 0.000e+00, 2.141e+00, 9.983e+02, 1.973e-07
1.415e+00, 5.000e-01, -9.450e-01, 1.178e+05, 0.000e+00, 4.552e-04, 0.000e+00, 2.140e+00, 9.983e+02, 1.954e-07
1.415e+00, 5.000e-01, -9.350e-01, 1.177e+05, 0.000e+00, 4.539e-04, 0.000e+00, 2.138e+00, 9.983e+02, 1.949e-07
1.415e+00, 5.000e-01, -9.250e-01, 1.176e+05, 0.000e+00, 4.557e-04, 0.000e+00, 2.136e+00, 9.983e+02, 1.956e-07
1.415e+00, 5.000e-01, -9.150e-01, 1.175e+05, 0.000e+00, 4.603e-04, 0.000e+00, 2.134e+00, 9.983e+02, 1.976e-07
1.415e+00, 5.000e-01, -9.050e-01, 1.174e+05, 0.000e+00, 4.674e-04, 0.000e+00, 2.132e+00, 9.983e+02, 2.006e-07
1.415e+00, 5.000e-01, -8.950e-01, 1.173e+05, 0.000e+00, 4.753e-04, 0.000e+00, 2.131e+00, 9.983e+02, 2.041e-07
1.415e+00, 5.000e-01, -8.850e-01, 1.172e+05, 0.000e+00, 4.822e-04, 0.000e+00, 2.129e+00, 9.984e+02, 2.070e-07
1.415e+00, 5.000e-01, -8.750e-01, 1.171e+05, 0.000e+00, 4.863e-04, 0.000e+00, 2.127e+00, 9.984e+02, 2.088e-07
1.415e+00, 5.000e-01, -8.650e-01, 1.170e+05, 0.000e+00, 4.863e-04, 0.000e+00, 2.125e+00, 9.984e+02, 2.088e-07
1.415e+00, 5.000e-01, -8.550e-01, 1.169e+05, 0.000e+00, 4.821e-04, 0.000e+00, 2.124e+00, 9.984e+02, 2.070e-07
1.415e+00, 5.000e-01, -8.450e-01, 1.168e+05, 0.000e+00, 4.750e-04, 0.000e+00, 2.122e+00, 9.983e+02, 2.039e-07
1.415e+00, 5.000e-01, -8.350e-01, 1.167e+05, 0.000e+00, 4.663e-04, 0.000e+00, 2.120e+00, 9.983e+02, 2.002e-07
1.415e+00, 5.000e-01, -8.250e-01, 1.166e+05, 0.000e+00, 4.570e-04, 0.000e+00, 2.118e+00, 9.983e+02, 1.962e-07
1.415e+00, 5.000e-01, -8.150e-01, 1.165e+05, 0.000e+00, 4.485e-04, 0.000e+00, 2.116e+00, 9.983e+02, 1.925e-07
1.415e+00, 5.000e-01, -8.050e-01, 1.164e+05, 0.000e+00, 4.415e-04, 0.000e+00, 2.115e+00, 9.983e+02, 1.895e-07
1.415e+00, 5.000e-01, -7.950e-01, 1.163e+05, 0.000e+00, 4.365e-04, 0.000e+00, 2.113e+00, 9.983e+02, 1.874e-07
1.415e+00, 5.000e-01, -7.850e-01, 1.162e+05, 0.000e+00, 4.334e-04, 0.000e+00, 2.111e+00, 9.983e+02, 1.861e-07
1.415e+00, 5.000e-01, -7.750e-01, 1.161e+05, 0.000e+00, 4.320e-04, 0.000e+00, 2.109e+00, 9.983e+02, 1.855e-07
1.415e+00, 5.000e-01, -7.650e-01, 1.160e+05, 0.000e+00, 4.320e-04, 0.000e+00, 2.107e+00, 9.983e+02, 1.855e-07
1.415e+00, 5.000e-01, -7.550e-01, 1.159e+05, 0.000e+00, 4.337e-04, 0.000e+00, 2.106e+00, 9.983e+02, 1.862e-07
1.415e+00, 5.000e-01, -7.450e-01, 1.158e+05, 0.000e+00, 4.421e-04, 0.000e+00, 2.104e+00, 9.983e+02, 1.898e-07
1.415e+00, 5.000e-01, -7.350e-01, 1.157e+05, 6.748e-07, 5.181e-04, 0.000e+00, 2.102e+00, 9.984e+02, 2.224e-07
1.415e+00, 5.000e-01, -7.250e-01, 1.156e+05, 4.717e-01, 1.895e-03, 0.000e+00, 2.100e+00, 9.986e+02, 8.558e-07
1.415e+00, 5.000e-01, -7.150e-01, 1.156e+05, 8.683e-01, 1.895e-03, 0.000e+00, 2.100e+00, 9.986e+02, 8.914e-07
1.415e+00, 5.000e-01, -7.050e-01, 1.169e+05, 1.449e-06, 6.304e-04, 0.000e+00, 2.124e+00, 9.984e+02, 2.755e-07
1.415e+00, 5.000e-01, -6.950e-01, 1.168e+05, 0.000e+00, 4.760e-04, 0.000e+00, 2.122e+00, 9.983e+02, 2.091e-07
1.415e+00, 5.000e-01, -6.850e-01, 1.167e+05, 0.000e+00, 3.369e-04, 0.000e+00, 2.120e+00, 9.983e+02, 1.480e-07
1.415e+00, 5.000e-01, -6.750e-01, 1.166e+05, 0.000e+00, 2.219e-04, 0.000e+00, 2.119e+00, 9.983e+02, 9.747e-08
1.415e+00, 5.000e-01, -6.650e-01, 1.165e+05, 0.000e+00, 1.358e-04, 0.000e+00, 2.117e+00, 9.983e+02, 5.964e-08
1.415e+00, 5.000e-01, -6.550e-01, 1.164e+05, 0.000e+00, 7.801e-05, 0.000e+00, 2.115e+00, 9.983e+02, 3.426e-08
1.415e+00, 5.000e-01, -6.450e-01, 1.163e+05, 0.000e+00, 4.469e-05, 0.000e+00, 2.113e+00, 9.983e+02, 1.963e-08
1.415e+00, 5.000e-01, -6.350e-01, 1.162e+05, 0.000e+00, 3.175e-05, 0.000e+00, 2.111e+00, 9.983e+02, 1.394e-08
1.415e+00, 5.000e-01, -6.250e-01, 1.161e+05, 0.000e+00, 3.785e-05, 0.000e+00, 2.110e+00, 9.983e+02, 1.663e-08
1.415e+00, 5.000e-01, -6.150e-01, 1.160e+05, 0.000e+00, 6.602e-05, 0.000e+00, 2.108e+00, 9.983e+02, 2.900e-08
1.415e+00, 5.000e-01, -6.050e-01, 1.159e+05, 0.000e+00, 1.229e-04, 0.000e+00, 2.106e+00, 9.983e+02, 5.397e-08
1.415e+00, 5.000e-01, -5.950e-01, 1.158e+05, 0.000e+00, 2.148e-04, 0.000e+00, 2.104e+00, 9.983e+02, 9.434e-08
1.415e+00, 5.000e-01, -5.850e-01, 1.157e+05, 0.000e+00, 3.409e-04, 0.000e+00, 2.102e+00, 9.983e+02, 1.497e-07
1.415e+00, 5.000e-01, -5.750e-01, 1.156e+05, 0.000e+00, 4.859e-04, 0.000e+00, 2.101e+00, 9.984e+02, 2.134e-07
1.415e+00, 5.000e-01, -5.650e-01, 1.155e+05, 0.000e+00, 6.183e-04, 0.000e+00, 2.099e+00, 9.984e+02, 2.725e-07
1.415e+00, 5.000e-01, -5.550e-01, 1.140e+05, 0.000e+00, 7.009e-04, 0.000e+00, 2.070e+00, 9.984e+02, 3.149e-07
1.415e+00, 5.000e-01, -5.450e-01, 1.139e+05, 0.000e+00, 7.104e-04, 0.000e+00, 2.068e+00, 9.984e+02, 3.192e-07
1.415e+00, 5.000e-01, -5.350e-01, 1.138e+05, 0.000e+00, 6.830e-04, 0.000e+00, 2.067e+00, 9.984e+02, 3.069e-07
1.415e+00, 5.000e-01, -5.250e-01, 1.137e+05, 0.000e+00, 6.495e-04, 0.000e+00, 2.065e+00, 9.984e+02, 2.918e-07
1.415e+00, 5.000e-01, -5.150e-01, 1.136e+05, 0.000e+00, 6.225e-04, 0.000e+00, 2.063e+00, 9.984e+02, 2.797e-07
1.415e+00, 5.000e-01, -5.050e-01, 1.135e+05, 0.000e+00, 6.039e-04, 0.000e+00, 2.061e+00, 9.984e+02, 2.713e-07
1.415e+00, 5.000e-01, -4.950e-01, 1.134e+05, 0.000e+00, 5.942e-04, 0.000e+00, 2.059e+00, 9.984e+02, 2.620e-07
1.415e+00, 5.000e-01, -4.850e-01, 1.133e+05, 0.000e+00, 5.906e-04, 0.000e+00, 2.057e+00, 9.984e+02, 2.535e-07
1.415e+00, 5.000e-01, -4.750e-01, 1.132e+05, 0.000e+00, 5.911e-04, 0.000e+00, 2.056e+00, 9.984e+02, 2.538e-07
1.415e+00, 5.000e-01, -4.650e-01, 1.131e+05, 0.000e+00, 5.914e-04, 0.000e+00, 2.054e+00, 9.984e+02, 2.539e-07
1.415e+00, 5.000e-01, -4.550e-01, 1.130e+05, 0.000e+00, 5.888e-04, 0.000e+00, 2.052e+00, 9.984e+02, 2.528e-07
1.415e+00, 5.000e-01, -4.450e-01, 1.129e+05, 0.000e+00, 5.829e-04, 0.000e+00, 2.050e+00, 9.984e+02, 2.502e-07
1.415e+00, 5.000e-01, -4.350e-01, 1.128e+05, 0.000e+00, 5.734e-04, 0.000e+00, 2.048e+00, 9.984e+02, 2.462e-07
1.415e+00, 5.000e-01, -4.250e-01, 1.127e+05, 0.000e+00, 5.595e-04, 0.000e+00, 2.047e+00, 9.984e+02, 2.402e-07
1.415e+00, 5.000e-01, -4.150e-01, 1.126e+05, 0.000e+00, 5.396e-04, 0.000e+00, 2.045e+00, 9.984e+02, 2.317e-07
1.415e+00, 5.000e-01, -4.050e-01, 1.125e+05, 0.000e+00, 5.126e-04, 0.000e+00, 2.043e+00, 9.984e+02, 2.230e-07
1.415e+00, 5.000e-01, -3.950e-01, 1.124e+05, 0.000e+00, 4.773e-04, 0.000e+00, 2.041e+00, 9.983e+02, 2.124e-07
1.415e+00, 5.000e-01, -3.850e-01, 1.123e+05, 0.000e+00, 4.334e-04, 0.000e+00, 2.039e+00, 9.983e+02, 1.973e-07
1.415e+00, 5.000e-01, -3.750e-01, 1.122e+05, 0.000e+00, 4.065e-04, 0.000e+00, 2.037e+00, 9.983e+02, 1.867e-07
1.415e+00, 5.000e-01, -3.650e-01, 1.121e+05, 0.000e+00, 3.885e-04, 0.000e+00, 2.036e+00, 9.983e+02, 1.784e-07
1.415e+00, 5.000e-01, -3.550e-01, 1.120e+05, 0.000e+00, 3.708e-04, 0.000e+00, 2.034e+00, 9.983e+02, 1.703e-07
1.415e+00, 5.000e-01, -3.450e-01, 1.119e+05, 0.000e+00, 3.492e-04, 0.000e+00, 2.032e+00, 9.983e+02, 1.604e-07
1.415e+00, 5.000e-01, -3.350e-01, 1.118e+05, 0.000e+00, 3.239e-04, 0.000e+00, 2.030e+00, 9.983e+02, 1.485e-07
1.415e+00, 5.000e-01, -3.250e-01, 1.117e+05, 0.000e+00, 2.989e-04, 0.000e+00, 2.029e+00, 9.983e+02, 1.352e-07
1.415e+00, 5.000e-01, -3.150e-01, 1.117e+05, 0.000e+00, 2.665e-04, 0.000e+00, 2.029e+00, 9.983e+02, 1.187e-07
1.415e+00, 5.000e-01, -3.050e-01, 1.116e+05, 0.000e+00, 2.262e-04, 0.000e+00, 2.027e+00, 9.983e+02, 9.952e-08
1.415e+00, 5.000e-01, -2.950e-01, 1.115e+05, 0.000e+00, 1.717e-04, 0.000e+00, 2.025e+00, 9.983e+02, 7.603e-08
1.415e+00, 5.000e-01, -2.850e-01, 1.113e+05, 0.000e+00, 1.422e-04, 0.000e+00, 2.021e+00, 9.983e+02, 6.530e-08
1.415e+00, 5.000e-01, -2.750e-01, 1.113e+05, 0.000e+00, 1.595e-04, 0.000e+00, 2.021e+00, 9.983e+02, 7.119e-08
1.415e+00, 5.000e-01, -2.650e-01, 1.112e+05, 0.000e+00, 1.914e-04, 0.000e+00, 2.020e+00, 9.983e+02, 8.407e-08
1.415e+00, 5.000e-01, -2.550e-01, 1.111e+05, 0.000e+00, 2.116e-04, 0.000e+00, 2.018e+00, 9.983e+02, 9.296e-08
1.415e+00, 5.000e-01, -2.450e-01, 1.112e+05, 0.000e+00, 2.292e-04, 0.000e+00, 2.020e+00, 9.983e+02, 9.942e-08
1.415e+00, 5.000e-01, -2.350e-01, 1.111e+05, 0.000e+00, 2.362e-04, 0.000e+00, 2.018e+00, 9.983e+02, 1.014e-07
1.415e+00, 5.000e-01, -2.250e-01, 1.110e+05, 0.000e+00, 2.142e-04, 0.000e+00, 2.016e+00, 9.983e+02, 9.194e-08
1.415e+00, 5.000e-01, -2.150e-01, 1.106e+05, 0.000e+00, 1.482e-04, 0.000e+00, 2.009e+00, 9.983e+02, 6.602e-08
1.415e+00, 5.000e-01, -2.050e-01, 1.105e+05, 0.000e+00, 1.811e-04, 0.000e+00, 2.007e+00, 9.983e+02, 8.064e-08
1.415e+00, 5.000e-01, -1.950e-01, 1.107e+05, 0.000e+00, 3.170e-04, 0.000e+00, 2.011e+00, 9.983e+02, 1.361e-07
1.415e+00, 5.000e-01, -1.850e-01, 1.106e+05, 0.000e+00, 3.757e-04, 0.000e+00, 2.009e+00, 9.983e+02, 1.613e-07
1.415e+00, 5.000e-01, -1.750e-01, 1.105e+05, 0.000e+00, 3.729e-04, 0.000e+00, 2.007e+00, 9.983e+02, 1.601e-07
1.415e+00, 5.000e-01, -1.650e-01, 1.116e+05, 0.000e+00, 3.186e-04, 0.000e+00, 2.027e+00, 9.983e+02, 1.386e-07
1.415e+00, 5.000e-01, -1.550e-01, 1.115e+05, 0.000e+00, 2.358e-04, 0.000e+00, 2.025e+00, 9.983e+02, 1.036e-07
1.415e+00, 5.000e-01, -1.450e-01, 1.114e+05, 0.000e+00, 1.553e-04, 0.000e+00, 2.024e+00, 9.983e+02, 6.822e-08
1.415e+00, 5.000e-01, -1.350e-01, 1.113e+05, 0.000e+00, 9.272e-05, 0.000e+00, 2.022e+00, 9.983e+02, 4.072e-08
1.415e+00, 5.000e-01, -1.250e-01, 1.112e+05, 0.000e+00, 5.095e-05, 0.000e+00, 2.020e+00, 9.983e+02, 2.238e-08
1.415e+00, 5.000e-01, -1.150e-01, 1.111e+05, 0.000e+00, 2.611e-05, 0.000e+00, 2.018e+00, 9.983e+02, 1.147e-08
1.415e+00, 5.000e-01, -1.050e-01, 1.110e+05, 0.000e+00, 1.260e-05, 0.000e+00, 2.017e+00, 9.983e+02, 5.534e-09
1.415e+00, 5.000e-01, -9.500e-02, 1.109e+05, 0.000e+00, 5.768e-06, 0.000e+00, 2.015e+00, 9.983e+02, 2.534e-09
1.415e+00, 5.000e-01, -8.500e-02, 1.108e+05, 0.000e+00, 2.518e-06, 0.000e+00, 2.013e+00, 9.983e+02, 1.106e-09
1.415e+00, 5.000e-01, -7.500e-02, 1.107e+05, 0.000e+00, 1.051e-06, 0.000e+00, 2.011e+00, 9.983e+02, 4.617e-10
1.415e+00, 5.000e-01, -6.500e-02, 1.106e+05, 0.000e+00, 4.202e-07, 0.000e+00, 2.009e+00, 9.983e+02, 1.846e-10
1.415e+00, 5.000e-01, -5.500e-02, 1.105e+05, 0.000e+00, 1.610e-07, 0.000e+00, 2.008e+00, 9.983e+02, 7.074e-11
1.415e+00, 5.000e-01, -4.500e-02, 1.104e+05, 0.000e+00, 5.921e-08, 0.000e+00, 2.006e+00, 9.983e+02, 2.601e-11
1.415e+00, 5.000e-01, -3.500e-02, 1.103e+05, 0.000e+00, 2.091e-08, 0.000e+00, 2.004e+00, 9.983e+02, 9.185e-12
1.415e+00, 5.000e-01, -2.500e-02, 1.102e+05, 0.000e+00, 7.121e-09, 0.000e+00, 2.002e+00, 9.983e+02, 3.128e-12
1.415e+00, 5.000e-01, -1.500e-02, 1.101e+05, 0.000e+00, 2.388e-09, 0.000e+00, 2.000e+00, 9.983e+02, 1.049e-12
1.415e+00, 5.000e-01, -5.000e-03, 1.100e+05, 0.000e+00, 8.896e-10, 0.000e+00, 1.999e+00, 9.983e+02, 3.908e-13
1.425e+00, 5.000e-01, -1.195e+00, 1.202e+05, 0.000e+00, 1.002e-13, 0.000e+00, 2.184e+00, 9.983e+02, 2.000e-17
1.425e+00, 5.000e-01, -1.185e+00, 1.201e+05, 0.000e+00, 1.002e-13, 0.000e+00, 2.182e+00, 9.983e+02, 2.000e-17
1.425e+00, 5.000e-01, -1.175e+00, 1.200e+05, 0.000e+00, 1.002e-13, 0.000e+00, 2.181e+00, 9.983e+02, 2.000e-17
1.425e+00, 5.000e-01, -1.165e+00, 1.199e+05, 0.000e+00, 1.002e-13, 0.000e+00, 2.179e+00, 9.983e+02, 2.000e-17
1.425e+00, 5.000e-01, -1.155e+00, 1.198e+05, 0.000e+00, 1.002e-13, 0.000e+00, 2.177e+00, 9.983e+02, 2.000e-17
1.425e+00, 5.000e-01, -1.145e+00, 1.197e+05, 0.000e+00, 1.002e-13, 0.000e+00, 2.175e+00, 9.983e+02, 2.000e-17
1.425e+00, 5.000e-01, -1.135e+00, 1.196e+05, 0.000e+00, 1.002e-13, 0.000e+00, 2.173e+00, 9.983e+02, 2.000e-17
1.425e+00, 5.000e-01, -1.125e+00, 1.195e+05, 0.000e+00, 1.002e-13, 0.000e+00, 2.172e+00, 9.983e+02, 2.000e-17
1.425e+00, 5.000e-01, -1.115e+00, 1.194e+05, 0.000e+00, 1.002e-13, 0.000e+00, 2.170e+00, 9.983e+02, 2.000e-17
1.425e+00, 5.000e-01, -1.105e+00, 1.193e+05, 0.000e+00, 1.002e-13, 0.000e+00, 2.168e+00, 9.983e+02, 2.000e-17
1.425e+00, 5.000e-01, -1.095e+00, 1.192e+05, 0.000e+00, 1.002e-13, 0.000e+00, 2.166e+00, 9.983e+02, 2.000e-17
1.425e+00, 5.000e-01, -1.085e+00, 1.191e+05, 0.000e+00, 3.513e-09, 0.000e+00, 2.165e+00, 9.983e+02, 1.359e-12
1.425e+00, 5.000e-01, -1.075e+00, 1.190e+05, 0.000e+00, 9.208e-04, 0.000e+00, 2.163e+00, 9.984e+02, 3.561e-07
1.425e+00, 5.000e-01, -1.065e+00, 1.189e+05, 0.000e+00, 9.465e-04, 0.000e+00, 2.161e+00, 9.984e+02, 4.063e-07
1.425e+00, 5.000e-01, -1.055e+00, 1.188e+05, 0.000e+00, 8.480e-04, 0.000e+00, 2.159e+00, 9.984e+02, 3.641e-07
1.425e+00, 5.000e-01, -1.045e+00, 1.187e+05, 0.000e+00, 7.333e-04, 0.000e+00, 2.158e+00, 9.984e+02, 3.148e-07
1.425e+00, 5.000e-01, -1.035e+00, 1.186e+05, 0.000e+00, 6.385e-04, 0.000e+00, 2.156e+00, 9.984e+02, 2.741e-07
1.425e+00, 5.000e-01, -1.025e+00, 1.185e+05, 0.000e+00, 5.640e-04, 0.000e+00, 2.154e+00, 9.984e+02, 2.421e-07
1.425e+00, 5.000e-01, -1.015e+00, 1.185e+05, 0.000e+00, 5.218e-04, 0.000e+00, 2.152e+00, 9.984e+02, 2.240e-07
1.425e+00, 5.000e-01, -1.005e+00, 1.184e+05, 0.000e+00, 5.002e-04, 0.000e+00, 2.150e+00, 9.984e+02, 2.148e-07
1.425e+00, 5.000e-01, -9.950e-01, 1.183e+05, 0.000e+00, 4.875e-04, 0.000e+00, 2.149e+00, 9.984e+02, 2.093e-07
1.425e+00, 5.000e-01, -9.850e-01, 1.182e+05, 0.000e+00, 4.795e-04, 0.000e+00, 2.147e+00, 9.984e+02, 2.059e-07
1.425e+00, 5.000e-01, -9.750e-01, 1.181e+05, 0.000e+00, 4.756e-04, 0.000e+00, 2.145e+00, 9.983e+02, 2.042e-07
1.425e+00, 5.000e-01, -9.650e-01, 1.180e+05, 0.000e+00, 4.748e-04, 0.000e+00, 2.143e+00, 9.983e+02, 2.038e-07
1.425e+00, 5.000e-01, -9.550e-01, 1.179e+05, 0.000e+00, 4.763e-04, 0.000e+00, 2.141e+00, 9.983e+02, 2.045e-07
1.425e+00, 5.000e-01, -9.450e-01, 1.178e+05, 0.000e+00, 4.803e-04, 0.000e+00, 2.140e+00, 9.984e+02, 2.062e-07
1.425e+00, 5.000e-01, -9.350e-01, 1.177e+05, 0.000e+00, 4.877e-04, 0.000e+00, 2.138e+00, 9.984e+02, 2.094e-07
1.425e+00, 5.000e-01, -9.250e-01, 1.176e+05, 0.000e+00, 4.988e-04, 0.000e+00, 2.136e+00, 9.984e+02, 2.141e-07
1.425e+00, 5.000e-01, -9.150e-01, 1.175e+05, 0.000e+00, 5.132e-04, 0.000e+00, 2.134e+00, 9.984e+02, 2.203e-07
1.425e+00, 5.000e-01, -9.050e-01, 1.174e+05, 0.000e+00, 5.307e-04, 0.000e+00, 2.132e+00, 9.984e+02, 2.278e-07
1.425e+00, 5.000e-01, -8.950e-01, 1.173e+05, 0.000e+00, 5.492e-04, 0.000e+00, 2.131e+00, 9.984e+02, 2.358e-07
1.425e+00, 5.000e-01, -8.850e-01, 1.172e+05, 0.000e+00, 5.651e-04, 0.000e+00, 2.129e+00, 9.984e+02, 2.426e-07
1.425e+00, 5.000e-01, -8.750e-01, 1.171e+05, 0.000e+00, 5.755e-04, 0.000e+00, 2.127e+00, 9.984e+02, 2.471e-07
1.425e+00, 5.000e-01, -8.650e-01, 1.170e+05, 0.000e+00, 5.801e-04, 0.000e+00, 2.125e+00, 9.984e+02, 2.490e-07
1.425e+00, 5.000e-01, -8.550e-01, 1.169e+05, 0.000e+00, 5.790e-04, 0.000e+00, 2.124e+00, 9.984e+02, 2.486e-07
1.425e+00, 5.000e-01, -8.450e-01, 1.168e+05, 0.000e+00, 5.702e-04, 0.000e+00, 2.122e+00, 9.984e+02, 2.448e-07
1.425e+00, 5.000e-01, -8.350e-01, 1.167e+05, 0.000e+00, 5.546e-04, 0.000e+00, 2.120e+00, 9.984e+02, 2.381e-07
1.425e+00, 5.000e-01, -8.250e-01, 1.166e+05, 0.000e+00, 5.335e-04, 0.000e+00, 2.118e+00, 9.984e+02, 2.290e-07
1.425e+00, 5.000e-01, -8.150e-01, 1.165e+05, 0.000e+00, 5.128e-04, 0.000e+00, 2.116e+00, 9.984e+02, 2.201e-07
1.425e+00, 5.000e-01, -8.050e-01, 1.164e+05, 0.000e+00, 4.967e-04, 0.000e+00, 2.115e+00, 9.984e+02, 2.132e-07
1.425e+00, 5.000e-01, -7.950e-01, 1.163e+05, 0.000e+00, 4.837e-04, 0.000e+00, 2.113e+00, 9.984e+02, 2.076e-07
1.425e+00, 5.000e-01, -7.850e-01, 1.162e+05, 0.000e+00, 4.739e-04, 0.000e+00, 2.111e+00, 9.983e+02, 2.034e-07
1.425e+00, 5.000e-01, -7.750e-01, 1.161e+05, 0.000e+00, 4.665e-04, 0.000e+00, 2.109e+00, 9.983e+02, 2.003e-07
1.425e+00, 5.000e-01, -7.650e-01, 1.160e+05, 0.000e+00, 4.606e-04, 0.000e+00, 2.107e+00, 9.983e+02, 1.977e-07
1.425e+00, 5.000e-01, -7.550e-01, 1.159e+05, 0.000e+00, 4.564e-04, 0.000e+00, 2.106e+00, 9.983e+02, 1.959e-07
1.425e+00, 5.000e-01, -7.450e-01, 1.158e+05, 0.000e+00, 4.609e-04, 0.000e+00, 2.104e+00, 9.983e+02, 1.979e-07
1.425e+00, 5.000e-01, -7.350e-01, 1.157e+05, 6.749e-07, 5.438e-04, 0.000e+00, 2.102e+00, 9.984e+02, 2.335e-07
1.425e+00, 5.000e-01, -7.250e-01, 1.156e+05, 4.718e-01, 1.895e-03, 0.000e+00, 2.100e+00, 9.986e+02, 8.558e-07
1.425e+00, 5.000e-01, -7.150e-01, 1.156e+05, 8.683e-01, 1.895e-03, 0.000e+00, 2.100e+00, 9.986e+02, 8.914e-07
1.425e+00, 5.000e-01, -7.050e-01, 1.169e+05, 1.449e-06, 6.256e-04, 0.000e+00, 2.124e+00, 9.984e+02, 2.731e-07
1.425e+00, 5.000e-01, -6.950e-01, 1.168e+05, 0.000e+00, 4.732e-04, 0.000e+00, 2.122e+00, 9.983e+02, 2.079e-07
1.425e+00, 5.000e-01, -6.850e-01, 1.167e+05, 0.000e+00, 3.364e-04, 0.000e+00, 2.120e+00, 9.983e+02, 1.478e-07
1.425e+00, 5.000e-01, -6.750e-01, 1.166e+05, 0.000e+00, 2.229e-04, 0.000e+00, 2.119e+00, 9.983e+02, 9.790e-08
1.425e+00, 5.000e-01, -6.650e-01, 1.165e+05, 0.000e+00, 1.373e-04, 0.000e+00, 2.117e+00, 9.983e+02, 6.032e-08
1.425e+00, 5.000e-01, -6.550e-01, 1.164e+05, 0.000e+00, 7.953e-05, 0.000e+00, 2.115e+00, 9.983e+02, 3.493e-08
1.425e+00, 5.000e-01, -6.450e-01, 1.163e+05, 0.000e+00, 4.602e-05, 0.000e+00, 2.113e+00, 9.983e+02, 2.021e-08
1.425e+00, 5.000e-01, -6.350e-01, 1.162e+05, 0.000e+00, 3.307e-05, 0.000e+00, 2.111e+00, 9.983e+02, 1.452e-08
1.425e+00, 5.000e-01, -6.250e-01, 1.161e+05, 0.000e+00, 3.961e-05, 0.000e+00, 2.110e+00, 9.983e+02, 1.740e-08
1.425e+00, 5.000e-01, -6.150e-01, 1.160e+05, 0.000e+00, 6.880e-05, 0.000e+00, 2.108e+00, 9.983e+02, 3.022e-08
1.425e+00, 5.000e-01, -6.050e-01, 1.159e+05, 0.000e+00, 1.272e-04, 0.000e+00, 2.106e+00, 9.983e+02, 5.587e-08
1.425e+00, 5.000e-01, -5.950e-01, 1.158e+05, 0.000e+00, 2.208e-04, 0.000e+00, 2.104e+00, 9.983e+02, 9.699e-08
1.425e+00, 5.000e-01, -5.850e-01, 1.157e+05, 0.000e+00, 3.481e-04, 0.000e+00, 2.102e+00, 9.983e+02, 1.529e-07
1.425e+00, 5.000e-01, -5.750e-01, 1.156e+05, 0.000e+00, 4.928e-04, 0.000e+00, 2.101e+00, 9.984e+02, 2.165e-07
1.425e+00, 5.000e-01, -5.650e-01, 1.155e+05, 0.000e+00, 6.232e-04, 0.000e+00, 2.099e+00, 9.984e+02, 2.746e-07
1.425e+00, 5.000e-01, -5.550e-01, 1.140e+05, 0.000e+00, 7.029e-04, 0.000e+00, 2.070e+00, 9.984e+02, 3.158e-07
1.425e+00, 5.000e-01, -5.450e-01, 1.139e+05, 0.000e+00, 7.109e-04, 0.000e+00, 2.068e+00, 9.984e+02, 3.194e-07
1.425e+00, 5.000e-01, -5.350e-01, 1.138e+05, 0.000e+00, 6.836e-04, 0.000e+00, 2.067e+00, 9.984e+02, 3.071e-07
1.425e+00, 5.000e-01, -5.250e-01, 1.137e+05, 0.000e+00, 6.510e-04, 0.000e+00, 2.065e+00, 9.984e+02, 2.925e-07
1.425e+00, 5.000e-01, -5.150e-01, 1.136e+05, 0.000e+00, 6.244e-04, 0.000e+00, 2.063e+00, 9.984e+02, 2.805e-07
1.425e+00, 5.000e-01, -5.050e-01, 1.135e+05, 0.000e+00, 6.058e-04, 0.000e+00, 2.061e+00, 9.984e+02, 2.721e-07
1.425e+00, 5.000e-01, -4.950e-01, 1.134e+05, 0.000e+00, 5.955e-04, 0.000e+00, 2.059e+00, 9.984e+02, 2.616e-07
1.425e+00, 5.000e-01, -4.850e-01, 1.133e+05, 0.000e+00, 5.905e-04, 0.000e+00, 2.057e+00, 9.984e+02, 2.535e-07
1.425e+00, 5.000e-01, -4.750e-01, 1.132e+05, 0.000e+00, 5.905e-04, 0.000e+00, 2.056e+00, 9.984e+02, 2.535e-07
1.425e+00, 5.000e-01, -4.650e-01, 1.131e+05, 0.000e+00, 5.911e-04, 0.000e+00, 2.054e+00, 9.984e+02, 2.538e-07
1.425e+00, 5.000e-01, -4.550e-01, 1.130e+05, 0.000e+00, 5.899e-04, 0.000e+00, 2.052e+00, 9.984e+02, 2.532e-07
1.425e+00, 5.000e-01, -4.450e-01, 1.129e+05, 0.000e+00, 5.861e-04, 0.000e+00, 2.050e+00, 9.984e+02, 2.516e-07
1.425e+00, 5.000e-01, -4.350e-01, 1.128e+05, 0.000e+00, 5.796e-04, 0.000e+00, 2.048e+00, 9.984e+02, 2.488e-07
1.425e+00, 5.000e-01, -4.250e-01, 1.127e+05, 0.000e+00, 5.695e-04, 0.000e+00, 2.047e+00, 9.984e+02, 2.445e-07
1.425e+00, 5.000e-01, -4.150e-01, 1.126e+05, 0.000e+00, 5.546e-04, 0.000e+00, 2.045e+00, 9.984e+02, 2.381e-07
1.425e+00, 5.000e-01, -4.050e-01, 1.125e+05, 0.000e+00, 5.329e-04, 0.000e+00, 2.043e+00, 9.984e+02, 2.288e-07
1.425e+00, 5.000e-01, -3.950e-01, 1.124e+05, 0.000e+00, 5.014e-04, 0.000e+00, 2.041e+00, 9.984e+02, 2.152e-07
1.425e+00, 5.000e-01, -3.850e-01, 1.123e+05, 0.000e+00, 4.550e-04, 0.000e+00, 2.039e+00, 9.983e+02, 1.964e-07
1.425e+00, 5.000e-01, -3.750e-01, 1.122e+05, 0.000e+00, 4.093e-04, 0.000e+00, 2.038e+00, 9.983e+02, 1.847e-07
1.425e+00, 5.000e-01, -3.650e-01, 1.121e+05, 0.000e+00, 3.879e-04, 0.000e+00, 2.036e+00, 9.983e+02, 1.763e-07
1.425e+00, 5.000e-01, -3.550e-01, 1.120e+05, 0.000e+00, 3.727e-04, 0.000e+00, 2.034e+00, 9.983e+02, 1.707e-07
1.425e+00, 5.000e-01, -3.450e-01, 1.119e+05, 0.000e+00, 3.569e-04, 0.000e+00, 2.032e+00, 9.983e+02, 1.639e-07
1.425e+00, 5.000e-01, -3.350e-01, 1.118e+05, 0.000e+00, 3.361e-04, 0.000e+00, 2.030e+00, 9.983e+02, 1.544e-07
1.425e+00, 5.000e-01, -3.250e-01, 1.117e+05, 0.000e+00, 3.152e-04, 0.000e+00, 2.029e+00, 9.983e+02, 1.448e-07
1.425e+00, 5.000e-01, -3.150e-01, 1.116e+05, 0.000e+00, 2.913e-04, 0.000e+00, 2.027e+00, 9.983e+02, 1.338e-07
1.425e+00, 5.000e-01, -3.050e-01, 1.115e+05, 0.000e+00, 2.583e-04, 0.000e+00, 2.025e+00, 9.983e+02, 1.184e-07
1.425e+00, 5.000e-01, -2.950e-01, 1.114e+05, 0.000e+00, 1.981e-04, 0.000e+00, 2.023e+00, 9.983e+02, 8.973e-08
1.425e+00, 5.000e-01, -2.850e-01, 1.113e+05, 0.000e+00, 1.458e-04, 0.000e+00, 2.021e+00, 9.983e+02, 6.692e-08
1.425e+00, 5.000e-01, -2.750e-01, 1.112e+05, 0.000e+00, 1.557e-04, 0.000e+00, 2.020e+00, 9.983e+02, 7.034e-08
1.425e+00, 5.000e-01, -2.650e-01, 1.112e+05, 0.000e+00, 1.820e-04, 0.000e+00, 2.020e+00, 9.983e+02, 7.994e-08
1.425e+00, 5.000e-01, -2.550e-01, 1.111e+05, 0.000e+00, 2.080e-04, 0.000e+00, 2.018e+00, 9.983e+02, 9.137e-08
1.425e+00, 5.000e-01, -2.450e-01, 1.110e+05, 0.000e+00, 2.324e-04, 0.000e+00, 2.016e+00, 9.983e+02, 1.010e-07
1.425e+00, 5.000e-01, -2.350e-01, 1.111e+05, 0.000e+00, 2.480e-04, 0.000e+00, 2.018e+00, 9.983e+02, 1.064e-07
1.425e+00, 5.000e-01, -2.250e-01, 1.110e+05, 0.000e+00, 2.315e-04, 0.000e+00, 2.016e+00, 9.983e+02, 9.936e-08
1.425e+00, 5.000e-01, -2.150e-01, 1.109e+05, 0.000e+00, 1.697e-04, 0.000e+00, 2.014e+00, 9.983e+02, 7.494e-08
1.425e+00, 5.000e-01, -2.050e-01, 1.105e+05, 0.000e+00, 1.996e-04, 0.000e+00, 2.007e+00, 9.983e+02, 9.009e-08
1.425e+00, 5.000e-01, -1.950e-01, 1.107e+05, 0.000e+00, 3.518e-04, 0.000e+00, 2.011e+00, 9.983e+02, 1.510e-07
1.425e+00, 5.000e-01, -1.850e-01, 1.106e+05, 0.000e+00, 4.038e-04, 0.000e+00, 2.009e+00, 9.983e+02, 1.733e-07
1.425e+00, 5.000e-01, -1.750e-01, 1.105e+05, 0.000e+00, 3.931e-04, 0.000e+00, 2.007e+00, 9.983e+02, 1.687e-07
1.425e+00, 5.000e-01, -1.650e-01, 1.104e+05, 0.000e+00, 3.322e-04, 0.000e+00, 2.005e+00, 9.983e+02, 1.438e-07
1.425e+00, 5.000e-01, -1.550e-01, 1.115e+05, 0.000e+00, 2.487e-04, 0.000e+00, 2.025e+00, 9.983e+02, 1.092e-07
1.425e+00, 5.000e-01, -1.450e-01, 1.114e+05, 0.000e+00, 1.662e-04, 0.000e+00, 2.024e+00, 9.983e+02, 7.298e-08
1.425e+00, 5.000e-01, -1.350e-01, 1.113e+05, 0.000e+00, 1.007e-04, 0.000e+00, 2.022e+00, 9.983e+02, 4.423e-08
1.425e+00, 5.000e-01, -1.250e-01, 1.112e+05, 0.000e+00, 5.618e-05, 0.000e+00, 2.020e+00, 9.983e+02, 2.468e-08
1.425e+00, 5.000e-01, -1.150e-01, 1.111e+05, 0.000e+00, 2.923e-05, 0.000e+00, 2.018e+00, 9.983e+02, 1.284e-08
1.425e+00, 5.000e-01, -1.050e-01, 1.110e+05, 0.000e+00, 1.433e-05, 0.000e+00, 2.017e+00, 9.983e+02, 6.293e-09
1.425e+00, 5.000e-01, -9.500e-02, 1.109e+05, 0.000e+00, 6.669e-06, 0.000e+00, 2.015e+00, 9.983e+02, 2.929e-09
1.425e+00, 5.000e-01, -8.500e-02, 1.108e+05, 0.000e+00, 2.962e-06, 0.000e+00, 2.013e+00, 9.983e+02, 1.301e-09
1.425e+00, 5.000e-01, -7.500e-02, 1.107e+05, 0.000e+00, 1.259e-06, 0.000e+00, 2.011e+00, 9.983e+02, 5.529e-10
1.425e+00, 5.000e-01, -6.500e-02, 1.106e+05, 0.000e+00, 5.126e-07, 0.000e+00, 2.009e+00, 9.983e+02, 2.252e-10
1.425e+00, 5.000e-01, -5.500e-02, 1.105e+05, 0.000e+00, 2.002e-07, 0.000e+00, 2.008e+00, 9.983e+02, 8.794e-11
1.425e+00, 5.000e-01, -4.500e-02, 1.104e+05, 0.000e+00, 7.502e-08, 0.000e+00, 2.006e+00, 9.983e+02, 3.295e-11
1.425e+00, 5.000e-01, -3.500e-02, 1.103e+05, 0.000e+00, 2.700e-08, 0.000e+00, 2.004e+00, 9.983e+02, 1.186e-11
1.425e+00, 5.000e-01, -2.500e-02, 1.102e+05, 0.000e+00, 9.374e-09, 0.000e+00, 2.002e+00, 9.983e+02, 4.118e-12
1.425e+00, 5.000e-01, -1.500e-02, 1.101e+05, 0.000e+00, 3.207e-09, 0.000e+00, 2.000e+00, 9.983e+02, 1.408e-12
1.425e+00, 5.000e-01, -5.000e-03, 1.100e+05, 0.000e+00, 1.215e-09, 0.000e+00, 1.999e+00, 9.983e+02, 5.335e-13
1.435e+00, 5.000e-01, -1.195e+00, 1.202e+05, 0.000e+00, 1.002e-13, 0.000e+00, 2.184e+00, 9.983e+02, 2.000e-17
1.435e+00, 5.000e-01, -1.185e+00, 1.201e+05, 0.000e+00, 1.002e-13, 0.000e+00, 2.182e+00, 9.983e+02, 2.000e-17
1.435e+00, 5.000e-01, -1.175e+00, 1.200e+05, 0.000e+00, 1.002e-13, 0.000e+00, 2.181e+00, 9.983e+02, 2.000e-17
1.435e+00, 5.000e-01, -1.165e+00, 1.199e+05, 0.000e+00, 1.002e-13, 0.000e+00, 2.179e+00, 9.983e+02, 2.000e-17
1.435e+00, 5.000e-01, -1.155e+00, 1.198e+05, 0.000e+00, 1.002e-13, 0.000e+00, 2.177e+00, 9.983e+02, 2.000e-17
1.435e+00, 5.000e-01, -1.145e+00, 1.197e+05, 0.000e+00, 1.002e-13, 0.000e+00, 2.175e+00, 9.983e+02, 2.000e-17
1.435e+00, 5.000e-01, -1.135e+00, 1.196e+05, 0.000e+00, 1.002e-13, 0.000e+00, 2.173e+00, 9.983e+02, 2.000e-17
1.435e+00, 5.000e-01, -1.125e+00, 1.195e+05, 0.000e+00, 1.002e-13, 0.000e+00, 2.172e+00, 9.983e+02, 2.000e-17
1.435e+00, 5.000e-01, -1.115e+00, 1.194e+05, 0.000e+00, 1.002e-13, 0.000e+00, 2.170e+00, 9.983e+02, 2.000e-17
1.435e+00, 5.000e-01, -1.105e+00, 1.193e+05, 0.000e+00, 1.002e-13, 0.000e+00, 2.168e+00, 9.983e+02, 2.000e-17
1.435e+00, 5.000e-01, -1.095e+00, 1.192e+05, 0.000e+00, 1.002e-13, 0.000e+00, 2.166e+00, 9.983e+02, 2.000e-17
1.435e+00, 5.000e-01, -1.085e+00, 1.191e+05, 0.000e+00, 3.382e-09, 0.000e+00, 2.165e+00, 9.983e+02, 1.266e-12
1.435e+00, 5.000e-01, -1.075e+00, 1.190e+05, 0.000e+00, 8.841e-04, 0.000e+00, 2.163e+00, 9.984e+02, 3.302e-07
1.435e+00, 5.000e-01, -1.065e+00, 1.189e+05, 0.000e+00, 9.329e-04, 0.000e+00, 2.161e+00, 9.984e+02, 4.005e-07
1.435e+00, 5.000e-01, -1.055e+00, 1.188e+05, 0.000e+00, 8.429e-04, 0.000e+00, 2.159e+00, 9.984e+02, 3.619e-07
1.435e+00, 5.000e-01, -1.045e+00, 1.187e+05, 0.000e+00, 7.284e-04, 0.000e+00, 2.158e+00, 9.984e+02, 3.127e-07
1.435e+00, 5.000e-01, -1.035e+00, 1.186e+05, 0.000e+00, 6.312e-04, 0.000e+00, 2.156e+00, 9.984e+02, 2.710e-07
1.435e+00, 5.000e-01, -1.025e+00, 1.185e+05, 0.000e+00, 5.560e-04, 0.000e+00, 2.154e+00, 9.984e+02, 2.387e-07
1.435e+00, 5.000e-01, -1.015e+00, 1.185e+05, 0.000e+00, 5.147e-04, 0.000e+00, 2.152e+00, 9.984e+02, 2.209e-07
1.435e+00, 5.000e-01, -1.005e+00, 1.184e+05, 0.000e+00, 4.989e-04, 0.000e+00, 2.150e+00, 9.984e+02, 2.142e-07
1.435e+00, 5.000e-01, -9.950e-01, 1.183e+05, 0.000e+00, 4.942e-04, 0.000e+00, 2.149e+00, 9.984e+02, 2.122e-07
1.435e+00, 5.000e-01, -9.850e-01, 1.182e+05, 0.000e+00, 4.966e-04, 0.000e+00, 2.147e+00, 9.984e+02, 2.132e-07
1.435e+00, 5.000e-01, -9.750e-01, 1.181e+05, 0.000e+00, 5.092e-04, 0.000e+00, 2.145e+00, 9.984e+02, 2.186e-07
1.435e+00, 5.000e-01, -9.650e-01, 1.180e+05, 0.000e+00, 5.253e-04, 0.000e+00, 2.143e+00, 9.984e+02, 2.255e-07
1.435e+00, 5.000e-01, -9.550e-01, 1.179e+05, 0.000e+00, 5.389e-04, 0.000e+00, 2.141e+00, 9.984e+02, 2.313e-07
1.435e+00, 5.000e-01, -9.450e-01, 1.178e+05, 0.000e+00, 5.514e-04, 0.000e+00, 2.140e+00, 9.984e+02, 2.367e-07
1.435e+00, 5.000e-01, -9.350e-01, 1.177e+05, 0.000e+00, 5.654e-04, 0.000e+00, 2.138e+00, 9.984e+02, 2.427e-07
1.435e+00, 5.000e-01, -9.250e-01, 1.176e+05, 0.000e+00, 5.854e-04, 0.000e+00, 2.136e+00, 9.984e+02, 2.513e-07
1.435e+00, 5.000e-01, -9.150e-01, 1.175e+05, 0.000e+00, 6.100e-04, 0.000e+00, 2.134e+00, 9.984e+02, 2.619e-07
1.435e+00, 5.000e-01, -9.050e-01, 1.174e+05, 0.000e+00, 6.348e-04, 0.000e+00, 2.132e+00, 9.984e+02, 2.725e-07
1.435e+00, 5.000e-01, -8.950e-01, 1.173e+05, 0.000e+00, 6.554e-04, 0.000e+00, 2.131e+00, 9.984e+02, 2.814e-07
1.435e+00, 5.000e-01, -8.850e-01, 1.172e+05, 0.000e+00, 6.704e-04, 0.000e+00, 2.129e+00, 9.984e+02, 2.878e-07
1.435e+00, 5.000e-01, -8.750e-01, 1.171e+05, 0.000e+00, 6.802e-04, 0.000e+00, 2.127e+00, 9.984e+02, 2.920e-07
1.435e+00, 5.000e-01, -8.650e-01, 1.170e+05, 0.000e+00, 6.855e-04, 0.000e+00, 2.125e+00, 9.984e+02, 2.943e-07
1.435e+00, 5.000e-01, -8.550e-01, 1.169e+05, 0.000e+00, 6.866e-04, 0.000e+00, 2.124e+00, 9.984e+02, 2.948e-07
1.435e+00, 5.000e-01, -8.450e-01, 1.168e+05, 0.000e+00, 6.823e-04, 0.000e+00, 2.122e+00, 9.984e+02, 2.929e-07
1.435e+00, 5.000e-01, -8.350e-01, 1.167e+05, 0.000e+00, 6.733e-04, 0.000e+00, 2.120e+00, 9.984e+02, 2.891e-07
1.435e+00, 5.000e-01, -8.250e-01, 1.166e+05, 0.000e+00, 6.594e-04, 0.000e+00, 2.118e+00, 9.984e+02, 2.831e-07
1.435e+00, 5.000e-01, -8.150e-01, 1.165e+05, 0.000e+00, 6.369e-04, 0.000e+00, 2.116e+00, 9.984e+02, 2.734e-07
1.435e+00, 5.000e-01, -8.050e-01, 1.164e+05, 0.000e+00, 6.009e-04, 0.000e+00, 2.115e+00, 9.984e+02, 2.580e-07
1.435e+00, 5.000e-01, -7.950e-01, 1.163e+05, 0.000e+00, 5.556e-04, 0.000e+00, 2.113e+00, 9.984e+02, 2.385e-07
1.435e+00, 5.000e-01, -7.850e-01, 1.162e+05, 0.000e+00, 5.339e-04, 0.000e+00, 2.111e+00, 9.984e+02, 2.292e-07
1.435e+00, 5.000e-01, -7.750e-01, 1.161e+05, 0.000e+00, 5.152e-04, 0.000e+00, 2.109e+00, 9.984e+02, 2.212e-07
1.435e+00, 5.000e-01, -7.650e-01, 1.160e+05, 0.000e+00, 4.987e-04, 0.000e+00, 2.107e+00, 9.984e+02, 2.141e-07
1.435e+00, 5.000e-01, -7.550e-01, 1.159e+05, 0.000e+00, 4.848e-04, 0.000e+00, 2.106e+00, 9.984e+02, 2.081e-07
1.435e+00, 5.000e-01, -7.450e-01, 1.158e+05, 0.000e+00, 4.838e-04, 0.000e+00, 2.104e+00, 9.984e+02, 2.077e-07
1.435e+00, 5.000e-01, -7.350e-01, 1.157e+05, 6.750e-07, 5.723e-04, 0.000e+00, 2.102e+00, 9.984e+02, 2.457e-07
1.435e+00, 5.000e-01, -7.250e-01, 1.156e+05, 4.719e-01, 1.895e-03, 0.000e+00, 2.100e+00, 9.986e+02, 8.559e-07
1.435e+00, 5.000e-01, -7.150e-01, 1.156e+05, 8.683e-01, 1.895e-03, 0.000e+00, 2.100e+00, 9.986e+02, 8.914e-07
1.435e+00, 5.000e-01, -7.050e-01, 1.169e+05, 1.449e-06, 6.172e-04, 0.000e+00, 2.124e+00, 9.984e+02, 2.690e-07
1.435e+00, 5.000e-01, -6.950e-01, 1.168e+05, 0.000e+00, 4.664e-04, 0.000e+00, 2.122e+00, 9.983e+02, 2.049e-07
1.435e+00, 5.000e-01, -6.850e-01, 1.167e+05, 0.000e+00, 3.326e-04, 0.000e+00, 2.120e+00, 9.983e+02, 1.461e-07
1.435e+00, 5.000e-01, -6.750e-01, 1.166e+05, 0.000e+00, 2.215e-04, 0.000e+00, 2.119e+00, 9.983e+02, 9.730e-08
1.435e+00, 5.000e-01, -6.650e-01, 1.165e+05, 0.000e+00, 1.373e-04, 0.000e+00, 2.117e+00, 9.983e+02, 6.030e-08
1.435e+00, 5.000e-01, -6.550e-01, 1.164e+05, 0.000e+00, 8.002e-05, 0.000e+00, 2.115e+00, 9.983e+02, 3.515e-08
1.435e+00, 5.000e-01, -6.450e-01, 1.163e+05, 0.000e+00, 4.673e-05, 0.000e+00, 2.113e+00, 9.983e+02, 2.052e-08
1.435e+00, 5.000e-01, -6.350e-01, 1.162e+05, 0.000e+00, 3.404e-05, 0.000e+00, 2.111e+00, 9.983e+02, 1.495e-08
1.435e+00, 5.000e-01, -6.250e-01, 1.161e+05, 0.000e+00, 4.118e-05, 0.000e+00, 2.110e+00, 9.983e+02, 1.809e-08
1.435e+00, 5.000e-01, -6.150e-01, 1.160e+05, 0.000e+00, 7.143e-05, 0.000e+00, 2.108e+00, 9.983e+02, 3.138e-08
1.435e+00, 5.000e-01, -6.050e-01, 1.159e+05, 0.000e+00, 1.314e-04, 0.000e+00, 2.106e+00, 9.983e+02, 5.770e-08
1.435e+00, 5.000e-01, -5.950e-01, 1.158e+05, 0.000e+00, 2.266e-04, 0.000e+00, 2.104e+00, 9.983e+02, 9.954e-08
1.435e+00, 5.000e-01, -5.850e-01, 1.157e+05, 0.000e+00, 3.550e-04, 0.000e+00, 2.102e+00, 9.983e+02, 1.559e-07
1.435e+00, 5.000e-01, -5.750e-01, 1.156e+05, 0.000e+00, 4.994e-04, 0.000e+00, 2.101e+00, 9.984e+02, 2.194e-07
1.435e+00, 5.000e-01, -5.650e-01, 1.155e+05, 0.000e+00, 6.278e-04, 0.000e+00, 2.099e+00, 9.984e+02, 2.766e-07
1.435e+00, 5.000e-01, -5.550e-01, 1.140e+05, 0.000e+00, 7.047e-04, 0.000e+00, 2.070e+00, 9.984e+02, 3.166e-07
1.435e+00, 5.000e-01, -5.450e-01, 1.139e+05, 0.000e+00, 7.116e-04, 0.000e+00, 2.068e+00, 9.984e+02, 3.197e-07
1.435e+00, 5.000e-01, -5.350e-01, 1.138e+05, 0.000e+00, 6.847e-04, 0.000e+00, 2.067e+00, 9.984e+02, 3.076e-07
1.435e+00, 5.000e-01, -5.250e-01, 1.137e+05, 0.000e+00, 6.528e-04, 0.000e+00, 2.065e+00, 9.984e+02, 2.933e-07
1.435e+00, 5.000e-01, -5.150e-01, 1.136e+05, 0.000e+00, 6.267e-04, 0.000e+00, 2.063e+00, 9.984e+02, 2.816e-07
1.435e+00, 5.000e-01, -5.050e-01, 1.135e+05, 0.000e+00, 6.078e-04, 0.000e+00, 2.061e+00, 9.984e+02, 2.731e-07
1.435e+00, 5.000e-01, -4.950e-01, 1.134e+05, 0.000e+00, 5.967e-04, 0.000e+00, 2.059e+00, 9.984e+02, 2.612e-07
1.435e+00, 5.000e-01, -4.850e-01, 1.133e+05, 0.000e+00, 5.899e-04, 0.000e+00, 2.057e+00, 9.984e+02, 2.533e-07
1.435e+00, 5.000e-01, -4.750e-01, 1.132e+05, 0.000e+00, 5.887e-04, 0.000e+00, 2.056e+00, 9.984e+02, 2.527e-07
1.435e+00, 5.000e-01, -4.650e-01, 1.131e+05, 0.000e+00, 5.893e-04, 0.000e+00, 2.054e+00, 9.984e+02, 2.530e-07
1.435e+00, 5.000e-01, -4.550e-01, 1.130e+05, 0.000e+00, 5.890e-04, 0.000e+00, 2.052e+00, 9.984e+02, 2.529e-07
1.435e+00, 5.000e-01, -4.450e-01, 1.129e+05, 0.000e+00, 5.871e-04, 0.000e+00, 2.050e+00, 9.984e+02, 2.521e-07
1.435e+00, 5.000e-01, -4.350e-01, 1.128e+05, 0.000e+00, 5.833e-04, 0.000e+00, 2.048e+00, 9.984e+02, 2.504e-07
1.435e+00, 5.000e-01, -4.250e-01, 1.127e+05, 0.000e+00, 5.767e-04, 0.000e+00, 2.047e+00, 9.984e+02, 2.476e-07
1.435e+00, 5.000e-01, -4.150e-01, 1.126e+05, 0.000e+00, 5.660e-04, 0.000e+00, 2.045e+00, 9.984e+02, 2.430e-07
1.435e+00, 5.000e-01, -4.050e-01, 1.125e+05, 0.000e+00, 5.492e-04, 0.000e+00, 2.043e+00, 9.984e+02, 2.358e-07
1.435e+00, 5.000e-01, -3.950e-01, 1.124e+05, 0.000e+00, 5.232e-04, 0.000e+00, 2.041e+00, 9.984e+02, 2.246e-07
1.435e+00, 5.000e-01, -3.850e-01, 1.123e+05, 0.000e+00, 4.839e-04, 0.000e+00, 2.039e+00, 9.983e+02, 2.079e-07
1.435e+00, 5.000e-01, -3.750e-01, 1.122e+05, 0.000e+00, 4.205e-04, 0.000e+00, 2.038e+00, 9.983e+02, 1.888e-07
1.435e+00, 5.000e-01, -3.650e-01, 1.121e+05, 0.000e+00, 3.896e-04, 0.000e+00, 2.036e+00, 9.983e+02, 1.750e-07
1.435e+00, 5.000e-01, -3.550e-01, 1.120e+05, 0.000e+00, 3.720e-04, 0.000e+00, 2.034e+00, 9.983e+02, 1.671e-07
1.435e+00, 5.000e-01, -3.450e-01, 1.119e+05, 0.000e+00, 3.589e-04, 0.000e+00, 2.033e+00, 9.983e+02, 1.620e-07
1.435e+00, 5.000e-01, -3.350e-01, 1.118e+05, 0.000e+00, 3.438e-04, 0.000e+00, 2.030e+00, 9.983e+02, 1.563e-07
1.435e+00, 5.000e-01, -3.250e-01, 1.117e+05, 0.000e+00, 3.238e-04, 0.000e+00, 2.029e+00, 9.983e+02, 1.483e-07
1.435e+00, 5.000e-01, -3.150e-01, 1.116e+05, 0.000e+00, 3.002e-04, 0.000e+00, 2.027e+00, 9.983e+02, 1.379e-07
1.435e+00, 5.000e-01, -3.050e-01, 1.115e+05, 0.000e+00, 2.681e-04, 0.000e+00, 2.025e+00, 9.983e+02, 1.231e-07
1.435e+00, 5.000e-01, -2.950e-01, 1.114e+05, 0.000e+00, 2.157e-04, 0.000e+00, 2.023e+00, 9.983e+02, 9.904e-08
1.435e+00, 5.000e-01, -2.850e-01, 1.113e+05, 0.000e+00, 1.572e-04, 0.000e+00, 2.021e+00, 9.983e+02, 7.217e-08
1.435e+00, 5.000e-01, -2.750e-01, 1.112e+05, 0.000e+00, 1.577e-04, 0.000e+00, 2.020e+00, 9.983e+02, 7.221e-08
1.435e+00, 5.000e-01, -2.650e-01, 1.112e+05, 0.000e+00, 1.708e-04, 0.000e+00, 2.020e+00, 9.983e+02, 7.628e-08
1.435e+00, 5.000e-01, -2.550e-01, 1.111e+05, 0.000e+00, 1.974e-04, 0.000e+00, 2.018e+00, 9.983e+02, 8.687e-08
1.435e+00, 5.000e-01, -2.450e-01, 1.110e+05, 0.000e+00, 2.327e-04, 0.000e+00, 2.016e+00, 9.983e+02, 1.013e-07
1.435e+00, 5.000e-01, -2.350e-01, 1.111e+05, 0.000e+00, 2.596e-04, 0.000e+00, 2.018e+00, 9.983e+02, 1.114e-07
1.435e+00, 5.000e-01, -2.250e-01, 1.110e+05, 0.000e+00, 2.495e-04, 0.000e+00, 2.016e+00, 9.983e+02, 1.071e-07
1.435e+00, 5.000e-01, -2.150e-01, 1.109e+05, 0.000e+00, 2.030e-04, 0.000e+00, 2.014e+00, 9.983e+02, 8.886e-08
1.435e+00, 5.000e-01, -2.050e-01, 1.105e+05, 0.000e+00, 2.201e-04, 0.000e+00, 2.007e+00, 9.983e+02, 1.007e-07
1.435e+00, 5.000e-01, -1.950e-01, 1.107e+05, 0.000e+00, 3.858e-04, 0.000e+00, 2.011e+00, 9.983e+02, 1.657e-07
1.435e+00, 5.000e-01, -1.850e-01, 1.106e+05, 0.000e+00, 4.302e-04, 0.000e+00, 2.009e+00, 9.983e+02, 1.847e-07
1.435e+00, 5.000e-01, -1.750e-01, 1.105e+05, 0.000e+00, 4.127e-04, 0.000e+00, 2.007e+00, 9.983e+02, 1.772e-07
1.435e+00, 5.000e-01, -1.650e-01, 1.104e+05, 0.000e+00, 3.478e-04, 0.000e+00, 2.005e+00, 9.983e+02, 1.499e-07
1.435e+00, 5.000e-01, -1.550e-01, 1.115e+05, 0.000e+00, 2.642e-04, 0.000e+00, 2.025e+00, 9.983e+02, 1.160e-07
1.435e+00, 5.000e-01, -1.450e-01, 1.114e+05, 0.000e+00, 1.790e-04, 0.000e+00, 2.024e+00, 9.983e+02, 7.864e-08
1.435e+00, 5.000e-01, -1.350e-01, 1.113e+05, 0.000e+00, 1.100e-04, 0.000e+00, 2.022e+00, 9.983e+02, 4.832e-08
1.435e+00, 5.000e-01, -1.250e-01, 1.112e+05, 0.000e+00, 6.221e-05, 0.000e+00, 2.020e+00, 9.983e+02, 2.733e-08
1.435e+00, 5.000e-01, -1.150e-01, 1.111e+05, 0.000e+00, 3.282e-05, 0.000e+00, 2.018e+00, 9.983e+02, 1.441e-08
1.435e+00, 5.000e-01, -1.050e-01, 1.110e+05, 0.000e+00, 1.632e-05, 0.000e+00, 2.017e+00, 9.983e+02, 7.167e-09
1.435e+00, 5.000e-01, -9.500e-02, 1.109e+05, 0.000e+00, 7.710e-06, 0.000e+00, 2.015e+00, 9.983e+02, 3.386e-09
1.435e+00, 5.000e-01, -8.500e-02, 1.108e+05, 0.000e+00, 3.479e-06, 0.000e+00, 2.013e+00, 9.983e+02, 1.528e-09
1.435e+00, 5.000e-01, -7.500e-02, 1.107e+05, 0.000e+00, 1.503e-06, 0.000e+00, 2.011e+00, 9.983e+02, 6.602e-10
1.435e+00, 5.000e-01, -6.500e-02, 1.106e+05, 0.000e+00, 6.226e-07, 0.000e+00, 2.009e+00, 9.983e+02, 2.734e-10
1.435e+00, 5.000e-01, -5.500e-02, 1.105e+05, 0.000e+00, 2.474e-07, 0.000e+00, 2.008e+00, 9.983e+02, 1.087e-10
1.435e+00, 5.000e-01, -4.500e-02, 1.104e+05, 0.000e+00, 9.433e-08, 0.000e+00, 2.006e+00, 9.983e+02, 4.143e-11
1.435e+00, 5.000e-01, -3.500e-02, 1.103e+05, 0.000e+00, 3.456e-08, 0.000e+00, 2.004e+00, 9.983e+02, 1.518e-11
1.435e+00, 5.000e-01, -2.500e-02, 1.102e+05, 0.000e+00, 1.221e-08, 0.000e+00, 2.002e+00, 9.983e+02, 5.365e-12
1.435e+00, 5.000e-01, -1.500e-02, 1.101e+05, 0.000e+00, 4.256e-09, 0.000e+00, 2.000e+00, 9.983e+02, 1.869e-12
1.435e+00, 5.000e-01, -5.000e-03, 1.100e+05, 0.000e+00, 1.636e-09, 0.000e+00, 1.999e+00, 9.983e+02, 7.187e-13
1.445e+00, 5.000e-01, -1.195e+00, 1.202e+05, 0.000e+00, 1.002e-13, 0.000e+00, 2.184e+00, 9.983e+02, 2.000e-17
1.445e+00, 5.000e-01, -1.185e+00, 1.201e+05, 0.000e+00, 1.002e-13, 0.000e+00, 2.182e+00, 9.983e+02, 2.000e-17
1.445e+00, 5.000e-01, -1.175e+00, 1.200e+05, 0.000e+00, 1.002e-13, 0.000e+00, 2.181e+00, 9.983e+02, 2.000e-17
1.445e+00, 5.000e-01, -1.165e+00, 1.199e+05, 0.000e+00, 1.002e-13, 0.000e+00, 2.179e+00, 9.983e+02, 2.000e-17
1.445e+00, 5.000e-01, -1.155e+00, 1.198e+05, 0.000e+00, 1.002e-13, 0.000e+00, 2.177e+00, 9.983e+02, 2.000e-17
1.445e+00, 5.000e-01, -1.145e+00, 1.197e+05, 0.000e+00, 1.002e-13, 0.000e+00, 2.175e+00, 9.983e+02, 2.000e-17
1.445e+00, 5.000e-01, -1.135e+00, 1.196e+05, 0.000e+00, 1.002e-13, 0.000e+00, 2.173e+00, 9.983e+02, 2.000e-17
1.445e+00, 5.000e-01, -1.125e+00, 1.195e+05, 0.000e+00, 1.002e-13, 0.000e+00, 2.172e+00, 9.983e+02, 2.000e-17
1.445e+00, 5.000e-01, -1.115e+00, 1.194e+05, 0.000e+00, 1.002e-13, 0.000e+00, 2.170e+00, 9.983e+02, 2.000e-17
1.445e+00, 5.000e-01, -1.105e+00, 1.193e+05, 0.000e+00, 1.002e-13, 0.000e+00, 2.168e+00, 9.983e+02, 2.000e-17
1.445e+00, 5.000e-01, -1.095e+00, 1.192e+05, 0.000e+00, 1.002e-13, 0.000e+00, 2.166e+00, 9.983e+02, 2.000e-17
1.445e+00, 5.000e-01, -1.085e+00, 1.191e+05, 0.000e+00, 3.269e-09, 0.000e+00, 2.165e+00, 9.983e+02, 1.178e-12
1.445e+00, 5.000e-01, -1.075e+00, 1.190e+05, 0.000e+00, 8.569e-04, 0.000e+00, 2.163e+00, 9.984e+02, 3.087e-07
1.445e+00, 5.000e-01, -1.065e+00, 1.189e+05, 0.000e+00, 9.191e-04, 0.000e+00, 2.161e+00, 9.984e+02, 3.946e-07
1.445e+00, 5.000e-01, -1.055e+00, 1.188e+05, 0.000e+00, 8.374e-04, 0.000e+00, 2.159e+00, 9.984e+02, 3.595e-07
1.445e+00, 5.000e-01, -1.045e+00, 1.187e+05, 0.000e+00, 7.223e-04, 0.000e+00, 2.158e+00, 9.984e+02, 3.101e-07
1.445e+00, 5.000e-01, -1.035e+00, 1.186e+05, 0.000e+00, 6.203e-04, 0.000e+00, 2.156e+00, 9.984e+02, 2.663e-07
1.445e+00, 5.000e-01, -1.025e+00, 1.185e+05, 0.000e+00, 5.447e-04, 0.000e+00, 2.154e+00, 9.984e+02, 2.338e-07
1.445e+00, 5.000e-01, -1.015e+00, 1.185e+05, 0.000e+00, 5.145e-04, 0.000e+00, 2.152e+00, 9.984e+02, 2.209e-07
1.445e+00, 5.000e-01, -1.005e+00, 1.184e+05, 0.000e+00, 5.179e-04, 0.000e+00, 2.150e+00, 9.984e+02, 2.223e-07
1.445e+00, 5.000e-01, -9.950e-01, 1.183e+05, 0.000e+00, 5.287e-04, 0.000e+00, 2.149e+00, 9.984e+02, 2.270e-07
1.445e+00, 5.000e-01, -9.850e-01, 1.182e+05, 0.000e+00, 5.383e-04, 0.000e+00, 2.147e+00, 9.984e+02, 2.311e-07
1.445e+00, 5.000e-01, -9.750e-01, 1.181e+05, 0.000e+00, 5.494e-04, 0.000e+00, 2.145e+00, 9.984e+02, 2.358e-07
1.445e+00, 5.000e-01, -9.650e-01, 1.180e+05, 0.000e+00, 5.618e-04, 0.000e+00, 2.143e+00, 9.984e+02, 2.412e-07
1.445e+00, 5.000e-01, -9.550e-01, 1.179e+05, 0.000e+00, 5.778e-04, 0.000e+00, 2.141e+00, 9.984e+02, 2.481e-07
1.445e+00, 5.000e-01, -9.450e-01, 1.178e+05, 0.000e+00, 6.041e-04, 0.000e+00, 2.140e+00, 9.984e+02, 2.594e-07
1.445e+00, 5.000e-01, -9.350e-01, 1.177e+05, 0.000e+00, 6.435e-04, 0.000e+00, 2.138e+00, 9.984e+02, 2.762e-07
1.445e+00, 5.000e-01, -9.250e-01, 1.176e+05, 0.000e+00, 6.876e-04, 0.000e+00, 2.136e+00, 9.984e+02, 2.952e-07
1.445e+00, 5.000e-01, -9.150e-01, 1.175e+05, 0.000e+00, 7.231e-04, 0.000e+00, 2.134e+00, 9.984e+02, 3.104e-07
1.445e+00, 5.000e-01, -9.050e-01, 1.174e+05, 0.000e+00, 7.450e-04, 0.000e+00, 2.132e+00, 9.984e+02, 3.198e-07
1.445e+00, 5.000e-01, -8.950e-01, 1.173e+05, 0.000e+00, 7.561e-04, 0.000e+00, 2.131e+00, 9.984e+02, 3.246e-07
1.445e+00, 5.000e-01, -8.850e-01, 1.172e+05, 0.000e+00, 7.593e-04, 0.000e+00, 2.129e+00, 9.984e+02, 3.260e-07
1.445e+00, 5.000e-01, -8.750e-01, 1.171e+05, 0.000e+00, 7.562e-04, 0.000e+00, 2.127e+00, 9.984e+02, 3.246e-07
1.445e+00, 5.000e-01, -8.650e-01, 1.170e+05, 0.000e+00, 7.472e-04, 0.000e+00, 2.125e+00, 9.984e+02, 3.208e-07
1.445e+00, 5.000e-01, -8.550e-01, 1.169e+05, 0.000e+00, 7.365e-04, 0.000e+00, 2.124e+00, 9.984e+02, 3.162e-07
1.445e+00, 5.000e-01, -8.450e-01, 1.168e+05, 0.000e+00, 7.265e-04, 0.000e+00, 2.122e+00, 9.984e+02, 3.119e-07
1.445e+00, 5.000e-01, -8.350e-01, 1.167e+05, 0.000e+00, 7.177e-04, 0.000e+00, 2.120e+00, 9.984e+02, 3.081e-07
1.445e+00, 5.000e-01, -8.250e-01, 1.166e+05, 0.000e+00, 7.103e-04, 0.000e+00, 2.118e+00, 9.984e+02, 3.049e-07
1.445e+00, 5.000e-01, -8.150e-01, 1.165e+05, 0.000e+00, 7.028e-04, 0.000e+00, 2.116e+00, 9.984e+02, 3.017e-07
1.445e+00, 5.000e-01, -8.050e-01, 1.164e+05, 0.000e+00, 6.911e-04, 0.000e+00, 2.115e+00, 9.984e+02, 2.967e-07
1.445e+00, 5.000e-01, -7.950e-01, 1.163e+05, 0.000e+00, 6.683e-04, 0.000e+00, 2.113e+00, 9.984e+02, 2.869e-07
1.445e+00, 5.000e-01, -7.850e-01, 1.162e+05, 0.000e+00, 6.242e-04, 0.000e+00, 2.111e+00, 9.984e+02, 2.680e-07
1.445e+00, 5.000e-01, -7.750e-01, 1.161e+05, 0.000e+00, 5.780e-04, 0.000e+00, 2.109e+00, 9.984e+02, 2.482e-07
1.445e+00, 5.000e-01, -7.650e-01, 1.160e+05, 0.000e+00, 5.436e-04, 0.000e+00, 2.107e+00, 9.984e+02, 2.334e-07
1.445e+00, 5.000e-01, -7.550e-01, 1.159e+05, 0.000e+00, 5.198e-04, 0.000e+00, 2.106e+00, 9.984e+02, 2.231e-07
1.445e+00, 5.000e-01, -7.450e-01, 1.158e+05, 0.000e+00, 5.150e-04, 0.000e+00, 2.104e+00, 9.984e+02, 2.211e-07
1.445e+00, 5.000e-01, -7.350e-01, 1.157e+05, 6.752e-07, 6.094e-04, 0.000e+00, 2.102e+00, 9.984e+02, 2.616e-07
1.445e+00, 5.000e-01, -7.250e-01, 1.156e+05, 4.720e-01, 1.895e-03, 0.000e+00, 2.100e+00, 9.986e+02, 8.559e-07
1.445e+00, 5.000e-01, -7.150e-01, 1.156e+05, 8.683e-01, 1.895e-03, 0.000e+00, 2.100e+00, 9.986e+02, 8.914e-07
1.445e+00, 5.000e-01, -7.050e-01, 1.169e+05, 1.449e-06, 6.103e-04, 0.000e+00, 2.124e+00, 9.984e+02, 2.657e-07
1.445e+00, 5.000e-01, -6.950e-01, 1.168e+05, 0.000e+00, 4.597e-04, 0.000e+00, 2.122e+00, 9.983e+02, 2.019e-07
1.445e+00, 5.000e-01, -6.850e-01, 1.167e+05, 0.000e+00, 3.284e-04, 0.000e+00, 2.120e+00, 9.983e+02, 1.442e-07
1.445e+00, 5.000e-01, -6.750e-01, 1.166e+05, 0.000e+00, 2.193e-04, 0.000e+00, 2.119e+00, 9.983e+02, 9.632e-08
1.445e+00, 5.000e-01, -6.650e-01, 1.165e+05, 0.000e+00, 1.363e-04, 0.000e+00, 2.117e+00, 9.983e+02, 5.988e-08
1.445e+00, 5.000e-01, -6.550e-01, 1.164e+05, 0.000e+00, 7.977e-05, 0.000e+00, 2.115e+00, 9.983e+02, 3.504e-08
1.445e+00, 5.000e-01, -6.450e-01, 1.163e+05, 0.000e+00, 4.691e-05, 0.000e+00, 2.113e+00, 9.983e+02, 2.060e-08
1.445e+00, 5.000e-01, -6.350e-01, 1.162e+05, 0.000e+00, 3.468e-05, 0.000e+00, 2.111e+00, 9.983e+02, 1.523e-08
1.445e+00, 5.000e-01, -6.250e-01, 1.161e+05, 0.000e+00, 4.253e-05, 0.000e+00, 2.110e+00, 9.983e+02, 1.868e-08
1.445e+00, 5.000e-01, -6.150e-01, 1.160e+05, 0.000e+00, 7.391e-05, 0.000e+00, 2.108e+00, 9.983e+02, 3.246e-08
1.445e+00, 5.000e-01, -6.050e-01, 1.159e+05, 0.000e+00, 1.353e-04, 0.000e+00, 2.106e+00, 9.983e+02, 5.945e-08
1.445e+00, 5.000e-01, -5.950e-01, 1.158e+05, 0.000e+00, 2.322e-04, 0.000e+00, 2.104e+00, 9.983e+02, 1.020e-07
1.445e+00, 5.000e-01, -5.850e-01, 1.157e+05, 0.000e+00, 3.615e-04, 0.000e+00, 2.102e+00, 9.983e+02, 1.588e-07
1.445e+00, 5.000e-01, -5.750e-01, 1.156e+05, 0.000e+00, 5.056e-04, 0.000e+00, 2.101e+00, 9.984e+02, 2.221e-07
1.445e+00, 5.000e-01, -5.650e-01, 1.155e+05, 0.000e+00, 6.320e-04, 0.000e+00, 2.099e+00, 9.984e+02, 2.785e-07
1.445e+00, 5.000e-01, -5.550e-01, 1.140e+05, 0.000e+00, 7.065e-04, 0.000e+00, 2.070e+00, 9.984e+02, 3.174e-07
1.445e+00, 5.000e-01, -5.450e-01, 1.139e+05, 0.000e+00, 7.125e-04, 0.000e+00, 2.068e+00, 9.984e+02, 3.201e-07
1.445e+00, 5.000e-01, -5.350e-01, 1.138e+05, 0.000e+00, 6.860e-04, 0.000e+00, 2.067e+00, 9.984e+02, 3.082e-07
1.445e+00, 5.000e-01, -5.250e-01, 1.137e+05, 0.000e+00, 6.550e-04, 0.000e+00, 2.065e+00, 9.984e+02, 2.943e-07
1.445e+00, 5.000e-01, -5.150e-01, 1.136e+05, 0.000e+00, 6.294e-04, 0.000e+00, 2.063e+00, 9.984e+02, 2.828e-07
1.445e+00, 5.000e-01, -5.050e-01, 1.135e+05, 0.000e+00, 6.103e-04, 0.000e+00, 2.061e+00, 9.984e+02, 2.742e-07
1.445e+00, 5.000e-01, -4.950e-01, 1.134e+05, 0.000e+00, 5.982e-04, 0.000e+00, 2.059e+00, 9.984e+02, 2.608e-07
1.445e+00, 5.000e-01, -4.850e-01, 1.133e+05, 0.000e+00, 5.891e-04, 0.000e+00, 2.057e+00, 9.984e+02, 2.529e-07
1.445e+00, 5.000e-01, -4.750e-01, 1.132e+05, 0.000e+00, 5.860e-04, 0.000e+00, 2.056e+00, 9.984e+02, 2.516e-07
1.445e+00, 5.000e-01, -4.650e-01, 1.131e+05, 0.000e+00, 5.860e-04, 0.000e+00, 2.054e+00, 9.984e+02, 2.516e-07
1.445e+00, 5.000e-01, -4.550e-01, 1.130e+05, 0.000e+00, 5.863e-04, 0.000e+00, 2.052e+00, 9.984e+02, 2.517e-07
1.445e+00, 5.000e-01, -4.450e-01, 1.129e+05, 0.000e+00, 5.860e-04, 0.000e+00, 2.050e+00, 9.984e+02, 2.516e-07
1.445e+00, 5.000e-01, -4.350e-01, 1.128e+05, 0.000e+00, 5.846e-04, 0.000e+00, 2.048e+00, 9.984e+02, 2.510e-07
1.445e+00, 5.000e-01, -4.250e-01, 1.127e+05, 0.000e+00, 5.814e-04, 0.000e+00, 2.047e+00, 9.984e+02, 2.496e-07
1.445e+00, 5.000e-01, -4.150e-01, 1.126e+05, 0.000e+00, 5.748e-04, 0.000e+00, 2.045e+00, 9.984e+02, 2.468e-07
1.445e+00, 5.000e-01, -4.050e-01, 1.125e+05, 0.000e+00, 5.629e-04, 0.000e+00, 2.043e+00, 9.984e+02, 2.417e-07
1.445e+00, 5.000e-01, -3.950e-01, 1.124e+05, 0.000e+00, 5.428e-04, 0.000e+00, 2.041e+00, 9.984e+02, 2.330e-07
1.445e+00, 5.000e-01, -3.850e-01, 1.123e+05, 0.000e+00, 5.098e-04, 0.000e+00, 2.039e+00, 9.984e+02, 2.188e-07
1.445e+00, 5.000e-01, -3.750e-01, 1.122e+05, 0.000e+00, 4.456e-04, 0.000e+00, 2.038e+00, 9.983e+02, 1.992e-07
1.445e+00, 5.000e-01, -3.650e-01, 1.121e+05, 0.000e+00, 3.990e-04, 0.000e+00, 2.036e+00, 9.983e+02, 1.792e-07
1.445e+00, 5.000e-01, -3.550e-01, 1.120e+05, 0.000e+00, 3.744e-04, 0.000e+00, 2.034e+00, 9.983e+02, 1.682e-07
1.445e+00, 5.000e-01, -3.450e-01, 1.119e+05, 0.000e+00, 3.608e-04, 0.000e+00, 2.033e+00, 9.983e+02, 1.621e-07
1.445e+00, 5.000e-01, -3.350e-01, 1.118e+05, 0.000e+00, 3.502e-04, 0.000e+00, 2.031e+00, 9.983e+02, 1.573e-07
1.445e+00, 5.000e-01, -3.250e-01, 1.117e+05, 0.000e+00, 3.329e-04, 0.000e+00, 2.029e+00, 9.983e+02, 1.496e-07
1.445e+00, 5.000e-01, -3.150e-01, 1.116e+05, 0.000e+00, 3.060e-04, 0.000e+00, 2.027e+00, 9.983e+02, 1.381e-07
1.445e+00, 5.000e-01, -3.050e-01, 1.115e+05, 0.000e+00, 2.708e-04, 0.000e+00, 2.025e+00, 9.983e+02, 1.231e-07
1.445e+00, 5.000e-01, -2.950e-01, 1.114e+05, 0.000e+00, 2.234e-04, 0.000e+00, 2.023e+00, 9.983e+02, 1.021e-07
1.445e+00, 5.000e-01, -2.850e-01, 1.113e+05, 0.000e+00, 1.723e-04, 0.000e+00, 2.021e+00, 9.983e+02, 7.914e-08
1.445e+00, 5.000e-01, -2.750e-01, 1.112e+05, 0.000e+00, 1.644e-04, 0.000e+00, 2.020e+00, 9.983e+02, 7.551e-08
1.445e+00, 5.000e-01, -2.650e-01, 1.111e+05, 0.000e+00, 1.677e-04, 0.000e+00, 2.018e+00, 9.983e+02, 7.699e-08
1.445e+00, 5.000e-01, -2.550e-01, 1.110e+05, 0.000e+00, 1.777e-04, 0.000e+00, 2.016e+00, 9.983e+02, 8.145e-08
1.445e+00, 5.000e-01, -2.450e-01, 1.109e+05, 0.000e+00, 2.042e-04, 0.000e+00, 2.014e+00, 9.983e+02, 9.188e-08
1.445e+00, 5.000e-01, -2.350e-01, 1.111e+05, 0.000e+00, 2.531e-04, 0.000e+00, 2.018e+00, 9.983e+02, 1.105e-07
1.445e+00, 5.000e-01, -2.250e-01, 1.110e+05, 0.000e+00, 2.578e-04, 0.000e+00, 2.016e+00, 9.983e+02, 1.107e-07
1.445e+00, 5.000e-01, -2.150e-01, 1.109e+05, 0.000e+00, 2.390e-04, 0.000e+00, 2.014e+00, 9.983e+02, 1.037e-07
1.445e+00, 5.000e-01, -2.050e-01, 1.105e+05, 0.000e+00, 2.406e-04, 0.000e+00, 2.007e+00, 9.983e+02, 1.105e-07
1.445e+00, 5.000e-01, -1.950e-01, 1.107e+05, 0.000e+00, 4.114e-04, 0.000e+00, 2.011e+00, 9.983e+02, 1.785e-07
1.445e+00, 5.000e-01, -1.850e-01, 1.106e+05, 0.000e+00, 4.493e-04, 0.000e+00, 2.009e+00, 9.983e+02, 1.929e-07
1.445e+00, 5.000e-01, -1.750e-01, 1.105e+05, 0.000e+00, 4.274e-04, 0.000e+00, 2.007e+00, 9.983e+02, 1.835e-07
1.445e+00, 5.000e-01, -1.650e-01, 1.104e+05, 0.000e+00, 3.646e-04, 0.000e+00, 2.005e+00, 9.983e+02, 1.565e-07
1.445e+00, 5.000e-01, -1.550e-01, 1.115e+05, 0.000e+00, 2.809e-04, 0.000e+00, 2.025e+00, 9.983e+02, 1.233e-07
1.445e+00, 5.000e-01, -1.450e-01, 1.114e+05, 0.000e+00, 1.930e-04, 0.000e+00, 2.024e+00, 9.983e+02, 8.475e-08
1.445e+00, 5.000e-01, -1.350e-01, 1.113e+05, 0.000e+00, 1.200e-04, 0.000e+00, 2.022e+00, 9.983e+02, 5.272e-08
1.445e+00, 5.000e-01, -1.250e-01, 1.112e+05, 0.000e+00, 6.869e-05, 0.000e+00, 2.020e+00, 9.983e+02, 3.017e-08
1.445e+00, 5.000e-01, -1.150e-01, 1.111e+05, 0.000e+00, 3.667e-05, 0.000e+00, 2.018e+00, 9.983e+02, 1.611e-08
1.445e+00, 5.000e-01, -1.050e-01, 1.110e+05, 0.000e+00, 1.847e-05, 0.000e+00, 2.017e+00, 9.983e+02, 8.114e-09
1.445e+00, 5.000e-01, -9.500e-02, 1.109e+05, 0.000e+00, 8.849e-06, 0.000e+00, 2.015e+00, 9.983e+02, 3.887e-09
1.445e+00, 5.000e-01, -8.500e-02, 1.108e+05, 0.000e+00, 4.051e-06, 0.000e+00, 2.013e+00, 9.983e+02, 1.780e-09
1.445e+00, 5.000e-01, -7.500e-02, 1.107e+05, 0.000e+00, 1.777e-06, 0.000e+00, 2.011e+00, 9.983e+02, 7.807e-10
1.445e+00, 5.000e-01, -6.500e-02, 1.106e+05, 0.000e+00, 7.480e-07, 0.000e+00, 2.009e+00, 9.983e+02, 3.286e-10
1.445e+00, 5.000e-01, -5.500e-02, 1.105e+05, 0.000e+00, 3.021e-07, 0.000e+00, 2.008e+00, 9.983e+02, 1.327e-10
1.445e+00, 5.000e-01, -4.500e-02, 1.104e+05, 0.000e+00, 1.171e-07, 0.000e+00, 2.006e+00, 9.983e+02, 5.143e-11
1.445e+00, 5.000e-01, -3.500e-02, 1.103e+05, 0.000e+00, 4.362e-08, 0.000e+00, 2.004e+00, 9.983e+02, 1.916e-11
1.445e+00, 5.000e-01, -2.500e-02, 1.102e+05, 0.000e+00, 1.568e-08, 0.000e+00, 2.002e+00, 9.983e+02, 6.889e-12
1.445e+00, 5.000e-01, -1.500e-02, 1.101e+05, 0.000e+00, 5.562e-09, 0.000e+00, 2.000e+00, 9.983e+02, 2.443e-12
1.445e+00, 5.000e-01, -5.000e-03, 1.100e+05, 0.000e+00, 2.168e-09, 0.000e+00, 1.999e+00, 9.983e+02, 9.522e-13
1.455e+00, 5.000e-01, -1.195e+00, 1.202e+05, 0.000e+00, 1.002e-13, 0.000e+00, 2.184e+00, 9.983e+02, 2.000e-17
1.455e+00, 5.000e-01, -1.185e+00, 1.201e+05, 0.000e+00, 1.002e-13, 0.000e+00, 2.182e+00, 9.983e+02, 2.000e-17
1.455e+00, 5.000e-01, -1.175e+00, 1.200e+05, 0.000e+00, 1.002e-13, 0.000e+00, 2.181e+00, 9.983e+02, 2.000e-17
1.455e+00, 5.000e-01, -1.165e+00, 1.199e+05, 0.000e+00, 1.002e-13, 0.000e+00, 2.179e+00, 9.983e+02, 2.000e-17
1.455e+00, 5.000e-01, -1.155e+00, 1.198e+05, 0.000e+00, 1.002e-13, 0.000e+00, 2.177e+00, 9.983e+02, 2.000e-17
1.455e+00, 5.000e-01, -1.145e+00, 1.197e+05, 0.000e+00, 1.002e-13, 0.000e+00, 2.175e+00, 9.983e+02, 2.000e-17
1.455e+00, 5.000e-01, -1.135e+00, 1.196e+05, 0.000e+00, 1.002e-13, 0.000e+00, 2.173e+00, 9.983e+02, 2.000e-17
1.455e+00, 5.000e-01, -1.125e+00, 1.195e+05, 0.000e+00, 1.002e-13, 0.000e+00, 2.172e+00, 9.983e+02, 2.000e-17
1.455e+00, 5.000e-01, -1.115e+00, 1.194e+05, 0.000e+00, 1.002e-13, 0.000e+00, 2.170e+00, 9.983e+02, 2.000e-17
1.455e+00, 5.000e-01, -1.105e+00, 1.193e+05, 0.000e+00, 1.002e-13, 0.000e+00, 2.168e+00, 9.983e+02, 2.000e-17
1.455e+00, 5.000e-01, -1.095e+00, 1.192e+05, 0.000e+00, 1.002e-13, 0.000e+00, 2.166e+00, 9.983e+02, 2.000e-17
1.455e+00, 5.000e-01, -1.085e+00, 1.191e+05, 0.000e+00, 3.194e-09, 0.000e+00, 2.165e+00, 9.983e+02, 1.108e-12
1.455e+00, 5.000e-01, -1.075e+00, 1.190e+05, 0.000e+00, 8.373e-04, 0.000e+00, 2.163e+00, 9.984e+02, 2.905e-07
1.455e+00, 5.000e-01, -1.065e+00, 1.189e+05, 0.000e+00, 9.057e-04, 0.000e+00, 2.161e+00, 9.984e+02, 3.889e-07
1.455e+00, 5.000e-01, -1.055e+00, 1.188e+05, 0.000e+00, 8.317e-04, 0.000e+00, 2.159e+00, 9.984e+02, 3.571e-07
1.455e+00, 5.000e-01, -1.045e+00, 1.187e+05, 0.000e+00, 7.158e-04, 0.000e+00, 2.158e+00, 9.984e+02, 3.073e-07
1.455e+00, 5.000e-01, -1.035e+00, 1.186e+05, 0.000e+00, 6.074e-04, 0.000e+00, 2.156e+00, 9.984e+02, 2.608e-07
1.455e+00, 5.000e-01, -1.025e+00, 1.185e+05, 0.000e+00, 5.360e-04, 0.000e+00, 2.154e+00, 9.984e+02, 2.301e-07
1.455e+00, 5.000e-01, -1.015e+00, 1.185e+05, 0.000e+00, 5.211e-04, 0.000e+00, 2.152e+00, 9.984e+02, 2.237e-07
1.455e+00, 5.000e-01, -1.005e+00, 1.184e+05, 0.000e+00, 5.341e-04, 0.000e+00, 2.150e+00, 9.984e+02, 2.293e-07
1.455e+00, 5.000e-01, -9.950e-01, 1.183e+05, 0.000e+00, 5.492e-04, 0.000e+00, 2.149e+00, 9.984e+02, 2.358e-07
1.455e+00, 5.000e-01, -9.850e-01, 1.182e+05, 0.000e+00, 5.593e-04, 0.000e+00, 2.147e+00, 9.984e+02, 2.401e-07
1.455e+00, 5.000e-01, -9.750e-01, 1.181e+05, 0.000e+00, 5.670e-04, 0.000e+00, 2.145e+00, 9.984e+02, 2.434e-07
1.455e+00, 5.000e-01, -9.650e-01, 1.180e+05, 0.000e+00, 5.787e-04, 0.000e+00, 2.143e+00, 9.984e+02, 2.484e-07
1.455e+00, 5.000e-01, -9.550e-01, 1.179e+05, 0.000e+00, 6.054e-04, 0.000e+00, 2.141e+00, 9.984e+02, 2.599e-07
1.455e+00, 5.000e-01, -9.450e-01, 1.178e+05, 0.000e+00, 6.510e-04, 0.000e+00, 2.140e+00, 9.984e+02, 2.795e-07
1.455e+00, 5.000e-01, -9.350e-01, 1.177e+05, 0.000e+00, 6.985e-04, 0.000e+00, 2.138e+00, 9.984e+02, 2.999e-07
1.455e+00, 5.000e-01, -9.250e-01, 1.176e+05, 0.000e+00, 7.308e-04, 0.000e+00, 2.136e+00, 9.984e+02, 3.137e-07
1.455e+00, 5.000e-01, -9.150e-01, 1.175e+05, 0.000e+00, 7.451e-04, 0.000e+00, 2.134e+00, 9.984e+02, 3.199e-07
1.455e+00, 5.000e-01, -9.050e-01, 1.174e+05, 0.000e+00, 7.441e-04, 0.000e+00, 2.132e+00, 9.984e+02, 3.195e-07
1.455e+00, 5.000e-01, -8.950e-01, 1.173e+05, 0.000e+00, 7.310e-04, 0.000e+00, 2.131e+00, 9.984e+02, 3.138e-07
1.455e+00, 5.000e-01, -8.850e-01, 1.172e+05, 0.000e+00, 7.083e-04, 0.000e+00, 2.129e+00, 9.984e+02, 3.041e-07
1.455e+00, 5.000e-01, -8.750e-01, 1.171e+05, 0.000e+00, 6.897e-04, 0.000e+00, 2.127e+00, 9.984e+02, 2.961e-07
1.455e+00, 5.000e-01, -8.650e-01, 1.170e+05, 0.000e+00, 6.796e-04, 0.000e+00, 2.125e+00, 9.984e+02, 2.917e-07
1.455e+00, 5.000e-01, -8.550e-01, 1.169e+05, 0.000e+00, 6.730e-04, 0.000e+00, 2.124e+00, 9.984e+02, 2.889e-07
1.455e+00, 5.000e-01, -8.450e-01, 1.168e+05, 0.000e+00, 6.694e-04, 0.000e+00, 2.122e+00, 9.984e+02, 2.874e-07
1.455e+00, 5.000e-01, -8.350e-01, 1.167e+05, 0.000e+00, 6.702e-04, 0.000e+00, 2.120e+00, 9.984e+02, 2.877e-07
1.455e+00, 5.000e-01, -8.250e-01, 1.166e+05, 0.000e+00, 6.768e-04, 0.000e+00, 2.118e+00, 9.984e+02, 2.906e-07
1.455e+00, 5.000e-01, -8.150e-01, 1.165e+05, 0.000e+00, 6.898e-04, 0.000e+00, 2.116e+00, 9.984e+02, 2.961e-07
1.455e+00, 5.000e-01, -8.050e-01, 1.164e+05, 0.000e+00, 7.032e-04, 0.000e+00, 2.115e+00, 9.984e+02, 3.019e-07
1.455e+00, 5.000e-01, -7.950e-01, 1.163e+05, 0.000e+00, 7.059e-04, 0.000e+00, 2.113e+00, 9.984e+02, 3.031e-07
1.455e+00, 5.000e-01, -7.850e-01, 1.162e+05, 0.000e+00, 6.922e-04, 0.000e+00, 2.111e+00, 9.984e+02, 2.972e-07
1.455e+00, 5.000e-01, -7.750e-01, 1.161e+05, 0.000e+00, 6.622e-04, 0.000e+00, 2.109e+00, 9.984e+02, 2.843e-07
1.455e+00, 5.000e-01, -7.650e-01, 1.160e+05, 0.000e+00, 6.212e-04, 0.000e+00, 2.107e+00, 9.984e+02, 2.667e-07
1.455e+00, 5.000e-01, -7.550e-01, 1.159e+05, 0.000e+00, 5.927e-04, 0.000e+00, 2.106e+00, 9.984e+02, 2.545e-07
1.455e+00, 5.000e-01, -7.450e-01, 1.158e+05, 0.000e+00, 5.865e-04, 0.000e+00, 2.104e+00, 9.984e+02, 2.518e-07
1.455e+00, 5.000e-01, -7.350e-01, 1.157e+05, 6.754e-07, 6.710e-04, 0.000e+00, 2.102e+00, 9.984e+02, 2.881e-07
1.455e+00, 5.000e-01, -7.250e-01, 1.156e+05, 4.721e-01, 1.895e-03, 0.000e+00, 2.100e+00, 9.986e+02, 8.559e-07
1.455e+00, 5.000e-01, -7.150e-01, 1.156e+05, 8.683e-01, 1.895e-03, 0.000e+00, 2.100e+00, 9.986e+02, 8.914e-07
1.455e+00, 5.000e-01, -7.050e-01, 1.169e+05, 1.449e-06, 6.219e-04, 0.000e+00, 2.124e+00, 9.984e+02, 2.703e-07
1.455e+00, 5.000e-01, -6.950e-01, 1.168e+05, 0.000e+00, 4.630e-04, 0.000e+00, 2.122e+00, 9.983e+02, 2.034e-07
1.455e+00, 5.000e-01, -6.850e-01, 1.167e+05, 0.000e+00, 3.285e-04, 0.000e+00, 2.120e+00, 9.983e+02, 1.443e-07
1.455e+00, 5.000e-01, -6.750e-01, 1.166e+05, 0.000e+00, 2.185e-04, 0.000e+00, 2.119e+00, 9.983e+02, 9.599e-08
1.455e+00, 5.000e-01, -6.650e-01, 1.165e+05, 0.000e+00, 1.356e-04, 0.000e+00, 2.117e+00, 9.983e+02, 5.955e-08
1.455e+00, 5.000e-01, -6.550e-01, 1.164e+05, 0.000e+00, 7.931e-05, 0.000e+00, 2.115e+00, 9.983e+02, 3.484e-08
1.455e+00, 5.000e-01, -6.450e-01, 1.163e+05, 0.000e+00, 4.683e-05, 0.000e+00, 2.113e+00, 9.983e+02, 2.057e-08
1.455e+00, 5.000e-01, -6.350e-01, 1.162e+05, 0.000e+00, 3.511e-05, 0.000e+00, 2.111e+00, 9.983e+02, 1.542e-08
1.455e+00, 5.000e-01, -6.250e-01, 1.161e+05, 0.000e+00, 4.373e-05, 0.000e+00, 2.110e+00, 9.983e+02, 1.921e-08
1.455e+00, 5.000e-01, -6.150e-01, 1.160e+05, 0.000e+00, 7.625e-05, 0.000e+00, 2.108e+00, 9.983e+02, 3.349e-08
1.455e+00, 5.000e-01, -6.050e-01, 1.159e+05, 0.000e+00, 1.392e-04, 0.000e+00, 2.106e+00, 9.983e+02, 6.113e-08
1.455e+00, 5.000e-01, -5.950e-01, 1.158e+05, 0.000e+00, 2.376e-04, 0.000e+00, 2.104e+00, 9.983e+02, 1.043e-07
1.455e+00, 5.000e-01, -5.850e-01, 1.157e+05, 0.000e+00, 3.678e-04, 0.000e+00, 2.102e+00, 9.983e+02, 1.616e-07
1.455e+00, 5.000e-01, -5.750e-01, 1.156e+05, 0.000e+00, 5.115e-04, 0.000e+00, 2.101e+00, 9.984e+02, 2.247e-07
1.455e+00, 5.000e-01, -5.650e-01, 1.155e+05, 0.000e+00, 6.361e-04, 0.000e+00, 2.099e+00, 9.984e+02, 2.802e-07
1.455e+00, 5.000e-01, -5.550e-01, 1.140e+05, 0.000e+00, 7.081e-04, 0.000e+00, 2.070e+00, 9.984e+02, 3.182e-07
1.455e+00, 5.000e-01, -5.450e-01, 1.139e+05, 0.000e+00, 7.136e-04, 0.000e+00, 2.068e+00, 9.984e+02, 3.206e-07
1.455e+00, 5.000e-01, -5.350e-01, 1.138e+05, 0.000e+00, 6.876e-04, 0.000e+00, 2.067e+00, 9.984e+02, 3.089e-07
1.455e+00, 5.000e-01, -5.250e-01, 1.137e+05, 0.000e+00, 6.574e-04, 0.000e+00, 2.065e+00, 9.984e+02, 2.954e-07
1.455e+00, 5.000e-01, -5.150e-01, 1.136e+05, 0.000e+00, 6.324e-04, 0.000e+00, 2.063e+00, 9.984e+02, 2.841e-07
1.455e+00, 5.000e-01, -5.050e-01, 1.135e+05, 0.000e+00, 6.132e-04, 0.000e+00, 2.061e+00, 9.984e+02, 2.755e-07
1.455e+00, 5.000e-01, -4.950e-01, 1.134e+05, 0.000e+00, 6.001e-04, 0.000e+00, 2.059e+00, 9.984e+02, 2.606e-07
1.455e+00, 5.000e-01, -4.850e-01, 1.133e+05, 0.000e+00, 5.886e-04, 0.000e+00, 2.057e+00, 9.984e+02, 2.527e-07
1.455e+00, 5.000e-01, -4.750e-01, 1.132e+05, 0.000e+00, 5.831e-04, 0.000e+00, 2.056e+00, 9.984e+02, 2.503e-07
1.455e+00, 5.000e-01, -4.650e-01, 1.131e+05, 0.000e+00, 5.817e-04, 0.000e+00, 2.054e+00, 9.984e+02, 2.497e-07
1.455e+00, 5.000e-01, -4.550e-01, 1.130e+05, 0.000e+00, 5.819e-04, 0.000e+00, 2.052e+00, 9.984e+02, 2.498e-07
1.455e+00, 5.000e-01, -4.450e-01, 1.129e+05, 0.000e+00, 5.826e-04, 0.000e+00, 2.050e+00, 9.984e+02, 2.501e-07
1.455e+00, 5.000e-01, -4.350e-01, 1.128e+05, 0.000e+00, 5.833e-04, 0.000e+00, 2.048e+00, 9.984e+02, 2.504e-07
1.455e+00, 5.000e-01, -4.250e-01, 1.127e+05, 0.000e+00, 5.831e-04, 0.000e+00, 2.047e+00, 9.984e+02, 2.503e-07
1.455e+00, 5.000e-01, -4.150e-01, 1.126e+05, 0.000e+00, 5.806e-04, 0.000e+00, 2.045e+00, 9.984e+02, 2.492e-07
1.455e+00, 5.000e-01, -4.050e-01, 1.125e+05, 0.000e+00, 5.737e-04, 0.000e+00, 2.043e+00, 9.984e+02, 2.463e-07
1.455e+00, 5.000e-01, -3.950e-01, 1.124e+05, 0.000e+00, 5.594e-04, 0.000e+00, 2.041e+00, 9.984e+02, 2.401e-07
1.455e+00, 5.000e-01, -3.850e-01, 1.123e+05, 0.000e+00, 5.325e-04, 0.000e+00, 2.039e+00, 9.984e+02, 2.286e-07
1.455e+00, 5.000e-01, -3.750e-01, 1.122e+05, 0.000e+00, 4.799e-04, 0.000e+00, 2.038e+00, 9.983e+02, 2.135e-07
1.455e+00, 5.000e-01, -3.650e-01, 1.121e+05, 0.000e+00, 4.256e-04, 0.000e+00, 2.036e+00, 9.983e+02, 1.912e-07
1.455e+00, 5.000e-01, -3.550e-01, 1.120e+05, 0.000e+00, 3.865e-04, 0.000e+00, 2.034e+00, 9.983e+02, 1.736e-07
1.455e+00, 5.000e-01, -3.450e-01, 1.119e+05, 0.000e+00, 3.653e-04, 0.000e+00, 2.033e+00, 9.983e+02, 1.641e-07
1.455e+00, 5.000e-01, -3.350e-01, 1.118e+05, 0.000e+00, 3.549e-04, 0.000e+00, 2.031e+00, 9.983e+02, 1.594e-07
1.455e+00, 5.000e-01, -3.250e-01, 1.117e+05, 0.000e+00, 3.424e-04, 0.000e+00, 2.029e+00, 9.983e+02, 1.538e-07
1.455e+00, 5.000e-01, -3.150e-01, 1.116e+05, 0.000e+00, 3.156e-04, 0.000e+00, 2.027e+00, 9.983e+02, 1.418e-07
1.455e+00, 5.000e-01, -3.050e-01, 1.115e+05, 0.000e+00, 2.776e-04, 0.000e+00, 2.025e+00, 9.983e+02, 1.247e-07
1.455e+00, 5.000e-01, -2.950e-01, 1.115e+05, 0.000e+00, 2.330e-04, 0.000e+00, 2.025e+00, 9.983e+02, 1.026e-07
1.455e+00, 5.000e-01, -2.850e-01, 1.114e+05, 0.000e+00, 1.854e-04, 0.000e+00, 2.023e+00, 9.983e+02, 8.227e-08
1.455e+00, 5.000e-01, -2.750e-01, 1.112e+05, 0.000e+00, 1.701e-04, 0.000e+00, 2.020e+00, 9.983e+02, 7.662e-08
1.455e+00, 5.000e-01, -2.650e-01, 1.111e+05, 0.000e+00, 1.697e-04, 0.000e+00, 2.018e+00, 9.983e+02, 7.755e-08
1.455e+00, 5.000e-01, -2.550e-01, 1.110e+05, 0.000e+00, 1.746e-04, 0.000e+00, 2.016e+00, 9.983e+02, 8.020e-08
1.455e+00, 5.000e-01, -2.450e-01, 1.109e+05, 0.000e+00, 1.856e-04, 0.000e+00, 2.014e+00, 9.983e+02, 8.522e-08
1.455e+00, 5.000e-01, -2.350e-01, 1.108e+05, 0.000e+00, 2.001e-04, 0.000e+00, 2.012e+00, 9.983e+02, 9.190e-08
1.455e+00, 5.000e-01, -2.250e-01, 1.107e+05, 0.000e+00, 2.199e-04, 0.000e+00, 2.011e+00, 9.983e+02, 1.001e-07
1.455e+00, 5.000e-01, -2.150e-01, 1.106e+05, 0.000e+00, 2.521e-04, 0.000e+00, 2.009e+00, 9.983e+02, 1.123e-07
1.455e+00, 5.000e-01, -2.050e-01, 1.105e+05, 0.000e+00, 2.583e-04, 0.000e+00, 2.007e+00, 9.983e+02, 1.186e-07
1.455e+00, 5.000e-01, -1.950e-01, 1.107e+05, 0.000e+00, 4.116e-04, 0.000e+00, 2.011e+00, 9.983e+02, 1.811e-07
1.455e+00, 5.000e-01, -1.850e-01, 1.106e+05, 0.000e+00, 4.495e-04, 0.000e+00, 2.009e+00, 9.983e+02, 1.930e-07
1.455e+00, 5.000e-01, -1.750e-01, 1.105e+05, 0.000e+00, 4.334e-04, 0.000e+00, 2.007e+00, 9.983e+02, 1.860e-07
1.455e+00, 5.000e-01, -1.650e-01, 1.104e+05, 0.000e+00, 3.799e-04, 0.000e+00, 2.005e+00, 9.983e+02, 1.631e-07
1.455e+00, 5.000e-01, -1.550e-01, 1.115e+05, 0.000e+00, 2.974e-04, 0.000e+00, 2.025e+00, 9.983e+02, 1.299e-07
1.455e+00, 5.000e-01, -1.450e-01, 1.114e+05, 0.000e+00, 2.072e-04, 0.000e+00, 2.024e+00, 9.983e+02, 9.102e-08
1.455e+00, 5.000e-01, -1.350e-01, 1.113e+05, 0.000e+00, 1.303e-04, 0.000e+00, 2.022e+00, 9.983e+02, 5.725e-08
1.455e+00, 5.000e-01, -1.250e-01, 1.112e+05, 0.000e+00, 7.535e-05, 0.000e+00, 2.020e+00, 9.983e+02, 3.310e-08
1.455e+00, 5.000e-01, -1.150e-01, 1.111e+05, 0.000e+00, 4.065e-05, 0.000e+00, 2.018e+00, 9.983e+02, 1.786e-08
1.455e+00, 5.000e-01, -1.050e-01, 1.110e+05, 0.000e+00, 2.071e-05, 0.000e+00, 2.017e+00, 9.983e+02, 9.096e-09
1.455e+00, 5.000e-01, -9.500e-02, 1.109e+05, 0.000e+00, 1.004e-05, 0.000e+00, 2.015e+00, 9.983e+02, 4.412e-09
1.455e+00, 5.000e-01, -8.500e-02, 1.108e+05, 0.000e+00, 4.661e-06, 0.000e+00, 2.013e+00, 9.983e+02, 2.047e-09
1.455e+00, 5.000e-01, -7.500e-02, 1.107e+05, 0.000e+00, 2.074e-06, 0.000e+00, 2.011e+00, 9.983e+02, 9.112e-10
1.455e+00, 5.000e-01, -6.500e-02, 1.106e+05, 0.000e+00, 8.862e-07, 0.000e+00, 2.009e+00, 9.983e+02, 3.892e-10
1.455e+00, 5.000e-01, -5.500e-02, 1.105e+05, 0.000e+00, 3.635e-07, 0.000e+00, 2.008e+00, 9.983e+02, 1.596e-10
1.455e+00, 5.000e-01, -4.500e-02, 1.104e+05, 0.000e+00, 1.431e-07, 0.000e+00, 2.006e+00, 9.983e+02, 6.288e-11
1.455e+00, 5.000e-01, -3.500e-02, 1.103e+05, 0.000e+00, 5.419e-08, 0.000e+00, 2.004e+00, 9.983e+02, 2.380e-11
1.455e+00, 5.000e-01, -2.500e-02, 1.102e+05, 0.000e+00, 1.981e-08, 0.000e+00, 2.002e+00, 9.983e+02, 8.700e-12
1.455e+00, 5.000e-01, -1.500e-02, 1.101e+05, 0.000e+00, 7.142e-09, 0.000e+00, 2.000e+00, 9.983e+02, 3.137e-12
1.455e+00, 5.000e-01, -5.000e-03, 1.100e+05, 0.000e+00, 2.819e-09, 0.000e+00, 1.999e+00, 9.983e+02, 1.238e-12
1.465e+00, 5.000e-01, -1.195e+00, 1.202e+05, 0.000e+00, 1.002e-13, 0.000e+00, 2.184e+00, 9.983e+02, 2.000e-17
1.465e+00, 5.000e-01, -1.185e+00, 1.201e+05, 0.000e+00, 1.002e-13, 0.000e+00, 2.182e+00, 9.983e+02, 2.000e-17
1.465e+00, 5.000e-01, -1.175e+00, 1.200e+05, 0.000e+00, 1.002e-13, 0.000e+00, 2.181e+00, 9.983e+02, 2.000e-17
1.465e+00, 5.000e-01, -1.165e+00, 1.199e+05, 0.000e+00, 1.002e-13, 0.000e+00, 2.179e+00, 9.983e+02, 2.000e-17
1.465e+00, 5.000e-01, -1.155e+00, 1.198e+05, 0.000e+00, 1.002e-13, 0.000e+00, 2.177e+00, 9.983e+02, 2.000e-17
1.465e+00, 5.000e-01, -1.145e+00, 1.197e+05, 0.000e+00, 1.002e-13, 0.000e+00, 2.175e+00, 9.983e+02, 2.000e-17
1.465e+00, 5.000e-01, -1.135e+00, 1.196e+05, 0.000e+00, 1.002e-13, 0.000e+00, 2.173e+00, 9.983e+02, 2.000e-17
1.465e+00, 5.000e-01, -1.125e+00, 1.195e+05, 0.000e+00, 1.002e-13, 0.000e+00, 2.172e+00, 9.983e+02, 2.000e-17
1.465e+00, 5.000e-01, -1.115e+00, 1.194e+05, 0.000e+00, 1.002e-13, 0.000e+00, 2.170e+00, 9.983e+02, 2.000e-17
1.465e+00, 5.000e-01, -1.105e+00, 1.193e+05, 0.000e+00, 1.002e-13, 0.000e+00, 2.168e+00, 9.983e+02, 2.000e-17
1.465e+00, 5.000e-01, -1.095e+00, 1.192e+05, 0.000e+00, 1.002e-13, 0.000e+00, 2.166e+00, 9.983e+02, 2.000e-17
1.465e+00, 5.000e-01, -1.085e+00, 1.191e+05, 0.000e+00, 3.139e-09, 0.000e+00, 2.165e+00, 9.983e+02, 1.048e-12
1.465e+00, 5.000e-01, -1.075e+00, 1.190e+05, 0.000e+00, 8.229e-04, 0.000e+00, 2.163e+00, 9.984e+02, 2.746e-07
1.465e+00, 5.000e-01, -1.065e+00, 1.189e+05, 0.000e+00, 8.929e-04, 0.000e+00, 2.161e+00, 9.984e+02, 3.833e-07
1.465e+00, 5.000e-01, -1.055e+00, 1.188e+05, 0.000e+00, 8.260e-04, 0.000e+00, 2.159e+00, 9.984e+02, 3.546e-07
1.465e+00, 5.000e-01, -1.045e+00, 1.187e+05, 0.000e+00, 7.094e-04, 0.000e+00, 2.158e+00, 9.984e+02, 3.046e-07
1.465e+00, 5.000e-01, -1.035e+00, 1.186e+05, 0.000e+00, 5.960e-04, 0.000e+00, 2.156e+00, 9.984e+02, 2.559e-07
1.465e+00, 5.000e-01, -1.025e+00, 1.185e+05, 0.000e+00, 5.311e-04, 0.000e+00, 2.154e+00, 9.984e+02, 2.280e-07
1.465e+00, 5.000e-01, -1.015e+00, 1.185e+05, 0.000e+00, 5.235e-04, 0.000e+00, 2.152e+00, 9.984e+02, 2.247e-07
1.465e+00, 5.000e-01, -1.005e+00, 1.184e+05, 0.000e+00, 5.378e-04, 0.000e+00, 2.150e+00, 9.984e+02, 2.309e-07
1.465e+00, 5.000e-01, -9.950e-01, 1.183e+05, 0.000e+00, 5.528e-04, 0.000e+00, 2.149e+00, 9.984e+02, 2.373e-07
1.465e+00, 5.000e-01, -9.850e-01, 1.182e+05, 0.000e+00, 5.617e-04, 0.000e+00, 2.147e+00, 9.984e+02, 2.411e-07
1.465e+00, 5.000e-01, -9.750e-01, 1.181e+05, 0.000e+00, 5.649e-04, 0.000e+00, 2.145e+00, 9.984e+02, 2.425e-07
1.465e+00, 5.000e-01, -9.650e-01, 1.180e+05, 0.000e+00, 5.662e-04, 0.000e+00, 2.143e+00, 9.984e+02, 2.431e-07
1.465e+00, 5.000e-01, -9.550e-01, 1.179e+05, 0.000e+00, 5.724e-04, 0.000e+00, 2.141e+00, 9.984e+02, 2.458e-07
1.465e+00, 5.000e-01, -9.450e-01, 1.178e+05, 0.000e+00, 5.889e-04, 0.000e+00, 2.140e+00, 9.984e+02, 2.528e-07
1.465e+00, 5.000e-01, -9.350e-01, 1.177e+05, 0.000e+00, 6.095e-04, 0.000e+00, 2.138e+00, 9.984e+02, 2.617e-07
1.465e+00, 5.000e-01, -9.250e-01, 1.176e+05, 0.000e+00, 6.213e-04, 0.000e+00, 2.136e+00, 9.984e+02, 2.667e-07
1.465e+00, 5.000e-01, -9.150e-01, 1.175e+05, 0.000e+00, 6.187e-04, 0.000e+00, 2.134e+00, 9.984e+02, 2.656e-07
1.465e+00, 5.000e-01, -9.050e-01, 1.174e+05, 0.000e+00, 6.010e-04, 0.000e+00, 2.132e+00, 9.984e+02, 2.580e-07
1.465e+00, 5.000e-01, -8.950e-01, 1.173e+05, 0.000e+00, 5.664e-04, 0.000e+00, 2.131e+00, 9.984e+02, 2.432e-07
1.465e+00, 5.000e-01, -8.850e-01, 1.172e+05, 0.000e+00, 5.536e-04, 0.000e+00, 2.129e+00, 9.984e+02, 2.377e-07
1.465e+00, 5.000e-01, -8.750e-01, 1.171e+05, 0.000e+00, 5.557e-04, 0.000e+00, 2.127e+00, 9.984e+02, 2.385e-07
1.465e+00, 5.000e-01, -8.650e-01, 1.170e+05, 0.000e+00, 5.596e-04, 0.000e+00, 2.125e+00, 9.984e+02, 2.402e-07
1.465e+00, 5.000e-01, -8.550e-01, 1.169e+05, 0.000e+00, 5.635e-04, 0.000e+00, 2.124e+00, 9.984e+02, 2.419e-07
1.465e+00, 5.000e-01, -8.450e-01, 1.168e+05, 0.000e+00, 5.664e-04, 0.000e+00, 2.122e+00, 9.984e+02, 2.432e-07
1.465e+00, 5.000e-01, -8.350e-01, 1.167e+05, 0.000e+00, 5.712e-04, 0.000e+00, 2.120e+00, 9.984e+02, 2.452e-07
1.465e+00, 5.000e-01, -8.250e-01, 1.166e+05, 0.000e+00, 5.829e-04, 0.000e+00, 2.118e+00, 9.984e+02, 2.502e-07
1.465e+00, 5.000e-01, -8.150e-01, 1.165e+05, 0.000e+00, 6.146e-04, 0.000e+00, 2.116e+00, 9.984e+02, 2.638e-07
1.465e+00, 5.000e-01, -8.050e-01, 1.164e+05, 0.000e+00, 6.584e-04, 0.000e+00, 2.115e+00, 9.984e+02, 2.827e-07
1.465e+00, 5.000e-01, -7.950e-01, 1.163e+05, 0.000e+00, 6.904e-04, 0.000e+00, 2.113e+00, 9.984e+02, 2.964e-07
1.465e+00, 5.000e-01, -7.850e-01, 1.162e+05, 0.000e+00, 7.027e-04, 0.000e+00, 2.111e+00, 9.984e+02, 3.017e-07
1.465e+00, 5.000e-01, -7.750e-01, 1.161e+05, 0.000e+00, 7.027e-04, 0.000e+00, 2.109e+00, 9.984e+02, 3.017e-07
1.465e+00, 5.000e-01, -7.650e-01, 1.160e+05, 0.000e+00, 6.961e-04, 0.000e+00, 2.107e+00, 9.984e+02, 2.988e-07
1.465e+00, 5.000e-01, -7.550e-01, 1.159e+05, 0.000e+00, 6.885e-04, 0.000e+00, 2.106e+00, 9.984e+02, 2.956e-07
1.465e+00, 5.000e-01, -7.450e-01, 1.158e+05, 0.000e+00, 6.999e-04, 0.000e+00, 2.104e+00, 9.984e+02, 3.005e-07
1.465e+00, 5.000e-01, -7.350e-01, 1.157e+05, 6.756e-07, 7.702e-04, 0.000e+00, 2.102e+00, 9.984e+02, 3.307e-07
1.465e+00, 5.000e-01, -7.250e-01, 1.156e+05, 4.723e-01, 1.895e-03, 0.000e+00, 2.100e+00, 9.986e+02, 8.559e-07
1.465e+00, 5.000e-01, -7.150e-01, 1.156e+05, 8.683e-01, 1.895e-03, 0.000e+00, 2.100e+00, 9.986e+02, 8.914e-07
1.465e+00, 5.000e-01, -7.050e-01, 1.156e+05, 8.724e-01, 1.895e-03, 0.000e+00, 2.100e+00, 9.986e+02, 9.008e-07
1.465e+00, 5.000e-01, -6.950e-01, 1.168e+05, 0.000e+00, 4.810e-04, 0.000e+00, 2.122e+00, 9.984e+02, 2.113e-07
1.465e+00, 5.000e-01, -6.850e-01, 1.167e+05, 0.000e+00, 3.353e-04, 0.000e+00, 2.120e+00, 9.983e+02, 1.473e-07
1.465e+00, 5.000e-01, -6.750e-01, 1.166e+05, 0.000e+00, 2.206e-04, 0.000e+00, 2.119e+00, 9.983e+02, 9.692e-08
1.465e+00, 5.000e-01, -6.650e-01, 1.165e+05, 0.000e+00, 1.360e-04, 0.000e+00, 2.117e+00, 9.983e+02, 5.973e-08
1.465e+00, 5.000e-01, -6.550e-01, 1.164e+05, 0.000e+00, 7.926e-05, 0.000e+00, 2.115e+00, 9.983e+02, 3.481e-08
1.465e+00, 5.000e-01, -6.450e-01, 1.163e+05, 0.000e+00, 4.685e-05, 0.000e+00, 2.113e+00, 9.983e+02, 2.058e-08
1.465e+00, 5.000e-01, -6.350e-01, 1.162e+05, 0.000e+00, 3.553e-05, 0.000e+00, 2.111e+00, 9.983e+02, 1.561e-08
1.465e+00, 5.000e-01, -6.250e-01, 1.161e+05, 0.000e+00, 4.487e-05, 0.000e+00, 2.110e+00, 9.983e+02, 1.971e-08
1.465e+00, 5.000e-01, -6.150e-01, 1.160e+05, 0.000e+00, 7.852e-05, 0.000e+00, 2.108e+00, 9.983e+02, 3.449e-08
1.465e+00, 5.000e-01, -6.050e-01, 1.159e+05, 0.000e+00, 1.429e-04, 0.000e+00, 2.106e+00, 9.983e+02, 6.278e-08
1.465e+00, 5.000e-01, -5.950e-01, 1.158e+05, 0.000e+00, 2.428e-04, 0.000e+00, 2.104e+00, 9.983e+02, 1.066e-07
1.465e+00, 5.000e-01, -5.850e-01, 1.157e+05, 0.000e+00, 3.739e-04, 0.000e+00, 2.102e+00, 9.983e+02, 1.642e-07
1.465e+00, 5.000e-01, -5.750e-01, 1.156e+05, 0.000e+00, 5.171e-04, 0.000e+00, 2.101e+00, 9.984e+02, 2.272e-07
1.465e+00, 5.000e-01, -5.650e-01, 1.155e+05, 0.000e+00, 6.399e-04, 0.000e+00, 2.099e+00, 9.984e+02, 2.819e-07
1.465e+00, 5.000e-01, -5.550e-01, 1.140e+05, 0.000e+00, 7.097e-04, 0.000e+00, 2.070e+00, 9.984e+02, 3.188e-07
1.465e+00, 5.000e-01, -5.450e-01, 1.139e+05, 0.000e+00, 7.147e-04, 0.000e+00, 2.068e+00, 9.984e+02, 3.211e-07
1.465e+00, 5.000e-01, -5.350e-01, 1.138e+05, 0.000e+00, 6.893e-04, 0.000e+00, 2.067e+00, 9.984e+02, 3.097e-07
1.465e+00, 5.000e-01, -5.250e-01, 1.137e+05, 0.000e+00, 6.599e-04, 0.000e+00, 2.065e+00, 9.984e+02, 2.965e-07
1.465e+00, 5.000e-01, -5.150e-01, 1.136e+05, 0.000e+00, 6.356e-04, 0.000e+00, 2.063e+00, 9.984e+02, 2.856e-07
1.465e+00, 5.000e-01, -5.050e-01, 1.135e+05, 0.000e+00, 6.165e-04, 0.000e+00, 2.061e+00, 9.984e+02, 2.770e-07
1.465e+00, 5.000e-01, -4.950e-01, 1.134e+05, 0.000e+00, 6.026e-04, 0.000e+00, 2.059e+00, 9.984e+02, 2.607e-07
1.465e+00, 5.000e-01, -4.850e-01, 1.133e+05, 0.000e+00, 5.889e-04, 0.000e+00, 2.057e+00, 9.984e+02, 2.528e-07
1.465e+00, 5.000e-01, -4.750e-01, 1.132e+05, 0.000e+00, 5.806e-04, 0.000e+00, 2.056e+00, 9.984e+02, 2.492e-07
1.465e+00, 5.000e-01, -4.650e-01, 1.131e+05, 0.000e+00, 5.771e-04, 0.000e+00, 2.054e+00, 9.984e+02, 2.477e-07
1.465e+00, 5.000e-01, -4.550e-01, 1.130e+05, 0.000e+00, 5.763e-04, 0.000e+00, 2.052e+00, 9.984e+02, 2.474e-07
1.465e+00, 5.000e-01, -4.450e-01, 1.129e+05, 0.000e+00, 5.772e-04, 0.000e+00, 2.050e+00, 9.984e+02, 2.478e-07
1.465e+00, 5.000e-01, -4.350e-01, 1.128e+05, 0.000e+00, 5.792e-04, 0.000e+00, 2.048e+00, 9.984e+02, 2.487e-07
1.465e+00, 5.000e-01, -4.250e-01, 1.127e+05, 0.000e+00, 5.815e-04, 0.000e+00, 2.047e+00, 9.984e+02, 2.496e-07
1.465e+00, 5.000e-01, -4.150e-01, 1.126e+05, 0.000e+00, 5.828e-04, 0.000e+00, 2.045e+00, 9.984e+02, 2.502e-07
1.465e+00, 5.000e-01, -4.050e-01, 1.125e+05, 0.000e+00, 5.809e-04, 0.000e+00, 2.043e+00, 9.984e+02, 2.494e-07
1.465e+00, 5.000e-01, -3.950e-01, 1.124e+05, 0.000e+00, 5.728e-04, 0.000e+00, 2.041e+00, 9.984e+02, 2.459e-07
1.465e+00, 5.000e-01, -3.850e-01, 1.123e+05, 0.000e+00, 5.538e-04, 0.000e+00, 2.039e+00, 9.984e+02, 2.377e-07
1.465e+00, 5.000e-01, -3.750e-01, 1.122e+05, 0.000e+00, 5.144e-04, 0.000e+00, 2.038e+00, 9.984e+02, 2.276e-07
1.465e+00, 5.000e-01, -3.650e-01, 1.121e+05, 0.000e+00, 4.664e-04, 0.000e+00, 2.036e+00, 9.983e+02, 2.095e-07
1.465e+00, 5.000e-01, -3.550e-01, 1.120e+05, 0.000e+00, 4.241e-04, 0.000e+00, 2.034e+00, 9.983e+02, 1.905e-07
1.465e+00, 5.000e-01, -3.450e-01, 1.119e+05, 0.000e+00, 3.817e-04, 0.000e+00, 2.033e+00, 9.983e+02, 1.715e-07
1.465e+00, 5.000e-01, -3.350e-01, 1.118e+05, 0.000e+00, 3.636e-04, 0.000e+00, 2.031e+00, 9.983e+02, 1.634e-07
1.465e+00, 5.000e-01, -3.250e-01, 1.117e+05, 0.000e+00, 3.525e-04, 0.000e+00, 2.029e+00, 9.983e+02, 1.584e-07
1.465e+00, 5.000e-01, -3.150e-01, 1.116e+05, 0.000e+00, 3.297e-04, 0.000e+00, 2.027e+00, 9.983e+02, 1.481e-07
1.465e+00, 5.000e-01, -3.050e-01, 1.115e+05, 0.000e+00, 2.905e-04, 0.000e+00, 2.025e+00, 9.983e+02, 1.305e-07
1.465e+00, 5.000e-01, -2.950e-01, 1.115e+05, 0.000e+00, 2.459e-04, 0.000e+00, 2.025e+00, 9.983e+02, 1.086e-07
1.465e+00, 5.000e-01, -2.850e-01, 1.114e+05, 0.000e+00, 2.004e-04, 0.000e+00, 2.023e+00, 9.983e+02, 8.804e-08
1.465e+00, 5.000e-01, -2.750e-01, 1.113e+05, 0.000e+00, 1.791e-04, 0.000e+00, 2.021e+00, 9.983e+02, 7.868e-08
1.465e+00, 5.000e-01, -2.650e-01, 1.112e+05, 0.000e+00, 1.748e-04, 0.000e+00, 2.020e+00, 9.983e+02, 7.682e-08
1.465e+00, 5.000e-01, -2.550e-01, 1.111e+05, 0.000e+00, 1.773e-04, 0.000e+00, 2.018e+00, 9.983e+02, 7.868e-08
1.465e+00, 5.000e-01, -2.450e-01, 1.109e+05, 0.000e+00, 1.861e-04, 0.000e+00, 2.014e+00, 9.983e+02, 8.386e-08
1.465e+00, 5.000e-01, -2.350e-01, 1.108e+05, 0.000e+00, 1.981e-04, 0.000e+00, 2.012e+00, 9.983e+02, 9.057e-08
1.465e+00, 5.000e-01, -2.250e-01, 1.107e+05, 0.000e+00, 2.124e-04, 0.000e+00, 2.011e+00, 9.983e+02, 9.753e-08
1.465e+00, 5.000e-01, -2.150e-01, 1.106e+05, 0.000e+00, 2.337e-04, 0.000e+00, 2.009e+00, 9.983e+02, 1.073e-07
1.465e+00, 5.000e-01, -2.050e-01, 1.105e+05, 0.000e+00, 2.583e-04, 0.000e+00, 2.007e+00, 9.983e+02, 1.186e-07
1.465e+00, 5.000e-01, -1.950e-01, 1.104e+05, 0.000e+00, 3.144e-04, 0.000e+00, 2.005e+00, 9.983e+02, 1.434e-07
1.465e+00, 5.000e-01, -1.850e-01, 1.103e+05, 0.000e+00, 3.910e-04, 0.000e+00, 2.003e+00, 9.983e+02, 1.741e-07
1.465e+00, 5.000e-01, -1.750e-01, 1.105e+05, 0.000e+00, 4.140e-04, 0.000e+00, 2.007e+00, 9.983e+02, 1.798e-07
1.465e+00, 5.000e-01, -1.650e-01, 1.104e+05, 0.000e+00, 3.848e-04, 0.000e+00, 2.005e+00, 9.983e+02, 1.652e-07
1.465e+00, 5.000e-01, -1.550e-01, 1.103e+05, 0.000e+00, 3.142e-04, 0.000e+00, 2.004e+00, 9.983e+02, 1.359e-07
1.465e+00, 5.000e-01, -1.450e-01, 1.114e+05, 0.000e+00, 2.221e-04, 0.000e+00, 2.024e+00, 9.983e+02, 9.756e-08
1.465e+00, 5.000e-01, -1.350e-01, 1.113e+05, 0.000e+00, 1.410e-04, 0.000e+00, 2.022e+00, 9.983e+02, 6.193e-08
1.465e+00, 5.000e-01, -1.250e-01, 1.112e+05, 0.000e+00, 8.219e-05, 0.000e+00, 2.020e+00, 9.983e+02, 3.610e-08
1.465e+00, 5.000e-01, -1.150e-01, 1.111e+05, 0.000e+00, 4.472e-05, 0.000e+00, 2.018e+00, 9.983e+02, 1.964e-08
1.465e+00, 5.000e-01, -1.050e-01, 1.110e+05, 0.000e+00, 2.299e-05, 0.000e+00, 2.017e+00, 9.983e+02, 1.010e-08
1.465e+00, 5.000e-01, -9.500e-02, 1.109e+05, 0.000e+00, 1.127e-05, 0.000e+00, 2.015e+00, 9.983e+02, 4.950e-09
1.465e+00, 5.000e-01, -8.500e-02, 1.108e+05, 0.000e+00, 5.292e-06, 0.000e+00, 2.013e+00, 9.983e+02, 2.325e-09
1.465e+00, 5.000e-01, -7.500e-02, 1.107e+05, 0.000e+00, 2.387e-06, 0.000e+00, 2.011e+00, 9.983e+02, 1.048e-09
1.465e+00, 5.000e-01, -6.500e-02, 1.106e+05, 0.000e+00, 1.034e-06, 0.000e+00, 2.009e+00, 9.983e+02, 4.543e-10
1.465e+00, 5.000e-01, -5.500e-02, 1.105e+05, 0.000e+00, 4.306e-07, 0.000e+00, 2.008e+00, 9.983e+02, 1.891e-10
1.465e+00, 5.000e-01, -4.500e-02, 1.104e+05, 0.000e+00, 1.722e-07, 0.000e+00, 2.006e+00, 9.983e+02, 7.565e-11
1.465e+00, 5.000e-01, -3.500e-02, 1.103e+05, 0.000e+00, 6.624e-08, 0.000e+00, 2.004e+00, 9.983e+02, 2.909e-11
1.465e+00, 5.000e-01, -2.500e-02, 1.102e+05, 0.000e+00, 2.460e-08, 0.000e+00, 2.002e+00, 9.983e+02, 1.080e-11
1.465e+00, 5.000e-01, -1.500e-02, 1.101e+05, 0.000e+00, 9.010e-09, 0.000e+00, 2.000e+00, 9.983e+02, 3.957e-12
1.465e+00, 5.000e-01, -5.000e-03, 1.100e+05, 0.000e+00, 3.597e-09, 0.000e+00, 1.999e+00, 9.983e+02, 1.580e-12
1.475e+00, 5.000e-01, -1.195e+00, 1.202e+05, 0.000e+00, 1.002e-13, 0.000e+00, 2.184e+00, 9.983e+02, 2.000e-17
1.475e+00, 5.000e-01, -1.185e+00, 1.201e+05, 0.000e+00, 1.002e-13, 0.000e+00, 2.182e+00, 9.983e+02, 2.000e-17
1.475e+00, 5.000e-01, -1.175e+00, 1.200e+05, 0.000e+00, 1.002e-13, 0.000e+00, 2.181e+00, 9.983e+02, 2.000e-17
1.475e+00, 5.000e-01, -1.165e+00, 1.199e+05, 0.000e+00, 1.002e-13, 0.000e+00, 2.179e+00, 9.983e+02, 2.000e-17
1.475e+00, 5.000e-01, -1.155e+00, 1.198e+05, 0.000e+00, 1.002e-13, 0.000e+00, 2.177e+00, 9.983e+02, 2.000e-17
1.475e+00, 5.000e-01, -1.145e+00, 1.197e+05, 0.000e+00, 1.002e-13, 0.000e+00, 2.175e+00, 9.983e+02, 2.000e-17
1.475e+00, 5.000e-01, -1.135e+00, 1.196e+05, 0.000e+00, 1.002e-13, 0.000e+00, 2.173e+00, 9.983e+02, 2.000e-17
1.475e+00, 5.000e-01, -1.125e+00, 1.195e+05, 0.000e+00, 1.002e-13, 0.000e+00, 2.172e+00, 9.983e+02, 2.000e-17
1.475e+00, 5.000e-01, -1.115e+00, 1.194e+05, 0.000e+00, 1.002e-13, 0.000e+00, 2.170e+00, 9.983e+02, 2.000e-17
1.475e+00, 5.000e-01, -1.105e+00, 1.193e+05, 0.000e+00, 1.002e-13, 0.000e+00, 2.168e+00, 9.983e+02, 2.000e-17
1.475e+00, 5.000e-01, -1.095e+00, 1.192e+05, 0.000e+00, 1.002e-13, 0.000e+00, 2.166e+00, 9.983e+02, 2.000e-17
1.475e+00, 5.000e-01, -1.085e+00, 1.191e+05, 0.000e+00, 3.126e-09, 0.000e+00, 2.165e+00, 9.983e+02, 1.028e-12
1.475e+00, 5.000e-01, -1.075e+00, 1.190e+05, 0.000e+00, 8.136e-04, 0.000e+00, 2.163e+00, 9.984e+02, 2.607e-07
1.475e+00, 5.000e-01, -1.065e+00, 1.189e+05, 0.000e+00, 8.806e-04, 0.000e+00, 2.161e+00, 9.984e+02, 3.781e-07
1.475e+00, 5.000e-01, -1.055e+00, 1.188e+05, 0.000e+00, 8.202e-04, 0.000e+00, 2.159e+00, 9.984e+02, 3.521e-07
1.475e+00, 5.000e-01, -1.045e+00, 1.187e+05, 0.000e+00, 7.040e-04, 0.000e+00, 2.158e+00, 9.984e+02, 3.023e-07
1.475e+00, 5.000e-01, -1.035e+00, 1.186e+05, 0.000e+00, 5.882e-04, 0.000e+00, 2.156e+00, 9.984e+02, 2.525e-07
1.475e+00, 5.000e-01, -1.025e+00, 1.185e+05, 0.000e+00, 5.276e-04, 0.000e+00, 2.154e+00, 9.984e+02, 2.265e-07
1.475e+00, 5.000e-01, -1.015e+00, 1.185e+05, 0.000e+00, 5.213e-04, 0.000e+00, 2.152e+00, 9.984e+02, 2.238e-07
1.475e+00, 5.000e-01, -1.005e+00, 1.184e+05, 0.000e+00, 5.331e-04, 0.000e+00, 2.150e+00, 9.984e+02, 2.289e-07
1.475e+00, 5.000e-01, -9.950e-01, 1.183e+05, 0.000e+00, 5.459e-04, 0.000e+00, 2.149e+00, 9.984e+02, 2.343e-07
1.475e+00, 5.000e-01, -9.850e-01, 1.182e+05, 0.000e+00, 5.533e-04, 0.000e+00, 2.147e+00, 9.984e+02, 2.375e-07
1.475e+00, 5.000e-01, -9.750e-01, 1.181e+05, 0.000e+00, 5.542e-04, 0.000e+00, 2.145e+00, 9.984e+02, 2.379e-07
1.475e+00, 5.000e-01, -9.650e-01, 1.180e+05, 0.000e+00, 5.501e-04, 0.000e+00, 2.143e+00, 9.984e+02, 2.361e-07
1.475e+00, 5.000e-01, -9.550e-01, 1.179e+05, 0.000e+00, 5.439e-04, 0.000e+00, 2.141e+00, 9.984e+02, 2.335e-07
1.475e+00, 5.000e-01, -9.450e-01, 1.178e+05, 0.000e+00, 5.385e-04, 0.000e+00, 2.140e+00, 9.984e+02, 2.312e-07
1.475e+00, 5.000e-01, -9.350e-01, 1.177e+05, 0.000e+00, 5.317e-04, 0.000e+00, 2.138e+00, 9.984e+02, 2.282e-07
1.475e+00, 5.000e-01, -9.250e-01, 1.176e+05, 0.000e+00, 5.164e-04, 0.000e+00, 2.136e+00, 9.984e+02, 2.217e-07
1.475e+00, 5.000e-01, -9.150e-01, 1.175e+05, 0.000e+00, 4.948e-04, 0.000e+00, 2.134e+00, 9.984e+02, 2.124e-07
1.475e+00, 5.000e-01, -9.050e-01, 1.174e+05, 0.000e+00, 4.771e-04, 0.000e+00, 2.132e+00, 9.983e+02, 2.048e-07
1.475e+00, 5.000e-01, -8.950e-01, 1.173e+05, 0.000e+00, 4.768e-04, 0.000e+00, 2.131e+00, 9.983e+02, 2.047e-07
1.475e+00, 5.000e-01, -8.850e-01, 1.172e+05, 0.000e+00, 4.819e-04, 0.000e+00, 2.129e+00, 9.984e+02, 2.069e-07
1.475e+00, 5.000e-01, -8.750e-01, 1.171e+05, 0.000e+00, 4.894e-04, 0.000e+00, 2.127e+00, 9.984e+02, 2.101e-07
1.475e+00, 5.000e-01, -8.650e-01, 1.170e+05, 0.000e+00, 4.978e-04, 0.000e+00, 2.125e+00, 9.984e+02, 2.137e-07
1.475e+00, 5.000e-01, -8.550e-01, 1.169e+05, 0.000e+00, 5.062e-04, 0.000e+00, 2.124e+00, 9.984e+02, 2.173e-07
1.475e+00, 5.000e-01, -8.450e-01, 1.168e+05, 0.000e+00, 5.142e-04, 0.000e+00, 2.122e+00, 9.984e+02, 2.207e-07
1.475e+00, 5.000e-01, -8.350e-01, 1.167e+05, 0.000e+00, 5.222e-04, 0.000e+00, 2.120e+00, 9.984e+02, 2.242e-07
1.475e+00, 5.000e-01, -8.250e-01, 1.166e+05, 0.000e+00, 5.298e-04, 0.000e+00, 2.118e+00, 9.984e+02, 2.274e-07
1.475e+00, 5.000e-01, -8.150e-01, 1.165e+05, 0.000e+00, 5.368e-04, 0.000e+00, 2.116e+00, 9.984e+02, 2.305e-07
1.475e+00, 5.000e-01, -8.050e-01, 1.164e+05, 0.000e+00, 5.434e-04, 0.000e+00, 2.115e+00, 9.984e+02, 2.333e-07
1.475e+00, 5.000e-01, -7.950e-01, 1.163e+05, 0.000e+00, 5.498e-04, 0.000e+00, 2.113e+00, 9.984e+02, 2.360e-07
1.475e+00, 5.000e-01, -7.850e-01, 1.162e+05, 0.000e+00, 5.571e-04, 0.000e+00, 2.111e+00, 9.984e+02, 2.392e-07
1.475e+00, 5.000e-01, -7.750e-01, 1.161e+05, 0.000e+00, 5.658e-04, 0.000e+00, 2.109e+00, 9.984e+02, 2.429e-07
1.475e+00, 5.000e-01, -7.650e-01, 1.160e+05, 0.000e+00, 5.856e-04, 0.000e+00, 2.107e+00, 9.984e+02, 2.514e-07
1.475e+00, 5.000e-01, -7.550e-01, 1.159e+05, 0.000e+00, 6.291e-04, 0.000e+00, 2.106e+00, 9.984e+02, 2.701e-07
1.475e+00, 5.000e-01, -7.450e-01, 1.158e+05, 0.000e+00, 6.627e-04, 0.000e+00, 2.104e+00, 9.984e+02, 2.845e-07
1.475e+00, 5.000e-01, -7.350e-01, 1.157e+05, 6.756e-07, 7.238e-04, 0.000e+00, 2.102e+00, 9.984e+02, 3.107e-07
1.475e+00, 5.000e-01, -7.250e-01, 1.156e+05, 4.723e-01, 1.895e-03, 0.000e+00, 2.100e+00, 9.986e+02, 8.559e-07
1.475e+00, 5.000e-01, -7.150e-01, 1.156e+05, 8.683e-01, 1.895e-03, 0.000e+00, 2.100e+00, 9.986e+02, 8.914e-07
1.475e+00, 5.000e-01, -7.050e-01, 1.156e+05, 8.724e-01, 1.895e-03, 0.000e+00, 2.100e+00, 9.986e+02, 8.989e-07
1.475e+00, 5.000e-01, -6.950e-01, 1.168e+05, 6.240e-07, 4.916e-04, 0.000e+00, 2.122e+00, 9.984e+02, 2.160e-07
1.475e+00, 5.000e-01, -6.850e-01, 1.167e+05, 0.000e+00, 3.424e-04, 0.000e+00, 2.120e+00, 9.983e+02, 1.504e-07
1.475e+00, 5.000e-01, -6.750e-01, 1.166e+05, 0.000e+00, 2.245e-04, 0.000e+00, 2.119e+00, 9.983e+02, 9.861e-08
1.475e+00, 5.000e-01, -6.650e-01, 1.165e+05, 0.000e+00, 1.378e-04, 0.000e+00, 2.117e+00, 9.983e+02, 6.054e-08
1.475e+00, 5.000e-01, -6.550e-01, 1.164e+05, 0.000e+00, 8.007e-05, 0.000e+00, 2.115e+00, 9.983e+02, 3.517e-08
1.475e+00, 5.000e-01, -6.450e-01, 1.163e+05, 0.000e+00, 4.732e-05, 0.000e+00, 2.113e+00, 9.983e+02, 2.078e-08
1.475e+00, 5.000e-01, -6.350e-01, 1.162e+05, 0.000e+00, 3.615e-05, 0.000e+00, 2.111e+00, 9.983e+02, 1.588e-08
1.475e+00, 5.000e-01, -6.250e-01, 1.161e+05, 0.000e+00, 4.609e-05, 0.000e+00, 2.110e+00, 9.983e+02, 2.025e-08
1.475e+00, 5.000e-01, -6.150e-01, 1.160e+05, 0.000e+00, 8.080e-05, 0.000e+00, 2.108e+00, 9.983e+02, 3.549e-08
1.475e+00, 5.000e-01, -6.050e-01, 1.159e+05, 0.000e+00, 1.466e-04, 0.000e+00, 2.106e+00, 9.983e+02, 6.440e-08
1.475e+00, 5.000e-01, -5.950e-01, 1.158e+05, 0.000e+00, 2.479e-04, 0.000e+00, 2.104e+00, 9.983e+02, 1.089e-07
1.475e+00, 5.000e-01, -5.850e-01, 1.157e+05, 0.000e+00, 3.798e-04, 0.000e+00, 2.102e+00, 9.983e+02, 1.668e-07
1.475e+00, 5.000e-01, -5.750e-01, 1.156e+05, 0.000e+00, 5.225e-04, 0.000e+00, 2.101e+00, 9.984e+02, 2.295e-07
1.475e+00, 5.000e-01, -5.650e-01, 1.155e+05, 0.000e+00, 6.434e-04, 0.000e+00, 2.099e+00, 9.984e+02, 2.834e-07
1.475e+00, 5.000e-01, -5.550e-01, 1.140e+05, 0.000e+00, 7.111e-04, 0.000e+00, 2.070e+00, 9.984e+02, 3.195e-07
1.475e+00, 5.000e-01, -5.450e-01, 1.139e+05, 0.000e+00, 7.158e-04, 0.000e+00, 2.068e+00, 9.984e+02, 3.216e-07
1.475e+00, 5.000e-01, -5.350e-01, 1.138e+05, 0.000e+00, 6.910e-04, 0.000e+00, 2.067e+00, 9.984e+02, 3.104e-07
1.475e+00, 5.000e-01, -5.250e-01, 1.137e+05, 0.000e+00, 6.624e-04, 0.000e+00, 2.065e+00, 9.984e+02, 2.976e-07
1.475e+00, 5.000e-01, -5.150e-01, 1.136e+05, 0.000e+00, 6.388e-04, 0.000e+00, 2.063e+00, 9.984e+02, 2.870e-07
1.475e+00, 5.000e-01, -5.050e-01, 1.135e+05, 0.000e+00, 6.200e-04, 0.000e+00, 2.061e+00, 9.984e+02, 2.785e-07
1.475e+00, 5.000e-01, -4.950e-01, 1.134e+05, 0.000e+00, 6.053e-04, 0.000e+00, 2.059e+00, 9.984e+02, 2.608e-07
1.475e+00, 5.000e-01, -4.850e-01, 1.133e+05, 0.000e+00, 5.901e-04, 0.000e+00, 2.057e+00, 9.984e+02, 2.533e-07
1.475e+00, 5.000e-01, -4.750e-01, 1.132e+05, 0.000e+00, 5.793e-04, 0.000e+00, 2.056e+00, 9.984e+02, 2.487e-07
1.475e+00, 5.000e-01, -4.650e-01, 1.131e+05, 0.000e+00, 5.731e-04, 0.000e+00, 2.054e+00, 9.984e+02, 2.460e-07
1.475e+00, 5.000e-01, -4.550e-01, 1.130e+05, 0.000e+00, 5.705e-04, 0.000e+00, 2.052e+00, 9.984e+02, 2.449e-07
1.475e+00, 5.000e-01, -4.450e-01, 1.129e+05, 0.000e+00, 5.704e-04, 0.000e+00, 2.050e+00, 9.984e+02, 2.449e-07
1.475e+00, 5.000e-01, -4.350e-01, 1.128e+05, 0.000e+00, 5.726e-04, 0.000e+00, 2.048e+00, 9.984e+02, 2.458e-07
1.475e+00, 5.000e-01, -4.250e-01, 1.127e+05, 0.000e+00, 5.765e-04, 0.000e+00, 2.047e+00, 9.984e+02, 2.475e-07
1.475e+00, 5.000e-01, -4.150e-01, 1.126e+05, 0.000e+00, 5.810e-04, 0.000e+00, 2.045e+00, 9.984e+02, 2.494e-07
1.475e+00, 5.000e-01, -4.050e-01, 1.125e+05, 0.000e+00, 5.839e-04, 0.000e+00, 2.043e+00, 9.984e+02, 2.507e-07
1.475e+00, 5.000e-01, -3.950e-01, 1.124e+05, 0.000e+00, 5.825e-04, 0.000e+00, 2.041e+00, 9.984e+02, 2.501e-07
1.475e+00, 5.000e-01, -3.850e-01, 1.123e+05, 0.000e+00, 5.726e-04, 0.000e+00, 2.039e+00, 9.984e+02, 2.458e-07
1.475e+00, 5.000e-01, -3.750e-01, 1.122e+05, 0.000e+00, 5.474e-04, 0.000e+00, 2.038e+00, 9.984e+02, 2.410e-07
1.475e+00, 5.000e-01, -3.650e-01, 1.121e+05, 0.000e+00, 5.101e-04, 0.000e+00, 2.036e+00, 9.984e+02, 2.292e-07
1.475e+00, 5.000e-01, -3.550e-01, 1.120e+05, 0.000e+00, 4.731e-04, 0.000e+00, 2.034e+00, 9.983e+02, 2.125e-07
1.475e+00, 5.000e-01, -3.450e-01, 1.119e+05, 0.000e+00, 4.294e-04, 0.000e+00, 2.033e+00, 9.983e+02, 1.929e-07
1.475e+00, 5.000e-01, -3.350e-01, 1.118e+05, 0.000e+00, 3.878e-04, 0.000e+00, 2.031e+00, 9.983e+02, 1.742e-07
1.475e+00, 5.000e-01, -3.250e-01, 1.117e+05, 0.000e+00, 3.684e-04, 0.000e+00, 2.029e+00, 9.983e+02, 1.655e-07
1.475e+00, 5.000e-01, -3.150e-01, 1.116e+05, 0.000e+00, 3.464e-04, 0.000e+00, 2.027e+00, 9.983e+02, 1.556e-07
1.475e+00, 5.000e-01, -3.050e-01, 1.115e+05, 0.000e+00, 3.081e-04, 0.000e+00, 2.025e+00, 9.983e+02, 1.384e-07
1.475e+00, 5.000e-01, -2.950e-01, 1.115e+05, 0.000e+00, 2.645e-04, 0.000e+00, 2.025e+00, 9.983e+02, 1.172e-07
1.475e+00, 5.000e-01, -2.850e-01, 1.114e+05, 0.000e+00, 2.205e-04, 0.000e+00, 2.023e+00, 9.983e+02, 9.685e-08
1.475e+00, 5.000e-01, -2.750e-01, 1.113e+05, 0.000e+00, 1.933e-04, 0.000e+00, 2.021e+00, 9.983e+02, 8.490e-08
1.475e+00, 5.000e-01, -2.650e-01, 1.112e+05, 0.000e+00, 1.841e-04, 0.000e+00, 2.020e+00, 9.983e+02, 8.089e-08
1.475e+00, 5.000e-01, -2.550e-01, 1.111e+05, 0.000e+00, 1.841e-04, 0.000e+00, 2.018e+00, 9.983e+02, 8.087e-08
1.475e+00, 5.000e-01, -2.450e-01, 1.110e+05, 0.000e+00, 1.925e-04, 0.000e+00, 2.016e+00, 9.983e+02, 8.456e-08
1.475e+00, 5.000e-01, -2.350e-01, 1.109e+05, 0.000e+00, 2.064e-04, 0.000e+00, 2.014e+00, 9.983e+02, 9.069e-08
1.475e+00, 5.000e-01, -2.250e-01, 1.108e+05, 0.000e+00, 2.215e-04, 0.000e+00, 2.012e+00, 9.983e+02, 9.836e-08
1.475e+00, 5.000e-01, -2.150e-01, 1.106e+05, 0.000e+00, 2.410e-04, 0.000e+00, 2.009e+00, 9.983e+02, 1.086e-07
1.475e+00, 5.000e-01, -2.050e-01, 1.105e+05, 0.000e+00, 2.633e-04, 0.000e+00, 2.007e+00, 9.983e+02, 1.203e-07
1.475e+00, 5.000e-01, -1.950e-01, 1.104e+05, 0.000e+00, 2.956e-04, 0.000e+00, 2.005e+00, 9.983e+02, 1.358e-07
1.475e+00, 5.000e-01, -1.850e-01, 1.103e+05, 0.000e+00, 3.206e-04, 0.000e+00, 2.003e+00, 9.983e+02, 1.472e-07
1.475e+00, 5.000e-01, -1.750e-01, 1.102e+05, 0.000e+00, 3.373e-04, 0.000e+00, 2.002e+00, 9.983e+02, 1.549e-07
1.475e+00, 5.000e-01, -1.650e-01, 1.101e+05, 0.000e+00, 3.537e-04, 0.000e+00, 2.000e+00, 9.983e+02, 1.604e-07
1.475e+00, 5.000e-01, -1.550e-01, 1.103e+05, 0.000e+00, 3.317e-04, 0.000e+00, 2.004e+00, 9.983e+02, 1.468e-07
1.475e+00, 5.000e-01, -1.450e-01, 1.114e+05, 0.000e+00, 2.371e-04, 0.000e+00, 2.024e+00, 9.983e+02, 1.042e-07
1.475e+00, 5.000e-01, -1.350e-01, 1.113e+05, 0.000e+00, 1.523e-04, 0.000e+00, 2.022e+00, 9.983e+02, 6.688e-08
1.475e+00, 5.000e-01, -1.250e-01, 1.112e+05, 0.000e+00, 8.953e-05, 0.000e+00, 2.020e+00, 9.983e+02, 3.933e-08
1.475e+00, 5.000e-01, -1.150e-01, 1.111e+05, 0.000e+00, 4.904e-05, 0.000e+00, 2.018e+00, 9.983e+02, 2.154e-08
1.475e+00, 5.000e-01, -1.050e-01, 1.110e+05, 0.000e+00, 2.537e-05, 0.000e+00, 2.017e+00, 9.983e+02, 1.114e-08
1.475e+00, 5.000e-01, -9.500e-02, 1.109e+05, 0.000e+00, 1.253e-05, 0.000e+00, 2.015e+00, 9.983e+02, 5.505e-09
1.475e+00, 5.000e-01, -8.500e-02, 1.108e+05, 0.000e+00, 5.944e-06, 0.000e+00, 2.013e+00, 9.983e+02, 2.611e-09
1.475e+00, 5.000e-01, -7.500e-02, 1.107e+05, 0.000e+00, 2.713e-06, 0.000e+00, 2.011e+00, 9.983e+02, 1.191e-09
1.475e+00, 5.000e-01, -6.500e-02, 1.106e+05, 0.000e+00, 1.191e-06, 0.000e+00, 2.009e+00, 9.983e+02, 5.233e-10
1.475e+00, 5.000e-01, -5.500e-02, 1.105e+05, 0.000e+00, 5.033e-07, 0.000e+00, 2.008e+00, 9.983e+02, 2.211e-10
1.475e+00, 5.000e-01, -4.500e-02, 1.104e+05, 0.000e+00, 2.044e-07, 0.000e+00, 2.006e+00, 9.983e+02, 8.978e-11
1.475e+00, 5.000e-01, -3.500e-02, 1.103e+05, 0.000e+00, 7.982e-08, 0.000e+00, 2.004e+00, 9.983e+02, 3.506e-11
1.475e+00, 5.000e-01, -2.500e-02, 1.102e+05, 0.000e+00, 3.010e-08, 0.000e+00, 2.002e+00, 9.983e+02, 1.322e-11
1.475e+00, 5.000e-01, -1.500e-02, 1.101e+05, 0.000e+00, 1.119e-08, 0.000e+00, 2.000e+00, 9.983e+02, 4.916e-12
1.475e+00, 5.000e-01, -5.000e-03, 1.100e+05, 0.000e+00, 4.513e-09, 0.000e+00, 1.999e+00, 9.983e+02, 1.982e-12
1.485e+00, 5.000e-01, -1.195e+00, 1.202e+05, 0.000e+00, 1.002e-13, 0.000e+00, 2.184e+00, 9.983e+02, 2.000e-17
1.485e+00, 5.000e-01, -1.185e+00, 1.201e+05, 0.000e+00, 1.002e-13, 0.000e+00, 2.182e+00, 9.983e+02, 2.000e-17
1.485e+00, 5.000e-01, -1.175e+00, 1.200e+05, 0.000e+00, 1.002e-13, 0.000e+00, 2.181e+00, 9.983e+02, 2.000e-17
1.485e+00, 5.000e-01, -1.165e+00, 1.199e+05, 0.000e+00, 1.002e-13, 0.000e+00, 2.179e+00, 9.983e+02, 2.000e-17
1.485e+00, 5.000e-01, -1.155e+00, 1.198e+05, 0.000e+00, 1.002e-13, 0.000e+00, 2.177e+00, 9.983e+02, 2.000e-17
1.485e+00, 5.000e-01, -1.145e+00, 1.197e+05, 0.000e+00, 1.002e-13, 0.000e+00, 2.175e+00, 9.983e+02, 2.000e-17
1.485e+00, 5.000e-01, -1.135e+00, 1.196e+05, 0.000e+00, 1.002e-13, 0.000e+00, 2.173e+00, 9.983e+02, 2.000e-17
1.485e+00, 5.000e-01, -1.125e+00, 1.195e+05, 0.000e+00, 1.002e-13, 0.000e+00, 2.172e+00, 9.983e+02, 2.000e-17
1.485e+00, 5.000e-01, -1.115e+00, 1.194e+05, 0.000e+00, 1.002e-13, 0.000e+00, 2.170e+00, 9.983e+02, 2.000e-17
1.485e+00, 5.000e-01, -1.105e+00, 1.193e+05, 0.000e+00, 1.002e-13, 0.000e+00, 2.168e+00, 9.983e+02, 2.000e-17
1.485e+00, 5.000e-01, -1.095e+00, 1.192e+05, 0.000e+00, 1.002e-13, 0.000e+00, 2.166e+00, 9.983e+02, 2.000e-17
1.485e+00, 5.000e-01, -1.085e+00, 1.191e+05, 0.000e+00, 1.164e-09, 0.000e+00, 2.165e+00, 9.983e+02, 3.731e-13
1.485e+00, 5.000e-01, -1.075e+00, 1.190e+05, 0.000e+00, 1.126e-07, 0.000e+00, 2.163e+00, 9.983e+02, 3.518e-11
1.485e+00, 5.000e-01, -1.065e+00, 1.189e+05, 0.000e+00, 8.735e-04, 0.000e+00, 2.161e+00, 9.984e+02, 3.750e-07
1.485e+00, 5.000e-01, -1.055e+00, 1.188e+05, 0.000e+00, 8.134e-04, 0.000e+00, 2.159e+00, 9.984e+02, 3.492e-07
1.485e+00, 5.000e-01, -1.045e+00, 1.187e+05, 0.000e+00, 6.993e-04, 0.000e+00, 2.158e+00, 9.984e+02, 3.002e-07
1.485e+00, 5.000e-01, -1.035e+00, 1.186e+05, 0.000e+00, 5.848e-04, 0.000e+00, 2.156e+00, 9.984e+02, 2.510e-07
1.485e+00, 5.000e-01, -1.025e+00, 1.185e+05, 0.000e+00, 5.247e-04, 0.000e+00, 2.154e+00, 9.984e+02, 2.252e-07
1.485e+00, 5.000e-01, -1.015e+00, 1.185e+05, 0.000e+00, 5.165e-04, 0.000e+00, 2.152e+00, 9.984e+02, 2.217e-07
1.485e+00, 5.000e-01, -1.005e+00, 1.184e+05, 0.000e+00, 5.246e-04, 0.000e+00, 2.150e+00, 9.984e+02, 2.252e-07
1.485e+00, 5.000e-01, -9.950e-01, 1.183e+05, 0.000e+00, 5.339e-04, 0.000e+00, 2.149e+00, 9.984e+02, 2.292e-07
1.485e+00, 5.000e-01, -9.850e-01, 1.182e+05, 0.000e+00, 5.389e-04, 0.000e+00, 2.147e+00, 9.984e+02, 2.314e-07
1.485e+00, 5.000e-01, -9.750e-01, 1.181e+05, 0.000e+00, 5.381e-04, 0.000e+00, 2.145e+00, 9.984e+02, 2.310e-07
1.485e+00, 5.000e-01, -9.650e-01, 1.180e+05, 0.000e+00, 5.314e-04, 0.000e+00, 2.143e+00, 9.984e+02, 2.281e-07
1.485e+00, 5.000e-01, -9.550e-01, 1.179e+05, 0.000e+00, 5.199e-04, 0.000e+00, 2.141e+00, 9.984e+02, 2.232e-07
1.485e+00, 5.000e-01, -9.450e-01, 1.178e+05, 0.000e+00, 4.985e-04, 0.000e+00, 2.140e+00, 9.984e+02, 2.140e-07
1.485e+00, 5.000e-01, -9.350e-01, 1.177e+05, 0.000e+00, 4.752e-04, 0.000e+00, 2.138e+00, 9.983e+02, 2.040e-07
1.485e+00, 5.000e-01, -9.250e-01, 1.176e+05, 0.000e+00, 4.524e-04, 0.000e+00, 2.136e+00, 9.983e+02, 1.942e-07
1.485e+00, 5.000e-01, -9.150e-01, 1.175e+05, 0.000e+00, 4.473e-04, 0.000e+00, 2.134e+00, 9.983e+02, 1.920e-07
1.485e+00, 5.000e-01, -9.050e-01, 1.174e+05, 0.000e+00, 4.623e-04, 0.000e+00, 2.132e+00, 9.983e+02, 1.984e-07
1.485e+00, 5.000e-01, -8.950e-01, 1.173e+05, 0.000e+00, 4.823e-04, 0.000e+00, 2.131e+00, 9.984e+02, 2.070e-07
1.485e+00, 5.000e-01, -8.850e-01, 1.172e+05, 0.000e+00, 4.970e-04, 0.000e+00, 2.129e+00, 9.984e+02, 2.133e-07
1.485e+00, 5.000e-01, -8.750e-01, 1.171e+05, 0.000e+00, 5.074e-04, 0.000e+00, 2.127e+00, 9.984e+02, 2.178e-07
1.485e+00, 5.000e-01, -8.650e-01, 1.170e+05, 0.000e+00, 5.156e-04, 0.000e+00, 2.125e+00, 9.984e+02, 2.213e-07
1.485e+00, 5.000e-01, -8.550e-01, 1.169e+05, 0.000e+00, 5.231e-04, 0.000e+00, 2.124e+00, 9.984e+02, 2.245e-07
1.485e+00, 5.000e-01, -8.450e-01, 1.168e+05, 0.000e+00, 5.328e-04, 0.000e+00, 2.122e+00, 9.984e+02, 2.287e-07
1.485e+00, 5.000e-01, -8.350e-01, 1.167e+05, 0.000e+00, 5.449e-04, 0.000e+00, 2.120e+00, 9.984e+02, 2.339e-07
1.485e+00, 5.000e-01, -8.250e-01, 1.166e+05, 0.000e+00, 5.564e-04, 0.000e+00, 2.118e+00, 9.984e+02, 2.389e-07
1.485e+00, 5.000e-01, -8.150e-01, 1.165e+05, 0.000e+00, 5.652e-04, 0.000e+00, 2.116e+00, 9.984e+02, 2.426e-07
1.485e+00, 5.000e-01, -8.050e-01, 1.164e+05, 0.000e+00, 5.693e-04, 0.000e+00, 2.115e+00, 9.984e+02, 2.444e-07
1.485e+00, 5.000e-01, -7.950e-01, 1.163e+05, 0.000e+00, 5.662e-04, 0.000e+00, 2.113e+00, 9.984e+02, 2.431e-07
1.485e+00, 5.000e-01, -7.850e-01, 1.162e+05, 0.000e+00, 5.628e-04, 0.000e+00, 2.111e+00, 9.984e+02, 2.416e-07
1.485e+00, 5.000e-01, -7.750e-01, 1.161e+05, 0.000e+00, 5.608e-04, 0.000e+00, 2.109e+00, 9.984e+02, 2.407e-07
1.485e+00, 5.000e-01, -7.650e-01, 1.160e+05, 0.000e+00, 5.653e-04, 0.000e+00, 2.107e+00, 9.984e+02, 2.427e-07
1.485e+00, 5.000e-01, -7.550e-01, 1.159e+05, 0.000e+00, 5.808e-04, 0.000e+00, 2.106e+00, 9.984e+02, 2.494e-07
1.485e+00, 5.000e-01, -7.450e-01, 1.158e+05, 0.000e+00, 5.952e-04, 0.000e+00, 2.104e+00, 9.984e+02, 2.555e-07
1.485e+00, 5.000e-01, -7.350e-01, 1.157e+05, 6.756e-07, 6.374e-04, 0.000e+00, 2.102e+00, 9.984e+02, 2.737e-07
1.485e+00, 5.000e-01, -7.250e-01, 1.156e+05, 4.723e-01, 1.895e-03, 0.000e+00, 2.100e+00, 9.986e+02, 8.559e-07
1.485e+00, 5.000e-01, -7.150e-01, 1.156e+05, 8.683e-01, 1.895e-03, 0.000e+00, 2.100e+00, 9.986e+02, 8.914e-07
1.485e+00, 5.000e-01, -7.050e-01, 1.156e+05, 8.724e-01, 1.895e-03, 0.000e+00, 2.100e+00, 9.986e+02, 8.970e-07
1.485e+00, 5.000e-01, -6.950e-01, 1.168e+05, 6.240e-07, 5.001e-04, 0.000e+00, 2.122e+00, 9.984e+02, 2.197e-07
1.485e+00, 5.000e-01, -6.850e-01, 1.167e+05, 0.000e+00, 3.502e-04, 0.000e+00, 2.120e+00, 9.983e+02, 1.538e-07
1.485e+00, 5.000e-01, -6.750e-01, 1.166e+05, 0.000e+00, 2.302e-04, 0.000e+00, 2.119e+00, 9.983e+02, 1.011e-07
1.485e+00, 5.000e-01, -6.650e-01, 1.165e+05, 0.000e+00, 1.414e-04, 0.000e+00, 2.117e+00, 9.983e+02, 6.209e-08
1.485e+00, 5.000e-01, -6.550e-01, 1.164e+05, 0.000e+00, 8.208e-05, 0.000e+00, 2.115e+00, 9.983e+02, 3.605e-08
1.485e+00, 5.000e-01, -6.450e-01, 1.163e+05, 0.000e+00, 4.851e-05, 0.000e+00, 2.113e+00, 9.983e+02, 2.131e-08
1.485e+00, 5.000e-01, -6.350e-01, 1.162e+05, 0.000e+00, 3.714e-05, 0.000e+00, 2.111e+00, 9.983e+02, 1.632e-08
1.485e+00, 5.000e-01, -6.250e-01, 1.161e+05, 0.000e+00, 4.748e-05, 0.000e+00, 2.110e+00, 9.983e+02, 2.085e-08
1.485e+00, 5.000e-01, -6.150e-01, 1.160e+05, 0.000e+00, 8.310e-05, 0.000e+00, 2.108e+00, 9.983e+02, 3.650e-08
1.485e+00, 5.000e-01, -6.050e-01, 1.159e+05, 0.000e+00, 1.502e-04, 0.000e+00, 2.106e+00, 9.983e+02, 6.599e-08
1.485e+00, 5.000e-01, -5.950e-01, 1.158e+05, 0.000e+00, 2.529e-04, 0.000e+00, 2.104e+00, 9.983e+02, 1.111e-07
1.485e+00, 5.000e-01, -5.850e-01, 1.157e+05, 0.000e+00, 3.855e-04, 0.000e+00, 2.102e+00, 9.983e+02, 1.693e-07
1.485e+00, 5.000e-01, -5.750e-01, 1.156e+05, 0.000e+00, 5.277e-04, 0.000e+00, 2.101e+00, 9.984e+02, 2.318e-07
1.485e+00, 5.000e-01, -5.650e-01, 1.155e+05, 0.000e+00, 6.468e-04, 0.000e+00, 2.099e+00, 9.984e+02, 2.849e-07
1.485e+00, 5.000e-01, -5.550e-01, 1.140e+05, 0.000e+00, 7.124e-04, 0.000e+00, 2.070e+00, 9.984e+02, 3.200e-07
1.485e+00, 5.000e-01, -5.450e-01, 1.139e+05, 0.000e+00, 7.170e-04, 0.000e+00, 2.068e+00, 9.984e+02, 3.221e-07
1.485e+00, 5.000e-01, -5.350e-01, 1.138e+05, 0.000e+00, 6.927e-04, 0.000e+00, 2.067e+00, 9.984e+02, 3.112e-07
1.485e+00, 5.000e-01, -5.250e-01, 1.137e+05, 0.000e+00, 6.648e-04, 0.000e+00, 2.065e+00, 9.984e+02, 2.987e-07
1.485e+00, 5.000e-01, -5.150e-01, 1.136e+05, 0.000e+00, 6.418e-04, 0.000e+00, 2.063e+00, 9.984e+02, 2.883e-07
1.485e+00, 5.000e-01, -5.050e-01, 1.135e+05, 0.000e+00, 6.234e-04, 0.000e+00, 2.061e+00, 9.984e+02, 2.800e-07
1.485e+00, 5.000e-01, -4.950e-01, 1.134e+05, 0.000e+00, 6.079e-04, 0.000e+00, 2.059e+00, 9.984e+02, 2.611e-07
1.485e+00, 5.000e-01, -4.850e-01, 1.133e+05, 0.000e+00, 5.921e-04, 0.000e+00, 2.057e+00, 9.984e+02, 2.542e-07
1.485e+00, 5.000e-01, -4.750e-01, 1.132e+05, 0.000e+00, 5.796e-04, 0.000e+00, 2.056e+00, 9.984e+02, 2.488e-07
1.485e+00, 5.000e-01, -4.650e-01, 1.131e+05, 0.000e+00, 5.709e-04, 0.000e+00, 2.054e+00, 9.984e+02, 2.451e-07
1.485e+00, 5.000e-01, -4.550e-01, 1.130e+05, 0.000e+00, 5.656e-04, 0.000e+00, 2.052e+00, 9.984e+02, 2.428e-07
1.485e+00, 5.000e-01, -4.450e-01, 1.129e+05, 0.000e+00, 5.634e-04, 0.000e+00, 2.050e+00, 9.984e+02, 2.418e-07
1.485e+00, 5.000e-01, -4.350e-01, 1.128e+05, 0.000e+00, 5.642e-04, 0.000e+00, 2.048e+00, 9.984e+02, 2.422e-07
1.485e+00, 5.000e-01, -4.250e-01, 1.127e+05, 0.000e+00, 5.682e-04, 0.000e+00, 2.047e+00, 9.984e+02, 2.439e-07
1.485e+00, 5.000e-01, -4.150e-01, 1.126e+05, 0.000e+00, 5.747e-04, 0.000e+00, 2.045e+00, 9.984e+02, 2.467e-07
1.485e+00, 5.000e-01, -4.050e-01, 1.125e+05, 0.000e+00, 5.817e-04, 0.000e+00, 2.043e+00, 9.984e+02, 2.497e-07
1.485e+00, 5.000e-01, -3.950e-01, 1.124e+05, 0.000e+00, 5.867e-04, 0.000e+00, 2.041e+00, 9.984e+02, 2.519e-07
1.485e+00, 5.000e-01, -3.850e-01, 1.123e+05, 0.000e+00, 5.861e-04, 0.000e+00, 2.039e+00, 9.984e+02, 2.516e-07
1.485e+00, 5.000e-01, -3.750e-01, 1.122e+05, 0.000e+00, 5.752e-04, 0.000e+00, 2.038e+00, 9.984e+02, 2.520e-07
1.485e+00, 5.000e-01, -3.650e-01, 1.121e+05, 0.000e+00, 5.510e-04, 0.000e+00, 2.036e+00, 9.984e+02, 2.475e-07
1.485e+00, 5.000e-01, -3.550e-01, 1.120e+05, 0.000e+00, 5.221e-04, 0.000e+00, 2.034e+00, 9.984e+02, 2.346e-07
1.485e+00, 5.000e-01, -3.450e-01, 1.119e+05, 0.000e+00, 4.840e-04, 0.000e+00, 2.033e+00, 9.983e+02, 2.174e-07
1.485e+00, 5.000e-01, -3.350e-01, 1.118e+05, 0.000e+00, 4.373e-04, 0.000e+00, 2.031e+00, 9.983e+02, 1.964e-07
1.485e+00, 5.000e-01, -3.250e-01, 1.117e+05, 0.000e+00, 3.970e-04, 0.000e+00, 2.029e+00, 9.983e+02, 1.784e-07
1.485e+00, 5.000e-01, -3.150e-01, 1.116e+05, 0.000e+00, 3.677e-04, 0.000e+00, 2.027e+00, 9.983e+02, 1.652e-07
1.485e+00, 5.000e-01, -3.050e-01, 1.115e+05, 0.000e+00, 3.297e-04, 0.000e+00, 2.025e+00, 9.983e+02, 1.481e-07
1.485e+00, 5.000e-01, -2.950e-01, 1.114e+05, 0.000e+00, 2.873e-04, 0.000e+00, 2.024e+00, 9.983e+02, 1.277e-07
1.485e+00, 5.000e-01, -2.850e-01, 1.114e+05, 0.000e+00, 2.460e-04, 0.000e+00, 2.023e+00, 9.983e+02, 1.081e-07
1.485e+00, 5.000e-01, -2.750e-01, 1.113e+05, 0.000e+00, 2.140e-04, 0.000e+00, 2.021e+00, 9.983e+02, 9.398e-08
1.485e+00, 5.000e-01, -2.650e-01, 1.112e+05, 0.000e+00, 1.990e-04, 0.000e+00, 2.020e+00, 9.983e+02, 8.742e-08
1.485e+00, 5.000e-01, -2.550e-01, 1.111e+05, 0.000e+00, 1.959e-04, 0.000e+00, 2.018e+00, 9.983e+02, 8.604e-08
1.485e+00, 5.000e-01, -2.450e-01, 1.110e+05, 0.000e+00, 2.037e-04, 0.000e+00, 2.016e+00, 9.983e+02, 8.945e-08
1.485e+00, 5.000e-01, -2.350e-01, 1.109e+05, 0.000e+00, 2.186e-04, 0.000e+00, 2.014e+00, 9.983e+02, 9.602e-08
1.485e+00, 5.000e-01, -2.250e-01, 1.108e+05, 0.000e+00, 2.347e-04, 0.000e+00, 2.012e+00, 9.983e+02, 1.031e-07
1.485e+00, 5.000e-01, -2.150e-01, 1.107e+05, 0.000e+00, 2.556e-04, 0.000e+00, 2.011e+00, 9.983e+02, 1.123e-07
1.485e+00, 5.000e-01, -2.050e-01, 1.108e+05, 0.000e+00, 2.856e-04, 0.000e+00, 2.012e+00, 9.983e+02, 1.236e-07
1.485e+00, 5.000e-01, -1.950e-01, 1.107e+05, 0.000e+00, 3.145e-04, 0.000e+00, 2.011e+00, 9.983e+02, 1.373e-07
1.485e+00, 5.000e-01, -1.850e-01, 1.103e+05, 0.000e+00, 3.355e-04, 0.000e+00, 2.003e+00, 9.983e+02, 1.499e-07
1.485e+00, 5.000e-01, -1.750e-01, 1.102e+05, 0.000e+00, 3.493e-04, 0.000e+00, 2.002e+00, 9.983e+02, 1.594e-07
1.485e+00, 5.000e-01, -1.650e-01, 1.101e+05, 0.000e+00, 3.597e-04, 0.000e+00, 2.000e+00, 9.983e+02, 1.652e-07
1.485e+00, 5.000e-01, -1.550e-01, 1.100e+05, 0.000e+00, 3.476e-04, 0.000e+00, 1.998e+00, 9.983e+02, 1.596e-07
1.485e+00, 5.000e-01, -1.450e-01, 1.114e+05, 0.000e+00, 2.568e-04, 0.000e+00, 2.024e+00, 9.983e+02, 1.153e-07
1.485e+00, 5.000e-01, -1.350e-01, 1.113e+05, 0.000e+00, 1.667e-04, 0.000e+00, 2.022e+00, 9.983e+02, 7.324e-08
1.485e+00, 5.000e-01, -1.250e-01, 1.112e+05, 0.000e+00, 9.823e-05, 0.000e+00, 2.020e+00, 9.983e+02, 4.315e-08
1.485e+00, 5.000e-01, -1.150e-01, 1.111e+05, 0.000e+00, 5.391e-05, 0.000e+00, 2.018e+00, 9.983e+02, 2.368e-08
1.485e+00, 5.000e-01, -1.050e-01, 1.110e+05, 0.000e+00, 2.797e-05, 0.000e+00, 2.017e+00, 9.983e+02, 1.228e-08
1.485e+00, 5.000e-01, -9.500e-02, 1.109e+05, 0.000e+00, 1.388e-05, 0.000e+00, 2.015e+00, 9.983e+02, 6.095e-09
1.485e+00, 5.000e-01, -8.500e-02, 1.108e+05, 0.000e+00, 6.630e-06, 0.000e+00, 2.013e+00, 9.983e+02, 2.912e-09
1.485e+00, 5.000e-01, -7.500e-02, 1.107e+05, 0.000e+00, 3.058e-06, 0.000e+00, 2.011e+00, 9.983e+02, 1.343e-09
1.485e+00, 5.000e-01, -6.500e-02, 1.106e+05, 0.000e+00, 1.360e-06, 0.000e+00, 2.009e+00, 9.983e+02, 5.975e-10
1.485e+00, 5.000e-01, -5.500e-02, 1.105e+05, 0.000e+00, 5.829e-07, 0.000e+00, 2.008e+00, 9.983e+02, 2.560e-10
1.485e+00, 5.000e-01, -4.500e-02, 1.104e+05, 0.000e+00, 2.402e-07, 0.000e+00, 2.006e+00, 9.983e+02, 1.055e-10
1.485e+00, 5.000e-01, -3.500e-02, 1.103e+05, 0.000e+00, 9.524e-08, 0.000e+00, 2.004e+00, 9.983e+02, 4.183e-11
1.485e+00, 5.000e-01, -2.500e-02, 1.102e+05, 0.000e+00, 3.644e-08, 0.000e+00, 2.002e+00, 9.983e+02, 1.601e-11
1.485e+00, 5.000e-01, -1.500e-02, 1.101e+05, 0.000e+00, 1.374e-08, 0.000e+00, 2.000e+00, 9.983e+02, 6.036e-12
1.485e+00, 5.000e-01, -5.000e-03, 1.100e+05, 0.000e+00, 5.590e-09, 0.000e+00, 1.999e+00, 9.983e+02, 2.455e-12
1.495e+00, 5.000e-01, -1.195e+00, 1.202e+05, 0.000e+00, 1.002e-13, 0.000e+00, 2.184e+00, 9.983e+02, 2.000e-17
1.495e+00, 5.000e-01, -1.185e+00, 1.201e+05, 0.000e+00, 1.002e-13, 0.000e+00, 2.182e+00, 9.983e+02, 2.000e-17
1.495e+00, 5.000e-01, -1.175e+00, 1.200e+05, 0.000e+00, 1.002e-13, 0.000e+00, 2.181e+00, 9.983e+02, 2.000e-17
1.495e+00, 5.000e-01, -1.165e+00, 1.199e+05, 0.000e+00, 1.002e-13, 0.000e+00, 2.179e+00, 9.983e+02, 2.000e-17
1.495e+00, 5.000e-01, -1.155e+00, 1.198e+05, 0.000e+00, 1.002e-13, 0.000e+00, 2.177e+00, 9.983e+02, 2.000e-17
1.495e+00, 5.000e-01, -1.145e+00, 1.197e+05, 0.000e+00, 1.002e-13, 0.000e+00, 2.175e+00, 9.983e+02, 2.000e-17
1.495e+00, 5.000e-01, -1.135e+00, 1.196e+05, 0.000e+00, 1.002e-13, 0.000e+00, 2.173e+00, 9.983e+02, 2.000e-17
1.495e+00, 5.000e-01, -1.125e+00, 1.195e+05, 0.000e+00, 1.002e-13, 0.000e+00, 2.172e+00, 9.983e+02, 2.000e-17
1.495e+00, 5.000e-01, -1.115e+00, 1.194e+05, 0.000e+00, 1.002e-13, 0.000e+00, 2.170e+00, 9.983e+02, 2.000e-17
1.495e+00, 5.000e-01, -1.105e+00, 1.193e+05, 0.000e+00, 1.002e-13, 0.000e+00, 2.168e+00, 9.983e+02, 2.000e-17
1.495e+00, 5.000e-01, -1.095e+00, 1.192e+05, 0.000e+00, 1.002e-13, 0.000e+00, 2.166e+00, 9.983e+02, 2.000e-17
1.495e+00, 5.000e-01, -1.085e+00, 1.191e+05, 0.000e+00, 1.002e-13, 0.000e+00, 2.165e+00, 9.983e+02, 2.000e-17
1.495e+00, 5.000e-01, -1.075e+00, 1.190e+05, 0.000e+00, 4.131e-09, 0.000e+00, 2.163e+00, 9.983e+02, 1.773e-12
1.495e+00, 5.000e-01, -1.065e+00, 1.189e+05, 0.000e+00, 8.661e-04, 0.000e+00, 2.161e+00, 9.984e+02, 3.718e-07
1.495e+00, 5.000e-01, -1.055e+00, 1.188e+05, 0.000e+00, 8.060e-04, 0.000e+00, 2.159e+00, 9.984e+02, 3.460e-07
1.495e+00, 5.000e-01, -1.045e+00, 1.187e+05, 0.000e+00, 6.951e-04, 0.000e+00, 2.158e+00, 9.984e+02, 2.984e-07
1.495e+00, 5.000e-01, -1.035e+00, 1.186e+05, 0.000e+00, 5.841e-04, 0.000e+00, 2.156e+00, 9.984e+02, 2.508e-07
1.495e+00, 5.000e-01, -1.025e+00, 1.185e+05, 0.000e+00, 5.234e-04, 0.000e+00, 2.154e+00, 9.984e+02, 2.247e-07
1.495e+00, 5.000e-01, -1.015e+00, 1.185e+05, 0.000e+00, 5.109e-04, 0.000e+00, 2.152e+00, 9.984e+02, 2.193e-07
1.495e+00, 5.000e-01, -1.005e+00, 1.184e+05, 0.000e+00, 5.149e-04, 0.000e+00, 2.150e+00, 9.984e+02, 2.210e-07
1.495e+00, 5.000e-01, -9.950e-01, 1.183e+05, 0.000e+00, 5.202e-04, 0.000e+00, 2.149e+00, 9.984e+02, 2.233e-07
1.495e+00, 5.000e-01, -9.850e-01, 1.182e+05, 0.000e+00, 5.222e-04, 0.000e+00, 2.147e+00, 9.984e+02, 2.242e-07
1.495e+00, 5.000e-01, -9.750e-01, 1.181e+05, 0.000e+00, 5.187e-04, 0.000e+00, 2.145e+00, 9.984e+02, 2.227e-07
1.495e+00, 5.000e-01, -9.650e-01, 1.180e+05, 0.000e+00, 5.087e-04, 0.000e+00, 2.143e+00, 9.984e+02, 2.184e-07
1.495e+00, 5.000e-01, -9.550e-01, 1.179e+05, 0.000e+00, 4.919e-04, 0.000e+00, 2.141e+00, 9.984e+02, 2.112e-07
1.495e+00, 5.000e-01, -9.450e-01, 1.178e+05, 0.000e+00, 4.672e-04, 0.000e+00, 2.140e+00, 9.983e+02, 2.006e-07
1.495e+00, 5.000e-01, -9.350e-01, 1.177e+05, 0.000e+00, 4.430e-04, 0.000e+00, 2.138e+00, 9.983e+02, 1.902e-07
1.495e+00, 5.000e-01, -9.250e-01, 1.176e+05, 0.000e+00, 4.348e-04, 0.000e+00, 2.136e+00, 9.983e+02, 1.867e-07
1.495e+00, 5.000e-01, -9.150e-01, 1.175e+05, 0.000e+00, 4.588e-04, 0.000e+00, 2.134e+00, 9.983e+02, 1.970e-07
1.495e+00, 5.000e-01, -9.050e-01, 1.174e+05, 0.000e+00, 4.993e-04, 0.000e+00, 2.132e+00, 9.984e+02, 2.144e-07
1.495e+00, 5.000e-01, -8.950e-01, 1.173e+05, 0.000e+00, 5.395e-04, 0.000e+00, 2.131e+00, 9.984e+02, 2.316e-07
1.495e+00, 5.000e-01, -8.850e-01, 1.172e+05, 0.000e+00, 5.537e-04, 0.000e+00, 2.129e+00, 9.984e+02, 2.377e-07
1.495e+00, 5.000e-01, -8.750e-01, 1.171e+05, 0.000e+00, 5.530e-04, 0.000e+00, 2.127e+00, 9.984e+02, 2.374e-07
1.495e+00, 5.000e-01, -8.650e-01, 1.170e+05, 0.000e+00, 5.507e-04, 0.000e+00, 2.125e+00, 9.984e+02, 2.364e-07
1.495e+00, 5.000e-01, -8.550e-01, 1.169e+05, 0.000e+00, 5.558e-04, 0.000e+00, 2.124e+00, 9.984e+02, 2.386e-07
1.495e+00, 5.000e-01, -8.450e-01, 1.168e+05, 0.000e+00, 5.753e-04, 0.000e+00, 2.122e+00, 9.984e+02, 2.470e-07
1.495e+00, 5.000e-01, -8.350e-01, 1.167e+05, 0.000e+00, 6.012e-04, 0.000e+00, 2.120e+00, 9.984e+02, 2.581e-07
1.495e+00, 5.000e-01, -8.250e-01, 1.166e+05, 0.000e+00, 6.249e-04, 0.000e+00, 2.118e+00, 9.984e+02, 2.683e-07
1.495e+00, 5.000e-01, -8.150e-01, 1.165e+05, 0.000e+00, 6.437e-04, 0.000e+00, 2.116e+00, 9.984e+02, 2.763e-07
1.495e+00, 5.000e-01, -8.050e-01, 1.164e+05, 0.000e+00, 6.567e-04, 0.000e+00, 2.115e+00, 9.984e+02, 2.819e-07
1.495e+00, 5.000e-01, -7.950e-01, 1.163e+05, 0.000e+00, 6.586e-04, 0.000e+00, 2.113e+00, 9.984e+02, 2.827e-07
1.495e+00, 5.000e-01, -7.850e-01, 1.162e+05, 0.000e+00, 6.288e-04, 0.000e+00, 2.111e+00, 9.984e+02, 2.700e-07
1.495e+00, 5.000e-01, -7.750e-01, 1.161e+05, 0.000e+00, 6.042e-04, 0.000e+00, 2.109e+00, 9.984e+02, 2.594e-07
1.495e+00, 5.000e-01, -7.650e-01, 1.160e+05, 0.000e+00, 5.881e-04, 0.000e+00, 2.107e+00, 9.984e+02, 2.525e-07
1.495e+00, 5.000e-01, -7.550e-01, 1.159e+05, 0.000e+00, 5.807e-04, 0.000e+00, 2.106e+00, 9.984e+02, 2.493e-07
1.495e+00, 5.000e-01, -7.450e-01, 1.158e+05, 0.000e+00, 5.797e-04, 0.000e+00, 2.104e+00, 9.984e+02, 2.489e-07
1.495e+00, 5.000e-01, -7.350e-01, 1.157e+05, 6.757e-07, 6.294e-04, 0.000e+00, 2.102e+00, 9.984e+02, 2.702e-07
1.495e+00, 5.000e-01, -7.250e-01, 1.156e+05, 4.723e-01, 1.895e-03, 0.000e+00, 2.100e+00, 9.986e+02, 8.559e-07
1.495e+00, 5.000e-01, -7.150e-01, 1.156e+05, 8.683e-01, 1.895e-03, 0.000e+00, 2.100e+00, 9.986e+02, 8.914e-07
1.495e+00, 5.000e-01, -7.050e-01, 1.156e+05, 8.724e-01, 1.895e-03, 0.000e+00, 2.100e+00, 9.986e+02, 8.951e-07
1.495e+00, 5.000e-01, -6.950e-01, 1.168e+05, 6.240e-07, 5.102e-04, 0.000e+00, 2.122e+00, 9.984e+02, 2.241e-07
1.495e+00, 5.000e-01, -6.850e-01, 1.167e+05, 0.000e+00, 3.601e-04, 0.000e+00, 2.120e+00, 9.983e+02, 1.582e-07
1.495e+00, 5.000e-01, -6.750e-01, 1.166e+05, 0.000e+00, 2.380e-04, 0.000e+00, 2.119e+00, 9.983e+02, 1.045e-07
1.495e+00, 5.000e-01, -6.650e-01, 1.165e+05, 0.000e+00, 1.467e-04, 0.000e+00, 2.117e+00, 9.983e+02, 6.445e-08
1.495e+00, 5.000e-01, -6.550e-01, 1.164e+05, 0.000e+00, 8.542e-05, 0.000e+00, 2.115e+00, 9.983e+02, 3.752e-08
1.495e+00, 5.000e-01, -6.450e-01, 1.163e+05, 0.000e+00, 5.052e-05, 0.000e+00, 2.113e+00, 9.983e+02, 2.219e-08
1.495e+00, 5.000e-01, -6.350e-01, 1.162e+05, 0.000e+00, 3.859e-05, 0.000e+00, 2.111e+00, 9.983e+02, 1.695e-08
1.495e+00, 5.000e-01, -6.250e-01, 1.161e+05, 0.000e+00, 4.903e-05, 0.000e+00, 2.110e+00, 9.983e+02, 2.154e-08
1.495e+00, 5.000e-01, -6.150e-01, 1.160e+05, 0.000e+00, 8.536e-05, 0.000e+00, 2.108e+00, 9.983e+02, 3.749e-08
1.495e+00, 5.000e-01, -6.050e-01, 1.159e+05, 0.000e+00, 1.536e-04, 0.000e+00, 2.106e+00, 9.983e+02, 6.748e-08
1.495e+00, 5.000e-01, -5.950e-01, 1.158e+05, 0.000e+00, 2.574e-04, 0.000e+00, 2.104e+00, 9.983e+02, 1.131e-07
1.495e+00, 5.000e-01, -5.850e-01, 1.157e+05, 0.000e+00, 3.906e-04, 0.000e+00, 2.102e+00, 9.983e+02, 1.716e-07
1.495e+00, 5.000e-01, -5.750e-01, 1.156e+05, 0.000e+00, 5.323e-04, 0.000e+00, 2.101e+00, 9.984e+02, 2.338e-07
1.495e+00, 5.000e-01, -5.650e-01, 1.155e+05, 0.000e+00, 6.497e-04, 0.000e+00, 2.099e+00, 9.984e+02, 2.862e-07
1.495e+00, 5.000e-01, -5.550e-01, 1.140e+05, 0.000e+00, 7.134e-04, 0.000e+00, 2.070e+00, 9.984e+02, 3.205e-07
1.495e+00, 5.000e-01, -5.450e-01, 1.139e+05, 0.000e+00, 7.181e-04, 0.000e+00, 2.068e+00, 9.984e+02, 3.226e-07
1.495e+00, 5.000e-01, -5.350e-01, 1.138e+05, 0.000e+00, 6.944e-04, 0.000e+00, 2.067e+00, 9.984e+02, 3.120e-07
1.495e+00, 5.000e-01, -5.250e-01, 1.137e+05, 0.000e+00, 6.670e-04, 0.000e+00, 2.065e+00, 9.984e+02, 2.997e-07
1.495e+00, 5.000e-01, -5.150e-01, 1.136e+05, 0.000e+00, 6.445e-04, 0.000e+00, 2.063e+00, 9.984e+02, 2.895e-07
1.495e+00, 5.000e-01, -5.050e-01, 1.135e+05, 0.000e+00, 6.265e-04, 0.000e+00, 2.061e+00, 9.984e+02, 2.804e-07
1.495e+00, 5.000e-01, -4.950e-01, 1.134e+05, 0.000e+00, 6.102e-04, 0.000e+00, 2.059e+00, 9.984e+02, 2.620e-07
1.495e+00, 5.000e-01, -4.850e-01, 1.133e+05, 0.000e+00, 5.943e-04, 0.000e+00, 2.057e+00, 9.984e+02, 2.551e-07
1.495e+00, 5.000e-01, -4.750e-01, 1.132e+05, 0.000e+00, 5.812e-04, 0.000e+00, 2.056e+00, 9.984e+02, 2.495e-07
1.495e+00, 5.000e-01, -4.650e-01, 1.131e+05, 0.000e+00, 5.709e-04, 0.000e+00, 2.054e+00, 9.984e+02, 2.451e-07
1.495e+00, 5.000e-01, -4.550e-01, 1.130e+05, 0.000e+00, 5.632e-04, 0.000e+00, 2.052e+00, 9.984e+02, 2.418e-07
1.495e+00, 5.000e-01, -4.450e-01, 1.129e+05, 0.000e+00, 5.579e-04, 0.000e+00, 2.050e+00, 9.984e+02, 2.395e-07
1.495e+00, 5.000e-01, -4.350e-01, 1.128e+05, 0.000e+00, 5.558e-04, 0.000e+00, 2.048e+00, 9.984e+02, 2.386e-07
1.495e+00, 5.000e-01, -4.250e-01, 1.127e+05, 0.000e+00, 5.576e-04, 0.000e+00, 2.047e+00, 9.984e+02, 2.394e-07
1.495e+00, 5.000e-01, -4.150e-01, 1.126e+05, 0.000e+00, 5.639e-04, 0.000e+00, 2.045e+00, 9.984e+02, 2.421e-07
1.495e+00, 5.000e-01, -4.050e-01, 1.125e+05, 0.000e+00, 5.732e-04, 0.000e+00, 2.043e+00, 9.984e+02, 2.461e-07
1.495e+00, 5.000e-01, -3.950e-01, 1.124e+05, 0.000e+00, 5.833e-04, 0.000e+00, 2.041e+00, 9.984e+02, 2.504e-07
1.495e+00, 5.000e-01, -3.850e-01, 1.123e+05, 0.000e+00, 5.911e-04, 0.000e+00, 2.039e+00, 9.984e+02, 2.538e-07
1.495e+00, 5.000e-01, -3.750e-01, 1.122e+05, 0.000e+00, 5.928e-04, 0.000e+00, 2.038e+00, 9.984e+02, 2.583e-07
1.495e+00, 5.000e-01, -3.650e-01, 1.121e+05, 0.000e+00, 5.830e-04, 0.000e+00, 2.036e+00, 9.984e+02, 2.619e-07
1.495e+00, 5.000e-01, -3.550e-01, 1.120e+05, 0.000e+00, 5.638e-04, 0.000e+00, 2.034e+00, 9.984e+02, 2.533e-07
1.495e+00, 5.000e-01, -3.450e-01, 1.119e+05, 0.000e+00, 5.347e-04, 0.000e+00, 2.033e+00, 9.984e+02, 2.402e-07
1.495e+00, 5.000e-01, -3.350e-01, 1.118e+05, 0.000e+00, 4.948e-04, 0.000e+00, 2.031e+00, 9.984e+02, 2.223e-07
1.495e+00, 5.000e-01, -3.250e-01, 1.117e+05, 0.000e+00, 4.443e-04, 0.000e+00, 2.029e+00, 9.983e+02, 1.996e-07
1.495e+00, 5.000e-01, -3.150e-01, 1.116e+05, 0.000e+00, 3.984e-04, 0.000e+00, 2.027e+00, 9.983e+02, 1.790e-07
1.495e+00, 5.000e-01, -3.050e-01, 1.115e+05, 0.000e+00, 3.566e-04, 0.000e+00, 2.025e+00, 9.983e+02, 1.602e-07
1.495e+00, 5.000e-01, -2.950e-01, 1.114e+05, 0.000e+00, 3.146e-04, 0.000e+00, 2.024e+00, 9.983e+02, 1.403e-07
1.495e+00, 5.000e-01, -2.850e-01, 1.114e+05, 0.000e+00, 2.768e-04, 0.000e+00, 2.023e+00, 9.983e+02, 1.216e-07
1.495e+00, 5.000e-01, -2.750e-01, 1.113e+05, 0.000e+00, 2.416e-04, 0.000e+00, 2.021e+00, 9.983e+02, 1.061e-07
1.495e+00, 5.000e-01, -2.650e-01, 1.112e+05, 0.000e+00, 2.210e-04, 0.000e+00, 2.020e+00, 9.983e+02, 9.708e-08
1.495e+00, 5.000e-01, -2.550e-01, 1.111e+05, 0.000e+00, 2.138e-04, 0.000e+00, 2.018e+00, 9.983e+02, 9.392e-08
1.495e+00, 5.000e-01, -2.450e-01, 1.110e+05, 0.000e+00, 2.192e-04, 0.000e+00, 2.016e+00, 9.983e+02, 9.627e-08
1.495e+00, 5.000e-01, -2.350e-01, 1.109e+05, 0.000e+00, 2.329e-04, 0.000e+00, 2.014e+00, 9.983e+02, 1.023e-07
1.495e+00, 5.000e-01, -2.250e-01, 1.108e+05, 0.000e+00, 2.501e-04, 0.000e+00, 2.012e+00, 9.983e+02, 1.099e-07
1.495e+00, 5.000e-01, -2.150e-01, 1.107e+05, 0.000e+00, 2.745e-04, 0.000e+00, 2.011e+00, 9.983e+02, 1.206e-07
1.495e+00, 5.000e-01, -2.050e-01, 1.108e+05, 0.000e+00, 3.112e-04, 0.000e+00, 2.012e+00, 9.983e+02, 1.346e-07
1.495e+00, 5.000e-01, -1.950e-01, 1.107e+05, 0.000e+00, 3.383e-04, 0.000e+00, 2.011e+00, 9.983e+02, 1.452e-07
1.495e+00, 5.000e-01, -1.850e-01, 1.106e+05, 0.000e+00, 3.568e-04, 0.000e+00, 2.009e+00, 9.983e+02, 1.532e-07
1.495e+00, 5.000e-01, -1.750e-01, 1.105e+05, 0.000e+00, 3.686e-04, 0.000e+00, 2.007e+00, 9.983e+02, 1.583e-07
1.495e+00, 5.000e-01, -1.650e-01, 1.104e+05, 0.000e+00, 3.691e-04, 0.000e+00, 2.005e+00, 9.983e+02, 1.613e-07
1.495e+00, 5.000e-01, -1.550e-01, 1.100e+05, 0.000e+00, 3.524e-04, 0.000e+00, 1.998e+00, 9.983e+02, 1.575e-07
1.495e+00, 5.000e-01, -1.450e-01, 1.099e+05, 0.000e+00, 2.732e-04, 0.000e+00, 1.996e+00, 9.983e+02, 1.227e-07
1.495e+00, 5.000e-01, -1.350e-01, 1.113e+05, 0.000e+00, 1.811e-04, 0.000e+00, 2.022e+00, 9.983e+02, 7.956e-08
1.495e+00, 5.000e-01, -1.250e-01, 1.112e+05, 0.000e+00, 1.075e-04, 0.000e+00, 2.020e+00, 9.983e+02, 4.724e-08
1.495e+00, 5.000e-01, -1.150e-01, 1.111e+05, 0.000e+00, 5.920e-05, 0.000e+00, 2.018e+00, 9.983e+02, 2.600e-08
1.495e+00, 5.000e-01, -1.050e-01, 1.110e+05, 0.000e+00, 3.078e-05, 0.000e+00, 2.017e+00, 9.983e+02, 1.352e-08
1.495e+00, 5.000e-01, -9.500e-02, 1.109e+05, 0.000e+00, 1.533e-05, 0.000e+00, 2.015e+00, 9.983e+02, 6.733e-09
1.495e+00, 5.000e-01, -8.500e-02, 1.108e+05, 0.000e+00, 7.374e-06, 0.000e+00, 2.013e+00, 9.983e+02, 3.239e-09
1.495e+00, 5.000e-01, -7.500e-02, 1.107e+05, 0.000e+00, 3.434e-06, 0.000e+00, 2.011e+00, 9.983e+02, 1.508e-09
1.495e+00, 5.000e-01, -6.500e-02, 1.106e+05, 0.000e+00, 1.547e-06, 0.000e+00, 2.009e+00, 9.983e+02, 6.794e-10
1.495e+00, 5.000e-01, -5.500e-02, 1.105e+05, 0.000e+00, 6.720e-07, 0.000e+00, 2.008e+00, 9.983e+02, 2.952e-10
1.495e+00, 5.000e-01, -4.500e-02, 1.104e+05, 0.000e+00, 2.810e-07, 0.000e+00, 2.006e+00, 9.983e+02, 1.234e-10
1.495e+00, 5.000e-01, -3.500e-02, 1.103e+05, 0.000e+00, 1.130e-07, 0.000e+00, 2.004e+00, 9.983e+02, 4.963e-11
1.495e+00, 5.000e-01, -2.500e-02, 1.102e+05, 0.000e+00, 4.383e-08, 0.000e+00, 2.002e+00, 9.983e+02, 1.925e-11
1.495e+00, 5.000e-01, -1.500e-02, 1.101e+05, 0.000e+00, 1.674e-08, 0.000e+00, 2.000e+00, 9.983e+02, 7.351e-12
1.495e+00, 5.000e-01, -5.000e-03, 1.100e+05, 0.000e+00, 6.859e-09, 0.000e+00, 1.999e+00, 9.983e+02, 3.013e-12
1.505e+00, 5.000e-01, -1.195e+00, 1.202e+05, 0.000e+00, 1.002e-13, 0.000e+00, 2.184e+00, 9.983e+02, 2.000e-17
1.505e+00, 5.000e-01, -1.185e+00, 1.201e+05, 0.000e+00, 1.002e-13, 0.000e+00, 2.182e+00, 9.983e+02, 2.000e-17
1.505e+00, 5.000e-01, -1.175e+00, 1.200e+05, 0.000e+00, 1.002e-13, 0.000e+00, 2.181e+00, 9.983e+02, 2.000e-17
1.505e+00, 5.000e-01, -1.165e+00, 1.199e+05, 0.000e+00, 1.002e-13, 0.000e+00, 2.179e+00, 9.983e+02, 2.000e-17
1.505e+00, 5.000e-01, -1.155e+00, 1.198e+05, 0.000e+00, 1.002e-13, 0.000e+00, 2.177e+00, 9.983e+02, 2.000e-17
1.505e+00, 5.000e-01, -1.145e+00, 1.197e+05, 0.000e+00, 1.002e-13, 0.000e+00, 2.175e+00, 9.983e+02, 2.000e-17
1.505e+00, 5.000e-01, -1.135e+00, 1.196e+05, 0.000e+00, 1.002e-13, 0.000e+00, 2.173e+00, 9.983e+02, 2.000e-17
1.505e+00, 5.000e-01, -1.125e+00, 1.195e+05, 0.000e+00, 1.002e-13, 0.000e+00, 2.172e+00, 9.983e+02, 2.000e-17
1.505e+00, 5.000e-01, -1.115e+00, 1.194e+05, 0.000e+00, 1.002e-13, 0.000e+00, 2.170e+00, 9.983e+02, 2.000e-17
1.505e+00, 5.000e-01, -1.105e+00, 1.193e+05, 0.000e+00, 1.002e-13, 0.000e+00, 2.168e+00, 9.983e+02, 2.000e-17
1.505e+00, 5.000e-01, -1.095e+00, 1.192e+05, 0.000e+00, 1.002e-13, 0.000e+00, 2.166e+00, 9.983e+02, 2.000e-17
1.505e+00, 5.000e-01, -1.085e+00, 1.191e+05, 0.000e+00, 1.002e-13, 0.000e+00, 2.165e+00, 9.983e+02, 2.000e-17
1.505e+00, 5.000e-01, -1.075e+00, 1.190e+05, 0.000e+00, 4.092e-09, 0.000e+00, 2.163e+00, 9.983e+02, 1.757e-12
1.505e+00, 5.000e-01, -1.065e+00, 1.189e+05, 0.000e+00, 8.580e-04, 0.000e+00, 2.161e+00, 9.984e+02, 3.684e-07
1.505e+00, 5.000e-01, -1.055e+00, 1.188e+05, 0.000e+00, 7.982e-04, 0.000e+00, 2.159e+00, 9.984e+02, 3.427e-07
1.505e+00, 5.000e-01, -1.045e+00, 1.187e+05, 0.000e+00, 6.914e-04, 0.000e+00, 2.158e+00, 9.984e+02, 2.968e-07
1.505e+00, 5.000e-01, -1.035e+00, 1.186e+05, 0.000e+00, 5.851e-04, 0.000e+00, 2.156e+00, 9.984e+02, 2.512e-07
1.505e+00, 5.000e-01, -1.025e+00, 1.185e+05, 0.000e+00, 5.235e-04, 0.000e+00, 2.154e+00, 9.984e+02, 2.247e-07
1.505e+00, 5.000e-01, -1.015e+00, 1.185e+05, 0.000e+00, 5.059e-04, 0.000e+00, 2.152e+00, 9.984e+02, 2.172e-07
1.505e+00, 5.000e-01, -1.005e+00, 1.184e+05, 0.000e+00, 5.051e-04, 0.000e+00, 2.150e+00, 9.984e+02, 2.168e-07
1.505e+00, 5.000e-01, -9.950e-01, 1.183e+05, 0.000e+00, 5.062e-04, 0.000e+00, 2.149e+00, 9.984e+02, 2.173e-07
1.505e+00, 5.000e-01, -9.850e-01, 1.182e+05, 0.000e+00, 5.044e-04, 0.000e+00, 2.147e+00, 9.984e+02, 2.165e-07
1.505e+00, 5.000e-01, -9.750e-01, 1.181e+05, 0.000e+00, 4.974e-04, 0.000e+00, 2.145e+00, 9.984e+02, 2.135e-07
1.505e+00, 5.000e-01, -9.650e-01, 1.180e+05, 0.000e+00, 4.845e-04, 0.000e+00, 2.143e+00, 9.984e+02, 2.080e-07
1.505e+00, 5.000e-01, -9.550e-01, 1.179e+05, 0.000e+00, 4.661e-04, 0.000e+00, 2.141e+00, 9.983e+02, 2.001e-07
1.505e+00, 5.000e-01, -9.450e-01, 1.178e+05, 0.000e+00, 4.447e-04, 0.000e+00, 2.140e+00, 9.983e+02, 1.909e-07
1.505e+00, 5.000e-01, -9.350e-01, 1.177e+05, 0.000e+00, 4.279e-04, 0.000e+00, 2.138e+00, 9.983e+02, 1.837e-07
1.505e+00, 5.000e-01, -9.250e-01, 1.176e+05, 0.000e+00, 4.460e-04, 0.000e+00, 2.136e+00, 9.983e+02, 1.915e-07
1.505e+00, 5.000e-01, -9.150e-01, 1.175e+05, 0.000e+00, 5.256e-04, 0.000e+00, 2.134e+00, 9.984e+02, 2.256e-07
1.505e+00, 5.000e-01, -9.050e-01, 1.174e+05, 0.000e+00, 5.591e-04, 0.000e+00, 2.132e+00, 9.984e+02, 2.400e-07
1.505e+00, 5.000e-01, -8.950e-01, 1.173e+05, 0.000e+00, 5.713e-04, 0.000e+00, 2.131e+00, 9.984e+02, 2.453e-07
1.505e+00, 5.000e-01, -8.850e-01, 1.172e+05, 0.000e+00, 5.666e-04, 0.000e+00, 2.129e+00, 9.984e+02, 2.433e-07
1.505e+00, 5.000e-01, -8.750e-01, 1.171e+05, 0.000e+00, 5.582e-04, 0.000e+00, 2.127e+00, 9.984e+02, 2.396e-07
1.505e+00, 5.000e-01, -8.650e-01, 1.170e+05, 0.000e+00, 5.576e-04, 0.000e+00, 2.125e+00, 9.984e+02, 2.394e-07
1.505e+00, 5.000e-01, -8.550e-01, 1.169e+05, 0.000e+00, 5.824e-04, 0.000e+00, 2.124e+00, 9.984e+02, 2.500e-07
1.505e+00, 5.000e-01, -8.450e-01, 1.168e+05, 0.000e+00, 6.334e-04, 0.000e+00, 2.122e+00, 9.984e+02, 2.719e-07
1.505e+00, 5.000e-01, -8.350e-01, 1.167e+05, 0.000e+00, 6.839e-04, 0.000e+00, 2.120e+00, 9.984e+02, 2.936e-07
1.505e+00, 5.000e-01, -8.250e-01, 1.166e+05, 0.000e+00, 7.226e-04, 0.000e+00, 2.118e+00, 9.984e+02, 3.102e-07
1.505e+00, 5.000e-01, -8.150e-01, 1.165e+05, 0.000e+00, 7.447e-04, 0.000e+00, 2.116e+00, 9.984e+02, 3.197e-07
1.505e+00, 5.000e-01, -8.050e-01, 1.164e+05, 0.000e+00, 7.495e-04, 0.000e+00, 2.115e+00, 9.984e+02, 3.217e-07
1.505e+00, 5.000e-01, -7.950e-01, 1.163e+05, 0.000e+00, 7.424e-04, 0.000e+00, 2.113e+00, 9.984e+02, 3.187e-07
1.505e+00, 5.000e-01, -7.850e-01, 1.162e+05, 0.000e+00, 7.207e-04, 0.000e+00, 2.111e+00, 9.984e+02, 3.094e-07
1.505e+00, 5.000e-01, -7.750e-01, 1.161e+05, 0.000e+00, 6.836e-04, 0.000e+00, 2.109e+00, 9.984e+02, 2.935e-07
1.505e+00, 5.000e-01, -7.650e-01, 1.160e+05, 0.000e+00, 6.452e-04, 0.000e+00, 2.107e+00, 9.984e+02, 2.770e-07
1.505e+00, 5.000e-01, -7.550e-01, 1.159e+05, 0.000e+00, 6.052e-04, 0.000e+00, 2.106e+00, 9.984e+02, 2.598e-07
1.505e+00, 5.000e-01, -7.450e-01, 1.158e+05, 0.000e+00, 5.938e-04, 0.000e+00, 2.104e+00, 9.984e+02, 2.549e-07
1.505e+00, 5.000e-01, -7.350e-01, 1.157e+05, 6.758e-07, 6.466e-04, 0.000e+00, 2.102e+00, 9.984e+02, 2.776e-07
1.505e+00, 5.000e-01, -7.250e-01, 1.156e+05, 4.724e-01, 1.895e-03, 0.000e+00, 2.100e+00, 9.986e+02, 8.559e-07
1.505e+00, 5.000e-01, -7.150e-01, 1.156e+05, 8.683e-01, 1.895e-03, 0.000e+00, 2.100e+00, 9.986e+02, 8.914e-07
1.505e+00, 5.000e-01, -7.050e-01, 1.156e+05, 8.724e-01, 1.895e-03, 0.000e+00, 2.100e+00, 9.986e+02, 8.932e-07
1.505e+00, 5.000e-01, -6.950e-01, 1.168e+05, 6.240e-07, 5.232e-04, 0.000e+00, 2.122e+00, 9.984e+02, 2.298e-07
1.505e+00, 5.000e-01, -6.850e-01, 1.167e+05, 0.000e+00, 3.721e-04, 0.000e+00, 2.120e+00, 9.983e+02, 1.635e-07
1.505e+00, 5.000e-01, -6.750e-01, 1.166e+05, 0.000e+00, 2.476e-04, 0.000e+00, 2.119e+00, 9.983e+02, 1.088e-07
1.505e+00, 5.000e-01, -6.650e-01, 1.165e+05, 0.000e+00, 1.536e-04, 0.000e+00, 2.117e+00, 9.983e+02, 6.747e-08
1.505e+00, 5.000e-01, -6.550e-01, 1.164e+05, 0.000e+00, 8.987e-05, 0.000e+00, 2.115e+00, 9.983e+02, 3.947e-08
1.505e+00, 5.000e-01, -6.450e-01, 1.163e+05, 0.000e+00, 5.327e-05, 0.000e+00, 2.113e+00, 9.983e+02, 2.340e-08
1.505e+00, 5.000e-01, -6.350e-01, 1.162e+05, 0.000e+00, 4.042e-05, 0.000e+00, 2.111e+00, 9.983e+02, 1.775e-08
1.505e+00, 5.000e-01, -6.250e-01, 1.161e+05, 0.000e+00, 5.067e-05, 0.000e+00, 2.110e+00, 9.983e+02, 2.226e-08
1.505e+00, 5.000e-01, -6.150e-01, 1.160e+05, 0.000e+00, 8.742e-05, 0.000e+00, 2.108e+00, 9.983e+02, 3.840e-08
1.505e+00, 5.000e-01, -6.050e-01, 1.159e+05, 0.000e+00, 1.565e-04, 0.000e+00, 2.106e+00, 9.983e+02, 6.875e-08
1.505e+00, 5.000e-01, -5.950e-01, 1.158e+05, 0.000e+00, 2.612e-04, 0.000e+00, 2.104e+00, 9.983e+02, 1.147e-07
1.505e+00, 5.000e-01, -5.850e-01, 1.157e+05, 0.000e+00, 3.949e-04, 0.000e+00, 2.102e+00, 9.983e+02, 1.735e-07
1.505e+00, 5.000e-01, -5.750e-01, 1.156e+05, 0.000e+00, 5.361e-04, 0.000e+00, 2.101e+00, 9.984e+02, 2.355e-07
1.505e+00, 5.000e-01, -5.650e-01, 1.155e+05, 0.000e+00, 6.521e-04, 0.000e+00, 2.099e+00, 9.984e+02, 2.872e-07
1.505e+00, 5.000e-01, -5.550e-01, 1.140e+05, 0.000e+00, 7.143e-04, 0.000e+00, 2.070e+00, 9.984e+02, 3.209e-07
1.505e+00, 5.000e-01, -5.450e-01, 1.139e+05, 0.000e+00, 7.193e-04, 0.000e+00, 2.068e+00, 9.984e+02, 3.232e-07
1.505e+00, 5.000e-01, -5.350e-01, 1.138e+05, 0.000e+00, 6.961e-04, 0.000e+00, 2.067e+00, 9.984e+02, 3.127e-07
1.505e+00, 5.000e-01, -5.250e-01, 1.137e+05, 0.000e+00, 6.691e-04, 0.000e+00, 2.065e+00, 9.984e+02, 3.006e-07
1.505e+00, 5.000e-01, -5.150e-01, 1.136e+05, 0.000e+00, 6.468e-04, 0.000e+00, 2.063e+00, 9.984e+02, 2.906e-07
1.505e+00, 5.000e-01, -5.050e-01, 1.135e+05, 0.000e+00, 6.289e-04, 0.000e+00, 2.061e+00, 9.984e+02, 2.804e-07
1.505e+00, 5.000e-01, -4.950e-01, 1.134e+05, 0.000e+00, 6.121e-04, 0.000e+00, 2.059e+00, 9.984e+02, 2.628e-07
1.505e+00, 5.000e-01, -4.850e-01, 1.133e+05, 0.000e+00, 5.965e-04, 0.000e+00, 2.057e+00, 9.984e+02, 2.561e-07
1.505e+00, 5.000e-01, -4.750e-01, 1.132e+05, 0.000e+00, 5.834e-04, 0.000e+00, 2.056e+00, 9.984e+02, 2.504e-07
1.505e+00, 5.000e-01, -4.650e-01, 1.131e+05, 0.000e+00, 5.726e-04, 0.000e+00, 2.054e+00, 9.984e+02, 2.458e-07
1.505e+00, 5.000e-01, -4.550e-01, 1.130e+05, 0.000e+00, 5.635e-04, 0.000e+00, 2.052e+00, 9.984e+02, 2.419e-07
1.505e+00, 5.000e-01, -4.450e-01, 1.129e+05, 0.000e+00, 5.558e-04, 0.000e+00, 2.050e+00, 9.984e+02, 2.386e-07
1.505e+00, 5.000e-01, -4.350e-01, 1.128e+05, 0.000e+00, 5.500e-04, 0.000e+00, 2.048e+00, 9.984e+02, 2.361e-07
1.505e+00, 5.000e-01, -4.250e-01, 1.127e+05, 0.000e+00, 5.475e-04, 0.000e+00, 2.047e+00, 9.984e+02, 2.350e-07
1.505e+00, 5.000e-01, -4.150e-01, 1.126e+05, 0.000e+00, 5.501e-04, 0.000e+00, 2.045e+00, 9.984e+02, 2.362e-07
1.505e+00, 5.000e-01, -4.050e-01, 1.125e+05, 0.000e+00, 5.586e-04, 0.000e+00, 2.043e+00, 9.984e+02, 2.398e-07
1.505e+00, 5.000e-01, -3.950e-01, 1.124e+05, 0.000e+00, 5.712e-04, 0.000e+00, 2.041e+00, 9.984e+02, 2.452e-07
1.505e+00, 5.000e-01, -3.850e-01, 1.123e+05, 0.000e+00, 5.850e-04, 0.000e+00, 2.039e+00, 9.984e+02, 2.511e-07
1.505e+00, 5.000e-01, -3.750e-01, 1.122e+05, 0.000e+00, 5.967e-04, 0.000e+00, 2.038e+00, 9.984e+02, 2.587e-07
1.505e+00, 5.000e-01, -3.650e-01, 1.121e+05, 0.000e+00, 6.014e-04, 0.000e+00, 2.036e+00, 9.984e+02, 2.702e-07
1.505e+00, 5.000e-01, -3.550e-01, 1.120e+05, 0.000e+00, 5.929e-04, 0.000e+00, 2.034e+00, 9.984e+02, 2.664e-07
1.505e+00, 5.000e-01, -3.450e-01, 1.119e+05, 0.000e+00, 5.744e-04, 0.000e+00, 2.033e+00, 9.984e+02, 2.581e-07
1.505e+00, 5.000e-01, -3.350e-01, 1.118e+05, 0.000e+00, 5.448e-04, 0.000e+00, 2.031e+00, 9.984e+02, 2.448e-07
1.505e+00, 5.000e-01, -3.250e-01, 1.117e+05, 0.000e+00, 5.023e-04, 0.000e+00, 2.029e+00, 9.984e+02, 2.257e-07
1.505e+00, 5.000e-01, -3.150e-01, 1.116e+05, 0.000e+00, 4.458e-04, 0.000e+00, 2.027e+00, 9.983e+02, 2.003e-07
1.505e+00, 5.000e-01, -3.050e-01, 1.115e+05, 0.000e+00, 3.931e-04, 0.000e+00, 2.025e+00, 9.983e+02, 1.766e-07
1.505e+00, 5.000e-01, -2.950e-01, 1.114e+05, 0.000e+00, 3.485e-04, 0.000e+00, 2.024e+00, 9.983e+02, 1.559e-07
1.505e+00, 5.000e-01, -2.850e-01, 1.114e+05, 0.000e+00, 3.133e-04, 0.000e+00, 2.023e+00, 9.983e+02, 1.376e-07
1.505e+00, 5.000e-01, -2.750e-01, 1.113e+05, 0.000e+00, 2.764e-04, 0.000e+00, 2.021e+00, 9.983e+02, 1.214e-07
1.505e+00, 5.000e-01, -2.650e-01, 1.112e+05, 0.000e+00, 2.511e-04, 0.000e+00, 2.020e+00, 9.983e+02, 1.103e-07
1.505e+00, 5.000e-01, -2.550e-01, 1.111e+05, 0.000e+00, 2.393e-04, 0.000e+00, 2.018e+00, 9.983e+02, 1.051e-07
1.505e+00, 5.000e-01, -2.450e-01, 1.110e+05, 0.000e+00, 2.407e-04, 0.000e+00, 2.016e+00, 9.983e+02, 1.057e-07
1.505e+00, 5.000e-01, -2.350e-01, 1.109e+05, 0.000e+00, 2.519e-04, 0.000e+00, 2.014e+00, 9.983e+02, 1.106e-07
1.505e+00, 5.000e-01, -2.250e-01, 1.108e+05, 0.000e+00, 2.695e-04, 0.000e+00, 2.012e+00, 9.983e+02, 1.184e-07
1.505e+00, 5.000e-01, -2.150e-01, 1.107e+05, 0.000e+00, 2.972e-04, 0.000e+00, 2.011e+00, 9.983e+02, 1.305e-07
1.505e+00, 5.000e-01, -2.050e-01, 1.108e+05, 0.000e+00, 3.384e-04, 0.000e+00, 2.012e+00, 9.983e+02, 1.464e-07
1.505e+00, 5.000e-01, -1.950e-01, 1.107e+05, 0.000e+00, 3.656e-04, 0.000e+00, 2.011e+00, 9.983e+02, 1.569e-07
1.505e+00, 5.000e-01, -1.850e-01, 1.106e+05, 0.000e+00, 3.805e-04, 0.000e+00, 2.009e+00, 9.983e+02, 1.633e-07
1.505e+00, 5.000e-01, -1.750e-01, 1.105e+05, 0.000e+00, 3.866e-04, 0.000e+00, 2.007e+00, 9.983e+02, 1.660e-07
1.505e+00, 5.000e-01, -1.650e-01, 1.104e+05, 0.000e+00, 3.798e-04, 0.000e+00, 2.005e+00, 9.983e+02, 1.630e-07
1.505e+00, 5.000e-01, -1.550e-01, 1.103e+05, 0.000e+00, 3.565e-04, 0.000e+00, 2.004e+00, 9.983e+02, 1.531e-07
1.505e+00, 5.000e-01, -1.450e-01, 1.102e+05, 0.000e+00, 2.793e-04, 0.000e+00, 2.002e+00, 9.983e+02, 1.206e-07
1.505e+00, 5.000e-01, -1.350e-01, 1.113e+05, 0.000e+00, 1.907e-04, 0.000e+00, 2.022e+00, 9.983e+02, 8.377e-08
1.505e+00, 5.000e-01, -1.250e-01, 1.112e+05, 0.000e+00, 1.158e-04, 0.000e+00, 2.020e+00, 9.983e+02, 5.087e-08
1.505e+00, 5.000e-01, -1.150e-01, 1.111e+05, 0.000e+00, 6.443e-05, 0.000e+00, 2.018e+00, 9.983e+02, 2.830e-08
1.505e+00, 5.000e-01, -1.050e-01, 1.110e+05, 0.000e+00, 3.371e-05, 0.000e+00, 2.017e+00, 9.983e+02, 1.481e-08
1.505e+00, 5.000e-01, -9.500e-02, 1.109e+05, 0.000e+00, 1.689e-05, 0.000e+00, 2.015e+00, 9.983e+02, 7.421e-09
1.505e+00, 5.000e-01, -8.500e-02, 1.108e+05, 0.000e+00, 8.193e-06, 0.000e+00, 2.013e+00, 9.983e+02, 3.599e-09
1.505e+00, 5.000e-01, -7.500e-02, 1.107e+05, 0.000e+00, 3.856e-06, 0.000e+00, 2.011e+00, 9.983e+02, 1.694e-09
1.505e+00, 5.000e-01, -6.500e-02, 1.106e+05, 0.000e+00, 1.758e-06, 0.000e+00, 2.009e+00, 9.983e+02, 7.723e-10
1.505e+00, 5.000e-01, -5.500e-02, 1.105e+05, 0.000e+00, 7.741e-07, 0.000e+00, 2.008e+00, 9.983e+02, 3.400e-10
1.505e+00, 5.000e-01, -4.500e-02, 1.104e+05, 0.000e+00, 3.281e-07, 0.000e+00, 2.006e+00, 9.983e+02, 1.441e-10
1.505e+00, 5.000e-01, -3.500e-02, 1.103e+05, 0.000e+00, 1.336e-07, 0.000e+00, 2.004e+00, 9.983e+02, 5.869e-11
1.505e+00, 5.000e-01, -2.500e-02, 1.102e+05, 0.000e+00, 5.246e-08, 0.000e+00, 2.002e+00, 9.983e+02, 2.304e-11
1.505e+00, 5.000e-01, -1.500e-02, 1.101e+05, 0.000e+00, 2.024e-08, 0.000e+00, 2.000e+00, 9.983e+02, 8.892e-12
1.505e+00, 5.000e-01, -5.000e-03, 1.100e+05, 0.000e+00, 8.342e-09, 0.000e+00, 1.999e+00, 9.983e+02, 3.664e-12
1.515e+00, 5.000e-01, -1.195e+00, 1.202e+05, 0.000e+00, 1.002e-13, 0.000e+00, 2.184e+00, 9.983e+02, 2.000e-17
1.515e+00, 5.000e-01, -1.185e+00, 1.201e+05, 0.000e+00, 1.002e-13, 0.000e+00, 2.182e+00, 9.983e+02, 2.000e-17
1.515e+00, 5.000e-01, -1.175e+00, 1.200e+05, 0.000e+00, 1.002e-13, 0.000e+00, 2.181e+00, 9.983e+02, 2.000e-17
1.515e+00, 5.000e-01, -1.165e+00, 1.199e+05, 0.000e+00, 1.002e-13, 0.000e+00, 2.179e+00, 9.983e+02, 2.000e-17
1.515e+00, 5.000e-01, -1.155e+00, 1.198e+05, 0.000e+00, 1.002e-13, 0.000e+00, 2.177e+00, 9.983e+02, 2.000e-17
1.515e+00, 5.000e-01, -1.145e+00, 1.197e+05, 0.000e+00, 1.002e-13, 0.000e+00, 2.175e+00, 9.983e+02, 2.000e-17
1.515e+00, 5.000e-01, -1.135e+00, 1.196e+05, 0.000e+00, 1.002e-13, 0.000e+00, 2.173e+00, 9.983e+02, 2.000e-17
1.515e+00, 5.000e-01, -1.125e+00, 1.195e+05, 0.000e+00, 1.002e-13, 0.000e+00, 2.172e+00, 9.983e+02, 2.000e-17
1.515e+00, 5.000e-01, -1.115e+00, 1.194e+05, 0.000e+00, 1.002e-13, 0.000e+00, 2.170e+00, 9.983e+02, 2.000e-17
1.515e+00, 5.000e-01, -1.105e+00, 1.193e+05, 0.000e+00, 1.002e-13, 0.000e+00, 2.168e+00, 9.983e+02, 2.000e-17
1.515e+00, 5.000e-01, -1.095e+00, 1.192e+05, 0.000e+00, 1.002e-13, 0.000e+00, 2.166e+00, 9.983e+02, 2.000e-17
1.515e+00, 5.000e-01, -1.085e+00, 1.191e+05, 0.000e+00, 1.002e-13, 0.000e+00, 2.165e+00, 9.983e+02, 2.000e-17
1.515e+00, 5.000e-01, -1.075e+00, 1.190e+05, 0.000e+00, 4.050e-09, 0.000e+00, 2.163e+00, 9.983e+02, 1.739e-12
1.515e+00, 5.000e-01, -1.065e+00, 1.189e+05, 0.000e+00, 8.493e-04, 0.000e+00, 2.161e+00, 9.984e+02, 3.646e-07
1.515e+00, 5.000e-01, -1.055e+00, 1.188e+05, 0.000e+00, 7.900e-04, 0.000e+00, 2.159e+00, 9.984e+02, 3.391e-07
1.515e+00, 5.000e-01, -1.045e+00, 1.187e+05, 0.000e+00, 6.880e-04, 0.000e+00, 2.158e+00, 9.984e+02, 2.954e-07
1.515e+00, 5.000e-01, -1.035e+00, 1.186e+05, 0.000e+00, 5.868e-04, 0.000e+00, 2.156e+00, 9.984e+02, 2.519e-07
1.515e+00, 5.000e-01, -1.025e+00, 1.185e+05, 0.000e+00, 5.246e-04, 0.000e+00, 2.154e+00, 9.984e+02, 2.252e-07
1.515e+00, 5.000e-01, -1.015e+00, 1.185e+05, 0.000e+00, 5.016e-04, 0.000e+00, 2.152e+00, 9.984e+02, 2.153e-07
1.515e+00, 5.000e-01, -1.005e+00, 1.184e+05, 0.000e+00, 4.957e-04, 0.000e+00, 2.150e+00, 9.984e+02, 2.128e-07
1.515e+00, 5.000e-01, -9.950e-01, 1.183e+05, 0.000e+00, 4.924e-04, 0.000e+00, 2.149e+00, 9.984e+02, 2.114e-07
1.515e+00, 5.000e-01, -9.850e-01, 1.182e+05, 0.000e+00, 4.866e-04, 0.000e+00, 2.147e+00, 9.984e+02, 2.089e-07
1.515e+00, 5.000e-01, -9.750e-01, 1.181e+05, 0.000e+00, 4.763e-04, 0.000e+00, 2.145e+00, 9.983e+02, 2.045e-07
1.515e+00, 5.000e-01, -9.650e-01, 1.180e+05, 0.000e+00, 4.616e-04, 0.000e+00, 2.143e+00, 9.983e+02, 1.982e-07
1.515e+00, 5.000e-01, -9.550e-01, 1.179e+05, 0.000e+00, 4.444e-04, 0.000e+00, 2.141e+00, 9.983e+02, 1.908e-07
1.515e+00, 5.000e-01, -9.450e-01, 1.178e+05, 0.000e+00, 4.284e-04, 0.000e+00, 2.140e+00, 9.983e+02, 1.839e-07
1.515e+00, 5.000e-01, -9.350e-01, 1.177e+05, 0.000e+00, 4.167e-04, 0.000e+00, 2.138e+00, 9.983e+02, 1.789e-07
1.515e+00, 5.000e-01, -9.250e-01, 1.176e+05, 0.000e+00, 4.197e-04, 0.000e+00, 2.136e+00, 9.983e+02, 1.802e-07
1.515e+00, 5.000e-01, -9.150e-01, 1.175e+05, 0.000e+00, 4.419e-04, 0.000e+00, 2.134e+00, 9.983e+02, 1.897e-07
1.515e+00, 5.000e-01, -9.050e-01, 1.174e+05, 0.000e+00, 4.735e-04, 0.000e+00, 2.132e+00, 9.983e+02, 2.033e-07
1.515e+00, 5.000e-01, -8.950e-01, 1.173e+05, 0.000e+00, 5.294e-04, 0.000e+00, 2.131e+00, 9.984e+02, 2.272e-07
1.515e+00, 5.000e-01, -8.850e-01, 1.172e+05, 0.000e+00, 5.286e-04, 0.000e+00, 2.129e+00, 9.984e+02, 2.269e-07
1.515e+00, 5.000e-01, -8.750e-01, 1.171e+05, 0.000e+00, 5.244e-04, 0.000e+00, 2.127e+00, 9.984e+02, 2.251e-07
1.515e+00, 5.000e-01, -8.650e-01, 1.170e+05, 0.000e+00, 5.440e-04, 0.000e+00, 2.125e+00, 9.984e+02, 2.335e-07
1.515e+00, 5.000e-01, -8.550e-01, 1.169e+05, 0.000e+00, 6.152e-04, 0.000e+00, 2.124e+00, 9.984e+02, 2.641e-07
1.515e+00, 5.000e-01, -8.450e-01, 1.168e+05, 0.000e+00, 6.974e-04, 0.000e+00, 2.122e+00, 9.984e+02, 2.994e-07
1.515e+00, 5.000e-01, -8.350e-01, 1.167e+05, 0.000e+00, 7.391e-04, 0.000e+00, 2.120e+00, 9.984e+02, 3.173e-07
1.515e+00, 5.000e-01, -8.250e-01, 1.166e+05, 0.000e+00, 7.464e-04, 0.000e+00, 2.118e+00, 9.984e+02, 3.204e-07
1.515e+00, 5.000e-01, -8.150e-01, 1.165e+05, 0.000e+00, 7.361e-04, 0.000e+00, 2.116e+00, 9.984e+02, 3.160e-07
1.515e+00, 5.000e-01, -8.050e-01, 1.164e+05, 0.000e+00, 7.312e-04, 0.000e+00, 2.115e+00, 9.984e+02, 3.139e-07
1.515e+00, 5.000e-01, -7.950e-01, 1.163e+05, 0.000e+00, 7.432e-04, 0.000e+00, 2.113e+00, 9.984e+02, 3.190e-07
1.515e+00, 5.000e-01, -7.850e-01, 1.162e+05, 0.000e+00, 7.415e-04, 0.000e+00, 2.111e+00, 9.984e+02, 3.184e-07
1.515e+00, 5.000e-01, -7.750e-01, 1.161e+05, 0.000e+00, 7.242e-04, 0.000e+00, 2.109e+00, 9.984e+02, 3.109e-07
1.515e+00, 5.000e-01, -7.650e-01, 1.160e+05, 0.000e+00, 7.081e-04, 0.000e+00, 2.107e+00, 9.984e+02, 3.040e-07
1.515e+00, 5.000e-01, -7.550e-01, 1.159e+05, 0.000e+00, 6.808e-04, 0.000e+00, 2.106e+00, 9.984e+02, 2.923e-07
1.515e+00, 5.000e-01, -7.450e-01, 1.158e+05, 0.000e+00, 6.402e-04, 0.000e+00, 2.104e+00, 9.984e+02, 2.748e-07
1.515e+00, 5.000e-01, -7.350e-01, 1.157e+05, 6.760e-07, 6.864e-04, 0.000e+00, 2.102e+00, 9.984e+02, 2.947e-07
1.515e+00, 5.000e-01, -7.250e-01, 1.156e+05, 4.725e-01, 1.895e-03, 0.000e+00, 2.100e+00, 9.986e+02, 8.559e-07
1.515e+00, 5.000e-01, -7.150e-01, 1.156e+05, 8.683e-01, 1.895e-03, 0.000e+00, 2.100e+00, 9.986e+02, 8.914e-07
1.515e+00, 5.000e-01, -7.050e-01, 1.156e+05, 8.724e-01, 1.895e-03, 0.000e+00, 2.100e+00, 9.986e+02, 8.918e-07
1.515e+00, 5.000e-01, -6.950e-01, 1.168e+05, 6.240e-07, 5.377e-04, 0.000e+00, 2.122e+00, 9.984e+02, 2.361e-07
1.515e+00, 5.000e-01, -6.850e-01, 1.167e+05, 0.000e+00, 3.849e-04, 0.000e+00, 2.120e+00, 9.983e+02, 1.691e-07
1.515e+00, 5.000e-01, -6.750e-01, 1.166e+05, 0.000e+00, 2.579e-04, 0.000e+00, 2.119e+00, 9.983e+02, 1.133e-07
1.515e+00, 5.000e-01, -6.650e-01, 1.165e+05, 0.000e+00, 1.611e-04, 0.000e+00, 2.117e+00, 9.983e+02, 7.077e-08
1.515e+00, 5.000e-01, -6.550e-01, 1.164e+05, 0.000e+00, 9.489e-05, 0.000e+00, 2.115e+00, 9.983e+02, 4.168e-08
1.515e+00, 5.000e-01, -6.450e-01, 1.163e+05, 0.000e+00, 5.643e-05, 0.000e+00, 2.113e+00, 9.983e+02, 2.478e-08
1.515e+00, 5.000e-01, -6.350e-01, 1.162e+05, 0.000e+00, 4.245e-05, 0.000e+00, 2.111e+00, 9.983e+02, 1.865e-08
1.515e+00, 5.000e-01, -6.250e-01, 1.161e+05, 0.000e+00, 5.226e-05, 0.000e+00, 2.110e+00, 9.983e+02, 2.295e-08
1.515e+00, 5.000e-01, -6.150e-01, 1.160e+05, 0.000e+00, 8.910e-05, 0.000e+00, 2.108e+00, 9.983e+02, 3.914e-08
1.515e+00, 5.000e-01, -6.050e-01, 1.159e+05, 0.000e+00, 1.586e-04, 0.000e+00, 2.106e+00, 9.983e+02, 6.967e-08
1.515e+00, 5.000e-01, -5.950e-01, 1.158e+05, 0.000e+00, 2.638e-04, 0.000e+00, 2.104e+00, 9.983e+02, 1.159e-07
1.515e+00, 5.000e-01, -5.850e-01, 1.157e+05, 0.000e+00, 3.977e-04, 0.000e+00, 2.102e+00, 9.983e+02, 1.747e-07
1.515e+00, 5.000e-01, -5.750e-01, 1.156e+05, 0.000e+00, 5.386e-04, 0.000e+00, 2.101e+00, 9.984e+02, 2.366e-07
1.515e+00, 5.000e-01, -5.650e-01, 1.155e+05, 0.000e+00, 6.538e-04, 0.000e+00, 2.099e+00, 9.984e+02, 2.879e-07
1.515e+00, 5.000e-01, -5.550e-01, 1.140e+05, 0.000e+00, 7.151e-04, 0.000e+00, 2.070e+00, 9.984e+02, 3.213e-07
1.515e+00, 5.000e-01, -5.450e-01, 1.139e+05, 0.000e+00, 7.205e-04, 0.000e+00, 2.068e+00, 9.984e+02, 3.237e-07
1.515e+00, 5.000e-01, -5.350e-01, 1.138e+05, 0.000e+00, 6.978e-04, 0.000e+00, 2.067e+00, 9.984e+02, 3.135e-07
1.515e+00, 5.000e-01, -5.250e-01, 1.137e+05, 0.000e+00, 6.711e-04, 0.000e+00, 2.065e+00, 9.984e+02, 3.015e-07
1.515e+00, 5.000e-01, -5.150e-01, 1.136e+05, 0.000e+00, 6.487e-04, 0.000e+00, 2.063e+00, 9.984e+02, 2.915e-07
1.515e+00, 5.000e-01, -5.050e-01, 1.135e+05, 0.000e+00, 6.307e-04, 0.000e+00, 2.061e+00, 9.984e+02, 2.802e-07
1.515e+00, 5.000e-01, -4.950e-01, 1.134e+05, 0.000e+00, 6.136e-04, 0.000e+00, 2.059e+00, 9.984e+02, 2.634e-07
1.515e+00, 5.000e-01, -4.850e-01, 1.133e+05, 0.000e+00, 5.982e-04, 0.000e+00, 2.057e+00, 9.984e+02, 2.568e-07
1.515e+00, 5.000e-01, -4.750e-01, 1.132e+05, 0.000e+00, 5.855e-04, 0.000e+00, 2.056e+00, 9.984e+02, 2.514e-07
1.515e+00, 5.000e-01, -4.650e-01, 1.131e+05, 0.000e+00, 5.749e-04, 0.000e+00, 2.054e+00, 9.984e+02, 2.468e-07
1.515e+00, 5.000e-01, -4.550e-01, 1.130e+05, 0.000e+00, 5.656e-04, 0.000e+00, 2.052e+00, 9.984e+02, 2.428e-07
1.515e+00, 5.000e-01, -4.450e-01, 1.129e+05, 0.000e+00, 5.570e-04, 0.000e+00, 2.050e+00, 9.984e+02, 2.391e-07
1.515e+00, 5.000e-01, -4.350e-01, 1.128e+05, 0.000e+00, 5.490e-04, 0.000e+00, 2.048e+00, 9.984e+02, 2.357e-07
1.515e+00, 5.000e-01, -4.250e-01, 1.127e+05, 0.000e+00, 5.419e-04, 0.000e+00, 2.047e+00, 9.984e+02, 2.327e-07
1.515e+00, 5.000e-01, -4.150e-01, 1.126e+05, 0.000e+00, 5.381e-04, 0.000e+00, 2.045e+00, 9.984e+02, 2.310e-07
1.515e+00, 5.000e-01, -4.050e-01, 1.125e+05, 0.000e+00, 5.408e-04, 0.000e+00, 2.043e+00, 9.984e+02, 2.322e-07
1.515e+00, 5.000e-01, -3.950e-01, 1.124e+05, 0.000e+00, 5.514e-04, 0.000e+00, 2.041e+00, 9.984e+02, 2.367e-07
1.515e+00, 5.000e-01, -3.850e-01, 1.123e+05, 0.000e+00, 5.674e-04, 0.000e+00, 2.039e+00, 9.984e+02, 2.436e-07
1.515e+00, 5.000e-01, -3.750e-01, 1.122e+05, 0.000e+00, 5.858e-04, 0.000e+00, 2.038e+00, 9.984e+02, 2.526e-07
1.515e+00, 5.000e-01, -3.650e-01, 1.121e+05, 0.000e+00, 6.034e-04, 0.000e+00, 2.036e+00, 9.984e+02, 2.711e-07
1.515e+00, 5.000e-01, -3.550e-01, 1.120e+05, 0.000e+00, 6.065e-04, 0.000e+00, 2.034e+00, 9.984e+02, 2.725e-07
1.515e+00, 5.000e-01, -3.450e-01, 1.119e+05, 0.000e+00, 6.001e-04, 0.000e+00, 2.033e+00, 9.984e+02, 2.696e-07
1.515e+00, 5.000e-01, -3.350e-01, 1.118e+05, 0.000e+00, 5.829e-04, 0.000e+00, 2.031e+00, 9.984e+02, 2.619e-07
1.515e+00, 5.000e-01, -3.250e-01, 1.117e+05, 0.000e+00, 5.525e-04, 0.000e+00, 2.029e+00, 9.984e+02, 2.482e-07
1.515e+00, 5.000e-01, -3.150e-01, 1.116e+05, 0.000e+00, 5.066e-04, 0.000e+00, 2.027e+00, 9.984e+02, 2.276e-07
1.515e+00, 5.000e-01, -3.050e-01, 1.115e+05, 0.000e+00, 4.441e-04, 0.000e+00, 2.025e+00, 9.983e+02, 1.995e-07
1.515e+00, 5.000e-01, -2.950e-01, 1.114e+05, 0.000e+00, 3.925e-04, 0.000e+00, 2.024e+00, 9.983e+02, 1.762e-07
1.515e+00, 5.000e-01, -2.850e-01, 1.114e+05, 0.000e+00, 3.565e-04, 0.000e+00, 2.023e+00, 9.983e+02, 1.566e-07
1.515e+00, 5.000e-01, -2.750e-01, 1.113e+05, 0.000e+00, 3.184e-04, 0.000e+00, 2.021e+00, 9.983e+02, 1.399e-07
1.515e+00, 5.000e-01, -2.650e-01, 1.112e+05, 0.000e+00, 2.897e-04, 0.000e+00, 2.020e+00, 9.983e+02, 1.273e-07
1.515e+00, 5.000e-01, -2.550e-01, 1.111e+05, 0.000e+00, 2.736e-04, 0.000e+00, 2.018e+00, 9.983e+02, 1.202e-07
1.515e+00, 5.000e-01, -2.450e-01, 1.110e+05, 0.000e+00, 2.706e-04, 0.000e+00, 2.016e+00, 9.983e+02, 1.189e-07
1.515e+00, 5.000e-01, -2.350e-01, 1.109e+05, 0.000e+00, 2.786e-04, 0.000e+00, 2.014e+00, 9.983e+02, 1.224e-07
1.515e+00, 5.000e-01, -2.250e-01, 1.108e+05, 0.000e+00, 2.963e-04, 0.000e+00, 2.012e+00, 9.983e+02, 1.301e-07
1.515e+00, 5.000e-01, -2.150e-01, 1.107e+05, 0.000e+00, 3.263e-04, 0.000e+00, 2.011e+00, 9.983e+02, 1.433e-07
1.515e+00, 5.000e-01, -2.050e-01, 1.108e+05, 0.000e+00, 3.707e-04, 0.000e+00, 2.012e+00, 9.983e+02, 1.604e-07
1.515e+00, 5.000e-01, -1.950e-01, 1.107e+05, 0.000e+00, 3.967e-04, 0.000e+00, 2.011e+00, 9.983e+02, 1.703e-07
1.515e+00, 5.000e-01, -1.850e-01, 1.106e+05, 0.000e+00, 4.064e-04, 0.000e+00, 2.009e+00, 9.983e+02, 1.744e-07
1.515e+00, 5.000e-01, -1.750e-01, 1.105e+05, 0.000e+00, 4.059e-04, 0.000e+00, 2.007e+00, 9.983e+02, 1.742e-07
1.515e+00, 5.000e-01, -1.650e-01, 1.104e+05, 0.000e+00, 3.925e-04, 0.000e+00, 2.005e+00, 9.983e+02, 1.685e-07
1.515e+00, 5.000e-01, -1.550e-01, 1.103e+05, 0.000e+00, 3.618e-04, 0.000e+00, 2.004e+00, 9.983e+02, 1.553e-07
1.515e+00, 5.000e-01, -1.450e-01, 1.102e+05, 0.000e+00, 2.840e-04, 0.000e+00, 2.002e+00, 9.983e+02, 1.222e-07
1.515e+00, 5.000e-01, -1.350e-01, 1.113e+05, 0.000e+00, 1.991e-04, 0.000e+00, 2.022e+00, 9.983e+02, 8.744e-08
1.515e+00, 5.000e-01, -1.250e-01, 1.112e+05, 0.000e+00, 1.234e-04, 0.000e+00, 2.020e+00, 9.983e+02, 5.420e-08
1.515e+00, 5.000e-01, -1.150e-01, 1.111e+05, 0.000e+00, 6.961e-05, 0.000e+00, 2.018e+00, 9.983e+02, 3.058e-08
1.515e+00, 5.000e-01, -1.050e-01, 1.110e+05, 0.000e+00, 3.679e-05, 0.000e+00, 2.017e+00, 9.983e+02, 1.616e-08
1.515e+00, 5.000e-01, -9.500e-02, 1.109e+05, 0.000e+00, 1.861e-05, 0.000e+00, 2.015e+00, 9.983e+02, 8.173e-09
1.515e+00, 5.000e-01, -8.500e-02, 1.108e+05, 0.000e+00, 9.112e-06, 0.000e+00, 2.013e+00, 9.983e+02, 4.002e-09
1.515e+00, 5.000e-01, -7.500e-02, 1.107e+05, 0.000e+00, 4.335e-06, 0.000e+00, 2.011e+00, 9.983e+02, 1.904e-09
1.515e+00, 5.000e-01, -6.500e-02, 1.106e+05, 0.000e+00, 2.000e-06, 0.000e+00, 2.009e+00, 9.983e+02, 8.785e-10
1.515e+00, 5.000e-01, -5.500e-02, 1.105e+05, 0.000e+00, 8.911e-07, 0.000e+00, 2.008e+00, 9.983e+02, 3.914e-10
1.515e+00, 5.000e-01, -4.500e-02, 1.104e+05, 0.000e+00, 3.821e-07, 0.000e+00, 2.006e+00, 9.983e+02, 1.678e-10
1.515e+00, 5.000e-01, -3.500e-02, 1.103e+05, 0.000e+00, 1.573e-07, 0.000e+00, 2.004e+00, 9.983e+02, 6.909e-11
1.515e+00, 5.000e-01, -2.500e-02, 1.102e+05, 0.000e+00, 6.236e-08, 0.000e+00, 2.002e+00, 9.983e+02, 2.739e-11
1.515e+00, 5.000e-01, -1.500e-02, 1.101e+05, 0.000e+00, 2.427e-08, 0.000e+00, 2.000e+00, 9.983e+02, 1.066e-11
1.515e+00, 5.000e-01, -5.000e-03, 1.100e+05, 0.000e+00, 1.004e-08, 0.000e+00, 1.999e+00, 9.983e+02, 4.408e-12
1.525e+00, 5.000e-01, -1.195e+00, 1.202e+05, 0.000e+00, 1.002e-13, 0.000e+00, 2.184e+00, 9.983e+02, 2.000e-17
1.525e+00, 5.000e-01, -1.185e+00, 1.201e+05, 0.000e+00, 1.002e-13, 0.000e+00, 2.182e+00, 9.983e+02, 2.000e-17
1.525e+00, 5.000e-01, -1.175e+00, 1.200e+05, 0.000e+00, 1.002e-13, 0.000e+00, 2.181e+00, 9.983e+02, 2.000e-17
1.525e+00, 5.000e-01, -1.165e+00, 1.199e+05, 0.000e+00, 1.002e-13, 0.000e+00, 2.179e+00, 9.983e+02, 2.000e-17
1.525e+00, 5.000e-01, -1.155e+00, 1.198e+05, 0.000e+00, 1.002e-13, 0.000e+00, 2.177e+00, 9.983e+02, 2.000e-17
1.525e+00, 5.000e-01, -1.145e+00, 1.197e+05, 0.000e+00, 1.002e-13, 0.000e+00, 2.175e+00, 9.983e+02, 2.000e-17
1.525e+00, 5.000e-01, -1.135e+00, 1.196e+05, 0.000e+00, 1.002e-13, 0.000e+00, 2.173e+00, 9.983e+02, 2.000e-17
1.525e+00, 5.000e-01, -1.125e+00, 1.195e+05, 0.000e+00, 1.002e-13, 0.000e+00, 2.172e+00, 9.983e+02, 2.000e-17
1.525e+00, 5.000e-01, -1.115e+00, 1.194e+05, 0.000e+00, 1.002e-13, 0.000e+00, 2.170e+00, 9.983e+02, 2.000e-17
1.525e+00, 5.000e-01, -1.105e+00, 1.193e+05, 0.000e+00, 1.002e-13, 0.000e+00, 2.168e+00, 9.983e+02, 2.000e-17
1.525e+00, 5.000e-01, -1.095e+00, 1.192e+05, 0.000e+00, 1.002e-13, 0.000e+00, 2.166e+00, 9.983e+02, 2.000e-17
1.525e+00, 5.000e-01, -1.085e+00, 1.191e+05, 0.000e+00, 1.002e-13, 0.000e+00, 2.165e+00, 9.983e+02, 2.000e-17
1.525e+00, 5.000e-01, -1.075e+00, 1.190e+05, 0.000e+00, 3.980e-09, 0.000e+00, 2.163e+00, 9.983e+02, 1.709e-12
1.525e+00, 5.000e-01, -1.065e+00, 1.189e+05, 0.000e+00, 8.397e-04, 0.000e+00, 2.161e+00, 9.984e+02, 3.605e-07
1.525e+00, 5.000e-01, -1.055e+00, 1.188e+05, 0.000e+00, 7.814e-04, 0.000e+00, 2.159e+00, 9.984e+02, 3.355e-07
1.525e+00, 5.000e-01, -1.045e+00, 1.187e+05, 0.000e+00, 6.846e-04, 0.000e+00, 2.158e+00, 9.984e+02, 2.939e-07
1.525e+00, 5.000e-01, -1.035e+00, 1.186e+05, 0.000e+00, 5.888e-04, 0.000e+00, 2.156e+00, 9.984e+02, 2.528e-07
1.525e+00, 5.000e-01, -1.025e+00, 1.185e+05, 0.000e+00, 5.262e-04, 0.000e+00, 2.154e+00, 9.984e+02, 2.259e-07
1.525e+00, 5.000e-01, -1.015e+00, 1.185e+05, 0.000e+00, 4.981e-04, 0.000e+00, 2.152e+00, 9.984e+02, 2.138e-07
1.525e+00, 5.000e-01, -1.005e+00, 1.184e+05, 0.000e+00, 4.867e-04, 0.000e+00, 2.150e+00, 9.984e+02, 2.089e-07
1.525e+00, 5.000e-01, -9.950e-01, 1.183e+05, 0.000e+00, 4.789e-04, 0.000e+00, 2.149e+00, 9.984e+02, 2.056e-07
1.525e+00, 5.000e-01, -9.850e-01, 1.182e+05, 0.000e+00, 4.693e-04, 0.000e+00, 2.147e+00, 9.983e+02, 2.015e-07
1.525e+00, 5.000e-01, -9.750e-01, 1.181e+05, 0.000e+00, 4.562e-04, 0.000e+00, 2.145e+00, 9.983e+02, 1.958e-07
1.525e+00, 5.000e-01, -9.650e-01, 1.180e+05, 0.000e+00, 4.405e-04, 0.000e+00, 2.143e+00, 9.983e+02, 1.891e-07
1.525e+00, 5.000e-01, -9.550e-01, 1.179e+05, 0.000e+00, 4.256e-04, 0.000e+00, 2.141e+00, 9.983e+02, 1.827e-07
1.525e+00, 5.000e-01, -9.450e-01, 1.178e+05, 0.000e+00, 4.147e-04, 0.000e+00, 2.140e+00, 9.983e+02, 1.780e-07
1.525e+00, 5.000e-01, -9.350e-01, 1.177e+05, 0.000e+00, 4.073e-04, 0.000e+00, 2.138e+00, 9.983e+02, 1.748e-07
1.525e+00, 5.000e-01, -9.250e-01, 1.176e+05, 0.000e+00, 4.049e-04, 0.000e+00, 2.136e+00, 9.983e+02, 1.738e-07
1.525e+00, 5.000e-01, -9.150e-01, 1.175e+05, 0.000e+00, 4.103e-04, 0.000e+00, 2.134e+00, 9.983e+02, 1.762e-07
1.525e+00, 5.000e-01, -9.050e-01, 1.174e+05, 0.000e+00, 4.254e-04, 0.000e+00, 2.132e+00, 9.983e+02, 1.826e-07
1.525e+00, 5.000e-01, -8.950e-01, 1.173e+05, 0.000e+00, 4.402e-04, 0.000e+00, 2.131e+00, 9.983e+02, 1.890e-07
1.525e+00, 5.000e-01, -8.850e-01, 1.172e+05, 0.000e+00, 4.497e-04, 0.000e+00, 2.129e+00, 9.983e+02, 1.931e-07
1.525e+00, 5.000e-01, -8.750e-01, 1.171e+05, 0.000e+00, 4.590e-04, 0.000e+00, 2.127e+00, 9.983e+02, 1.971e-07
1.525e+00, 5.000e-01, -8.650e-01, 1.170e+05, 0.000e+00, 4.709e-04, 0.000e+00, 2.125e+00, 9.983e+02, 2.022e-07
1.525e+00, 5.000e-01, -8.550e-01, 1.169e+05, 0.000e+00, 4.929e-04, 0.000e+00, 2.124e+00, 9.984e+02, 2.116e-07
1.525e+00, 5.000e-01, -8.450e-01, 1.168e+05, 0.000e+00, 5.239e-04, 0.000e+00, 2.122e+00, 9.984e+02, 2.249e-07
1.525e+00, 5.000e-01, -8.350e-01, 1.167e+05, 0.000e+00, 5.494e-04, 0.000e+00, 2.120e+00, 9.984e+02, 2.359e-07
1.525e+00, 5.000e-01, -8.250e-01, 1.166e+05, 0.000e+00, 5.629e-04, 0.000e+00, 2.118e+00, 9.984e+02, 2.417e-07
1.525e+00, 5.000e-01, -8.150e-01, 1.165e+05, 0.000e+00, 5.761e-04, 0.000e+00, 2.116e+00, 9.984e+02, 2.473e-07
1.525e+00, 5.000e-01, -8.050e-01, 1.164e+05, 0.000e+00, 5.950e-04, 0.000e+00, 2.115e+00, 9.984e+02, 2.554e-07
1.525e+00, 5.000e-01, -7.950e-01, 1.163e+05, 0.000e+00, 6.805e-04, 0.000e+00, 2.113e+00, 9.984e+02, 2.921e-07
1.525e+00, 5.000e-01, -7.850e-01, 1.162e+05, 0.000e+00, 6.991e-04, 0.000e+00, 2.111e+00, 9.984e+02, 3.001e-07
1.525e+00, 5.000e-01, -7.750e-01, 1.161e+05, 0.000e+00, 6.878e-04, 0.000e+00, 2.109e+00, 9.984e+02, 2.953e-07
1.525e+00, 5.000e-01, -7.650e-01, 1.160e+05, 0.000e+00, 7.013e-04, 0.000e+00, 2.107e+00, 9.984e+02, 3.011e-07
1.525e+00, 5.000e-01, -7.550e-01, 1.159e+05, 0.000e+00, 7.211e-04, 0.000e+00, 2.106e+00, 9.984e+02, 3.096e-07
1.525e+00, 5.000e-01, -7.450e-01, 1.158e+05, 0.000e+00, 7.286e-04, 0.000e+00, 2.104e+00, 9.984e+02, 3.128e-07
1.525e+00, 5.000e-01, -7.350e-01, 1.157e+05, 6.760e-07, 7.448e-04, 0.000e+00, 2.102e+00, 9.984e+02, 3.198e-07
1.525e+00, 5.000e-01, -7.250e-01, 1.156e+05, 4.725e-01, 1.895e-03, 0.000e+00, 2.100e+00, 9.986e+02, 8.559e-07
1.525e+00, 5.000e-01, -7.150e-01, 1.156e+05, 8.683e-01, 1.895e-03, 0.000e+00, 2.100e+00, 9.986e+02, 8.914e-07
1.525e+00, 5.000e-01, -7.050e-01, 1.156e+05, 8.724e-01, 1.895e-03, 0.000e+00, 2.100e+00, 9.986e+02, 8.917e-07
1.525e+00, 5.000e-01, -6.950e-01, 1.168e+05, 6.240e-07, 5.500e-04, 0.000e+00, 2.122e+00, 9.984e+02, 2.410e-07
1.525e+00, 5.000e-01, -6.850e-01, 1.167e+05, 0.000e+00, 3.959e-04, 0.000e+00, 2.120e+00, 9.983e+02, 1.739e-07
1.525e+00, 5.000e-01, -6.750e-01, 1.166e+05, 0.000e+00, 2.671e-04, 0.000e+00, 2.119e+00, 9.983e+02, 1.173e-07
1.525e+00, 5.000e-01, -6.650e-01, 1.165e+05, 0.000e+00, 1.680e-04, 0.000e+00, 2.117e+00, 9.983e+02, 7.382e-08
1.525e+00, 5.000e-01, -6.550e-01, 1.164e+05, 0.000e+00, 9.971e-05, 0.000e+00, 2.115e+00, 9.983e+02, 4.380e-08
1.525e+00, 5.000e-01, -6.450e-01, 1.163e+05, 0.000e+00, 5.953e-05, 0.000e+00, 2.113e+00, 9.983e+02, 2.615e-08
1.525e+00, 5.000e-01, -6.350e-01, 1.162e+05, 0.000e+00, 4.441e-05, 0.000e+00, 2.111e+00, 9.983e+02, 1.950e-08
1.525e+00, 5.000e-01, -6.250e-01, 1.161e+05, 0.000e+00, 5.361e-05, 0.000e+00, 2.110e+00, 9.983e+02, 2.355e-08
1.525e+00, 5.000e-01, -6.150e-01, 1.160e+05, 0.000e+00, 9.024e-05, 0.000e+00, 2.108e+00, 9.983e+02, 3.964e-08
1.525e+00, 5.000e-01, -6.050e-01, 1.159e+05, 0.000e+00, 1.598e-04, 0.000e+00, 2.106e+00, 9.983e+02, 7.017e-08
1.525e+00, 5.000e-01, -5.950e-01, 1.158e+05, 0.000e+00, 2.649e-04, 0.000e+00, 2.104e+00, 9.983e+02, 1.164e-07
1.525e+00, 5.000e-01, -5.850e-01, 1.157e+05, 0.000e+00, 3.986e-04, 0.000e+00, 2.102e+00, 9.983e+02, 1.751e-07
1.525e+00, 5.000e-01, -5.750e-01, 1.156e+05, 0.000e+00, 5.392e-04, 0.000e+00, 2.101e+00, 9.984e+02, 2.369e-07
1.525e+00, 5.000e-01, -5.650e-01, 1.155e+05, 0.000e+00, 6.542e-04, 0.000e+00, 2.099e+00, 9.984e+02, 2.879e-07
1.525e+00, 5.000e-01, -5.550e-01, 1.140e+05, 0.000e+00, 7.157e-04, 0.000e+00, 2.070e+00, 9.984e+02, 3.215e-07
1.525e+00, 5.000e-01, -5.450e-01, 1.139e+05, 0.000e+00, 7.219e-04, 0.000e+00, 2.068e+00, 9.984e+02, 3.243e-07
1.525e+00, 5.000e-01, -5.350e-01, 1.138e+05, 0.000e+00, 6.997e-04, 0.000e+00, 2.067e+00, 9.984e+02, 3.143e-07
1.525e+00, 5.000e-01, -5.250e-01, 1.137e+05, 0.000e+00, 6.730e-04, 0.000e+00, 2.065e+00, 9.984e+02, 3.024e-07
1.525e+00, 5.000e-01, -5.150e-01, 1.136e+05, 0.000e+00, 6.504e-04, 0.000e+00, 2.063e+00, 9.984e+02, 2.922e-07
1.525e+00, 5.000e-01, -5.050e-01, 1.135e+05, 0.000e+00, 6.321e-04, 0.000e+00, 2.061e+00, 9.984e+02, 2.797e-07
1.525e+00, 5.000e-01, -4.950e-01, 1.134e+05, 0.000e+00, 6.146e-04, 0.000e+00, 2.059e+00, 9.984e+02, 2.638e-07
1.525e+00, 5.000e-01, -4.850e-01, 1.133e+05, 0.000e+00, 5.995e-04, 0.000e+00, 2.057e+00, 9.984e+02, 2.574e-07
1.525e+00, 5.000e-01, -4.750e-01, 1.132e+05, 0.000e+00, 5.873e-04, 0.000e+00, 2.056e+00, 9.984e+02, 2.521e-07
1.525e+00, 5.000e-01, -4.650e-01, 1.131e+05, 0.000e+00, 5.771e-04, 0.000e+00, 2.054e+00, 9.984e+02, 2.478e-07
1.525e+00, 5.000e-01, -4.550e-01, 1.130e+05, 0.000e+00, 5.682e-04, 0.000e+00, 2.052e+00, 9.984e+02, 2.439e-07
1.525e+00, 5.000e-01, -4.450e-01, 1.129e+05, 0.000e+00, 5.599e-04, 0.000e+00, 2.050e+00, 9.984e+02, 2.404e-07
1.525e+00, 5.000e-01, -4.350e-01, 1.128e+05, 0.000e+00, 5.515e-04, 0.000e+00, 2.048e+00, 9.984e+02, 2.368e-07
1.525e+00, 5.000e-01, -4.250e-01, 1.127e+05, 0.000e+00, 5.428e-04, 0.000e+00, 2.047e+00, 9.984e+02, 2.330e-07
1.525e+00, 5.000e-01, -4.150e-01, 1.126e+05, 0.000e+00, 5.339e-04, 0.000e+00, 2.045e+00, 9.984e+02, 2.292e-07
1.525e+00, 5.000e-01, -4.050e-01, 1.125e+05, 0.000e+00, 5.274e-04, 0.000e+00, 2.043e+00, 9.984e+02, 2.264e-07
1.525e+00, 5.000e-01, -3.950e-01, 1.124e+05, 0.000e+00, 5.286e-04, 0.000e+00, 2.041e+00, 9.984e+02, 2.269e-07
1.525e+00, 5.000e-01, -3.850e-01, 1.123e+05, 0.000e+00, 5.407e-04, 0.000e+00, 2.039e+00, 9.984e+02, 2.321e-07
1.525e+00, 5.000e-01, -3.750e-01, 1.122e+05, 0.000e+00, 5.608e-04, 0.000e+00, 2.038e+00, 9.984e+02, 2.408e-07
1.525e+00, 5.000e-01, -3.650e-01, 1.121e+05, 0.000e+00, 5.871e-04, 0.000e+00, 2.036e+00, 9.984e+02, 2.635e-07
1.525e+00, 5.000e-01, -3.550e-01, 1.120e+05, 0.000e+00, 6.025e-04, 0.000e+00, 2.034e+00, 9.984e+02, 2.707e-07
1.525e+00, 5.000e-01, -3.450e-01, 1.119e+05, 0.000e+00, 6.091e-04, 0.000e+00, 2.033e+00, 9.984e+02, 2.736e-07
1.525e+00, 5.000e-01, -3.350e-01, 1.118e+05, 0.000e+00, 6.059e-04, 0.000e+00, 2.031e+00, 9.984e+02, 2.722e-07
1.525e+00, 5.000e-01, -3.250e-01, 1.117e+05, 0.000e+00, 5.904e-04, 0.000e+00, 2.029e+00, 9.984e+02, 2.652e-07
1.525e+00, 5.000e-01, -3.150e-01, 1.116e+05, 0.000e+00, 5.598e-04, 0.000e+00, 2.027e+00, 9.984e+02, 2.515e-07
1.525e+00, 5.000e-01, -3.050e-01, 1.115e+05, 0.000e+00, 5.120e-04, 0.000e+00, 2.025e+00, 9.984e+02, 2.300e-07
1.525e+00, 5.000e-01, -2.950e-01, 1.114e+05, 0.000e+00, 4.495e-04, 0.000e+00, 2.024e+00, 9.983e+02, 2.019e-07
1.525e+00, 5.000e-01, -2.850e-01, 1.114e+05, 0.000e+00, 4.073e-04, 0.000e+00, 2.023e+00, 9.983e+02, 1.794e-07
1.525e+00, 5.000e-01, -2.750e-01, 1.113e+05, 0.000e+00, 3.679e-04, 0.000e+00, 2.021e+00, 9.983e+02, 1.616e-07
1.525e+00, 5.000e-01, -2.650e-01, 1.112e+05, 0.000e+00, 3.371e-04, 0.000e+00, 2.020e+00, 9.983e+02, 1.481e-07
1.525e+00, 5.000e-01, -2.550e-01, 1.111e+05, 0.000e+00, 3.175e-04, 0.000e+00, 2.018e+00, 9.983e+02, 1.395e-07
1.525e+00, 5.000e-01, -2.450e-01, 1.110e+05, 0.000e+00, 3.107e-04, 0.000e+00, 2.016e+00, 9.983e+02, 1.365e-07
1.525e+00, 5.000e-01, -2.350e-01, 1.109e+05, 0.000e+00, 3.160e-04, 0.000e+00, 2.014e+00, 9.983e+02, 1.388e-07
1.525e+00, 5.000e-01, -2.250e-01, 1.108e+05, 0.000e+00, 3.332e-04, 0.000e+00, 2.012e+00, 9.983e+02, 1.464e-07
1.525e+00, 5.000e-01, -2.150e-01, 1.107e+05, 0.000e+00, 3.642e-04, 0.000e+00, 2.011e+00, 9.983e+02, 1.600e-07
1.525e+00, 5.000e-01, -2.050e-01, 1.108e+05, 0.000e+00, 4.086e-04, 0.000e+00, 2.012e+00, 9.983e+02, 1.769e-07
1.525e+00, 5.000e-01, -1.950e-01, 1.107e+05, 0.000e+00, 4.305e-04, 0.000e+00, 2.011e+00, 9.983e+02, 1.848e-07
1.525e+00, 5.000e-01, -1.850e-01, 1.106e+05, 0.000e+00, 4.335e-04, 0.000e+00, 2.009e+00, 9.983e+02, 1.861e-07
1.525e+00, 5.000e-01, -1.750e-01, 1.105e+05, 0.000e+00, 4.257e-04, 0.000e+00, 2.007e+00, 9.983e+02, 1.828e-07
1.525e+00, 5.000e-01, -1.650e-01, 1.104e+05, 0.000e+00, 4.053e-04, 0.000e+00, 2.005e+00, 9.983e+02, 1.740e-07
1.525e+00, 5.000e-01, -1.550e-01, 1.103e+05, 0.000e+00, 3.665e-04, 0.000e+00, 2.004e+00, 9.983e+02, 1.573e-07
1.525e+00, 5.000e-01, -1.450e-01, 1.102e+05, 0.000e+00, 2.908e-04, 0.000e+00, 2.002e+00, 9.983e+02, 1.249e-07
1.525e+00, 5.000e-01, -1.350e-01, 1.113e+05, 0.000e+00, 2.083e-04, 0.000e+00, 2.022e+00, 9.983e+02, 9.144e-08
1.525e+00, 5.000e-01, -1.250e-01, 1.112e+05, 0.000e+00, 1.314e-04, 0.000e+00, 2.020e+00, 9.983e+02, 5.772e-08
1.525e+00, 5.000e-01, -1.150e-01, 1.111e+05, 0.000e+00, 7.519e-05, 0.000e+00, 2.018e+00, 9.983e+02, 3.303e-08
1.525e+00, 5.000e-01, -1.050e-01, 1.110e+05, 0.000e+00, 4.021e-05, 0.000e+00, 2.017e+00, 9.983e+02, 1.766e-08
1.525e+00, 5.000e-01, -9.500e-02, 1.109e+05, 0.000e+00, 2.054e-05, 0.000e+00, 2.015e+00, 9.983e+02, 9.022e-09
1.525e+00, 5.000e-01, -8.500e-02, 1.108e+05, 0.000e+00, 1.015e-05, 0.000e+00, 2.013e+00, 9.983e+02, 4.460e-09
1.525e+00, 5.000e-01, -7.500e-02, 1.107e+05, 0.000e+00, 4.878e-06, 0.000e+00, 2.011e+00, 9.983e+02, 2.142e-09
1.525e+00, 5.000e-01, -6.500e-02, 1.106e+05, 0.000e+00, 2.272e-06, 0.000e+00, 2.009e+00, 9.983e+02, 9.980e-10
1.525e+00, 5.000e-01, -5.500e-02, 1.105e+05, 0.000e+00, 1.022e-06, 0.000e+00, 2.008e+00, 9.983e+02, 4.489e-10
1.525e+00, 5.000e-01, -4.500e-02, 1.104e+05, 0.000e+00, 4.421e-07, 0.000e+00, 2.006e+00, 9.983e+02, 1.942e-10
1.525e+00, 5.000e-01, -3.500e-02, 1.103e+05, 0.000e+00, 1.835e-07, 0.000e+00, 2.004e+00, 9.983e+02, 8.060e-11
1.525e+00, 5.000e-01, -2.500e-02, 1.102e+05, 0.000e+00, 7.328e-08, 0.000e+00, 2.002e+00, 9.983e+02, 3.219e-11
1.525e+00, 5.000e-01, -1.500e-02, 1.101e+05, 0.000e+00, 2.869e-08, 0.000e+00, 2.000e+00, 9.983e+02, 1.260e-11
1.525e+00, 5.000e-01, -5.000e-03, 1.100e+05, 0.000e+00, 1.189e-08, 0.000e+00, 1.999e+00, 9.983e+02, 5.221e-12
1.535e+00, 5.000e-01, -1.195e+00, 1.202e+05, 0.000e+00, 1.002e-13, 0.000e+00, 2.184e+00, 9.983e+02, 2.000e-17
1.535e+00, 5.000e-01, -1.185e+00, 1.201e+05, 0.000e+00, 1.002e-13, 0.000e+00, 2.182e+00, 9.983e+02, 2.000e-17
1.535e+00, 5.000e-01, -1.175e+00, 1.200e+05, 0.000e+00, 1.002e-13, 0.000e+00, 2.181e+00, 9.983e+02, 2.000e-17
1.535e+00, 5.000e-01, -1.165e+00, 1.199e+05, 0.000e+00, 1.002e-13, 0.000e+00, 2.179e+00, 9.983e+02, 2.000e-17
1.535e+00, 5.000e-01, -1.155e+00, 1.198e+05, 0.000e+00, 1.002e-13, 0.000e+00, 2.177e+00, 9.983e+02, 2.000e-17
1.535e+00, 5.000e-01, -1.145e+00, 1.197e+05, 0.000e+00, 1.002e-13, 0.000e+00, 2.175e+00, 9.983e+02, 2.000e-17
1.535e+00, 5.000e-01, -1.135e+00, 1.196e+05, 0.000e+00, 1.002e-13, 0.000e+00, 2.173e+00, 9.983e+02, 2.000e-17
1.535e+00, 5.000e-01, -1.125e+00, 1.195e+05, 0.000e+00, 1.002e-13, 0.000e+00, 2.172e+00, 9.983e+02, 2.000e-17
1.535e+00, 5.000e-01, -1.115e+00, 1.194e+05, 0.000e+00, 1.002e-13, 0.000e+00, 2.170e+00, 9.983e+02, 2.000e-17
1.535e+00, 5.000e-01, -1.105e+00, 1.193e+05, 0.000e+00, 1.002e-13, 0.000e+00, 2.168e+00, 9.983e+02, 2.000e-17
1.535e+00, 5.000e-01, -1.095e+00, 1.192e+05, 0.000e+00, 1.002e-13, 0.000e+00, 2.166e+00, 9.983e+02, 2.000e-17
1.535e+00, 5.000e-01, -1.085e+00, 1.191e+05, 0.000e+00, 1.002e-13, 0.000e+00, 2.165e+00, 9.983e+02, 2.000e-17
1.535e+00, 5.000e-01, -1.075e+00, 1.190e+05, 0.000e+00, 3.956e-09, 0.000e+00, 2.163e+00, 9.983e+02, 1.698e-12
1.535e+00, 5.000e-01, -1.065e+00, 1.189e+05, 0.000e+00, 8.295e-04, 0.000e+00, 2.161e+00, 9.984e+02, 3.561e-07
1.535e+00, 5.000e-01, -1.055e+00, 1.188e+05, 0.000e+00, 7.725e-04, 0.000e+00, 2.159e+00, 9.984e+02, 3.316e-07
1.535e+00, 5.000e-01, -1.045e+00, 1.187e+05, 0.000e+00, 6.811e-04, 0.000e+00, 2.158e+00, 9.984e+02, 2.924e-07
1.535e+00, 5.000e-01, -1.035e+00, 1.186e+05, 0.000e+00, 5.905e-04, 0.000e+00, 2.156e+00, 9.984e+02, 2.535e-07
1.535e+00, 5.000e-01, -1.025e+00, 1.185e+05, 0.000e+00, 5.278e-04, 0.000e+00, 2.154e+00, 9.984e+02, 2.266e-07
1.535e+00, 5.000e-01, -1.015e+00, 1.185e+05, 0.000e+00, 4.952e-04, 0.000e+00, 2.152e+00, 9.984e+02, 2.126e-07
1.535e+00, 5.000e-01, -1.005e+00, 1.184e+05, 0.000e+00, 4.784e-04, 0.000e+00, 2.150e+00, 9.984e+02, 2.054e-07
1.535e+00, 5.000e-01, -9.950e-01, 1.183e+05, 0.000e+00, 4.661e-04, 0.000e+00, 2.149e+00, 9.983e+02, 2.001e-07
1.535e+00, 5.000e-01, -9.850e-01, 1.182e+05, 0.000e+00, 4.528e-04, 0.000e+00, 2.147e+00, 9.983e+02, 1.944e-07
1.535e+00, 5.000e-01, -9.750e-01, 1.181e+05, 0.000e+00, 4.372e-04, 0.000e+00, 2.145e+00, 9.983e+02, 1.877e-07
1.535e+00, 5.000e-01, -9.650e-01, 1.180e+05, 0.000e+00, 4.218e-04, 0.000e+00, 2.143e+00, 9.983e+02, 1.811e-07
1.535e+00, 5.000e-01, -9.550e-01, 1.179e+05, 0.000e+00, 4.129e-04, 0.000e+00, 2.141e+00, 9.983e+02, 1.772e-07
1.535e+00, 5.000e-01, -9.450e-01, 1.178e+05, 0.000e+00, 4.106e-04, 0.000e+00, 2.140e+00, 9.983e+02, 1.763e-07
1.535e+00, 5.000e-01, -9.350e-01, 1.177e+05, 0.000e+00, 4.084e-04, 0.000e+00, 2.138e+00, 9.983e+02, 1.753e-07
1.535e+00, 5.000e-01, -9.250e-01, 1.176e+05, 0.000e+00, 4.061e-04, 0.000e+00, 2.136e+00, 9.983e+02, 1.743e-07
1.535e+00, 5.000e-01, -9.150e-01, 1.175e+05, 0.000e+00, 4.053e-04, 0.000e+00, 2.134e+00, 9.983e+02, 1.740e-07
1.535e+00, 5.000e-01, -9.050e-01, 1.174e+05, 0.000e+00, 4.088e-04, 0.000e+00, 2.132e+00, 9.983e+02, 1.755e-07
1.535e+00, 5.000e-01, -8.950e-01, 1.173e+05, 0.000e+00, 4.137e-04, 0.000e+00, 2.131e+00, 9.983e+02, 1.776e-07
1.535e+00, 5.000e-01, -8.850e-01, 1.172e+05, 0.000e+00, 4.226e-04, 0.000e+00, 2.129e+00, 9.983e+02, 1.814e-07
1.535e+00, 5.000e-01, -8.750e-01, 1.171e+05, 0.000e+00, 4.331e-04, 0.000e+00, 2.127e+00, 9.983e+02, 1.859e-07
1.535e+00, 5.000e-01, -8.650e-01, 1.170e+05, 0.000e+00, 4.425e-04, 0.000e+00, 2.125e+00, 9.983e+02, 1.900e-07
1.535e+00, 5.000e-01, -8.550e-01, 1.169e+05, 0.000e+00, 4.550e-04, 0.000e+00, 2.124e+00, 9.983e+02, 1.953e-07
1.535e+00, 5.000e-01, -8.450e-01, 1.168e+05, 0.000e+00, 4.704e-04, 0.000e+00, 2.122e+00, 9.983e+02, 2.020e-07
1.535e+00, 5.000e-01, -8.350e-01, 1.167e+05, 0.000e+00, 4.860e-04, 0.000e+00, 2.120e+00, 9.984e+02, 2.087e-07
1.535e+00, 5.000e-01, -8.250e-01, 1.166e+05, 0.000e+00, 4.998e-04, 0.000e+00, 2.118e+00, 9.984e+02, 2.146e-07
1.535e+00, 5.000e-01, -8.150e-01, 1.165e+05, 0.000e+00, 5.128e-04, 0.000e+00, 2.116e+00, 9.984e+02, 2.201e-07
1.535e+00, 5.000e-01, -8.050e-01, 1.164e+05, 0.000e+00, 5.280e-04, 0.000e+00, 2.115e+00, 9.984e+02, 2.267e-07
1.535e+00, 5.000e-01, -7.950e-01, 1.163e+05, 0.000e+00, 5.485e-04, 0.000e+00, 2.113e+00, 9.984e+02, 2.355e-07
1.535e+00, 5.000e-01, -7.850e-01, 1.162e+05, 0.000e+00, 5.637e-04, 0.000e+00, 2.111e+00, 9.984e+02, 2.420e-07
1.535e+00, 5.000e-01, -7.750e-01, 1.161e+05, 0.000e+00, 5.838e-04, 0.000e+00, 2.109e+00, 9.984e+02, 2.506e-07
1.535e+00, 5.000e-01, -7.650e-01, 1.160e+05, 0.000e+00, 6.173e-04, 0.000e+00, 2.107e+00, 9.984e+02, 2.650e-07
1.535e+00, 5.000e-01, -7.550e-01, 1.159e+05, 0.000e+00, 6.607e-04, 0.000e+00, 2.106e+00, 9.984e+02, 2.836e-07
1.535e+00, 5.000e-01, -7.450e-01, 1.158e+05, 0.000e+00, 7.382e-04, 0.000e+00, 2.104e+00, 9.984e+02, 3.169e-07
1.535e+00, 5.000e-01, -7.350e-01, 1.157e+05, 6.761e-07, 8.067e-04, 0.000e+00, 2.102e+00, 9.984e+02, 3.463e-07
1.535e+00, 5.000e-01, -7.250e-01, 1.156e+05, 4.726e-01, 1.895e-03, 0.000e+00, 2.100e+00, 9.986e+02, 8.559e-07
1.535e+00, 5.000e-01, -7.150e-01, 1.156e+05, 8.683e-01, 1.895e-03, 0.000e+00, 2.100e+00, 9.986e+02, 8.914e-07
1.535e+00, 5.000e-01, -7.050e-01, 1.156e+05, 8.724e-01, 1.895e-03, 0.000e+00, 2.100e+00, 9.986e+02, 8.917e-07
1.535e+00, 5.000e-01, -6.950e-01, 1.168e+05, 6.240e-07, 5.576e-04, 0.000e+00, 2.122e+00, 9.984e+02, 2.438e-07
1.535e+00, 5.000e-01, -6.850e-01, 1.167e+05, 0.000e+00, 4.031e-04, 0.000e+00, 2.120e+00, 9.983e+02, 1.771e-07
1.535e+00, 5.000e-01, -6.750e-01, 1.166e+05, 0.000e+00, 2.735e-04, 0.000e+00, 2.119e+00, 9.983e+02, 1.201e-07
1.535e+00, 5.000e-01, -6.650e-01, 1.165e+05, 0.000e+00, 1.733e-04, 0.000e+00, 2.117e+00, 9.983e+02, 7.611e-08
1.535e+00, 5.000e-01, -6.550e-01, 1.164e+05, 0.000e+00, 1.035e-04, 0.000e+00, 2.115e+00, 9.983e+02, 4.548e-08
1.535e+00, 5.000e-01, -6.450e-01, 1.163e+05, 0.000e+00, 6.209e-05, 0.000e+00, 2.113e+00, 9.983e+02, 2.727e-08
1.535e+00, 5.000e-01, -6.350e-01, 1.162e+05, 0.000e+00, 4.601e-05, 0.000e+00, 2.111e+00, 9.983e+02, 2.021e-08
1.535e+00, 5.000e-01, -6.250e-01, 1.161e+05, 0.000e+00, 5.459e-05, 0.000e+00, 2.110e+00, 9.983e+02, 2.398e-08
1.535e+00, 5.000e-01, -6.150e-01, 1.160e+05, 0.000e+00, 9.083e-05, 0.000e+00, 2.108e+00, 9.983e+02, 3.989e-08
1.535e+00, 5.000e-01, -6.050e-01, 1.159e+05, 0.000e+00, 1.600e-04, 0.000e+00, 2.106e+00, 9.983e+02, 7.028e-08
1.535e+00, 5.000e-01, -5.950e-01, 1.158e+05, 0.000e+00, 2.648e-04, 0.000e+00, 2.104e+00, 9.983e+02, 1.163e-07
1.535e+00, 5.000e-01, -5.850e-01, 1.157e+05, 0.000e+00, 3.981e-04, 0.000e+00, 2.102e+00, 9.983e+02, 1.749e-07
1.535e+00, 5.000e-01, -5.750e-01, 1.156e+05, 0.000e+00, 5.384e-04, 0.000e+00, 2.101e+00, 9.984e+02, 2.365e-07
1.535e+00, 5.000e-01, -5.650e-01, 1.155e+05, 0.000e+00, 6.538e-04, 0.000e+00, 2.099e+00, 9.984e+02, 2.876e-07
1.535e+00, 5.000e-01, -5.550e-01, 1.140e+05, 0.000e+00, 7.163e-04, 0.000e+00, 2.070e+00, 9.984e+02, 3.218e-07
1.535e+00, 5.000e-01, -5.450e-01, 1.139e+05, 0.000e+00, 7.235e-04, 0.000e+00, 2.068e+00, 9.984e+02, 3.250e-07
1.535e+00, 5.000e-01, -5.350e-01, 1.138e+05, 0.000e+00, 7.016e-04, 0.000e+00, 2.067e+00, 9.984e+02, 3.152e-07
1.535e+00, 5.000e-01, -5.250e-01, 1.137e+05, 0.000e+00, 6.749e-04, 0.000e+00, 2.065e+00, 9.984e+02, 3.032e-07
1.535e+00, 5.000e-01, -5.150e-01, 1.136e+05, 0.000e+00, 6.519e-04, 0.000e+00, 2.063e+00, 9.984e+02, 2.929e-07
1.535e+00, 5.000e-01, -5.050e-01, 1.135e+05, 0.000e+00, 6.330e-04, 0.000e+00, 2.061e+00, 9.984e+02, 2.791e-07
1.535e+00, 5.000e-01, -4.950e-01, 1.134e+05, 0.000e+00, 6.152e-04, 0.000e+00, 2.059e+00, 9.984e+02, 2.641e-07
1.535e+00, 5.000e-01, -4.850e-01, 1.133e+05, 0.000e+00, 6.003e-04, 0.000e+00, 2.057e+00, 9.984e+02, 2.577e-07
1.535e+00, 5.000e-01, -4.750e-01, 1.132e+05, 0.000e+00, 5.885e-04, 0.000e+00, 2.056e+00, 9.984e+02, 2.526e-07
1.535e+00, 5.000e-01, -4.650e-01, 1.131e+05, 0.000e+00, 5.789e-04, 0.000e+00, 2.054e+00, 9.984e+02, 2.485e-07
1.535e+00, 5.000e-01, -4.550e-01, 1.130e+05, 0.000e+00, 5.706e-04, 0.000e+00, 2.052e+00, 9.984e+02, 2.450e-07
1.535e+00, 5.000e-01, -4.450e-01, 1.129e+05, 0.000e+00, 5.629e-04, 0.000e+00, 2.050e+00, 9.984e+02, 2.416e-07
1.535e+00, 5.000e-01, -4.350e-01, 1.128e+05, 0.000e+00, 5.551e-04, 0.000e+00, 2.048e+00, 9.984e+02, 2.383e-07
1.535e+00, 5.000e-01, -4.250e-01, 1.127e+05, 0.000e+00, 5.467e-04, 0.000e+00, 2.047e+00, 9.984e+02, 2.347e-07
1.535e+00, 5.000e-01, -4.150e-01, 1.126e+05, 0.000e+00, 5.372e-04, 0.000e+00, 2.045e+00, 9.984e+02, 2.306e-07
1.535e+00, 5.000e-01, -4.050e-01, 1.125e+05, 0.000e+00, 5.263e-04, 0.000e+00, 2.043e+00, 9.984e+02, 2.259e-07
1.535e+00, 5.000e-01, -3.950e-01, 1.124e+05, 0.000e+00, 5.150e-04, 0.000e+00, 2.041e+00, 9.984e+02, 2.211e-07
1.535e+00, 5.000e-01, -3.850e-01, 1.123e+05, 0.000e+00, 5.120e-04, 0.000e+00, 2.039e+00, 9.984e+02, 2.198e-07
1.535e+00, 5.000e-01, -3.750e-01, 1.122e+05, 0.000e+00, 5.250e-04, 0.000e+00, 2.038e+00, 9.984e+02, 2.254e-07
1.535e+00, 5.000e-01, -3.650e-01, 1.121e+05, 0.000e+00, 5.520e-04, 0.000e+00, 2.036e+00, 9.984e+02, 2.467e-07
1.535e+00, 5.000e-01, -3.550e-01, 1.120e+05, 0.000e+00, 5.786e-04, 0.000e+00, 2.034e+00, 9.984e+02, 2.599e-07
1.535e+00, 5.000e-01, -3.450e-01, 1.119e+05, 0.000e+00, 5.983e-04, 0.000e+00, 2.033e+00, 9.984e+02, 2.688e-07
1.535e+00, 5.000e-01, -3.350e-01, 1.118e+05, 0.000e+00, 6.101e-04, 0.000e+00, 2.031e+00, 9.984e+02, 2.741e-07
1.535e+00, 5.000e-01, -3.250e-01, 1.117e+05, 0.000e+00, 6.111e-04, 0.000e+00, 2.029e+00, 9.984e+02, 2.745e-07
1.535e+00, 5.000e-01, -3.150e-01, 1.116e+05, 0.000e+00, 5.983e-04, 0.000e+00, 2.027e+00, 9.984e+02, 2.688e-07
1.535e+00, 5.000e-01, -3.050e-01, 1.115e+05, 0.000e+00, 5.686e-04, 0.000e+00, 2.025e+00, 9.984e+02, 2.554e-07
1.535e+00, 5.000e-01, -2.950e-01, 1.114e+05, 0.000e+00, 5.200e-04, 0.000e+00, 2.024e+00, 9.984e+02, 2.336e-07
1.535e+00, 5.000e-01, -2.850e-01, 1.114e+05, 0.000e+00, 4.660e-04, 0.000e+00, 2.023e+00, 9.983e+02, 2.059e-07
1.535e+00, 5.000e-01, -2.750e-01, 1.113e+05, 0.000e+00, 4.249e-04, 0.000e+00, 2.021e+00, 9.983e+02, 1.867e-07
1.535e+00, 5.000e-01, -2.650e-01, 1.112e+05, 0.000e+00, 3.926e-04, 0.000e+00, 2.020e+00, 9.983e+02, 1.725e-07
1.535e+00, 5.000e-01, -2.550e-01, 1.111e+05, 0.000e+00, 3.708e-04, 0.000e+00, 2.018e+00, 9.983e+02, 1.629e-07
1.535e+00, 5.000e-01, -2.450e-01, 1.110e+05, 0.000e+00, 3.612e-04, 0.000e+00, 2.016e+00, 9.983e+02, 1.587e-07
1.535e+00, 5.000e-01, -2.350e-01, 1.109e+05, 0.000e+00, 3.644e-04, 0.000e+00, 2.014e+00, 9.983e+02, 1.601e-07
1.535e+00, 5.000e-01, -2.250e-01, 1.108e+05, 0.000e+00, 3.804e-04, 0.000e+00, 2.012e+00, 9.983e+02, 1.671e-07
1.535e+00, 5.000e-01, -2.150e-01, 1.107e+05, 0.000e+00, 4.093e-04, 0.000e+00, 2.011e+00, 9.983e+02, 1.798e-07
1.535e+00, 5.000e-01, -2.050e-01, 1.108e+05, 0.000e+00, 4.487e-04, 0.000e+00, 2.012e+00, 9.983e+02, 1.943e-07
1.535e+00, 5.000e-01, -1.950e-01, 1.107e+05, 0.000e+00, 4.635e-04, 0.000e+00, 2.011e+00, 9.983e+02, 1.990e-07
1.535e+00, 5.000e-01, -1.850e-01, 1.106e+05, 0.000e+00, 4.591e-04, 0.000e+00, 2.009e+00, 9.983e+02, 1.971e-07
1.535e+00, 5.000e-01, -1.750e-01, 1.105e+05, 0.000e+00, 4.439e-04, 0.000e+00, 2.007e+00, 9.983e+02, 1.906e-07
1.535e+00, 5.000e-01, -1.650e-01, 1.104e+05, 0.000e+00, 4.165e-04, 0.000e+00, 2.005e+00, 9.983e+02, 1.788e-07
1.535e+00, 5.000e-01, -1.550e-01, 1.103e+05, 0.000e+00, 3.715e-04, 0.000e+00, 2.004e+00, 9.983e+02, 1.595e-07
1.535e+00, 5.000e-01, -1.450e-01, 1.102e+05, 0.000e+00, 2.997e-04, 0.000e+00, 2.002e+00, 9.983e+02, 1.286e-07
1.535e+00, 5.000e-01, -1.350e-01, 1.113e+05, 0.000e+00, 2.187e-04, 0.000e+00, 2.022e+00, 9.983e+02, 9.575e-08
1.535e+00, 5.000e-01, -1.250e-01, 1.112e+05, 0.000e+00, 1.406e-04, 0.000e+00, 2.020e+00, 9.983e+02, 6.176e-08
1.535e+00, 5.000e-01, -1.150e-01, 1.111e+05, 0.000e+00, 8.176e-05, 0.000e+00, 2.018e+00, 9.983e+02, 3.591e-08
1.535e+00, 5.000e-01, -1.050e-01, 1.110e+05, 0.000e+00, 4.423e-05, 0.000e+00, 2.017e+00, 9.983e+02, 1.943e-08
1.535e+00, 5.000e-01, -9.500e-02, 1.109e+05, 0.000e+00, 2.279e-05, 0.000e+00, 2.015e+00, 9.983e+02, 1.001e-08
1.535e+00, 5.000e-01, -8.500e-02, 1.108e+05, 0.000e+00, 1.134e-05, 0.000e+00, 2.013e+00, 9.983e+02, 4.981e-09
1.535e+00, 5.000e-01, -7.500e-02, 1.107e+05, 0.000e+00, 5.481e-06, 0.000e+00, 2.011e+00, 9.983e+02, 2.407e-09
1.535e+00, 5.000e-01, -6.500e-02, 1.106e+05, 0.000e+00, 2.568e-06, 0.000e+00, 2.009e+00, 9.983e+02, 1.128e-09
1.535e+00, 5.000e-01, -5.500e-02, 1.105e+05, 0.000e+00, 1.162e-06, 0.000e+00, 2.008e+00, 9.983e+02, 5.103e-10
1.535e+00, 5.000e-01, -4.500e-02, 1.104e+05, 0.000e+00, 5.053e-07, 0.000e+00, 2.006e+00, 9.983e+02, 2.219e-10
1.535e+00, 5.000e-01, -3.500e-02, 1.103e+05, 0.000e+00, 2.108e-07, 0.000e+00, 2.004e+00, 9.983e+02, 9.259e-11
1.535e+00, 5.000e-01, -2.500e-02, 1.102e+05, 0.000e+00, 8.458e-08, 0.000e+00, 2.002e+00, 9.983e+02, 3.715e-11
1.535e+00, 5.000e-01, -1.500e-02, 1.101e+05, 0.000e+00, 3.324e-08, 0.000e+00, 2.000e+00, 9.983e+02, 1.460e-11
1.535e+00, 5.000e-01, -5.000e-03, 1.100e+05, 0.000e+00, 1.378e-08, 0.000e+00, 1.999e+00, 9.983e+02, 6.051e-12
1.545e+00, 5.000e-01, -1.195e+00, 1.202e+05, 0.000e+00, 1.002e-13, 0.000e+00, 2.184e+00, 9.983e+02, 2.000e-17
1.545e+00, 5.000e-01, -1.185e+00, 1.201e+05, 0.000e+00, 1.002e-13, 0.000e+00, 2.182e+00, 9.983e+02, 2.000e-17
1.545e+00, 5.000e-01, -1.175e+00, 1.200e+05, 0.000e+00, 1.002e-13, 0.000e+00, 2.181e+00, 9.983e+02, 2.000e-17
1.545e+00, 5.000e-01, -1.165e+00, 1.199e+05, 0.000e+00, 1.002e-13, 0.000e+00, 2.179e+00, 9.983e+02, 2.000e-17
1.545e+00, 5.000e-01, -1.155e+00, 1.198e+05, 0.000e+00, 1.002e-13, 0.000e+00, 2.177e+00, 9.983e+02, 2.000e-17
1.545e+00, 5.000e-01, -1.145e+00, 1.197e+05, 0.000e+00, 1.002e-13, 0.000e+00, 2.175e+00, 9.983e+02, 2.000e-17
1.545e+00, 5.000e-01, -1.135e+00, 1.196e+05, 0.000e+00, 1.002e-13, 0.000e+00, 2.173e+00, 9.983e+02, 2.000e-17
1.545e+00, 5.000e-01, -1.125e+00, 1.195e+05, 0.000e+00, 1.002e-13, 0.000e+00, 2.172e+00, 9.983e+02, 2.000e-17
1.545e+00, 5.000e-01, -1.115e+00, 1.194e+05, 0.000e+00, 1.002e-13, 0.000e+00, 2.170e+00, 9.983e+02, 2.000e-17
1.545e+00, 5.000e-01, -1.105e+00, 1.193e+05, 0.000e+00, 1.002e-13, 0.000e+00, 2.168e+00, 9.983e+02, 2.000e-17
1.545e+00, 5.000e-01, -1.095e+00, 1.192e+05, 0.000e+00, 1.002e-13, 0.000e+00, 2.166e+00, 9.983e+02, 2.000e-17
1.545e+00, 5.000e-01, -1.085e+00, 1.191e+05, 0.000e+00, 1.002e-13, 0.000e+00, 2.165e+00, 9.983e+02, 2.000e-17
1.545e+00, 5.000e-01, -1.075e+00, 1.190e+05, 0.000e+00, 3.854e-09, 0.000e+00, 2.163e+00, 9.983e+02, 1.655e-12
1.545e+00, 5.000e-01, -1.065e+00, 1.189e+05, 0.000e+00, 8.186e-04, 0.000e+00, 2.161e+00, 9.984e+02, 3.514e-07
1.545e+00, 5.000e-01, -1.055e+00, 1.188e+05, 0.000e+00, 7.634e-04, 0.000e+00, 2.159e+00, 9.984e+02, 3.277e-07
1.545e+00, 5.000e-01, -1.045e+00, 1.187e+05, 0.000e+00, 6.773e-04, 0.000e+00, 2.158e+00, 9.984e+02, 2.908e-07
1.545e+00, 5.000e-01, -1.035e+00, 1.186e+05, 0.000e+00, 5.915e-04, 0.000e+00, 2.156e+00, 9.984e+02, 2.539e-07
1.545e+00, 5.000e-01, -1.025e+00, 1.185e+05, 0.000e+00, 5.289e-04, 0.000e+00, 2.154e+00, 9.984e+02, 2.270e-07
1.545e+00, 5.000e-01, -1.015e+00, 1.185e+05, 0.000e+00, 4.924e-04, 0.000e+00, 2.152e+00, 9.984e+02, 2.114e-07
1.545e+00, 5.000e-01, -1.005e+00, 1.184e+05, 0.000e+00, 4.709e-04, 0.000e+00, 2.150e+00, 9.983e+02, 2.021e-07
1.545e+00, 5.000e-01, -9.950e-01, 1.183e+05, 0.000e+00, 4.543e-04, 0.000e+00, 2.149e+00, 9.983e+02, 1.950e-07
1.545e+00, 5.000e-01, -9.850e-01, 1.182e+05, 0.000e+00, 4.377e-04, 0.000e+00, 2.147e+00, 9.983e+02, 1.879e-07
1.545e+00, 5.000e-01, -9.750e-01, 1.181e+05, 0.000e+00, 4.207e-04, 0.000e+00, 2.145e+00, 9.983e+02, 1.806e-07
1.545e+00, 5.000e-01, -9.650e-01, 1.180e+05, 0.000e+00, 4.122e-04, 0.000e+00, 2.143e+00, 9.983e+02, 1.769e-07
1.545e+00, 5.000e-01, -9.550e-01, 1.179e+05, 0.000e+00, 4.162e-04, 0.000e+00, 2.141e+00, 9.983e+02, 1.787e-07
1.545e+00, 5.000e-01, -9.450e-01, 1.178e+05, 0.000e+00, 4.289e-04, 0.000e+00, 2.140e+00, 9.983e+02, 1.841e-07
1.545e+00, 5.000e-01, -9.350e-01, 1.177e+05, 0.000e+00, 4.360e-04, 0.000e+00, 2.138e+00, 9.983e+02, 1.872e-07
1.545e+00, 5.000e-01, -9.250e-01, 1.176e+05, 0.000e+00, 4.343e-04, 0.000e+00, 2.136e+00, 9.983e+02, 1.865e-07
1.545e+00, 5.000e-01, -9.150e-01, 1.175e+05, 0.000e+00, 4.283e-04, 0.000e+00, 2.134e+00, 9.983e+02, 1.839e-07
1.545e+00, 5.000e-01, -9.050e-01, 1.174e+05, 0.000e+00, 4.252e-04, 0.000e+00, 2.132e+00, 9.983e+02, 1.825e-07
1.545e+00, 5.000e-01, -8.950e-01, 1.173e+05, 0.000e+00, 4.340e-04, 0.000e+00, 2.131e+00, 9.983e+02, 1.863e-07
1.545e+00, 5.000e-01, -8.850e-01, 1.172e+05, 0.000e+00, 4.642e-04, 0.000e+00, 2.129e+00, 9.983e+02, 1.993e-07
1.545e+00, 5.000e-01, -8.750e-01, 1.171e+05, 0.000e+00, 4.915e-04, 0.000e+00, 2.127e+00, 9.984e+02, 2.110e-07
1.545e+00, 5.000e-01, -8.650e-01, 1.170e+05, 0.000e+00, 5.050e-04, 0.000e+00, 2.125e+00, 9.984e+02, 2.168e-07
1.545e+00, 5.000e-01, -8.550e-01, 1.169e+05, 0.000e+00, 5.161e-04, 0.000e+00, 2.124e+00, 9.984e+02, 2.216e-07
1.545e+00, 5.000e-01, -8.450e-01, 1.168e+05, 0.000e+00, 5.265e-04, 0.000e+00, 2.122e+00, 9.984e+02, 2.260e-07
1.545e+00, 5.000e-01, -8.350e-01, 1.167e+05, 0.000e+00, 5.374e-04, 0.000e+00, 2.120e+00, 9.984e+02, 2.307e-07
1.545e+00, 5.000e-01, -8.250e-01, 1.166e+05, 0.000e+00, 5.479e-04, 0.000e+00, 2.118e+00, 9.984e+02, 2.352e-07
1.545e+00, 5.000e-01, -8.150e-01, 1.165e+05, 0.000e+00, 5.567e-04, 0.000e+00, 2.116e+00, 9.984e+02, 2.390e-07
1.545e+00, 5.000e-01, -8.050e-01, 1.164e+05, 0.000e+00, 5.643e-04, 0.000e+00, 2.115e+00, 9.984e+02, 2.422e-07
1.545e+00, 5.000e-01, -7.950e-01, 1.163e+05, 0.000e+00, 5.746e-04, 0.000e+00, 2.113e+00, 9.984e+02, 2.467e-07
1.545e+00, 5.000e-01, -7.850e-01, 1.162e+05, 0.000e+00, 5.892e-04, 0.000e+00, 2.111e+00, 9.984e+02, 2.530e-07
1.545e+00, 5.000e-01, -7.750e-01, 1.161e+05, 0.000e+00, 6.207e-04, 0.000e+00, 2.109e+00, 9.984e+02, 2.665e-07
1.545e+00, 5.000e-01, -7.650e-01, 1.160e+05, 0.000e+00, 7.108e-04, 0.000e+00, 2.107e+00, 9.984e+02, 3.051e-07
1.545e+00, 5.000e-01, -7.550e-01, 1.159e+05, 0.000e+00, 7.611e-04, 0.000e+00, 2.106e+00, 9.984e+02, 3.268e-07
1.545e+00, 5.000e-01, -7.450e-01, 1.158e+05, 0.000e+00, 7.824e-04, 0.000e+00, 2.104e+00, 9.984e+02, 3.359e-07
1.545e+00, 5.000e-01, -7.350e-01, 1.157e+05, 6.761e-07, 8.097e-04, 0.000e+00, 2.102e+00, 9.984e+02, 3.476e-07
1.545e+00, 5.000e-01, -7.250e-01, 1.156e+05, 4.726e-01, 1.895e-03, 0.000e+00, 2.100e+00, 9.986e+02, 8.559e-07
1.545e+00, 5.000e-01, -7.150e-01, 1.156e+05, 8.683e-01, 1.895e-03, 0.000e+00, 2.100e+00, 9.986e+02, 8.914e-07
1.545e+00, 5.000e-01, -7.050e-01, 1.156e+05, 8.724e-01, 1.895e-03, 0.000e+00, 2.100e+00, 9.986e+02, 8.917e-07
1.545e+00, 5.000e-01, -6.950e-01, 1.168e+05, 6.240e-07, 5.616e-04, 0.000e+00, 2.122e+00, 9.984e+02, 2.451e-07
1.545e+00, 5.000e-01, -6.850e-01, 1.167e+05, 0.000e+00, 4.065e-04, 0.000e+00, 2.120e+00, 9.983e+02, 1.786e-07
1.545e+00, 5.000e-01, -6.750e-01, 1.166e+05, 0.000e+00, 2.768e-04, 0.000e+00, 2.119e+00, 9.983e+02, 1.216e-07
1.545e+00, 5.000e-01, -6.650e-01, 1.165e+05, 0.000e+00, 1.762e-04, 0.000e+00, 2.117e+00, 9.983e+02, 7.741e-08
1.545e+00, 5.000e-01, -6.550e-01, 1.164e+05, 0.000e+00, 1.059e-04, 0.000e+00, 2.115e+00, 9.983e+02, 4.650e-08
1.545e+00, 5.000e-01, -6.450e-01, 1.163e+05, 0.000e+00, 6.373e-05, 0.000e+00, 2.113e+00, 9.983e+02, 2.799e-08
1.545e+00, 5.000e-01, -6.350e-01, 1.162e+05, 0.000e+00, 4.705e-05, 0.000e+00, 2.111e+00, 9.983e+02, 2.066e-08
1.545e+00, 5.000e-01, -6.250e-01, 1.161e+05, 0.000e+00, 5.514e-05, 0.000e+00, 2.110e+00, 9.983e+02, 2.422e-08
1.545e+00, 5.000e-01, -6.150e-01, 1.160e+05, 0.000e+00, 9.095e-05, 0.000e+00, 2.108e+00, 9.983e+02, 3.995e-08
1.545e+00, 5.000e-01, -6.050e-01, 1.159e+05, 0.000e+00, 1.596e-04, 0.000e+00, 2.106e+00, 9.983e+02, 7.012e-08
1.545e+00, 5.000e-01, -5.950e-01, 1.158e+05, 0.000e+00, 2.639e-04, 0.000e+00, 2.104e+00, 9.983e+02, 1.159e-07
1.545e+00, 5.000e-01, -5.850e-01, 1.157e+05, 0.000e+00, 3.967e-04, 0.000e+00, 2.102e+00, 9.983e+02, 1.742e-07
1.545e+00, 5.000e-01, -5.750e-01, 1.156e+05, 0.000e+00, 5.369e-04, 0.000e+00, 2.101e+00, 9.984e+02, 2.358e-07
1.545e+00, 5.000e-01, -5.650e-01, 1.155e+05, 0.000e+00, 6.530e-04, 0.000e+00, 2.099e+00, 9.984e+02, 2.871e-07
1.545e+00, 5.000e-01, -5.550e-01, 1.140e+05, 0.000e+00, 7.173e-04, 0.000e+00, 2.070e+00, 9.984e+02, 3.223e-07
1.545e+00, 5.000e-01, -5.450e-01, 1.139e+05, 0.000e+00, 7.254e-04, 0.000e+00, 2.068e+00, 9.984e+02, 3.259e-07
1.545e+00, 5.000e-01, -5.350e-01, 1.138e+05, 0.000e+00, 7.037e-04, 0.000e+00, 2.067e+00, 9.984e+02, 3.162e-07
1.545e+00, 5.000e-01, -5.250e-01, 1.137e+05, 0.000e+00, 6.768e-04, 0.000e+00, 2.065e+00, 9.984e+02, 3.041e-07
1.545e+00, 5.000e-01, -5.150e-01, 1.136e+05, 0.000e+00, 6.534e-04, 0.000e+00, 2.063e+00, 9.984e+02, 2.935e-07
1.545e+00, 5.000e-01, -5.050e-01, 1.135e+05, 0.000e+00, 6.337e-04, 0.000e+00, 2.061e+00, 9.984e+02, 2.783e-07
1.545e+00, 5.000e-01, -4.950e-01, 1.134e+05, 0.000e+00, 6.156e-04, 0.000e+00, 2.059e+00, 9.984e+02, 2.643e-07
1.545e+00, 5.000e-01, -4.850e-01, 1.133e+05, 0.000e+00, 6.007e-04, 0.000e+00, 2.057e+00, 9.984e+02, 2.579e-07
1.545e+00, 5.000e-01, -4.750e-01, 1.132e+05, 0.000e+00, 5.892e-04, 0.000e+00, 2.056e+00, 9.984e+02, 2.529e-07
1.545e+00, 5.000e-01, -4.650e-01, 1.131e+05, 0.000e+00, 5.800e-04, 0.000e+00, 2.054e+00, 9.984e+02, 2.490e-07
1.545e+00, 5.000e-01, -4.550e-01, 1.130e+05, 0.000e+00, 5.723e-04, 0.000e+00, 2.052e+00, 9.984e+02, 2.457e-07
1.545e+00, 5.000e-01, -4.450e-01, 1.129e+05, 0.000e+00, 5.654e-04, 0.000e+00, 2.050e+00, 9.984e+02, 2.427e-07
1.545e+00, 5.000e-01, -4.350e-01, 1.128e+05, 0.000e+00, 5.585e-04, 0.000e+00, 2.048e+00, 9.984e+02, 2.398e-07
1.545e+00, 5.000e-01, -4.250e-01, 1.127e+05, 0.000e+00, 5.510e-04, 0.000e+00, 2.047e+00, 9.984e+02, 2.365e-07
1.545e+00, 5.000e-01, -4.150e-01, 1.126e+05, 0.000e+00, 5.424e-04, 0.000e+00, 2.045e+00, 9.984e+02, 2.329e-07
1.545e+00, 5.000e-01, -4.050e-01, 1.125e+05, 0.000e+00, 5.319e-04, 0.000e+00, 2.043e+00, 9.984e+02, 2.284e-07
1.545e+00, 5.000e-01, -3.950e-01, 1.124e+05, 0.000e+00, 5.185e-04, 0.000e+00, 2.041e+00, 9.984e+02, 2.226e-07
1.545e+00, 5.000e-01, -3.850e-01, 1.123e+05, 0.000e+00, 5.011e-04, 0.000e+00, 2.039e+00, 9.984e+02, 2.151e-07
1.545e+00, 5.000e-01, -3.750e-01, 1.122e+05, 0.000e+00, 4.875e-04, 0.000e+00, 2.038e+00, 9.983e+02, 2.093e-07
1.545e+00, 5.000e-01, -3.650e-01, 1.121e+05, 0.000e+00, 5.008e-04, 0.000e+00, 2.036e+00, 9.984e+02, 2.232e-07
1.545e+00, 5.000e-01, -3.550e-01, 1.120e+05, 0.000e+00, 5.326e-04, 0.000e+00, 2.034e+00, 9.984e+02, 2.393e-07
1.545e+00, 5.000e-01, -3.450e-01, 1.119e+05, 0.000e+00, 5.637e-04, 0.000e+00, 2.033e+00, 9.984e+02, 2.532e-07
1.545e+00, 5.000e-01, -3.350e-01, 1.118e+05, 0.000e+00, 5.913e-04, 0.000e+00, 2.031e+00, 9.984e+02, 2.657e-07
1.545e+00, 5.000e-01, -3.250e-01, 1.117e+05, 0.000e+00, 6.091e-04, 0.000e+00, 2.029e+00, 9.984e+02, 2.737e-07
1.545e+00, 5.000e-01, -3.150e-01, 1.116e+05, 0.000e+00, 6.153e-04, 0.000e+00, 2.027e+00, 9.984e+02, 2.764e-07
1.545e+00, 5.000e-01, -3.050e-01, 1.115e+05, 0.000e+00, 6.061e-04, 0.000e+00, 2.025e+00, 9.984e+02, 2.723e-07
1.545e+00, 5.000e-01, -2.950e-01, 1.114e+05, 0.000e+00, 5.779e-04, 0.000e+00, 2.024e+00, 9.984e+02, 2.596e-07
1.545e+00, 5.000e-01, -2.850e-01, 1.114e+05, 0.000e+00, 5.291e-04, 0.000e+00, 2.023e+00, 9.984e+02, 2.346e-07
1.545e+00, 5.000e-01, -2.750e-01, 1.113e+05, 0.000e+00, 4.866e-04, 0.000e+00, 2.021e+00, 9.983e+02, 2.138e-07
1.545e+00, 5.000e-01, -2.650e-01, 1.112e+05, 0.000e+00, 4.532e-04, 0.000e+00, 2.020e+00, 9.983e+02, 1.991e-07
1.545e+00, 5.000e-01, -2.550e-01, 1.111e+05, 0.000e+00, 4.299e-04, 0.000e+00, 2.018e+00, 9.983e+02, 1.888e-07
1.545e+00, 5.000e-01, -2.450e-01, 1.110e+05, 0.000e+00, 4.184e-04, 0.000e+00, 2.016e+00, 9.983e+02, 1.838e-07
1.545e+00, 5.000e-01, -2.350e-01, 1.109e+05, 0.000e+00, 4.194e-04, 0.000e+00, 2.014e+00, 9.983e+02, 1.842e-07
1.545e+00, 5.000e-01, -2.250e-01, 1.108e+05, 0.000e+00, 4.322e-04, 0.000e+00, 2.012e+00, 9.983e+02, 1.898e-07
1.545e+00, 5.000e-01, -2.150e-01, 1.107e+05, 0.000e+00, 4.551e-04, 0.000e+00, 2.011e+00, 9.983e+02, 1.999e-07
1.545e+00, 5.000e-01, -2.050e-01, 1.108e+05, 0.000e+00, 4.840e-04, 0.000e+00, 2.012e+00, 9.983e+02, 2.097e-07
1.545e+00, 5.000e-01, -1.950e-01, 1.107e+05, 0.000e+00, 4.894e-04, 0.000e+00, 2.011e+00, 9.983e+02, 2.101e-07
1.545e+00, 5.000e-01, -1.850e-01, 1.106e+05, 0.000e+00, 4.784e-04, 0.000e+00, 2.009e+00, 9.983e+02, 2.054e-07
1.545e+00, 5.000e-01, -1.750e-01, 1.105e+05, 0.000e+00, 4.579e-04, 0.000e+00, 2.007e+00, 9.983e+02, 1.966e-07
1.545e+00, 5.000e-01, -1.650e-01, 1.104e+05, 0.000e+00, 4.264e-04, 0.000e+00, 2.005e+00, 9.983e+02, 1.831e-07
1.545e+00, 5.000e-01, -1.550e-01, 1.103e+05, 0.000e+00, 3.796e-04, 0.000e+00, 2.004e+00, 9.983e+02, 1.629e-07
1.545e+00, 5.000e-01, -1.450e-01, 1.102e+05, 0.000e+00, 3.122e-04, 0.000e+00, 2.002e+00, 9.983e+02, 1.340e-07
1.545e+00, 5.000e-01, -1.350e-01, 1.113e+05, 0.000e+00, 2.325e-04, 0.000e+00, 2.022e+00, 9.983e+02, 1.015e-07
1.545e+00, 5.000e-01, -1.250e-01, 1.112e+05, 0.000e+00, 1.525e-04, 0.000e+00, 2.020e+00, 9.983e+02, 6.698e-08
1.545e+00, 5.000e-01, -1.150e-01, 1.111e+05, 0.000e+00, 8.998e-05, 0.000e+00, 2.018e+00, 9.983e+02, 3.952e-08
1.545e+00, 5.000e-01, -1.050e-01, 1.110e+05, 0.000e+00, 4.913e-05, 0.000e+00, 2.017e+00, 9.983e+02, 2.158e-08
1.545e+00, 5.000e-01, -9.500e-02, 1.109e+05, 0.000e+00, 2.542e-05, 0.000e+00, 2.015e+00, 9.983e+02, 1.117e-08
1.545e+00, 5.000e-01, -8.500e-02, 1.108e+05, 0.000e+00, 1.267e-05, 0.000e+00, 2.013e+00, 9.983e+02, 5.567e-09
1.545e+00, 5.000e-01, -7.500e-02, 1.107e+05, 0.000e+00, 6.128e-06, 0.000e+00, 2.011e+00, 9.983e+02, 2.691e-09
1.545e+00, 5.000e-01, -6.500e-02, 1.106e+05, 0.000e+00, 2.873e-06, 0.000e+00, 2.009e+00, 9.983e+02, 1.262e-09
1.545e+00, 5.000e-01, -5.500e-02, 1.105e+05, 0.000e+00, 1.301e-06, 0.000e+00, 2.008e+00, 9.983e+02, 5.716e-10
1.545e+00, 5.000e-01, -4.500e-02, 1.104e+05, 0.000e+00, 5.669e-07, 0.000e+00, 2.006e+00, 9.983e+02, 2.490e-10
1.545e+00, 5.000e-01, -3.500e-02, 1.103e+05, 0.000e+00, 2.370e-07, 0.000e+00, 2.004e+00, 9.983e+02, 1.041e-10
1.545e+00, 5.000e-01, -2.500e-02, 1.102e+05, 0.000e+00, 9.526e-08, 0.000e+00, 2.002e+00, 9.983e+02, 4.184e-11
1.545e+00, 5.000e-01, -1.500e-02, 1.101e+05, 0.000e+00, 3.750e-08, 0.000e+00, 2.000e+00, 9.983e+02, 1.647e-11
1.545e+00, 5.000e-01, -5.000e-03, 1.100e+05, 0.000e+00, 1.552e-08, 0.000e+00, 1.999e+00, 9.983e+02, 6.818e-12
1.555e+00, 5.000e-01, -1.195e+00, 1.202e+05, 0.000e+00, 1.002e-13, 0.000e+00, 2.184e+00, 9.983e+02, 2.000e-17
1.555e+00, 5.000e-01, -1.185e+00, 1.201e+05, 0.000e+00, 1.002e-13, 0.000e+00, 2.182e+00, 9.983e+02, 2.000e-17
1.555e+00, 5.000e-01, -1.175e+00, 1.200e+05, 0.000e+00, 1.002e-13, 0.000e+00, 2.181e+00, 9.983e+02, 2.000e-17
1.555e+00, 5.000e-01, -1.165e+00, 1.199e+05, 0.000e+00, 1.002e-13, 0.000e+00, 2.179e+00, 9.983e+02, 2.000e-17
1.555e+00, 5.000e-01, -1.155e+00, 1.198e+05, 0.000e+00, 1.002e-13, 0.000e+00, 2.177e+00, 9.983e+02, 2.000e-17
1.555e+00, 5.000e-01, -1.145e+00, 1.197e+05, 0.000e+00, 1.002e-13, 0.000e+00, 2.175e+00, 9.983e+02, 2.000e-17
1.555e+00, 5.000e-01, -1.135e+00, 1.196e+05, 0.000e+00, 1.002e-13, 0.000e+00, 2.173e+00, 9.983e+02, 2.000e-17
1.555e+00, 5.000e-01, -1.125e+00, 1.195e+05, 0.000e+00, 1.002e-13, 0.000e+00, 2.172e+00, 9.983e+02, 2.000e-17
1.555e+00, 5.000e-01, -1.115e+00, 1.194e+05, 0.000e+00, 1.002e-13, 0.000e+00, 2.170e+00, 9.983e+02, 2.000e-17
1.555e+00, 5.000e-01, -1.105e+00, 1.193e+05, 0.000e+00, 1.002e-13, 0.000e+00, 2.168e+00, 9.983e+02, 2.000e-17
1.555e+00, 5.000e-01, -1.095e+00, 1.192e+05, 0.000e+00, 1.002e-13, 0.000e+00, 2.166e+00, 9.983e+02, 2.000e-17
1.555e+00, 5.000e-01, -1.085e+00, 1.191e+05, 0.000e+00, 1.002e-13, 0.000e+00, 2.165e+00, 9.983e+02, 2.000e-17
1.555e+00, 5.000e-01, -1.075e+00, 1.190e+05, 0.000e+00, 3.849e-09, 0.000e+00, 2.163e+00, 9.983e+02, 1.652e-12
1.555e+00, 5.000e-01, -1.065e+00, 1.189e+05, 0.000e+00, 8.070e-04, 0.000e+00, 2.161e+00, 9.984e+02, 3.465e-07
1.555e+00, 5.000e-01, -1.055e+00, 1.188e+05, 0.000e+00, 7.543e-04, 0.000e+00, 2.159e+00, 9.984e+02, 3.238e-07
1.555e+00, 5.000e-01, -1.045e+00, 1.187e+05, 0.000e+00, 6.736e-04, 0.000e+00, 2.158e+00, 9.984e+02, 2.892e-07
1.555e+00, 5.000e-01, -1.035e+00, 1.186e+05, 0.000e+00, 5.914e-04, 0.000e+00, 2.156e+00, 9.984e+02, 2.539e-07
1.555e+00, 5.000e-01, -1.025e+00, 1.185e+05, 0.000e+00, 5.288e-04, 0.000e+00, 2.154e+00, 9.984e+02, 2.270e-07
1.555e+00, 5.000e-01, -1.015e+00, 1.185e+05, 0.000e+00, 4.893e-04, 0.000e+00, 2.152e+00, 9.984e+02, 2.101e-07
1.555e+00, 5.000e-01, -1.005e+00, 1.184e+05, 0.000e+00, 4.638e-04, 0.000e+00, 2.150e+00, 9.983e+02, 1.991e-07
1.555e+00, 5.000e-01, -9.950e-01, 1.183e+05, 0.000e+00, 4.437e-04, 0.000e+00, 2.149e+00, 9.983e+02, 1.905e-07
1.555e+00, 5.000e-01, -9.850e-01, 1.182e+05, 0.000e+00, 4.248e-04, 0.000e+00, 2.147e+00, 9.983e+02, 1.824e-07
1.555e+00, 5.000e-01, -9.750e-01, 1.181e+05, 0.000e+00, 4.111e-04, 0.000e+00, 2.145e+00, 9.983e+02, 1.765e-07
1.555e+00, 5.000e-01, -9.650e-01, 1.180e+05, 0.000e+00, 4.223e-04, 0.000e+00, 2.143e+00, 9.983e+02, 1.813e-07
1.555e+00, 5.000e-01, -9.550e-01, 1.179e+05, 0.000e+00, 4.425e-04, 0.000e+00, 2.141e+00, 9.983e+02, 1.899e-07
1.555e+00, 5.000e-01, -9.450e-01, 1.178e+05, 0.000e+00, 4.794e-04, 0.000e+00, 2.140e+00, 9.984e+02, 2.058e-07
1.555e+00, 5.000e-01, -9.350e-01, 1.177e+05, 0.000e+00, 5.032e-04, 0.000e+00, 2.138e+00, 9.984e+02, 2.160e-07
1.555e+00, 5.000e-01, -9.250e-01, 1.176e+05, 0.000e+00, 4.878e-04, 0.000e+00, 2.136e+00, 9.984e+02, 2.094e-07
1.555e+00, 5.000e-01, -9.150e-01, 1.175e+05, 0.000e+00, 4.683e-04, 0.000e+00, 2.134e+00, 9.983e+02, 2.010e-07
1.555e+00, 5.000e-01, -9.050e-01, 1.174e+05, 0.000e+00, 4.638e-04, 0.000e+00, 2.132e+00, 9.983e+02, 1.991e-07
1.555e+00, 5.000e-01, -8.950e-01, 1.173e+05, 0.000e+00, 5.175e-04, 0.000e+00, 2.131e+00, 9.984e+02, 2.222e-07
1.555e+00, 5.000e-01, -8.850e-01, 1.172e+05, 0.000e+00, 6.282e-04, 0.000e+00, 2.129e+00, 9.984e+02, 2.697e-07
1.555e+00, 5.000e-01, -8.750e-01, 1.171e+05, 0.000e+00, 6.933e-04, 0.000e+00, 2.127e+00, 9.984e+02, 2.976e-07
1.555e+00, 5.000e-01, -8.650e-01, 1.170e+05, 0.000e+00, 7.016e-04, 0.000e+00, 2.125e+00, 9.984e+02, 3.012e-07
1.555e+00, 5.000e-01, -8.550e-01, 1.169e+05, 0.000e+00, 6.861e-04, 0.000e+00, 2.124e+00, 9.984e+02, 2.945e-07
1.555e+00, 5.000e-01, -8.450e-01, 1.168e+05, 0.000e+00, 6.752e-04, 0.000e+00, 2.122e+00, 9.984e+02, 2.899e-07
1.555e+00, 5.000e-01, -8.350e-01, 1.167e+05, 0.000e+00, 6.703e-04, 0.000e+00, 2.120e+00, 9.984e+02, 2.877e-07
1.555e+00, 5.000e-01, -8.250e-01, 1.166e+05, 0.000e+00, 6.681e-04, 0.000e+00, 2.118e+00, 9.984e+02, 2.868e-07
1.555e+00, 5.000e-01, -8.150e-01, 1.165e+05, 0.000e+00, 6.669e-04, 0.000e+00, 2.116e+00, 9.984e+02, 2.863e-07
1.555e+00, 5.000e-01, -8.050e-01, 1.164e+05, 0.000e+00, 6.670e-04, 0.000e+00, 2.115e+00, 9.984e+02, 2.864e-07
1.555e+00, 5.000e-01, -7.950e-01, 1.163e+05, 0.000e+00, 6.706e-04, 0.000e+00, 2.113e+00, 9.984e+02, 2.879e-07
1.555e+00, 5.000e-01, -7.850e-01, 1.162e+05, 0.000e+00, 6.771e-04, 0.000e+00, 2.111e+00, 9.984e+02, 2.907e-07
1.555e+00, 5.000e-01, -7.750e-01, 1.161e+05, 0.000e+00, 6.885e-04, 0.000e+00, 2.109e+00, 9.984e+02, 2.956e-07
1.555e+00, 5.000e-01, -7.650e-01, 1.160e+05, 0.000e+00, 7.141e-04, 0.000e+00, 2.107e+00, 9.984e+02, 3.066e-07
1.555e+00, 5.000e-01, -7.550e-01, 1.159e+05, 0.000e+00, 7.227e-04, 0.000e+00, 2.106e+00, 9.984e+02, 3.103e-07
1.555e+00, 5.000e-01, -7.450e-01, 1.158e+05, 0.000e+00, 6.825e-04, 0.000e+00, 2.104e+00, 9.984e+02, 2.930e-07
1.555e+00, 5.000e-01, -7.350e-01, 1.157e+05, 6.760e-07, 7.161e-04, 0.000e+00, 2.102e+00, 9.984e+02, 3.074e-07
1.555e+00, 5.000e-01, -7.250e-01, 1.156e+05, 4.725e-01, 1.895e-03, 0.000e+00, 2.100e+00, 9.986e+02, 8.559e-07
1.555e+00, 5.000e-01, -7.150e-01, 1.156e+05, 8.683e-01, 1.895e-03, 0.000e+00, 2.100e+00, 9.986e+02, 8.914e-07
1.555e+00, 5.000e-01, -7.050e-01, 1.156e+05, 8.724e-01, 1.895e-03, 0.000e+00, 2.100e+00, 9.986e+02, 8.917e-07
1.555e+00, 5.000e-01, -6.950e-01, 1.168e+05, 6.240e-07, 5.676e-04, 0.000e+00, 2.122e+00, 9.984e+02, 2.471e-07
1.555e+00, 5.000e-01, -6.850e-01, 1.167e+05, 0.000e+00, 4.086e-04, 0.000e+00, 2.120e+00, 9.983e+02, 1.795e-07
1.555e+00, 5.000e-01, -6.750e-01, 1.166e+05, 0.000e+00, 2.779e-04, 0.000e+00, 2.119e+00, 9.983e+02, 1.221e-07
1.555e+00, 5.000e-01, -6.650e-01, 1.165e+05, 0.000e+00, 1.772e-04, 0.000e+00, 2.117e+00, 9.983e+02, 7.782e-08
1.555e+00, 5.000e-01, -6.550e-01, 1.164e+05, 0.000e+00, 1.067e-04, 0.000e+00, 2.115e+00, 9.983e+02, 4.686e-08
1.555e+00, 5.000e-01, -6.450e-01, 1.163e+05, 0.000e+00, 6.435e-05, 0.000e+00, 2.113e+00, 9.983e+02, 2.827e-08
1.555e+00, 5.000e-01, -6.350e-01, 1.162e+05, 0.000e+00, 4.745e-05, 0.000e+00, 2.111e+00, 9.983e+02, 2.084e-08
1.555e+00, 5.000e-01, -6.250e-01, 1.161e+05, 0.000e+00, 5.530e-05, 0.000e+00, 2.110e+00, 9.983e+02, 2.429e-08
1.555e+00, 5.000e-01, -6.150e-01, 1.160e+05, 0.000e+00, 9.080e-05, 0.000e+00, 2.108e+00, 9.983e+02, 3.988e-08
1.555e+00, 5.000e-01, -6.050e-01, 1.159e+05, 0.000e+00, 1.591e-04, 0.000e+00, 2.106e+00, 9.983e+02, 6.988e-08
1.555e+00, 5.000e-01, -5.950e-01, 1.158e+05, 0.000e+00, 2.628e-04, 0.000e+00, 2.104e+00, 9.983e+02, 1.154e-07
1.555e+00, 5.000e-01, -5.850e-01, 1.157e+05, 0.000e+00, 3.952e-04, 0.000e+00, 2.102e+00, 9.983e+02, 1.736e-07
1.555e+00, 5.000e-01, -5.750e-01, 1.156e+05, 0.000e+00, 5.354e-04, 0.000e+00, 2.101e+00, 9.984e+02, 2.352e-07
1.555e+00, 5.000e-01, -5.650e-01, 1.155e+05, 0.000e+00, 6.523e-04, 0.000e+00, 2.099e+00, 9.984e+02, 2.866e-07
1.555e+00, 5.000e-01, -5.550e-01, 1.140e+05, 0.000e+00, 7.187e-04, 0.000e+00, 2.070e+00, 9.984e+02, 3.229e-07
1.555e+00, 5.000e-01, -5.450e-01, 1.139e+05, 0.000e+00, 7.277e-04, 0.000e+00, 2.068e+00, 9.984e+02, 3.269e-07
1.555e+00, 5.000e-01, -5.350e-01, 1.138e+05, 0.000e+00, 7.062e-04, 0.000e+00, 2.067e+00, 9.984e+02, 3.173e-07
1.555e+00, 5.000e-01, -5.250e-01, 1.137e+05, 0.000e+00, 6.788e-04, 0.000e+00, 2.065e+00, 9.984e+02, 3.050e-07
1.555e+00, 5.000e-01, -5.150e-01, 1.136e+05, 0.000e+00, 6.548e-04, 0.000e+00, 2.063e+00, 9.984e+02, 2.942e-07
1.555e+00, 5.000e-01, -5.050e-01, 1.135e+05, 0.000e+00, 6.342e-04, 0.000e+00, 2.061e+00, 9.984e+02, 2.776e-07
1.555e+00, 5.000e-01, -4.950e-01, 1.134e+05, 0.000e+00, 6.158e-04, 0.000e+00, 2.059e+00, 9.984e+02, 2.644e-07
1.555e+00, 5.000e-01, -4.850e-01, 1.133e+05, 0.000e+00, 6.008e-04, 0.000e+00, 2.057e+00, 9.984e+02, 2.579e-07
1.555e+00, 5.000e-01, -4.750e-01, 1.132e+05, 0.000e+00, 5.893e-04, 0.000e+00, 2.056e+00, 9.984e+02, 2.530e-07
1.555e+00, 5.000e-01, -4.650e-01, 1.131e+05, 0.000e+00, 5.805e-04, 0.000e+00, 2.054e+00, 9.984e+02, 2.492e-07
1.555e+00, 5.000e-01, -4.550e-01, 1.130e+05, 0.000e+00, 5.733e-04, 0.000e+00, 2.052e+00, 9.984e+02, 2.461e-07
1.555e+00, 5.000e-01, -4.450e-01, 1.129e+05, 0.000e+00, 5.671e-04, 0.000e+00, 2.050e+00, 9.984e+02, 2.435e-07
1.555e+00, 5.000e-01, -4.350e-01, 1.128e+05, 0.000e+00, 5.612e-04, 0.000e+00, 2.048e+00, 9.984e+02, 2.409e-07
1.555e+00, 5.000e-01, -4.250e-01, 1.127e+05, 0.000e+00, 5.549e-04, 0.000e+00, 2.047e+00, 9.984e+02, 2.382e-07
1.555e+00, 5.000e-01, -4.150e-01, 1.126e+05, 0.000e+00, 5.475e-04, 0.000e+00, 2.045e+00, 9.984e+02, 2.350e-07
1.555e+00, 5.000e-01, -4.050e-01, 1.125e+05, 0.000e+00, 5.383e-04, 0.000e+00, 2.043e+00, 9.984e+02, 2.311e-07
1.555e+00, 5.000e-01, -3.950e-01, 1.124e+05, 0.000e+00, 5.261e-04, 0.000e+00, 2.041e+00, 9.984e+02, 2.258e-07
1.555e+00, 5.000e-01, -3.850e-01, 1.123e+05, 0.000e+00, 5.085e-04, 0.000e+00, 2.039e+00, 9.984e+02, 2.183e-07
1.555e+00, 5.000e-01, -3.750e-01, 1.122e+05, 0.000e+00, 4.839e-04, 0.000e+00, 2.038e+00, 9.983e+02, 2.077e-07
1.555e+00, 5.000e-01, -3.650e-01, 1.121e+05, 0.000e+00, 4.595e-04, 0.000e+00, 2.036e+00, 9.983e+02, 2.043e-07
1.555e+00, 5.000e-01, -3.550e-01, 1.120e+05, 0.000e+00, 4.601e-04, 0.000e+00, 2.034e+00, 9.983e+02, 2.067e-07
1.555e+00, 5.000e-01, -3.450e-01, 1.119e+05, 0.000e+00, 4.986e-04, 0.000e+00, 2.033e+00, 9.984e+02, 2.240e-07
1.555e+00, 5.000e-01, -3.350e-01, 1.118e+05, 0.000e+00, 5.456e-04, 0.000e+00, 2.031e+00, 9.984e+02, 2.451e-07
1.555e+00, 5.000e-01, -3.250e-01, 1.117e+05, 0.000e+00, 5.795e-04, 0.000e+00, 2.029e+00, 9.984e+02, 2.604e-07
1.555e+00, 5.000e-01, -3.150e-01, 1.116e+05, 0.000e+00, 6.057e-04, 0.000e+00, 2.027e+00, 9.984e+02, 2.721e-07
1.555e+00, 5.000e-01, -3.050e-01, 1.115e+05, 0.000e+00, 6.184e-04, 0.000e+00, 2.025e+00, 9.984e+02, 2.778e-07
1.555e+00, 5.000e-01, -2.950e-01, 1.114e+05, 0.000e+00, 6.133e-04, 0.000e+00, 2.024e+00, 9.984e+02, 2.755e-07
1.555e+00, 5.000e-01, -2.850e-01, 1.113e+05, 0.000e+00, 5.854e-04, 0.000e+00, 2.022e+00, 9.984e+02, 2.604e-07
1.555e+00, 5.000e-01, -2.750e-01, 1.113e+05, 0.000e+00, 5.441e-04, 0.000e+00, 2.021e+00, 9.984e+02, 2.390e-07
1.555e+00, 5.000e-01, -2.650e-01, 1.112e+05, 0.000e+00, 5.104e-04, 0.000e+00, 2.020e+00, 9.984e+02, 2.242e-07
1.555e+00, 5.000e-01, -2.550e-01, 1.111e+05, 0.000e+00, 4.860e-04, 0.000e+00, 2.018e+00, 9.983e+02, 2.135e-07
1.555e+00, 5.000e-01, -2.450e-01, 1.110e+05, 0.000e+00, 4.725e-04, 0.000e+00, 2.016e+00, 9.983e+02, 2.076e-07
1.555e+00, 5.000e-01, -2.350e-01, 1.109e+05, 0.000e+00, 4.699e-04, 0.000e+00, 2.014e+00, 9.983e+02, 2.064e-07
1.555e+00, 5.000e-01, -2.250e-01, 1.108e+05, 0.000e+00, 4.767e-04, 0.000e+00, 2.012e+00, 9.983e+02, 2.094e-07
1.555e+00, 5.000e-01, -2.150e-01, 1.107e+05, 0.000e+00, 4.896e-04, 0.000e+00, 2.011e+00, 9.983e+02, 2.151e-07
1.555e+00, 5.000e-01, -2.050e-01, 1.108e+05, 0.000e+00, 5.029e-04, 0.000e+00, 2.012e+00, 9.984e+02, 2.179e-07
1.555e+00, 5.000e-01, -1.950e-01, 1.107e+05, 0.000e+00, 4.982e-04, 0.000e+00, 2.011e+00, 9.984e+02, 2.139e-07
1.555e+00, 5.000e-01, -1.850e-01, 1.106e+05, 0.000e+00, 4.836e-04, 0.000e+00, 2.009e+00, 9.983e+02, 2.076e-07
1.555e+00, 5.000e-01, -1.750e-01, 1.105e+05, 0.000e+00, 4.630e-04, 0.000e+00, 2.007e+00, 9.983e+02, 1.988e-07
1.555e+00, 5.000e-01, -1.650e-01, 1.104e+05, 0.000e+00, 4.340e-04, 0.000e+00, 2.005e+00, 9.983e+02, 1.863e-07
1.555e+00, 5.000e-01, -1.550e-01, 1.103e+05, 0.000e+00, 3.913e-04, 0.000e+00, 2.004e+00, 9.983e+02, 1.680e-07
1.555e+00, 5.000e-01, -1.450e-01, 1.102e+05, 0.000e+00, 3.292e-04, 0.000e+00, 2.002e+00, 9.983e+02, 1.413e-07
1.555e+00, 5.000e-01, -1.350e-01, 1.113e+05, 0.000e+00, 2.501e-04, 0.000e+00, 2.022e+00, 9.983e+02, 1.088e-07
1.555e+00, 5.000e-01, -1.250e-01, 1.112e+05, 0.000e+00, 1.672e-04, 0.000e+00, 2.020e+00, 9.983e+02, 7.346e-08
1.555e+00, 5.000e-01, -1.150e-01, 1.111e+05, 0.000e+00, 9.998e-05, 0.000e+00, 2.018e+00, 9.983e+02, 4.391e-08
1.555e+00, 5.000e-01, -1.050e-01, 1.110e+05, 0.000e+00, 5.490e-05, 0.000e+00, 2.017e+00, 9.983e+02, 2.411e-08
1.555e+00, 5.000e-01, -9.500e-02, 1.109e+05, 0.000e+00, 2.840e-05, 0.000e+00, 2.015e+00, 9.983e+02, 1.248e-08
1.555e+00, 5.000e-01, -8.500e-02, 1.108e+05, 0.000e+00, 1.410e-05, 0.000e+00, 2.013e+00, 9.983e+02, 6.194e-09
1.555e+00, 5.000e-01, -7.500e-02, 1.107e+05, 0.000e+00, 6.783e-06, 0.000e+00, 2.011e+00, 9.983e+02, 2.979e-09
1.555e+00, 5.000e-01, -6.500e-02, 1.106e+05, 0.000e+00, 3.166e-06, 0.000e+00, 2.009e+00, 9.983e+02, 1.390e-09
1.555e+00, 5.000e-01, -5.500e-02, 1.105e+05, 0.000e+00, 1.429e-06, 0.000e+00, 2.008e+00, 9.983e+02, 6.276e-10
1.555e+00, 5.000e-01, -4.500e-02, 1.104e+05, 0.000e+00, 6.212e-07, 0.000e+00, 2.006e+00, 9.983e+02, 2.728e-10
1.555e+00, 5.000e-01, -3.500e-02, 1.103e+05, 0.000e+00, 2.594e-07, 0.000e+00, 2.004e+00, 9.983e+02, 1.139e-10
1.555e+00, 5.000e-01, -2.500e-02, 1.102e+05, 0.000e+00, 1.042e-07, 0.000e+00, 2.002e+00, 9.983e+02, 4.578e-11
1.555e+00, 5.000e-01, -1.500e-02, 1.101e+05, 0.000e+00, 4.102e-08, 0.000e+00, 2.000e+00, 9.983e+02, 1.802e-11
1.555e+00, 5.000e-01, -5.000e-03, 1.100e+05, 0.000e+00, 1.693e-08, 0.000e+00, 1.999e+00, 9.983e+02, 7.438e-12
1.565e+00, 5.000e-01, -1.195e+00, 1.202e+05, 0.000e+00, 1.002e-13, 0.000e+00, 2.184e+00, 9.983e+02, 2.000e-17
1.565e+00, 5.000e-01, -1.185e+00, 1.201e+05, 0.000e+00, 1.002e-13, 0.000e+00, 2.182e+00, 9.983e+02, 2.000e-17
1.565e+00, 5.000e-01, -1.175e+00, 1.200e+05, 0.000e+00, 1.002e-13, 0.000e+00, 2.181e+00, 9.983e+02, 2.000e-17
1.565e+00, 5.000e-01, -1.165e+00, 1.199e+05, 0.000e+00, 1.002e-13, 0.000e+00, 2.179e+00, 9.983e+02, 2.000e-17
1.565e+00, 5.000e-01, -1.155e+00, 1.198e+05, 0.000e+00, 1.002e-13, 0.000e+00, 2.177e+00, 9.983e+02, 2.000e-17
1.565e+00, 5.000e-01, -1.145e+00, 1.197e+05, 0.000e+00, 1.002e-13, 0.000e+00, 2.175e+00, 9.983e+02, 2.000e-17
1.565e+00, 5.000e-01, -1.135e+00, 1.196e+05, 0.000e+00, 1.002e-13, 0.000e+00, 2.173e+00, 9.983e+02, 2.000e-17
1.565e+00, 5.000e-01, -1.125e+00, 1.195e+05, 0.000e+00, 1.002e-13, 0.000e+00, 2.172e+00, 9.983e+02, 2.000e-17
1.565e+00, 5.000e-01, -1.115e+00, 1.194e+05, 0.000e+00, 1.002e-13, 0.000e+00, 2.170e+00, 9.983e+02, 2.000e-17
1.565e+00, 5.000e-01, -1.105e+00, 1.193e+05, 0.000e+00, 1.002e-13, 0.000e+00, 2.168e+00, 9.983e+02, 2.000e-17
1.565e+00, 5.000e-01, -1.095e+00, 1.192e+05, 0.000e+00, 1.002e-13, 0.000e+00, 2.166e+00, 9.983e+02, 2.000e-17
1.565e+00, 5.000e-01, -1.085e+00, 1.191e+05, 0.000e+00, 1.002e-13, 0.000e+00, 2.165e+00, 9.983e+02, 2.000e-17
1.565e+00, 5.000e-01, -1.075e+00, 1.190e+05, 0.000e+00, 3.786e-09, 0.000e+00, 2.163e+00, 9.983e+02, 1.625e-12
1.565e+00, 5.000e-01, -1.065e+00, 1.189e+05, 0.000e+00, 7.945e-04, 0.000e+00, 2.161e+00, 9.984e+02, 3.411e-07
1.565e+00, 5.000e-01, -1.055e+00, 1.188e+05, 0.000e+00, 7.460e-04, 0.000e+00, 2.159e+00, 9.984e+02, 3.203e-07
1.565e+00, 5.000e-01, -1.045e+00, 1.187e+05, 0.000e+00, 6.700e-04, 0.000e+00, 2.158e+00, 9.984e+02, 2.877e-07
1.565e+00, 5.000e-01, -1.035e+00, 1.186e+05, 0.000e+00, 5.901e-04, 0.000e+00, 2.156e+00, 9.984e+02, 2.533e-07
1.565e+00, 5.000e-01, -1.025e+00, 1.185e+05, 0.000e+00, 5.273e-04, 0.000e+00, 2.154e+00, 9.984e+02, 2.264e-07
1.565e+00, 5.000e-01, -1.015e+00, 1.185e+05, 0.000e+00, 4.855e-04, 0.000e+00, 2.152e+00, 9.984e+02, 2.084e-07
1.565e+00, 5.000e-01, -1.005e+00, 1.184e+05, 0.000e+00, 4.571e-04, 0.000e+00, 2.150e+00, 9.983e+02, 1.963e-07
1.565e+00, 5.000e-01, -9.950e-01, 1.183e+05, 0.000e+00, 4.349e-04, 0.000e+00, 2.149e+00, 9.983e+02, 1.867e-07
1.565e+00, 5.000e-01, -9.850e-01, 1.182e+05, 0.000e+00, 4.163e-04, 0.000e+00, 2.147e+00, 9.983e+02, 1.787e-07
1.565e+00, 5.000e-01, -9.750e-01, 1.181e+05, 0.000e+00, 4.217e-04, 0.000e+00, 2.145e+00, 9.983e+02, 1.810e-07
1.565e+00, 5.000e-01, -9.650e-01, 1.180e+05, 0.000e+00, 4.845e-04, 0.000e+00, 2.143e+00, 9.984e+02, 2.080e-07
1.565e+00, 5.000e-01, -9.550e-01, 1.179e+05, 0.000e+00, 5.237e-04, 0.000e+00, 2.141e+00, 9.984e+02, 2.248e-07
1.565e+00, 5.000e-01, -9.450e-01, 1.178e+05, 0.000e+00, 5.397e-04, 0.000e+00, 2.140e+00, 9.984e+02, 2.317e-07
1.565e+00, 5.000e-01, -9.350e-01, 1.177e+05, 0.000e+00, 5.430e-04, 0.000e+00, 2.138e+00, 9.984e+02, 2.331e-07
1.565e+00, 5.000e-01, -9.250e-01, 1.176e+05, 0.000e+00, 5.337e-04, 0.000e+00, 2.136e+00, 9.984e+02, 2.291e-07
1.565e+00, 5.000e-01, -9.150e-01, 1.175e+05, 0.000e+00, 5.175e-04, 0.000e+00, 2.134e+00, 9.984e+02, 2.222e-07
1.565e+00, 5.000e-01, -9.050e-01, 1.174e+05, 0.000e+00, 5.086e-04, 0.000e+00, 2.132e+00, 9.984e+02, 2.183e-07
1.565e+00, 5.000e-01, -8.950e-01, 1.173e+05, 0.000e+00, 5.299e-04, 0.000e+00, 2.131e+00, 9.984e+02, 2.275e-07
1.565e+00, 5.000e-01, -8.850e-01, 1.172e+05, 0.000e+00, 5.930e-04, 0.000e+00, 2.129e+00, 9.984e+02, 2.546e-07
1.565e+00, 5.000e-01, -8.750e-01, 1.171e+05, 0.000e+00, 6.550e-04, 0.000e+00, 2.127e+00, 9.984e+02, 2.812e-07
1.565e+00, 5.000e-01, -8.650e-01, 1.170e+05, 0.000e+00, 6.933e-04, 0.000e+00, 2.125e+00, 9.984e+02, 2.976e-07
1.565e+00, 5.000e-01, -8.550e-01, 1.169e+05, 0.000e+00, 7.141e-04, 0.000e+00, 2.124e+00, 9.984e+02, 3.066e-07
1.565e+00, 5.000e-01, -8.450e-01, 1.168e+05, 0.000e+00, 7.230e-04, 0.000e+00, 2.122e+00, 9.984e+02, 3.104e-07
1.565e+00, 5.000e-01, -8.350e-01, 1.167e+05, 0.000e+00, 7.244e-04, 0.000e+00, 2.120e+00, 9.984e+02, 3.110e-07
1.565e+00, 5.000e-01, -8.250e-01, 1.166e+05, 0.000e+00, 7.212e-04, 0.000e+00, 2.118e+00, 9.984e+02, 3.096e-07
1.565e+00, 5.000e-01, -8.150e-01, 1.165e+05, 0.000e+00, 7.153e-04, 0.000e+00, 2.116e+00, 9.984e+02, 3.071e-07
1.565e+00, 5.000e-01, -8.050e-01, 1.164e+05, 0.000e+00, 7.084e-04, 0.000e+00, 2.115e+00, 9.984e+02, 3.041e-07
1.565e+00, 5.000e-01, -7.950e-01, 1.163e+05, 0.000e+00, 7.013e-04, 0.000e+00, 2.113e+00, 9.984e+02, 3.011e-07
1.565e+00, 5.000e-01, -7.850e-01, 1.162e+05, 0.000e+00, 6.942e-04, 0.000e+00, 2.111e+00, 9.984e+02, 2.980e-07
1.565e+00, 5.000e-01, -7.750e-01, 1.161e+05, 0.000e+00, 6.868e-04, 0.000e+00, 2.109e+00, 9.984e+02, 2.949e-07
1.565e+00, 5.000e-01, -7.650e-01, 1.160e+05, 0.000e+00, 6.766e-04, 0.000e+00, 2.107e+00, 9.984e+02, 2.905e-07
1.565e+00, 5.000e-01, -7.550e-01, 1.159e+05, 0.000e+00, 6.324e-04, 0.000e+00, 2.106e+00, 9.984e+02, 2.715e-07
1.565e+00, 5.000e-01, -7.450e-01, 1.158e+05, 0.000e+00, 6.167e-04, 0.000e+00, 2.104e+00, 9.984e+02, 2.647e-07
1.565e+00, 5.000e-01, -7.350e-01, 1.157e+05, 6.759e-07, 6.659e-04, 0.000e+00, 2.102e+00, 9.984e+02, 2.859e-07
1.565e+00, 5.000e-01, -7.250e-01, 1.156e+05, 4.725e-01, 1.895e-03, 0.000e+00, 2.100e+00, 9.986e+02, 8.559e-07
1.565e+00, 5.000e-01, -7.150e-01, 1.156e+05, 8.683e-01, 1.895e-03, 0.000e+00, 2.100e+00, 9.986e+02, 8.914e-07
1.565e+00, 5.000e-01, -7.050e-01, 1.156e+05, 8.724e-01, 1.895e-03, 0.000e+00, 2.100e+00, 9.986e+02, 8.917e-07
1.565e+00, 5.000e-01, -6.950e-01, 1.168e+05, 6.240e-07, 5.938e-04, 0.000e+00, 2.122e+00, 9.984e+02, 2.580e-07
1.565e+00, 5.000e-01, -6.850e-01, 1.167e+05, 0.000e+00, 4.150e-04, 0.000e+00, 2.120e+00, 9.983e+02, 1.823e-07
1.565e+00, 5.000e-01, -6.750e-01, 1.166e+05, 0.000e+00, 2.793e-04, 0.000e+00, 2.119e+00, 9.983e+02, 1.227e-07
1.565e+00, 5.000e-01, -6.650e-01, 1.165e+05, 0.000e+00, 1.772e-04, 0.000e+00, 2.117e+00, 9.983e+02, 7.782e-08
1.565e+00, 5.000e-01, -6.550e-01, 1.164e+05, 0.000e+00, 1.064e-04, 0.000e+00, 2.115e+00, 9.983e+02, 4.674e-08
1.565e+00, 5.000e-01, -6.450e-01, 1.163e+05, 0.000e+00, 6.415e-05, 0.000e+00, 2.113e+00, 9.983e+02, 2.818e-08
1.565e+00, 5.000e-01, -6.350e-01, 1.162e+05, 0.000e+00, 4.732e-05, 0.000e+00, 2.111e+00, 9.983e+02, 2.079e-08
1.565e+00, 5.000e-01, -6.250e-01, 1.161e+05, 0.000e+00, 5.518e-05, 0.000e+00, 2.110e+00, 9.983e+02, 2.424e-08
1.565e+00, 5.000e-01, -6.150e-01, 1.160e+05, 0.000e+00, 9.059e-05, 0.000e+00, 2.108e+00, 9.983e+02, 3.979e-08
1.565e+00, 5.000e-01, -6.050e-01, 1.159e+05, 0.000e+00, 1.587e-04, 0.000e+00, 2.106e+00, 9.983e+02, 6.970e-08
1.565e+00, 5.000e-01, -5.950e-01, 1.158e+05, 0.000e+00, 2.621e-04, 0.000e+00, 2.104e+00, 9.983e+02, 1.151e-07
1.565e+00, 5.000e-01, -5.850e-01, 1.157e+05, 0.000e+00, 3.943e-04, 0.000e+00, 2.102e+00, 9.983e+02, 1.732e-07
1.565e+00, 5.000e-01, -5.750e-01, 1.156e+05, 0.000e+00, 5.347e-04, 0.000e+00, 2.101e+00, 9.984e+02, 2.349e-07
1.565e+00, 5.000e-01, -5.650e-01, 1.155e+05, 0.000e+00, 6.524e-04, 0.000e+00, 2.099e+00, 9.984e+02, 2.866e-07
1.565e+00, 5.000e-01, -5.550e-01, 1.140e+05, 0.000e+00, 7.207e-04, 0.000e+00, 2.070e+00, 9.984e+02, 3.236e-07
1.565e+00, 5.000e-01, -5.450e-01, 1.139e+05, 0.000e+00, 7.306e-04, 0.000e+00, 2.068e+00, 9.984e+02, 3.282e-07
1.565e+00, 5.000e-01, -5.350e-01, 1.138e+05, 0.000e+00, 7.089e-04, 0.000e+00, 2.067e+00, 9.984e+02, 3.185e-07
1.565e+00, 5.000e-01, -5.250e-01, 1.137e+05, 0.000e+00, 6.810e-04, 0.000e+00, 2.065e+00, 9.984e+02, 3.060e-07
1.565e+00, 5.000e-01, -5.150e-01, 1.136e+05, 0.000e+00, 6.563e-04, 0.000e+00, 2.063e+00, 9.984e+02, 2.949e-07
1.565e+00, 5.000e-01, -5.050e-01, 1.135e+05, 0.000e+00, 6.347e-04, 0.000e+00, 2.061e+00, 9.984e+02, 2.781e-07
1.565e+00, 5.000e-01, -4.950e-01, 1.134e+05, 0.000e+00, 6.159e-04, 0.000e+00, 2.059e+00, 9.984e+02, 2.644e-07
1.565e+00, 5.000e-01, -4.850e-01, 1.133e+05, 0.000e+00, 6.007e-04, 0.000e+00, 2.057e+00, 9.984e+02, 2.579e-07
1.565e+00, 5.000e-01, -4.750e-01, 1.132e+05, 0.000e+00, 5.890e-04, 0.000e+00, 2.056e+00, 9.984e+02, 2.529e-07
1.565e+00, 5.000e-01, -4.650e-01, 1.131e+05, 0.000e+00, 5.802e-04, 0.000e+00, 2.054e+00, 9.984e+02, 2.491e-07
1.565e+00, 5.000e-01, -4.550e-01, 1.130e+05, 0.000e+00, 5.734e-04, 0.000e+00, 2.052e+00, 9.984e+02, 2.462e-07
1.565e+00, 5.000e-01, -4.450e-01, 1.129e+05, 0.000e+00, 5.679e-04, 0.000e+00, 2.050e+00, 9.984e+02, 2.438e-07
1.565e+00, 5.000e-01, -4.350e-01, 1.128e+05, 0.000e+00, 5.629e-04, 0.000e+00, 2.048e+00, 9.984e+02, 2.417e-07
1.565e+00, 5.000e-01, -4.250e-01, 1.127e+05, 0.000e+00, 5.579e-04, 0.000e+00, 2.047e+00, 9.984e+02, 2.395e-07
1.565e+00, 5.000e-01, -4.150e-01, 1.126e+05, 0.000e+00, 5.520e-04, 0.000e+00, 2.045e+00, 9.984e+02, 2.370e-07
1.565e+00, 5.000e-01, -4.050e-01, 1.125e+05, 0.000e+00, 5.442e-04, 0.000e+00, 2.043e+00, 9.984e+02, 2.336e-07
1.565e+00, 5.000e-01, -3.950e-01, 1.124e+05, 0.000e+00, 5.336e-04, 0.000e+00, 2.041e+00, 9.984e+02, 2.291e-07
1.565e+00, 5.000e-01, -3.850e-01, 1.123e+05, 0.000e+00, 5.184e-04, 0.000e+00, 2.039e+00, 9.984e+02, 2.226e-07
1.565e+00, 5.000e-01, -3.750e-01, 1.122e+05, 0.000e+00, 4.946e-04, 0.000e+00, 2.038e+00, 9.984e+02, 2.123e-07
1.565e+00, 5.000e-01, -3.650e-01, 1.121e+05, 0.000e+00, 4.631e-04, 0.000e+00, 2.036e+00, 9.983e+02, 2.054e-07
1.565e+00, 5.000e-01, -3.550e-01, 1.120e+05, 0.000e+00, 4.404e-04, 0.000e+00, 2.034e+00, 9.983e+02, 1.978e-07
1.565e+00, 5.000e-01, -3.450e-01, 1.119e+05, 0.000e+00, 4.348e-04, 0.000e+00, 2.033e+00, 9.983e+02, 1.953e-07
1.565e+00, 5.000e-01, -3.350e-01, 1.118e+05, 0.000e+00, 4.558e-04, 0.000e+00, 2.031e+00, 9.983e+02, 2.048e-07
1.565e+00, 5.000e-01, -3.250e-01, 1.117e+05, 0.000e+00, 5.142e-04, 0.000e+00, 2.029e+00, 9.984e+02, 2.310e-07
1.565e+00, 5.000e-01, -3.150e-01, 1.116e+05, 0.000e+00, 5.640e-04, 0.000e+00, 2.027e+00, 9.984e+02, 2.534e-07
1.565e+00, 5.000e-01, -3.050e-01, 1.115e+05, 0.000e+00, 6.004e-04, 0.000e+00, 2.025e+00, 9.984e+02, 2.698e-07
1.565e+00, 5.000e-01, -2.950e-01, 1.114e+05, 0.000e+00, 6.217e-04, 0.000e+00, 2.024e+00, 9.984e+02, 2.793e-07
1.565e+00, 5.000e-01, -2.850e-01, 1.113e+05, 0.000e+00, 6.171e-04, 0.000e+00, 2.022e+00, 9.984e+02, 2.751e-07
1.565e+00, 5.000e-01, -2.750e-01, 1.113e+05, 0.000e+00, 5.860e-04, 0.000e+00, 2.021e+00, 9.984e+02, 2.574e-07
1.565e+00, 5.000e-01, -2.650e-01, 1.112e+05, 0.000e+00, 5.532e-04, 0.000e+00, 2.020e+00, 9.984e+02, 2.430e-07
1.565e+00, 5.000e-01, -2.550e-01, 1.111e+05, 0.000e+00, 5.275e-04, 0.000e+00, 2.018e+00, 9.984e+02, 2.317e-07
1.565e+00, 5.000e-01, -2.450e-01, 1.110e+05, 0.000e+00, 5.107e-04, 0.000e+00, 2.016e+00, 9.984e+02, 2.243e-07
1.565e+00, 5.000e-01, -2.350e-01, 1.109e+05, 0.000e+00, 5.021e-04, 0.000e+00, 2.014e+00, 9.984e+02, 2.206e-07
1.565e+00, 5.000e-01, -2.250e-01, 1.108e+05, 0.000e+00, 4.991e-04, 0.000e+00, 2.012e+00, 9.984e+02, 2.192e-07
1.565e+00, 5.000e-01, -2.150e-01, 1.107e+05, 0.000e+00, 4.973e-04, 0.000e+00, 2.011e+00, 9.984e+02, 2.184e-07
1.565e+00, 5.000e-01, -2.050e-01, 1.108e+05, 0.000e+00, 4.899e-04, 0.000e+00, 2.012e+00, 9.983e+02, 2.124e-07
1.565e+00, 5.000e-01, -1.950e-01, 1.107e+05, 0.000e+00, 4.742e-04, 0.000e+00, 2.011e+00, 9.983e+02, 2.036e-07
1.565e+00, 5.000e-01, -1.850e-01, 1.106e+05, 0.000e+00, 4.604e-04, 0.000e+00, 2.009e+00, 9.983e+02, 1.977e-07
1.565e+00, 5.000e-01, -1.750e-01, 1.105e+05, 0.000e+00, 4.481e-04, 0.000e+00, 2.007e+00, 9.983e+02, 1.924e-07
1.565e+00, 5.000e-01, -1.650e-01, 1.104e+05, 0.000e+00, 4.324e-04, 0.000e+00, 2.005e+00, 9.983e+02, 1.856e-07
1.565e+00, 5.000e-01, -1.550e-01, 1.103e+05, 0.000e+00, 4.027e-04, 0.000e+00, 2.004e+00, 9.983e+02, 1.729e-07
1.565e+00, 5.000e-01, -1.450e-01, 1.102e+05, 0.000e+00, 3.486e-04, 0.000e+00, 2.002e+00, 9.983e+02, 1.496e-07
1.565e+00, 5.000e-01, -1.350e-01, 1.101e+05, 0.000e+00, 2.698e-04, 0.000e+00, 2.000e+00, 9.983e+02, 1.171e-07
1.565e+00, 5.000e-01, -1.250e-01, 1.112e+05, 0.000e+00, 1.837e-04, 0.000e+00, 2.020e+00, 9.983e+02, 8.068e-08
1.565e+00, 5.000e-01, -1.150e-01, 1.111e+05, 0.000e+00, 1.109e-04, 0.000e+00, 2.018e+00, 9.983e+02, 4.873e-08
1.565e+00, 5.000e-01, -1.050e-01, 1.110e+05, 0.000e+00, 6.108e-05, 0.000e+00, 2.017e+00, 9.983e+02, 2.683e-08
1.565e+00, 5.000e-01, -9.500e-02, 1.109e+05, 0.000e+00, 3.149e-05, 0.000e+00, 2.015e+00, 9.983e+02, 1.383e-08
1.565e+00, 5.000e-01, -8.500e-02, 1.108e+05, 0.000e+00, 1.551e-05, 0.000e+00, 2.013e+00, 9.983e+02, 6.814e-09
1.565e+00, 5.000e-01, -7.500e-02, 1.107e+05, 0.000e+00, 7.393e-06, 0.000e+00, 2.011e+00, 9.983e+02, 3.247e-09
1.565e+00, 5.000e-01, -6.500e-02, 1.106e+05, 0.000e+00, 3.421e-06, 0.000e+00, 2.009e+00, 9.983e+02, 1.502e-09
1.565e+00, 5.000e-01, -5.500e-02, 1.105e+05, 0.000e+00, 1.533e-06, 0.000e+00, 2.008e+00, 9.983e+02, 6.735e-10
1.565e+00, 5.000e-01, -4.500e-02, 1.104e+05, 0.000e+00, 6.632e-07, 0.000e+00, 2.006e+00, 9.983e+02, 2.913e-10
1.565e+00, 5.000e-01, -3.500e-02, 1.103e+05, 0.000e+00, 2.759e-07, 0.000e+00, 2.004e+00, 9.983e+02, 1.212e-10
1.565e+00, 5.000e-01, -2.500e-02, 1.102e+05, 0.000e+00, 1.106e-07, 0.000e+00, 2.002e+00, 9.983e+02, 4.857e-11
1.565e+00, 5.000e-01, -1.500e-02, 1.101e+05, 0.000e+00, 4.343e-08, 0.000e+00, 2.000e+00, 9.983e+02, 1.908e-11
1.565e+00, 5.000e-01, -5.000e-03, 1.100e+05, 0.000e+00, 1.786e-08, 0.000e+00, 1.999e+00, 9.983e+02, 7.846e-12
1.575e+00, 5.000e-01, -1.195e+00, 1.202e+05, 0.000e+00, 1.002e-13, 0.000e+00, 2.184e+00, 9.983e+02, 2.000e-17
1.575e+00, 5.000e-01, -1.185e+00, 1.201e+05, 0.000e+00, 1.002e-13, 0.000e+00, 2.182e+00, 9.983e+02, 2.000e-17
1.575e+00, 5.000e-01, -1.175e+00, 1.200e+05, 0.000e+00, 1.002e-13, 0.000e+00, 2.181e+00, 9.983e+02, 2.000e-17
1.575e+00, 5.000e-01, -1.165e+00, 1.199e+05, 0.000e+00, 1.002e-13, 0.000e+00, 2.179e+00, 9.983e+02, 2.000e-17
1.575e+00, 5.000e-01, -1.155e+00, 1.198e+05, 0.000e+00, 1.002e-13, 0.000e+00, 2.177e+00, 9.983e+02, 2.000e-17
1.575e+00, 5.000e-01, -1.145e+00, 1.197e+05, 0.000e+00, 1.002e-13, 0.000e+00, 2.175e+00, 9.983e+02, 2.000e-17
1.575e+00, 5.000e-01, -1.135e+00, 1.196e+05, 0.000e+00, 1.002e-13, 0.000e+00, 2.173e+00, 9.983e+02, 2.000e-17
1.575e+00, 5.000e-01, -1.125e+00, 1.195e+05, 0.000e+00, 1.002e-13, 0.000e+00, 2.172e+00, 9.983e+02, 2.000e-17
1.575e+00, 5.000e-01, -1.115e+00, 1.194e+05, 0.000e+00, 1.002e-13, 0.000e+00, 2.170e+00, 9.983e+02, 2.000e-17
1.575e+00, 5.000e-01, -1.105e+00, 1.193e+05, 0.000e+00, 1.002e-13, 0.000e+00, 2.168e+00, 9.983e+02, 2.000e-17
1.575e+00, 5.000e-01, -1.095e+00, 1.192e+05, 0.000e+00, 1.002e-13, 0.000e+00, 2.166e+00, 9.983e+02, 2.000e-17
1.575e+00, 5.000e-01, -1.085e+00, 1.191e+05, 0.000e+00, 1.002e-13, 0.000e+00, 2.165e+00, 9.983e+02, 2.000e-17
1.575e+00, 5.000e-01, -1.075e+00, 1.190e+05, 0.000e+00, 3.721e-09, 0.000e+00, 2.163e+00, 9.983e+02, 1.598e-12
1.575e+00, 5.000e-01, -1.065e+00, 1.189e+05, 0.000e+00, 7.804e-04, 0.000e+00, 2.161e+00, 9.984e+02, 3.350e-07
1.575e+00, 5.000e-01, -1.055e+00, 1.188e+05, 0.000e+00, 7.398e-04, 0.000e+00, 2.159e+00, 9.984e+02, 3.176e-07
1.575e+00, 5.000e-01, -1.045e+00, 1.187e+05, 0.000e+00, 6.665e-04, 0.000e+00, 2.158e+00, 9.984e+02, 2.861e-07
1.575e+00, 5.000e-01, -1.035e+00, 1.186e+05, 0.000e+00, 5.868e-04, 0.000e+00, 2.156e+00, 9.984e+02, 2.519e-07
1.575e+00, 5.000e-01, -1.025e+00, 1.185e+05, 0.000e+00, 5.237e-04, 0.000e+00, 2.154e+00, 9.984e+02, 2.248e-07
1.575e+00, 5.000e-01, -1.015e+00, 1.185e+05, 0.000e+00, 4.808e-04, 0.000e+00, 2.152e+00, 9.984e+02, 2.064e-07
1.575e+00, 5.000e-01, -1.005e+00, 1.184e+05, 0.000e+00, 4.512e-04, 0.000e+00, 2.150e+00, 9.983e+02, 1.937e-07
1.575e+00, 5.000e-01, -9.950e-01, 1.183e+05, 0.000e+00, 4.288e-04, 0.000e+00, 2.149e+00, 9.983e+02, 1.841e-07
1.575e+00, 5.000e-01, -9.850e-01, 1.182e+05, 0.000e+00, 4.113e-04, 0.000e+00, 2.147e+00, 9.983e+02, 1.766e-07
1.575e+00, 5.000e-01, -9.750e-01, 1.181e+05, 0.000e+00, 4.064e-04, 0.000e+00, 2.145e+00, 9.983e+02, 1.744e-07
1.575e+00, 5.000e-01, -9.650e-01, 1.180e+05, 0.000e+00, 4.378e-04, 0.000e+00, 2.143e+00, 9.983e+02, 1.879e-07
1.575e+00, 5.000e-01, -9.550e-01, 1.179e+05, 0.000e+00, 5.059e-04, 0.000e+00, 2.141e+00, 9.984e+02, 2.172e-07
1.575e+00, 5.000e-01, -9.450e-01, 1.178e+05, 0.000e+00, 5.423e-04, 0.000e+00, 2.140e+00, 9.984e+02, 2.328e-07
1.575e+00, 5.000e-01, -9.350e-01, 1.177e+05, 0.000e+00, 5.564e-04, 0.000e+00, 2.138e+00, 9.984e+02, 2.389e-07
1.575e+00, 5.000e-01, -9.250e-01, 1.176e+05, 0.000e+00, 5.584e-04, 0.000e+00, 2.136e+00, 9.984e+02, 2.397e-07
1.575e+00, 5.000e-01, -9.150e-01, 1.175e+05, 0.000e+00, 5.523e-04, 0.000e+00, 2.134e+00, 9.984e+02, 2.371e-07
1.575e+00, 5.000e-01, -9.050e-01, 1.174e+05, 0.000e+00, 5.443e-04, 0.000e+00, 2.132e+00, 9.984e+02, 2.336e-07
1.575e+00, 5.000e-01, -8.950e-01, 1.173e+05, 0.000e+00, 5.467e-04, 0.000e+00, 2.131e+00, 9.984e+02, 2.347e-07
1.575e+00, 5.000e-01, -8.850e-01, 1.172e+05, 0.000e+00, 5.713e-04, 0.000e+00, 2.129e+00, 9.984e+02, 2.452e-07
1.575e+00, 5.000e-01, -8.750e-01, 1.171e+05, 0.000e+00, 6.049e-04, 0.000e+00, 2.127e+00, 9.984e+02, 2.597e-07
1.575e+00, 5.000e-01, -8.650e-01, 1.170e+05, 0.000e+00, 6.283e-04, 0.000e+00, 2.125e+00, 9.984e+02, 2.697e-07
1.575e+00, 5.000e-01, -8.550e-01, 1.169e+05, 0.000e+00, 6.402e-04, 0.000e+00, 2.124e+00, 9.984e+02, 2.748e-07
1.575e+00, 5.000e-01, -8.450e-01, 1.168e+05, 0.000e+00, 6.453e-04, 0.000e+00, 2.122e+00, 9.984e+02, 2.770e-07
1.575e+00, 5.000e-01, -8.350e-01, 1.167e+05, 0.000e+00, 6.464e-04, 0.000e+00, 2.120e+00, 9.984e+02, 2.775e-07
1.575e+00, 5.000e-01, -8.250e-01, 1.166e+05, 0.000e+00, 6.421e-04, 0.000e+00, 2.118e+00, 9.984e+02, 2.756e-07
1.575e+00, 5.000e-01, -8.150e-01, 1.165e+05, 0.000e+00, 6.362e-04, 0.000e+00, 2.116e+00, 9.984e+02, 2.731e-07
1.575e+00, 5.000e-01, -8.050e-01, 1.164e+05, 0.000e+00, 6.309e-04, 0.000e+00, 2.115e+00, 9.984e+02, 2.708e-07
1.575e+00, 5.000e-01, -7.950e-01, 1.163e+05, 0.000e+00, 6.249e-04, 0.000e+00, 2.113e+00, 9.984e+02, 2.683e-07
1.575e+00, 5.000e-01, -7.850e-01, 1.162e+05, 0.000e+00, 6.154e-04, 0.000e+00, 2.111e+00, 9.984e+02, 2.642e-07
1.575e+00, 5.000e-01, -7.750e-01, 1.161e+05, 0.000e+00, 6.029e-04, 0.000e+00, 2.109e+00, 9.984e+02, 2.588e-07
1.575e+00, 5.000e-01, -7.650e-01, 1.160e+05, 0.000e+00, 5.955e-04, 0.000e+00, 2.107e+00, 9.984e+02, 2.557e-07
1.575e+00, 5.000e-01, -7.550e-01, 1.159e+05, 0.000e+00, 5.940e-04, 0.000e+00, 2.106e+00, 9.984e+02, 2.550e-07
1.575e+00, 5.000e-01, -7.450e-01, 1.158e+05, 0.000e+00, 5.935e-04, 0.000e+00, 2.104e+00, 9.984e+02, 2.548e-07
1.575e+00, 5.000e-01, -7.350e-01, 1.157e+05, 6.758e-07, 6.434e-04, 0.000e+00, 2.102e+00, 9.984e+02, 2.762e-07
1.575e+00, 5.000e-01, -7.250e-01, 1.156e+05, 4.724e-01, 1.895e-03, 0.000e+00, 2.100e+00, 9.986e+02, 8.559e-07
1.575e+00, 5.000e-01, -7.150e-01, 1.156e+05, 8.683e-01, 1.895e-03, 0.000e+00, 2.100e+00, 9.986e+02, 8.914e-07
1.575e+00, 5.000e-01, -7.050e-01, 1.156e+05, 8.724e-01, 1.895e-03, 0.000e+00, 2.100e+00, 9.986e+02, 8.917e-07
1.575e+00, 5.000e-01, -6.950e-01, 1.156e+05, 8.738e-01, 1.895e-03, 0.000e+00, 2.100e+00, 9.986e+02, 9.007e-07
1.575e+00, 5.000e-01, -6.850e-01, 1.167e+05, 0.000e+00, 4.244e-04, 0.000e+00, 2.120e+00, 9.983e+02, 1.864e-07
1.575e+00, 5.000e-01, -6.750e-01, 1.166e+05, 0.000e+00, 2.821e-04, 0.000e+00, 2.119e+00, 9.983e+02, 1.239e-07
1.575e+00, 5.000e-01, -6.650e-01, 1.165e+05, 0.000e+00, 1.772e-04, 0.000e+00, 2.117e+00, 9.983e+02, 7.785e-08
1.575e+00, 5.000e-01, -6.550e-01, 1.164e+05, 0.000e+00, 1.058e-04, 0.000e+00, 2.115e+00, 9.983e+02, 4.648e-08
1.575e+00, 5.000e-01, -6.450e-01, 1.163e+05, 0.000e+00, 6.358e-05, 0.000e+00, 2.113e+00, 9.983e+02, 2.793e-08
1.575e+00, 5.000e-01, -6.350e-01, 1.162e+05, 0.000e+00, 4.695e-05, 0.000e+00, 2.111e+00, 9.983e+02, 2.062e-08
1.575e+00, 5.000e-01, -6.250e-01, 1.161e+05, 0.000e+00, 5.498e-05, 0.000e+00, 2.110e+00, 9.983e+02, 2.415e-08
1.575e+00, 5.000e-01, -6.150e-01, 1.160e+05, 0.000e+00, 9.050e-05, 0.000e+00, 2.108e+00, 9.983e+02, 3.975e-08
1.575e+00, 5.000e-01, -6.050e-01, 1.159e+05, 0.000e+00, 1.586e-04, 0.000e+00, 2.106e+00, 9.983e+02, 6.968e-08
1.575e+00, 5.000e-01, -5.950e-01, 1.158e+05, 0.000e+00, 2.621e-04, 0.000e+00, 2.104e+00, 9.983e+02, 1.151e-07
1.575e+00, 5.000e-01, -5.850e-01, 1.157e+05, 0.000e+00, 3.944e-04, 0.000e+00, 2.102e+00, 9.983e+02, 1.732e-07
1.575e+00, 5.000e-01, -5.750e-01, 1.156e+05, 0.000e+00, 5.350e-04, 0.000e+00, 2.101e+00, 9.984e+02, 2.350e-07
1.575e+00, 5.000e-01, -5.650e-01, 1.155e+05, 0.000e+00, 6.534e-04, 0.000e+00, 2.099e+00, 9.984e+02, 2.870e-07
1.575e+00, 5.000e-01, -5.550e-01, 1.140e+05, 0.000e+00, 7.232e-04, 0.000e+00, 2.070e+00, 9.984e+02, 3.246e-07
1.575e+00, 5.000e-01, -5.450e-01, 1.139e+05, 0.000e+00, 7.341e-04, 0.000e+00, 2.068e+00, 9.984e+02, 3.298e-07
1.575e+00, 5.000e-01, -5.350e-01, 1.138e+05, 0.000e+00, 7.121e-04, 0.000e+00, 2.067e+00, 9.984e+02, 3.199e-07
1.575e+00, 5.000e-01, -5.250e-01, 1.137e+05, 0.000e+00, 6.833e-04, 0.000e+00, 2.065e+00, 9.984e+02, 3.070e-07
1.575e+00, 5.000e-01, -5.150e-01, 1.136e+05, 0.000e+00, 6.578e-04, 0.000e+00, 2.063e+00, 9.984e+02, 2.955e-07
1.575e+00, 5.000e-01, -5.050e-01, 1.135e+05, 0.000e+00, 6.353e-04, 0.000e+00, 2.061e+00, 9.984e+02, 2.790e-07
1.575e+00, 5.000e-01, -4.950e-01, 1.134e+05, 0.000e+00, 6.160e-04, 0.000e+00, 2.059e+00, 9.984e+02, 2.645e-07
1.575e+00, 5.000e-01, -4.850e-01, 1.133e+05, 0.000e+00, 6.003e-04, 0.000e+00, 2.057e+00, 9.984e+02, 2.577e-07
1.575e+00, 5.000e-01, -4.750e-01, 1.132e+05, 0.000e+00, 5.883e-04, 0.000e+00, 2.056e+00, 9.984e+02, 2.526e-07
1.575e+00, 5.000e-01, -4.650e-01, 1.131e+05, 0.000e+00, 5.794e-04, 0.000e+00, 2.054e+00, 9.984e+02, 2.487e-07
1.575e+00, 5.000e-01, -4.550e-01, 1.130e+05, 0.000e+00, 5.727e-04, 0.000e+00, 2.052e+00, 9.984e+02, 2.458e-07
1.575e+00, 5.000e-01, -4.450e-01, 1.129e+05, 0.000e+00, 5.675e-04, 0.000e+00, 2.050e+00, 9.984e+02, 2.436e-07
1.575e+00, 5.000e-01, -4.350e-01, 1.128e+05, 0.000e+00, 5.634e-04, 0.000e+00, 2.048e+00, 9.984e+02, 2.419e-07
1.575e+00, 5.000e-01, -4.250e-01, 1.127e+05, 0.000e+00, 5.596e-04, 0.000e+00, 2.047e+00, 9.984e+02, 2.402e-07
1.575e+00, 5.000e-01, -4.150e-01, 1.126e+05, 0.000e+00, 5.554e-04, 0.000e+00, 2.045e+00, 9.984e+02, 2.384e-07
1.575e+00, 5.000e-01, -4.050e-01, 1.125e+05, 0.000e+00, 5.496e-04, 0.000e+00, 2.043e+00, 9.984e+02, 2.359e-07
1.575e+00, 5.000e-01, -3.950e-01, 1.124e+05, 0.000e+00, 5.408e-04, 0.000e+00, 2.041e+00, 9.984e+02, 2.321e-07
1.575e+00, 5.000e-01, -3.850e-01, 1.123e+05, 0.000e+00, 5.276e-04, 0.000e+00, 2.039e+00, 9.984e+02, 2.265e-07
1.575e+00, 5.000e-01, -3.750e-01, 1.122e+05, 0.000e+00, 5.075e-04, 0.000e+00, 2.038e+00, 9.984e+02, 2.179e-07
1.575e+00, 5.000e-01, -3.650e-01, 1.121e+05, 0.000e+00, 4.769e-04, 0.000e+00, 2.036e+00, 9.983e+02, 2.111e-07
1.575e+00, 5.000e-01, -3.550e-01, 1.120e+05, 0.000e+00, 4.462e-04, 0.000e+00, 2.034e+00, 9.983e+02, 2.005e-07
1.575e+00, 5.000e-01, -3.450e-01, 1.119e+05, 0.000e+00, 4.248e-04, 0.000e+00, 2.033e+00, 9.983e+02, 1.908e-07
1.575e+00, 5.000e-01, -3.350e-01, 1.118e+05, 0.000e+00, 4.162e-04, 0.000e+00, 2.031e+00, 9.983e+02, 1.870e-07
1.575e+00, 5.000e-01, -3.250e-01, 1.117e+05, 0.000e+00, 4.239e-04, 0.000e+00, 2.029e+00, 9.983e+02, 1.904e-07
1.575e+00, 5.000e-01, -3.150e-01, 1.116e+05, 0.000e+00, 4.710e-04, 0.000e+00, 2.027e+00, 9.983e+02, 2.116e-07
1.575e+00, 5.000e-01, -3.050e-01, 1.115e+05, 0.000e+00, 5.475e-04, 0.000e+00, 2.025e+00, 9.984e+02, 2.460e-07
1.575e+00, 5.000e-01, -2.950e-01, 1.114e+05, 0.000e+00, 6.013e-04, 0.000e+00, 2.024e+00, 9.984e+02, 2.702e-07
1.575e+00, 5.000e-01, -2.850e-01, 1.113e+05, 0.000e+00, 6.277e-04, 0.000e+00, 2.022e+00, 9.984e+02, 2.803e-07
1.575e+00, 5.000e-01, -2.750e-01, 1.113e+05, 0.000e+00, 6.080e-04, 0.000e+00, 2.021e+00, 9.984e+02, 2.671e-07
1.575e+00, 5.000e-01, -2.650e-01, 1.112e+05, 0.000e+00, 5.762e-04, 0.000e+00, 2.020e+00, 9.984e+02, 2.531e-07
1.575e+00, 5.000e-01, -2.550e-01, 1.111e+05, 0.000e+00, 5.479e-04, 0.000e+00, 2.018e+00, 9.984e+02, 2.407e-07
1.575e+00, 5.000e-01, -2.450e-01, 1.110e+05, 0.000e+00, 5.258e-04, 0.000e+00, 2.016e+00, 9.984e+02, 2.310e-07
1.575e+00, 5.000e-01, -2.350e-01, 1.109e+05, 0.000e+00, 5.083e-04, 0.000e+00, 2.014e+00, 9.984e+02, 2.233e-07
1.575e+00, 5.000e-01, -2.250e-01, 1.108e+05, 0.000e+00, 4.916e-04, 0.000e+00, 2.012e+00, 9.983e+02, 2.160e-07
1.575e+00, 5.000e-01, -2.150e-01, 1.107e+05, 0.000e+00, 4.701e-04, 0.000e+00, 2.011e+00, 9.983e+02, 2.065e-07
1.575e+00, 5.000e-01, -2.050e-01, 1.108e+05, 0.000e+00, 4.366e-04, 0.000e+00, 2.012e+00, 9.983e+02, 1.893e-07
1.575e+00, 5.000e-01, -1.950e-01, 1.107e+05, 0.000e+00, 4.072e-04, 0.000e+00, 2.011e+00, 9.983e+02, 1.748e-07
1.575e+00, 5.000e-01, -1.850e-01, 1.106e+05, 0.000e+00, 3.964e-04, 0.000e+00, 2.009e+00, 9.983e+02, 1.702e-07
1.575e+00, 5.000e-01, -1.750e-01, 1.105e+05, 0.000e+00, 4.010e-04, 0.000e+00, 2.007e+00, 9.983e+02, 1.721e-07
1.575e+00, 5.000e-01, -1.650e-01, 1.104e+05, 0.000e+00, 4.126e-04, 0.000e+00, 2.005e+00, 9.983e+02, 1.771e-07
1.575e+00, 5.000e-01, -1.550e-01, 1.103e+05, 0.000e+00, 4.081e-04, 0.000e+00, 2.004e+00, 9.983e+02, 1.752e-07
1.575e+00, 5.000e-01, -1.450e-01, 1.102e+05, 0.000e+00, 3.666e-04, 0.000e+00, 2.002e+00, 9.983e+02, 1.574e-07
1.575e+00, 5.000e-01, -1.350e-01, 1.101e+05, 0.000e+00, 2.895e-04, 0.000e+00, 2.000e+00, 9.983e+02, 1.253e-07
1.575e+00, 5.000e-01, -1.250e-01, 1.112e+05, 0.000e+00, 1.999e-04, 0.000e+00, 2.020e+00, 9.983e+02, 8.779e-08
1.575e+00, 5.000e-01, -1.150e-01, 1.111e+05, 0.000e+00, 1.216e-04, 0.000e+00, 2.018e+00, 9.983e+02, 5.341e-08
1.575e+00, 5.000e-01, -1.050e-01, 1.110e+05, 0.000e+00, 6.700e-05, 0.000e+00, 2.017e+00, 9.983e+02, 2.943e-08
1.575e+00, 5.000e-01, -9.500e-02, 1.109e+05, 0.000e+00, 3.436e-05, 0.000e+00, 2.015e+00, 9.983e+02, 1.509e-08
1.575e+00, 5.000e-01, -8.500e-02, 1.108e+05, 0.000e+00, 1.677e-05, 0.000e+00, 2.013e+00, 9.983e+02, 7.367e-09
1.575e+00, 5.000e-01, -7.500e-02, 1.107e+05, 0.000e+00, 7.907e-06, 0.000e+00, 2.011e+00, 9.983e+02, 3.473e-09
1.575e+00, 5.000e-01, -6.500e-02, 1.106e+05, 0.000e+00, 3.620e-06, 0.000e+00, 2.009e+00, 9.983e+02, 1.590e-09
1.575e+00, 5.000e-01, -5.500e-02, 1.105e+05, 0.000e+00, 1.608e-06, 0.000e+00, 2.008e+00, 9.983e+02, 7.064e-10
1.575e+00, 5.000e-01, -4.500e-02, 1.104e+05, 0.000e+00, 6.906e-07, 0.000e+00, 2.006e+00, 9.983e+02, 3.033e-10
1.575e+00, 5.000e-01, -3.500e-02, 1.103e+05, 0.000e+00, 2.857e-07, 0.000e+00, 2.004e+00, 9.983e+02, 1.255e-10
1.575e+00, 5.000e-01, -2.500e-02, 1.102e+05, 0.000e+00, 1.140e-07, 0.000e+00, 2.002e+00, 9.983e+02, 5.009e-11
1.575e+00, 5.000e-01, -1.500e-02, 1.101e+05, 0.000e+00, 4.463e-08, 0.000e+00, 2.000e+00, 9.983e+02, 1.960e-11
1.575e+00, 5.000e-01, -5.000e-03, 1.100e+05, 0.000e+00, 1.827e-08, 0.000e+00, 1.999e+00, 9.983e+02, 8.026e-12
1.585e+00, 5.000e-01, -1.195e+00, 1.202e+05, 0.000e+00, 1.002e-13, 0.000e+00, 2.184e+00, 9.983e+02, 2.000e-17
1.585e+00, 5.000e-01, -1.185e+00, 1.201e+05, 0.000e+00, 1.002e-13, 0.000e+00, 2.182e+00, 9.983e+02, 2.000e-17
1.585e+00, 5.000e-01, -1.175e+00, 1.200e+05, 0.000e+00, 1.002e-13, 0.000e+00, 2.181e+00, 9.983e+02, 2.000e-17
1.585e+00, 5.000e-01, -1.165e+00, 1.199e+05, 0.000e+00, 1.002e-13, 0.000e+00, 2.179e+00, 9.983e+02, 2.000e-17
1.585e+00, 5.000e-01, -1.155e+00, 1.198e+05, 0.000e+00, 1.002e-13, 0.000e+00, 2.177e+00, 9.983e+02, 2.000e-17
1.585e+00, 5.000e-01, -1.145e+00, 1.197e+05, 0.000e+00, 1.002e-13, 0.000e+00, 2.175e+00, 9.983e+02, 2.000e-17
1.585e+00, 5.000e-01, -1.135e+00, 1.196e+05, 0.000e+00, 1.002e-13, 0.000e+00, 2.173e+00, 9.983e+02, 2.000e-17
1.585e+00, 5.000e-01, -1.125e+00, 1.195e+05, 0.000e+00, 1.002e-13, 0.000e+00, 2.172e+00, 9.983e+02, 2.000e-17
1.585e+00, 5.000e-01, -1.115e+00, 1.194e+05, 0.000e+00, 1.002e-13, 0.000e+00, 2.170e+00, 9.983e+02, 2.000e-17
1.585e+00, 5.000e-01, -1.105e+00, 1.193e+05, 0.000e+00, 1.002e-13, 0.000e+00, 2.168e+00, 9.983e+02, 2.000e-17
1.585e+00, 5.000e-01, -1.095e+00, 1.192e+05, 0.000e+00, 1.002e-13, 0.000e+00, 2.166e+00, 9.983e+02, 2.000e-17
1.585e+00, 5.000e-01, -1.085e+00, 1.191e+05, 0.000e+00, 1.002e-13, 0.000e+00, 2.165e+00, 9.983e+02, 2.000e-17
1.585e+00, 5.000e-01, -1.075e+00, 1.190e+05, 0.000e+00, 3.703e-09, 0.000e+00, 2.163e+00, 9.983e+02, 1.587e-12
1.585e+00, 5.000e-01, -1.065e+00, 1.189e+05, 0.000e+00, 7.606e-04, 0.000e+00, 2.161e+00, 9.984e+02, 3.239e-07
1.585e+00, 5.000e-01, -1.055e+00, 1.188e+05, 0.000e+00, 7.327e-04, 0.000e+00, 2.159e+00, 9.984e+02, 3.146e-07
1.585e+00, 5.000e-01, -1.045e+00, 1.187e+05, 0.000e+00, 6.613e-04, 0.000e+00, 2.158e+00, 9.984e+02, 2.839e-07
1.585e+00, 5.000e-01, -1.035e+00, 1.186e+05, 0.000e+00, 5.807e-04, 0.000e+00, 2.156e+00, 9.984e+02, 2.493e-07
1.585e+00, 5.000e-01, -1.025e+00, 1.185e+05, 0.000e+00, 5.179e-04, 0.000e+00, 2.154e+00, 9.984e+02, 2.223e-07
1.585e+00, 5.000e-01, -1.015e+00, 1.185e+05, 0.000e+00, 4.750e-04, 0.000e+00, 2.152e+00, 9.983e+02, 2.039e-07
1.585e+00, 5.000e-01, -1.005e+00, 1.184e+05, 0.000e+00, 4.456e-04, 0.000e+00, 2.150e+00, 9.983e+02, 1.913e-07
1.585e+00, 5.000e-01, -9.950e-01, 1.183e+05, 0.000e+00, 4.245e-04, 0.000e+00, 2.149e+00, 9.983e+02, 1.822e-07
1.585e+00, 5.000e-01, -9.850e-01, 1.182e+05, 0.000e+00, 4.086e-04, 0.000e+00, 2.147e+00, 9.983e+02, 1.754e-07
1.585e+00, 5.000e-01, -9.750e-01, 1.181e+05, 0.000e+00, 4.001e-04, 0.000e+00, 2.145e+00, 9.983e+02, 1.718e-07
1.585e+00, 5.000e-01, -9.650e-01, 1.180e+05, 0.000e+00, 4.104e-04, 0.000e+00, 2.143e+00, 9.983e+02, 1.762e-07
1.585e+00, 5.000e-01, -9.550e-01, 1.179e+05, 0.000e+00, 4.452e-04, 0.000e+00, 2.141e+00, 9.983e+02, 1.911e-07
1.585e+00, 5.000e-01, -9.450e-01, 1.178e+05, 0.000e+00, 4.761e-04, 0.000e+00, 2.140e+00, 9.983e+02, 2.044e-07
1.585e+00, 5.000e-01, -9.350e-01, 1.177e+05, 0.000e+00, 5.029e-04, 0.000e+00, 2.138e+00, 9.984e+02, 2.159e-07
1.585e+00, 5.000e-01, -9.250e-01, 1.176e+05, 0.000e+00, 5.278e-04, 0.000e+00, 2.136e+00, 9.984e+02, 2.266e-07
1.585e+00, 5.000e-01, -9.150e-01, 1.175e+05, 0.000e+00, 5.429e-04, 0.000e+00, 2.134e+00, 9.984e+02, 2.331e-07
1.585e+00, 5.000e-01, -9.050e-01, 1.174e+05, 0.000e+00, 5.498e-04, 0.000e+00, 2.132e+00, 9.984e+02, 2.360e-07
1.585e+00, 5.000e-01, -8.950e-01, 1.173e+05, 0.000e+00, 5.532e-04, 0.000e+00, 2.131e+00, 9.984e+02, 2.375e-07
1.585e+00, 5.000e-01, -8.850e-01, 1.172e+05, 0.000e+00, 5.609e-04, 0.000e+00, 2.129e+00, 9.984e+02, 2.408e-07
1.585e+00, 5.000e-01, -8.750e-01, 1.171e+05, 0.000e+00, 5.731e-04, 0.000e+00, 2.127e+00, 9.984e+02, 2.460e-07
1.585e+00, 5.000e-01, -8.650e-01, 1.170e+05, 0.000e+00, 5.808e-04, 0.000e+00, 2.125e+00, 9.984e+02, 2.493e-07
1.585e+00, 5.000e-01, -8.550e-01, 1.169e+05, 0.000e+00, 5.761e-04, 0.000e+00, 2.124e+00, 9.984e+02, 2.473e-07
1.585e+00, 5.000e-01, -8.450e-01, 1.168e+05, 0.000e+00, 5.687e-04, 0.000e+00, 2.122e+00, 9.984e+02, 2.441e-07
1.585e+00, 5.000e-01, -8.350e-01, 1.167e+05, 0.000e+00, 5.629e-04, 0.000e+00, 2.120e+00, 9.984e+02, 2.417e-07
1.585e+00, 5.000e-01, -8.250e-01, 1.166e+05, 0.000e+00, 5.595e-04, 0.000e+00, 2.118e+00, 9.984e+02, 2.402e-07
1.585e+00, 5.000e-01, -8.150e-01, 1.165e+05, 0.000e+00, 5.593e-04, 0.000e+00, 2.116e+00, 9.984e+02, 2.401e-07
1.585e+00, 5.000e-01, -8.050e-01, 1.164e+05, 0.000e+00, 5.602e-04, 0.000e+00, 2.115e+00, 9.984e+02, 2.405e-07
1.585e+00, 5.000e-01, -7.950e-01, 1.163e+05, 0.000e+00, 5.610e-04, 0.000e+00, 2.113e+00, 9.984e+02, 2.408e-07
1.585e+00, 5.000e-01, -7.850e-01, 1.162e+05, 0.000e+00, 5.619e-04, 0.000e+00, 2.111e+00, 9.984e+02, 2.412e-07
1.585e+00, 5.000e-01, -7.750e-01, 1.161e+05, 0.000e+00, 5.670e-04, 0.000e+00, 2.109e+00, 9.984e+02, 2.434e-07
1.585e+00, 5.000e-01, -7.650e-01, 1.160e+05, 0.000e+00, 5.822e-04, 0.000e+00, 2.107e+00, 9.984e+02, 2.500e-07
1.585e+00, 5.000e-01, -7.550e-01, 1.159e+05, 0.000e+00, 6.025e-04, 0.000e+00, 2.106e+00, 9.984e+02, 2.587e-07
1.585e+00, 5.000e-01, -7.450e-01, 1.158e+05, 0.000e+00, 6.093e-04, 0.000e+00, 2.104e+00, 9.984e+02, 2.616e-07
1.585e+00, 5.000e-01, -7.350e-01, 1.157e+05, 6.758e-07, 6.526e-04, 0.000e+00, 2.102e+00, 9.984e+02, 2.802e-07
1.585e+00, 5.000e-01, -7.250e-01, 1.156e+05, 4.724e-01, 1.895e-03, 0.000e+00, 2.100e+00, 9.986e+02, 8.559e-07
1.585e+00, 5.000e-01, -7.150e-01, 1.156e+05, 8.683e-01, 1.895e-03, 0.000e+00, 2.100e+00, 9.986e+02, 8.914e-07
1.585e+00, 5.000e-01, -7.050e-01, 1.156e+05, 8.724e-01, 1.895e-03, 0.000e+00, 2.100e+00, 9.986e+02, 8.917e-07
1.585e+00, 5.000e-01, -6.950e-01, 1.156e+05, 8.738e-01, 1.895e-03, 0.000e+00, 2.100e+00, 9.986e+02, 8.988e-07
1.585e+00, 5.000e-01, -6.850e-01, 1.167e+05, 0.000e+00, 4.285e-04, 0.000e+00, 2.120e+00, 9.983e+02, 1.882e-07
1.585e+00, 5.000e-01, -6.750e-01, 1.166e+05, 0.000e+00, 2.841e-04, 0.000e+00, 2.119e+00, 9.983e+02, 1.248e-07
1.585e+00, 5.000e-01, -6.650e-01, 1.165e+05, 0.000e+00, 1.776e-04, 0.000e+00, 2.117e+00, 9.983e+02, 7.801e-08
1.585e+00, 5.000e-01, -6.550e-01, 1.164e+05, 0.000e+00, 1.055e-04, 0.000e+00, 2.115e+00, 9.983e+02, 4.634e-08
1.585e+00, 5.000e-01, -6.450e-01, 1.163e+05, 0.000e+00, 6.317e-05, 0.000e+00, 2.113e+00, 9.983e+02, 2.775e-08
1.585e+00, 5.000e-01, -6.350e-01, 1.162e+05, 0.000e+00, 4.667e-05, 0.000e+00, 2.111e+00, 9.983e+02, 2.050e-08
1.585e+00, 5.000e-01, -6.250e-01, 1.161e+05, 0.000e+00, 5.493e-05, 0.000e+00, 2.110e+00, 9.983e+02, 2.413e-08
1.585e+00, 5.000e-01, -6.150e-01, 1.160e+05, 0.000e+00, 9.068e-05, 0.000e+00, 2.108e+00, 9.983e+02, 3.983e-08
1.585e+00, 5.000e-01, -6.050e-01, 1.159e+05, 0.000e+00, 1.591e-04, 0.000e+00, 2.106e+00, 9.983e+02, 6.987e-08
1.585e+00, 5.000e-01, -5.950e-01, 1.158e+05, 0.000e+00, 2.628e-04, 0.000e+00, 2.104e+00, 9.983e+02, 1.154e-07
1.585e+00, 5.000e-01, -5.850e-01, 1.157e+05, 0.000e+00, 3.953e-04, 0.000e+00, 2.102e+00, 9.983e+02, 1.736e-07
1.585e+00, 5.000e-01, -5.750e-01, 1.156e+05, 0.000e+00, 5.362e-04, 0.000e+00, 2.101e+00, 9.984e+02, 2.355e-07
1.585e+00, 5.000e-01, -5.650e-01, 1.155e+05, 0.000e+00, 6.551e-04, 0.000e+00, 2.099e+00, 9.984e+02, 2.878e-07
1.585e+00, 5.000e-01, -5.550e-01, 1.140e+05, 0.000e+00, 7.263e-04, 0.000e+00, 2.070e+00, 9.984e+02, 3.258e-07
1.585e+00, 5.000e-01, -5.450e-01, 1.139e+05, 0.000e+00, 7.384e-04, 0.000e+00, 2.068e+00, 9.984e+02, 3.317e-07
1.585e+00, 5.000e-01, -5.350e-01, 1.138e+05, 0.000e+00, 7.158e-04, 0.000e+00, 2.067e+00, 9.984e+02, 3.216e-07
1.585e+00, 5.000e-01, -5.250e-01, 1.137e+05, 0.000e+00, 6.858e-04, 0.000e+00, 2.065e+00, 9.984e+02, 3.081e-07
1.585e+00, 5.000e-01, -5.150e-01, 1.136e+05, 0.000e+00, 6.592e-04, 0.000e+00, 2.063e+00, 9.984e+02, 2.962e-07
1.585e+00, 5.000e-01, -5.050e-01, 1.135e+05, 0.000e+00, 6.360e-04, 0.000e+00, 2.061e+00, 9.984e+02, 2.799e-07
1.585e+00, 5.000e-01, -4.950e-01, 1.134e+05, 0.000e+00, 6.161e-04, 0.000e+00, 2.059e+00, 9.984e+02, 2.645e-07
1.585e+00, 5.000e-01, -4.850e-01, 1.133e+05, 0.000e+00, 5.997e-04, 0.000e+00, 2.057e+00, 9.984e+02, 2.575e-07
1.585e+00, 5.000e-01, -4.750e-01, 1.132e+05, 0.000e+00, 5.873e-04, 0.000e+00, 2.056e+00, 9.984e+02, 2.521e-07
1.585e+00, 5.000e-01, -4.650e-01, 1.131e+05, 0.000e+00, 5.780e-04, 0.000e+00, 2.054e+00, 9.984e+02, 2.481e-07
1.585e+00, 5.000e-01, -4.550e-01, 1.130e+05, 0.000e+00, 5.712e-04, 0.000e+00, 2.052e+00, 9.984e+02, 2.452e-07
1.585e+00, 5.000e-01, -4.450e-01, 1.129e+05, 0.000e+00, 5.662e-04, 0.000e+00, 2.050e+00, 9.984e+02, 2.431e-07
1.585e+00, 5.000e-01, -4.350e-01, 1.128e+05, 0.000e+00, 5.626e-04, 0.000e+00, 2.048e+00, 9.984e+02, 2.415e-07
1.585e+00, 5.000e-01, -4.250e-01, 1.127e+05, 0.000e+00, 5.599e-04, 0.000e+00, 2.047e+00, 9.984e+02, 2.404e-07
1.585e+00, 5.000e-01, -4.150e-01, 1.126e+05, 0.000e+00, 5.575e-04, 0.000e+00, 2.045e+00, 9.984e+02, 2.393e-07
1.585e+00, 5.000e-01, -4.050e-01, 1.125e+05, 0.000e+00, 5.539e-04, 0.000e+00, 2.043e+00, 9.984e+02, 2.378e-07
1.585e+00, 5.000e-01, -3.950e-01, 1.124e+05, 0.000e+00, 5.473e-04, 0.000e+00, 2.041e+00, 9.984e+02, 2.350e-07
1.585e+00, 5.000e-01, -3.850e-01, 1.123e+05, 0.000e+00, 5.360e-04, 0.000e+00, 2.039e+00, 9.984e+02, 2.301e-07
1.585e+00, 5.000e-01, -3.750e-01, 1.122e+05, 0.000e+00, 5.190e-04, 0.000e+00, 2.038e+00, 9.984e+02, 2.228e-07
1.585e+00, 5.000e-01, -3.650e-01, 1.121e+05, 0.000e+00, 4.925e-04, 0.000e+00, 2.036e+00, 9.984e+02, 2.175e-07
1.585e+00, 5.000e-01, -3.550e-01, 1.120e+05, 0.000e+00, 4.607e-04, 0.000e+00, 2.034e+00, 9.983e+02, 2.070e-07
1.585e+00, 5.000e-01, -3.450e-01, 1.119e+05, 0.000e+00, 4.317e-04, 0.000e+00, 2.033e+00, 9.983e+02, 1.940e-07
1.585e+00, 5.000e-01, -3.350e-01, 1.118e+05, 0.000e+00, 4.105e-04, 0.000e+00, 2.031e+00, 9.983e+02, 1.844e-07
1.585e+00, 5.000e-01, -3.250e-01, 1.117e+05, 0.000e+00, 3.992e-04, 0.000e+00, 2.029e+00, 9.983e+02, 1.793e-07
1.585e+00, 5.000e-01, -3.150e-01, 1.116e+05, 0.000e+00, 4.012e-04, 0.000e+00, 2.027e+00, 9.983e+02, 1.802e-07
1.585e+00, 5.000e-01, -3.050e-01, 1.115e+05, 0.000e+00, 4.345e-04, 0.000e+00, 2.025e+00, 9.983e+02, 1.952e-07
1.585e+00, 5.000e-01, -2.950e-01, 1.114e+05, 0.000e+00, 5.499e-04, 0.000e+00, 2.024e+00, 9.984e+02, 2.470e-07
1.585e+00, 5.000e-01, -2.850e-01, 1.113e+05, 0.000e+00, 6.232e-04, 0.000e+00, 2.022e+00, 9.984e+02, 2.787e-07
1.585e+00, 5.000e-01, -2.750e-01, 1.113e+05, 0.000e+00, 6.167e-04, 0.000e+00, 2.021e+00, 9.984e+02, 2.709e-07
1.585e+00, 5.000e-01, -2.650e-01, 1.112e+05, 0.000e+00, 5.844e-04, 0.000e+00, 2.020e+00, 9.984e+02, 2.567e-07
1.585e+00, 5.000e-01, -2.550e-01, 1.111e+05, 0.000e+00, 5.514e-04, 0.000e+00, 2.018e+00, 9.984e+02, 2.422e-07
1.585e+00, 5.000e-01, -2.450e-01, 1.110e+05, 0.000e+00, 5.218e-04, 0.000e+00, 2.016e+00, 9.984e+02, 2.292e-07
1.585e+00, 5.000e-01, -2.350e-01, 1.109e+05, 0.000e+00, 4.934e-04, 0.000e+00, 2.014e+00, 9.983e+02, 2.167e-07
1.585e+00, 5.000e-01, -2.250e-01, 1.108e+05, 0.000e+00, 4.615e-04, 0.000e+00, 2.012e+00, 9.983e+02, 2.027e-07
1.585e+00, 5.000e-01, -2.150e-01, 1.107e+05, 0.000e+00, 4.193e-04, 0.000e+00, 2.011e+00, 9.983e+02, 1.842e-07
1.585e+00, 5.000e-01, -2.050e-01, 1.108e+05, 0.000e+00, 3.600e-04, 0.000e+00, 2.012e+00, 9.983e+02, 1.562e-07
1.585e+00, 5.000e-01, -1.950e-01, 1.107e+05, 0.000e+00, 3.165e-04, 0.000e+00, 2.011e+00, 9.983e+02, 1.359e-07
1.585e+00, 5.000e-01, -1.850e-01, 1.106e+05, 0.000e+00, 3.082e-04, 0.000e+00, 2.009e+00, 9.983e+02, 1.323e-07
1.585e+00, 5.000e-01, -1.750e-01, 1.105e+05, 0.000e+00, 3.333e-04, 0.000e+00, 2.007e+00, 9.983e+02, 1.431e-07
1.585e+00, 5.000e-01, -1.650e-01, 1.104e+05, 0.000e+00, 3.804e-04, 0.000e+00, 2.005e+00, 9.983e+02, 1.633e-07
1.585e+00, 5.000e-01, -1.550e-01, 1.103e+05, 0.000e+00, 4.078e-04, 0.000e+00, 2.004e+00, 9.983e+02, 1.751e-07
1.585e+00, 5.000e-01, -1.450e-01, 1.102e+05, 0.000e+00, 3.816e-04, 0.000e+00, 2.002e+00, 9.983e+02, 1.638e-07
1.585e+00, 5.000e-01, -1.350e-01, 1.101e+05, 0.000e+00, 3.071e-04, 0.000e+00, 2.000e+00, 9.983e+02, 1.328e-07
1.585e+00, 5.000e-01, -1.250e-01, 1.112e+05, 0.000e+00, 2.141e-04, 0.000e+00, 2.020e+00, 9.983e+02, 9.405e-08
1.585e+00, 5.000e-01, -1.150e-01, 1.111e+05, 0.000e+00, 1.310e-04, 0.000e+00, 2.018e+00, 9.983e+02, 5.752e-08
1.585e+00, 5.000e-01, -1.050e-01, 1.110e+05, 0.000e+00, 7.213e-05, 0.000e+00, 2.017e+00, 9.983e+02, 3.168e-08
1.585e+00, 5.000e-01, -9.500e-02, 1.109e+05, 0.000e+00, 3.680e-05, 0.000e+00, 2.015e+00, 9.983e+02, 1.616e-08
1.585e+00, 5.000e-01, -8.500e-02, 1.108e+05, 0.000e+00, 1.781e-05, 0.000e+00, 2.013e+00, 9.983e+02, 7.821e-09
1.585e+00, 5.000e-01, -7.500e-02, 1.107e+05, 0.000e+00, 8.304e-06, 0.000e+00, 2.011e+00, 9.983e+02, 3.647e-09
1.585e+00, 5.000e-01, -6.500e-02, 1.106e+05, 0.000e+00, 3.761e-06, 0.000e+00, 2.009e+00, 9.983e+02, 1.652e-09
1.585e+00, 5.000e-01, -5.500e-02, 1.105e+05, 0.000e+00, 1.654e-06, 0.000e+00, 2.008e+00, 9.983e+02, 7.267e-10
1.585e+00, 5.000e-01, -4.500e-02, 1.104e+05, 0.000e+00, 7.046e-07, 0.000e+00, 2.006e+00, 9.983e+02, 3.095e-10
1.585e+00, 5.000e-01, -3.500e-02, 1.103e+05, 0.000e+00, 2.896e-07, 0.000e+00, 2.004e+00, 9.983e+02, 1.272e-10
1.585e+00, 5.000e-01, -2.500e-02, 1.102e+05, 0.000e+00, 1.150e-07, 0.000e+00, 2.002e+00, 9.983e+02, 5.051e-11
1.585e+00, 5.000e-01, -1.500e-02, 1.101e+05, 0.000e+00, 4.480e-08, 0.000e+00, 2.000e+00, 9.983e+02, 1.968e-11
1.585e+00, 5.000e-01, -5.000e-03, 1.100e+05, 0.000e+00, 1.824e-08, 0.000e+00, 1.999e+00, 9.983e+02, 8.013e-12
1.595e+00, 5.000e-01, -1.195e+00, 1.202e+05, 0.000e+00, 1.002e-13, 0.000e+00, 2.184e+00, 9.983e+02, 2.000e-17
1.595e+00, 5.000e-01, -1.185e+00, 1.201e+05, 0.000e+00, 1.002e-13, 0.000e+00, 2.182e+00, 9.983e+02, 2.000e-17
1.595e+00, 5.000e-01, -1.175e+00, 1.200e+05, 0.000e+00, 1.002e-13, 0.000e+00, 2.181e+00, 9.983e+02, 2.000e-17
1.595e+00, 5.000e-01, -1.165e+00, 1.199e+05, 0.000e+00, 1.002e-13, 0.000e+00, 2.179e+00, 9.983e+02, 2.000e-17
1.595e+00, 5.000e-01, -1.155e+00, 1.198e+05, 0.000e+00, 1.002e-13, 0.000e+00, 2.177e+00, 9.983e+02, 2.000e-17
1.595e+00, 5.000e-01, -1.145e+00, 1.197e+05, 0.000e+00, 1.002e-13, 0.000e+00, 2.175e+00, 9.983e+02, 2.000e-17
1.595e+00, 5.000e-01, -1.135e+00, 1.196e+05, 0.000e+00, 1.002e-13, 0.000e+00, 2.173e+00, 9.983e+02, 2.000e-17
1.595e+00, 5.000e-01, -1.125e+00, 1.195e+05, 0.000e+00, 1.002e-13, 0.000e+00, 2.172e+00, 9.983e+02, 2.000e-17
1.595e+00, 5.000e-01, -1.115e+00, 1.194e+05, 0.000e+00, 1.002e-13, 0.000e+00, 2.170e+00, 9.983e+02, 2.000e-17
1.595e+00, 5.000e-01, -1.105e+00, 1.193e+05, 0.000e+00, 1.002e-13, 0.000e+00, 2.168e+00, 9.983e+02, 2.000e-17
1.595e+00, 5.000e-01, -1.095e+00, 1.192e+05, 0.000e+00, 1.002e-13, 0.000e+00, 2.166e+00, 9.983e+02, 2.000e-17
1.595e+00, 5.000e-01, -1.085e+00, 1.191e+05, 0.000e+00, 1.002e-13, 0.000e+00, 2.165e+00, 9.983e+02, 2.000e-17
1.595e+00, 5.000e-01, -1.075e+00, 1.190e+05, 0.000e+00, 3.550e-09, 0.000e+00, 2.163e+00, 9.983e+02, 1.497e-12
1.595e+00, 5.000e-01, -1.065e+00, 1.189e+05, 0.000e+00, 7.204e-04, 0.000e+00, 2.161e+00, 9.984e+02, 2.988e-07
1.595e+00, 5.000e-01, -1.055e+00, 1.188e+05, 0.000e+00, 7.164e-04, 0.000e+00, 2.159e+00, 9.984e+02, 3.076e-07
1.595e+00, 5.000e-01, -1.045e+00, 1.187e+05, 0.000e+00, 6.506e-04, 0.000e+00, 2.158e+00, 9.984e+02, 2.793e-07
1.595e+00, 5.000e-01, -1.035e+00, 1.186e+05, 0.000e+00, 5.712e-04, 0.000e+00, 2.156e+00, 9.984e+02, 2.452e-07
1.595e+00, 5.000e-01, -1.025e+00, 1.185e+05, 0.000e+00, 5.094e-04, 0.000e+00, 2.154e+00, 9.984e+02, 2.187e-07
1.595e+00, 5.000e-01, -1.015e+00, 1.185e+05, 0.000e+00, 4.675e-04, 0.000e+00, 2.152e+00, 9.983e+02, 2.007e-07
1.595e+00, 5.000e-01, -1.005e+00, 1.184e+05, 0.000e+00, 4.398e-04, 0.000e+00, 2.150e+00, 9.983e+02, 1.888e-07
1.595e+00, 5.000e-01, -9.950e-01, 1.183e+05, 0.000e+00, 4.210e-04, 0.000e+00, 2.149e+00, 9.983e+02, 1.807e-07
1.595e+00, 5.000e-01, -9.850e-01, 1.182e+05, 0.000e+00, 4.073e-04, 0.000e+00, 2.147e+00, 9.983e+02, 1.748e-07
1.595e+00, 5.000e-01, -9.750e-01, 1.181e+05, 0.000e+00, 3.980e-04, 0.000e+00, 2.145e+00, 9.983e+02, 1.709e-07
1.595e+00, 5.000e-01, -9.650e-01, 1.180e+05, 0.000e+00, 3.979e-04, 0.000e+00, 2.143e+00, 9.983e+02, 1.708e-07
1.595e+00, 5.000e-01, -9.550e-01, 1.179e+05, 0.000e+00, 4.119e-04, 0.000e+00, 2.141e+00, 9.983e+02, 1.768e-07
1.595e+00, 5.000e-01, -9.450e-01, 1.178e+05, 0.000e+00, 4.303e-04, 0.000e+00, 2.140e+00, 9.983e+02, 1.847e-07
1.595e+00, 5.000e-01, -9.350e-01, 1.177e+05, 0.000e+00, 4.490e-04, 0.000e+00, 2.138e+00, 9.983e+02, 1.928e-07
1.595e+00, 5.000e-01, -9.250e-01, 1.176e+05, 0.000e+00, 4.686e-04, 0.000e+00, 2.136e+00, 9.983e+02, 2.011e-07
1.595e+00, 5.000e-01, -9.150e-01, 1.175e+05, 0.000e+00, 4.867e-04, 0.000e+00, 2.134e+00, 9.984e+02, 2.089e-07
1.595e+00, 5.000e-01, -9.050e-01, 1.174e+05, 0.000e+00, 5.038e-04, 0.000e+00, 2.132e+00, 9.984e+02, 2.163e-07
1.595e+00, 5.000e-01, -8.950e-01, 1.173e+05, 0.000e+00, 5.194e-04, 0.000e+00, 2.131e+00, 9.984e+02, 2.230e-07
1.595e+00, 5.000e-01, -8.850e-01, 1.172e+05, 0.000e+00, 5.300e-04, 0.000e+00, 2.129e+00, 9.984e+02, 2.275e-07
1.595e+00, 5.000e-01, -8.750e-01, 1.171e+05, 0.000e+00, 5.344e-04, 0.000e+00, 2.127e+00, 9.984e+02, 2.294e-07
1.595e+00, 5.000e-01, -8.650e-01, 1.170e+05, 0.000e+00, 5.190e-04, 0.000e+00, 2.125e+00, 9.984e+02, 2.228e-07
1.595e+00, 5.000e-01, -8.550e-01, 1.169e+05, 0.000e+00, 5.216e-04, 0.000e+00, 2.124e+00, 9.984e+02, 2.239e-07
1.595e+00, 5.000e-01, -8.450e-01, 1.168e+05, 0.000e+00, 5.306e-04, 0.000e+00, 2.122e+00, 9.984e+02, 2.278e-07
1.595e+00, 5.000e-01, -8.350e-01, 1.167e+05, 0.000e+00, 5.355e-04, 0.000e+00, 2.120e+00, 9.984e+02, 2.299e-07
1.595e+00, 5.000e-01, -8.250e-01, 1.166e+05, 0.000e+00, 5.426e-04, 0.000e+00, 2.118e+00, 9.984e+02, 2.329e-07
1.595e+00, 5.000e-01, -8.150e-01, 1.165e+05, 0.000e+00, 5.582e-04, 0.000e+00, 2.116e+00, 9.984e+02, 2.396e-07
1.595e+00, 5.000e-01, -8.050e-01, 1.164e+05, 0.000e+00, 5.672e-04, 0.000e+00, 2.115e+00, 9.984e+02, 2.435e-07
1.595e+00, 5.000e-01, -7.950e-01, 1.163e+05, 0.000e+00, 5.770e-04, 0.000e+00, 2.113e+00, 9.984e+02, 2.477e-07
1.595e+00, 5.000e-01, -7.850e-01, 1.162e+05, 0.000e+00, 5.899e-04, 0.000e+00, 2.111e+00, 9.984e+02, 2.532e-07
1.595e+00, 5.000e-01, -7.750e-01, 1.161e+05, 0.000e+00, 6.140e-04, 0.000e+00, 2.109e+00, 9.984e+02, 2.636e-07
1.595e+00, 5.000e-01, -7.650e-01, 1.160e+05, 0.000e+00, 6.651e-04, 0.000e+00, 2.107e+00, 9.984e+02, 2.855e-07
1.595e+00, 5.000e-01, -7.550e-01, 1.159e+05, 0.000e+00, 6.969e-04, 0.000e+00, 2.106e+00, 9.984e+02, 2.992e-07
1.595e+00, 5.000e-01, -7.450e-01, 1.158e+05, 0.000e+00, 7.101e-04, 0.000e+00, 2.104e+00, 9.984e+02, 3.048e-07
1.595e+00, 5.000e-01, -7.350e-01, 1.157e+05, 6.759e-07, 7.399e-04, 0.000e+00, 2.102e+00, 9.984e+02, 3.177e-07
1.595e+00, 5.000e-01, -7.250e-01, 1.156e+05, 4.725e-01, 1.895e-03, 0.000e+00, 2.100e+00, 9.986e+02, 8.559e-07
1.595e+00, 5.000e-01, -7.150e-01, 1.156e+05, 8.683e-01, 1.895e-03, 0.000e+00, 2.100e+00, 9.986e+02, 8.914e-07
1.595e+00, 5.000e-01, -7.050e-01, 1.156e+05, 8.724e-01, 1.895e-03, 0.000e+00, 2.100e+00, 9.986e+02, 8.917e-07
1.595e+00, 5.000e-01, -6.950e-01, 1.156e+05, 8.738e-01, 1.895e-03, 0.000e+00, 2.100e+00, 9.986e+02, 8.969e-07
1.595e+00, 5.000e-01, -6.850e-01, 1.167e+05, 0.000e+00, 4.313e-04, 0.000e+00, 2.120e+00, 9.983e+02, 1.895e-07
1.595e+00, 5.000e-01, -6.750e-01, 1.166e+05, 0.000e+00, 2.865e-04, 0.000e+00, 2.119e+00, 9.983e+02, 1.259e-07
1.595e+00, 5.000e-01, -6.650e-01, 1.165e+05, 0.000e+00, 1.791e-04, 0.000e+00, 2.117e+00, 9.983e+02, 7.866e-08
1.595e+00, 5.000e-01, -6.550e-01, 1.164e+05, 0.000e+00, 1.062e-04, 0.000e+00, 2.115e+00, 9.983e+02, 4.664e-08
1.595e+00, 5.000e-01, -6.450e-01, 1.163e+05, 0.000e+00, 6.345e-05, 0.000e+00, 2.113e+00, 9.983e+02, 2.787e-08
1.595e+00, 5.000e-01, -6.350e-01, 1.162e+05, 0.000e+00, 4.686e-05, 0.000e+00, 2.111e+00, 9.983e+02, 2.058e-08
1.595e+00, 5.000e-01, -6.250e-01, 1.161e+05, 0.000e+00, 5.524e-05, 0.000e+00, 2.110e+00, 9.983e+02, 2.426e-08
1.595e+00, 5.000e-01, -6.150e-01, 1.160e+05, 0.000e+00, 9.128e-05, 0.000e+00, 2.108e+00, 9.983e+02, 4.009e-08
1.595e+00, 5.000e-01, -6.050e-01, 1.159e+05, 0.000e+00, 1.600e-04, 0.000e+00, 2.106e+00, 9.983e+02, 7.030e-08
1.595e+00, 5.000e-01, -5.950e-01, 1.158e+05, 0.000e+00, 2.641e-04, 0.000e+00, 2.104e+00, 9.983e+02, 1.160e-07
1.595e+00, 5.000e-01, -5.850e-01, 1.157e+05, 0.000e+00, 3.970e-04, 0.000e+00, 2.102e+00, 9.983e+02, 1.744e-07
1.595e+00, 5.000e-01, -5.750e-01, 1.156e+05, 0.000e+00, 5.382e-04, 0.000e+00, 2.101e+00, 9.984e+02, 2.364e-07
1.595e+00, 5.000e-01, -5.650e-01, 1.155e+05, 0.000e+00, 6.576e-04, 0.000e+00, 2.099e+00, 9.984e+02, 2.889e-07
1.595e+00, 5.000e-01, -5.550e-01, 1.140e+05, 0.000e+00, 7.301e-04, 0.000e+00, 2.070e+00, 9.984e+02, 3.273e-07
1.595e+00, 5.000e-01, -5.450e-01, 1.139e+05, 0.000e+00, 7.433e-04, 0.000e+00, 2.068e+00, 9.984e+02, 3.339e-07
1.595e+00, 5.000e-01, -5.350e-01, 1.138e+05, 0.000e+00, 7.200e-04, 0.000e+00, 2.067e+00, 9.984e+02, 3.235e-07
1.595e+00, 5.000e-01, -5.250e-01, 1.137e+05, 0.000e+00, 6.885e-04, 0.000e+00, 2.065e+00, 9.984e+02, 3.093e-07
1.595e+00, 5.000e-01, -5.150e-01, 1.136e+05, 0.000e+00, 6.608e-04, 0.000e+00, 2.063e+00, 9.984e+02, 2.969e-07
1.595e+00, 5.000e-01, -5.050e-01, 1.135e+05, 0.000e+00, 6.367e-04, 0.000e+00, 2.061e+00, 9.984e+02, 2.808e-07
1.595e+00, 5.000e-01, -4.950e-01, 1.134e+05, 0.000e+00, 6.159e-04, 0.000e+00, 2.059e+00, 9.984e+02, 2.644e-07
1.595e+00, 5.000e-01, -4.850e-01, 1.133e+05, 0.000e+00, 5.989e-04, 0.000e+00, 2.057e+00, 9.984e+02, 2.571e-07
1.595e+00, 5.000e-01, -4.750e-01, 1.132e+05, 0.000e+00, 5.861e-04, 0.000e+00, 2.056e+00, 9.984e+02, 2.516e-07
1.595e+00, 5.000e-01, -4.650e-01, 1.131e+05, 0.000e+00, 5.765e-04, 0.000e+00, 2.054e+00, 9.984e+02, 2.475e-07
1.595e+00, 5.000e-01, -4.550e-01, 1.130e+05, 0.000e+00, 5.693e-04, 0.000e+00, 2.052e+00, 9.984e+02, 2.444e-07
1.595e+00, 5.000e-01, -4.450e-01, 1.129e+05, 0.000e+00, 5.641e-04, 0.000e+00, 2.050e+00, 9.984e+02, 2.422e-07
1.595e+00, 5.000e-01, -4.350e-01, 1.128e+05, 0.000e+00, 5.606e-04, 0.000e+00, 2.048e+00, 9.984e+02, 2.407e-07
1.595e+00, 5.000e-01, -4.250e-01, 1.127e+05, 0.000e+00, 5.587e-04, 0.000e+00, 2.047e+00, 9.984e+02, 2.399e-07
1.595e+00, 5.000e-01, -4.150e-01, 1.126e+05, 0.000e+00, 5.579e-04, 0.000e+00, 2.045e+00, 9.984e+02, 2.395e-07
1.595e+00, 5.000e-01, -4.050e-01, 1.125e+05, 0.000e+00, 5.567e-04, 0.000e+00, 2.043e+00, 9.984e+02, 2.390e-07
1.595e+00, 5.000e-01, -3.950e-01, 1.124e+05, 0.000e+00, 5.530e-04, 0.000e+00, 2.041e+00, 9.984e+02, 2.374e-07
1.595e+00, 5.000e-01, -3.850e-01, 1.123e+05, 0.000e+00, 5.438e-04, 0.000e+00, 2.039e+00, 9.984e+02, 2.335e-07
1.595e+00, 5.000e-01, -3.750e-01, 1.122e+05, 0.000e+00, 5.283e-04, 0.000e+00, 2.038e+00, 9.984e+02, 2.268e-07
1.595e+00, 5.000e-01, -3.650e-01, 1.121e+05, 0.000e+00, 5.067e-04, 0.000e+00, 2.036e+00, 9.984e+02, 2.233e-07
1.595e+00, 5.000e-01, -3.550e-01, 1.120e+05, 0.000e+00, 4.803e-04, 0.000e+00, 2.034e+00, 9.983e+02, 2.158e-07
1.595e+00, 5.000e-01, -3.450e-01, 1.119e+05, 0.000e+00, 4.475e-04, 0.000e+00, 2.033e+00, 9.983e+02, 2.011e-07
1.595e+00, 5.000e-01, -3.350e-01, 1.118e+05, 0.000e+00, 4.189e-04, 0.000e+00, 2.031e+00, 9.983e+02, 1.882e-07
1.595e+00, 5.000e-01, -3.250e-01, 1.117e+05, 0.000e+00, 3.973e-04, 0.000e+00, 2.029e+00, 9.983e+02, 1.785e-07
1.595e+00, 5.000e-01, -3.150e-01, 1.116e+05, 0.000e+00, 3.853e-04, 0.000e+00, 2.027e+00, 9.983e+02, 1.731e-07
1.595e+00, 5.000e-01, -3.050e-01, 1.115e+05, 0.000e+00, 3.926e-04, 0.000e+00, 2.025e+00, 9.983e+02, 1.764e-07
1.595e+00, 5.000e-01, -2.950e-01, 1.114e+05, 0.000e+00, 4.621e-04, 0.000e+00, 2.024e+00, 9.983e+02, 2.076e-07
1.595e+00, 5.000e-01, -2.850e-01, 1.113e+05, 0.000e+00, 6.078e-04, 0.000e+00, 2.022e+00, 9.984e+02, 2.723e-07
1.595e+00, 5.000e-01, -2.750e-01, 1.113e+05, 0.000e+00, 6.195e-04, 0.000e+00, 2.021e+00, 9.984e+02, 2.721e-07
1.595e+00, 5.000e-01, -2.650e-01, 1.112e+05, 0.000e+00, 5.862e-04, 0.000e+00, 2.020e+00, 9.984e+02, 2.575e-07
1.595e+00, 5.000e-01, -2.550e-01, 1.111e+05, 0.000e+00, 5.468e-04, 0.000e+00, 2.018e+00, 9.984e+02, 2.402e-07
1.595e+00, 5.000e-01, -2.450e-01, 1.110e+05, 0.000e+00, 5.083e-04, 0.000e+00, 2.016e+00, 9.984e+02, 2.233e-07
1.595e+00, 5.000e-01, -2.350e-01, 1.109e+05, 0.000e+00, 4.686e-04, 0.000e+00, 2.014e+00, 9.983e+02, 2.058e-07
1.595e+00, 5.000e-01, -2.250e-01, 1.108e+05, 0.000e+00, 4.227e-04, 0.000e+00, 2.012e+00, 9.983e+02, 1.857e-07
1.595e+00, 5.000e-01, -2.150e-01, 1.107e+05, 0.000e+00, 3.641e-04, 0.000e+00, 2.011e+00, 9.983e+02, 1.599e-07
1.595e+00, 5.000e-01, -2.050e-01, 1.108e+05, 0.000e+00, 2.894e-04, 0.000e+00, 2.012e+00, 9.983e+02, 1.256e-07
1.595e+00, 5.000e-01, -1.950e-01, 1.107e+05, 0.000e+00, 2.411e-04, 0.000e+00, 2.011e+00, 9.983e+02, 1.035e-07
1.595e+00, 5.000e-01, -1.850e-01, 1.106e+05, 0.000e+00, 2.392e-04, 0.000e+00, 2.009e+00, 9.983e+02, 1.027e-07
1.595e+00, 5.000e-01, -1.750e-01, 1.105e+05, 0.000e+00, 2.856e-04, 0.000e+00, 2.007e+00, 9.983e+02, 1.226e-07
1.595e+00, 5.000e-01, -1.650e-01, 1.104e+05, 0.000e+00, 3.615e-04, 0.000e+00, 2.005e+00, 9.983e+02, 1.552e-07
1.595e+00, 5.000e-01, -1.550e-01, 1.103e+05, 0.000e+00, 4.104e-04, 0.000e+00, 2.004e+00, 9.983e+02, 1.762e-07
1.595e+00, 5.000e-01, -1.450e-01, 1.102e+05, 0.000e+00, 3.942e-04, 0.000e+00, 2.002e+00, 9.983e+02, 1.692e-07
1.595e+00, 5.000e-01, -1.350e-01, 1.101e+05, 0.000e+00, 3.215e-04, 0.000e+00, 2.000e+00, 9.983e+02, 1.389e-07
1.595e+00, 5.000e-01, -1.250e-01, 1.112e+05, 0.000e+00, 2.257e-04, 0.000e+00, 2.020e+00, 9.983e+02, 9.914e-08
1.595e+00, 5.000e-01, -1.150e-01, 1.111e+05, 0.000e+00, 1.386e-04, 0.000e+00, 2.018e+00, 9.983e+02, 6.087e-08
1.595e+00, 5.000e-01, -1.050e-01, 1.110e+05, 0.000e+00, 7.631e-05, 0.000e+00, 2.017e+00, 9.983e+02, 3.352e-08
1.595e+00, 5.000e-01, -9.500e-02, 1.109e+05, 0.000e+00, 3.877e-05, 0.000e+00, 2.015e+00, 9.983e+02, 1.703e-08
1.595e+00, 5.000e-01, -8.500e-02, 1.108e+05, 0.000e+00, 1.861e-05, 0.000e+00, 2.013e+00, 9.983e+02, 8.175e-09
1.595e+00, 5.000e-01, -7.500e-02, 1.107e+05, 0.000e+00, 8.595e-06, 0.000e+00, 2.011e+00, 9.983e+02, 3.775e-09
1.595e+00, 5.000e-01, -6.500e-02, 1.106e+05, 0.000e+00, 3.853e-06, 0.000e+00, 2.009e+00, 9.983e+02, 1.692e-09
1.595e+00, 5.000e-01, -5.500e-02, 1.105e+05, 0.000e+00, 1.679e-06, 0.000e+00, 2.008e+00, 9.983e+02, 7.374e-10
1.595e+00, 5.000e-01, -4.500e-02, 1.104e+05, 0.000e+00, 7.091e-07, 0.000e+00, 2.006e+00, 9.983e+02, 3.115e-10
1.595e+00, 5.000e-01, -3.500e-02, 1.103e+05, 0.000e+00, 2.894e-07, 0.000e+00, 2.004e+00, 9.983e+02, 1.271e-10
1.595e+00, 5.000e-01, -2.500e-02, 1.102e+05, 0.000e+00, 1.142e-07, 0.000e+00, 2.002e+00, 9.983e+02, 5.018e-11
1.595e+00, 5.000e-01, -1.500e-02, 1.101e+05, 0.000e+00, 4.428e-08, 0.000e+00, 2.000e+00, 9.983e+02, 1.945e-11
1.595e+00, 5.000e-01, -5.000e-03, 1.100e+05, 0.000e+00, 1.793e-08, 0.000e+00, 1.999e+00, 9.983e+02, 7.876e-12
1.605e+00, 5.000e-01, -1.195e+00, 1.202e+05, 0.000e+00, 1.002e-13, 0.000e+00, 2.184e+00, 9.983e+02, 2.000e-17
1.605e+00, 5.000e-01, -1.185e+00, 1.201e+05, 0.000e+00, 1.002e-13, 0.000e+00, 2.182e+00, 9.983e+02, 2.000e-17
1.605e+00, 5.000e-01, -1.175e+00, 1.200e+05, 0.000e+00, 1.002e-13, 0.000e+00, 2.181e+00, 9.983e+02, 2.000e-17
1.605e+00, 5.000e-01, -1.165e+00, 1.199e+05, 0.000e+00, 1.002e-13, 0.000e+00, 2.179e+00, 9.983e+02, 2.000e-17
1.605e+00, 5.000e-01, -1.155e+00, 1.198e+05, 0.000e+00, 1.002e-13, 0.000e+00, 2.177e+00, 9.983e+02, 2.000e-17
1.605e+00, 5.000e-01, -1.145e+00, 1.197e+05, 0.000e+00, 1.002e-13, 0.000e+00, 2.175e+00, 9.983e+02, 2.000e-17
1.605e+00, 5.000e-01, -1.135e+00, 1.196e+05, 0.000e+00, 1.002e-13, 0.000e+00, 2.173e+00, 9.983e+02, 2.000e-17
1.605e+00, 5.000e-01, -1.125e+00, 1.195e+05, 0.000e+00, 1.002e-13, 0.000e+00, 2.172e+00, 9.983e+02, 2.000e-17
1.605e+00, 5.000e-01, -1.115e+00, 1.194e+05, 0.000e+00, 1.002e-13, 0.000e+00, 2.170e+00, 9.983e+02, 2.000e-17
1.605e+00, 5.000e-01, -1.105e+00, 1.193e+05, 0.000e+00, 1.002e-13, 0.000e+00, 2.168e+00, 9.983e+02, 2.000e-17
1.605e+00, 5.000e-01, -1.095e+00, 1.192e+05, 0.000e+00, 1.002e-13, 0.000e+00, 2.166e+00, 9.983e+02, 2.000e-17
1.605e+00, 5.000e-01, -1.085e+00, 1.191e+05, 0.000e+00, 1.002e-13, 0.000e+00, 2.165e+00, 9.983e+02, 2.000e-17
1.605e+00, 5.000e-01, -1.075e+00, 1.190e+05, 0.000e+00, 3.077e-09, 0.000e+00, 2.163e+00, 9.983e+02, 1.242e-12
1.605e+00, 5.000e-01, -1.065e+00, 1.189e+05, 0.000e+00, 6.454e-04, 0.000e+00, 2.161e+00, 9.984e+02, 2.605e-07
1.605e+00, 5.000e-01, -1.055e+00, 1.188e+05, 0.000e+00, 6.926e-04, 0.000e+00, 2.159e+00, 9.984e+02, 2.973e-07
1.605e+00, 5.000e-01, -1.045e+00, 1.187e+05, 0.000e+00, 6.348e-04, 0.000e+00, 2.158e+00, 9.984e+02, 2.725e-07
1.605e+00, 5.000e-01, -1.035e+00, 1.186e+05, 0.000e+00, 5.582e-04, 0.000e+00, 2.156e+00, 9.984e+02, 2.396e-07
1.605e+00, 5.000e-01, -1.025e+00, 1.185e+05, 0.000e+00, 4.982e-04, 0.000e+00, 2.154e+00, 9.984e+02, 2.139e-07
1.605e+00, 5.000e-01, -1.015e+00, 1.185e+05, 0.000e+00, 4.580e-04, 0.000e+00, 2.152e+00, 9.983e+02, 1.966e-07
1.605e+00, 5.000e-01, -1.005e+00, 1.184e+05, 0.000e+00, 4.338e-04, 0.000e+00, 2.150e+00, 9.983e+02, 1.862e-07
1.605e+00, 5.000e-01, -9.950e-01, 1.183e+05, 0.000e+00, 4.192e-04, 0.000e+00, 2.149e+00, 9.983e+02, 1.800e-07
1.605e+00, 5.000e-01, -9.850e-01, 1.182e+05, 0.000e+00, 4.086e-04, 0.000e+00, 2.147e+00, 9.983e+02, 1.754e-07
1.605e+00, 5.000e-01, -9.750e-01, 1.181e+05, 0.000e+00, 4.000e-04, 0.000e+00, 2.145e+00, 9.983e+02, 1.717e-07
1.605e+00, 5.000e-01, -9.650e-01, 1.180e+05, 0.000e+00, 3.952e-04, 0.000e+00, 2.143e+00, 9.983e+02, 1.697e-07
1.605e+00, 5.000e-01, -9.550e-01, 1.179e+05, 0.000e+00, 3.976e-04, 0.000e+00, 2.141e+00, 9.983e+02, 1.707e-07
1.605e+00, 5.000e-01, -9.450e-01, 1.178e+05, 0.000e+00, 4.054e-04, 0.000e+00, 2.140e+00, 9.983e+02, 1.740e-07
1.605e+00, 5.000e-01, -9.350e-01, 1.177e+05, 0.000e+00, 4.160e-04, 0.000e+00, 2.138e+00, 9.983e+02, 1.786e-07
1.605e+00, 5.000e-01, -9.250e-01, 1.176e+05, 0.000e+00, 4.285e-04, 0.000e+00, 2.136e+00, 9.983e+02, 1.840e-07
1.605e+00, 5.000e-01, -9.150e-01, 1.175e+05, 0.000e+00, 4.418e-04, 0.000e+00, 2.134e+00, 9.983e+02, 1.897e-07
1.605e+00, 5.000e-01, -9.050e-01, 1.174e+05, 0.000e+00, 4.554e-04, 0.000e+00, 2.132e+00, 9.983e+02, 1.955e-07
1.605e+00, 5.000e-01, -8.950e-01, 1.173e+05, 0.000e+00, 4.682e-04, 0.000e+00, 2.131e+00, 9.983e+02, 2.010e-07
1.605e+00, 5.000e-01, -8.850e-01, 1.172e+05, 0.000e+00, 4.768e-04, 0.000e+00, 2.129e+00, 9.983e+02, 2.047e-07
1.605e+00, 5.000e-01, -8.750e-01, 1.171e+05, 0.000e+00, 4.755e-04, 0.000e+00, 2.127e+00, 9.983e+02, 2.041e-07
1.605e+00, 5.000e-01, -8.650e-01, 1.170e+05, 0.000e+00, 4.829e-04, 0.000e+00, 2.125e+00, 9.984e+02, 2.073e-07
1.605e+00, 5.000e-01, -8.550e-01, 1.169e+05, 0.000e+00, 5.386e-04, 0.000e+00, 2.124e+00, 9.984e+02, 2.312e-07
1.605e+00, 5.000e-01, -8.450e-01, 1.168e+05, 0.000e+00, 5.748e-04, 0.000e+00, 2.122e+00, 9.984e+02, 2.467e-07
1.605e+00, 5.000e-01, -8.350e-01, 1.167e+05, 0.000e+00, 5.806e-04, 0.000e+00, 2.120e+00, 9.984e+02, 2.492e-07
1.605e+00, 5.000e-01, -8.250e-01, 1.166e+05, 0.000e+00, 6.036e-04, 0.000e+00, 2.118e+00, 9.984e+02, 2.591e-07
1.605e+00, 5.000e-01, -8.150e-01, 1.165e+05, 0.000e+00, 6.972e-04, 0.000e+00, 2.116e+00, 9.984e+02, 2.993e-07
1.605e+00, 5.000e-01, -8.050e-01, 1.164e+05, 0.000e+00, 7.156e-04, 0.000e+00, 2.115e+00, 9.984e+02, 3.072e-07
1.605e+00, 5.000e-01, -7.950e-01, 1.163e+05, 0.000e+00, 7.066e-04, 0.000e+00, 2.113e+00, 9.984e+02, 3.034e-07
1.605e+00, 5.000e-01, -7.850e-01, 1.162e+05, 0.000e+00, 7.116e-04, 0.000e+00, 2.111e+00, 9.984e+02, 3.055e-07
1.605e+00, 5.000e-01, -7.750e-01, 1.161e+05, 0.000e+00, 7.225e-04, 0.000e+00, 2.109e+00, 9.984e+02, 3.102e-07
1.605e+00, 5.000e-01, -7.650e-01, 1.160e+05, 0.000e+00, 7.327e-04, 0.000e+00, 2.107e+00, 9.984e+02, 3.145e-07
1.605e+00, 5.000e-01, -7.550e-01, 1.159e+05, 0.000e+00, 7.290e-04, 0.000e+00, 2.106e+00, 9.984e+02, 3.130e-07
1.605e+00, 5.000e-01, -7.450e-01, 1.158e+05, 0.000e+00, 7.151e-04, 0.000e+00, 2.104e+00, 9.984e+02, 3.070e-07
1.605e+00, 5.000e-01, -7.350e-01, 1.157e+05, 6.759e-07, 7.439e-04, 0.000e+00, 2.102e+00, 9.984e+02, 3.193e-07
1.605e+00, 5.000e-01, -7.250e-01, 1.156e+05, 4.724e-01, 1.895e-03, 0.000e+00, 2.100e+00, 9.986e+02, 8.559e-07
1.605e+00, 5.000e-01, -7.150e-01, 1.156e+05, 8.683e-01, 1.895e-03, 0.000e+00, 2.100e+00, 9.986e+02, 8.914e-07
1.605e+00, 5.000e-01, -7.050e-01, 1.156e+05, 8.724e-01, 1.895e-03, 0.000e+00, 2.100e+00, 9.986e+02, 8.917e-07
1.605e+00, 5.000e-01, -6.950e-01, 1.156e+05, 8.738e-01, 1.895e-03, 0.000e+00, 2.100e+00, 9.986e+02, 8.950e-07
1.605e+00, 5.000e-01, -6.850e-01, 1.167e+05, 0.000e+00, 4.363e-04, 0.000e+00, 2.120e+00, 9.983e+02, 1.916e-07
1.605e+00, 5.000e-01, -6.750e-01, 1.166e+05, 0.000e+00, 2.912e-04, 0.000e+00, 2.119e+00, 9.983e+02, 1.279e-07
1.605e+00, 5.000e-01, -6.650e-01, 1.165e+05, 0.000e+00, 1.826e-04, 0.000e+00, 2.117e+00, 9.983e+02, 8.020e-08
1.605e+00, 5.000e-01, -6.550e-01, 1.164e+05, 0.000e+00, 1.085e-04, 0.000e+00, 2.115e+00, 9.983e+02, 4.764e-08
1.605e+00, 5.000e-01, -6.450e-01, 1.163e+05, 0.000e+00, 6.480e-05, 0.000e+00, 2.113e+00, 9.983e+02, 2.846e-08
1.605e+00, 5.000e-01, -6.350e-01, 1.162e+05, 0.000e+00, 4.776e-05, 0.000e+00, 2.111e+00, 9.983e+02, 2.098e-08
1.605e+00, 5.000e-01, -6.250e-01, 1.161e+05, 0.000e+00, 5.609e-05, 0.000e+00, 2.110e+00, 9.983e+02, 2.464e-08
1.605e+00, 5.000e-01, -6.150e-01, 1.160e+05, 0.000e+00, 9.242e-05, 0.000e+00, 2.108e+00, 9.983e+02, 4.060e-08
1.605e+00, 5.000e-01, -6.050e-01, 1.159e+05, 0.000e+00, 1.617e-04, 0.000e+00, 2.106e+00, 9.983e+02, 7.102e-08
1.605e+00, 5.000e-01, -5.950e-01, 1.158e+05, 0.000e+00, 2.663e-04, 0.000e+00, 2.104e+00, 9.983e+02, 1.170e-07
1.605e+00, 5.000e-01, -5.850e-01, 1.157e+05, 0.000e+00, 3.996e-04, 0.000e+00, 2.102e+00, 9.983e+02, 1.756e-07
1.605e+00, 5.000e-01, -5.750e-01, 1.156e+05, 0.000e+00, 5.412e-04, 0.000e+00, 2.101e+00, 9.984e+02, 2.377e-07
1.605e+00, 5.000e-01, -5.650e-01, 1.155e+05, 0.000e+00, 6.610e-04, 0.000e+00, 2.099e+00, 9.984e+02, 2.904e-07
1.605e+00, 5.000e-01, -5.550e-01, 1.140e+05, 0.000e+00, 7.345e-04, 0.000e+00, 2.070e+00, 9.984e+02, 3.291e-07
1.605e+00, 5.000e-01, -5.450e-01, 1.139e+05, 0.000e+00, 7.487e-04, 0.000e+00, 2.068e+00, 9.984e+02, 3.364e-07
1.605e+00, 5.000e-01, -5.350e-01, 1.138e+05, 0.000e+00, 7.246e-04, 0.000e+00, 2.067e+00, 9.984e+02, 3.255e-07
1.605e+00, 5.000e-01, -5.250e-01, 1.137e+05, 0.000e+00, 6.914e-04, 0.000e+00, 2.065e+00, 9.984e+02, 3.106e-07
1.605e+00, 5.000e-01, -5.150e-01, 1.136e+05, 0.000e+00, 6.623e-04, 0.000e+00, 2.063e+00, 9.984e+02, 2.976e-07
1.605e+00, 5.000e-01, -5.050e-01, 1.135e+05, 0.000e+00, 6.372e-04, 0.000e+00, 2.061e+00, 9.984e+02, 2.817e-07
1.605e+00, 5.000e-01, -4.950e-01, 1.134e+05, 0.000e+00, 6.153e-04, 0.000e+00, 2.059e+00, 9.984e+02, 2.641e-07
1.605e+00, 5.000e-01, -4.850e-01, 1.133e+05, 0.000e+00, 5.977e-04, 0.000e+00, 2.057e+00, 9.984e+02, 2.566e-07
1.605e+00, 5.000e-01, -4.750e-01, 1.132e+05, 0.000e+00, 5.847e-04, 0.000e+00, 2.056e+00, 9.984e+02, 2.510e-07
1.605e+00, 5.000e-01, -4.650e-01, 1.131e+05, 0.000e+00, 5.751e-04, 0.000e+00, 2.054e+00, 9.984e+02, 2.469e-07
1.605e+00, 5.000e-01, -4.550e-01, 1.130e+05, 0.000e+00, 5.677e-04, 0.000e+00, 2.052e+00, 9.984e+02, 2.437e-07
1.605e+00, 5.000e-01, -4.450e-01, 1.129e+05, 0.000e+00, 5.620e-04, 0.000e+00, 2.050e+00, 9.984e+02, 2.413e-07
1.605e+00, 5.000e-01, -4.350e-01, 1.128e+05, 0.000e+00, 5.581e-04, 0.000e+00, 2.048e+00, 9.984e+02, 2.396e-07
1.605e+00, 5.000e-01, -4.250e-01, 1.127e+05, 0.000e+00, 5.562e-04, 0.000e+00, 2.047e+00, 9.984e+02, 2.388e-07
1.605e+00, 5.000e-01, -4.150e-01, 1.126e+05, 0.000e+00, 5.564e-04, 0.000e+00, 2.045e+00, 9.984e+02, 2.389e-07
1.605e+00, 5.000e-01, -4.050e-01, 1.125e+05, 0.000e+00, 5.576e-04, 0.000e+00, 2.043e+00, 9.984e+02, 2.394e-07
1.605e+00, 5.000e-01, -3.950e-01, 1.124e+05, 0.000e+00, 5.573e-04, 0.000e+00, 2.041e+00, 9.984e+02, 2.392e-07
1.605e+00, 5.000e-01, -3.850e-01, 1.123e+05, 0.000e+00, 5.512e-04, 0.000e+00, 2.039e+00, 9.984e+02, 2.366e-07
1.605e+00, 5.000e-01, -3.750e-01, 1.122e+05, 0.000e+00, 5.368e-04, 0.000e+00, 2.038e+00, 9.984e+02, 2.305e-07
1.605e+00, 5.000e-01, -3.650e-01, 1.121e+05, 0.000e+00, 5.171e-04, 0.000e+00, 2.036e+00, 9.984e+02, 2.273e-07
1.605e+00, 5.000e-01, -3.550e-01, 1.120e+05, 0.000e+00, 4.974e-04, 0.000e+00, 2.034e+00, 9.984e+02, 2.235e-07
1.605e+00, 5.000e-01, -3.450e-01, 1.119e+05, 0.000e+00, 4.692e-04, 0.000e+00, 2.033e+00, 9.983e+02, 2.108e-07
1.605e+00, 5.000e-01, -3.350e-01, 1.118e+05, 0.000e+00, 4.358e-04, 0.000e+00, 2.031e+00, 9.983e+02, 1.958e-07
1.605e+00, 5.000e-01, -3.250e-01, 1.117e+05, 0.000e+00, 4.077e-04, 0.000e+00, 2.029e+00, 9.983e+02, 1.831e-07
1.605e+00, 5.000e-01, -3.150e-01, 1.116e+05, 0.000e+00, 3.884e-04, 0.000e+00, 2.027e+00, 9.983e+02, 1.745e-07
1.605e+00, 5.000e-01, -3.050e-01, 1.115e+05, 0.000e+00, 3.885e-04, 0.000e+00, 2.025e+00, 9.983e+02, 1.745e-07
1.605e+00, 5.000e-01, -2.950e-01, 1.114e+05, 0.000e+00, 4.449e-04, 0.000e+00, 2.024e+00, 9.983e+02, 1.999e-07
1.605e+00, 5.000e-01, -2.850e-01, 1.113e+05, 0.000e+00, 5.990e-04, 0.000e+00, 2.022e+00, 9.984e+02, 2.689e-07
1.605e+00, 5.000e-01, -2.750e-01, 1.113e+05, 0.000e+00, 6.199e-04, 0.000e+00, 2.021e+00, 9.984e+02, 2.723e-07
1.605e+00, 5.000e-01, -2.650e-01, 1.112e+05, 0.000e+00, 5.857e-04, 0.000e+00, 2.020e+00, 9.984e+02, 2.573e-07
1.605e+00, 5.000e-01, -2.550e-01, 1.111e+05, 0.000e+00, 5.399e-04, 0.000e+00, 2.018e+00, 9.984e+02, 2.372e-07
1.605e+00, 5.000e-01, -2.450e-01, 1.110e+05, 0.000e+00, 4.926e-04, 0.000e+00, 2.016e+00, 9.983e+02, 2.164e-07
1.605e+00, 5.000e-01, -2.350e-01, 1.109e+05, 0.000e+00, 4.425e-04, 0.000e+00, 2.014e+00, 9.983e+02, 1.944e-07
1.605e+00, 5.000e-01, -2.250e-01, 1.108e+05, 0.000e+00, 3.853e-04, 0.000e+00, 2.012e+00, 9.983e+02, 1.693e-07
1.605e+00, 5.000e-01, -2.150e-01, 1.107e+05, 0.000e+00, 3.169e-04, 0.000e+00, 2.011e+00, 9.983e+02, 1.392e-07
1.605e+00, 5.000e-01, -2.050e-01, 1.108e+05, 0.000e+00, 2.405e-04, 0.000e+00, 2.012e+00, 9.983e+02, 1.044e-07
1.605e+00, 5.000e-01, -1.950e-01, 1.107e+05, 0.000e+00, 1.994e-04, 0.000e+00, 2.011e+00, 9.983e+02, 8.558e-08
1.605e+00, 5.000e-01, -1.850e-01, 1.106e+05, 0.000e+00, 2.125e-04, 0.000e+00, 2.009e+00, 9.983e+02, 9.123e-08
1.605e+00, 5.000e-01, -1.750e-01, 1.105e+05, 0.000e+00, 2.804e-04, 0.000e+00, 2.007e+00, 9.983e+02, 1.204e-07
1.605e+00, 5.000e-01, -1.650e-01, 1.104e+05, 0.000e+00, 3.685e-04, 0.000e+00, 2.005e+00, 9.983e+02, 1.582e-07
1.605e+00, 5.000e-01, -1.550e-01, 1.103e+05, 0.000e+00, 4.195e-04, 0.000e+00, 2.004e+00, 9.983e+02, 1.801e-07
1.605e+00, 5.000e-01, -1.450e-01, 1.102e+05, 0.000e+00, 4.042e-04, 0.000e+00, 2.002e+00, 9.983e+02, 1.735e-07
1.605e+00, 5.000e-01, -1.350e-01, 1.101e+05, 0.000e+00, 3.322e-04, 0.000e+00, 2.000e+00, 9.983e+02, 1.434e-07
1.605e+00, 5.000e-01, -1.250e-01, 1.112e+05, 0.000e+00, 2.344e-04, 0.000e+00, 2.020e+00, 9.983e+02, 1.030e-07
1.605e+00, 5.000e-01, -1.150e-01, 1.111e+05, 0.000e+00, 1.445e-04, 0.000e+00, 2.018e+00, 9.983e+02, 6.347e-08
1.605e+00, 5.000e-01, -1.050e-01, 1.110e+05, 0.000e+00, 7.962e-05, 0.000e+00, 2.017e+00, 9.983e+02, 3.497e-08
1.605e+00, 5.000e-01, -9.500e-02, 1.109e+05, 0.000e+00, 4.032e-05, 0.000e+00, 2.015e+00, 9.983e+02, 1.771e-08
1.605e+00, 5.000e-01, -8.500e-02, 1.108e+05, 0.000e+00, 1.924e-05, 0.000e+00, 2.013e+00, 9.983e+02, 8.449e-09
1.605e+00, 5.000e-01, -7.500e-02, 1.107e+05, 0.000e+00, 8.812e-06, 0.000e+00, 2.011e+00, 9.983e+02, 3.870e-09
1.605e+00, 5.000e-01, -6.500e-02, 1.106e+05, 0.000e+00, 3.915e-06, 0.000e+00, 2.009e+00, 9.983e+02, 1.720e-09
1.605e+00, 5.000e-01, -5.500e-02, 1.105e+05, 0.000e+00, 1.691e-06, 0.000e+00, 2.008e+00, 9.983e+02, 7.428e-10
1.605e+00, 5.000e-01, -4.500e-02, 1.104e+05, 0.000e+00, 7.088e-07, 0.000e+00, 2.006e+00, 9.983e+02, 3.113e-10
1.605e+00, 5.000e-01, -3.500e-02, 1.103e+05, 0.000e+00, 2.874e-07, 0.000e+00, 2.004e+00, 9.983e+02, 1.262e-10
1.605e+00, 5.000e-01, -2.500e-02, 1.102e+05, 0.000e+00, 1.128e-07, 0.000e+00, 2.002e+00, 9.983e+02, 4.954e-11
1.605e+00, 5.000e-01, -1.500e-02, 1.101e+05, 0.000e+00, 4.350e-08, 0.000e+00, 2.000e+00, 9.983e+02, 1.911e-11
1.605e+00, 5.000e-01, -5.000e-03, 1.100e+05, 0.000e+00, 1.752e-08, 0.000e+00, 1.999e+00, 9.983e+02, 7.694e-12
1.615e+00, 5.000e-01, -1.195e+00, 1.202e+05, 0.000e+00, 1.002e-13, 0.000e+00, 2.184e+00, 9.983e+02, 2.000e-17
1.615e+00, 5.000e-01, -1.185e+00, 1.201e+05, 0.000e+00, 1.002e-13, 0.000e+00, 2.182e+00, 9.983e+02, 2.000e-17
1.615e+00, 5.000e-01, -1.175e+00, 1.200e+05, 0.000e+00, 1.002e-13, 0.000e+00, 2.181e+00, 9.983e+02, 2.000e-17
1.615e+00, 5.000e-01, -1.165e+00, 1.199e+05, 0.000e+00, 1.002e-13, 0.000e+00, 2.179e+00, 9.983e+02, 2.000e-17
1.615e+00, 5.000e-01, -1.155e+00, 1.198e+05, 0.000e+00, 1.002e-13, 0.000e+00, 2.177e+00, 9.983e+02, 2.000e-17
1.615e+00, 5.000e-01, -1.145e+00, 1.197e+05, 0.000e+00, 1.002e-13, 0.000e+00, 2.175e+00, 9.983e+02, 2.000e-17
1.615e+00, 5.000e-01, -1.135e+00, 1.196e+05, 0.000e+00, 1.002e-13, 0.000e+00, 2.173e+00, 9.983e+02, 2.000e-17
1.615e+00, 5.000e-01, -1.125e+00, 1.195e+05, 0.000e+00, 1.002e-13, 0.000e+00, 2.172e+00, 9.983e+02, 2.000e-17
1.615e+00, 5.000e-01, -1.115e+00, 1.194e+05, 0.000e+00, 1.002e-13, 0.000e+00, 2.170e+00, 9.983e+02, 2.000e-17
1.615e+00, 5.000e-01, -1.105e+00, 1.193e+05, 0.000e+00, 1.002e-13, 0.000e+00, 2.168e+00, 9.983e+02, 2.000e-17
1.615e+00, 5.000e-01, -1.095e+00, 1.192e+05, 0.000e+00, 1.002e-13, 0.000e+00, 2.166e+00, 9.983e+02, 2.000e-17
1.615e+00, 5.000e-01, -1.085e+00, 1.191e+05, 0.000e+00, 1.002e-13, 0.000e+00, 2.165e+00, 9.983e+02, 2.000e-17
1.615e+00, 5.000e-01, -1.075e+00, 1.190e+05, 0.000e+00, 2.752e-09, 0.000e+00, 2.163e+00, 9.983e+02, 1.087e-12
1.615e+00, 5.000e-01, -1.065e+00, 1.189e+05, 0.000e+00, 5.601e-04, 0.000e+00, 2.161e+00, 9.984e+02, 2.198e-07
1.615e+00, 5.000e-01, -1.055e+00, 1.188e+05, 0.000e+00, 6.649e-04, 0.000e+00, 2.159e+00, 9.984e+02, 2.854e-07
1.615e+00, 5.000e-01, -1.045e+00, 1.187e+05, 0.000e+00, 6.148e-04, 0.000e+00, 2.158e+00, 9.984e+02, 2.639e-07
1.615e+00, 5.000e-01, -1.035e+00, 1.186e+05, 0.000e+00, 5.422e-04, 0.000e+00, 2.156e+00, 9.984e+02, 2.328e-07
1.615e+00, 5.000e-01, -1.025e+00, 1.185e+05, 0.000e+00, 4.845e-04, 0.000e+00, 2.154e+00, 9.984e+02, 2.080e-07
1.615e+00, 5.000e-01, -1.015e+00, 1.185e+05, 0.000e+00, 4.473e-04, 0.000e+00, 2.152e+00, 9.983e+02, 1.920e-07
1.615e+00, 5.000e-01, -1.005e+00, 1.184e+05, 0.000e+00, 4.311e-04, 0.000e+00, 2.150e+00, 9.983e+02, 1.851e-07
1.615e+00, 5.000e-01, -9.950e-01, 1.183e+05, 0.000e+00, 4.257e-04, 0.000e+00, 2.149e+00, 9.983e+02, 1.828e-07
1.615e+00, 5.000e-01, -9.850e-01, 1.182e+05, 0.000e+00, 4.203e-04, 0.000e+00, 2.147e+00, 9.983e+02, 1.804e-07
1.615e+00, 5.000e-01, -9.750e-01, 1.181e+05, 0.000e+00, 4.126e-04, 0.000e+00, 2.145e+00, 9.983e+02, 1.771e-07
1.615e+00, 5.000e-01, -9.650e-01, 1.180e+05, 0.000e+00, 4.049e-04, 0.000e+00, 2.143e+00, 9.983e+02, 1.738e-07
1.615e+00, 5.000e-01, -9.550e-01, 1.179e+05, 0.000e+00, 4.004e-04, 0.000e+00, 2.141e+00, 9.983e+02, 1.719e-07
1.615e+00, 5.000e-01, -9.450e-01, 1.178e+05, 0.000e+00, 4.001e-04, 0.000e+00, 2.140e+00, 9.983e+02, 1.718e-07
1.615e+00, 5.000e-01, -9.350e-01, 1.177e+05, 0.000e+00, 4.033e-04, 0.000e+00, 2.138e+00, 9.983e+02, 1.731e-07
1.615e+00, 5.000e-01, -9.250e-01, 1.176e+05, 0.000e+00, 4.092e-04, 0.000e+00, 2.136e+00, 9.983e+02, 1.757e-07
1.615e+00, 5.000e-01, -9.150e-01, 1.175e+05, 0.000e+00, 4.168e-04, 0.000e+00, 2.134e+00, 9.983e+02, 1.789e-07
1.615e+00, 5.000e-01, -9.050e-01, 1.174e+05, 0.000e+00, 4.254e-04, 0.000e+00, 2.132e+00, 9.983e+02, 1.826e-07
1.615e+00, 5.000e-01, -8.950e-01, 1.173e+05, 0.000e+00, 4.340e-04, 0.000e+00, 2.131e+00, 9.983e+02, 1.863e-07
1.615e+00, 5.000e-01, -8.850e-01, 1.172e+05, 0.000e+00, 4.401e-04, 0.000e+00, 2.129e+00, 9.983e+02, 1.889e-07
1.615e+00, 5.000e-01, -8.750e-01, 1.171e+05, 0.000e+00, 4.431e-04, 0.000e+00, 2.127e+00, 9.983e+02, 1.902e-07
1.615e+00, 5.000e-01, -8.650e-01, 1.170e+05, 0.000e+00, 5.324e-04, 0.000e+00, 2.125e+00, 9.984e+02, 2.286e-07
1.615e+00, 5.000e-01, -8.550e-01, 1.169e+05, 0.000e+00, 6.797e-04, 0.000e+00, 2.124e+00, 9.984e+02, 2.918e-07
1.615e+00, 5.000e-01, -8.450e-01, 1.168e+05, 0.000e+00, 7.233e-04, 0.000e+00, 2.122e+00, 9.984e+02, 3.105e-07
1.615e+00, 5.000e-01, -8.350e-01, 1.167e+05, 0.000e+00, 7.276e-04, 0.000e+00, 2.120e+00, 9.984e+02, 3.124e-07
1.615e+00, 5.000e-01, -8.250e-01, 1.166e+05, 0.000e+00, 7.206e-04, 0.000e+00, 2.118e+00, 9.984e+02, 3.094e-07
1.615e+00, 5.000e-01, -8.150e-01, 1.165e+05, 0.000e+00, 7.410e-04, 0.000e+00, 2.116e+00, 9.984e+02, 3.181e-07
1.615e+00, 5.000e-01, -8.050e-01, 1.164e+05, 0.000e+00, 7.449e-04, 0.000e+00, 2.115e+00, 9.984e+02, 3.198e-07
1.615e+00, 5.000e-01, -7.950e-01, 1.163e+05, 0.000e+00, 7.304e-04, 0.000e+00, 2.113e+00, 9.984e+02, 3.136e-07
1.615e+00, 5.000e-01, -7.850e-01, 1.162e+05, 0.000e+00, 7.156e-04, 0.000e+00, 2.111e+00, 9.984e+02, 3.072e-07
1.615e+00, 5.000e-01, -7.750e-01, 1.161e+05, 0.000e+00, 6.983e-04, 0.000e+00, 2.109e+00, 9.984e+02, 2.998e-07
1.615e+00, 5.000e-01, -7.650e-01, 1.160e+05, 0.000e+00, 6.700e-04, 0.000e+00, 2.107e+00, 9.984e+02, 2.876e-07
1.615e+00, 5.000e-01, -7.550e-01, 1.159e+05, 0.000e+00, 6.202e-04, 0.000e+00, 2.106e+00, 9.984e+02, 2.662e-07
1.615e+00, 5.000e-01, -7.450e-01, 1.158e+05, 0.000e+00, 6.022e-04, 0.000e+00, 2.104e+00, 9.984e+02, 2.585e-07
1.615e+00, 5.000e-01, -7.350e-01, 1.157e+05, 6.757e-07, 6.318e-04, 0.000e+00, 2.102e+00, 9.984e+02, 2.712e-07
1.615e+00, 5.000e-01, -7.250e-01, 1.156e+05, 4.723e-01, 1.895e-03, 0.000e+00, 2.100e+00, 9.986e+02, 8.559e-07
1.615e+00, 5.000e-01, -7.150e-01, 1.156e+05, 8.683e-01, 1.895e-03, 0.000e+00, 2.100e+00, 9.986e+02, 8.914e-07
1.615e+00, 5.000e-01, -7.050e-01, 1.156e+05, 8.724e-01, 1.895e-03, 0.000e+00, 2.100e+00, 9.986e+02, 8.917e-07
1.615e+00, 5.000e-01, -6.950e-01, 1.156e+05, 8.738e-01, 1.895e-03, 0.000e+00, 2.100e+00, 9.986e+02, 8.931e-07
1.615e+00, 5.000e-01, -6.850e-01, 1.167e+05, 0.000e+00, 4.452e-04, 0.000e+00, 2.120e+00, 9.983e+02, 1.956e-07
1.615e+00, 5.000e-01, -6.750e-01, 1.166e+05, 0.000e+00, 2.991e-04, 0.000e+00, 2.119e+00, 9.983e+02, 1.314e-07
1.615e+00, 5.000e-01, -6.650e-01, 1.165e+05, 0.000e+00, 1.886e-04, 0.000e+00, 2.117e+00, 9.983e+02, 8.285e-08
1.615e+00, 5.000e-01, -6.550e-01, 1.164e+05, 0.000e+00, 1.125e-04, 0.000e+00, 2.115e+00, 9.983e+02, 4.944e-08
1.615e+00, 5.000e-01, -6.450e-01, 1.163e+05, 0.000e+00, 6.741e-05, 0.000e+00, 2.113e+00, 9.983e+02, 2.961e-08
1.615e+00, 5.000e-01, -6.350e-01, 1.162e+05, 0.000e+00, 4.951e-05, 0.000e+00, 2.111e+00, 9.983e+02, 2.175e-08
1.615e+00, 5.000e-01, -6.250e-01, 1.161e+05, 0.000e+00, 5.761e-05, 0.000e+00, 2.110e+00, 9.983e+02, 2.530e-08
1.615e+00, 5.000e-01, -6.150e-01, 1.160e+05, 0.000e+00, 9.423e-05, 0.000e+00, 2.108e+00, 9.983e+02, 4.139e-08
1.615e+00, 5.000e-01, -6.050e-01, 1.159e+05, 0.000e+00, 1.641e-04, 0.000e+00, 2.106e+00, 9.983e+02, 7.209e-08
1.615e+00, 5.000e-01, -5.950e-01, 1.158e+05, 0.000e+00, 2.695e-04, 0.000e+00, 2.104e+00, 9.983e+02, 1.184e-07
1.615e+00, 5.000e-01, -5.850e-01, 1.157e+05, 0.000e+00, 4.034e-04, 0.000e+00, 2.102e+00, 9.983e+02, 1.772e-07
1.615e+00, 5.000e-01, -5.750e-01, 1.156e+05, 0.000e+00, 5.453e-04, 0.000e+00, 2.101e+00, 9.984e+02, 2.395e-07
1.615e+00, 5.000e-01, -5.650e-01, 1.155e+05, 0.000e+00, 6.654e-04, 0.000e+00, 2.099e+00, 9.984e+02, 2.923e-07
1.615e+00, 5.000e-01, -5.550e-01, 1.140e+05, 0.000e+00, 7.396e-04, 0.000e+00, 2.070e+00, 9.984e+02, 3.312e-07
1.615e+00, 5.000e-01, -5.450e-01, 1.139e+05, 0.000e+00, 7.545e-04, 0.000e+00, 2.068e+00, 9.984e+02, 3.390e-07
1.615e+00, 5.000e-01, -5.350e-01, 1.138e+05, 0.000e+00, 7.295e-04, 0.000e+00, 2.067e+00, 9.984e+02, 3.277e-07
1.615e+00, 5.000e-01, -5.250e-01, 1.137e+05, 0.000e+00, 6.946e-04, 0.000e+00, 2.065e+00, 9.984e+02, 3.121e-07
1.615e+00, 5.000e-01, -5.150e-01, 1.136e+05, 0.000e+00, 6.639e-04, 0.000e+00, 2.063e+00, 9.984e+02, 2.983e-07
1.615e+00, 5.000e-01, -5.050e-01, 1.135e+05, 0.000e+00, 6.376e-04, 0.000e+00, 2.061e+00, 9.984e+02, 2.824e-07
1.615e+00, 5.000e-01, -4.950e-01, 1.134e+05, 0.000e+00, 6.140e-04, 0.000e+00, 2.059e+00, 9.984e+02, 2.636e-07
1.615e+00, 5.000e-01, -4.850e-01, 1.133e+05, 0.000e+00, 5.960e-04, 0.000e+00, 2.057e+00, 9.984e+02, 2.559e-07
1.615e+00, 5.000e-01, -4.750e-01, 1.132e+05, 0.000e+00, 5.836e-04, 0.000e+00, 2.056e+00, 9.984e+02, 2.506e-07
1.615e+00, 5.000e-01, -4.650e-01, 1.131e+05, 0.000e+00, 5.744e-04, 0.000e+00, 2.054e+00, 9.984e+02, 2.466e-07
1.615e+00, 5.000e-01, -4.550e-01, 1.130e+05, 0.000e+00, 5.669e-04, 0.000e+00, 2.052e+00, 9.984e+02, 2.434e-07
1.615e+00, 5.000e-01, -4.450e-01, 1.129e+05, 0.000e+00, 5.607e-04, 0.000e+00, 2.050e+00, 9.984e+02, 2.407e-07
1.615e+00, 5.000e-01, -4.350e-01, 1.128e+05, 0.000e+00, 5.559e-04, 0.000e+00, 2.048e+00, 9.984e+02, 2.386e-07
1.615e+00, 5.000e-01, -4.250e-01, 1.127e+05, 0.000e+00, 5.532e-04, 0.000e+00, 2.047e+00, 9.984e+02, 2.375e-07
1.615e+00, 5.000e-01, -4.150e-01, 1.126e+05, 0.000e+00, 5.534e-04, 0.000e+00, 2.045e+00, 9.984e+02, 2.376e-07
1.615e+00, 5.000e-01, -4.050e-01, 1.125e+05, 0.000e+00, 5.565e-04, 0.000e+00, 2.043e+00, 9.984e+02, 2.389e-07
1.615e+00, 5.000e-01, -3.950e-01, 1.124e+05, 0.000e+00, 5.598e-04, 0.000e+00, 2.041e+00, 9.984e+02, 2.403e-07
1.615e+00, 5.000e-01, -3.850e-01, 1.123e+05, 0.000e+00, 5.578e-04, 0.000e+00, 2.039e+00, 9.984e+02, 2.395e-07
1.615e+00, 5.000e-01, -3.750e-01, 1.122e+05, 0.000e+00, 5.453e-04, 0.000e+00, 2.038e+00, 9.984e+02, 2.341e-07
1.615e+00, 5.000e-01, -3.650e-01, 1.121e+05, 0.000e+00, 5.250e-04, 0.000e+00, 2.036e+00, 9.984e+02, 2.303e-07
1.615e+00, 5.000e-01, -3.550e-01, 1.120e+05, 0.000e+00, 5.085e-04, 0.000e+00, 2.034e+00, 9.984e+02, 2.285e-07
1.615e+00, 5.000e-01, -3.450e-01, 1.119e+05, 0.000e+00, 4.909e-04, 0.000e+00, 2.033e+00, 9.983e+02, 2.206e-07
1.615e+00, 5.000e-01, -3.350e-01, 1.118e+05, 0.000e+00, 4.588e-04, 0.000e+00, 2.031e+00, 9.983e+02, 2.061e-07
1.615e+00, 5.000e-01, -3.250e-01, 1.117e+05, 0.000e+00, 4.267e-04, 0.000e+00, 2.029e+00, 9.983e+02, 1.917e-07
1.615e+00, 5.000e-01, -3.150e-01, 1.116e+05, 0.000e+00, 4.034e-04, 0.000e+00, 2.027e+00, 9.983e+02, 1.812e-07
1.615e+00, 5.000e-01, -3.050e-01, 1.115e+05, 0.000e+00, 4.021e-04, 0.000e+00, 2.025e+00, 9.983e+02, 1.806e-07
1.615e+00, 5.000e-01, -2.950e-01, 1.114e+05, 0.000e+00, 4.609e-04, 0.000e+00, 2.024e+00, 9.983e+02, 2.071e-07
1.615e+00, 5.000e-01, -2.850e-01, 1.113e+05, 0.000e+00, 5.985e-04, 0.000e+00, 2.022e+00, 9.984e+02, 2.689e-07
1.615e+00, 5.000e-01, -2.750e-01, 1.113e+05, 0.000e+00, 6.181e-04, 0.000e+00, 2.021e+00, 9.984e+02, 2.717e-07
1.615e+00, 5.000e-01, -2.650e-01, 1.112e+05, 0.000e+00, 5.827e-04, 0.000e+00, 2.020e+00, 9.984e+02, 2.560e-07
1.615e+00, 5.000e-01, -2.550e-01, 1.111e+05, 0.000e+00, 5.322e-04, 0.000e+00, 2.018e+00, 9.984e+02, 2.338e-07
1.615e+00, 5.000e-01, -2.450e-01, 1.110e+05, 0.000e+00, 4.776e-04, 0.000e+00, 2.016e+00, 9.983e+02, 2.098e-07
1.615e+00, 5.000e-01, -2.350e-01, 1.109e+05, 0.000e+00, 4.192e-04, 0.000e+00, 2.014e+00, 9.983e+02, 1.842e-07
1.615e+00, 5.000e-01, -2.250e-01, 1.108e+05, 0.000e+00, 3.544e-04, 0.000e+00, 2.012e+00, 9.983e+02, 1.557e-07
1.615e+00, 5.000e-01, -2.150e-01, 1.107e+05, 0.000e+00, 2.824e-04, 0.000e+00, 2.011e+00, 9.983e+02, 1.241e-07
1.615e+00, 5.000e-01, -2.050e-01, 1.108e+05, 0.000e+00, 2.133e-04, 0.000e+00, 2.012e+00, 9.983e+02, 9.263e-08
1.615e+00, 5.000e-01, -1.950e-01, 1.107e+05, 0.000e+00, 1.831e-04, 0.000e+00, 2.011e+00, 9.983e+02, 7.861e-08
1.615e+00, 5.000e-01, -1.850e-01, 1.106e+05, 0.000e+00, 2.119e-04, 0.000e+00, 2.009e+00, 9.983e+02, 9.095e-08
1.615e+00, 5.000e-01, -1.750e-01, 1.105e+05, 0.000e+00, 2.930e-04, 0.000e+00, 2.007e+00, 9.983e+02, 1.258e-07
1.615e+00, 5.000e-01, -1.650e-01, 1.104e+05, 0.000e+00, 3.806e-04, 0.000e+00, 2.005e+00, 9.983e+02, 1.634e-07
1.615e+00, 5.000e-01, -1.550e-01, 1.103e+05, 0.000e+00, 4.249e-04, 0.000e+00, 2.004e+00, 9.983e+02, 1.824e-07
1.615e+00, 5.000e-01, -1.450e-01, 1.102e+05, 0.000e+00, 4.074e-04, 0.000e+00, 2.002e+00, 9.983e+02, 1.749e-07
1.615e+00, 5.000e-01, -1.350e-01, 1.101e+05, 0.000e+00, 3.374e-04, 0.000e+00, 2.000e+00, 9.983e+02, 1.454e-07
1.615e+00, 5.000e-01, -1.250e-01, 1.112e+05, 0.000e+00, 2.398e-04, 0.000e+00, 2.020e+00, 9.983e+02, 1.053e-07
1.615e+00, 5.000e-01, -1.150e-01, 1.111e+05, 0.000e+00, 1.487e-04, 0.000e+00, 2.018e+00, 9.983e+02, 6.532e-08
1.615e+00, 5.000e-01, -1.050e-01, 1.110e+05, 0.000e+00, 8.214e-05, 0.000e+00, 2.017e+00, 9.983e+02, 3.608e-08
1.615e+00, 5.000e-01, -9.500e-02, 1.109e+05, 0.000e+00, 4.154e-05, 0.000e+00, 2.015e+00, 9.983e+02, 1.825e-08
1.615e+00, 5.000e-01, -8.500e-02, 1.108e+05, 0.000e+00, 1.974e-05, 0.000e+00, 2.013e+00, 9.983e+02, 8.668e-09
1.615e+00, 5.000e-01, -7.500e-02, 1.107e+05, 0.000e+00, 8.983e-06, 0.000e+00, 2.011e+00, 9.983e+02, 3.946e-09
1.615e+00, 5.000e-01, -6.500e-02, 1.106e+05, 0.000e+00, 3.963e-06, 0.000e+00, 2.009e+00, 9.983e+02, 1.740e-09
1.615e+00, 5.000e-01, -5.500e-02, 1.105e+05, 0.000e+00, 1.700e-06, 0.000e+00, 2.008e+00, 9.983e+02, 7.465e-10
1.615e+00, 5.000e-01, -4.500e-02, 1.104e+05, 0.000e+00, 7.078e-07, 0.000e+00, 2.006e+00, 9.983e+02, 3.109e-10
1.615e+00, 5.000e-01, -3.500e-02, 1.103e+05, 0.000e+00, 2.853e-07, 0.000e+00, 2.004e+00, 9.983e+02, 1.253e-10
1.615e+00, 5.000e-01, -2.500e-02, 1.102e+05, 0.000e+00, 1.115e-07, 0.000e+00, 2.002e+00, 9.983e+02, 4.896e-11
1.615e+00, 5.000e-01, -1.500e-02, 1.101e+05, 0.000e+00, 4.280e-08, 0.000e+00, 2.000e+00, 9.983e+02, 1.880e-11
1.615e+00, 5.000e-01, -5.000e-03, 1.100e+05, 0.000e+00, 1.715e-08, 0.000e+00, 1.999e+00, 9.983e+02, 7.534e-12
1.625e+00, 5.000e-01, -1.195e+00, 1.202e+05, 0.000e+00, 1.002e-13, 0.000e+00, 2.184e+00, 9.983e+02, 2.000e-17
1.625e+00, 5.000e-01, -1.185e+00, 1.201e+05, 0.000e+00, 1.002e-13, 0.000e+00, 2.182e+00, 9.983e+02, 2.000e-17
1.625e+00, 5.000e-01, -1.175e+00, 1.200e+05, 0.000e+00, 1.002e-13, 0.000e+00, 2.181e+00, 9.983e+02, 2.000e-17
1.625e+00, 5.000e-01, -1.165e+00, 1.199e+05, 0.000e+00, 1.002e-13, 0.000e+00, 2.179e+00, 9.983e+02, 2.000e-17
1.625e+00, 5.000e-01, -1.155e+00, 1.198e+05, 0.000e+00, 1.002e-13, 0.000e+00, 2.177e+00, 9.983e+02, 2.000e-17
1.625e+00, 5.000e-01, -1.145e+00, 1.197e+05, 0.000e+00, 1.002e-13, 0.000e+00, 2.175e+00, 9.983e+02, 2.000e-17
1.625e+00, 5.000e-01, -1.135e+00, 1.196e+05, 0.000e+00, 1.002e-13, 0.000e+00, 2.173e+00, 9.983e+02, 2.000e-17
1.625e+00, 5.000e-01, -1.125e+00, 1.195e+05, 0.000e+00, 1.002e-13, 0.000e+00, 2.172e+00, 9.983e+02, 2.000e-17
1.625e+00, 5.000e-01, -1.115e+00, 1.194e+05, 0.000e+00, 1.002e-13, 0.000e+00, 2.170e+00, 9.983e+02, 2.000e-17
1.625e+00, 5.000e-01, -1.105e+00, 1.193e+05, 0.000e+00, 1.002e-13, 0.000e+00, 2.168e+00, 9.983e+02, 2.000e-17
1.625e+00, 5.000e-01, -1.095e+00, 1.192e+05, 0.000e+00, 1.002e-13, 0.000e+00, 2.166e+00, 9.983e+02, 2.000e-17
1.625e+00, 5.000e-01, -1.085e+00, 1.191e+05, 0.000e+00, 1.002e-13, 0.000e+00, 2.165e+00, 9.983e+02, 2.000e-17
1.625e+00, 5.000e-01, -1.075e+00, 1.190e+05, 0.000e+00, 2.384e-09, 0.000e+00, 2.163e+00, 9.983e+02, 9.089e-13
1.625e+00, 5.000e-01, -1.065e+00, 1.189e+05, 0.000e+00, 4.999e-04, 0.000e+00, 2.161e+00, 9.984e+02, 1.906e-07
1.625e+00, 5.000e-01, -1.055e+00, 1.188e+05, 0.000e+00, 6.352e-04, 0.000e+00, 2.159e+00, 9.984e+02, 2.727e-07
1.625e+00, 5.000e-01, -1.045e+00, 1.187e+05, 0.000e+00, 5.914e-04, 0.000e+00, 2.158e+00, 9.984e+02, 2.539e-07
1.625e+00, 5.000e-01, -1.035e+00, 1.186e+05, 0.000e+00, 5.241e-04, 0.000e+00, 2.156e+00, 9.984e+02, 2.250e-07
1.625e+00, 5.000e-01, -1.025e+00, 1.185e+05, 0.000e+00, 4.698e-04, 0.000e+00, 2.154e+00, 9.983e+02, 2.017e-07
1.625e+00, 5.000e-01, -1.015e+00, 1.185e+05, 0.000e+00, 4.392e-04, 0.000e+00, 2.152e+00, 9.983e+02, 1.885e-07
1.625e+00, 5.000e-01, -1.005e+00, 1.184e+05, 0.000e+00, 4.354e-04, 0.000e+00, 2.150e+00, 9.983e+02, 1.869e-07
1.625e+00, 5.000e-01, -9.950e-01, 1.183e+05, 0.000e+00, 4.421e-04, 0.000e+00, 2.149e+00, 9.983e+02, 1.898e-07
1.625e+00, 5.000e-01, -9.850e-01, 1.182e+05, 0.000e+00, 4.473e-04, 0.000e+00, 2.147e+00, 9.983e+02, 1.920e-07
1.625e+00, 5.000e-01, -9.750e-01, 1.181e+05, 0.000e+00, 4.440e-04, 0.000e+00, 2.145e+00, 9.983e+02, 1.906e-07
1.625e+00, 5.000e-01, -9.650e-01, 1.180e+05, 0.000e+00, 4.340e-04, 0.000e+00, 2.143e+00, 9.983e+02, 1.863e-07
1.625e+00, 5.000e-01, -9.550e-01, 1.179e+05, 0.000e+00, 4.239e-04, 0.000e+00, 2.141e+00, 9.983e+02, 1.820e-07
1.625e+00, 5.000e-01, -9.450e-01, 1.178e+05, 0.000e+00, 4.169e-04, 0.000e+00, 2.140e+00, 9.983e+02, 1.790e-07
1.625e+00, 5.000e-01, -9.350e-01, 1.177e+05, 0.000e+00, 4.137e-04, 0.000e+00, 2.138e+00, 9.983e+02, 1.776e-07
1.625e+00, 5.000e-01, -9.250e-01, 1.176e+05, 0.000e+00, 4.137e-04, 0.000e+00, 2.136e+00, 9.983e+02, 1.776e-07
1.625e+00, 5.000e-01, -9.150e-01, 1.175e+05, 0.000e+00, 4.161e-04, 0.000e+00, 2.134e+00, 9.983e+02, 1.786e-07
1.625e+00, 5.000e-01, -9.050e-01, 1.174e+05, 0.000e+00, 4.204e-04, 0.000e+00, 2.132e+00, 9.983e+02, 1.805e-07
1.625e+00, 5.000e-01, -8.950e-01, 1.173e+05, 0.000e+00, 4.257e-04, 0.000e+00, 2.131e+00, 9.983e+02, 1.827e-07
1.625e+00, 5.000e-01, -8.850e-01, 1.172e+05, 0.000e+00, 4.314e-04, 0.000e+00, 2.129e+00, 9.983e+02, 1.852e-07
1.625e+00, 5.000e-01, -8.750e-01, 1.171e+05, 0.000e+00, 4.373e-04, 0.000e+00, 2.127e+00, 9.983e+02, 1.877e-07
1.625e+00, 5.000e-01, -8.650e-01, 1.170e+05, 0.000e+00, 4.653e-04, 0.000e+00, 2.125e+00, 9.983e+02, 1.997e-07
1.625e+00, 5.000e-01, -8.550e-01, 1.169e+05, 0.000e+00, 5.648e-04, 0.000e+00, 2.124e+00, 9.984e+02, 2.425e-07
1.625e+00, 5.000e-01, -8.450e-01, 1.168e+05, 0.000e+00, 6.976e-04, 0.000e+00, 2.122e+00, 9.984e+02, 2.995e-07
1.625e+00, 5.000e-01, -8.350e-01, 1.167e+05, 0.000e+00, 7.449e-04, 0.000e+00, 2.120e+00, 9.984e+02, 3.198e-07
1.625e+00, 5.000e-01, -8.250e-01, 1.166e+05, 0.000e+00, 7.512e-04, 0.000e+00, 2.118e+00, 9.984e+02, 3.225e-07
1.625e+00, 5.000e-01, -8.150e-01, 1.165e+05, 0.000e+00, 7.490e-04, 0.000e+00, 2.116e+00, 9.984e+02, 3.216e-07
1.625e+00, 5.000e-01, -8.050e-01, 1.164e+05, 0.000e+00, 7.374e-04, 0.000e+00, 2.115e+00, 9.984e+02, 3.166e-07
1.625e+00, 5.000e-01, -7.950e-01, 1.163e+05, 0.000e+00, 7.121e-04, 0.000e+00, 2.113e+00, 9.984e+02, 3.057e-07
1.625e+00, 5.000e-01, -7.850e-01, 1.162e+05, 0.000e+00, 6.786e-04, 0.000e+00, 2.111e+00, 9.984e+02, 2.913e-07
1.625e+00, 5.000e-01, -7.750e-01, 1.161e+05, 0.000e+00, 6.340e-04, 0.000e+00, 2.109e+00, 9.984e+02, 2.722e-07
1.625e+00, 5.000e-01, -7.650e-01, 1.160e+05, 0.000e+00, 5.548e-04, 0.000e+00, 2.107e+00, 9.984e+02, 2.382e-07
1.625e+00, 5.000e-01, -7.550e-01, 1.159e+05, 0.000e+00, 5.315e-04, 0.000e+00, 2.106e+00, 9.984e+02, 2.281e-07
1.625e+00, 5.000e-01, -7.450e-01, 1.158e+05, 0.000e+00, 5.260e-04, 0.000e+00, 2.104e+00, 9.984e+02, 2.258e-07
1.625e+00, 5.000e-01, -7.350e-01, 1.157e+05, 6.754e-07, 5.739e-04, 0.000e+00, 2.102e+00, 9.984e+02, 2.464e-07
1.625e+00, 5.000e-01, -7.250e-01, 1.156e+05, 4.722e-01, 1.895e-03, 0.000e+00, 2.100e+00, 9.986e+02, 8.559e-07
1.625e+00, 5.000e-01, -7.150e-01, 1.156e+05, 8.683e-01, 1.895e-03, 0.000e+00, 2.100e+00, 9.986e+02, 8.914e-07
1.625e+00, 5.000e-01, -7.050e-01, 1.156e+05, 8.724e-01, 1.895e-03, 0.000e+00, 2.100e+00, 9.986e+02, 8.917e-07
1.625e+00, 5.000e-01, -6.950e-01, 1.156e+05, 8.738e-01, 1.895e-03, 0.000e+00, 2.100e+00, 9.986e+02, 8.919e-07
1.625e+00, 5.000e-01, -6.850e-01, 1.167e+05, 0.000e+00, 4.579e-04, 0.000e+00, 2.120e+00, 9.983e+02, 2.010e-07
1.625e+00, 5.000e-01, -6.750e-01, 1.166e+05, 0.000e+00, 3.099e-04, 0.000e+00, 2.119e+00, 9.983e+02, 1.361e-07
1.625e+00, 5.000e-01, -6.650e-01, 1.165e+05, 0.000e+00, 1.968e-04, 0.000e+00, 2.117e+00, 9.983e+02, 8.645e-08
1.625e+00, 5.000e-01, -6.550e-01, 1.164e+05, 0.000e+00, 1.183e-04, 0.000e+00, 2.115e+00, 9.983e+02, 5.194e-08
1.625e+00, 5.000e-01, -6.450e-01, 1.163e+05, 0.000e+00, 7.115e-05, 0.000e+00, 2.113e+00, 9.983e+02, 3.125e-08
1.625e+00, 5.000e-01, -6.350e-01, 1.162e+05, 0.000e+00, 5.205e-05, 0.000e+00, 2.111e+00, 9.983e+02, 2.286e-08
1.625e+00, 5.000e-01, -6.250e-01, 1.161e+05, 0.000e+00, 5.978e-05, 0.000e+00, 2.110e+00, 9.983e+02, 2.626e-08
1.625e+00, 5.000e-01, -6.150e-01, 1.160e+05, 0.000e+00, 9.673e-05, 0.000e+00, 2.108e+00, 9.983e+02, 4.249e-08
1.625e+00, 5.000e-01, -6.050e-01, 1.159e+05, 0.000e+00, 1.675e-04, 0.000e+00, 2.106e+00, 9.983e+02, 7.356e-08
1.625e+00, 5.000e-01, -5.950e-01, 1.158e+05, 0.000e+00, 2.739e-04, 0.000e+00, 2.104e+00, 9.983e+02, 1.203e-07
1.625e+00, 5.000e-01, -5.850e-01, 1.157e+05, 0.000e+00, 4.085e-04, 0.000e+00, 2.102e+00, 9.983e+02, 1.795e-07
1.625e+00, 5.000e-01, -5.750e-01, 1.156e+05, 0.000e+00, 5.507e-04, 0.000e+00, 2.101e+00, 9.984e+02, 2.419e-07
1.625e+00, 5.000e-01, -5.650e-01, 1.155e+05, 0.000e+00, 6.708e-04, 0.000e+00, 2.099e+00, 9.984e+02, 2.947e-07
1.625e+00, 5.000e-01, -5.550e-01, 1.140e+05, 0.000e+00, 7.452e-04, 0.000e+00, 2.070e+00, 9.984e+02, 3.335e-07
1.625e+00, 5.000e-01, -5.450e-01, 1.139e+05, 0.000e+00, 7.603e-04, 0.000e+00, 2.068e+00, 9.984e+02, 3.416e-07
1.625e+00, 5.000e-01, -5.350e-01, 1.138e+05, 0.000e+00, 7.345e-04, 0.000e+00, 2.067e+00, 9.984e+02, 3.300e-07
1.625e+00, 5.000e-01, -5.250e-01, 1.137e+05, 0.000e+00, 6.979e-04, 0.000e+00, 2.065e+00, 9.984e+02, 3.136e-07
1.625e+00, 5.000e-01, -5.150e-01, 1.136e+05, 0.000e+00, 6.654e-04, 0.000e+00, 2.063e+00, 9.984e+02, 2.990e-07
1.625e+00, 5.000e-01, -5.050e-01, 1.135e+05, 0.000e+00, 6.376e-04, 0.000e+00, 2.061e+00, 9.984e+02, 2.831e-07
1.625e+00, 5.000e-01, -4.950e-01, 1.134e+05, 0.000e+00, 6.117e-04, 0.000e+00, 2.059e+00, 9.984e+02, 2.626e-07
1.625e+00, 5.000e-01, -4.850e-01, 1.133e+05, 0.000e+00, 5.945e-04, 0.000e+00, 2.057e+00, 9.984e+02, 2.552e-07
1.625e+00, 5.000e-01, -4.750e-01, 1.132e+05, 0.000e+00, 5.835e-04, 0.000e+00, 2.056e+00, 9.984e+02, 2.505e-07
1.625e+00, 5.000e-01, -4.650e-01, 1.131e+05, 0.000e+00, 5.751e-04, 0.000e+00, 2.054e+00, 9.984e+02, 2.469e-07
1.625e+00, 5.000e-01, -4.550e-01, 1.130e+05, 0.000e+00, 5.677e-04, 0.000e+00, 2.052e+00, 9.984e+02, 2.437e-07
1.625e+00, 5.000e-01, -4.450e-01, 1.129e+05, 0.000e+00, 5.609e-04, 0.000e+00, 2.050e+00, 9.984e+02, 2.408e-07
1.625e+00, 5.000e-01, -4.350e-01, 1.128e+05, 0.000e+00, 5.550e-04, 0.000e+00, 2.048e+00, 9.984e+02, 2.383e-07
1.625e+00, 5.000e-01, -4.250e-01, 1.127e+05, 0.000e+00, 5.508e-04, 0.000e+00, 2.047e+00, 9.984e+02, 2.365e-07
1.625e+00, 5.000e-01, -4.150e-01, 1.126e+05, 0.000e+00, 5.498e-04, 0.000e+00, 2.045e+00, 9.984e+02, 2.360e-07
1.625e+00, 5.000e-01, -4.050e-01, 1.125e+05, 0.000e+00, 5.536e-04, 0.000e+00, 2.043e+00, 9.984e+02, 2.376e-07
1.625e+00, 5.000e-01, -3.950e-01, 1.124e+05, 0.000e+00, 5.604e-04, 0.000e+00, 2.041e+00, 9.984e+02, 2.406e-07
1.625e+00, 5.000e-01, -3.850e-01, 1.123e+05, 0.000e+00, 5.632e-04, 0.000e+00, 2.039e+00, 9.984e+02, 2.418e-07
1.625e+00, 5.000e-01, -3.750e-01, 1.122e+05, 0.000e+00, 5.540e-04, 0.000e+00, 2.038e+00, 9.984e+02, 2.378e-07
1.625e+00, 5.000e-01, -3.650e-01, 1.121e+05, 0.000e+00, 5.328e-04, 0.000e+00, 2.036e+00, 9.984e+02, 2.332e-07
1.625e+00, 5.000e-01, -3.550e-01, 1.120e+05, 0.000e+00, 5.159e-04, 0.000e+00, 2.034e+00, 9.984e+02, 2.318e-07
1.625e+00, 5.000e-01, -3.450e-01, 1.119e+05, 0.000e+00, 5.038e-04, 0.000e+00, 2.033e+00, 9.984e+02, 2.263e-07
1.625e+00, 5.000e-01, -3.350e-01, 1.118e+05, 0.000e+00, 4.846e-04, 0.000e+00, 2.031e+00, 9.983e+02, 2.177e-07
1.625e+00, 5.000e-01, -3.250e-01, 1.117e+05, 0.000e+00, 4.550e-04, 0.000e+00, 2.029e+00, 9.983e+02, 2.044e-07
1.625e+00, 5.000e-01, -3.150e-01, 1.116e+05, 0.000e+00, 4.305e-04, 0.000e+00, 2.027e+00, 9.983e+02, 1.934e-07
1.625e+00, 5.000e-01, -3.050e-01, 1.115e+05, 0.000e+00, 4.343e-04, 0.000e+00, 2.025e+00, 9.983e+02, 1.951e-07
1.625e+00, 5.000e-01, -2.950e-01, 1.114e+05, 0.000e+00, 4.970e-04, 0.000e+00, 2.024e+00, 9.984e+02, 2.233e-07
1.625e+00, 5.000e-01, -2.850e-01, 1.113e+05, 0.000e+00, 6.007e-04, 0.000e+00, 2.022e+00, 9.984e+02, 2.699e-07
1.625e+00, 5.000e-01, -2.750e-01, 1.113e+05, 0.000e+00, 6.128e-04, 0.000e+00, 2.021e+00, 9.984e+02, 2.698e-07
1.625e+00, 5.000e-01, -2.650e-01, 1.112e+05, 0.000e+00, 5.758e-04, 0.000e+00, 2.020e+00, 9.984e+02, 2.530e-07
1.625e+00, 5.000e-01, -2.550e-01, 1.111e+05, 0.000e+00, 5.225e-04, 0.000e+00, 2.018e+00, 9.984e+02, 2.295e-07
1.625e+00, 5.000e-01, -2.450e-01, 1.110e+05, 0.000e+00, 4.631e-04, 0.000e+00, 2.016e+00, 9.983e+02, 2.034e-07
1.625e+00, 5.000e-01, -2.350e-01, 1.109e+05, 0.000e+00, 3.995e-04, 0.000e+00, 2.014e+00, 9.983e+02, 1.755e-07
1.625e+00, 5.000e-01, -2.250e-01, 1.108e+05, 0.000e+00, 3.314e-04, 0.000e+00, 2.012e+00, 9.983e+02, 1.456e-07
1.625e+00, 5.000e-01, -2.150e-01, 1.107e+05, 0.000e+00, 2.618e-04, 0.000e+00, 2.011e+00, 9.983e+02, 1.150e-07
1.625e+00, 5.000e-01, -2.050e-01, 1.106e+05, 0.000e+00, 2.011e-04, 0.000e+00, 2.009e+00, 9.983e+02, 8.736e-08
1.625e+00, 5.000e-01, -1.950e-01, 1.107e+05, 0.000e+00, 1.740e-04, 0.000e+00, 2.011e+00, 9.983e+02, 7.469e-08
1.625e+00, 5.000e-01, -1.850e-01, 1.106e+05, 0.000e+00, 2.033e-04, 0.000e+00, 2.009e+00, 9.983e+02, 8.727e-08
1.625e+00, 5.000e-01, -1.750e-01, 1.105e+05, 0.000e+00, 2.844e-04, 0.000e+00, 2.007e+00, 9.983e+02, 1.221e-07
1.625e+00, 5.000e-01, -1.650e-01, 1.104e+05, 0.000e+00, 3.694e-04, 0.000e+00, 2.005e+00, 9.983e+02, 1.586e-07
1.625e+00, 5.000e-01, -1.550e-01, 1.103e+05, 0.000e+00, 4.119e-04, 0.000e+00, 2.004e+00, 9.983e+02, 1.768e-07
1.625e+00, 5.000e-01, -1.450e-01, 1.102e+05, 0.000e+00, 3.972e-04, 0.000e+00, 2.002e+00, 9.983e+02, 1.705e-07
1.625e+00, 5.000e-01, -1.350e-01, 1.101e+05, 0.000e+00, 3.336e-04, 0.000e+00, 2.000e+00, 9.983e+02, 1.436e-07
1.625e+00, 5.000e-01, -1.250e-01, 1.112e+05, 0.000e+00, 2.407e-04, 0.000e+00, 2.020e+00, 9.983e+02, 1.057e-07
1.625e+00, 5.000e-01, -1.150e-01, 1.111e+05, 0.000e+00, 1.509e-04, 0.000e+00, 2.018e+00, 9.983e+02, 6.630e-08
1.625e+00, 5.000e-01, -1.050e-01, 1.110e+05, 0.000e+00, 8.386e-05, 0.000e+00, 2.017e+00, 9.983e+02, 3.683e-08
1.625e+00, 5.000e-01, -9.500e-02, 1.109e+05, 0.000e+00, 4.247e-05, 0.000e+00, 2.015e+00, 9.983e+02, 1.865e-08
1.625e+00, 5.000e-01, -8.500e-02, 1.108e+05, 0.000e+00, 2.014e-05, 0.000e+00, 2.013e+00, 9.983e+02, 8.844e-09
1.625e+00, 5.000e-01, -7.500e-02, 1.107e+05, 0.000e+00, 9.129e-06, 0.000e+00, 2.011e+00, 9.983e+02, 4.010e-09
1.625e+00, 5.000e-01, -6.500e-02, 1.106e+05, 0.000e+00, 4.007e-06, 0.000e+00, 2.009e+00, 9.983e+02, 1.760e-09
1.625e+00, 5.000e-01, -5.500e-02, 1.105e+05, 0.000e+00, 1.710e-06, 0.000e+00, 2.008e+00, 9.983e+02, 7.511e-10
1.625e+00, 5.000e-01, -4.500e-02, 1.104e+05, 0.000e+00, 7.089e-07, 0.000e+00, 2.006e+00, 9.983e+02, 3.114e-10
1.625e+00, 5.000e-01, -3.500e-02, 1.103e+05, 0.000e+00, 2.847e-07, 0.000e+00, 2.004e+00, 9.983e+02, 1.250e-10
1.625e+00, 5.000e-01, -2.500e-02, 1.102e+05, 0.000e+00, 1.109e-07, 0.000e+00, 2.002e+00, 9.983e+02, 4.869e-11
1.625e+00, 5.000e-01, -1.500e-02, 1.101e+05, 0.000e+00, 4.246e-08, 0.000e+00, 2.000e+00, 9.983e+02, 1.865e-11
1.625e+00, 5.000e-01, -5.000e-03, 1.100e+05, 0.000e+00, 1.695e-08, 0.000e+00, 1.999e+00, 9.983e+02, 7.446e-12
1.635e+00, 5.000e-01, -1.195e+00, 1.202e+05, 0.000e+00, 1.002e-13, 0.000e+00, 2.184e+00, 9.983e+02, 2.000e-17
1.635e+00, 5.000e-01, -1.185e+00, 1.201e+05, 0.000e+00, 1.002e-13, 0.000e+00, 2.182e+00, 9.983e+02, 2.000e-17
1.635e+00, 5.000e-01, -1.175e+00, 1.200e+05, 0.000e+00, 1.002e-13, 0.000e+00, 2.181e+00, 9.983e+02, 2.000e-17
1.635e+00, 5.000e-01, -1.165e+00, 1.199e+05, 0.000e+00, 1.002e-13, 0.000e+00, 2.179e+00, 9.983e+02, 2.000e-17
1.635e+00, 5.000e-01, -1.155e+00, 1.198e+05, 0.000e+00, 1.002e-13, 0.000e+00, 2.177e+00, 9.983e+02, 2.000e-17
1.635e+00, 5.000e-01, -1.145e+00, 1.197e+05, 0.000e+00, 1.002e-13, 0.000e+00, 2.175e+00, 9.983e+02, 2.000e-17
1.635e+00, 5.000e-01, -1.135e+00, 1.196e+05, 0.000e+00, 1.002e-13, 0.000e+00, 2.173e+00, 9.983e+02, 2.000e-17
1.635e+00, 5.000e-01, -1.125e+00, 1.195e+05, 0.000e+00, 1.002e-13, 0.000e+00, 2.172e+00, 9.983e+02, 2.000e-17
1.635e+00, 5.000e-01, -1.115e+00, 1.194e+05, 0.000e+00, 1.002e-13, 0.000e+00, 2.170e+00, 9.983e+02, 2.000e-17
1.635e+00, 5.000e-01, -1.105e+00, 1.193e+05, 0.000e+00, 1.002e-13, 0.000e+00, 2.168e+00, 9.983e+02, 2.000e-17
1.635e+00, 5.000e-01, -1.095e+00, 1.192e+05, 0.000e+00, 1.002e-13, 0.000e+00, 2.166e+00, 9.983e+02, 2.000e-17
1.635e+00, 5.000e-01, -1.085e+00, 1.191e+05, 0.000e+00, 1.002e-13, 0.000e+00, 2.165e+00, 9.983e+02, 2.000e-17
1.635e+00, 5.000e-01, -1.075e+00, 1.190e+05, 0.000e+00, 2.201e-09, 0.000e+00, 2.163e+00, 9.983e+02, 8.147e-13
1.635e+00, 5.000e-01, -1.065e+00, 1.189e+05, 0.000e+00, 4.616e-04, 0.000e+00, 2.161e+00, 9.983e+02, 1.708e-07
1.635e+00, 5.000e-01, -1.055e+00, 1.188e+05, 0.000e+00, 6.036e-04, 0.000e+00, 2.159e+00, 9.984e+02, 2.591e-07
1.635e+00, 5.000e-01, -1.045e+00, 1.187e+05, 0.000e+00, 5.652e-04, 0.000e+00, 2.158e+00, 9.984e+02, 2.426e-07
1.635e+00, 5.000e-01, -1.035e+00, 1.186e+05, 0.000e+00, 5.058e-04, 0.000e+00, 2.156e+00, 9.984e+02, 2.171e-07
1.635e+00, 5.000e-01, -1.025e+00, 1.185e+05, 0.000e+00, 4.576e-04, 0.000e+00, 2.154e+00, 9.983e+02, 1.964e-07
1.635e+00, 5.000e-01, -1.015e+00, 1.185e+05, 0.000e+00, 4.350e-04, 0.000e+00, 2.152e+00, 9.983e+02, 1.867e-07
1.635e+00, 5.000e-01, -1.005e+00, 1.184e+05, 0.000e+00, 4.454e-04, 0.000e+00, 2.150e+00, 9.983e+02, 1.912e-07
1.635e+00, 5.000e-01, -9.950e-01, 1.183e+05, 0.000e+00, 4.649e-04, 0.000e+00, 2.149e+00, 9.983e+02, 1.996e-07
1.635e+00, 5.000e-01, -9.850e-01, 1.182e+05, 0.000e+00, 4.812e-04, 0.000e+00, 2.147e+00, 9.984e+02, 2.066e-07
1.635e+00, 5.000e-01, -9.750e-01, 1.181e+05, 0.000e+00, 4.914e-04, 0.000e+00, 2.145e+00, 9.984e+02, 2.109e-07
1.635e+00, 5.000e-01, -9.650e-01, 1.180e+05, 0.000e+00, 4.865e-04, 0.000e+00, 2.143e+00, 9.984e+02, 2.089e-07
1.635e+00, 5.000e-01, -9.550e-01, 1.179e+05, 0.000e+00, 4.709e-04, 0.000e+00, 2.141e+00, 9.983e+02, 2.022e-07
1.635e+00, 5.000e-01, -9.450e-01, 1.178e+05, 0.000e+00, 4.575e-04, 0.000e+00, 2.140e+00, 9.983e+02, 1.964e-07
1.635e+00, 5.000e-01, -9.350e-01, 1.177e+05, 0.000e+00, 4.484e-04, 0.000e+00, 2.138e+00, 9.983e+02, 1.925e-07
1.635e+00, 5.000e-01, -9.250e-01, 1.176e+05, 0.000e+00, 4.431e-04, 0.000e+00, 2.136e+00, 9.983e+02, 1.902e-07
1.635e+00, 5.000e-01, -9.150e-01, 1.175e+05, 0.000e+00, 4.408e-04, 0.000e+00, 2.134e+00, 9.983e+02, 1.892e-07
1.635e+00, 5.000e-01, -9.050e-01, 1.174e+05, 0.000e+00, 4.409e-04, 0.000e+00, 2.132e+00, 9.983e+02, 1.893e-07
1.635e+00, 5.000e-01, -8.950e-01, 1.173e+05, 0.000e+00, 4.427e-04, 0.000e+00, 2.131e+00, 9.983e+02, 1.901e-07
1.635e+00, 5.000e-01, -8.850e-01, 1.172e+05, 0.000e+00, 4.456e-04, 0.000e+00, 2.129e+00, 9.983e+02, 1.913e-07
1.635e+00, 5.000e-01, -8.750e-01, 1.171e+05, 0.000e+00, 4.490e-04, 0.000e+00, 2.127e+00, 9.983e+02, 1.928e-07
1.635e+00, 5.000e-01, -8.650e-01, 1.170e+05, 0.000e+00, 4.600e-04, 0.000e+00, 2.125e+00, 9.983e+02, 1.975e-07
1.635e+00, 5.000e-01, -8.550e-01, 1.169e+05, 0.000e+00, 5.080e-04, 0.000e+00, 2.124e+00, 9.984e+02, 2.181e-07
1.635e+00, 5.000e-01, -8.450e-01, 1.168e+05, 0.000e+00, 5.991e-04, 0.000e+00, 2.122e+00, 9.984e+02, 2.572e-07
1.635e+00, 5.000e-01, -8.350e-01, 1.167e+05, 0.000e+00, 6.871e-04, 0.000e+00, 2.120e+00, 9.984e+02, 2.950e-07
1.635e+00, 5.000e-01, -8.250e-01, 1.166e+05, 0.000e+00, 7.183e-04, 0.000e+00, 2.118e+00, 9.984e+02, 3.084e-07
1.635e+00, 5.000e-01, -8.150e-01, 1.165e+05, 0.000e+00, 7.219e-04, 0.000e+00, 2.116e+00, 9.984e+02, 3.099e-07
1.635e+00, 5.000e-01, -8.050e-01, 1.164e+05, 0.000e+00, 7.077e-04, 0.000e+00, 2.115e+00, 9.984e+02, 3.038e-07
1.635e+00, 5.000e-01, -7.950e-01, 1.163e+05, 0.000e+00, 6.772e-04, 0.000e+00, 2.113e+00, 9.984e+02, 2.907e-07
1.635e+00, 5.000e-01, -7.850e-01, 1.162e+05, 0.000e+00, 6.295e-04, 0.000e+00, 2.111e+00, 9.984e+02, 2.703e-07
1.635e+00, 5.000e-01, -7.750e-01, 1.161e+05, 0.000e+00, 5.479e-04, 0.000e+00, 2.109e+00, 9.984e+02, 2.352e-07
1.635e+00, 5.000e-01, -7.650e-01, 1.160e+05, 0.000e+00, 5.133e-04, 0.000e+00, 2.107e+00, 9.984e+02, 2.203e-07
1.635e+00, 5.000e-01, -7.550e-01, 1.159e+05, 0.000e+00, 4.904e-04, 0.000e+00, 2.106e+00, 9.984e+02, 2.105e-07
1.635e+00, 5.000e-01, -7.450e-01, 1.158e+05, 0.000e+00, 4.793e-04, 0.000e+00, 2.104e+00, 9.983e+02, 2.058e-07
1.635e+00, 5.000e-01, -7.350e-01, 1.157e+05, 6.752e-07, 5.345e-04, 0.000e+00, 2.102e+00, 9.984e+02, 2.295e-07
1.635e+00, 5.000e-01, -7.250e-01, 1.156e+05, 4.720e-01, 1.895e-03, 0.000e+00, 2.100e+00, 9.986e+02, 8.559e-07
1.635e+00, 5.000e-01, -7.150e-01, 1.156e+05, 8.683e-01, 1.895e-03, 0.000e+00, 2.100e+00, 9.986e+02, 8.914e-07
1.635e+00, 5.000e-01, -7.050e-01, 1.156e+05, 8.724e-01, 1.895e-03, 0.000e+00, 2.100e+00, 9.986e+02, 8.917e-07
1.635e+00, 5.000e-01, -6.950e-01, 1.156e+05, 8.738e-01, 1.895e-03, 0.000e+00, 2.100e+00, 9.986e+02, 8.918e-07
1.635e+00, 5.000e-01, -6.850e-01, 1.167e+05, 0.000e+00, 4.724e-04, 0.000e+00, 2.120e+00, 9.983e+02, 2.069e-07
1.635e+00, 5.000e-01, -6.750e-01, 1.166e+05, 0.000e+00, 3.221e-04, 0.000e+00, 2.119e+00, 9.983e+02, 1.415e-07
1.635e+00, 5.000e-01, -6.650e-01, 1.165e+05, 0.000e+00, 2.063e-04, 0.000e+00, 2.117e+00, 9.983e+02, 9.061e-08
1.635e+00, 5.000e-01, -6.550e-01, 1.164e+05, 0.000e+00, 1.250e-04, 0.000e+00, 2.115e+00, 9.983e+02, 5.489e-08
1.635e+00, 5.000e-01, -6.450e-01, 1.163e+05, 0.000e+00, 7.564e-05, 0.000e+00, 2.113e+00, 9.983e+02, 3.322e-08
1.635e+00, 5.000e-01, -6.350e-01, 1.162e+05, 0.000e+00, 5.517e-05, 0.000e+00, 2.111e+00, 9.983e+02, 2.423e-08
1.635e+00, 5.000e-01, -6.250e-01, 1.161e+05, 0.000e+00, 6.246e-05, 0.000e+00, 2.110e+00, 9.983e+02, 2.743e-08
1.635e+00, 5.000e-01, -6.150e-01, 1.160e+05, 0.000e+00, 9.983e-05, 0.000e+00, 2.108e+00, 9.983e+02, 4.385e-08
1.635e+00, 5.000e-01, -6.050e-01, 1.159e+05, 0.000e+00, 1.716e-04, 0.000e+00, 2.106e+00, 9.983e+02, 7.537e-08
1.635e+00, 5.000e-01, -5.950e-01, 1.158e+05, 0.000e+00, 2.792e-04, 0.000e+00, 2.104e+00, 9.983e+02, 1.227e-07
1.635e+00, 5.000e-01, -5.850e-01, 1.157e+05, 0.000e+00, 4.148e-04, 0.000e+00, 2.102e+00, 9.983e+02, 1.822e-07
1.635e+00, 5.000e-01, -5.750e-01, 1.156e+05, 0.000e+00, 5.573e-04, 0.000e+00, 2.101e+00, 9.984e+02, 2.448e-07
1.635e+00, 5.000e-01, -5.650e-01, 1.155e+05, 0.000e+00, 6.772e-04, 0.000e+00, 2.099e+00, 9.984e+02, 2.975e-07
1.635e+00, 5.000e-01, -5.550e-01, 1.140e+05, 0.000e+00, 7.511e-04, 0.000e+00, 2.070e+00, 9.984e+02, 3.359e-07
1.635e+00, 5.000e-01, -5.450e-01, 1.139e+05, 0.000e+00, 7.660e-04, 0.000e+00, 2.068e+00, 9.984e+02, 3.441e-07
1.635e+00, 5.000e-01, -5.350e-01, 1.138e+05, 0.000e+00, 7.394e-04, 0.000e+00, 2.067e+00, 9.984e+02, 3.322e-07
1.635e+00, 5.000e-01, -5.250e-01, 1.137e+05, 0.000e+00, 7.011e-04, 0.000e+00, 2.065e+00, 9.984e+02, 3.150e-07
1.635e+00, 5.000e-01, -5.150e-01, 1.136e+05, 0.000e+00, 6.667e-04, 0.000e+00, 2.063e+00, 9.984e+02, 2.995e-07
1.635e+00, 5.000e-01, -5.050e-01, 1.135e+05, 0.000e+00, 6.370e-04, 0.000e+00, 2.061e+00, 9.984e+02, 2.834e-07
1.635e+00, 5.000e-01, -4.950e-01, 1.134e+05, 0.000e+00, 6.091e-04, 0.000e+00, 2.059e+00, 9.984e+02, 2.615e-07
1.635e+00, 5.000e-01, -4.850e-01, 1.133e+05, 0.000e+00, 5.940e-04, 0.000e+00, 2.057e+00, 9.984e+02, 2.550e-07
1.635e+00, 5.000e-01, -4.750e-01, 1.132e+05, 0.000e+00, 5.849e-04, 0.000e+00, 2.056e+00, 9.984e+02, 2.511e-07
1.635e+00, 5.000e-01, -4.650e-01, 1.131e+05, 0.000e+00, 5.778e-04, 0.000e+00, 2.054e+00, 9.984e+02, 2.480e-07
1.635e+00, 5.000e-01, -4.550e-01, 1.130e+05, 0.000e+00, 5.708e-04, 0.000e+00, 2.052e+00, 9.984e+02, 2.450e-07
1.635e+00, 5.000e-01, -4.450e-01, 1.129e+05, 0.000e+00, 5.635e-04, 0.000e+00, 2.050e+00, 9.984e+02, 2.419e-07
1.635e+00, 5.000e-01, -4.350e-01, 1.128e+05, 0.000e+00, 5.562e-04, 0.000e+00, 2.048e+00, 9.984e+02, 2.388e-07
1.635e+00, 5.000e-01, -4.250e-01, 1.127e+05, 0.000e+00, 5.500e-04, 0.000e+00, 2.047e+00, 9.984e+02, 2.361e-07
1.635e+00, 5.000e-01, -4.150e-01, 1.126e+05, 0.000e+00, 5.467e-04, 0.000e+00, 2.045e+00, 9.984e+02, 2.347e-07
1.635e+00, 5.000e-01, -4.050e-01, 1.125e+05, 0.000e+00, 5.494e-04, 0.000e+00, 2.043e+00, 9.984e+02, 2.359e-07
1.635e+00, 5.000e-01, -3.950e-01, 1.124e+05, 0.000e+00, 5.591e-04, 0.000e+00, 2.041e+00, 9.984e+02, 2.400e-07
1.635e+00, 5.000e-01, -3.850e-01, 1.123e+05, 0.000e+00, 5.673e-04, 0.000e+00, 2.039e+00, 9.984e+02, 2.435e-07
1.635e+00, 5.000e-01, -3.750e-01, 1.122e+05, 0.000e+00, 5.626e-04, 0.000e+00, 2.038e+00, 9.984e+02, 2.415e-07
1.635e+00, 5.000e-01, -3.650e-01, 1.121e+05, 0.000e+00, 5.419e-04, 0.000e+00, 2.036e+00, 9.984e+02, 2.366e-07
1.635e+00, 5.000e-01, -3.550e-01, 1.120e+05, 0.000e+00, 5.218e-04, 0.000e+00, 2.034e+00, 9.984e+02, 2.344e-07
1.635e+00, 5.000e-01, -3.450e-01, 1.119e+05, 0.000e+00, 5.133e-04, 0.000e+00, 2.033e+00, 9.984e+02, 2.306e-07
1.635e+00, 5.000e-01, -3.350e-01, 1.118e+05, 0.000e+00, 5.036e-04, 0.000e+00, 2.031e+00, 9.984e+02, 2.262e-07
1.635e+00, 5.000e-01, -3.250e-01, 1.117e+05, 0.000e+00, 4.865e-04, 0.000e+00, 2.029e+00, 9.983e+02, 2.186e-07
1.635e+00, 5.000e-01, -3.150e-01, 1.116e+05, 0.000e+00, 4.714e-04, 0.000e+00, 2.027e+00, 9.983e+02, 2.118e-07
1.635e+00, 5.000e-01, -3.050e-01, 1.115e+05, 0.000e+00, 4.801e-04, 0.000e+00, 2.025e+00, 9.983e+02, 2.157e-07
1.635e+00, 5.000e-01, -2.950e-01, 1.114e+05, 0.000e+00, 5.313e-04, 0.000e+00, 2.024e+00, 9.984e+02, 2.387e-07
1.635e+00, 5.000e-01, -2.850e-01, 1.113e+05, 0.000e+00, 6.019e-04, 0.000e+00, 2.022e+00, 9.984e+02, 2.704e-07
1.635e+00, 5.000e-01, -2.750e-01, 1.113e+05, 0.000e+00, 6.033e-04, 0.000e+00, 2.021e+00, 9.984e+02, 2.661e-07
1.635e+00, 5.000e-01, -2.650e-01, 1.112e+05, 0.000e+00, 5.641e-04, 0.000e+00, 2.020e+00, 9.984e+02, 2.478e-07
1.635e+00, 5.000e-01, -2.550e-01, 1.111e+05, 0.000e+00, 5.094e-04, 0.000e+00, 2.018e+00, 9.984e+02, 2.238e-07
1.635e+00, 5.000e-01, -2.450e-01, 1.110e+05, 0.000e+00, 4.480e-04, 0.000e+00, 2.016e+00, 9.983e+02, 1.968e-07
1.635e+00, 5.000e-01, -2.350e-01, 1.109e+05, 0.000e+00, 3.829e-04, 0.000e+00, 2.014e+00, 9.983e+02, 1.682e-07
1.635e+00, 5.000e-01, -2.250e-01, 1.108e+05, 0.000e+00, 3.164e-04, 0.000e+00, 2.012e+00, 9.983e+02, 1.390e-07
1.635e+00, 5.000e-01, -2.150e-01, 1.107e+05, 0.000e+00, 2.528e-04, 0.000e+00, 2.011e+00, 9.983e+02, 1.111e-07
1.635e+00, 5.000e-01, -2.050e-01, 1.106e+05, 0.000e+00, 1.980e-04, 0.000e+00, 2.009e+00, 9.983e+02, 8.601e-08
1.635e+00, 5.000e-01, -1.950e-01, 1.107e+05, 0.000e+00, 1.661e-04, 0.000e+00, 2.011e+00, 9.983e+02, 7.131e-08
1.635e+00, 5.000e-01, -1.850e-01, 1.106e+05, 0.000e+00, 1.796e-04, 0.000e+00, 2.009e+00, 9.983e+02, 7.710e-08
1.635e+00, 5.000e-01, -1.750e-01, 1.105e+05, 0.000e+00, 2.450e-04, 0.000e+00, 2.007e+00, 9.983e+02, 1.052e-07
1.635e+00, 5.000e-01, -1.650e-01, 1.104e+05, 0.000e+00, 3.244e-04, 0.000e+00, 2.005e+00, 9.983e+02, 1.393e-07
1.635e+00, 5.000e-01, -1.550e-01, 1.103e+05, 0.000e+00, 3.722e-04, 0.000e+00, 2.004e+00, 9.983e+02, 1.598e-07
1.635e+00, 5.000e-01, -1.450e-01, 1.102e+05, 0.000e+00, 3.700e-04, 0.000e+00, 2.002e+00, 9.983e+02, 1.588e-07
1.635e+00, 5.000e-01, -1.350e-01, 1.101e+05, 0.000e+00, 3.196e-04, 0.000e+00, 2.000e+00, 9.983e+02, 1.374e-07
1.635e+00, 5.000e-01, -1.250e-01, 1.112e+05, 0.000e+00, 2.368e-04, 0.000e+00, 2.020e+00, 9.983e+02, 1.040e-07
1.635e+00, 5.000e-01, -1.150e-01, 1.111e+05, 0.000e+00, 1.511e-04, 0.000e+00, 2.018e+00, 9.983e+02, 6.636e-08
1.635e+00, 5.000e-01, -1.050e-01, 1.110e+05, 0.000e+00, 8.473e-05, 0.000e+00, 2.017e+00, 9.983e+02, 3.722e-08
1.635e+00, 5.000e-01, -9.500e-02, 1.109e+05, 0.000e+00, 4.309e-05, 0.000e+00, 2.015e+00, 9.983e+02, 1.892e-08
1.635e+00, 5.000e-01, -8.500e-02, 1.108e+05, 0.000e+00, 2.044e-05, 0.000e+00, 2.013e+00, 9.983e+02, 8.979e-09
1.635e+00, 5.000e-01, -7.500e-02, 1.107e+05, 0.000e+00, 9.256e-06, 0.000e+00, 2.011e+00, 9.983e+02, 4.065e-09
1.635e+00, 5.000e-01, -6.500e-02, 1.106e+05, 0.000e+00, 4.053e-06, 0.000e+00, 2.009e+00, 9.983e+02, 1.780e-09
1.635e+00, 5.000e-01, -5.500e-02, 1.105e+05, 0.000e+00, 1.726e-06, 0.000e+00, 2.008e+00, 9.983e+02, 7.581e-10
1.635e+00, 5.000e-01, -4.500e-02, 1.104e+05, 0.000e+00, 7.140e-07, 0.000e+00, 2.006e+00, 9.983e+02, 3.136e-10
1.635e+00, 5.000e-01, -3.500e-02, 1.103e+05, 0.000e+00, 2.864e-07, 0.000e+00, 2.004e+00, 9.983e+02, 1.258e-10
1.635e+00, 5.000e-01, -2.500e-02, 1.102e+05, 0.000e+00, 1.114e-07, 0.000e+00, 2.002e+00, 9.983e+02, 4.893e-11
1.635e+00, 5.000e-01, -1.500e-02, 1.101e+05, 0.000e+00, 4.264e-08, 0.000e+00, 2.000e+00, 9.983e+02, 1.873e-11
1.635e+00, 5.000e-01, -5.000e-03, 1.100e+05, 0.000e+00, 1.699e-08, 0.000e+00, 1.999e+00, 9.983e+02, 7.463e-12
1.645e+00, 5.000e-01, -1.195e+00, 1.202e+05, 0.000e+00, 1.002e-13, 0.000e+00, 2.184e+00, 9.983e+02, 2.000e-17
1.645e+00, 5.000e-01, -1.185e+00, 1.201e+05, 0.000e+00, 1.002e-13, 0.000e+00, 2.182e+00, 9.983e+02, 2.000e-17
1.645e+00, 5.000e-01, -1.175e+00, 1.200e+05, 0.000e+00, 1.002e-13, 0.000e+00, 2.181e+00, 9.983e+02, 2.000e-17
1.645e+00, 5.000e-01, -1.165e+00, 1.199e+05, 0.000e+00, 1.002e-13, 0.000e+00, 2.179e+00, 9.983e+02, 2.000e-17
1.645e+00, 5.000e-01, -1.155e+00, 1.198e+05, 0.000e+00, 1.002e-13, 0.000e+00, 2.177e+00, 9.983e+02, 2.000e-17
1.645e+00, 5.000e-01, -1.145e+00, 1.197e+05, 0.000e+00, 1.002e-13, 0.000e+00, 2.175e+00, 9.983e+02, 2.000e-17
1.645e+00, 5.000e-01, -1.135e+00, 1.196e+05, 0.000e+00, 1.002e-13, 0.000e+00, 2.173e+00, 9.983e+02, 2.000e-17
1.645e+00, 5.000e-01, -1.125e+00, 1.195e+05, 0.000e+00, 1.002e-13, 0.000e+00, 2.172e+00, 9.983e+02, 2.000e-17
1.645e+00, 5.000e-01, -1.115e+00, 1.194e+05, 0.000e+00, 1.002e-13, 0.000e+00, 2.170e+00, 9.983e+02, 2.000e-17
1.645e+00, 5.000e-01, -1.105e+00, 1.193e+05, 0.000e+00, 1.002e-13, 0.000e+00, 2.168e+00, 9.983e+02, 2.000e-17
1.645e+00, 5.000e-01, -1.095e+00, 1.192e+05, 0.000e+00, 1.002e-13, 0.000e+00, 2.166e+00, 9.983e+02, 2.000e-17
1.645e+00, 5.000e-01, -1.085e+00, 1.191e+05, 0.000e+00, 1.002e-13, 0.000e+00, 2.165e+00, 9.983e+02, 2.000e-17
1.645e+00, 5.000e-01, -1.075e+00, 1.190e+05, 0.000e+00, 2.062e-09, 0.000e+00, 2.163e+00, 9.983e+02, 7.585e-13
1.645e+00, 5.000e-01, -1.065e+00, 1.189e+05, 0.000e+00, 4.324e-04, 0.000e+00, 2.161e+00, 9.983e+02, 1.591e-07
1.645e+00, 5.000e-01, -1.055e+00, 1.188e+05, 0.000e+00, 5.694e-04, 0.000e+00, 2.159e+00, 9.984e+02, 2.444e-07
1.645e+00, 5.000e-01, -1.045e+00, 1.187e+05, 0.000e+00, 5.369e-04, 0.000e+00, 2.158e+00, 9.984e+02, 2.305e-07
1.645e+00, 5.000e-01, -1.035e+00, 1.186e+05, 0.000e+00, 4.892e-04, 0.000e+00, 2.156e+00, 9.984e+02, 2.100e-07
1.645e+00, 5.000e-01, -1.025e+00, 1.185e+05, 0.000e+00, 4.495e-04, 0.000e+00, 2.154e+00, 9.983e+02, 1.930e-07
1.645e+00, 5.000e-01, -1.015e+00, 1.185e+05, 0.000e+00, 4.305e-04, 0.000e+00, 2.152e+00, 9.983e+02, 1.848e-07
1.645e+00, 5.000e-01, -1.005e+00, 1.184e+05, 0.000e+00, 4.583e-04, 0.000e+00, 2.150e+00, 9.983e+02, 1.967e-07
1.645e+00, 5.000e-01, -9.950e-01, 1.183e+05, 0.000e+00, 4.904e-04, 0.000e+00, 2.149e+00, 9.984e+02, 2.105e-07
1.645e+00, 5.000e-01, -9.850e-01, 1.182e+05, 0.000e+00, 5.146e-04, 0.000e+00, 2.147e+00, 9.984e+02, 2.209e-07
1.645e+00, 5.000e-01, -9.750e-01, 1.181e+05, 0.000e+00, 5.290e-04, 0.000e+00, 2.145e+00, 9.984e+02, 2.271e-07
1.645e+00, 5.000e-01, -9.650e-01, 1.180e+05, 0.000e+00, 5.319e-04, 0.000e+00, 2.143e+00, 9.984e+02, 2.284e-07
1.645e+00, 5.000e-01, -9.550e-01, 1.179e+05, 0.000e+00, 5.237e-04, 0.000e+00, 2.141e+00, 9.984e+02, 2.248e-07
1.645e+00, 5.000e-01, -9.450e-01, 1.178e+05, 0.000e+00, 5.110e-04, 0.000e+00, 2.140e+00, 9.984e+02, 2.194e-07
1.645e+00, 5.000e-01, -9.350e-01, 1.177e+05, 0.000e+00, 4.991e-04, 0.000e+00, 2.138e+00, 9.984e+02, 2.142e-07
1.645e+00, 5.000e-01, -9.250e-01, 1.176e+05, 0.000e+00, 4.896e-04, 0.000e+00, 2.136e+00, 9.984e+02, 2.102e-07
1.645e+00, 5.000e-01, -9.150e-01, 1.175e+05, 0.000e+00, 4.833e-04, 0.000e+00, 2.134e+00, 9.984e+02, 2.075e-07
1.645e+00, 5.000e-01, -9.050e-01, 1.174e+05, 0.000e+00, 4.795e-04, 0.000e+00, 2.132e+00, 9.984e+02, 2.058e-07
1.645e+00, 5.000e-01, -8.950e-01, 1.173e+05, 0.000e+00, 4.773e-04, 0.000e+00, 2.131e+00, 9.983e+02, 2.049e-07
1.645e+00, 5.000e-01, -8.850e-01, 1.172e+05, 0.000e+00, 4.758e-04, 0.000e+00, 2.129e+00, 9.983e+02, 2.043e-07
1.645e+00, 5.000e-01, -8.750e-01, 1.171e+05, 0.000e+00, 4.743e-04, 0.000e+00, 2.127e+00, 9.983e+02, 2.036e-07
1.645e+00, 5.000e-01, -8.650e-01, 1.170e+05, 0.000e+00, 4.756e-04, 0.000e+00, 2.125e+00, 9.983e+02, 2.042e-07
1.645e+00, 5.000e-01, -8.550e-01, 1.169e+05, 0.000e+00, 4.970e-04, 0.000e+00, 2.124e+00, 9.984e+02, 2.134e-07
1.645e+00, 5.000e-01, -8.450e-01, 1.168e+05, 0.000e+00, 5.509e-04, 0.000e+00, 2.122e+00, 9.984e+02, 2.365e-07
1.645e+00, 5.000e-01, -8.350e-01, 1.167e+05, 0.000e+00, 6.144e-04, 0.000e+00, 2.120e+00, 9.984e+02, 2.637e-07
1.645e+00, 5.000e-01, -8.250e-01, 1.166e+05, 0.000e+00, 6.544e-04, 0.000e+00, 2.118e+00, 9.984e+02, 2.809e-07
1.645e+00, 5.000e-01, -8.150e-01, 1.165e+05, 0.000e+00, 6.682e-04, 0.000e+00, 2.116e+00, 9.984e+02, 2.869e-07
1.645e+00, 5.000e-01, -8.050e-01, 1.164e+05, 0.000e+00, 6.567e-04, 0.000e+00, 2.115e+00, 9.984e+02, 2.819e-07
1.645e+00, 5.000e-01, -7.950e-01, 1.163e+05, 0.000e+00, 6.166e-04, 0.000e+00, 2.113e+00, 9.984e+02, 2.647e-07
1.645e+00, 5.000e-01, -7.850e-01, 1.162e+05, 0.000e+00, 5.645e-04, 0.000e+00, 2.111e+00, 9.984e+02, 2.423e-07
1.645e+00, 5.000e-01, -7.750e-01, 1.161e+05, 0.000e+00, 5.224e-04, 0.000e+00, 2.109e+00, 9.984e+02, 2.242e-07
1.645e+00, 5.000e-01, -7.650e-01, 1.160e+05, 0.000e+00, 4.890e-04, 0.000e+00, 2.107e+00, 9.984e+02, 2.099e-07
1.645e+00, 5.000e-01, -7.550e-01, 1.159e+05, 0.000e+00, 4.639e-04, 0.000e+00, 2.106e+00, 9.983e+02, 1.991e-07
1.645e+00, 5.000e-01, -7.450e-01, 1.158e+05, 0.000e+00, 4.504e-04, 0.000e+00, 2.104e+00, 9.983e+02, 1.933e-07
1.645e+00, 5.000e-01, -7.350e-01, 1.157e+05, 6.751e-07, 5.091e-04, 0.000e+00, 2.102e+00, 9.984e+02, 2.185e-07
1.645e+00, 5.000e-01, -7.250e-01, 1.156e+05, 4.719e-01, 1.895e-03, 0.000e+00, 2.100e+00, 9.986e+02, 8.558e-07
1.645e+00, 5.000e-01, -7.150e-01, 1.156e+05, 8.683e-01, 1.895e-03, 0.000e+00, 2.100e+00, 9.986e+02, 8.914e-07
1.645e+00, 5.000e-01, -7.050e-01, 1.156e+05, 8.724e-01, 1.895e-03, 0.000e+00, 2.100e+00, 9.986e+02, 8.917e-07
1.645e+00, 5.000e-01, -6.950e-01, 1.156e+05, 8.738e-01, 1.895e-03, 0.000e+00, 2.100e+00, 9.986e+02, 8.918e-07
1.645e+00, 5.000e-01, -6.850e-01, 1.167e+05, 0.000e+00, 4.867e-04, 0.000e+00, 2.120e+00, 9.984e+02, 2.128e-07
1.645e+00, 5.000e-01, -6.750e-01, 1.166e+05, 0.000e+00, 3.343e-04, 0.000e+00, 2.119e+00, 9.983e+02, 1.469e-07
1.645e+00, 5.000e-01, -6.650e-01, 1.165e+05, 0.000e+00, 2.159e-04, 0.000e+00, 2.117e+00, 9.983e+02, 9.483e-08
1.645e+00, 5.000e-01, -6.550e-01, 1.164e+05, 0.000e+00, 1.318e-04, 0.000e+00, 2.115e+00, 9.983e+02, 5.791e-08
1.645e+00, 5.000e-01, -6.450e-01, 1.163e+05, 0.000e+00, 8.029e-05, 0.000e+00, 2.113e+00, 9.983e+02, 3.527e-08
1.645e+00, 5.000e-01, -6.350e-01, 1.162e+05, 0.000e+00, 5.844e-05, 0.000e+00, 2.111e+00, 9.983e+02, 2.567e-08
1.645e+00, 5.000e-01, -6.250e-01, 1.161e+05, 0.000e+00, 6.531e-05, 0.000e+00, 2.110e+00, 9.983e+02, 2.869e-08
1.645e+00, 5.000e-01, -6.150e-01, 1.160e+05, 0.000e+00, 1.032e-04, 0.000e+00, 2.108e+00, 9.983e+02, 4.532e-08
1.645e+00, 5.000e-01, -6.050e-01, 1.159e+05, 0.000e+00, 1.761e-04, 0.000e+00, 2.106e+00, 9.983e+02, 7.736e-08
1.645e+00, 5.000e-01, -5.950e-01, 1.158e+05, 0.000e+00, 2.852e-04, 0.000e+00, 2.104e+00, 9.983e+02, 1.253e-07
1.645e+00, 5.000e-01, -5.850e-01, 1.157e+05, 0.000e+00, 4.218e-04, 0.000e+00, 2.102e+00, 9.983e+02, 1.853e-07
1.645e+00, 5.000e-01, -5.750e-01, 1.156e+05, 0.000e+00, 5.646e-04, 0.000e+00, 2.101e+00, 9.984e+02, 2.480e-07
1.645e+00, 5.000e-01, -5.650e-01, 1.155e+05, 0.000e+00, 6.841e-04, 0.000e+00, 2.099e+00, 9.984e+02, 3.005e-07
1.645e+00, 5.000e-01, -5.550e-01, 1.140e+05, 0.000e+00, 7.568e-04, 0.000e+00, 2.070e+00, 9.984e+02, 3.383e-07
1.645e+00, 5.000e-01, -5.450e-01, 1.139e+05, 0.000e+00, 7.711e-04, 0.000e+00, 2.068e+00, 9.984e+02, 3.464e-07
1.645e+00, 5.000e-01, -5.350e-01, 1.138e+05, 0.000e+00, 7.439e-04, 0.000e+00, 2.067e+00, 9.984e+02, 3.342e-07
1.645e+00, 5.000e-01, -5.250e-01, 1.137e+05, 0.000e+00, 7.039e-04, 0.000e+00, 2.065e+00, 9.984e+02, 3.163e-07
1.645e+00, 5.000e-01, -5.150e-01, 1.136e+05, 0.000e+00, 6.674e-04, 0.000e+00, 2.063e+00, 9.984e+02, 2.998e-07
1.645e+00, 5.000e-01, -5.050e-01, 1.135e+05, 0.000e+00, 6.357e-04, 0.000e+00, 2.061e+00, 9.984e+02, 2.834e-07
1.645e+00, 5.000e-01, -4.950e-01, 1.134e+05, 0.000e+00, 6.072e-04, 0.000e+00, 2.059e+00, 9.984e+02, 2.607e-07
1.645e+00, 5.000e-01, -4.850e-01, 1.133e+05, 0.000e+00, 5.952e-04, 0.000e+00, 2.057e+00, 9.984e+02, 2.555e-07
1.645e+00, 5.000e-01, -4.750e-01, 1.132e+05, 0.000e+00, 5.889e-04, 0.000e+00, 2.056e+00, 9.984e+02, 2.528e-07
1.645e+00, 5.000e-01, -4.650e-01, 1.131e+05, 0.000e+00, 5.835e-04, 0.000e+00, 2.054e+00, 9.984e+02, 2.505e-07
1.645e+00, 5.000e-01, -4.550e-01, 1.130e+05, 0.000e+00, 5.770e-04, 0.000e+00, 2.052e+00, 9.984e+02, 2.477e-07
1.645e+00, 5.000e-01, -4.450e-01, 1.129e+05, 0.000e+00, 5.691e-04, 0.000e+00, 2.050e+00, 9.984e+02, 2.443e-07
1.645e+00, 5.000e-01, -4.350e-01, 1.128e+05, 0.000e+00, 5.604e-04, 0.000e+00, 2.048e+00, 9.984e+02, 2.406e-07
1.645e+00, 5.000e-01, -4.250e-01, 1.127e+05, 0.000e+00, 5.518e-04, 0.000e+00, 2.047e+00, 9.984e+02, 2.369e-07
1.645e+00, 5.000e-01, -4.150e-01, 1.126e+05, 0.000e+00, 5.456e-04, 0.000e+00, 2.045e+00, 9.984e+02, 2.342e-07
1.645e+00, 5.000e-01, -4.050e-01, 1.125e+05, 0.000e+00, 5.454e-04, 0.000e+00, 2.043e+00, 9.984e+02, 2.341e-07
1.645e+00, 5.000e-01, -3.950e-01, 1.124e+05, 0.000e+00, 5.565e-04, 0.000e+00, 2.041e+00, 9.984e+02, 2.389e-07
1.645e+00, 5.000e-01, -3.850e-01, 1.123e+05, 0.000e+00, 5.701e-04, 0.000e+00, 2.039e+00, 9.984e+02, 2.447e-07
1.645e+00, 5.000e-01, -3.750e-01, 1.122e+05, 0.000e+00, 5.709e-04, 0.000e+00, 2.038e+00, 9.984e+02, 2.451e-07
1.645e+00, 5.000e-01, -3.650e-01, 1.121e+05, 0.000e+00, 5.534e-04, 0.000e+00, 2.036e+00, 9.984e+02, 2.411e-07
1.645e+00, 5.000e-01, -3.550e-01, 1.120e+05, 0.000e+00, 5.291e-04, 0.000e+00, 2.034e+00, 9.984e+02, 2.377e-07
1.645e+00, 5.000e-01, -3.450e-01, 1.119e+05, 0.000e+00, 5.201e-04, 0.000e+00, 2.033e+00, 9.984e+02, 2.337e-07
1.645e+00, 5.000e-01, -3.350e-01, 1.118e+05, 0.000e+00, 5.186e-04, 0.000e+00, 2.031e+00, 9.984e+02, 2.330e-07
1.645e+00, 5.000e-01, -3.250e-01, 1.117e+05, 0.000e+00, 5.141e-04, 0.000e+00, 2.029e+00, 9.984e+02, 2.310e-07
1.645e+00, 5.000e-01, -3.150e-01, 1.116e+05, 0.000e+00, 5.100e-04, 0.000e+00, 2.027e+00, 9.984e+02, 2.291e-07
1.645e+00, 5.000e-01, -3.050e-01, 1.115e+05, 0.000e+00, 5.207e-04, 0.000e+00, 2.025e+00, 9.984e+02, 2.339e-07
1.645e+00, 5.000e-01, -2.950e-01, 1.114e+05, 0.000e+00, 5.569e-04, 0.000e+00, 2.024e+00, 9.984e+02, 2.502e-07
1.645e+00, 5.000e-01, -2.850e-01, 1.113e+05, 0.000e+00, 5.996e-04, 0.000e+00, 2.022e+00, 9.984e+02, 2.694e-07
1.645e+00, 5.000e-01, -2.750e-01, 1.113e+05, 0.000e+00, 5.893e-04, 0.000e+00, 2.021e+00, 9.984e+02, 2.604e-07
1.645e+00, 5.000e-01, -2.650e-01, 1.112e+05, 0.000e+00, 5.472e-04, 0.000e+00, 2.020e+00, 9.984e+02, 2.404e-07
1.645e+00, 5.000e-01, -2.550e-01, 1.111e+05, 0.000e+00, 4.925e-04, 0.000e+00, 2.018e+00, 9.983e+02, 2.163e-07
1.645e+00, 5.000e-01, -2.450e-01, 1.110e+05, 0.000e+00, 4.322e-04, 0.000e+00, 2.016e+00, 9.983e+02, 1.898e-07
1.645e+00, 5.000e-01, -2.350e-01, 1.109e+05, 0.000e+00, 3.701e-04, 0.000e+00, 2.014e+00, 9.983e+02, 1.626e-07
1.645e+00, 5.000e-01, -2.250e-01, 1.108e+05, 0.000e+00, 3.092e-04, 0.000e+00, 2.012e+00, 9.983e+02, 1.358e-07
1.645e+00, 5.000e-01, -2.150e-01, 1.107e+05, 0.000e+00, 2.516e-04, 0.000e+00, 2.011e+00, 9.983e+02, 1.105e-07
1.645e+00, 5.000e-01, -2.050e-01, 1.106e+05, 0.000e+00, 2.003e-04, 0.000e+00, 2.009e+00, 9.983e+02, 8.707e-08
1.645e+00, 5.000e-01, -1.950e-01, 1.107e+05, 0.000e+00, 1.636e-04, 0.000e+00, 2.011e+00, 9.983e+02, 7.023e-08
1.645e+00, 5.000e-01, -1.850e-01, 1.106e+05, 0.000e+00, 1.581e-04, 0.000e+00, 2.009e+00, 9.983e+02, 6.786e-08
1.645e+00, 5.000e-01, -1.750e-01, 1.105e+05, 0.000e+00, 1.964e-04, 0.000e+00, 2.007e+00, 9.983e+02, 8.431e-08
1.645e+00, 5.000e-01, -1.650e-01, 1.104e+05, 0.000e+00, 2.601e-04, 0.000e+00, 2.005e+00, 9.983e+02, 1.116e-07
1.645e+00, 5.000e-01, -1.550e-01, 1.103e+05, 0.000e+00, 3.128e-04, 0.000e+00, 2.004e+00, 9.983e+02, 1.343e-07
1.645e+00, 5.000e-01, -1.450e-01, 1.102e+05, 0.000e+00, 3.301e-04, 0.000e+00, 2.002e+00, 9.983e+02, 1.417e-07
1.645e+00, 5.000e-01, -1.350e-01, 1.101e+05, 0.000e+00, 2.994e-04, 0.000e+00, 2.000e+00, 9.983e+02, 1.286e-07
1.645e+00, 5.000e-01, -1.250e-01, 1.112e+05, 0.000e+00, 2.293e-04, 0.000e+00, 2.020e+00, 9.983e+02, 1.007e-07
1.645e+00, 5.000e-01, -1.150e-01, 1.111e+05, 0.000e+00, 1.493e-04, 0.000e+00, 2.018e+00, 9.983e+02, 6.556e-08
1.645e+00, 5.000e-01, -1.050e-01, 1.110e+05, 0.000e+00, 8.472e-05, 0.000e+00, 2.017e+00, 9.983e+02, 3.721e-08
1.645e+00, 5.000e-01, -9.500e-02, 1.109e+05, 0.000e+00, 4.337e-05, 0.000e+00, 2.015e+00, 9.983e+02, 1.905e-08
1.645e+00, 5.000e-01, -8.500e-02, 1.108e+05, 0.000e+00, 2.065e-05, 0.000e+00, 2.013e+00, 9.983e+02, 9.069e-09
1.645e+00, 5.000e-01, -7.500e-02, 1.107e+05, 0.000e+00, 9.364e-06, 0.000e+00, 2.011e+00, 9.983e+02, 4.113e-09
1.645e+00, 5.000e-01, -6.500e-02, 1.106e+05, 0.000e+00, 4.105e-06, 0.000e+00, 2.009e+00, 9.983e+02, 1.803e-09
1.645e+00, 5.000e-01, -5.500e-02, 1.105e+05, 0.000e+00, 1.749e-06, 0.000e+00, 2.008e+00, 9.983e+02, 7.684e-10
1.645e+00, 5.000e-01, -4.500e-02, 1.104e+05, 0.000e+00, 7.245e-07, 0.000e+00, 2.006e+00, 9.983e+02, 3.182e-10
1.645e+00, 5.000e-01, -3.500e-02, 1.103e+05, 0.000e+00, 2.909e-07, 0.000e+00, 2.004e+00, 9.983e+02, 1.278e-10
1.645e+00, 5.000e-01, -2.500e-02, 1.102e+05, 0.000e+00, 1.134e-07, 0.000e+00, 2.002e+00, 9.983e+02, 4.980e-11
1.645e+00, 5.000e-01, -1.500e-02, 1.101e+05, 0.000e+00, 4.347e-08, 0.000e+00, 2.000e+00, 9.983e+02, 1.909e-11
1.645e+00, 5.000e-01, -5.000e-03, 1.100e+05, 0.000e+00, 1.732e-08, 0.000e+00, 1.999e+00, 9.983e+02, 7.607e-12
1.655e+00, 5.000e-01, -1.195e+00, 1.202e+05, 0.000e+00, 1.002e-13, 0.000e+00, 2.184e+00, 9.983e+02, 2.000e-17
1.655e+00, 5.000e-01, -1.185e+00, 1.201e+05, 0.000e+00, 1.002e-13, 0.000e+00, 2.182e+00, 9.983e+02, 2.000e-17
1.655e+00, 5.000e-01, -1.175e+00, 1.200e+05, 0.000e+00, 1.002e-13, 0.000e+00, 2.181e+00, 9.983e+02, 2.000e-17
1.655e+00, 5.000e-01, -1.165e+00, 1.199e+05, 0.000e+00, 1.002e-13, 0.000e+00, 2.179e+00, 9.983e+02, 2.000e-17
1.655e+00, 5.000e-01, -1.155e+00, 1.198e+05, 0.000e+00, 1.002e-13, 0.000e+00, 2.177e+00, 9.983e+02, 2.000e-17
1.655e+00, 5.000e-01, -1.145e+00, 1.197e+05, 0.000e+00, 1.002e-13, 0.000e+00, 2.175e+00, 9.983e+02, 2.000e-17
1.655e+00, 5.000e-01, -1.135e+00, 1.196e+05, 0.000e+00, 1.002e-13, 0.000e+00, 2.173e+00, 9.983e+02, 2.000e-17
1.655e+00, 5.000e-01, -1.125e+00, 1.195e+05, 0.000e+00, 1.002e-13, 0.000e+00, 2.172e+00, 9.983e+02, 2.000e-17
1.655e+00, 5.000e-01, -1.115e+00, 1.194e+05, 0.000e+00, 1.002e-13, 0.000e+00, 2.170e+00, 9.983e+02, 2.000e-17
1.655e+00, 5.000e-01, -1.105e+00, 1.193e+05, 0.000e+00, 1.002e-13, 0.000e+00, 2.168e+00, 9.983e+02, 2.000e-17
1.655e+00, 5.000e-01, -1.095e+00, 1.192e+05, 0.000e+00, 1.002e-13, 0.000e+00, 2.166e+00, 9.983e+02, 2.000e-17
1.655e+00, 5.000e-01, -1.085e+00, 1.191e+05, 0.000e+00, 1.002e-13, 0.000e+00, 2.165e+00, 9.983e+02, 2.000e-17
1.655e+00, 5.000e-01, -1.075e+00, 1.190e+05, 0.000e+00, 1.991e-09, 0.000e+00, 2.163e+00, 9.983e+02, 7.684e-13
1.655e+00, 5.000e-01, -1.065e+00, 1.189e+05, 0.000e+00, 4.130e-04, 0.000e+00, 2.161e+00, 9.983e+02, 1.566e-07
1.655e+00, 5.000e-01, -1.055e+00, 1.188e+05, 0.000e+00, 5.318e-04, 0.000e+00, 2.159e+00, 9.984e+02, 2.283e-07
1.655e+00, 5.000e-01, -1.045e+00, 1.187e+05, 0.000e+00, 5.077e-04, 0.000e+00, 2.158e+00, 9.984e+02, 2.180e-07
1.655e+00, 5.000e-01, -1.035e+00, 1.186e+05, 0.000e+00, 4.747e-04, 0.000e+00, 2.156e+00, 9.983e+02, 2.038e-07
1.655e+00, 5.000e-01, -1.025e+00, 1.185e+05, 0.000e+00, 4.447e-04, 0.000e+00, 2.154e+00, 9.983e+02, 1.909e-07
1.655e+00, 5.000e-01, -1.015e+00, 1.185e+05, 0.000e+00, 4.257e-04, 0.000e+00, 2.152e+00, 9.983e+02, 1.827e-07
1.655e+00, 5.000e-01, -1.005e+00, 1.184e+05, 0.000e+00, 4.366e-04, 0.000e+00, 2.150e+00, 9.983e+02, 1.874e-07
1.655e+00, 5.000e-01, -9.950e-01, 1.183e+05, 0.000e+00, 4.754e-04, 0.000e+00, 2.149e+00, 9.983e+02, 2.041e-07
1.655e+00, 5.000e-01, -9.850e-01, 1.182e+05, 0.000e+00, 5.085e-04, 0.000e+00, 2.147e+00, 9.984e+02, 2.183e-07
1.655e+00, 5.000e-01, -9.750e-01, 1.181e+05, 0.000e+00, 5.318e-04, 0.000e+00, 2.145e+00, 9.984e+02, 2.283e-07
1.655e+00, 5.000e-01, -9.650e-01, 1.180e+05, 0.000e+00, 5.442e-04, 0.000e+00, 2.143e+00, 9.984e+02, 2.336e-07
1.655e+00, 5.000e-01, -9.550e-01, 1.179e+05, 0.000e+00, 5.478e-04, 0.000e+00, 2.141e+00, 9.984e+02, 2.351e-07
1.655e+00, 5.000e-01, -9.450e-01, 1.178e+05, 0.000e+00, 5.448e-04, 0.000e+00, 2.140e+00, 9.984e+02, 2.339e-07
1.655e+00, 5.000e-01, -9.350e-01, 1.177e+05, 0.000e+00, 5.383e-04, 0.000e+00, 2.138e+00, 9.984e+02, 2.311e-07
1.655e+00, 5.000e-01, -9.250e-01, 1.176e+05, 0.000e+00, 5.310e-04, 0.000e+00, 2.136e+00, 9.984e+02, 2.280e-07
1.655e+00, 5.000e-01, -9.150e-01, 1.175e+05, 0.000e+00, 5.242e-04, 0.000e+00, 2.134e+00, 9.984e+02, 2.250e-07
1.655e+00, 5.000e-01, -9.050e-01, 1.174e+05, 0.000e+00, 5.184e-04, 0.000e+00, 2.132e+00, 9.984e+02, 2.225e-07
1.655e+00, 5.000e-01, -8.950e-01, 1.173e+05, 0.000e+00, 5.133e-04, 0.000e+00, 2.131e+00, 9.984e+02, 2.203e-07
1.655e+00, 5.000e-01, -8.850e-01, 1.172e+05, 0.000e+00, 5.085e-04, 0.000e+00, 2.129e+00, 9.984e+02, 2.183e-07
1.655e+00, 5.000e-01, -8.750e-01, 1.171e+05, 0.000e+00, 5.035e-04, 0.000e+00, 2.127e+00, 9.984e+02, 2.161e-07
1.655e+00, 5.000e-01, -8.650e-01, 1.170e+05, 0.000e+00, 4.990e-04, 0.000e+00, 2.125e+00, 9.984e+02, 2.142e-07
1.655e+00, 5.000e-01, -8.550e-01, 1.169e+05, 0.000e+00, 5.051e-04, 0.000e+00, 2.124e+00, 9.984e+02, 2.168e-07
1.655e+00, 5.000e-01, -8.450e-01, 1.168e+05, 0.000e+00, 5.332e-04, 0.000e+00, 2.122e+00, 9.984e+02, 2.289e-07
1.655e+00, 5.000e-01, -8.350e-01, 1.167e+05, 0.000e+00, 5.714e-04, 0.000e+00, 2.120e+00, 9.984e+02, 2.453e-07
1.655e+00, 5.000e-01, -8.250e-01, 1.166e+05, 0.000e+00, 5.984e-04, 0.000e+00, 2.118e+00, 9.984e+02, 2.569e-07
1.655e+00, 5.000e-01, -8.150e-01, 1.165e+05, 0.000e+00, 6.063e-04, 0.000e+00, 2.116e+00, 9.984e+02, 2.603e-07
1.655e+00, 5.000e-01, -8.050e-01, 1.164e+05, 0.000e+00, 5.931e-04, 0.000e+00, 2.115e+00, 9.984e+02, 2.546e-07
1.655e+00, 5.000e-01, -7.950e-01, 1.163e+05, 0.000e+00, 5.604e-04, 0.000e+00, 2.113e+00, 9.984e+02, 2.406e-07
1.655e+00, 5.000e-01, -7.850e-01, 1.162e+05, 0.000e+00, 5.251e-04, 0.000e+00, 2.111e+00, 9.984e+02, 2.254e-07
1.655e+00, 5.000e-01, -7.750e-01, 1.161e+05, 0.000e+00, 4.928e-04, 0.000e+00, 2.109e+00, 9.984e+02, 2.115e-07
1.655e+00, 5.000e-01, -7.650e-01, 1.160e+05, 0.000e+00, 4.653e-04, 0.000e+00, 2.107e+00, 9.983e+02, 1.998e-07
1.655e+00, 5.000e-01, -7.550e-01, 1.159e+05, 0.000e+00, 4.434e-04, 0.000e+00, 2.106e+00, 9.983e+02, 1.903e-07
1.655e+00, 5.000e-01, -7.450e-01, 1.158e+05, 0.000e+00, 4.318e-04, 0.000e+00, 2.104e+00, 9.983e+02, 1.854e-07
1.655e+00, 5.000e-01, -7.350e-01, 1.157e+05, 6.749e-07, 4.923e-04, 0.000e+00, 2.102e+00, 9.984e+02, 2.114e-07
1.655e+00, 5.000e-01, -7.250e-01, 1.156e+05, 4.718e-01, 1.895e-03, 0.000e+00, 2.100e+00, 9.986e+02, 8.558e-07
1.655e+00, 5.000e-01, -7.150e-01, 1.156e+05, 8.683e-01, 1.895e-03, 0.000e+00, 2.100e+00, 9.986e+02, 8.914e-07
1.655e+00, 5.000e-01, -7.050e-01, 1.156e+05, 8.724e-01, 1.895e-03, 0.000e+00, 2.100e+00, 9.986e+02, 8.917e-07
1.655e+00, 5.000e-01, -6.950e-01, 1.156e+05, 8.738e-01, 1.895e-03, 0.000e+00, 2.100e+00, 9.986e+02, 8.918e-07
1.655e+00, 5.000e-01, -6.850e-01, 1.167e+05, 0.000e+00, 5.016e-04, 0.000e+00, 2.120e+00, 9.984e+02, 2.188e-07
1.655e+00, 5.000e-01, -6.750e-01, 1.166e+05, 0.000e+00, 3.462e-04, 0.000e+00, 2.119e+00, 9.983e+02, 1.521e-07
1.655e+00, 5.000e-01, -6.650e-01, 1.165e+05, 0.000e+00, 2.248e-04, 0.000e+00, 2.117e+00, 9.983e+02, 9.874e-08
1.655e+00, 5.000e-01, -6.550e-01, 1.164e+05, 0.000e+00, 1.380e-04, 0.000e+00, 2.115e+00, 9.983e+02, 6.063e-08
1.655e+00, 5.000e-01, -6.450e-01, 1.163e+05, 0.000e+00, 8.441e-05, 0.000e+00, 2.113e+00, 9.983e+02, 3.708e-08
1.655e+00, 5.000e-01, -6.350e-01, 1.162e+05, 0.000e+00, 6.131e-05, 0.000e+00, 2.111e+00, 9.983e+02, 2.693e-08
1.655e+00, 5.000e-01, -6.250e-01, 1.161e+05, 0.000e+00, 6.781e-05, 0.000e+00, 2.110e+00, 9.983e+02, 2.979e-08
1.655e+00, 5.000e-01, -6.150e-01, 1.160e+05, 0.000e+00, 1.061e-04, 0.000e+00, 2.108e+00, 9.983e+02, 4.662e-08
1.655e+00, 5.000e-01, -6.050e-01, 1.159e+05, 0.000e+00, 1.802e-04, 0.000e+00, 2.106e+00, 9.983e+02, 7.914e-08
1.655e+00, 5.000e-01, -5.950e-01, 1.158e+05, 0.000e+00, 2.905e-04, 0.000e+00, 2.104e+00, 9.983e+02, 1.276e-07
1.655e+00, 5.000e-01, -5.850e-01, 1.157e+05, 0.000e+00, 4.283e-04, 0.000e+00, 2.102e+00, 9.983e+02, 1.881e-07
1.655e+00, 5.000e-01, -5.750e-01, 1.156e+05, 0.000e+00, 5.714e-04, 0.000e+00, 2.101e+00, 9.984e+02, 2.510e-07
1.655e+00, 5.000e-01, -5.650e-01, 1.155e+05, 0.000e+00, 6.905e-04, 0.000e+00, 2.099e+00, 9.984e+02, 3.033e-07
1.655e+00, 5.000e-01, -5.550e-01, 1.140e+05, 0.000e+00, 7.618e-04, 0.000e+00, 2.070e+00, 9.984e+02, 3.404e-07
1.655e+00, 5.000e-01, -5.450e-01, 1.139e+05, 0.000e+00, 7.754e-04, 0.000e+00, 2.068e+00, 9.984e+02, 3.484e-07
1.655e+00, 5.000e-01, -5.350e-01, 1.138e+05, 0.000e+00, 7.475e-04, 0.000e+00, 2.067e+00, 9.984e+02, 3.358e-07
1.655e+00, 5.000e-01, -5.250e-01, 1.137e+05, 0.000e+00, 7.059e-04, 0.000e+00, 2.065e+00, 9.984e+02, 3.172e-07
1.655e+00, 5.000e-01, -5.150e-01, 1.136e+05, 0.000e+00, 6.670e-04, 0.000e+00, 2.063e+00, 9.984e+02, 2.997e-07
1.655e+00, 5.000e-01, -5.050e-01, 1.135e+05, 0.000e+00, 6.335e-04, 0.000e+00, 2.061e+00, 9.984e+02, 2.831e-07
1.655e+00, 5.000e-01, -4.950e-01, 1.134e+05, 0.000e+00, 6.070e-04, 0.000e+00, 2.059e+00, 9.984e+02, 2.606e-07
1.655e+00, 5.000e-01, -4.850e-01, 1.133e+05, 0.000e+00, 5.993e-04, 0.000e+00, 2.057e+00, 9.984e+02, 2.573e-07
1.655e+00, 5.000e-01, -4.750e-01, 1.132e+05, 0.000e+00, 5.964e-04, 0.000e+00, 2.056e+00, 9.984e+02, 2.560e-07
1.655e+00, 5.000e-01, -4.650e-01, 1.131e+05, 0.000e+00, 5.928e-04, 0.000e+00, 2.054e+00, 9.984e+02, 2.545e-07
1.655e+00, 5.000e-01, -4.550e-01, 1.130e+05, 0.000e+00, 5.869e-04, 0.000e+00, 2.052e+00, 9.984e+02, 2.520e-07
1.655e+00, 5.000e-01, -4.450e-01, 1.129e+05, 0.000e+00, 5.785e-04, 0.000e+00, 2.050e+00, 9.984e+02, 2.483e-07
1.655e+00, 5.000e-01, -4.350e-01, 1.128e+05, 0.000e+00, 5.680e-04, 0.000e+00, 2.048e+00, 9.984e+02, 2.438e-07
1.655e+00, 5.000e-01, -4.250e-01, 1.127e+05, 0.000e+00, 5.567e-04, 0.000e+00, 2.047e+00, 9.984e+02, 2.390e-07
1.655e+00, 5.000e-01, -4.150e-01, 1.126e+05, 0.000e+00, 5.469e-04, 0.000e+00, 2.045e+00, 9.984e+02, 2.348e-07
1.655e+00, 5.000e-01, -4.050e-01, 1.125e+05, 0.000e+00, 5.429e-04, 0.000e+00, 2.043e+00, 9.984e+02, 2.331e-07
1.655e+00, 5.000e-01, -3.950e-01, 1.124e+05, 0.000e+00, 5.534e-04, 0.000e+00, 2.041e+00, 9.984e+02, 2.376e-07
1.655e+00, 5.000e-01, -3.850e-01, 1.123e+05, 0.000e+00, 5.718e-04, 0.000e+00, 2.039e+00, 9.984e+02, 2.455e-07
1.655e+00, 5.000e-01, -3.750e-01, 1.122e+05, 0.000e+00, 5.785e-04, 0.000e+00, 2.038e+00, 9.984e+02, 2.484e-07
1.655e+00, 5.000e-01, -3.650e-01, 1.121e+05, 0.000e+00, 5.665e-04, 0.000e+00, 2.036e+00, 9.984e+02, 2.462e-07
1.655e+00, 5.000e-01, -3.550e-01, 1.120e+05, 0.000e+00, 5.419e-04, 0.000e+00, 2.034e+00, 9.984e+02, 2.435e-07
1.655e+00, 5.000e-01, -3.450e-01, 1.119e+05, 0.000e+00, 5.268e-04, 0.000e+00, 2.033e+00, 9.984e+02, 2.367e-07
1.655e+00, 5.000e-01, -3.350e-01, 1.118e+05, 0.000e+00, 5.258e-04, 0.000e+00, 2.031e+00, 9.984e+02, 2.362e-07
1.655e+00, 5.000e-01, -3.250e-01, 1.117e+05, 0.000e+00, 5.295e-04, 0.000e+00, 2.029e+00, 9.984e+02, 2.379e-07
1.655e+00, 5.000e-01, -3.150e-01, 1.116e+05, 0.000e+00, 5.343e-04, 0.000e+00, 2.027e+00, 9.984e+02, 2.400e-07
1.655e+00, 5.000e-01, -3.050e-01, 1.115e+05, 0.000e+00, 5.461e-04, 0.000e+00, 2.025e+00, 9.984e+02, 2.453e-07
1.655e+00, 5.000e-01, -2.950e-01, 1.114e+05, 0.000e+00, 5.700e-04, 0.000e+00, 2.024e+00, 9.984e+02, 2.561e-07
1.655e+00, 5.000e-01, -2.850e-01, 1.113e+05, 0.000e+00, 5.919e-04, 0.000e+00, 2.022e+00, 9.984e+02, 2.659e-07
1.655e+00, 5.000e-01, -2.750e-01, 1.113e+05, 0.000e+00, 5.709e-04, 0.000e+00, 2.021e+00, 9.984e+02, 2.527e-07
1.655e+00, 5.000e-01, -2.650e-01, 1.112e+05, 0.000e+00, 5.261e-04, 0.000e+00, 2.020e+00, 9.984e+02, 2.311e-07
1.655e+00, 5.000e-01, -2.550e-01, 1.111e+05, 0.000e+00, 4.735e-04, 0.000e+00, 2.018e+00, 9.983e+02, 2.080e-07
1.655e+00, 5.000e-01, -2.450e-01, 1.110e+05, 0.000e+00, 4.182e-04, 0.000e+00, 2.016e+00, 9.983e+02, 1.837e-07
1.655e+00, 5.000e-01, -2.350e-01, 1.109e+05, 0.000e+00, 3.627e-04, 0.000e+00, 2.014e+00, 9.983e+02, 1.593e-07
1.655e+00, 5.000e-01, -2.250e-01, 1.108e+05, 0.000e+00, 3.081e-04, 0.000e+00, 2.012e+00, 9.983e+02, 1.353e-07
1.655e+00, 5.000e-01, -2.150e-01, 1.107e+05, 0.000e+00, 2.547e-04, 0.000e+00, 2.011e+00, 9.983e+02, 1.119e-07
1.655e+00, 5.000e-01, -2.050e-01, 1.106e+05, 0.000e+00, 2.057e-04, 0.000e+00, 2.009e+00, 9.983e+02, 8.947e-08
1.655e+00, 5.000e-01, -1.950e-01, 1.107e+05, 0.000e+00, 1.663e-04, 0.000e+00, 2.011e+00, 9.983e+02, 7.138e-08
1.655e+00, 5.000e-01, -1.850e-01, 1.106e+05, 0.000e+00, 1.477e-04, 0.000e+00, 2.009e+00, 9.983e+02, 6.340e-08
1.655e+00, 5.000e-01, -1.750e-01, 1.105e+05, 0.000e+00, 1.616e-04, 0.000e+00, 2.007e+00, 9.983e+02, 6.937e-08
1.655e+00, 5.000e-01, -1.650e-01, 1.104e+05, 0.000e+00, 2.033e-04, 0.000e+00, 2.005e+00, 9.983e+02, 8.726e-08
1.655e+00, 5.000e-01, -1.550e-01, 1.103e+05, 0.000e+00, 2.532e-04, 0.000e+00, 2.004e+00, 9.983e+02, 1.087e-07
1.655e+00, 5.000e-01, -1.450e-01, 1.102e+05, 0.000e+00, 2.883e-04, 0.000e+00, 2.002e+00, 9.983e+02, 1.238e-07
1.655e+00, 5.000e-01, -1.350e-01, 1.101e+05, 0.000e+00, 2.768e-04, 0.000e+00, 2.000e+00, 9.983e+02, 1.188e-07
1.655e+00, 5.000e-01, -1.250e-01, 1.112e+05, 0.000e+00, 2.196e-04, 0.000e+00, 2.020e+00, 9.983e+02, 9.639e-08
1.655e+00, 5.000e-01, -1.150e-01, 1.111e+05, 0.000e+00, 1.459e-04, 0.000e+00, 2.018e+00, 9.983e+02, 6.411e-08
1.655e+00, 5.000e-01, -1.050e-01, 1.110e+05, 0.000e+00, 8.393e-05, 0.000e+00, 2.017e+00, 9.983e+02, 3.686e-08
1.655e+00, 5.000e-01, -9.500e-02, 1.109e+05, 0.000e+00, 4.333e-05, 0.000e+00, 2.015e+00, 9.983e+02, 1.903e-08
1.655e+00, 5.000e-01, -8.500e-02, 1.108e+05, 0.000e+00, 2.075e-05, 0.000e+00, 2.013e+00, 9.983e+02, 9.114e-09
1.655e+00, 5.000e-01, -7.500e-02, 1.107e+05, 0.000e+00, 9.455e-06, 0.000e+00, 2.011e+00, 9.983e+02, 4.153e-09
1.655e+00, 5.000e-01, -6.500e-02, 1.106e+05, 0.000e+00, 4.163e-06, 0.000e+00, 2.009e+00, 9.983e+02, 1.828e-09
1.655e+00, 5.000e-01, -5.500e-02, 1.105e+05, 0.000e+00, 1.781e-06, 0.000e+00, 2.008e+00, 9.983e+02, 7.824e-10
1.655e+00, 5.000e-01, -4.500e-02, 1.104e+05, 0.000e+00, 7.408e-07, 0.000e+00, 2.006e+00, 9.983e+02, 3.254e-10
1.655e+00, 5.000e-01, -3.500e-02, 1.103e+05, 0.000e+00, 2.988e-07, 0.000e+00, 2.004e+00, 9.983e+02, 1.312e-10
1.655e+00, 5.000e-01, -2.500e-02, 1.102e+05, 0.000e+00, 1.169e-07, 0.000e+00, 2.002e+00, 9.983e+02, 5.137e-11
1.655e+00, 5.000e-01, -1.500e-02, 1.101e+05, 0.000e+00, 4.501e-08, 0.000e+00, 2.000e+00, 9.983e+02, 1.977e-11
1.655e+00, 5.000e-01, -5.000e-03, 1.100e+05, 0.000e+00, 1.796e-08, 0.000e+00, 1.999e+00, 9.983e+02, 7.888e-12
1.665e+00, 5.000e-01, -1.195e+00, 1.202e+05, 0.000e+00, 1.002e-13, 0.000e+00, 2.184e+00, 9.983e+02, 2.000e-17
1.665e+00, 5.000e-01, -1.185e+00, 1.201e+05, 0.000e+00, 1.002e-13, 0.000e+00, 2.182e+00, 9.983e+02, 2.000e-17
1.665e+00, 5.000e-01, -1.175e+00, 1.200e+05, 0.000e+00, 1.002e-13, 0.000e+00, 2.181e+00, 9.983e+02, 2.000e-17
1.665e+00, 5.000e-01, -1.165e+00, 1.199e+05, 0.000e+00, 1.002e-13, 0.000e+00, 2.179e+00, 9.983e+02, 2.000e-17
1.665e+00, 5.000e-01, -1.155e+00, 1.198e+05, 0.000e+00, 1.002e-13, 0.000e+00, 2.177e+00, 9.983e+02, 2.000e-17
1.665e+00, 5.000e-01, -1.145e+00, 1.197e+05, 0.000e+00, 1.002e-13, 0.000e+00, 2.175e+00, 9.983e+02, 2.000e-17
1.665e+00, 5.000e-01, -1.135e+00, 1.196e+05, 0.000e+00, 1.002e-13, 0.000e+00, 2.173e+00, 9.983e+02, 2.000e-17
1.665e+00, 5.000e-01, -1.125e+00, 1.195e+05, 0.000e+00, 1.002e-13, 0.000e+00, 2.172e+00, 9.983e+02, 2.000e-17
1.665e+00, 5.000e-01, -1.115e+00, 1.194e+05, 0.000e+00, 1.002e-13, 0.000e+00, 2.170e+00, 9.983e+02, 2.000e-17
1.665e+00, 5.000e-01, -1.105e+00, 1.193e+05, 0.000e+00, 1.002e-13, 0.000e+00, 2.168e+00, 9.983e+02, 2.000e-17
1.665e+00, 5.000e-01, -1.095e+00, 1.192e+05, 0.000e+00, 1.002e-13, 0.000e+00, 2.166e+00, 9.983e+02, 2.000e-17
1.665e+00, 5.000e-01, -1.085e+00, 1.191e+05, 0.000e+00, 1.002e-13, 0.000e+00, 2.165e+00, 9.983e+02, 2.000e-17
1.665e+00, 5.000e-01, -1.075e+00, 1.190e+05, 0.000e+00, 2.005e-09, 0.000e+00, 2.163e+00, 9.983e+02, 7.829e-13
1.665e+00, 5.000e-01, -1.065e+00, 1.189e+05, 0.000e+00, 4.205e-04, 0.000e+00, 2.161e+00, 9.983e+02, 1.642e-07
1.665e+00, 5.000e-01, -1.055e+00, 1.188e+05, 0.000e+00, 4.950e-04, 0.000e+00, 2.159e+00, 9.984e+02, 2.125e-07
1.665e+00, 5.000e-01, -1.045e+00, 1.187e+05, 0.000e+00, 4.820e-04, 0.000e+00, 2.158e+00, 9.984e+02, 2.069e-07
1.665e+00, 5.000e-01, -1.035e+00, 1.186e+05, 0.000e+00, 4.630e-04, 0.000e+00, 2.156e+00, 9.983e+02, 1.988e-07
1.665e+00, 5.000e-01, -1.025e+00, 1.185e+05, 0.000e+00, 4.418e-04, 0.000e+00, 2.154e+00, 9.983e+02, 1.897e-07
1.665e+00, 5.000e-01, -1.015e+00, 1.185e+05, 0.000e+00, 4.238e-04, 0.000e+00, 2.152e+00, 9.983e+02, 1.819e-07
1.665e+00, 5.000e-01, -1.005e+00, 1.184e+05, 0.000e+00, 4.228e-04, 0.000e+00, 2.150e+00, 9.983e+02, 1.815e-07
1.665e+00, 5.000e-01, -9.950e-01, 1.183e+05, 0.000e+00, 4.425e-04, 0.000e+00, 2.149e+00, 9.983e+02, 1.900e-07
1.665e+00, 5.000e-01, -9.850e-01, 1.182e+05, 0.000e+00, 4.733e-04, 0.000e+00, 2.147e+00, 9.983e+02, 2.032e-07
1.665e+00, 5.000e-01, -9.750e-01, 1.181e+05, 0.000e+00, 5.006e-04, 0.000e+00, 2.145e+00, 9.984e+02, 2.149e-07
1.665e+00, 5.000e-01, -9.650e-01, 1.180e+05, 0.000e+00, 5.175e-04, 0.000e+00, 2.143e+00, 9.984e+02, 2.222e-07
1.665e+00, 5.000e-01, -9.550e-01, 1.179e+05, 0.000e+00, 5.276e-04, 0.000e+00, 2.141e+00, 9.984e+02, 2.265e-07
1.665e+00, 5.000e-01, -9.450e-01, 1.178e+05, 0.000e+00, 5.328e-04, 0.000e+00, 2.140e+00, 9.984e+02, 2.287e-07
1.665e+00, 5.000e-01, -9.350e-01, 1.177e+05, 0.000e+00, 5.344e-04, 0.000e+00, 2.138e+00, 9.984e+02, 2.294e-07
1.665e+00, 5.000e-01, -9.250e-01, 1.176e+05, 0.000e+00, 5.336e-04, 0.000e+00, 2.136e+00, 9.984e+02, 2.291e-07
1.665e+00, 5.000e-01, -9.150e-01, 1.175e+05, 0.000e+00, 5.316e-04, 0.000e+00, 2.134e+00, 9.984e+02, 2.282e-07
1.665e+00, 5.000e-01, -9.050e-01, 1.174e+05, 0.000e+00, 5.290e-04, 0.000e+00, 2.132e+00, 9.984e+02, 2.271e-07
1.665e+00, 5.000e-01, -8.950e-01, 1.173e+05, 0.000e+00, 5.260e-04, 0.000e+00, 2.131e+00, 9.984e+02, 2.258e-07
1.665e+00, 5.000e-01, -8.850e-01, 1.172e+05, 0.000e+00, 5.225e-04, 0.000e+00, 2.129e+00, 9.984e+02, 2.243e-07
1.665e+00, 5.000e-01, -8.750e-01, 1.171e+05, 0.000e+00, 5.183e-04, 0.000e+00, 2.127e+00, 9.984e+02, 2.225e-07
1.665e+00, 5.000e-01, -8.650e-01, 1.170e+05, 0.000e+00, 5.137e-04, 0.000e+00, 2.125e+00, 9.984e+02, 2.205e-07
1.665e+00, 5.000e-01, -8.550e-01, 1.169e+05, 0.000e+00, 5.131e-04, 0.000e+00, 2.124e+00, 9.984e+02, 2.203e-07
1.665e+00, 5.000e-01, -8.450e-01, 1.168e+05, 0.000e+00, 5.242e-04, 0.000e+00, 2.122e+00, 9.984e+02, 2.250e-07
1.665e+00, 5.000e-01, -8.350e-01, 1.167e+05, 0.000e+00, 5.419e-04, 0.000e+00, 2.120e+00, 9.984e+02, 2.326e-07
1.665e+00, 5.000e-01, -8.250e-01, 1.166e+05, 0.000e+00, 5.537e-04, 0.000e+00, 2.118e+00, 9.984e+02, 2.377e-07
1.665e+00, 5.000e-01, -8.150e-01, 1.165e+05, 0.000e+00, 5.526e-04, 0.000e+00, 2.116e+00, 9.984e+02, 2.372e-07
1.665e+00, 5.000e-01, -8.050e-01, 1.164e+05, 0.000e+00, 5.375e-04, 0.000e+00, 2.115e+00, 9.984e+02, 2.308e-07
1.665e+00, 5.000e-01, -7.950e-01, 1.163e+05, 0.000e+00, 5.120e-04, 0.000e+00, 2.113e+00, 9.984e+02, 2.198e-07
1.665e+00, 5.000e-01, -7.850e-01, 1.162e+05, 0.000e+00, 4.855e-04, 0.000e+00, 2.111e+00, 9.984e+02, 2.084e-07
1.665e+00, 5.000e-01, -7.750e-01, 1.161e+05, 0.000e+00, 4.616e-04, 0.000e+00, 2.109e+00, 9.983e+02, 1.982e-07
1.665e+00, 5.000e-01, -7.650e-01, 1.160e+05, 0.000e+00, 4.417e-04, 0.000e+00, 2.107e+00, 9.983e+02, 1.896e-07
1.665e+00, 5.000e-01, -7.550e-01, 1.159e+05, 0.000e+00, 4.260e-04, 0.000e+00, 2.106e+00, 9.983e+02, 1.829e-07
1.665e+00, 5.000e-01, -7.450e-01, 1.158e+05, 0.000e+00, 4.188e-04, 0.000e+00, 2.104e+00, 9.983e+02, 1.798e-07
1.665e+00, 5.000e-01, -7.350e-01, 1.157e+05, 6.749e-07, 4.800e-04, 0.000e+00, 2.102e+00, 9.983e+02, 2.060e-07
1.665e+00, 5.000e-01, -7.250e-01, 1.156e+05, 4.718e-01, 1.895e-03, 0.000e+00, 2.100e+00, 9.986e+02, 8.558e-07
1.665e+00, 5.000e-01, -7.150e-01, 1.156e+05, 8.683e-01, 1.895e-03, 0.000e+00, 2.100e+00, 9.986e+02, 8.914e-07
1.665e+00, 5.000e-01, -7.050e-01, 1.156e+05, 8.724e-01, 1.895e-03, 0.000e+00, 2.100e+00, 9.986e+02, 8.917e-07
1.665e+00, 5.000e-01, -6.950e-01, 1.156e+05, 8.738e-01, 1.895e-03, 0.000e+00, 2.100e+00, 9.986e+02, 8.918e-07
1.665e+00, 5.000e-01, -6.850e-01, 1.167e+05, 0.000e+00, 5.213e-04, 0.000e+00, 2.120e+00, 9.984e+02, 2.269e-07
1.665e+00, 5.000e-01, -6.750e-01, 1.166e+05, 0.000e+00, 3.586e-04, 0.000e+00, 2.119e+00, 9.983e+02, 1.575e-07
1.665e+00, 5.000e-01, -6.650e-01, 1.165e+05, 0.000e+00, 2.326e-04, 0.000e+00, 2.117e+00, 9.983e+02, 1.022e-07
1.665e+00, 5.000e-01, -6.550e-01, 1.164e+05, 0.000e+00, 1.428e-04, 0.000e+00, 2.115e+00, 9.983e+02, 6.274e-08
1.665e+00, 5.000e-01, -6.450e-01, 1.163e+05, 0.000e+00, 8.734e-05, 0.000e+00, 2.113e+00, 9.983e+02, 3.836e-08
1.665e+00, 5.000e-01, -6.350e-01, 1.162e+05, 0.000e+00, 6.320e-05, 0.000e+00, 2.111e+00, 9.983e+02, 2.776e-08
1.665e+00, 5.000e-01, -6.250e-01, 1.161e+05, 0.000e+00, 6.935e-05, 0.000e+00, 2.110e+00, 9.983e+02, 3.046e-08
1.665e+00, 5.000e-01, -6.150e-01, 1.160e+05, 0.000e+00, 1.079e-04, 0.000e+00, 2.108e+00, 9.983e+02, 4.739e-08
1.665e+00, 5.000e-01, -6.050e-01, 1.159e+05, 0.000e+00, 1.826e-04, 0.000e+00, 2.106e+00, 9.983e+02, 8.021e-08
1.665e+00, 5.000e-01, -5.950e-01, 1.158e+05, 0.000e+00, 2.939e-04, 0.000e+00, 2.104e+00, 9.983e+02, 1.291e-07
1.665e+00, 5.000e-01, -5.850e-01, 1.157e+05, 0.000e+00, 4.325e-04, 0.000e+00, 2.102e+00, 9.983e+02, 1.900e-07
1.665e+00, 5.000e-01, -5.750e-01, 1.156e+05, 0.000e+00, 5.762e-04, 0.000e+00, 2.101e+00, 9.984e+02, 2.531e-07
1.665e+00, 5.000e-01, -5.650e-01, 1.155e+05, 0.000e+00, 6.953e-04, 0.000e+00, 2.099e+00, 9.984e+02, 3.054e-07
1.665e+00, 5.000e-01, -5.550e-01, 1.140e+05, 0.000e+00, 7.657e-04, 0.000e+00, 2.070e+00, 9.984e+02, 3.419e-07
1.665e+00, 5.000e-01, -5.450e-01, 1.139e+05, 0.000e+00, 7.788e-04, 0.000e+00, 2.068e+00, 9.984e+02, 3.499e-07
1.665e+00, 5.000e-01, -5.350e-01, 1.138e+05, 0.000e+00, 7.502e-04, 0.000e+00, 2.067e+00, 9.984e+02, 3.371e-07
1.665e+00, 5.000e-01, -5.250e-01, 1.137e+05, 0.000e+00, 7.068e-04, 0.000e+00, 2.065e+00, 9.984e+02, 3.175e-07
1.665e+00, 5.000e-01, -5.150e-01, 1.136e+05, 0.000e+00, 6.654e-04, 0.000e+00, 2.063e+00, 9.984e+02, 2.989e-07
1.665e+00, 5.000e-01, -5.050e-01, 1.135e+05, 0.000e+00, 6.307e-04, 0.000e+00, 2.061e+00, 9.984e+02, 2.824e-07
1.665e+00, 5.000e-01, -4.950e-01, 1.134e+05, 0.000e+00, 6.092e-04, 0.000e+00, 2.059e+00, 9.984e+02, 2.615e-07
1.665e+00, 5.000e-01, -4.850e-01, 1.133e+05, 0.000e+00, 6.069e-04, 0.000e+00, 2.057e+00, 9.984e+02, 2.606e-07
1.665e+00, 5.000e-01, -4.750e-01, 1.132e+05, 0.000e+00, 6.076e-04, 0.000e+00, 2.056e+00, 9.984e+02, 2.609e-07
1.665e+00, 5.000e-01, -4.650e-01, 1.131e+05, 0.000e+00, 6.058e-04, 0.000e+00, 2.054e+00, 9.984e+02, 2.601e-07
1.665e+00, 5.000e-01, -4.550e-01, 1.130e+05, 0.000e+00, 6.005e-04, 0.000e+00, 2.052e+00, 9.984e+02, 2.578e-07
1.665e+00, 5.000e-01, -4.450e-01, 1.129e+05, 0.000e+00, 5.916e-04, 0.000e+00, 2.050e+00, 9.984e+02, 2.540e-07
1.665e+00, 5.000e-01, -4.350e-01, 1.128e+05, 0.000e+00, 5.796e-04, 0.000e+00, 2.048e+00, 9.984e+02, 2.488e-07
1.665e+00, 5.000e-01, -4.250e-01, 1.127e+05, 0.000e+00, 5.653e-04, 0.000e+00, 2.047e+00, 9.984e+02, 2.427e-07
1.665e+00, 5.000e-01, -4.150e-01, 1.126e+05, 0.000e+00, 5.512e-04, 0.000e+00, 2.045e+00, 9.984e+02, 2.366e-07
1.665e+00, 5.000e-01, -4.050e-01, 1.125e+05, 0.000e+00, 5.427e-04, 0.000e+00, 2.043e+00, 9.984e+02, 2.330e-07
1.665e+00, 5.000e-01, -3.950e-01, 1.124e+05, 0.000e+00, 5.509e-04, 0.000e+00, 2.041e+00, 9.984e+02, 2.365e-07
1.665e+00, 5.000e-01, -3.850e-01, 1.123e+05, 0.000e+00, 5.729e-04, 0.000e+00, 2.039e+00, 9.984e+02, 2.460e-07
1.665e+00, 5.000e-01, -3.750e-01, 1.122e+05, 0.000e+00, 5.851e-04, 0.000e+00, 2.038e+00, 9.984e+02, 2.512e-07
1.665e+00, 5.000e-01, -3.650e-01, 1.121e+05, 0.000e+00, 5.799e-04, 0.000e+00, 2.036e+00, 9.984e+02, 2.514e-07
1.665e+00, 5.000e-01, -3.550e-01, 1.120e+05, 0.000e+00, 5.597e-04, 0.000e+00, 2.034e+00, 9.984e+02, 2.515e-07
1.665e+00, 5.000e-01, -3.450e-01, 1.119e+05, 0.000e+00, 5.390e-04, 0.000e+00, 2.033e+00, 9.984e+02, 2.422e-07
1.665e+00, 5.000e-01, -3.350e-01, 1.118e+05, 0.000e+00, 5.305e-04, 0.000e+00, 2.031e+00, 9.984e+02, 2.383e-07
1.665e+00, 5.000e-01, -3.250e-01, 1.117e+05, 0.000e+00, 5.334e-04, 0.000e+00, 2.029e+00, 9.984e+02, 2.396e-07
1.665e+00, 5.000e-01, -3.150e-01, 1.116e+05, 0.000e+00, 5.415e-04, 0.000e+00, 2.027e+00, 9.984e+02, 2.433e-07
1.665e+00, 5.000e-01, -3.050e-01, 1.115e+05, 0.000e+00, 5.536e-04, 0.000e+00, 2.025e+00, 9.984e+02, 2.487e-07
1.665e+00, 5.000e-01, -2.950e-01, 1.114e+05, 0.000e+00, 5.695e-04, 0.000e+00, 2.024e+00, 9.984e+02, 2.558e-07
1.665e+00, 5.000e-01, -2.850e-01, 1.113e+05, 0.000e+00, 5.778e-04, 0.000e+00, 2.022e+00, 9.984e+02, 2.596e-07
1.665e+00, 5.000e-01, -2.750e-01, 1.113e+05, 0.000e+00, 5.490e-04, 0.000e+00, 2.021e+00, 9.984e+02, 2.434e-07
1.665e+00, 5.000e-01, -2.650e-01, 1.112e+05, 0.000e+00, 5.042e-04, 0.000e+00, 2.020e+00, 9.984e+02, 2.215e-07
1.665e+00, 5.000e-01, -2.550e-01, 1.111e+05, 0.000e+00, 4.573e-04, 0.000e+00, 2.018e+00, 9.983e+02, 2.009e-07
1.665e+00, 5.000e-01, -2.450e-01, 1.110e+05, 0.000e+00, 4.096e-04, 0.000e+00, 2.016e+00, 9.983e+02, 1.799e-07
1.665e+00, 5.000e-01, -2.350e-01, 1.109e+05, 0.000e+00, 3.606e-04, 0.000e+00, 2.014e+00, 9.983e+02, 1.584e-07
1.665e+00, 5.000e-01, -2.250e-01, 1.108e+05, 0.000e+00, 3.104e-04, 0.000e+00, 2.012e+00, 9.983e+02, 1.363e-07
1.665e+00, 5.000e-01, -2.150e-01, 1.107e+05, 0.000e+00, 2.600e-04, 0.000e+00, 2.011e+00, 9.983e+02, 1.142e-07
1.665e+00, 5.000e-01, -2.050e-01, 1.106e+05, 0.000e+00, 2.127e-04, 0.000e+00, 2.009e+00, 9.983e+02, 9.269e-08
1.665e+00, 5.000e-01, -1.950e-01, 1.107e+05, 0.000e+00, 1.722e-04, 0.000e+00, 2.011e+00, 9.983e+02, 7.390e-08
1.665e+00, 5.000e-01, -1.850e-01, 1.106e+05, 0.000e+00, 1.458e-04, 0.000e+00, 2.009e+00, 9.983e+02, 6.257e-08
1.665e+00, 5.000e-01, -1.750e-01, 1.105e+05, 0.000e+00, 1.433e-04, 0.000e+00, 2.007e+00, 9.983e+02, 6.149e-08
1.665e+00, 5.000e-01, -1.650e-01, 1.104e+05, 0.000e+00, 1.670e-04, 0.000e+00, 2.005e+00, 9.983e+02, 7.170e-08
1.665e+00, 5.000e-01, -1.550e-01, 1.103e+05, 0.000e+00, 2.100e-04, 0.000e+00, 2.004e+00, 9.983e+02, 9.013e-08
1.665e+00, 5.000e-01, -1.450e-01, 1.102e+05, 0.000e+00, 2.559e-04, 0.000e+00, 2.002e+00, 9.983e+02, 1.098e-07
1.665e+00, 5.000e-01, -1.350e-01, 1.101e+05, 0.000e+00, 2.594e-04, 0.000e+00, 2.000e+00, 9.983e+02, 1.114e-07
1.665e+00, 5.000e-01, -1.250e-01, 1.112e+05, 0.000e+00, 2.106e-04, 0.000e+00, 2.020e+00, 9.983e+02, 9.234e-08
1.665e+00, 5.000e-01, -1.150e-01, 1.111e+05, 0.000e+00, 1.422e-04, 0.000e+00, 2.018e+00, 9.983e+02, 6.246e-08
1.665e+00, 5.000e-01, -1.050e-01, 1.110e+05, 0.000e+00, 8.268e-05, 0.000e+00, 2.017e+00, 9.983e+02, 3.632e-08
1.665e+00, 5.000e-01, -9.500e-02, 1.109e+05, 0.000e+00, 4.305e-05, 0.000e+00, 2.015e+00, 9.983e+02, 1.891e-08
1.665e+00, 5.000e-01, -8.500e-02, 1.108e+05, 0.000e+00, 2.077e-05, 0.000e+00, 2.013e+00, 9.983e+02, 9.122e-09
1.665e+00, 5.000e-01, -7.500e-02, 1.107e+05, 0.000e+00, 9.532e-06, 0.000e+00, 2.011e+00, 9.983e+02, 4.187e-09
1.665e+00, 5.000e-01, -6.500e-02, 1.106e+05, 0.000e+00, 4.227e-06, 0.000e+00, 2.009e+00, 9.983e+02, 1.857e-09
1.665e+00, 5.000e-01, -5.500e-02, 1.105e+05, 0.000e+00, 1.822e-06, 0.000e+00, 2.008e+00, 9.983e+02, 8.005e-10
1.665e+00, 5.000e-01, -4.500e-02, 1.104e+05, 0.000e+00, 7.634e-07, 0.000e+00, 2.006e+00, 9.983e+02, 3.353e-10
1.665e+00, 5.000e-01, -3.500e-02, 1.103e+05, 0.000e+00, 3.100e-07, 0.000e+00, 2.004e+00, 9.983e+02, 1.362e-10
1.665e+00, 5.000e-01, -2.500e-02, 1.102e+05, 0.000e+00, 1.221e-07, 0.000e+00, 2.002e+00, 9.983e+02, 5.364e-11
1.665e+00, 5.000e-01, -1.500e-02, 1.101e+05, 0.000e+00, 4.727e-08, 0.000e+00, 2.000e+00, 9.983e+02, 2.076e-11
1.665e+00, 5.000e-01, -5.000e-03, 1.100e+05, 0.000e+00, 1.891e-08, 0.000e+00, 1.999e+00, 9.983e+02, 8.307e-12
1.675e+00, 5.000e-01, -1.195e+00, 1.202e+05, 0.000e+00, 1.002e-13, 0.000e+00, 2.184e+00, 9.983e+02, 2.000e-17
1.675e+00, 5.000e-01, -1.185e+00, 1.201e+05, 0.000e+00, 1.002e-13, 0.000e+00, 2.182e+00, 9.983e+02, 2.000e-17
1.675e+00, 5.000e-01, -1.175e+00, 1.200e+05, 0.000e+00, 1.002e-13, 0.000e+00, 2.181e+00, 9.983e+02, 2.000e-17
1.675e+00, 5.000e-01, -1.165e+00, 1.199e+05, 0.000e+00, 1.002e-13, 0.000e+00, 2.179e+00, 9.983e+02, 2.000e-17
1.675e+00, 5.000e-01, -1.155e+00, 1.198e+05, 0.000e+00, 1.002e-13, 0.000e+00, 2.177e+00, 9.983e+02, 2.000e-17
1.675e+00, 5.000e-01, -1.145e+00, 1.197e+05, 0.000e+00, 1.002e-13, 0.000e+00, 2.175e+00, 9.983e+02, 2.000e-17
1.675e+00, 5.000e-01, -1.135e+00, 1.196e+05, 0.000e+00, 1.002e-13, 0.000e+00, 2.173e+00, 9.983e+02, 2.000e-17
1.675e+00, 5.000e-01, -1.125e+00, 1.195e+05, 0.000e+00, 1.002e-13, 0.000e+00, 2.172e+00, 9.983e+02, 2.000e-17
1.675e+00, 5.000e-01, -1.115e+00, 1.194e+05, 0.000e+00, 1.002e-13, 0.000e+00, 2.170e+00, 9.983e+02, 2.000e-17
1.675e+00, 5.000e-01, -1.105e+00, 1.193e+05, 0.000e+00, 1.002e-13, 0.000e+00, 2.168e+00, 9.983e+02, 2.000e-17
1.675e+00, 5.000e-01, -1.095e+00, 1.192e+05, 0.000e+00, 1.002e-13, 0.000e+00, 2.166e+00, 9.983e+02, 2.000e-17
1.675e+00, 5.000e-01, -1.085e+00, 1.191e+05, 0.000e+00, 1.002e-13, 0.000e+00, 2.165e+00, 9.983e+02, 2.000e-17
1.675e+00, 5.000e-01, -1.075e+00, 1.190e+05, 0.000e+00, 2.230e-09, 0.000e+00, 2.163e+00, 9.983e+02, 8.960e-13
1.675e+00, 5.000e-01, -1.065e+00, 1.189e+05, 0.000e+00, 4.676e-04, 0.000e+00, 2.161e+00, 9.983e+02, 1.879e-07
1.675e+00, 5.000e-01, -1.055e+00, 1.188e+05, 0.000e+00, 4.960e-04, 0.000e+00, 2.159e+00, 9.984e+02, 2.129e-07
1.675e+00, 5.000e-01, -1.045e+00, 1.187e+05, 0.000e+00, 4.835e-04, 0.000e+00, 2.158e+00, 9.984e+02, 2.076e-07
1.675e+00, 5.000e-01, -1.035e+00, 1.186e+05, 0.000e+00, 4.660e-04, 0.000e+00, 2.156e+00, 9.983e+02, 2.000e-07
1.675e+00, 5.000e-01, -1.025e+00, 1.185e+05, 0.000e+00, 4.453e-04, 0.000e+00, 2.154e+00, 9.983e+02, 1.911e-07
1.675e+00, 5.000e-01, -1.015e+00, 1.185e+05, 0.000e+00, 4.259e-04, 0.000e+00, 2.152e+00, 9.983e+02, 1.828e-07
1.675e+00, 5.000e-01, -1.005e+00, 1.184e+05, 0.000e+00, 4.171e-04, 0.000e+00, 2.150e+00, 9.983e+02, 1.791e-07
1.675e+00, 5.000e-01, -9.950e-01, 1.183e+05, 0.000e+00, 4.238e-04, 0.000e+00, 2.149e+00, 9.983e+02, 1.819e-07
1.675e+00, 5.000e-01, -9.850e-01, 1.182e+05, 0.000e+00, 4.413e-04, 0.000e+00, 2.147e+00, 9.983e+02, 1.895e-07
1.675e+00, 5.000e-01, -9.750e-01, 1.181e+05, 0.000e+00, 4.601e-04, 0.000e+00, 2.145e+00, 9.983e+02, 1.975e-07
1.675e+00, 5.000e-01, -9.650e-01, 1.180e+05, 0.000e+00, 4.749e-04, 0.000e+00, 2.143e+00, 9.983e+02, 2.039e-07
1.675e+00, 5.000e-01, -9.550e-01, 1.179e+05, 0.000e+00, 4.851e-04, 0.000e+00, 2.141e+00, 9.984e+02, 2.083e-07
1.675e+00, 5.000e-01, -9.450e-01, 1.178e+05, 0.000e+00, 4.898e-04, 0.000e+00, 2.140e+00, 9.984e+02, 2.103e-07
1.675e+00, 5.000e-01, -9.350e-01, 1.177e+05, 0.000e+00, 4.878e-04, 0.000e+00, 2.138e+00, 9.984e+02, 2.094e-07
1.675e+00, 5.000e-01, -9.250e-01, 1.176e+05, 0.000e+00, 4.859e-04, 0.000e+00, 2.136e+00, 9.984e+02, 2.086e-07
1.675e+00, 5.000e-01, -9.150e-01, 1.175e+05, 0.000e+00, 4.863e-04, 0.000e+00, 2.134e+00, 9.984e+02, 2.088e-07
1.675e+00, 5.000e-01, -9.050e-01, 1.174e+05, 0.000e+00, 4.879e-04, 0.000e+00, 2.132e+00, 9.984e+02, 2.094e-07
1.675e+00, 5.000e-01, -8.950e-01, 1.173e+05, 0.000e+00, 4.898e-04, 0.000e+00, 2.131e+00, 9.984e+02, 2.103e-07
1.675e+00, 5.000e-01, -8.850e-01, 1.172e+05, 0.000e+00, 4.916e-04, 0.000e+00, 2.129e+00, 9.984e+02, 2.110e-07
1.675e+00, 5.000e-01, -8.750e-01, 1.171e+05, 0.000e+00, 4.930e-04, 0.000e+00, 2.127e+00, 9.984e+02, 2.116e-07
1.675e+00, 5.000e-01, -8.650e-01, 1.170e+05, 0.000e+00, 4.937e-04, 0.000e+00, 2.125e+00, 9.984e+02, 2.120e-07
1.675e+00, 5.000e-01, -8.550e-01, 1.169e+05, 0.000e+00, 4.950e-04, 0.000e+00, 2.124e+00, 9.984e+02, 2.125e-07
1.675e+00, 5.000e-01, -8.450e-01, 1.168e+05, 0.000e+00, 4.991e-04, 0.000e+00, 2.122e+00, 9.984e+02, 2.142e-07
1.675e+00, 5.000e-01, -8.350e-01, 1.167e+05, 0.000e+00, 5.044e-04, 0.000e+00, 2.120e+00, 9.984e+02, 2.165e-07
1.675e+00, 5.000e-01, -8.250e-01, 1.166e+05, 0.000e+00, 5.053e-04, 0.000e+00, 2.118e+00, 9.984e+02, 2.169e-07
1.675e+00, 5.000e-01, -8.150e-01, 1.165e+05, 0.000e+00, 4.981e-04, 0.000e+00, 2.116e+00, 9.984e+02, 2.138e-07
1.675e+00, 5.000e-01, -8.050e-01, 1.164e+05, 0.000e+00, 4.826e-04, 0.000e+00, 2.115e+00, 9.984e+02, 2.072e-07
1.675e+00, 5.000e-01, -7.950e-01, 1.163e+05, 0.000e+00, 4.639e-04, 0.000e+00, 2.113e+00, 9.983e+02, 1.992e-07
1.675e+00, 5.000e-01, -7.850e-01, 1.162e+05, 0.000e+00, 4.467e-04, 0.000e+00, 2.111e+00, 9.983e+02, 1.918e-07
1.675e+00, 5.000e-01, -7.750e-01, 1.161e+05, 0.000e+00, 4.323e-04, 0.000e+00, 2.109e+00, 9.983e+02, 1.856e-07
1.675e+00, 5.000e-01, -7.650e-01, 1.160e+05, 0.000e+00, 4.209e-04, 0.000e+00, 2.107e+00, 9.983e+02, 1.807e-07
1.675e+00, 5.000e-01, -7.550e-01, 1.159e+05, 0.000e+00, 4.122e-04, 0.000e+00, 2.106e+00, 9.983e+02, 1.770e-07
1.675e+00, 5.000e-01, -7.450e-01, 1.158e+05, 0.000e+00, 4.100e-04, 0.000e+00, 2.104e+00, 9.983e+02, 1.760e-07
1.675e+00, 5.000e-01, -7.350e-01, 1.157e+05, 6.749e-07, 4.698e-04, 0.000e+00, 2.102e+00, 9.983e+02, 2.017e-07
1.675e+00, 5.000e-01, -7.250e-01, 1.156e+05, 4.718e-01, 1.895e-03, 0.000e+00, 2.100e+00, 9.986e+02, 8.558e-07
1.675e+00, 5.000e-01, -7.150e-01, 1.156e+05, 8.683e-01, 1.895e-03, 0.000e+00, 2.100e+00, 9.986e+02, 8.914e-07
1.675e+00, 5.000e-01, -7.050e-01, 1.156e+05, 8.724e-01, 1.895e-03, 0.000e+00, 2.100e+00, 9.986e+02, 8.917e-07
1.675e+00, 5.000e-01, -6.950e-01, 1.156e+05, 8.738e-01, 1.895e-03, 0.000e+00, 2.100e+00, 9.986e+02, 8.918e-07
1.675e+00, 5.000e-01, -6.850e-01, 1.167e+05, 4.174e-06, 5.631e-04, 0.000e+00, 2.120e+00, 9.984e+02, 2.446e-07
1.675e+00, 5.000e-01, -6.750e-01, 1.166e+05, 0.000e+00, 3.732e-04, 0.000e+00, 2.119e+00, 9.983e+02, 1.639e-07
1.675e+00, 5.000e-01, -6.650e-01, 1.165e+05, 0.000e+00, 2.389e-04, 0.000e+00, 2.117e+00, 9.983e+02, 1.050e-07
1.675e+00, 5.000e-01, -6.550e-01, 1.164e+05, 0.000e+00, 1.458e-04, 0.000e+00, 2.115e+00, 9.983e+02, 6.403e-08
1.675e+00, 5.000e-01, -6.450e-01, 1.163e+05, 0.000e+00, 8.866e-05, 0.000e+00, 2.113e+00, 9.983e+02, 3.894e-08
1.675e+00, 5.000e-01, -6.350e-01, 1.162e+05, 0.000e+00, 6.372e-05, 0.000e+00, 2.111e+00, 9.983e+02, 2.799e-08
1.675e+00, 5.000e-01, -6.250e-01, 1.161e+05, 0.000e+00, 6.945e-05, 0.000e+00, 2.110e+00, 9.983e+02, 3.051e-08
1.675e+00, 5.000e-01, -6.150e-01, 1.160e+05, 0.000e+00, 1.078e-04, 0.000e+00, 2.108e+00, 9.983e+02, 4.734e-08
1.675e+00, 5.000e-01, -6.050e-01, 1.159e+05, 0.000e+00, 1.824e-04, 0.000e+00, 2.106e+00, 9.983e+02, 8.014e-08
1.675e+00, 5.000e-01, -5.950e-01, 1.158e+05, 0.000e+00, 2.939e-04, 0.000e+00, 2.104e+00, 9.983e+02, 1.291e-07
1.675e+00, 5.000e-01, -5.850e-01, 1.157e+05, 0.000e+00, 4.329e-04, 0.000e+00, 2.102e+00, 9.983e+02, 1.902e-07
1.675e+00, 5.000e-01, -5.750e-01, 1.156e+05, 0.000e+00, 5.774e-04, 0.000e+00, 2.101e+00, 9.984e+02, 2.536e-07
1.675e+00, 5.000e-01, -5.650e-01, 1.155e+05, 0.000e+00, 6.975e-04, 0.000e+00, 2.099e+00, 9.984e+02, 3.064e-07
1.675e+00, 5.000e-01, -5.550e-01, 1.140e+05, 0.000e+00, 7.680e-04, 0.000e+00, 2.070e+00, 9.984e+02, 3.427e-07
1.675e+00, 5.000e-01, -5.450e-01, 1.139e+05, 0.000e+00, 7.811e-04, 0.000e+00, 2.068e+00, 9.984e+02, 3.510e-07
1.675e+00, 5.000e-01, -5.350e-01, 1.138e+05, 0.000e+00, 7.519e-04, 0.000e+00, 2.067e+00, 9.984e+02, 3.378e-07
1.675e+00, 5.000e-01, -5.250e-01, 1.137e+05, 0.000e+00, 7.063e-04, 0.000e+00, 2.065e+00, 9.984e+02, 3.173e-07
1.675e+00, 5.000e-01, -5.150e-01, 1.136e+05, 0.000e+00, 6.624e-04, 0.000e+00, 2.063e+00, 9.984e+02, 2.976e-07
1.675e+00, 5.000e-01, -5.050e-01, 1.135e+05, 0.000e+00, 6.280e-04, 0.000e+00, 2.061e+00, 9.984e+02, 2.818e-07
1.675e+00, 5.000e-01, -4.950e-01, 1.134e+05, 0.000e+00, 6.141e-04, 0.000e+00, 2.059e+00, 9.984e+02, 2.636e-07
1.675e+00, 5.000e-01, -4.850e-01, 1.133e+05, 0.000e+00, 6.180e-04, 0.000e+00, 2.057e+00, 9.984e+02, 2.653e-07
1.675e+00, 5.000e-01, -4.750e-01, 1.132e+05, 0.000e+00, 6.217e-04, 0.000e+00, 2.056e+00, 9.984e+02, 2.669e-07
1.675e+00, 5.000e-01, -4.650e-01, 1.131e+05, 0.000e+00, 6.212e-04, 0.000e+00, 2.054e+00, 9.984e+02, 2.667e-07
1.675e+00, 5.000e-01, -4.550e-01, 1.130e+05, 0.000e+00, 6.164e-04, 0.000e+00, 2.052e+00, 9.984e+02, 2.646e-07
1.675e+00, 5.000e-01, -4.450e-01, 1.129e+05, 0.000e+00, 6.076e-04, 0.000e+00, 2.050e+00, 9.984e+02, 2.609e-07
1.675e+00, 5.000e-01, -4.350e-01, 1.128e+05, 0.000e+00, 5.949e-04, 0.000e+00, 2.048e+00, 9.984e+02, 2.554e-07
1.675e+00, 5.000e-01, -4.250e-01, 1.127e+05, 0.000e+00, 5.781e-04, 0.000e+00, 2.047e+00, 9.984e+02, 2.482e-07
1.675e+00, 5.000e-01, -4.150e-01, 1.126e+05, 0.000e+00, 5.594e-04, 0.000e+00, 2.045e+00, 9.984e+02, 2.401e-07
1.675e+00, 5.000e-01, -4.050e-01, 1.125e+05, 0.000e+00, 5.450e-04, 0.000e+00, 2.043e+00, 9.984e+02, 2.340e-07
1.675e+00, 5.000e-01, -3.950e-01, 1.124e+05, 0.000e+00, 5.495e-04, 0.000e+00, 2.041e+00, 9.984e+02, 2.359e-07
1.675e+00, 5.000e-01, -3.850e-01, 1.123e+05, 0.000e+00, 5.732e-04, 0.000e+00, 2.039e+00, 9.984e+02, 2.461e-07
1.675e+00, 5.000e-01, -3.750e-01, 1.122e+05, 0.000e+00, 5.903e-04, 0.000e+00, 2.038e+00, 9.984e+02, 2.534e-07
1.675e+00, 5.000e-01, -3.650e-01, 1.121e+05, 0.000e+00, 5.920e-04, 0.000e+00, 2.036e+00, 9.984e+02, 2.561e-07
1.675e+00, 5.000e-01, -3.550e-01, 1.120e+05, 0.000e+00, 5.795e-04, 0.000e+00, 2.034e+00, 9.984e+02, 2.603e-07
1.675e+00, 5.000e-01, -3.450e-01, 1.119e+05, 0.000e+00, 5.599e-04, 0.000e+00, 2.033e+00, 9.984e+02, 2.515e-07
1.675e+00, 5.000e-01, -3.350e-01, 1.118e+05, 0.000e+00, 5.421e-04, 0.000e+00, 2.031e+00, 9.984e+02, 2.436e-07
1.675e+00, 5.000e-01, -3.250e-01, 1.117e+05, 0.000e+00, 5.363e-04, 0.000e+00, 2.029e+00, 9.984e+02, 2.409e-07
1.675e+00, 5.000e-01, -3.150e-01, 1.116e+05, 0.000e+00, 5.399e-04, 0.000e+00, 2.027e+00, 9.984e+02, 2.426e-07
1.675e+00, 5.000e-01, -3.050e-01, 1.115e+05, 0.000e+00, 5.485e-04, 0.000e+00, 2.025e+00, 9.984e+02, 2.464e-07
1.675e+00, 5.000e-01, -2.950e-01, 1.114e+05, 0.000e+00, 5.581e-04, 0.000e+00, 2.024e+00, 9.984e+02, 2.507e-07
1.675e+00, 5.000e-01, -2.850e-01, 1.113e+05, 0.000e+00, 5.578e-04, 0.000e+00, 2.022e+00, 9.984e+02, 2.506e-07
1.675e+00, 5.000e-01, -2.750e-01, 1.113e+05, 0.000e+00, 5.269e-04, 0.000e+00, 2.021e+00, 9.984e+02, 2.340e-07
1.675e+00, 5.000e-01, -2.650e-01, 1.112e+05, 0.000e+00, 4.881e-04, 0.000e+00, 2.020e+00, 9.983e+02, 2.144e-07
1.675e+00, 5.000e-01, -2.550e-01, 1.111e+05, 0.000e+00, 4.483e-04, 0.000e+00, 2.018e+00, 9.983e+02, 1.969e-07
1.675e+00, 5.000e-01, -2.450e-01, 1.110e+05, 0.000e+00, 4.063e-04, 0.000e+00, 2.016e+00, 9.983e+02, 1.785e-07
1.675e+00, 5.000e-01, -2.350e-01, 1.109e+05, 0.000e+00, 3.617e-04, 0.000e+00, 2.014e+00, 9.983e+02, 1.589e-07
1.675e+00, 5.000e-01, -2.250e-01, 1.108e+05, 0.000e+00, 3.149e-04, 0.000e+00, 2.012e+00, 9.983e+02, 1.383e-07
1.675e+00, 5.000e-01, -2.150e-01, 1.107e+05, 0.000e+00, 2.669e-04, 0.000e+00, 2.011e+00, 9.983e+02, 1.172e-07
1.675e+00, 5.000e-01, -2.050e-01, 1.106e+05, 0.000e+00, 2.210e-04, 0.000e+00, 2.009e+00, 9.983e+02, 9.645e-08
1.675e+00, 5.000e-01, -1.950e-01, 1.107e+05, 0.000e+00, 1.803e-04, 0.000e+00, 2.011e+00, 9.983e+02, 7.740e-08
1.675e+00, 5.000e-01, -1.850e-01, 1.106e+05, 0.000e+00, 1.495e-04, 0.000e+00, 2.009e+00, 9.983e+02, 6.416e-08
1.675e+00, 5.000e-01, -1.750e-01, 1.105e+05, 0.000e+00, 1.367e-04, 0.000e+00, 2.007e+00, 9.983e+02, 5.868e-08
1.675e+00, 5.000e-01, -1.650e-01, 1.104e+05, 0.000e+00, 1.482e-04, 0.000e+00, 2.005e+00, 9.983e+02, 6.361e-08
1.675e+00, 5.000e-01, -1.550e-01, 1.103e+05, 0.000e+00, 1.847e-04, 0.000e+00, 2.004e+00, 9.983e+02, 7.929e-08
1.675e+00, 5.000e-01, -1.450e-01, 1.102e+05, 0.000e+00, 2.350e-04, 0.000e+00, 2.002e+00, 9.983e+02, 1.009e-07
1.675e+00, 5.000e-01, -1.350e-01, 1.101e+05, 0.000e+00, 2.478e-04, 0.000e+00, 2.000e+00, 9.983e+02, 1.064e-07
1.675e+00, 5.000e-01, -1.250e-01, 1.112e+05, 0.000e+00, 2.037e-04, 0.000e+00, 2.020e+00, 9.983e+02, 8.921e-08
1.675e+00, 5.000e-01, -1.150e-01, 1.111e+05, 0.000e+00, 1.387e-04, 0.000e+00, 2.018e+00, 9.983e+02, 6.093e-08
1.675e+00, 5.000e-01, -1.050e-01, 1.110e+05, 0.000e+00, 8.127e-05, 0.000e+00, 2.017e+00, 9.983e+02, 3.570e-08
1.675e+00, 5.000e-01, -9.500e-02, 1.109e+05, 0.000e+00, 4.262e-05, 0.000e+00, 2.015e+00, 9.983e+02, 1.872e-08
1.675e+00, 5.000e-01, -8.500e-02, 1.108e+05, 0.000e+00, 2.073e-05, 0.000e+00, 2.013e+00, 9.983e+02, 9.107e-09
1.675e+00, 5.000e-01, -7.500e-02, 1.107e+05, 0.000e+00, 9.604e-06, 0.000e+00, 2.011e+00, 9.983e+02, 4.218e-09
1.675e+00, 5.000e-01, -6.500e-02, 1.106e+05, 0.000e+00, 4.301e-06, 0.000e+00, 2.009e+00, 9.983e+02, 1.889e-09
1.675e+00, 5.000e-01, -5.500e-02, 1.105e+05, 0.000e+00, 1.873e-06, 0.000e+00, 2.008e+00, 9.983e+02, 8.225e-10
1.675e+00, 5.000e-01, -4.500e-02, 1.104e+05, 0.000e+00, 7.918e-07, 0.000e+00, 2.006e+00, 9.983e+02, 3.478e-10
1.675e+00, 5.000e-01, -3.500e-02, 1.103e+05, 0.000e+00, 3.244e-07, 0.000e+00, 2.004e+00, 9.983e+02, 1.425e-10
1.675e+00, 5.000e-01, -2.500e-02, 1.102e+05, 0.000e+00, 1.288e-07, 0.000e+00, 2.002e+00, 9.983e+02, 5.658e-11
1.675e+00, 5.000e-01, -1.500e-02, 1.101e+05, 0.000e+00, 5.019e-08, 0.000e+00, 2.000e+00, 9.983e+02, 2.205e-11
1.675e+00, 5.000e-01, -5.000e-03, 1.100e+05, 0.000e+00, 2.015e-08, 0.000e+00, 1.999e+00, 9.983e+02, 8.849e-12
1.685e+00, 5.000e-01, -1.195e+00, 1.202e+05, 0.000e+00, 1.002e-13, 0.000e+00, 2.184e+00, 9.983e+02, 2.000e-17
1.685e+00, 5.000e-01, -1.185e+00, 1.201e+05, 0.000e+00, 1.002e-13, 0.000e+00, 2.182e+00, 9.983e+02, 2.000e-17
1.685e+00, 5.000e-01, -1.175e+00, 1.200e+05, 0.000e+00, 1.002e-13, 0.000e+00, 2.181e+00, 9.983e+02, 2.000e-17
1.685e+00, 5.000e-01, -1.165e+00, 1.199e+05, 0.000e+00, 1.002e-13, 0.000e+00, 2.179e+00, 9.983e+02, 2.000e-17
1.685e+00, 5.000e-01, -1.155e+00, 1.198e+05, 0.000e+00, 1.002e-13, 0.000e+00, 2.177e+00, 9.983e+02, 2.000e-17
1.685e+00, 5.000e-01, -1.145e+00, 1.197e+05, 0.000e+00, 1.002e-13, 0.000e+00, 2.175e+00, 9.983e+02, 2.000e-17
1.685e+00, 5.000e-01, -1.135e+00, 1.196e+05, 0.000e+00, 1.002e-13, 0.000e+00, 2.173e+00, 9.983e+02, 2.000e-17
1.685e+00, 5.000e-01, -1.125e+00, 1.195e+05, 0.000e+00, 1.002e-13, 0.000e+00, 2.172e+00, 9.983e+02, 2.000e-17
1.685e+00, 5.000e-01, -1.115e+00, 1.194e+05, 0.000e+00, 1.002e-13, 0.000e+00, 2.170e+00, 9.983e+02, 2.000e-17
1.685e+00, 5.000e-01, -1.105e+00, 1.193e+05, 0.000e+00, 1.002e-13, 0.000e+00, 2.168e+00, 9.983e+02, 2.000e-17
1.685e+00, 5.000e-01, -1.095e+00, 1.192e+05, 0.000e+00, 1.002e-13, 0.000e+00, 2.166e+00, 9.983e+02, 2.000e-17
1.685e+00, 5.000e-01, -1.085e+00, 1.191e+05, 0.000e+00, 1.002e-13, 0.000e+00, 2.165e+00, 9.983e+02, 2.000e-17
1.685e+00, 5.000e-01, -1.075e+00, 1.190e+05, 0.000e+00, 2.468e-09, 0.000e+00, 2.163e+00, 9.983e+02, 1.019e-12
1.685e+00, 5.000e-01, -1.065e+00, 1.189e+05, 0.000e+00, 5.202e-04, 0.000e+00, 2.161e+00, 9.984e+02, 2.150e-07
1.685e+00, 5.000e-01, -1.055e+00, 1.188e+05, 0.000e+00, 5.271e-04, 0.000e+00, 2.159e+00, 9.984e+02, 2.263e-07
1.685e+00, 5.000e-01, -1.045e+00, 1.187e+05, 0.000e+00, 5.070e-04, 0.000e+00, 2.158e+00, 9.984e+02, 2.176e-07
1.685e+00, 5.000e-01, -1.035e+00, 1.186e+05, 0.000e+00, 4.803e-04, 0.000e+00, 2.156e+00, 9.984e+02, 2.062e-07
1.685e+00, 5.000e-01, -1.025e+00, 1.185e+05, 0.000e+00, 4.545e-04, 0.000e+00, 2.154e+00, 9.983e+02, 1.951e-07
1.685e+00, 5.000e-01, -1.015e+00, 1.185e+05, 0.000e+00, 4.318e-04, 0.000e+00, 2.152e+00, 9.983e+02, 1.854e-07
1.685e+00, 5.000e-01, -1.005e+00, 1.184e+05, 0.000e+00, 4.173e-04, 0.000e+00, 2.150e+00, 9.983e+02, 1.791e-07
1.685e+00, 5.000e-01, -9.950e-01, 1.183e+05, 0.000e+00, 4.144e-04, 0.000e+00, 2.149e+00, 9.983e+02, 1.779e-07
1.685e+00, 5.000e-01, -9.850e-01, 1.182e+05, 0.000e+00, 4.210e-04, 0.000e+00, 2.147e+00, 9.983e+02, 1.807e-07
1.685e+00, 5.000e-01, -9.750e-01, 1.181e+05, 0.000e+00, 4.307e-04, 0.000e+00, 2.145e+00, 9.983e+02, 1.849e-07
1.685e+00, 5.000e-01, -9.650e-01, 1.180e+05, 0.000e+00, 4.389e-04, 0.000e+00, 2.143e+00, 9.983e+02, 1.884e-07
1.685e+00, 5.000e-01, -9.550e-01, 1.179e+05, 0.000e+00, 4.425e-04, 0.000e+00, 2.141e+00, 9.983e+02, 1.900e-07
1.685e+00, 5.000e-01, -9.450e-01, 1.178e+05, 0.000e+00, 4.386e-04, 0.000e+00, 2.140e+00, 9.983e+02, 1.883e-07
1.685e+00, 5.000e-01, -9.350e-01, 1.177e+05, 0.000e+00, 4.346e-04, 0.000e+00, 2.138e+00, 9.983e+02, 1.865e-07
1.685e+00, 5.000e-01, -9.250e-01, 1.176e+05, 0.000e+00, 4.321e-04, 0.000e+00, 2.136e+00, 9.983e+02, 1.855e-07
1.685e+00, 5.000e-01, -9.150e-01, 1.175e+05, 0.000e+00, 4.317e-04, 0.000e+00, 2.134e+00, 9.983e+02, 1.853e-07
1.685e+00, 5.000e-01, -9.050e-01, 1.174e+05, 0.000e+00, 4.332e-04, 0.000e+00, 2.132e+00, 9.983e+02, 1.860e-07
1.685e+00, 5.000e-01, -8.950e-01, 1.173e+05, 0.000e+00, 4.358e-04, 0.000e+00, 2.131e+00, 9.983e+02, 1.871e-07
1.685e+00, 5.000e-01, -8.850e-01, 1.172e+05, 0.000e+00, 4.392e-04, 0.000e+00, 2.129e+00, 9.983e+02, 1.885e-07
1.685e+00, 5.000e-01, -8.750e-01, 1.171e+05, 0.000e+00, 4.429e-04, 0.000e+00, 2.127e+00, 9.983e+02, 1.902e-07
1.685e+00, 5.000e-01, -8.650e-01, 1.170e+05, 0.000e+00, 4.468e-04, 0.000e+00, 2.125e+00, 9.983e+02, 1.918e-07
1.685e+00, 5.000e-01, -8.550e-01, 1.169e+05, 0.000e+00, 4.504e-04, 0.000e+00, 2.124e+00, 9.983e+02, 1.934e-07
1.685e+00, 5.000e-01, -8.450e-01, 1.168e+05, 0.000e+00, 4.536e-04, 0.000e+00, 2.122e+00, 9.983e+02, 1.947e-07
1.685e+00, 5.000e-01, -8.350e-01, 1.167e+05, 0.000e+00, 4.551e-04, 0.000e+00, 2.120e+00, 9.983e+02, 1.954e-07
1.685e+00, 5.000e-01, -8.250e-01, 1.166e+05, 0.000e+00, 4.529e-04, 0.000e+00, 2.118e+00, 9.983e+02, 1.944e-07
1.685e+00, 5.000e-01, -8.150e-01, 1.165e+05, 0.000e+00, 4.461e-04, 0.000e+00, 2.116e+00, 9.983e+02, 1.915e-07
1.685e+00, 5.000e-01, -8.050e-01, 1.164e+05, 0.000e+00, 4.360e-04, 0.000e+00, 2.115e+00, 9.983e+02, 1.872e-07
1.685e+00, 5.000e-01, -7.950e-01, 1.163e+05, 0.000e+00, 4.269e-04, 0.000e+00, 2.113e+00, 9.983e+02, 1.833e-07
1.685e+00, 5.000e-01, -7.850e-01, 1.162e+05, 0.000e+00, 4.199e-04, 0.000e+00, 2.111e+00, 9.983e+02, 1.803e-07
1.685e+00, 5.000e-01, -7.750e-01, 1.161e+05, 0.000e+00, 4.148e-04, 0.000e+00, 2.109e+00, 9.983e+02, 1.781e-07
1.685e+00, 5.000e-01, -7.650e-01, 1.160e+05, 0.000e+00, 4.110e-04, 0.000e+00, 2.107e+00, 9.983e+02, 1.764e-07
1.685e+00, 5.000e-01, -7.550e-01, 1.159e+05, 0.000e+00, 4.091e-04, 0.000e+00, 2.106e+00, 9.983e+02, 1.756e-07
1.685e+00, 5.000e-01, -7.450e-01, 1.158e+05, 0.000e+00, 4.137e-04, 0.000e+00, 2.104e+00, 9.983e+02, 1.776e-07
1.685e+00, 5.000e-01, -7.350e-01, 1.157e+05, 6.749e-07, 4.857e-04, 0.000e+00, 2.102e+00, 9.984e+02, 2.085e-07
1.685e+00, 5.000e-01, -7.250e-01, 1.156e+05, 4.718e-01, 1.895e-03, 0.000e+00, 2.100e+00, 9.986e+02, 8.558e-07
1.685e+00, 5.000e-01, -7.150e-01, 1.156e+05, 8.683e-01, 1.895e-03, 0.000e+00, 2.100e+00, 9.986e+02, 8.914e-07
1.685e+00, 5.000e-01, -7.050e-01, 1.156e+05, 8.724e-01, 1.895e-03, 0.000e+00, 2.100e+00, 9.986e+02, 8.917e-07
1.685e+00, 5.000e-01, -6.950e-01, 1.156e+05, 8.738e-01, 1.895e-03, 0.000e+00, 2.100e+00, 9.986e+02, 8.918e-07
1.685e+00, 5.000e-01, -6.850e-01, 1.156e+05, 8.753e-01, 1.895e-03, 0.000e+00, 2.100e+00, 9.986e+02, 9.007e-07
1.685e+00, 5.000e-01, -6.750e-01, 1.166e+05, 0.000e+00, 3.815e-04, 0.000e+00, 2.119e+00, 9.983e+02, 1.676e-07
1.685e+00, 5.000e-01, -6.650e-01, 1.165e+05, 0.000e+00, 2.423e-04, 0.000e+00, 2.117e+00, 9.983e+02, 1.064e-07
1.685e+00, 5.000e-01, -6.550e-01, 1.164e+05, 0.000e+00, 1.465e-04, 0.000e+00, 2.115e+00, 9.983e+02, 6.437e-08
1.685e+00, 5.000e-01, -6.450e-01, 1.163e+05, 0.000e+00, 8.834e-05, 0.000e+00, 2.113e+00, 9.983e+02, 3.880e-08
1.685e+00, 5.000e-01, -6.350e-01, 1.162e+05, 0.000e+00, 6.285e-05, 0.000e+00, 2.111e+00, 9.983e+02, 2.761e-08
1.685e+00, 5.000e-01, -6.250e-01, 1.161e+05, 0.000e+00, 6.803e-05, 0.000e+00, 2.110e+00, 9.983e+02, 2.988e-08
1.685e+00, 5.000e-01, -6.150e-01, 1.160e+05, 0.000e+00, 1.056e-04, 0.000e+00, 2.108e+00, 9.983e+02, 4.638e-08
1.685e+00, 5.000e-01, -6.050e-01, 1.159e+05, 0.000e+00, 1.793e-04, 0.000e+00, 2.106e+00, 9.983e+02, 7.876e-08
1.685e+00, 5.000e-01, -5.950e-01, 1.158e+05, 0.000e+00, 2.900e-04, 0.000e+00, 2.104e+00, 9.983e+02, 1.274e-07
1.685e+00, 5.000e-01, -5.850e-01, 1.157e+05, 0.000e+00, 4.289e-04, 0.000e+00, 2.102e+00, 9.983e+02, 1.884e-07
1.685e+00, 5.000e-01, -5.750e-01, 1.156e+05, 0.000e+00, 5.744e-04, 0.000e+00, 2.101e+00, 9.984e+02, 2.523e-07
1.685e+00, 5.000e-01, -5.650e-01, 1.155e+05, 0.000e+00, 6.964e-04, 0.000e+00, 2.099e+00, 9.984e+02, 3.059e-07
1.685e+00, 5.000e-01, -5.550e-01, 1.140e+05, 0.000e+00, 7.686e-04, 0.000e+00, 2.070e+00, 9.984e+02, 3.428e-07
1.685e+00, 5.000e-01, -5.450e-01, 1.139e+05, 0.000e+00, 7.825e-04, 0.000e+00, 2.068e+00, 9.984e+02, 3.516e-07
1.685e+00, 5.000e-01, -5.350e-01, 1.138e+05, 0.000e+00, 7.527e-04, 0.000e+00, 2.067e+00, 9.984e+02, 3.382e-07
1.685e+00, 5.000e-01, -5.250e-01, 1.137e+05, 0.000e+00, 7.047e-04, 0.000e+00, 2.065e+00, 9.984e+02, 3.166e-07
1.685e+00, 5.000e-01, -5.150e-01, 1.136e+05, 0.000e+00, 6.584e-04, 0.000e+00, 2.063e+00, 9.984e+02, 2.958e-07
1.685e+00, 5.000e-01, -5.050e-01, 1.135e+05, 0.000e+00, 6.262e-04, 0.000e+00, 2.061e+00, 9.984e+02, 2.813e-07
1.685e+00, 5.000e-01, -4.950e-01, 1.134e+05, 0.000e+00, 6.217e-04, 0.000e+00, 2.059e+00, 9.984e+02, 2.672e-07
1.685e+00, 5.000e-01, -4.850e-01, 1.133e+05, 0.000e+00, 6.311e-04, 0.000e+00, 2.057e+00, 9.984e+02, 2.709e-07
1.685e+00, 5.000e-01, -4.750e-01, 1.132e+05, 0.000e+00, 6.367e-04, 0.000e+00, 2.056e+00, 9.984e+02, 2.733e-07
1.685e+00, 5.000e-01, -4.650e-01, 1.131e+05, 0.000e+00, 6.368e-04, 0.000e+00, 2.054e+00, 9.984e+02, 2.734e-07
1.685e+00, 5.000e-01, -4.550e-01, 1.130e+05, 0.000e+00, 6.324e-04, 0.000e+00, 2.052e+00, 9.984e+02, 2.715e-07
1.685e+00, 5.000e-01, -4.450e-01, 1.129e+05, 0.000e+00, 6.242e-04, 0.000e+00, 2.050e+00, 9.984e+02, 2.680e-07
1.685e+00, 5.000e-01, -4.350e-01, 1.128e+05, 0.000e+00, 6.120e-04, 0.000e+00, 2.048e+00, 9.984e+02, 2.627e-07
1.685e+00, 5.000e-01, -4.250e-01, 1.127e+05, 0.000e+00, 5.952e-04, 0.000e+00, 2.047e+00, 9.984e+02, 2.555e-07
1.685e+00, 5.000e-01, -4.150e-01, 1.126e+05, 0.000e+00, 5.731e-04, 0.000e+00, 2.045e+00, 9.984e+02, 2.461e-07
1.685e+00, 5.000e-01, -4.050e-01, 1.125e+05, 0.000e+00, 5.511e-04, 0.000e+00, 2.043e+00, 9.984e+02, 2.366e-07
1.685e+00, 5.000e-01, -3.950e-01, 1.124e+05, 0.000e+00, 5.482e-04, 0.000e+00, 2.041e+00, 9.984e+02, 2.353e-07
1.685e+00, 5.000e-01, -3.850e-01, 1.123e+05, 0.000e+00, 5.707e-04, 0.000e+00, 2.039e+00, 9.984e+02, 2.450e-07
1.685e+00, 5.000e-01, -3.750e-01, 1.122e+05, 0.000e+00, 5.920e-04, 0.000e+00, 2.038e+00, 9.984e+02, 2.542e-07
1.685e+00, 5.000e-01, -3.650e-01, 1.121e+05, 0.000e+00, 6.005e-04, 0.000e+00, 2.036e+00, 9.984e+02, 2.592e-07
1.685e+00, 5.000e-01, -3.550e-01, 1.120e+05, 0.000e+00, 5.968e-04, 0.000e+00, 2.034e+00, 9.984e+02, 2.681e-07
1.685e+00, 5.000e-01, -3.450e-01, 1.119e+05, 0.000e+00, 5.838e-04, 0.000e+00, 2.033e+00, 9.984e+02, 2.623e-07
1.685e+00, 5.000e-01, -3.350e-01, 1.118e+05, 0.000e+00, 5.642e-04, 0.000e+00, 2.031e+00, 9.984e+02, 2.535e-07
1.685e+00, 5.000e-01, -3.250e-01, 1.117e+05, 0.000e+00, 5.493e-04, 0.000e+00, 2.029e+00, 9.984e+02, 2.468e-07
1.685e+00, 5.000e-01, -3.150e-01, 1.116e+05, 0.000e+00, 5.431e-04, 0.000e+00, 2.027e+00, 9.984e+02, 2.440e-07
1.685e+00, 5.000e-01, -3.050e-01, 1.115e+05, 0.000e+00, 5.435e-04, 0.000e+00, 2.025e+00, 9.984e+02, 2.442e-07
1.685e+00, 5.000e-01, -2.950e-01, 1.114e+05, 0.000e+00, 5.452e-04, 0.000e+00, 2.024e+00, 9.984e+02, 2.449e-07
1.685e+00, 5.000e-01, -2.850e-01, 1.113e+05, 0.000e+00, 5.378e-04, 0.000e+00, 2.022e+00, 9.984e+02, 2.416e-07
1.685e+00, 5.000e-01, -2.750e-01, 1.112e+05, 0.000e+00, 5.123e-04, 0.000e+00, 2.020e+00, 9.984e+02, 2.279e-07
1.685e+00, 5.000e-01, -2.650e-01, 1.112e+05, 0.000e+00, 4.808e-04, 0.000e+00, 2.020e+00, 9.983e+02, 2.112e-07
1.685e+00, 5.000e-01, -2.550e-01, 1.111e+05, 0.000e+00, 4.460e-04, 0.000e+00, 2.018e+00, 9.983e+02, 1.959e-07
1.685e+00, 5.000e-01, -2.450e-01, 1.110e+05, 0.000e+00, 4.078e-04, 0.000e+00, 2.016e+00, 9.983e+02, 1.791e-07
1.685e+00, 5.000e-01, -2.350e-01, 1.109e+05, 0.000e+00, 3.662e-04, 0.000e+00, 2.014e+00, 9.983e+02, 1.608e-07
1.685e+00, 5.000e-01, -2.250e-01, 1.108e+05, 0.000e+00, 3.215e-04, 0.000e+00, 2.012e+00, 9.983e+02, 1.412e-07
1.685e+00, 5.000e-01, -2.150e-01, 1.107e+05, 0.000e+00, 2.752e-04, 0.000e+00, 2.011e+00, 9.983e+02, 1.209e-07
1.685e+00, 5.000e-01, -2.050e-01, 1.106e+05, 0.000e+00, 2.305e-04, 0.000e+00, 2.009e+00, 9.983e+02, 1.008e-07
1.685e+00, 5.000e-01, -1.950e-01, 1.107e+05, 0.000e+00, 1.904e-04, 0.000e+00, 2.011e+00, 9.983e+02, 8.174e-08
1.685e+00, 5.000e-01, -1.850e-01, 1.106e+05, 0.000e+00, 1.574e-04, 0.000e+00, 2.009e+00, 9.983e+02, 6.756e-08
1.685e+00, 5.000e-01, -1.750e-01, 1.105e+05, 0.000e+00, 1.384e-04, 0.000e+00, 2.007e+00, 9.983e+02, 5.941e-08
1.685e+00, 5.000e-01, -1.650e-01, 1.104e+05, 0.000e+00, 1.416e-04, 0.000e+00, 2.005e+00, 9.983e+02, 6.078e-08
1.685e+00, 5.000e-01, -1.550e-01, 1.103e+05, 0.000e+00, 1.727e-04, 0.000e+00, 2.004e+00, 9.983e+02, 7.415e-08
1.685e+00, 5.000e-01, -1.450e-01, 1.102e+05, 0.000e+00, 2.236e-04, 0.000e+00, 2.002e+00, 9.983e+02, 9.601e-08
1.685e+00, 5.000e-01, -1.350e-01, 1.101e+05, 0.000e+00, 2.404e-04, 0.000e+00, 2.000e+00, 9.983e+02, 1.032e-07
1.685e+00, 5.000e-01, -1.250e-01, 1.112e+05, 0.000e+00, 1.986e-04, 0.000e+00, 2.020e+00, 9.983e+02, 8.692e-08
1.685e+00, 5.000e-01, -1.150e-01, 1.111e+05, 0.000e+00, 1.357e-04, 0.000e+00, 2.018e+00, 9.983e+02, 5.962e-08
1.685e+00, 5.000e-01, -1.050e-01, 1.110e+05, 0.000e+00, 7.985e-05, 0.000e+00, 2.017e+00, 9.983e+02, 3.507e-08
1.685e+00, 5.000e-01, -9.500e-02, 1.109e+05, 0.000e+00, 4.214e-05, 0.000e+00, 2.015e+00, 9.983e+02, 1.851e-08
1.685e+00, 5.000e-01, -8.500e-02, 1.108e+05, 0.000e+00, 2.067e-05, 0.000e+00, 2.013e+00, 9.983e+02, 9.081e-09
1.685e+00, 5.000e-01, -7.500e-02, 1.107e+05, 0.000e+00, 9.677e-06, 0.000e+00, 2.011e+00, 9.983e+02, 4.251e-09
1.685e+00, 5.000e-01, -6.500e-02, 1.106e+05, 0.000e+00, 4.385e-06, 0.000e+00, 2.009e+00, 9.983e+02, 1.926e-09
1.685e+00, 5.000e-01, -5.500e-02, 1.105e+05, 0.000e+00, 1.931e-06, 0.000e+00, 2.008e+00, 9.983e+02, 8.481e-10
1.685e+00, 5.000e-01, -4.500e-02, 1.104e+05, 0.000e+00, 8.253e-07, 0.000e+00, 2.006e+00, 9.983e+02, 3.625e-10
1.685e+00, 5.000e-01, -3.500e-02, 1.103e+05, 0.000e+00, 3.414e-07, 0.000e+00, 2.004e+00, 9.983e+02, 1.499e-10
1.685e+00, 5.000e-01, -2.500e-02, 1.102e+05, 0.000e+00, 1.367e-07, 0.000e+00, 2.002e+00, 9.983e+02, 6.005e-11
1.685e+00, 5.000e-01, -1.500e-02, 1.101e+05, 0.000e+00, 5.365e-08, 0.000e+00, 2.000e+00, 9.983e+02, 2.357e-11
1.685e+00, 5.000e-01, -5.000e-03, 1.100e+05, 0.000e+00, 2.160e-08, 0.000e+00, 1.999e+00, 9.983e+02, 9.488e-12
1.695e+00, 5.000e-01, -1.195e+00, 1.202e+05, 0.000e+00, 1.002e-13, 0.000e+00, 2.184e+00, 9.983e+02, 2.000e-17
1.695e+00, 5.000e-01, -1.185e+00, 1.201e+05, 0.000e+00, 1.002e-13, 0.000e+00, 2.182e+00, 9.983e+02, 2.000e-17
1.695e+00, 5.000e-01, -1.175e+00, 1.200e+05, 0.000e+00, 1.002e-13, 0.000e+00, 2.181e+00, 9.983e+02, 2.000e-17
1.695e+00, 5.000e-01, -1.165e+00, 1.199e+05, 0.000e+00, 1.002e-13, 0.000e+00, 2.179e+00, 9.983e+02, 2.000e-17
1.695e+00, 5.000e-01, -1.155e+00, 1.198e+05, 0.000e+00, 1.002e-13, 0.000e+00, 2.177e+00, 9.983e+02, 2.000e-17
1.695e+00, 5.000e-01, -1.145e+00, 1.197e+05, 0.000e+00, 1.002e-13, 0.000e+00, 2.175e+00, 9.983e+02, 2.000e-17
1.695e+00, 5.000e-01, -1.135e+00, 1.196e+05, 0.000e+00, 1.002e-13, 0.000e+00, 2.173e+00, 9.983e+02, 2.000e-17
1.695e+00, 5.000e-01, -1.125e+00, 1.195e+05, 0.000e+00, 1.002e-13, 0.000e+00, 2.172e+00, 9.983e+02, 2.000e-17
1.695e+00, 5.000e-01, -1.115e+00, 1.194e+05, 0.000e+00, 1.002e-13, 0.000e+00, 2.170e+00, 9.983e+02, 2.000e-17
1.695e+00, 5.000e-01, -1.105e+00, 1.193e+05, 0.000e+00, 1.002e-13, 0.000e+00, 2.168e+00, 9.983e+02, 2.000e-17
1.695e+00, 5.000e-01, -1.095e+00, 1.192e+05, 0.000e+00, 1.002e-13, 0.000e+00, 2.166e+00, 9.983e+02, 2.000e-17
1.695e+00, 5.000e-01, -1.085e+00, 1.191e+05, 0.000e+00, 1.002e-13, 0.000e+00, 2.165e+00, 9.983e+02, 2.000e-17
1.695e+00, 5.000e-01, -1.075e+00, 1.190e+05, 0.000e+00, 2.481e-09, 0.000e+00, 2.163e+00, 9.983e+02, 1.025e-12
1.695e+00, 5.000e-01, -1.065e+00, 1.189e+05, 0.000e+00, 5.500e-04, 0.000e+00, 2.161e+00, 9.984e+02, 2.335e-07
1.695e+00, 5.000e-01, -1.055e+00, 1.188e+05, 0.000e+00, 5.457e-04, 0.000e+00, 2.159e+00, 9.984e+02, 2.343e-07
1.695e+00, 5.000e-01, -1.045e+00, 1.187e+05, 0.000e+00, 5.277e-04, 0.000e+00, 2.158e+00, 9.984e+02, 2.265e-07
1.695e+00, 5.000e-01, -1.035e+00, 1.186e+05, 0.000e+00, 4.976e-04, 0.000e+00, 2.156e+00, 9.984e+02, 2.136e-07
1.695e+00, 5.000e-01, -1.025e+00, 1.185e+05, 0.000e+00, 4.674e-04, 0.000e+00, 2.154e+00, 9.983e+02, 2.006e-07
1.695e+00, 5.000e-01, -1.015e+00, 1.185e+05, 0.000e+00, 4.412e-04, 0.000e+00, 2.152e+00, 9.983e+02, 1.894e-07
1.695e+00, 5.000e-01, -1.005e+00, 1.184e+05, 0.000e+00, 4.220e-04, 0.000e+00, 2.150e+00, 9.983e+02, 1.812e-07
1.695e+00, 5.000e-01, -9.950e-01, 1.183e+05, 0.000e+00, 4.121e-04, 0.000e+00, 2.149e+00, 9.983e+02, 1.769e-07
1.695e+00, 5.000e-01, -9.850e-01, 1.182e+05, 0.000e+00, 4.102e-04, 0.000e+00, 2.147e+00, 9.983e+02, 1.761e-07
1.695e+00, 5.000e-01, -9.750e-01, 1.181e+05, 0.000e+00, 4.120e-04, 0.000e+00, 2.145e+00, 9.983e+02, 1.769e-07
1.695e+00, 5.000e-01, -9.650e-01, 1.180e+05, 0.000e+00, 4.133e-04, 0.000e+00, 2.143e+00, 9.983e+02, 1.774e-07
1.695e+00, 5.000e-01, -9.550e-01, 1.179e+05, 0.000e+00, 4.097e-04, 0.000e+00, 2.141e+00, 9.983e+02, 1.759e-07
1.695e+00, 5.000e-01, -9.450e-01, 1.178e+05, 0.000e+00, 4.073e-04, 0.000e+00, 2.140e+00, 9.983e+02, 1.748e-07
1.695e+00, 5.000e-01, -9.350e-01, 1.177e+05, 0.000e+00, 4.098e-04, 0.000e+00, 2.138e+00, 9.983e+02, 1.759e-07
1.695e+00, 5.000e-01, -9.250e-01, 1.176e+05, 0.000e+00, 4.140e-04, 0.000e+00, 2.136e+00, 9.983e+02, 1.777e-07
1.695e+00, 5.000e-01, -9.150e-01, 1.175e+05, 0.000e+00, 4.170e-04, 0.000e+00, 2.134e+00, 9.983e+02, 1.790e-07
1.695e+00, 5.000e-01, -9.050e-01, 1.174e+05, 0.000e+00, 4.184e-04, 0.000e+00, 2.132e+00, 9.983e+02, 1.796e-07
1.695e+00, 5.000e-01, -8.950e-01, 1.173e+05, 0.000e+00, 4.199e-04, 0.000e+00, 2.131e+00, 9.983e+02, 1.802e-07
1.695e+00, 5.000e-01, -8.850e-01, 1.172e+05, 0.000e+00, 4.213e-04, 0.000e+00, 2.129e+00, 9.983e+02, 1.808e-07
1.695e+00, 5.000e-01, -8.750e-01, 1.171e+05, 0.000e+00, 4.229e-04, 0.000e+00, 2.127e+00, 9.983e+02, 1.816e-07
1.695e+00, 5.000e-01, -8.650e-01, 1.170e+05, 0.000e+00, 4.250e-04, 0.000e+00, 2.125e+00, 9.983e+02, 1.824e-07
1.695e+00, 5.000e-01, -8.550e-01, 1.169e+05, 0.000e+00, 4.272e-04, 0.000e+00, 2.124e+00, 9.983e+02, 1.834e-07
1.695e+00, 5.000e-01, -8.450e-01, 1.168e+05, 0.000e+00, 4.292e-04, 0.000e+00, 2.122e+00, 9.983e+02, 1.843e-07
1.695e+00, 5.000e-01, -8.350e-01, 1.167e+05, 0.000e+00, 4.305e-04, 0.000e+00, 2.120e+00, 9.983e+02, 1.848e-07
1.695e+00, 5.000e-01, -8.250e-01, 1.166e+05, 0.000e+00, 4.304e-04, 0.000e+00, 2.118e+00, 9.983e+02, 1.848e-07
1.695e+00, 5.000e-01, -8.150e-01, 1.165e+05, 0.000e+00, 4.296e-04, 0.000e+00, 2.116e+00, 9.983e+02, 1.844e-07
1.695e+00, 5.000e-01, -8.050e-01, 1.164e+05, 0.000e+00, 4.291e-04, 0.000e+00, 2.115e+00, 9.983e+02, 1.842e-07
1.695e+00, 5.000e-01, -7.950e-01, 1.163e+05, 0.000e+00, 4.300e-04, 0.000e+00, 2.113e+00, 9.983e+02, 1.846e-07
1.695e+00, 5.000e-01, -7.850e-01, 1.162e+05, 0.000e+00, 4.321e-04, 0.000e+00, 2.111e+00, 9.983e+02, 1.855e-07
1.695e+00, 5.000e-01, -7.750e-01, 1.161e+05, 0.000e+00, 4.344e-04, 0.000e+00, 2.109e+00, 9.983e+02, 1.865e-07
1.695e+00, 5.000e-01, -7.650e-01, 1.160e+05, 0.000e+00, 4.349e-04, 0.000e+00, 2.107e+00, 9.983e+02, 1.867e-07
1.695e+00, 5.000e-01, -7.550e-01, 1.159e+05, 0.000e+00, 4.322e-04, 0.000e+00, 2.106e+00, 9.983e+02, 1.855e-07
1.695e+00, 5.000e-01, -7.450e-01, 1.158e+05, 0.000e+00, 4.343e-04, 0.000e+00, 2.104e+00, 9.983e+02, 1.864e-07
1.695e+00, 5.000e-01, -7.350e-01, 1.157e+05, 6.749e-07, 5.092e-04, 0.000e+00, 2.102e+00, 9.984e+02, 2.186e-07
1.695e+00, 5.000e-01, -7.250e-01, 1.156e+05, 4.718e-01, 1.895e-03, 0.000e+00, 2.100e+00, 9.986e+02, 8.558e-07
1.695e+00, 5.000e-01, -7.150e-01, 1.156e+05, 8.683e-01, 1.895e-03, 0.000e+00, 2.100e+00, 9.986e+02, 8.914e-07
1.695e+00, 5.000e-01, -7.050e-01, 1.156e+05, 8.724e-01, 1.895e-03, 0.000e+00, 2.100e+00, 9.986e+02, 8.917e-07
1.695e+00, 5.000e-01, -6.950e-01, 1.156e+05, 8.738e-01, 1.895e-03, 0.000e+00, 2.100e+00, 9.986e+02, 8.918e-07
1.695e+00, 5.000e-01, -6.850e-01, 1.156e+05, 8.753e-01, 1.895e-03, 0.000e+00, 2.100e+00, 9.986e+02, 8.988e-07
1.695e+00, 5.000e-01, -6.750e-01, 1.166e+05, 0.000e+00, 3.831e-04, 0.000e+00, 2.119e+00, 9.983e+02, 1.683e-07
1.695e+00, 5.000e-01, -6.650e-01, 1.165e+05, 0.000e+00, 2.424e-04, 0.000e+00, 2.117e+00, 9.983e+02, 1.065e-07
1.695e+00, 5.000e-01, -6.550e-01, 1.164e+05, 0.000e+00, 1.455e-04, 0.000e+00, 2.115e+00, 9.983e+02, 6.390e-08
1.695e+00, 5.000e-01, -6.450e-01, 1.163e+05, 0.000e+00, 8.681e-05, 0.000e+00, 2.113e+00, 9.983e+02, 3.813e-08
1.695e+00, 5.000e-01, -6.350e-01, 1.162e+05, 0.000e+00, 6.097e-05, 0.000e+00, 2.111e+00, 9.983e+02, 2.678e-08
1.695e+00, 5.000e-01, -6.250e-01, 1.161e+05, 0.000e+00, 6.543e-05, 0.000e+00, 2.110e+00, 9.983e+02, 2.874e-08
1.695e+00, 5.000e-01, -6.150e-01, 1.160e+05, 0.000e+00, 1.017e-04, 0.000e+00, 2.108e+00, 9.983e+02, 4.467e-08
1.695e+00, 5.000e-01, -6.050e-01, 1.159e+05, 0.000e+00, 1.737e-04, 0.000e+00, 2.106e+00, 9.983e+02, 7.630e-08
1.695e+00, 5.000e-01, -5.950e-01, 1.158e+05, 0.000e+00, 2.828e-04, 0.000e+00, 2.104e+00, 9.983e+02, 1.242e-07
1.695e+00, 5.000e-01, -5.850e-01, 1.157e+05, 0.000e+00, 4.212e-04, 0.000e+00, 2.102e+00, 9.983e+02, 1.850e-07
1.695e+00, 5.000e-01, -5.750e-01, 1.156e+05, 0.000e+00, 5.679e-04, 0.000e+00, 2.101e+00, 9.984e+02, 2.495e-07
1.695e+00, 5.000e-01, -5.650e-01, 1.155e+05, 0.000e+00, 6.927e-04, 0.000e+00, 2.099e+00, 9.984e+02, 3.043e-07
1.695e+00, 5.000e-01, -5.550e-01, 1.140e+05, 0.000e+00, 7.676e-04, 0.000e+00, 2.070e+00, 9.984e+02, 3.422e-07
1.695e+00, 5.000e-01, -5.450e-01, 1.139e+05, 0.000e+00, 7.831e-04, 0.000e+00, 2.068e+00, 9.984e+02, 3.519e-07
1.695e+00, 5.000e-01, -5.350e-01, 1.138e+05, 0.000e+00, 7.529e-04, 0.000e+00, 2.067e+00, 9.984e+02, 3.382e-07
1.695e+00, 5.000e-01, -5.250e-01, 1.137e+05, 0.000e+00, 7.023e-04, 0.000e+00, 2.065e+00, 9.984e+02, 3.155e-07
1.695e+00, 5.000e-01, -5.150e-01, 1.136e+05, 0.000e+00, 6.543e-04, 0.000e+00, 2.063e+00, 9.984e+02, 2.940e-07
1.695e+00, 5.000e-01, -5.050e-01, 1.135e+05, 0.000e+00, 6.262e-04, 0.000e+00, 2.061e+00, 9.984e+02, 2.813e-07
1.695e+00, 5.000e-01, -4.950e-01, 1.134e+05, 0.000e+00, 6.304e-04, 0.000e+00, 2.059e+00, 9.984e+02, 2.715e-07
1.695e+00, 5.000e-01, -4.850e-01, 1.133e+05, 0.000e+00, 6.438e-04, 0.000e+00, 2.057e+00, 9.984e+02, 2.764e-07
1.695e+00, 5.000e-01, -4.750e-01, 1.132e+05, 0.000e+00, 6.503e-04, 0.000e+00, 2.056e+00, 9.984e+02, 2.792e-07
1.695e+00, 5.000e-01, -4.650e-01, 1.131e+05, 0.000e+00, 6.507e-04, 0.000e+00, 2.054e+00, 9.984e+02, 2.793e-07
1.695e+00, 5.000e-01, -4.550e-01, 1.130e+05, 0.000e+00, 6.467e-04, 0.000e+00, 2.052e+00, 9.984e+02, 2.776e-07
1.695e+00, 5.000e-01, -4.450e-01, 1.129e+05, 0.000e+00, 6.395e-04, 0.000e+00, 2.050e+00, 9.984e+02, 2.745e-07
1.695e+00, 5.000e-01, -4.350e-01, 1.128e+05, 0.000e+00, 6.288e-04, 0.000e+00, 2.048e+00, 9.984e+02, 2.699e-07
1.695e+00, 5.000e-01, -4.250e-01, 1.127e+05, 0.000e+00, 6.137e-04, 0.000e+00, 2.047e+00, 9.984e+02, 2.635e-07
1.695e+00, 5.000e-01, -4.150e-01, 1.126e+05, 0.000e+00, 5.926e-04, 0.000e+00, 2.045e+00, 9.984e+02, 2.544e-07
1.695e+00, 5.000e-01, -4.050e-01, 1.125e+05, 0.000e+00, 5.651e-04, 0.000e+00, 2.043e+00, 9.984e+02, 2.426e-07
1.695e+00, 5.000e-01, -3.950e-01, 1.124e+05, 0.000e+00, 5.468e-04, 0.000e+00, 2.041e+00, 9.984e+02, 2.347e-07
1.695e+00, 5.000e-01, -3.850e-01, 1.123e+05, 0.000e+00, 5.603e-04, 0.000e+00, 2.039e+00, 9.984e+02, 2.405e-07
1.695e+00, 5.000e-01, -3.750e-01, 1.122e+05, 0.000e+00, 5.867e-04, 0.000e+00, 2.038e+00, 9.984e+02, 2.519e-07
1.695e+00, 5.000e-01, -3.650e-01, 1.121e+05, 0.000e+00, 6.015e-04, 0.000e+00, 2.036e+00, 9.984e+02, 2.590e-07
1.695e+00, 5.000e-01, -3.550e-01, 1.120e+05, 0.000e+00, 6.065e-04, 0.000e+00, 2.034e+00, 9.984e+02, 2.725e-07
1.695e+00, 5.000e-01, -3.450e-01, 1.119e+05, 0.000e+00, 6.025e-04, 0.000e+00, 2.033e+00, 9.984e+02, 2.707e-07
1.695e+00, 5.000e-01, -3.350e-01, 1.118e+05, 0.000e+00, 5.909e-04, 0.000e+00, 2.031e+00, 9.984e+02, 2.655e-07
1.695e+00, 5.000e-01, -3.250e-01, 1.117e+05, 0.000e+00, 5.737e-04, 0.000e+00, 2.029e+00, 9.984e+02, 2.578e-07
1.695e+00, 5.000e-01, -3.150e-01, 1.116e+05, 0.000e+00, 5.598e-04, 0.000e+00, 2.027e+00, 9.984e+02, 2.515e-07
1.695e+00, 5.000e-01, -3.050e-01, 1.115e+05, 0.000e+00, 5.506e-04, 0.000e+00, 2.025e+00, 9.984e+02, 2.474e-07
1.695e+00, 5.000e-01, -2.950e-01, 1.114e+05, 0.000e+00, 5.431e-04, 0.000e+00, 2.024e+00, 9.984e+02, 2.440e-07
1.695e+00, 5.000e-01, -2.850e-01, 1.113e+05, 0.000e+00, 5.305e-04, 0.000e+00, 2.022e+00, 9.984e+02, 2.383e-07
1.695e+00, 5.000e-01, -2.750e-01, 1.112e+05, 0.000e+00, 5.094e-04, 0.000e+00, 2.020e+00, 9.984e+02, 2.270e-07
1.695e+00, 5.000e-01, -2.650e-01, 1.112e+05, 0.000e+00, 4.830e-04, 0.000e+00, 2.020e+00, 9.983e+02, 2.122e-07
1.695e+00, 5.000e-01, -2.550e-01, 1.111e+05, 0.000e+00, 4.514e-04, 0.000e+00, 2.018e+00, 9.983e+02, 1.983e-07
1.695e+00, 5.000e-01, -2.450e-01, 1.110e+05, 0.000e+00, 4.152e-04, 0.000e+00, 2.016e+00, 9.983e+02, 1.824e-07
1.695e+00, 5.000e-01, -2.350e-01, 1.109e+05, 0.000e+00, 3.748e-04, 0.000e+00, 2.014e+00, 9.983e+02, 1.646e-07
1.695e+00, 5.000e-01, -2.250e-01, 1.108e+05, 0.000e+00, 3.311e-04, 0.000e+00, 2.012e+00, 9.983e+02, 1.454e-07
1.695e+00, 5.000e-01, -2.150e-01, 1.107e+05, 0.000e+00, 2.856e-04, 0.000e+00, 2.011e+00, 9.983e+02, 1.255e-07
1.695e+00, 5.000e-01, -2.050e-01, 1.106e+05, 0.000e+00, 2.417e-04, 0.000e+00, 2.009e+00, 9.983e+02, 1.058e-07
1.695e+00, 5.000e-01, -1.950e-01, 1.107e+05, 0.000e+00, 2.030e-04, 0.000e+00, 2.011e+00, 9.983e+02, 8.715e-08
1.695e+00, 5.000e-01, -1.850e-01, 1.106e+05, 0.000e+00, 1.693e-04, 0.000e+00, 2.009e+00, 9.983e+02, 7.266e-08
1.695e+00, 5.000e-01, -1.750e-01, 1.105e+05, 0.000e+00, 1.466e-04, 0.000e+00, 2.007e+00, 9.983e+02, 6.294e-08
1.695e+00, 5.000e-01, -1.650e-01, 1.104e+05, 0.000e+00, 1.441e-04, 0.000e+00, 2.005e+00, 9.983e+02, 6.184e-08
1.695e+00, 5.000e-01, -1.550e-01, 1.103e+05, 0.000e+00, 1.705e-04, 0.000e+00, 2.004e+00, 9.983e+02, 7.321e-08
1.695e+00, 5.000e-01, -1.450e-01, 1.102e+05, 0.000e+00, 2.196e-04, 0.000e+00, 2.002e+00, 9.983e+02, 9.425e-08
1.695e+00, 5.000e-01, -1.350e-01, 1.101e+05, 0.000e+00, 2.364e-04, 0.000e+00, 2.000e+00, 9.983e+02, 1.015e-07
1.695e+00, 5.000e-01, -1.250e-01, 1.112e+05, 0.000e+00, 1.953e-04, 0.000e+00, 2.020e+00, 9.983e+02, 8.534e-08
1.695e+00, 5.000e-01, -1.150e-01, 1.111e+05, 0.000e+00, 1.333e-04, 0.000e+00, 2.018e+00, 9.983e+02, 5.853e-08
1.695e+00, 5.000e-01, -1.050e-01, 1.110e+05, 0.000e+00, 7.853e-05, 0.000e+00, 2.017e+00, 9.983e+02, 3.450e-08
1.695e+00, 5.000e-01, -9.500e-02, 1.109e+05, 0.000e+00, 4.167e-05, 0.000e+00, 2.015e+00, 9.983e+02, 1.830e-08
1.695e+00, 5.000e-01, -8.500e-02, 1.108e+05, 0.000e+00, 2.062e-05, 0.000e+00, 2.013e+00, 9.983e+02, 9.058e-09
1.695e+00, 5.000e-01, -7.500e-02, 1.107e+05, 0.000e+00, 9.762e-06, 0.000e+00, 2.011e+00, 9.983e+02, 4.288e-09
1.695e+00, 5.000e-01, -6.500e-02, 1.106e+05, 0.000e+00, 4.477e-06, 0.000e+00, 2.009e+00, 9.983e+02, 1.966e-09
1.695e+00, 5.000e-01, -5.500e-02, 1.105e+05, 0.000e+00, 1.995e-06, 0.000e+00, 2.008e+00, 9.983e+02, 8.763e-10
1.695e+00, 5.000e-01, -4.500e-02, 1.104e+05, 0.000e+00, 8.620e-07, 0.000e+00, 2.006e+00, 9.983e+02, 3.786e-10
1.695e+00, 5.000e-01, -3.500e-02, 1.103e+05, 0.000e+00, 3.599e-07, 0.000e+00, 2.004e+00, 9.983e+02, 1.581e-10
1.695e+00, 5.000e-01, -2.500e-02, 1.102e+05, 0.000e+00, 1.453e-07, 0.000e+00, 2.002e+00, 9.983e+02, 6.383e-11
1.695e+00, 5.000e-01, -1.500e-02, 1.101e+05, 0.000e+00, 5.740e-08, 0.000e+00, 2.000e+00, 9.983e+02, 2.521e-11
1.695e+00, 5.000e-01, -5.000e-03, 1.100e+05, 0.000e+00, 2.317e-08, 0.000e+00, 1.999e+00, 9.983e+02, 1.018e-11
1.705e+00, 5.000e-01, -1.195e+00, 1.202e+05, 0.000e+00, 1.002e-13, 0.000e+00, 2.184e+00, 9.983e+02, 2.000e-17
1.705e+00, 5.000e-01, -1.185e+00, 1.201e+05, 0.000e+00, 1.002e-13, 0.000e+00, 2.182e+00, 9.983e+02, 2.000e-17
1.705e+00, 5.000e-01, -1.175e+00, 1.200e+05, 0.000e+00, 1.002e-13, 0.000e+00, 2.181e+00, 9.983e+02, 2.000e-17
1.705e+00, 5.000e-01, -1.165e+00, 1.199e+05, 0.000e+00, 1.002e-13, 0.000e+00, 2.179e+00, 9.983e+02, 2.000e-17
1.705e+00, 5.000e-01, -1.155e+00, 1.198e+05, 0.000e+00, 1.002e-13, 0.000e+00, 2.177e+00, 9.983e+02, 2.000e-17
1.705e+00, 5.000e-01, -1.145e+00, 1.197e+05, 0.000e+00, 1.002e-13, 0.000e+00, 2.175e+00, 9.983e+02, 2.000e-17
1.705e+00, 5.000e-01, -1.135e+00, 1.196e+05, 0.000e+00, 1.002e-13, 0.000e+00, 2.173e+00, 9.983e+02, 2.000e-17
1.705e+00, 5.000e-01, -1.125e+00, 1.195e+05, 0.000e+00, 1.002e-13, 0.000e+00, 2.172e+00, 9.983e+02, 2.000e-17
1.705e+00, 5.000e-01, -1.115e+00, 1.194e+05, 0.000e+00, 1.002e-13, 0.000e+00, 2.170e+00, 9.983e+02, 2.000e-17
1.705e+00, 5.000e-01, -1.105e+00, 1.193e+05, 0.000e+00, 1.002e-13, 0.000e+00, 2.168e+00, 9.983e+02, 2.000e-17
1.705e+00, 5.000e-01, -1.095e+00, 1.192e+05, 0.000e+00, 1.002e-13, 0.000e+00, 2.166e+00, 9.983e+02, 2.000e-17
1.705e+00, 5.000e-01, -1.085e+00, 1.191e+05, 0.000e+00, 1.002e-13, 0.000e+00, 2.165e+00, 9.983e+02, 2.000e-17
1.705e+00, 5.000e-01, -1.075e+00, 1.190e+05, 0.000e+00, 2.628e-09, 0.000e+00, 2.163e+00, 9.983e+02, 1.117e-12
1.705e+00, 5.000e-01, -1.065e+00, 1.189e+05, 0.000e+00, 5.623e-04, 0.000e+00, 2.161e+00, 9.984e+02, 2.414e-07
1.705e+00, 5.000e-01, -1.055e+00, 1.188e+05, 0.000e+00, 5.551e-04, 0.000e+00, 2.159e+00, 9.984e+02, 2.383e-07
1.705e+00, 5.000e-01, -1.045e+00, 1.187e+05, 0.000e+00, 5.391e-04, 0.000e+00, 2.158e+00, 9.984e+02, 2.314e-07
1.705e+00, 5.000e-01, -1.035e+00, 1.186e+05, 0.000e+00, 5.147e-04, 0.000e+00, 2.156e+00, 9.984e+02, 2.210e-07
1.705e+00, 5.000e-01, -1.025e+00, 1.185e+05, 0.000e+00, 4.825e-04, 0.000e+00, 2.154e+00, 9.984e+02, 2.071e-07
1.705e+00, 5.000e-01, -1.015e+00, 1.185e+05, 0.000e+00, 4.535e-04, 0.000e+00, 2.152e+00, 9.983e+02, 1.947e-07
1.705e+00, 5.000e-01, -1.005e+00, 1.184e+05, 0.000e+00, 4.305e-04, 0.000e+00, 2.150e+00, 9.983e+02, 1.848e-07
1.705e+00, 5.000e-01, -9.950e-01, 1.183e+05, 0.000e+00, 4.152e-04, 0.000e+00, 2.149e+00, 9.983e+02, 1.782e-07
1.705e+00, 5.000e-01, -9.850e-01, 1.182e+05, 0.000e+00, 4.069e-04, 0.000e+00, 2.147e+00, 9.983e+02, 1.747e-07
1.705e+00, 5.000e-01, -9.750e-01, 1.181e+05, 0.000e+00, 4.025e-04, 0.000e+00, 2.145e+00, 9.983e+02, 1.728e-07
1.705e+00, 5.000e-01, -9.650e-01, 1.180e+05, 0.000e+00, 3.980e-04, 0.000e+00, 2.143e+00, 9.983e+02, 1.709e-07
1.705e+00, 5.000e-01, -9.550e-01, 1.179e+05, 0.000e+00, 3.954e-04, 0.000e+00, 2.141e+00, 9.983e+02, 1.697e-07
1.705e+00, 5.000e-01, -9.450e-01, 1.178e+05, 0.000e+00, 4.073e-04, 0.000e+00, 2.140e+00, 9.983e+02, 1.748e-07
1.705e+00, 5.000e-01, -9.350e-01, 1.177e+05, 0.000e+00, 4.284e-04, 0.000e+00, 2.138e+00, 9.983e+02, 1.839e-07
1.705e+00, 5.000e-01, -9.250e-01, 1.176e+05, 0.000e+00, 4.461e-04, 0.000e+00, 2.136e+00, 9.983e+02, 1.915e-07
1.705e+00, 5.000e-01, -9.150e-01, 1.175e+05, 0.000e+00, 4.572e-04, 0.000e+00, 2.134e+00, 9.983e+02, 1.963e-07
1.705e+00, 5.000e-01, -9.050e-01, 1.174e+05, 0.000e+00, 4.620e-04, 0.000e+00, 2.132e+00, 9.983e+02, 1.983e-07
1.705e+00, 5.000e-01, -8.950e-01, 1.173e+05, 0.000e+00, 4.634e-04, 0.000e+00, 2.131e+00, 9.983e+02, 1.989e-07
1.705e+00, 5.000e-01, -8.850e-01, 1.172e+05, 0.000e+00, 4.629e-04, 0.000e+00, 2.129e+00, 9.983e+02, 1.987e-07
1.705e+00, 5.000e-01, -8.750e-01, 1.171e+05, 0.000e+00, 4.623e-04, 0.000e+00, 2.127e+00, 9.983e+02, 1.985e-07
1.705e+00, 5.000e-01, -8.650e-01, 1.170e+05, 0.000e+00, 4.621e-04, 0.000e+00, 2.125e+00, 9.983e+02, 1.984e-07
1.705e+00, 5.000e-01, -8.550e-01, 1.169e+05, 0.000e+00, 4.628e-04, 0.000e+00, 2.124e+00, 9.983e+02, 1.987e-07
1.705e+00, 5.000e-01, -8.450e-01, 1.168e+05, 0.000e+00, 4.643e-04, 0.000e+00, 2.122e+00, 9.983e+02, 1.993e-07
1.705e+00, 5.000e-01, -8.350e-01, 1.167e+05, 0.000e+00, 4.668e-04, 0.000e+00, 2.120e+00, 9.983e+02, 2.004e-07
1.705e+00, 5.000e-01, -8.250e-01, 1.166e+05, 0.000e+00, 4.707e-04, 0.000e+00, 2.118e+00, 9.983e+02, 2.020e-07
1.705e+00, 5.000e-01, -8.150e-01, 1.165e+05, 0.000e+00, 4.760e-04, 0.000e+00, 2.116e+00, 9.983e+02, 2.043e-07
1.705e+00, 5.000e-01, -8.050e-01, 1.164e+05, 0.000e+00, 4.819e-04, 0.000e+00, 2.115e+00, 9.984e+02, 2.069e-07
1.705e+00, 5.000e-01, -7.950e-01, 1.163e+05, 0.000e+00, 4.861e-04, 0.000e+00, 2.113e+00, 9.984e+02, 2.087e-07
1.705e+00, 5.000e-01, -7.850e-01, 1.162e+05, 0.000e+00, 4.862e-04, 0.000e+00, 2.111e+00, 9.984e+02, 2.087e-07
1.705e+00, 5.000e-01, -7.750e-01, 1.161e+05, 0.000e+00, 4.812e-04, 0.000e+00, 2.109e+00, 9.983e+02, 2.066e-07
1.705e+00, 5.000e-01, -7.650e-01, 1.160e+05, 0.000e+00, 4.716e-04, 0.000e+00, 2.107e+00, 9.983e+02, 2.024e-07
1.705e+00, 5.000e-01, -7.550e-01, 1.159e+05, 0.000e+00, 4.598e-04, 0.000e+00, 2.106e+00, 9.983e+02, 1.974e-07
1.705e+00, 5.000e-01, -7.450e-01, 1.158e+05, 0.000e+00, 4.587e-04, 0.000e+00, 2.104e+00, 9.983e+02, 1.969e-07
1.705e+00, 5.000e-01, -7.350e-01, 1.157e+05, 6.750e-07, 5.371e-04, 0.000e+00, 2.102e+00, 9.984e+02, 2.306e-07
1.705e+00, 5.000e-01, -7.250e-01, 1.156e+05, 4.719e-01, 1.895e-03, 0.000e+00, 2.100e+00, 9.986e+02, 8.558e-07
1.705e+00, 5.000e-01, -7.150e-01, 1.156e+05, 8.683e-01, 1.895e-03, 0.000e+00, 2.100e+00, 9.986e+02, 8.914e-07
1.705e+00, 5.000e-01, -7.050e-01, 1.156e+05, 8.724e-01, 1.895e-03, 0.000e+00, 2.100e+00, 9.986e+02, 8.917e-07
1.705e+00, 5.000e-01, -6.950e-01, 1.156e+05, 8.738e-01, 1.895e-03, 0.000e+00, 2.100e+00, 9.986e+02, 8.918e-07
1.705e+00, 5.000e-01, -6.850e-01, 1.156e+05, 8.753e-01, 1.895e-03, 0.000e+00, 2.100e+00, 9.986e+02, 8.977e-07
1.705e+00, 5.000e-01, -6.750e-01, 1.166e+05, 0.000e+00, 3.815e-04, 0.000e+00, 2.119e+00, 9.983e+02, 1.676e-07
1.705e+00, 5.000e-01, -6.650e-01, 1.165e+05, 0.000e+00, 2.406e-04, 0.000e+00, 2.117e+00, 9.983e+02, 1.057e-07
1.705e+00, 5.000e-01, -6.550e-01, 1.164e+05, 0.000e+00, 1.435e-04, 0.000e+00, 2.115e+00, 9.983e+02, 6.304e-08
1.705e+00, 5.000e-01, -6.450e-01, 1.163e+05, 0.000e+00, 8.478e-05, 0.000e+00, 2.113e+00, 9.983e+02, 3.724e-08
1.705e+00, 5.000e-01, -6.350e-01, 1.162e+05, 0.000e+00, 5.866e-05, 0.000e+00, 2.111e+00, 9.983e+02, 2.576e-08
1.705e+00, 5.000e-01, -6.250e-01, 1.161e+05, 0.000e+00, 6.226e-05, 0.000e+00, 2.110e+00, 9.983e+02, 2.735e-08
1.705e+00, 5.000e-01, -6.150e-01, 1.160e+05, 0.000e+00, 9.694e-05, 0.000e+00, 2.108e+00, 9.983e+02, 4.258e-08
1.705e+00, 5.000e-01, -6.050e-01, 1.159e+05, 0.000e+00, 1.668e-04, 0.000e+00, 2.106e+00, 9.983e+02, 7.327e-08
1.705e+00, 5.000e-01, -5.950e-01, 1.158e+05, 0.000e+00, 2.739e-04, 0.000e+00, 2.104e+00, 9.983e+02, 1.203e-07
1.705e+00, 5.000e-01, -5.850e-01, 1.157e+05, 0.000e+00, 4.115e-04, 0.000e+00, 2.102e+00, 9.983e+02, 1.807e-07
1.705e+00, 5.000e-01, -5.750e-01, 1.156e+05, 0.000e+00, 5.594e-04, 0.000e+00, 2.101e+00, 9.984e+02, 2.457e-07
1.705e+00, 5.000e-01, -5.650e-01, 1.155e+05, 0.000e+00, 6.872e-04, 0.000e+00, 2.099e+00, 9.984e+02, 3.019e-07
1.705e+00, 5.000e-01, -5.550e-01, 1.140e+05, 0.000e+00, 7.655e-04, 0.000e+00, 2.070e+00, 9.984e+02, 3.410e-07
1.705e+00, 5.000e-01, -5.450e-01, 1.139e+05, 0.000e+00, 7.832e-04, 0.000e+00, 2.068e+00, 9.984e+02, 3.519e-07
1.705e+00, 5.000e-01, -5.350e-01, 1.138e+05, 0.000e+00, 7.528e-04, 0.000e+00, 2.067e+00, 9.984e+02, 3.382e-07
1.705e+00, 5.000e-01, -5.250e-01, 1.137e+05, 0.000e+00, 7.000e-04, 0.000e+00, 2.065e+00, 9.984e+02, 3.145e-07
1.705e+00, 5.000e-01, -5.150e-01, 1.136e+05, 0.000e+00, 6.510e-04, 0.000e+00, 2.063e+00, 9.984e+02, 2.925e-07
1.705e+00, 5.000e-01, -5.050e-01, 1.135e+05, 0.000e+00, 6.278e-04, 0.000e+00, 2.061e+00, 9.984e+02, 2.821e-07
1.705e+00, 5.000e-01, -4.950e-01, 1.134e+05, 0.000e+00, 6.386e-04, 0.000e+00, 2.059e+00, 9.984e+02, 2.757e-07
1.705e+00, 5.000e-01, -4.850e-01, 1.133e+05, 0.000e+00, 6.540e-04, 0.000e+00, 2.057e+00, 9.984e+02, 2.808e-07
1.705e+00, 5.000e-01, -4.750e-01, 1.132e+05, 0.000e+00, 6.607e-04, 0.000e+00, 2.056e+00, 9.984e+02, 2.836e-07
1.705e+00, 5.000e-01, -4.650e-01, 1.131e+05, 0.000e+00, 6.611e-04, 0.000e+00, 2.054e+00, 9.984e+02, 2.838e-07
1.705e+00, 5.000e-01, -4.550e-01, 1.130e+05, 0.000e+00, 6.579e-04, 0.000e+00, 2.052e+00, 9.984e+02, 2.824e-07
1.705e+00, 5.000e-01, -4.450e-01, 1.129e+05, 0.000e+00, 6.521e-04, 0.000e+00, 2.050e+00, 9.984e+02, 2.799e-07
1.705e+00, 5.000e-01, -4.350e-01, 1.128e+05, 0.000e+00, 6.436e-04, 0.000e+00, 2.048e+00, 9.984e+02, 2.763e-07
1.705e+00, 5.000e-01, -4.250e-01, 1.127e+05, 0.000e+00, 6.314e-04, 0.000e+00, 2.047e+00, 9.984e+02, 2.711e-07
1.705e+00, 5.000e-01, -4.150e-01, 1.126e+05, 0.000e+00, 6.137e-04, 0.000e+00, 2.045e+00, 9.984e+02, 2.635e-07
1.705e+00, 5.000e-01, -4.050e-01, 1.125e+05, 0.000e+00, 5.886e-04, 0.000e+00, 2.043e+00, 9.984e+02, 2.527e-07
1.705e+00, 5.000e-01, -3.950e-01, 1.124e+05, 0.000e+00, 5.560e-04, 0.000e+00, 2.041e+00, 9.984e+02, 2.387e-07
1.705e+00, 5.000e-01, -3.850e-01, 1.123e+05, 0.000e+00, 5.484e-04, 0.000e+00, 2.039e+00, 9.984e+02, 2.354e-07
1.705e+00, 5.000e-01, -3.750e-01, 1.122e+05, 0.000e+00, 5.671e-04, 0.000e+00, 2.038e+00, 9.984e+02, 2.434e-07
1.705e+00, 5.000e-01, -3.650e-01, 1.121e+05, 0.000e+00, 5.902e-04, 0.000e+00, 2.036e+00, 9.984e+02, 2.536e-07
1.705e+00, 5.000e-01, -3.550e-01, 1.120e+05, 0.000e+00, 6.026e-04, 0.000e+00, 2.034e+00, 9.984e+02, 2.707e-07
1.705e+00, 5.000e-01, -3.450e-01, 1.119e+05, 0.000e+00, 6.085e-04, 0.000e+00, 2.033e+00, 9.984e+02, 2.734e-07
1.705e+00, 5.000e-01, -3.350e-01, 1.118e+05, 0.000e+00, 6.070e-04, 0.000e+00, 2.031e+00, 9.984e+02, 2.727e-07
1.705e+00, 5.000e-01, -3.250e-01, 1.117e+05, 0.000e+00, 5.987e-04, 0.000e+00, 2.029e+00, 9.984e+02, 2.690e-07
1.705e+00, 5.000e-01, -3.150e-01, 1.116e+05, 0.000e+00, 5.854e-04, 0.000e+00, 2.027e+00, 9.984e+02, 2.630e-07
1.705e+00, 5.000e-01, -3.050e-01, 1.115e+05, 0.000e+00, 5.715e-04, 0.000e+00, 2.025e+00, 9.984e+02, 2.568e-07
1.705e+00, 5.000e-01, -2.950e-01, 1.114e+05, 0.000e+00, 5.578e-04, 0.000e+00, 2.024e+00, 9.984e+02, 2.506e-07
1.705e+00, 5.000e-01, -2.850e-01, 1.113e+05, 0.000e+00, 5.419e-04, 0.000e+00, 2.022e+00, 9.984e+02, 2.435e-07
1.705e+00, 5.000e-01, -2.750e-01, 1.112e+05, 0.000e+00, 5.210e-04, 0.000e+00, 2.020e+00, 9.984e+02, 2.326e-07
1.705e+00, 5.000e-01, -2.650e-01, 1.112e+05, 0.000e+00, 4.973e-04, 0.000e+00, 2.020e+00, 9.984e+02, 2.184e-07
1.705e+00, 5.000e-01, -2.550e-01, 1.111e+05, 0.000e+00, 4.670e-04, 0.000e+00, 2.018e+00, 9.983e+02, 2.051e-07
1.705e+00, 5.000e-01, -2.450e-01, 1.110e+05, 0.000e+00, 4.305e-04, 0.000e+00, 2.016e+00, 9.983e+02, 1.891e-07
1.705e+00, 5.000e-01, -2.350e-01, 1.109e+05, 0.000e+00, 3.893e-04, 0.000e+00, 2.014e+00, 9.983e+02, 1.710e-07
1.705e+00, 5.000e-01, -2.250e-01, 1.108e+05, 0.000e+00, 3.449e-04, 0.000e+00, 2.012e+00, 9.983e+02, 1.515e-07
1.705e+00, 5.000e-01, -2.150e-01, 1.107e+05, 0.000e+00, 2.991e-04, 0.000e+00, 2.011e+00, 9.983e+02, 1.314e-07
1.705e+00, 5.000e-01, -2.050e-01, 1.106e+05, 0.000e+00, 2.555e-04, 0.000e+00, 2.009e+00, 9.983e+02, 1.121e-07
1.705e+00, 5.000e-01, -1.950e-01, 1.107e+05, 0.000e+00, 2.194e-04, 0.000e+00, 2.011e+00, 9.983e+02, 9.419e-08
1.705e+00, 5.000e-01, -1.850e-01, 1.106e+05, 0.000e+00, 1.861e-04, 0.000e+00, 2.009e+00, 9.983e+02, 7.987e-08
1.705e+00, 5.000e-01, -1.750e-01, 1.105e+05, 0.000e+00, 1.612e-04, 0.000e+00, 2.007e+00, 9.983e+02, 6.920e-08
1.705e+00, 5.000e-01, -1.650e-01, 1.104e+05, 0.000e+00, 1.544e-04, 0.000e+00, 2.005e+00, 9.983e+02, 6.627e-08
1.705e+00, 5.000e-01, -1.550e-01, 1.103e+05, 0.000e+00, 1.767e-04, 0.000e+00, 2.004e+00, 9.983e+02, 7.583e-08
1.705e+00, 5.000e-01, -1.450e-01, 1.102e+05, 0.000e+00, 2.216e-04, 0.000e+00, 2.002e+00, 9.983e+02, 9.514e-08
1.705e+00, 5.000e-01, -1.350e-01, 1.101e+05, 0.000e+00, 2.354e-04, 0.000e+00, 2.000e+00, 9.983e+02, 1.010e-07
1.705e+00, 5.000e-01, -1.250e-01, 1.112e+05, 0.000e+00, 1.933e-04, 0.000e+00, 2.020e+00, 9.983e+02, 8.440e-08
1.705e+00, 5.000e-01, -1.150e-01, 1.111e+05, 0.000e+00, 1.314e-04, 0.000e+00, 2.018e+00, 9.983e+02, 5.773e-08
1.705e+00, 5.000e-01, -1.050e-01, 1.110e+05, 0.000e+00, 7.749e-05, 0.000e+00, 2.017e+00, 9.983e+02, 3.404e-08
1.705e+00, 5.000e-01, -9.500e-02, 1.109e+05, 0.000e+00, 4.131e-05, 0.000e+00, 2.015e+00, 9.983e+02, 1.814e-08
1.705e+00, 5.000e-01, -8.500e-02, 1.108e+05, 0.000e+00, 2.062e-05, 0.000e+00, 2.013e+00, 9.983e+02, 9.056e-09
1.705e+00, 5.000e-01, -7.500e-02, 1.107e+05, 0.000e+00, 9.864e-06, 0.000e+00, 2.011e+00, 9.983e+02, 4.333e-09
1.705e+00, 5.000e-01, -6.500e-02, 1.106e+05, 0.000e+00, 4.575e-06, 0.000e+00, 2.009e+00, 9.983e+02, 2.010e-09
1.705e+00, 5.000e-01, -5.500e-02, 1.105e+05, 0.000e+00, 2.061e-06, 0.000e+00, 2.008e+00, 9.983e+02, 9.051e-10
1.705e+00, 5.000e-01, -4.500e-02, 1.104e+05, 0.000e+00, 8.988e-07, 0.000e+00, 2.006e+00, 9.983e+02, 3.948e-10
1.705e+00, 5.000e-01, -3.500e-02, 1.103e+05, 0.000e+00, 3.784e-07, 0.000e+00, 2.004e+00, 9.983e+02, 1.662e-10
1.705e+00, 5.000e-01, -2.500e-02, 1.102e+05, 0.000e+00, 1.538e-07, 0.000e+00, 2.002e+00, 9.983e+02, 6.757e-11
1.705e+00, 5.000e-01, -1.500e-02, 1.101e+05, 0.000e+00, 6.108e-08, 0.000e+00, 2.000e+00, 9.983e+02, 2.683e-11
1.705e+00, 5.000e-01, -5.000e-03, 1.100e+05, 0.000e+00, 2.469e-08, 0.000e+00, 1.999e+00, 9.983e+02, 1.085e-11
1.715e+00, 5.000e-01, -1.195e+00, 1.202e+05, 0.000e+00, 1.002e-13, 0.000e+00, 2.184e+00, 9.983e+02, 2.000e-17
1.715e+00, 5.000e-01, -1.185e+00, 1.201e+05, 0.000e+00, 1.002e-13, 0.000e+00, 2.182e+00, 9.983e+02, 2.000e-17
1.715e+00, 5.000e-01, -1.175e+00, 1.200e+05, 0.000e+00, 1.002e-13, 0.000e+00, 2.181e+00, 9.983e+02, 2.000e-17
1.715e+00, 5.000e-01, -1.165e+00, 1.199e+05, 0.000e+00, 1.002e-13, 0.000e+00, 2.179e+00, 9.983e+02, 2.000e-17
1.715e+00, 5.000e-01, -1.155e+00, 1.198e+05, 0.000e+00, 1.002e-13, 0.000e+00, 2.177e+00, 9.983e+02, 2.000e-17
1.715e+00, 5.000e-01, -1.145e+00, 1.197e+05, 0.000e+00, 1.002e-13, 0.000e+00, 2.175e+00, 9.983e+02, 2.000e-17
1.715e+00, 5.000e-01, -1.135e+00, 1.196e+05, 0.000e+00, 1.002e-13, 0.000e+00, 2.173e+00, 9.983e+02, 2.000e-17
1.715e+00, 5.000e-01, -1.125e+00, 1.195e+05, 0.000e+00, 1.002e-13, 0.000e+00, 2.172e+00, 9.983e+02, 2.000e-17
1.715e+00, 5.000e-01, -1.115e+00, 1.194e+05, 0.000e+00, 1.002e-13, 0.000e+00, 2.170e+00, 9.983e+02, 2.000e-17
1.715e+00, 5.000e-01, -1.105e+00, 1.193e+05, 0.000e+00, 1.002e-13, 0.000e+00, 2.168e+00, 9.983e+02, 2.000e-17
1.715e+00, 5.000e-01, -1.095e+00, 1.192e+05, 0.000e+00, 1.002e-13, 0.000e+00, 2.166e+00, 9.983e+02, 2.000e-17
1.715e+00, 5.000e-01, -1.085e+00, 1.191e+05, 0.000e+00, 1.002e-13, 0.000e+00, 2.165e+00, 9.983e+02, 2.000e-17
1.715e+00, 5.000e-01, -1.075e+00, 1.190e+05, 0.000e+00, 2.710e-09, 0.000e+00, 2.163e+00, 9.983e+02, 1.164e-12
1.715e+00, 5.000e-01, -1.065e+00, 1.189e+05, 0.000e+00, 5.684e-04, 0.000e+00, 2.161e+00, 9.984e+02, 2.440e-07
1.715e+00, 5.000e-01, -1.055e+00, 1.188e+05, 0.000e+00, 5.604e-04, 0.000e+00, 2.159e+00, 9.984e+02, 2.406e-07
1.715e+00, 5.000e-01, -1.045e+00, 1.187e+05, 0.000e+00, 5.461e-04, 0.000e+00, 2.158e+00, 9.984e+02, 2.344e-07
1.715e+00, 5.000e-01, -1.035e+00, 1.186e+05, 0.000e+00, 5.263e-04, 0.000e+00, 2.156e+00, 9.984e+02, 2.259e-07
1.715e+00, 5.000e-01, -1.025e+00, 1.185e+05, 0.000e+00, 4.989e-04, 0.000e+00, 2.154e+00, 9.984e+02, 2.142e-07
1.715e+00, 5.000e-01, -1.015e+00, 1.185e+05, 0.000e+00, 4.680e-04, 0.000e+00, 2.152e+00, 9.983e+02, 2.009e-07
1.715e+00, 5.000e-01, -1.005e+00, 1.184e+05, 0.000e+00, 4.419e-04, 0.000e+00, 2.150e+00, 9.983e+02, 1.897e-07
1.715e+00, 5.000e-01, -9.950e-01, 1.183e+05, 0.000e+00, 4.224e-04, 0.000e+00, 2.149e+00, 9.983e+02, 1.813e-07
1.715e+00, 5.000e-01, -9.850e-01, 1.182e+05, 0.000e+00, 4.090e-04, 0.000e+00, 2.147e+00, 9.983e+02, 1.756e-07
1.715e+00, 5.000e-01, -9.750e-01, 1.181e+05, 0.000e+00, 3.998e-04, 0.000e+00, 2.145e+00, 9.983e+02, 1.716e-07
1.715e+00, 5.000e-01, -9.650e-01, 1.180e+05, 0.000e+00, 3.931e-04, 0.000e+00, 2.143e+00, 9.983e+02, 1.687e-07
1.715e+00, 5.000e-01, -9.550e-01, 1.179e+05, 0.000e+00, 4.078e-04, 0.000e+00, 2.141e+00, 9.983e+02, 1.751e-07
1.715e+00, 5.000e-01, -9.450e-01, 1.178e+05, 0.000e+00, 4.633e-04, 0.000e+00, 2.140e+00, 9.983e+02, 1.989e-07
1.715e+00, 5.000e-01, -9.350e-01, 1.177e+05, 0.000e+00, 5.179e-04, 0.000e+00, 2.138e+00, 9.984e+02, 2.223e-07
1.715e+00, 5.000e-01, -9.250e-01, 1.176e+05, 0.000e+00, 5.524e-04, 0.000e+00, 2.136e+00, 9.984e+02, 2.371e-07
1.715e+00, 5.000e-01, -9.150e-01, 1.175e+05, 0.000e+00, 5.745e-04, 0.000e+00, 2.134e+00, 9.984e+02, 2.466e-07
1.715e+00, 5.000e-01, -9.050e-01, 1.174e+05, 0.000e+00, 5.867e-04, 0.000e+00, 2.132e+00, 9.984e+02, 2.519e-07
1.715e+00, 5.000e-01, -8.950e-01, 1.173e+05, 0.000e+00, 5.862e-04, 0.000e+00, 2.131e+00, 9.984e+02, 2.517e-07
1.715e+00, 5.000e-01, -8.850e-01, 1.172e+05, 0.000e+00, 5.874e-04, 0.000e+00, 2.129e+00, 9.984e+02, 2.522e-07
1.715e+00, 5.000e-01, -8.750e-01, 1.171e+05, 0.000e+00, 5.862e-04, 0.000e+00, 2.127e+00, 9.984e+02, 2.516e-07
1.715e+00, 5.000e-01, -8.650e-01, 1.170e+05, 0.000e+00, 5.779e-04, 0.000e+00, 2.125e+00, 9.984e+02, 2.481e-07
1.715e+00, 5.000e-01, -8.550e-01, 1.169e+05, 0.000e+00, 5.702e-04, 0.000e+00, 2.124e+00, 9.984e+02, 2.448e-07
1.715e+00, 5.000e-01, -8.450e-01, 1.168e+05, 0.000e+00, 5.656e-04, 0.000e+00, 2.122e+00, 9.984e+02, 2.428e-07
1.715e+00, 5.000e-01, -8.350e-01, 1.167e+05, 0.000e+00, 5.640e-04, 0.000e+00, 2.120e+00, 9.984e+02, 2.421e-07
1.715e+00, 5.000e-01, -8.250e-01, 1.166e+05, 0.000e+00, 5.644e-04, 0.000e+00, 2.118e+00, 9.984e+02, 2.423e-07
1.715e+00, 5.000e-01, -8.150e-01, 1.165e+05, 0.000e+00, 5.650e-04, 0.000e+00, 2.116e+00, 9.984e+02, 2.425e-07
1.715e+00, 5.000e-01, -8.050e-01, 1.164e+05, 0.000e+00, 5.634e-04, 0.000e+00, 2.115e+00, 9.984e+02, 2.419e-07
1.715e+00, 5.000e-01, -7.950e-01, 1.163e+05, 0.000e+00, 5.581e-04, 0.000e+00, 2.113e+00, 9.984e+02, 2.396e-07
1.715e+00, 5.000e-01, -7.850e-01, 1.162e+05, 0.000e+00, 5.480e-04, 0.000e+00, 2.111e+00, 9.984e+02, 2.352e-07
1.715e+00, 5.000e-01, -7.750e-01, 1.161e+05, 0.000e+00, 5.326e-04, 0.000e+00, 2.109e+00, 9.984e+02, 2.286e-07
1.715e+00, 5.000e-01, -7.650e-01, 1.160e+05, 0.000e+00, 5.134e-04, 0.000e+00, 2.107e+00, 9.984e+02, 2.204e-07
1.715e+00, 5.000e-01, -7.550e-01, 1.159e+05, 0.000e+00, 4.976e-04, 0.000e+00, 2.106e+00, 9.984e+02, 2.136e-07
1.715e+00, 5.000e-01, -7.450e-01, 1.158e+05, 0.000e+00, 5.057e-04, 0.000e+00, 2.104e+00, 9.984e+02, 2.171e-07
1.715e+00, 5.000e-01, -7.350e-01, 1.157e+05, 6.750e-07, 5.934e-04, 0.000e+00, 2.102e+00, 9.984e+02, 2.548e-07
1.715e+00, 5.000e-01, -7.250e-01, 1.156e+05, 4.720e-01, 1.895e-03, 0.000e+00, 2.100e+00, 9.986e+02, 8.558e-07
1.715e+00, 5.000e-01, -7.150e-01, 1.156e+05, 8.683e-01, 1.895e-03, 0.000e+00, 2.100e+00, 9.986e+02, 8.914e-07
1.715e+00, 5.000e-01, -7.050e-01, 1.156e+05, 8.724e-01, 1.895e-03, 0.000e+00, 2.100e+00, 9.986e+02, 8.917e-07
1.715e+00, 5.000e-01, -6.950e-01, 1.156e+05, 8.738e-01, 1.895e-03, 0.000e+00, 2.100e+00, 9.986e+02, 8.918e-07
1.715e+00, 5.000e-01, -6.850e-01, 1.156e+05, 8.753e-01, 1.895e-03, 0.000e+00, 2.100e+00, 9.986e+02, 8.978e-07
1.715e+00, 5.000e-01, -6.750e-01, 1.166e+05, 0.000e+00, 3.793e-04, 0.000e+00, 2.119e+00, 9.983e+02, 1.666e-07
1.715e+00, 5.000e-01, -6.650e-01, 1.165e+05, 0.000e+00, 2.385e-04, 0.000e+00, 2.117e+00, 9.983e+02, 1.048e-07
1.715e+00, 5.000e-01, -6.550e-01, 1.164e+05, 0.000e+00, 1.415e-04, 0.000e+00, 2.115e+00, 9.983e+02, 6.217e-08
1.715e+00, 5.000e-01, -6.450e-01, 1.163e+05, 0.000e+00, 8.284e-05, 0.000e+00, 2.113e+00, 9.983e+02, 3.639e-08
1.715e+00, 5.000e-01, -6.350e-01, 1.162e+05, 0.000e+00, 5.642e-05, 0.000e+00, 2.111e+00, 9.983e+02, 2.478e-08
1.715e+00, 5.000e-01, -6.250e-01, 1.161e+05, 0.000e+00, 5.909e-05, 0.000e+00, 2.110e+00, 9.983e+02, 2.595e-08
1.715e+00, 5.000e-01, -6.150e-01, 1.160e+05, 0.000e+00, 9.207e-05, 0.000e+00, 2.108e+00, 9.983e+02, 4.044e-08
1.715e+00, 5.000e-01, -6.050e-01, 1.159e+05, 0.000e+00, 1.597e-04, 0.000e+00, 2.106e+00, 9.983e+02, 7.015e-08
1.715e+00, 5.000e-01, -5.950e-01, 1.158e+05, 0.000e+00, 2.647e-04, 0.000e+00, 2.104e+00, 9.983e+02, 1.163e-07
1.715e+00, 5.000e-01, -5.850e-01, 1.157e+05, 0.000e+00, 4.014e-04, 0.000e+00, 2.102e+00, 9.983e+02, 1.763e-07
1.715e+00, 5.000e-01, -5.750e-01, 1.156e+05, 0.000e+00, 5.504e-04, 0.000e+00, 2.101e+00, 9.984e+02, 2.418e-07
1.715e+00, 5.000e-01, -5.650e-01, 1.155e+05, 0.000e+00, 6.812e-04, 0.000e+00, 2.099e+00, 9.984e+02, 2.993e-07
1.715e+00, 5.000e-01, -5.550e-01, 1.140e+05, 0.000e+00, 7.626e-04, 0.000e+00, 2.070e+00, 9.984e+02, 3.398e-07
1.715e+00, 5.000e-01, -5.450e-01, 1.139e+05, 0.000e+00, 7.828e-04, 0.000e+00, 2.068e+00, 9.984e+02, 3.517e-07
1.715e+00, 5.000e-01, -5.350e-01, 1.138e+05, 0.000e+00, 7.529e-04, 0.000e+00, 2.067e+00, 9.984e+02, 3.383e-07
1.715e+00, 5.000e-01, -5.250e-01, 1.137e+05, 0.000e+00, 6.984e-04, 0.000e+00, 2.065e+00, 9.984e+02, 3.138e-07
1.715e+00, 5.000e-01, -5.150e-01, 1.136e+05, 0.000e+00, 6.490e-04, 0.000e+00, 2.063e+00, 9.984e+02, 2.916e-07
1.715e+00, 5.000e-01, -5.050e-01, 1.135e+05, 0.000e+00, 6.302e-04, 0.000e+00, 2.061e+00, 9.984e+02, 2.831e-07
1.715e+00, 5.000e-01, -4.950e-01, 1.134e+05, 0.000e+00, 6.445e-04, 0.000e+00, 2.059e+00, 9.984e+02, 2.789e-07
1.715e+00, 5.000e-01, -4.850e-01, 1.133e+05, 0.000e+00, 6.603e-04, 0.000e+00, 2.057e+00, 9.984e+02, 2.835e-07
1.715e+00, 5.000e-01, -4.750e-01, 1.132e+05, 0.000e+00, 6.667e-04, 0.000e+00, 2.056e+00, 9.984e+02, 2.862e-07
1.715e+00, 5.000e-01, -4.650e-01, 1.131e+05, 0.000e+00, 6.671e-04, 0.000e+00, 2.054e+00, 9.984e+02, 2.864e-07
1.715e+00, 5.000e-01, -4.550e-01, 1.130e+05, 0.000e+00, 6.647e-04, 0.000e+00, 2.052e+00, 9.984e+02, 2.853e-07
1.715e+00, 5.000e-01, -4.450e-01, 1.129e+05, 0.000e+00, 6.607e-04, 0.000e+00, 2.050e+00, 9.984e+02, 2.836e-07
1.715e+00, 5.000e-01, -4.350e-01, 1.128e+05, 0.000e+00, 6.550e-04, 0.000e+00, 2.048e+00, 9.984e+02, 2.812e-07
1.715e+00, 5.000e-01, -4.250e-01, 1.127e+05, 0.000e+00, 6.464e-04, 0.000e+00, 2.047e+00, 9.984e+02, 2.775e-07
1.715e+00, 5.000e-01, -4.150e-01, 1.126e+05, 0.000e+00, 6.333e-04, 0.000e+00, 2.045e+00, 9.984e+02, 2.719e-07
1.715e+00, 5.000e-01, -4.050e-01, 1.125e+05, 0.000e+00, 6.134e-04, 0.000e+00, 2.043e+00, 9.984e+02, 2.633e-07
1.715e+00, 5.000e-01, -3.950e-01, 1.124e+05, 0.000e+00, 5.841e-04, 0.000e+00, 2.041e+00, 9.984e+02, 2.508e-07
1.715e+00, 5.000e-01, -3.850e-01, 1.123e+05, 0.000e+00, 5.509e-04, 0.000e+00, 2.039e+00, 9.984e+02, 2.365e-07
1.715e+00, 5.000e-01, -3.750e-01, 1.122e+05, 0.000e+00, 5.500e-04, 0.000e+00, 2.038e+00, 9.984e+02, 2.361e-07
1.715e+00, 5.000e-01, -3.650e-01, 1.121e+05, 0.000e+00, 5.613e-04, 0.000e+00, 2.036e+00, 9.984e+02, 2.409e-07
1.715e+00, 5.000e-01, -3.550e-01, 1.120e+05, 0.000e+00, 5.780e-04, 0.000e+00, 2.034e+00, 9.984e+02, 2.593e-07
1.715e+00, 5.000e-01, -3.450e-01, 1.119e+05, 0.000e+00, 5.958e-04, 0.000e+00, 2.033e+00, 9.984e+02, 2.677e-07
1.715e+00, 5.000e-01, -3.350e-01, 1.118e+05, 0.000e+00, 6.048e-04, 0.000e+00, 2.031e+00, 9.984e+02, 2.717e-07
1.715e+00, 5.000e-01, -3.250e-01, 1.117e+05, 0.000e+00, 6.061e-04, 0.000e+00, 2.029e+00, 9.984e+02, 2.723e-07
1.715e+00, 5.000e-01, -3.150e-01, 1.116e+05, 0.000e+00, 6.021e-04, 0.000e+00, 2.027e+00, 9.984e+02, 2.705e-07
1.715e+00, 5.000e-01, -3.050e-01, 1.115e+05, 0.000e+00, 5.931e-04, 0.000e+00, 2.025e+00, 9.984e+02, 2.665e-07
1.715e+00, 5.000e-01, -2.950e-01, 1.114e+05, 0.000e+00, 5.805e-04, 0.000e+00, 2.024e+00, 9.984e+02, 2.608e-07
1.715e+00, 5.000e-01, -2.850e-01, 1.113e+05, 0.000e+00, 5.649e-04, 0.000e+00, 2.022e+00, 9.984e+02, 2.538e-07
1.715e+00, 5.000e-01, -2.750e-01, 1.112e+05, 0.000e+00, 5.458e-04, 0.000e+00, 2.020e+00, 9.984e+02, 2.441e-07
1.715e+00, 5.000e-01, -2.650e-01, 1.112e+05, 0.000e+00, 5.245e-04, 0.000e+00, 2.020e+00, 9.984e+02, 2.304e-07
1.715e+00, 5.000e-01, -2.550e-01, 1.111e+05, 0.000e+00, 4.962e-04, 0.000e+00, 2.018e+00, 9.984e+02, 2.180e-07
1.715e+00, 5.000e-01, -2.450e-01, 1.110e+05, 0.000e+00, 4.577e-04, 0.000e+00, 2.016e+00, 9.983e+02, 2.010e-07
1.715e+00, 5.000e-01, -2.350e-01, 1.109e+05, 0.000e+00, 4.124e-04, 0.000e+00, 2.014e+00, 9.983e+02, 1.811e-07
1.715e+00, 5.000e-01, -2.250e-01, 1.108e+05, 0.000e+00, 3.651e-04, 0.000e+00, 2.012e+00, 9.983e+02, 1.604e-07
1.715e+00, 5.000e-01, -2.150e-01, 1.107e+05, 0.000e+00, 3.176e-04, 0.000e+00, 2.011e+00, 9.983e+02, 1.395e-07
1.715e+00, 5.000e-01, -2.050e-01, 1.106e+05, 0.000e+00, 2.738e-04, 0.000e+00, 2.009e+00, 9.983e+02, 1.203e-07
1.715e+00, 5.000e-01, -1.950e-01, 1.107e+05, 0.000e+00, 2.419e-04, 0.000e+00, 2.011e+00, 9.983e+02, 1.039e-07
1.715e+00, 5.000e-01, -1.850e-01, 1.106e+05, 0.000e+00, 2.098e-04, 0.000e+00, 2.009e+00, 9.983e+02, 9.006e-08
1.715e+00, 5.000e-01, -1.750e-01, 1.105e+05, 0.000e+00, 1.832e-04, 0.000e+00, 2.007e+00, 9.983e+02, 7.864e-08
1.715e+00, 5.000e-01, -1.650e-01, 1.104e+05, 0.000e+00, 1.727e-04, 0.000e+00, 2.005e+00, 9.983e+02, 7.413e-08
1.715e+00, 5.000e-01, -1.550e-01, 1.103e+05, 0.000e+00, 1.908e-04, 0.000e+00, 2.004e+00, 9.983e+02, 8.190e-08
1.715e+00, 5.000e-01, -1.450e-01, 1.102e+05, 0.000e+00, 2.293e-04, 0.000e+00, 2.002e+00, 9.983e+02, 9.844e-08
1.715e+00, 5.000e-01, -1.350e-01, 1.101e+05, 0.000e+00, 2.370e-04, 0.000e+00, 2.000e+00, 9.983e+02, 1.017e-07
1.715e+00, 5.000e-01, -1.250e-01, 1.112e+05, 0.000e+00, 1.928e-04, 0.000e+00, 2.020e+00, 9.983e+02, 8.405e-08
1.715e+00, 5.000e-01, -1.150e-01, 1.111e+05, 0.000e+00, 1.305e-04, 0.000e+00, 2.018e+00, 9.983e+02, 5.731e-08
1.715e+00, 5.000e-01, -1.050e-01, 1.110e+05, 0.000e+00, 7.696e-05, 0.000e+00, 2.017e+00, 9.983e+02, 3.380e-08
1.715e+00, 5.000e-01, -9.500e-02, 1.109e+05, 0.000e+00, 4.120e-05, 0.000e+00, 2.015e+00, 9.983e+02, 1.810e-08
1.715e+00, 5.000e-01, -8.500e-02, 1.108e+05, 0.000e+00, 2.071e-05, 0.000e+00, 2.013e+00, 9.983e+02, 9.097e-09
1.715e+00, 5.000e-01, -7.500e-02, 1.107e+05, 0.000e+00, 9.992e-06, 0.000e+00, 2.011e+00, 9.983e+02, 4.389e-09
1.715e+00, 5.000e-01, -6.500e-02, 1.106e+05, 0.000e+00, 4.674e-06, 0.000e+00, 2.009e+00, 9.983e+02, 2.053e-09
1.715e+00, 5.000e-01, -5.500e-02, 1.105e+05, 0.000e+00, 2.122e-06, 0.000e+00, 2.008e+00, 9.983e+02, 9.319e-10
1.715e+00, 5.000e-01, -4.500e-02, 1.104e+05, 0.000e+00, 9.318e-07, 0.000e+00, 2.006e+00, 9.983e+02, 4.093e-10
1.715e+00, 5.000e-01, -3.500e-02, 1.103e+05, 0.000e+00, 3.946e-07, 0.000e+00, 2.004e+00, 9.983e+02, 1.733e-10
1.715e+00, 5.000e-01, -2.500e-02, 1.102e+05, 0.000e+00, 1.612e-07, 0.000e+00, 2.002e+00, 9.983e+02, 7.081e-11
1.715e+00, 5.000e-01, -1.500e-02, 1.101e+05, 0.000e+00, 6.424e-08, 0.000e+00, 2.000e+00, 9.983e+02, 2.822e-11
1.715e+00, 5.000e-01, -5.000e-03, 1.100e+05, 0.000e+00, 2.597e-08, 0.000e+00, 1.999e+00, 9.983e+02, 1.141e-11
1.725e+00, 5.000e-01, -1.195e+00, 1.202e+05, 0.000e+00, 1.002e-13, 0.000e+00, 2.184e+00, 9.983e+02, 2.000e-17
1.725e+00, 5.000e-01, -1.185e+00, 1.201e+05, 0.000e+00, 1.002e-13, 0.000e+00, 2.182e+00, 9.983e+02, 2.000e-17
1.725e+00, 5.000e-01, -1.175e+00, 1.200e+05, 0.000e+00, 1.002e-13, 0.000e+00, 2.181e+00, 9.983e+02, 2.000e-17
1.725e+00, 5.000e-01, -1.165e+00, 1.199e+05, 0.000e+00, 1.002e-13, 0.000e+00, 2.179e+00, 9.983e+02, 2.000e-17
1.725e+00, 5.000e-01, -1.155e+00, 1.198e+05, 0.000e+00, 1.002e-13, 0.000e+00, 2.177e+00, 9.983e+02, 2.000e-17
1.725e+00, 5.000e-01, -1.145e+00, 1.197e+05, 0.000e+00, 1.002e-13, 0.000e+00, 2.175e+00, 9.983e+02, 2.000e-17
1.725e+00, 5.000e-01, -1.135e+00, 1.196e+05, 0.000e+00, 1.002e-13, 0.000e+00, 2.173e+00, 9.983e+02, 2.000e-17
1.725e+00, 5.000e-01, -1.125e+00, 1.195e+05, 0.000e+00, 1.002e-13, 0.000e+00, 2.172e+00, 9.983e+02, 2.000e-17
1.725e+00, 5.000e-01, -1.115e+00, 1.194e+05, 0.000e+00, 1.002e-13, 0.000e+00, 2.170e+00, 9.983e+02, 2.000e-17
1.725e+00, 5.000e-01, -1.105e+00, 1.193e+05, 0.000e+00, 1.002e-13, 0.000e+00, 2.168e+00, 9.983e+02, 2.000e-17
1.725e+00, 5.000e-01, -1.095e+00, 1.192e+05, 0.000e+00, 1.002e-13, 0.000e+00, 2.166e+00, 9.983e+02, 2.000e-17
1.725e+00, 5.000e-01, -1.085e+00, 1.191e+05, 0.000e+00, 1.002e-13, 0.000e+00, 2.165e+00, 9.983e+02, 2.000e-17
1.725e+00, 5.000e-01, -1.075e+00, 1.190e+05, 0.000e+00, 2.730e-09, 0.000e+00, 2.163e+00, 9.983e+02, 1.172e-12
1.725e+00, 5.000e-01, -1.065e+00, 1.189e+05, 0.000e+00, 5.724e-04, 0.000e+00, 2.161e+00, 9.984e+02, 2.457e-07
1.725e+00, 5.000e-01, -1.055e+00, 1.188e+05, 0.000e+00, 5.643e-04, 0.000e+00, 2.159e+00, 9.984e+02, 2.422e-07
1.725e+00, 5.000e-01, -1.045e+00, 1.187e+05, 0.000e+00, 5.509e-04, 0.000e+00, 2.158e+00, 9.984e+02, 2.365e-07
1.725e+00, 5.000e-01, -1.035e+00, 1.186e+05, 0.000e+00, 5.339e-04, 0.000e+00, 2.156e+00, 9.984e+02, 2.292e-07
1.725e+00, 5.000e-01, -1.025e+00, 1.185e+05, 0.000e+00, 5.123e-04, 0.000e+00, 2.154e+00, 9.984e+02, 2.199e-07
1.725e+00, 5.000e-01, -1.015e+00, 1.185e+05, 0.000e+00, 4.838e-04, 0.000e+00, 2.152e+00, 9.984e+02, 2.077e-07
1.725e+00, 5.000e-01, -1.005e+00, 1.184e+05, 0.000e+00, 4.556e-04, 0.000e+00, 2.150e+00, 9.983e+02, 1.956e-07
1.725e+00, 5.000e-01, -9.950e-01, 1.183e+05, 0.000e+00, 4.325e-04, 0.000e+00, 2.149e+00, 9.983e+02, 1.857e-07
1.725e+00, 5.000e-01, -9.850e-01, 1.182e+05, 0.000e+00, 4.148e-04, 0.000e+00, 2.147e+00, 9.983e+02, 1.781e-07
1.725e+00, 5.000e-01, -9.750e-01, 1.181e+05, 0.000e+00, 4.016e-04, 0.000e+00, 2.145e+00, 9.983e+02, 1.724e-07
1.725e+00, 5.000e-01, -9.650e-01, 1.180e+05, 0.000e+00, 4.073e-04, 0.000e+00, 2.143e+00, 9.983e+02, 1.748e-07
1.725e+00, 5.000e-01, -9.550e-01, 1.179e+05, 0.000e+00, 5.056e-04, 0.000e+00, 2.141e+00, 9.984e+02, 2.170e-07
1.725e+00, 5.000e-01, -9.450e-01, 1.178e+05, 0.000e+00, 6.486e-04, 0.000e+00, 2.140e+00, 9.984e+02, 2.785e-07
1.725e+00, 5.000e-01, -9.350e-01, 1.177e+05, 0.000e+00, 7.306e-04, 0.000e+00, 2.138e+00, 9.984e+02, 3.136e-07
1.725e+00, 5.000e-01, -9.250e-01, 1.176e+05, 0.000e+00, 7.608e-04, 0.000e+00, 2.136e+00, 9.984e+02, 3.266e-07
1.725e+00, 5.000e-01, -9.150e-01, 1.175e+05, 0.000e+00, 7.631e-04, 0.000e+00, 2.134e+00, 9.984e+02, 3.276e-07
1.725e+00, 5.000e-01, -9.050e-01, 1.174e+05, 0.000e+00, 7.518e-04, 0.000e+00, 2.132e+00, 9.984e+02, 3.228e-07
1.725e+00, 5.000e-01, -8.950e-01, 1.173e+05, 0.000e+00, 7.381e-04, 0.000e+00, 2.131e+00, 9.984e+02, 3.169e-07
1.725e+00, 5.000e-01, -8.850e-01, 1.172e+05, 0.000e+00, 7.256e-04, 0.000e+00, 2.129e+00, 9.984e+02, 3.115e-07
1.725e+00, 5.000e-01, -8.750e-01, 1.171e+05, 0.000e+00, 7.139e-04, 0.000e+00, 2.127e+00, 9.984e+02, 3.065e-07
1.725e+00, 5.000e-01, -8.650e-01, 1.170e+05, 0.000e+00, 7.011e-04, 0.000e+00, 2.125e+00, 9.984e+02, 3.010e-07
1.725e+00, 5.000e-01, -8.550e-01, 1.169e+05, 0.000e+00, 6.886e-04, 0.000e+00, 2.124e+00, 9.984e+02, 2.956e-07
1.725e+00, 5.000e-01, -8.450e-01, 1.168e+05, 0.000e+00, 6.780e-04, 0.000e+00, 2.122e+00, 9.984e+02, 2.911e-07
1.725e+00, 5.000e-01, -8.350e-01, 1.167e+05, 0.000e+00, 6.693e-04, 0.000e+00, 2.120e+00, 9.984e+02, 2.873e-07
1.725e+00, 5.000e-01, -8.250e-01, 1.166e+05, 0.000e+00, 6.621e-04, 0.000e+00, 2.118e+00, 9.984e+02, 2.842e-07
1.725e+00, 5.000e-01, -8.150e-01, 1.165e+05, 0.000e+00, 6.553e-04, 0.000e+00, 2.116e+00, 9.984e+02, 2.813e-07
1.725e+00, 5.000e-01, -8.050e-01, 1.164e+05, 0.000e+00, 6.480e-04, 0.000e+00, 2.115e+00, 9.984e+02, 2.782e-07
1.725e+00, 5.000e-01, -7.950e-01, 1.163e+05, 0.000e+00, 6.400e-04, 0.000e+00, 2.113e+00, 9.984e+02, 2.748e-07
1.725e+00, 5.000e-01, -7.850e-01, 1.162e+05, 0.000e+00, 6.315e-04, 0.000e+00, 2.111e+00, 9.984e+02, 2.711e-07
1.725e+00, 5.000e-01, -7.750e-01, 1.161e+05, 0.000e+00, 6.230e-04, 0.000e+00, 2.109e+00, 9.984e+02, 2.675e-07
1.725e+00, 5.000e-01, -7.650e-01, 1.160e+05, 0.000e+00, 6.165e-04, 0.000e+00, 2.107e+00, 9.984e+02, 2.647e-07
1.725e+00, 5.000e-01, -7.550e-01, 1.159e+05, 0.000e+00, 6.171e-04, 0.000e+00, 2.106e+00, 9.984e+02, 2.649e-07
1.725e+00, 5.000e-01, -7.450e-01, 1.158e+05, 0.000e+00, 6.367e-04, 0.000e+00, 2.104e+00, 9.984e+02, 2.733e-07
1.725e+00, 5.000e-01, -7.350e-01, 1.157e+05, 6.752e-07, 7.086e-04, 0.000e+00, 2.102e+00, 9.984e+02, 3.042e-07
1.725e+00, 5.000e-01, -7.250e-01, 1.156e+05, 4.721e-01, 1.895e-03, 0.000e+00, 2.100e+00, 9.986e+02, 8.559e-07
1.725e+00, 5.000e-01, -7.150e-01, 1.156e+05, 8.683e-01, 1.895e-03, 0.000e+00, 2.100e+00, 9.986e+02, 8.914e-07
1.725e+00, 5.000e-01, -7.050e-01, 1.156e+05, 8.724e-01, 1.895e-03, 0.000e+00, 2.100e+00, 9.986e+02, 8.917e-07
1.725e+00, 5.000e-01, -6.950e-01, 1.156e+05, 8.738e-01, 1.895e-03, 0.000e+00, 2.100e+00, 9.986e+02, 8.918e-07
1.725e+00, 5.000e-01, -6.850e-01, 1.156e+05, 8.753e-01, 1.895e-03, 0.000e+00, 2.100e+00, 9.986e+02, 8.978e-07
1.725e+00, 5.000e-01, -6.750e-01, 1.166e+05, 0.000e+00, 3.776e-04, 0.000e+00, 2.119e+00, 9.983e+02, 1.659e-07
1.725e+00, 5.000e-01, -6.650e-01, 1.165e+05, 0.000e+00, 2.369e-04, 0.000e+00, 2.117e+00, 9.983e+02, 1.040e-07
1.725e+00, 5.000e-01, -6.550e-01, 1.164e+05, 0.000e+00, 1.400e-04, 0.000e+00, 2.115e+00, 9.983e+02, 6.151e-08
1.725e+00, 5.000e-01, -6.450e-01, 1.163e+05, 0.000e+00, 8.133e-05, 0.000e+00, 2.113e+00, 9.983e+02, 3.572e-08
1.725e+00, 5.000e-01, -6.350e-01, 1.162e+05, 0.000e+00, 5.453e-05, 0.000e+00, 2.111e+00, 9.983e+02, 2.395e-08
1.725e+00, 5.000e-01, -6.250e-01, 1.161e+05, 0.000e+00, 5.623e-05, 0.000e+00, 2.110e+00, 9.983e+02, 2.470e-08
1.725e+00, 5.000e-01, -6.150e-01, 1.160e+05, 0.000e+00, 8.757e-05, 0.000e+00, 2.108e+00, 9.983e+02, 3.847e-08
1.725e+00, 5.000e-01, -6.050e-01, 1.159e+05, 0.000e+00, 1.531e-04, 0.000e+00, 2.106e+00, 9.983e+02, 6.725e-08
1.725e+00, 5.000e-01, -5.950e-01, 1.158e+05, 0.000e+00, 2.561e-04, 0.000e+00, 2.104e+00, 9.983e+02, 1.125e-07
1.725e+00, 5.000e-01, -5.850e-01, 1.157e+05, 0.000e+00, 3.919e-04, 0.000e+00, 2.102e+00, 9.983e+02, 1.722e-07
1.725e+00, 5.000e-01, -5.750e-01, 1.156e+05, 0.000e+00, 5.419e-04, 0.000e+00, 2.101e+00, 9.984e+02, 2.380e-07
1.725e+00, 5.000e-01, -5.650e-01, 1.155e+05, 0.000e+00, 6.753e-04, 0.000e+00, 2.099e+00, 9.984e+02, 2.966e-07
1.725e+00, 5.000e-01, -5.550e-01, 1.140e+05, 0.000e+00, 7.595e-04, 0.000e+00, 2.070e+00, 9.984e+02, 3.386e-07
1.725e+00, 5.000e-01, -5.450e-01, 1.139e+05, 0.000e+00, 7.821e-04, 0.000e+00, 2.068e+00, 9.984e+02, 3.514e-07
1.725e+00, 5.000e-01, -5.350e-01, 1.138e+05, 0.000e+00, 7.536e-04, 0.000e+00, 2.067e+00, 9.984e+02, 3.386e-07
1.725e+00, 5.000e-01, -5.250e-01, 1.137e+05, 0.000e+00, 6.985e-04, 0.000e+00, 2.065e+00, 9.984e+02, 3.138e-07
1.725e+00, 5.000e-01, -5.150e-01, 1.136e+05, 0.000e+00, 6.485e-04, 0.000e+00, 2.063e+00, 9.984e+02, 2.913e-07
1.725e+00, 5.000e-01, -5.050e-01, 1.135e+05, 0.000e+00, 6.318e-04, 0.000e+00, 2.061e+00, 9.984e+02, 2.839e-07
1.725e+00, 5.000e-01, -4.950e-01, 1.134e+05, 0.000e+00, 6.468e-04, 0.000e+00, 2.059e+00, 9.984e+02, 2.805e-07
1.725e+00, 5.000e-01, -4.850e-01, 1.133e+05, 0.000e+00, 6.618e-04, 0.000e+00, 2.057e+00, 9.984e+02, 2.841e-07
1.725e+00, 5.000e-01, -4.750e-01, 1.132e+05, 0.000e+00, 6.675e-04, 0.000e+00, 2.056e+00, 9.984e+02, 2.866e-07
1.725e+00, 5.000e-01, -4.650e-01, 1.131e+05, 0.000e+00, 6.678e-04, 0.000e+00, 2.054e+00, 9.984e+02, 2.867e-07
1.725e+00, 5.000e-01, -4.550e-01, 1.130e+05, 0.000e+00, 6.662e-04, 0.000e+00, 2.052e+00, 9.984e+02, 2.860e-07
1.725e+00, 5.000e-01, -4.450e-01, 1.129e+05, 0.000e+00, 6.642e-04, 0.000e+00, 2.050e+00, 9.984e+02, 2.851e-07
1.725e+00, 5.000e-01, -4.350e-01, 1.128e+05, 0.000e+00, 6.616e-04, 0.000e+00, 2.048e+00, 9.984e+02, 2.840e-07
1.725e+00, 5.000e-01, -4.250e-01, 1.127e+05, 0.000e+00, 6.573e-04, 0.000e+00, 2.047e+00, 9.984e+02, 2.822e-07
1.725e+00, 5.000e-01, -4.150e-01, 1.126e+05, 0.000e+00, 6.494e-04, 0.000e+00, 2.045e+00, 9.984e+02, 2.788e-07
1.725e+00, 5.000e-01, -4.050e-01, 1.125e+05, 0.000e+00, 6.357e-04, 0.000e+00, 2.043e+00, 9.984e+02, 2.729e-07
1.725e+00, 5.000e-01, -3.950e-01, 1.124e+05, 0.000e+00, 6.133e-04, 0.000e+00, 2.041e+00, 9.984e+02, 2.633e-07
1.725e+00, 5.000e-01, -3.850e-01, 1.123e+05, 0.000e+00, 5.779e-04, 0.000e+00, 2.039e+00, 9.984e+02, 2.481e-07
1.725e+00, 5.000e-01, -3.750e-01, 1.122e+05, 0.000e+00, 5.493e-04, 0.000e+00, 2.038e+00, 9.984e+02, 2.358e-07
1.725e+00, 5.000e-01, -3.650e-01, 1.121e+05, 0.000e+00, 5.465e-04, 0.000e+00, 2.036e+00, 9.984e+02, 2.346e-07
1.725e+00, 5.000e-01, -3.550e-01, 1.120e+05, 0.000e+00, 5.489e-04, 0.000e+00, 2.034e+00, 9.984e+02, 2.457e-07
1.725e+00, 5.000e-01, -3.450e-01, 1.119e+05, 0.000e+00, 5.614e-04, 0.000e+00, 2.033e+00, 9.984e+02, 2.522e-07
1.725e+00, 5.000e-01, -3.350e-01, 1.118e+05, 0.000e+00, 5.760e-04, 0.000e+00, 2.031e+00, 9.984e+02, 2.588e-07
1.725e+00, 5.000e-01, -3.250e-01, 1.117e+05, 0.000e+00, 5.884e-04, 0.000e+00, 2.029e+00, 9.984e+02, 2.644e-07
1.725e+00, 5.000e-01, -3.150e-01, 1.116e+05, 0.000e+00, 5.946e-04, 0.000e+00, 2.027e+00, 9.984e+02, 2.671e-07
1.725e+00, 5.000e-01, -3.050e-01, 1.115e+05, 0.000e+00, 5.936e-04, 0.000e+00, 2.025e+00, 9.984e+02, 2.667e-07
1.725e+00, 5.000e-01, -2.950e-01, 1.114e+05, 0.000e+00, 5.884e-04, 0.000e+00, 2.024e+00, 9.984e+02, 2.643e-07
1.725e+00, 5.000e-01, -2.850e-01, 1.113e+05, 0.000e+00, 5.797e-04, 0.000e+00, 2.022e+00, 9.984e+02, 2.604e-07
1.725e+00, 5.000e-01, -2.750e-01, 1.112e+05, 0.000e+00, 5.679e-04, 0.000e+00, 2.020e+00, 9.984e+02, 2.544e-07
1.725e+00, 5.000e-01, -2.650e-01, 1.112e+05, 0.000e+00, 5.520e-04, 0.000e+00, 2.020e+00, 9.984e+02, 2.425e-07
1.725e+00, 5.000e-01, -2.550e-01, 1.111e+05, 0.000e+00, 5.291e-04, 0.000e+00, 2.018e+00, 9.984e+02, 2.324e-07
1.725e+00, 5.000e-01, -2.450e-01, 1.110e+05, 0.000e+00, 4.954e-04, 0.000e+00, 2.016e+00, 9.984e+02, 2.176e-07
1.725e+00, 5.000e-01, -2.350e-01, 1.109e+05, 0.000e+00, 4.502e-04, 0.000e+00, 2.014e+00, 9.983e+02, 1.978e-07
1.725e+00, 5.000e-01, -2.250e-01, 1.108e+05, 0.000e+00, 3.966e-04, 0.000e+00, 2.012e+00, 9.983e+02, 1.742e-07
1.725e+00, 5.000e-01, -2.150e-01, 1.107e+05, 0.000e+00, 3.444e-04, 0.000e+00, 2.011e+00, 9.983e+02, 1.513e-07
1.725e+00, 5.000e-01, -2.050e-01, 1.106e+05, 0.000e+00, 2.995e-04, 0.000e+00, 2.009e+00, 9.983e+02, 1.316e-07
1.725e+00, 5.000e-01, -1.950e-01, 1.107e+05, 0.000e+00, 2.738e-04, 0.000e+00, 2.011e+00, 9.983e+02, 1.178e-07
1.725e+00, 5.000e-01, -1.850e-01, 1.106e+05, 0.000e+00, 2.429e-04, 0.000e+00, 2.009e+00, 9.983e+02, 1.043e-07
1.725e+00, 5.000e-01, -1.750e-01, 1.105e+05, 0.000e+00, 2.139e-04, 0.000e+00, 2.007e+00, 9.983e+02, 9.180e-08
1.725e+00, 5.000e-01, -1.650e-01, 1.104e+05, 0.000e+00, 1.998e-04, 0.000e+00, 2.005e+00, 9.983e+02, 8.576e-08
1.725e+00, 5.000e-01, -1.550e-01, 1.103e+05, 0.000e+00, 2.129e-04, 0.000e+00, 2.004e+00, 9.983e+02, 9.138e-08
1.725e+00, 5.000e-01, -1.450e-01, 1.102e+05, 0.000e+00, 2.420e-04, 0.000e+00, 2.002e+00, 9.983e+02, 1.039e-07
1.725e+00, 5.000e-01, -1.350e-01, 1.101e+05, 0.000e+00, 2.412e-04, 0.000e+00, 2.000e+00, 9.983e+02, 1.036e-07
1.725e+00, 5.000e-01, -1.250e-01, 1.112e+05, 0.000e+00, 1.940e-04, 0.000e+00, 2.020e+00, 9.983e+02, 8.445e-08
1.725e+00, 5.000e-01, -1.150e-01, 1.111e+05, 0.000e+00, 1.308e-04, 0.000e+00, 2.018e+00, 9.983e+02, 5.745e-08
1.725e+00, 5.000e-01, -1.050e-01, 1.110e+05, 0.000e+00, 7.721e-05, 0.000e+00, 2.017e+00, 9.983e+02, 3.391e-08
1.725e+00, 5.000e-01, -9.500e-02, 1.109e+05, 0.000e+00, 4.147e-05, 0.000e+00, 2.015e+00, 9.983e+02, 1.822e-08
1.725e+00, 5.000e-01, -8.500e-02, 1.108e+05, 0.000e+00, 2.094e-05, 0.000e+00, 2.013e+00, 9.983e+02, 9.196e-09
1.725e+00, 5.000e-01, -7.500e-02, 1.107e+05, 0.000e+00, 1.015e-05, 0.000e+00, 2.011e+00, 9.983e+02, 4.456e-09
1.725e+00, 5.000e-01, -6.500e-02, 1.106e+05, 0.000e+00, 4.764e-06, 0.000e+00, 2.009e+00, 9.983e+02, 2.093e-09
1.725e+00, 5.000e-01, -5.500e-02, 1.105e+05, 0.000e+00, 2.170e-06, 0.000e+00, 2.008e+00, 9.983e+02, 9.533e-10
1.725e+00, 5.000e-01, -4.500e-02, 1.104e+05, 0.000e+00, 9.562e-07, 0.000e+00, 2.006e+00, 9.983e+02, 4.200e-10
1.725e+00, 5.000e-01, -3.500e-02, 1.103e+05, 0.000e+00, 4.062e-07, 0.000e+00, 2.004e+00, 9.983e+02, 1.784e-10
1.725e+00, 5.000e-01, -2.500e-02, 1.102e+05, 0.000e+00, 1.664e-07, 0.000e+00, 2.002e+00, 9.983e+02, 7.307e-11
1.725e+00, 5.000e-01, -1.500e-02, 1.101e+05, 0.000e+00, 6.640e-08, 0.000e+00, 2.000e+00, 9.983e+02, 2.917e-11
1.725e+00, 5.000e-01, -5.000e-03, 1.100e+05, 0.000e+00, 2.681e-08, 0.000e+00, 1.999e+00, 9.983e+02, 1.178e-11
1.735e+00, 5.000e-01, -1.195e+00, 1.202e+05, 0.000e+00, 1.002e-13, 0.000e+00, 2.184e+00, 9.983e+02, 2.000e-17
1.735e+00, 5.000e-01, -1.185e+00, 1.201e+05, 0.000e+00, 1.002e-13, 0.000e+00, 2.182e+00, 9.983e+02, 2.000e-17
1.735e+00, 5.000e-01, -1.175e+00, 1.200e+05, 0.000e+00, 1.002e-13, 0.000e+00, 2.181e+00, 9.983e+02, 2.000e-17
1.735e+00, 5.000e-01, -1.165e+00, 1.199e+05, 0.000e+00, 1.002e-13, 0.000e+00, 2.179e+00, 9.983e+02, 2.000e-17
1.735e+00, 5.000e-01, -1.155e+00, 1.198e+05, 0.000e+00, 1.002e-13, 0.000e+00, 2.177e+00, 9.983e+02, 2.000e-17
1.735e+00, 5.000e-01, -1.145e+00, 1.197e+05, 0.000e+00, 1.002e-13, 0.000e+00, 2.175e+00, 9.983e+02, 2.000e-17
1.735e+00, 5.000e-01, -1.135e+00, 1.196e+05, 0.000e+00, 1.002e-13, 0.000e+00, 2.173e+00, 9.983e+02, 2.000e-17
1.735e+00, 5.000e-01, -1.125e+00, 1.195e+05, 0.000e+00, 1.002e-13, 0.000e+00, 2.172e+00, 9.983e+02, 2.000e-17
1.735e+00, 5.000e-01, -1.115e+00, 1.194e+05, 0.000e+00, 1.002e-13, 0.000e+00, 2.170e+00, 9.983e+02, 2.000e-17
1.735e+00, 5.000e-01, -1.105e+00, 1.193e+05, 0.000e+00, 1.002e-13, 0.000e+00, 2.168e+00, 9.983e+02, 2.000e-17
1.735e+00, 5.000e-01, -1.095e+00, 1.192e+05, 0.000e+00, 1.002e-13, 0.000e+00, 2.166e+00, 9.983e+02, 2.000e-17
1.735e+00, 5.000e-01, -1.085e+00, 1.191e+05, 0.000e+00, 1.002e-13, 0.000e+00, 2.165e+00, 9.983e+02, 2.000e-17
1.735e+00, 5.000e-01, -1.075e+00, 1.190e+05, 0.000e+00, 2.740e-09, 0.000e+00, 2.163e+00, 9.983e+02, 1.176e-12
1.735e+00, 5.000e-01, -1.065e+00, 1.189e+05, 0.000e+00, 5.756e-04, 0.000e+00, 2.161e+00, 9.984e+02, 2.471e-07
1.735e+00, 5.000e-01, -1.055e+00, 1.188e+05, 0.000e+00, 5.672e-04, 0.000e+00, 2.159e+00, 9.984e+02, 2.435e-07
1.735e+00, 5.000e-01, -1.045e+00, 1.187e+05, 0.000e+00, 5.539e-04, 0.000e+00, 2.158e+00, 9.984e+02, 2.378e-07
1.735e+00, 5.000e-01, -1.035e+00, 1.186e+05, 0.000e+00, 5.384e-04, 0.000e+00, 2.156e+00, 9.984e+02, 2.311e-07
1.735e+00, 5.000e-01, -1.025e+00, 1.185e+05, 0.000e+00, 5.212e-04, 0.000e+00, 2.154e+00, 9.984e+02, 2.237e-07
1.735e+00, 5.000e-01, -1.015e+00, 1.185e+05, 0.000e+00, 4.995e-04, 0.000e+00, 2.152e+00, 9.984e+02, 2.144e-07
1.735e+00, 5.000e-01, -1.005e+00, 1.184e+05, 0.000e+00, 4.712e-04, 0.000e+00, 2.150e+00, 9.983e+02, 2.023e-07
1.735e+00, 5.000e-01, -9.950e-01, 1.183e+05, 0.000e+00, 4.451e-04, 0.000e+00, 2.149e+00, 9.983e+02, 1.911e-07
1.735e+00, 5.000e-01, -9.850e-01, 1.182e+05, 0.000e+00, 4.234e-04, 0.000e+00, 2.147e+00, 9.983e+02, 1.818e-07
1.735e+00, 5.000e-01, -9.750e-01, 1.181e+05, 0.000e+00, 4.064e-04, 0.000e+00, 2.145e+00, 9.983e+02, 1.745e-07
1.735e+00, 5.000e-01, -9.650e-01, 1.180e+05, 0.000e+00, 4.151e-04, 0.000e+00, 2.143e+00, 9.983e+02, 1.782e-07
1.735e+00, 5.000e-01, -9.550e-01, 1.179e+05, 0.000e+00, 4.940e-04, 0.000e+00, 2.141e+00, 9.984e+02, 2.121e-07
1.735e+00, 5.000e-01, -9.450e-01, 1.178e+05, 0.000e+00, 5.984e-04, 0.000e+00, 2.140e+00, 9.984e+02, 2.569e-07
1.735e+00, 5.000e-01, -9.350e-01, 1.177e+05, 0.000e+00, 6.693e-04, 0.000e+00, 2.138e+00, 9.984e+02, 2.873e-07
1.735e+00, 5.000e-01, -9.250e-01, 1.176e+05, 0.000e+00, 7.102e-04, 0.000e+00, 2.136e+00, 9.984e+02, 3.049e-07
1.735e+00, 5.000e-01, -9.150e-01, 1.175e+05, 0.000e+00, 7.358e-04, 0.000e+00, 2.134e+00, 9.984e+02, 3.159e-07
1.735e+00, 5.000e-01, -9.050e-01, 1.174e+05, 0.000e+00, 7.512e-04, 0.000e+00, 2.132e+00, 9.984e+02, 3.225e-07
1.735e+00, 5.000e-01, -8.950e-01, 1.173e+05, 0.000e+00, 7.578e-04, 0.000e+00, 2.131e+00, 9.984e+02, 3.253e-07
1.735e+00, 5.000e-01, -8.850e-01, 1.172e+05, 0.000e+00, 7.576e-04, 0.000e+00, 2.129e+00, 9.984e+02, 3.253e-07
1.735e+00, 5.000e-01, -8.750e-01, 1.171e+05, 0.000e+00, 7.528e-04, 0.000e+00, 2.127e+00, 9.984e+02, 3.232e-07
1.735e+00, 5.000e-01, -8.650e-01, 1.170e+05, 0.000e+00, 7.447e-04, 0.000e+00, 2.125e+00, 9.984e+02, 3.197e-07
1.735e+00, 5.000e-01, -8.550e-01, 1.169e+05, 0.000e+00, 7.348e-04, 0.000e+00, 2.124e+00, 9.984e+02, 3.155e-07
1.735e+00, 5.000e-01, -8.450e-01, 1.168e+05, 0.000e+00, 7.240e-04, 0.000e+00, 2.122e+00, 9.984e+02, 3.108e-07
1.735e+00, 5.000e-01, -8.350e-01, 1.167e+05, 0.000e+00, 7.130e-04, 0.000e+00, 2.120e+00, 9.984e+02, 3.061e-07
1.735e+00, 5.000e-01, -8.250e-01, 1.166e+05, 0.000e+00, 7.019e-04, 0.000e+00, 2.118e+00, 9.984e+02, 3.013e-07
1.735e+00, 5.000e-01, -8.150e-01, 1.165e+05, 0.000e+00, 6.910e-04, 0.000e+00, 2.116e+00, 9.984e+02, 2.966e-07
1.735e+00, 5.000e-01, -8.050e-01, 1.164e+05, 0.000e+00, 6.801e-04, 0.000e+00, 2.115e+00, 9.984e+02, 2.920e-07
1.735e+00, 5.000e-01, -7.950e-01, 1.163e+05, 0.000e+00, 6.694e-04, 0.000e+00, 2.113e+00, 9.984e+02, 2.874e-07
1.735e+00, 5.000e-01, -7.850e-01, 1.162e+05, 0.000e+00, 6.592e-04, 0.000e+00, 2.111e+00, 9.984e+02, 2.830e-07
1.735e+00, 5.000e-01, -7.750e-01, 1.161e+05, 0.000e+00, 6.497e-04, 0.000e+00, 2.109e+00, 9.984e+02, 2.789e-07
1.735e+00, 5.000e-01, -7.650e-01, 1.160e+05, 0.000e+00, 6.417e-04, 0.000e+00, 2.107e+00, 9.984e+02, 2.755e-07
1.735e+00, 5.000e-01, -7.550e-01, 1.159e+05, 0.000e+00, 6.369e-04, 0.000e+00, 2.106e+00, 9.984e+02, 2.734e-07
1.735e+00, 5.000e-01, -7.450e-01, 1.158e+05, 0.000e+00, 6.395e-04, 0.000e+00, 2.104e+00, 9.984e+02, 2.745e-07
1.735e+00, 5.000e-01, -7.350e-01, 1.157e+05, 6.753e-07, 6.639e-04, 0.000e+00, 2.102e+00, 9.984e+02, 2.850e-07
1.735e+00, 5.000e-01, -7.250e-01, 1.156e+05, 4.721e-01, 1.895e-03, 0.000e+00, 2.100e+00, 9.986e+02, 8.559e-07
1.735e+00, 5.000e-01, -7.150e-01, 1.156e+05, 8.683e-01, 1.895e-03, 0.000e+00, 2.100e+00, 9.986e+02, 8.914e-07
1.735e+00, 5.000e-01, -7.050e-01, 1.156e+05, 8.724e-01, 1.895e-03, 0.000e+00, 2.100e+00, 9.986e+02, 8.917e-07
1.735e+00, 5.000e-01, -6.950e-01, 1.156e+05, 8.738e-01, 1.895e-03, 0.000e+00, 2.100e+00, 9.986e+02, 8.918e-07
1.735e+00, 5.000e-01, -6.850e-01, 1.156e+05, 8.753e-01, 1.895e-03, 0.000e+00, 2.100e+00, 9.986e+02, 8.979e-07
1.735e+00, 5.000e-01, -6.750e-01, 1.166e+05, 0.000e+00, 3.765e-04, 0.000e+00, 2.119e+00, 9.983e+02, 1.654e-07
1.735e+00, 5.000e-01, -6.650e-01, 1.165e+05, 0.000e+00, 2.359e-04, 0.000e+00, 2.117e+00, 9.983e+02, 1.036e-07
1.735e+00, 5.000e-01, -6.550e-01, 1.164e+05, 0.000e+00, 1.391e-04, 0.000e+00, 2.115e+00, 9.983e+02, 6.111e-08
1.735e+00, 5.000e-01, -6.450e-01, 1.163e+05, 0.000e+00, 8.031e-05, 0.000e+00, 2.113e+00, 9.983e+02, 3.527e-08
1.735e+00, 5.000e-01, -6.350e-01, 1.162e+05, 0.000e+00, 5.304e-05, 0.000e+00, 2.111e+00, 9.983e+02, 2.330e-08
1.735e+00, 5.000e-01, -6.250e-01, 1.161e+05, 0.000e+00, 5.377e-05, 0.000e+00, 2.110e+00, 9.983e+02, 2.362e-08
1.735e+00, 5.000e-01, -6.150e-01, 1.160e+05, 0.000e+00, 8.354e-05, 0.000e+00, 2.108e+00, 9.983e+02, 3.669e-08
1.735e+00, 5.000e-01, -6.050e-01, 1.159e+05, 0.000e+00, 1.471e-04, 0.000e+00, 2.106e+00, 9.983e+02, 6.460e-08
1.735e+00, 5.000e-01, -5.950e-01, 1.158e+05, 0.000e+00, 2.483e-04, 0.000e+00, 2.104e+00, 9.983e+02, 1.091e-07
1.735e+00, 5.000e-01, -5.850e-01, 1.157e+05, 0.000e+00, 3.831e-04, 0.000e+00, 2.102e+00, 9.983e+02, 1.683e-07
1.735e+00, 5.000e-01, -5.750e-01, 1.156e+05, 0.000e+00, 5.338e-04, 0.000e+00, 2.101e+00, 9.984e+02, 2.345e-07
1.735e+00, 5.000e-01, -5.650e-01, 1.155e+05, 0.000e+00, 6.694e-04, 0.000e+00, 2.099e+00, 9.984e+02, 2.940e-07
1.735e+00, 5.000e-01, -5.550e-01, 1.140e+05, 0.000e+00, 7.561e-04, 0.000e+00, 2.070e+00, 9.984e+02, 3.372e-07
1.735e+00, 5.000e-01, -5.450e-01, 1.139e+05, 0.000e+00, 7.811e-04, 0.000e+00, 2.068e+00, 9.984e+02, 3.509e-07
1.735e+00, 5.000e-01, -5.350e-01, 1.138e+05, 0.000e+00, 7.549e-04, 0.000e+00, 2.067e+00, 9.984e+02, 3.392e-07
1.735e+00, 5.000e-01, -5.250e-01, 1.137e+05, 0.000e+00, 7.008e-04, 0.000e+00, 2.065e+00, 9.984e+02, 3.148e-07
1.735e+00, 5.000e-01, -5.150e-01, 1.136e+05, 0.000e+00, 6.494e-04, 0.000e+00, 2.063e+00, 9.984e+02, 2.918e-07
1.735e+00, 5.000e-01, -5.050e-01, 1.135e+05, 0.000e+00, 6.313e-04, 0.000e+00, 2.061e+00, 9.984e+02, 2.836e-07
1.735e+00, 5.000e-01, -4.950e-01, 1.134e+05, 0.000e+00, 6.446e-04, 0.000e+00, 2.059e+00, 9.984e+02, 2.801e-07
1.735e+00, 5.000e-01, -4.850e-01, 1.133e+05, 0.000e+00, 6.582e-04, 0.000e+00, 2.057e+00, 9.984e+02, 2.826e-07
1.735e+00, 5.000e-01, -4.750e-01, 1.132e+05, 0.000e+00, 6.630e-04, 0.000e+00, 2.056e+00, 9.984e+02, 2.846e-07
1.735e+00, 5.000e-01, -4.650e-01, 1.131e+05, 0.000e+00, 6.628e-04, 0.000e+00, 2.054e+00, 9.984e+02, 2.846e-07
1.735e+00, 5.000e-01, -4.550e-01, 1.130e+05, 0.000e+00, 6.618e-04, 0.000e+00, 2.052e+00, 9.984e+02, 2.841e-07
1.735e+00, 5.000e-01, -4.450e-01, 1.129e+05, 0.000e+00, 6.616e-04, 0.000e+00, 2.050e+00, 9.984e+02, 2.840e-07
1.735e+00, 5.000e-01, -4.350e-01, 1.128e+05, 0.000e+00, 6.622e-04, 0.000e+00, 2.048e+00, 9.984e+02, 2.843e-07
1.735e+00, 5.000e-01, -4.250e-01, 1.127e+05, 0.000e+00, 6.623e-04, 0.000e+00, 2.047e+00, 9.984e+02, 2.843e-07
1.735e+00, 5.000e-01, -4.150e-01, 1.126e+05, 0.000e+00, 6.602e-04, 0.000e+00, 2.045e+00, 9.984e+02, 2.834e-07
1.735e+00, 5.000e-01, -4.050e-01, 1.125e+05, 0.000e+00, 6.531e-04, 0.000e+00, 2.043e+00, 9.984e+02, 2.804e-07
1.735e+00, 5.000e-01, -3.950e-01, 1.124e+05, 0.000e+00, 6.384e-04, 0.000e+00, 2.041e+00, 9.984e+02, 2.741e-07
1.735e+00, 5.000e-01, -3.850e-01, 1.123e+05, 0.000e+00, 6.132e-04, 0.000e+00, 2.039e+00, 9.984e+02, 2.632e-07
1.735e+00, 5.000e-01, -3.750e-01, 1.122e+05, 0.000e+00, 5.705e-04, 0.000e+00, 2.038e+00, 9.984e+02, 2.449e-07
1.735e+00, 5.000e-01, -3.650e-01, 1.121e+05, 0.000e+00, 5.457e-04, 0.000e+00, 2.036e+00, 9.984e+02, 2.343e-07
1.735e+00, 5.000e-01, -3.550e-01, 1.120e+05, 0.000e+00, 5.384e-04, 0.000e+00, 2.034e+00, 9.984e+02, 2.404e-07
1.735e+00, 5.000e-01, -3.450e-01, 1.119e+05, 0.000e+00, 5.401e-04, 0.000e+00, 2.033e+00, 9.984e+02, 2.427e-07
1.735e+00, 5.000e-01, -3.350e-01, 1.118e+05, 0.000e+00, 5.468e-04, 0.000e+00, 2.031e+00, 9.984e+02, 2.457e-07
1.735e+00, 5.000e-01, -3.250e-01, 1.117e+05, 0.000e+00, 5.547e-04, 0.000e+00, 2.029e+00, 9.984e+02, 2.492e-07
1.735e+00, 5.000e-01, -3.150e-01, 1.116e+05, 0.000e+00, 5.623e-04, 0.000e+00, 2.027e+00, 9.984e+02, 2.526e-07
1.735e+00, 5.000e-01, -3.050e-01, 1.115e+05, 0.000e+00, 5.693e-04, 0.000e+00, 2.025e+00, 9.984e+02, 2.558e-07
1.735e+00, 5.000e-01, -2.950e-01, 1.114e+05, 0.000e+00, 5.730e-04, 0.000e+00, 2.024e+00, 9.984e+02, 2.574e-07
1.735e+00, 5.000e-01, -2.850e-01, 1.113e+05, 0.000e+00, 5.707e-04, 0.000e+00, 2.022e+00, 9.984e+02, 2.564e-07
1.735e+00, 5.000e-01, -2.750e-01, 1.112e+05, 0.000e+00, 5.659e-04, 0.000e+00, 2.020e+00, 9.984e+02, 2.538e-07
1.735e+00, 5.000e-01, -2.650e-01, 1.112e+05, 0.000e+00, 5.595e-04, 0.000e+00, 2.020e+00, 9.984e+02, 2.458e-07
1.735e+00, 5.000e-01, -2.550e-01, 1.111e+05, 0.000e+00, 5.473e-04, 0.000e+00, 2.018e+00, 9.984e+02, 2.404e-07
1.735e+00, 5.000e-01, -2.450e-01, 1.110e+05, 0.000e+00, 5.267e-04, 0.000e+00, 2.016e+00, 9.984e+02, 2.314e-07
1.735e+00, 5.000e-01, -2.350e-01, 1.109e+05, 0.000e+00, 4.920e-04, 0.000e+00, 2.014e+00, 9.983e+02, 2.161e-07
1.735e+00, 5.000e-01, -2.250e-01, 1.108e+05, 0.000e+00, 4.416e-04, 0.000e+00, 2.012e+00, 9.983e+02, 1.940e-07
1.735e+00, 5.000e-01, -2.150e-01, 1.107e+05, 0.000e+00, 3.865e-04, 0.000e+00, 2.011e+00, 9.983e+02, 1.698e-07
1.735e+00, 5.000e-01, -2.050e-01, 1.106e+05, 0.000e+00, 3.380e-04, 0.000e+00, 2.009e+00, 9.983e+02, 1.485e-07
1.735e+00, 5.000e-01, -1.950e-01, 1.107e+05, 0.000e+00, 3.173e-04, 0.000e+00, 2.011e+00, 9.983e+02, 1.367e-07
1.735e+00, 5.000e-01, -1.850e-01, 1.106e+05, 0.000e+00, 2.866e-04, 0.000e+00, 2.009e+00, 9.983e+02, 1.230e-07
1.735e+00, 5.000e-01, -1.750e-01, 1.105e+05, 0.000e+00, 2.545e-04, 0.000e+00, 2.007e+00, 9.983e+02, 1.093e-07
1.735e+00, 5.000e-01, -1.650e-01, 1.104e+05, 0.000e+00, 2.365e-04, 0.000e+00, 2.005e+00, 9.983e+02, 1.015e-07
1.735e+00, 5.000e-01, -1.550e-01, 1.103e+05, 0.000e+00, 2.423e-04, 0.000e+00, 2.004e+00, 9.983e+02, 1.040e-07
1.735e+00, 5.000e-01, -1.450e-01, 1.102e+05, 0.000e+00, 2.589e-04, 0.000e+00, 2.002e+00, 9.983e+02, 1.111e-07
1.735e+00, 5.000e-01, -1.350e-01, 1.101e+05, 0.000e+00, 2.480e-04, 0.000e+00, 2.000e+00, 9.983e+02, 1.065e-07
1.735e+00, 5.000e-01, -1.250e-01, 1.112e+05, 0.000e+00, 1.971e-04, 0.000e+00, 2.020e+00, 9.983e+02, 8.565e-08
1.735e+00, 5.000e-01, -1.150e-01, 1.111e+05, 0.000e+00, 1.326e-04, 0.000e+00, 2.018e+00, 9.983e+02, 5.826e-08
1.735e+00, 5.000e-01, -1.050e-01, 1.110e+05, 0.000e+00, 7.837e-05, 0.000e+00, 2.017e+00, 9.983e+02, 3.442e-08
1.735e+00, 5.000e-01, -9.500e-02, 1.109e+05, 0.000e+00, 4.216e-05, 0.000e+00, 2.015e+00, 9.983e+02, 1.852e-08
1.735e+00, 5.000e-01, -8.500e-02, 1.108e+05, 0.000e+00, 2.129e-05, 0.000e+00, 2.013e+00, 9.983e+02, 9.351e-09
1.735e+00, 5.000e-01, -7.500e-02, 1.107e+05, 0.000e+00, 1.031e-05, 0.000e+00, 2.011e+00, 9.983e+02, 4.527e-09
1.735e+00, 5.000e-01, -6.500e-02, 1.106e+05, 0.000e+00, 4.834e-06, 0.000e+00, 2.009e+00, 9.983e+02, 2.123e-09
1.735e+00, 5.000e-01, -5.500e-02, 1.105e+05, 0.000e+00, 2.199e-06, 0.000e+00, 2.008e+00, 9.983e+02, 9.661e-10
1.735e+00, 5.000e-01, -4.500e-02, 1.104e+05, 0.000e+00, 9.684e-07, 0.000e+00, 2.006e+00, 9.983e+02, 4.254e-10
1.735e+00, 5.000e-01, -3.500e-02, 1.103e+05, 0.000e+00, 4.113e-07, 0.000e+00, 2.004e+00, 9.983e+02, 1.807e-10
1.735e+00, 5.000e-01, -2.500e-02, 1.102e+05, 0.000e+00, 1.685e-07, 0.000e+00, 2.002e+00, 9.983e+02, 7.401e-11
1.735e+00, 5.000e-01, -1.500e-02, 1.101e+05, 0.000e+00, 6.723e-08, 0.000e+00, 2.000e+00, 9.983e+02, 2.953e-11
1.735e+00, 5.000e-01, -5.000e-03, 1.100e+05, 0.000e+00, 2.708e-08, 0.000e+00, 1.999e+00, 9.983e+02, 1.189e-11
1.745e+00, 5.000e-01, -1.195e+00, 1.202e+05, 0.000e+00, 1.002e-13, 0.000e+00, 2.184e+00, 9.983e+02, 2.000e-17
1.745e+00, 5.000e-01, -1.185e+00, 1.201e+05, 0.000e+00, 1.002e-13, 0.000e+00, 2.182e+00, 9.983e+02, 2.000e-17
1.745e+00, 5.000e-01, -1.175e+00, 1.200e+05, 0.000e+00, 1.002e-13, 0.000e+00, 2.181e+00, 9.983e+02, 2.000e-17
1.745e+00, 5.000e-01, -1.165e+00, 1.199e+05, 0.000e+00, 1.002e-13, 0.000e+00, 2.179e+00, 9.983e+02, 2.000e-17
1.745e+00, 5.000e-01, -1.155e+00, 1.198e+05, 0.000e+00, 1.002e-13, 0.000e+00, 2.177e+00, 9.983e+02, 2.000e-17
1.745e+00, 5.000e-01, -1.145e+00, 1.197e+05, 0.000e+00, 1.002e-13, 0.000e+00, 2.175e+00, 9.983e+02, 2.000e-17
1.745e+00, 5.000e-01, -1.135e+00, 1.196e+05, 0.000e+00, 1.002e-13, 0.000e+00, 2.173e+00, 9.983e+02, 2.000e-17
1.745e+00, 5.000e-01, -1.125e+00, 1.195e+05, 0.000e+00, 1.002e-13, 0.000e+00, 2.172e+00, 9.983e+02, 2.000e-17
1.745e+00, 5.000e-01, -1.115e+00, 1.194e+05, 0.000e+00, 1.002e-13, 0.000e+00, 2.170e+00, 9.983e+02, 2.000e-17
1.745e+00, 5.000e-01, -1.105e+00, 1.193e+05, 0.000e+00, 1.002e-13, 0.000e+00, 2.168e+00, 9.983e+02, 2.000e-17
1.745e+00, 5.000e-01, -1.095e+00, 1.192e+05, 0.000e+00, 1.002e-13, 0.000e+00, 2.166e+00, 9.983e+02, 2.000e-17
1.745e+00, 5.000e-01, -1.085e+00, 1.191e+05, 0.000e+00, 1.002e-13, 0.000e+00, 2.165e+00, 9.983e+02, 2.000e-17
1.745e+00, 5.000e-01, -1.075e+00, 1.190e+05, 0.000e+00, 2.757e-09, 0.000e+00, 2.163e+00, 9.983e+02, 1.184e-12
1.745e+00, 5.000e-01, -1.065e+00, 1.189e+05, 0.000e+00, 5.782e-04, 0.000e+00, 2.161e+00, 9.984e+02, 2.482e-07
1.745e+00, 5.000e-01, -1.055e+00, 1.188e+05, 0.000e+00, 5.694e-04, 0.000e+00, 2.159e+00, 9.984e+02, 2.444e-07
1.745e+00, 5.000e-01, -1.045e+00, 1.187e+05, 0.000e+00, 5.560e-04, 0.000e+00, 2.158e+00, 9.984e+02, 2.387e-07
1.745e+00, 5.000e-01, -1.035e+00, 1.186e+05, 0.000e+00, 5.412e-04, 0.000e+00, 2.156e+00, 9.984e+02, 2.323e-07
1.745e+00, 5.000e-01, -1.025e+00, 1.185e+05, 0.000e+00, 5.264e-04, 0.000e+00, 2.154e+00, 9.984e+02, 2.260e-07
1.745e+00, 5.000e-01, -1.015e+00, 1.185e+05, 0.000e+00, 5.110e-04, 0.000e+00, 2.152e+00, 9.984e+02, 2.194e-07
1.745e+00, 5.000e-01, -1.005e+00, 1.184e+05, 0.000e+00, 4.888e-04, 0.000e+00, 2.150e+00, 9.984e+02, 2.098e-07
1.745e+00, 5.000e-01, -9.950e-01, 1.183e+05, 0.000e+00, 4.608e-04, 0.000e+00, 2.149e+00, 9.983e+02, 1.978e-07
1.745e+00, 5.000e-01, -9.850e-01, 1.182e+05, 0.000e+00, 4.352e-04, 0.000e+00, 2.147e+00, 9.983e+02, 1.868e-07
1.745e+00, 5.000e-01, -9.750e-01, 1.181e+05, 0.000e+00, 4.135e-04, 0.000e+00, 2.145e+00, 9.983e+02, 1.775e-07
1.745e+00, 5.000e-01, -9.650e-01, 1.180e+05, 0.000e+00, 4.044e-04, 0.000e+00, 2.143e+00, 9.983e+02, 1.736e-07
1.745e+00, 5.000e-01, -9.550e-01, 1.179e+05, 0.000e+00, 4.489e-04, 0.000e+00, 2.141e+00, 9.983e+02, 1.927e-07
1.745e+00, 5.000e-01, -9.450e-01, 1.178e+05, 0.000e+00, 5.338e-04, 0.000e+00, 2.140e+00, 9.984e+02, 2.292e-07
1.745e+00, 5.000e-01, -9.350e-01, 1.177e+05, 0.000e+00, 5.978e-04, 0.000e+00, 2.138e+00, 9.984e+02, 2.566e-07
1.745e+00, 5.000e-01, -9.250e-01, 1.176e+05, 0.000e+00, 6.330e-04, 0.000e+00, 2.136e+00, 9.984e+02, 2.717e-07
1.745e+00, 5.000e-01, -9.150e-01, 1.175e+05, 0.000e+00, 6.529e-04, 0.000e+00, 2.134e+00, 9.984e+02, 2.803e-07
1.745e+00, 5.000e-01, -9.050e-01, 1.174e+05, 0.000e+00, 6.650e-04, 0.000e+00, 2.132e+00, 9.984e+02, 2.855e-07
1.745e+00, 5.000e-01, -8.950e-01, 1.173e+05, 0.000e+00, 6.723e-04, 0.000e+00, 2.131e+00, 9.984e+02, 2.886e-07
1.745e+00, 5.000e-01, -8.850e-01, 1.172e+05, 0.000e+00, 6.759e-04, 0.000e+00, 2.129e+00, 9.984e+02, 2.902e-07
1.745e+00, 5.000e-01, -8.750e-01, 1.171e+05, 0.000e+00, 6.758e-04, 0.000e+00, 2.127e+00, 9.984e+02, 2.901e-07
1.745e+00, 5.000e-01, -8.650e-01, 1.170e+05, 0.000e+00, 6.722e-04, 0.000e+00, 2.125e+00, 9.984e+02, 2.886e-07
1.745e+00, 5.000e-01, -8.550e-01, 1.169e+05, 0.000e+00, 6.653e-04, 0.000e+00, 2.124e+00, 9.984e+02, 2.856e-07
1.745e+00, 5.000e-01, -8.450e-01, 1.168e+05, 0.000e+00, 6.556e-04, 0.000e+00, 2.122e+00, 9.984e+02, 2.815e-07
1.745e+00, 5.000e-01, -8.350e-01, 1.167e+05, 0.000e+00, 6.439e-04, 0.000e+00, 2.120e+00, 9.984e+02, 2.764e-07
1.745e+00, 5.000e-01, -8.250e-01, 1.166e+05, 0.000e+00, 6.308e-04, 0.000e+00, 2.118e+00, 9.984e+02, 2.708e-07
1.745e+00, 5.000e-01, -8.150e-01, 1.165e+05, 0.000e+00, 6.168e-04, 0.000e+00, 2.116e+00, 9.984e+02, 2.648e-07
1.745e+00, 5.000e-01, -8.050e-01, 1.164e+05, 0.000e+00, 6.022e-04, 0.000e+00, 2.115e+00, 9.984e+02, 2.585e-07
1.745e+00, 5.000e-01, -7.950e-01, 1.163e+05, 0.000e+00, 5.883e-04, 0.000e+00, 2.113e+00, 9.984e+02, 2.525e-07
1.745e+00, 5.000e-01, -7.850e-01, 1.162e+05, 0.000e+00, 5.767e-04, 0.000e+00, 2.111e+00, 9.984e+02, 2.476e-07
1.745e+00, 5.000e-01, -7.750e-01, 1.161e+05, 0.000e+00, 5.692e-04, 0.000e+00, 2.109e+00, 9.984e+02, 2.444e-07
1.745e+00, 5.000e-01, -7.650e-01, 1.160e+05, 0.000e+00, 5.645e-04, 0.000e+00, 2.107e+00, 9.984e+02, 2.423e-07
1.745e+00, 5.000e-01, -7.550e-01, 1.159e+05, 0.000e+00, 5.517e-04, 0.000e+00, 2.106e+00, 9.984e+02, 2.368e-07
1.745e+00, 5.000e-01, -7.450e-01, 1.158e+05, 0.000e+00, 5.264e-04, 0.000e+00, 2.104e+00, 9.984e+02, 2.260e-07
1.745e+00, 5.000e-01, -7.350e-01, 1.157e+05, 6.753e-07, 5.813e-04, 0.000e+00, 2.102e+00, 9.984e+02, 2.495e-07
1.745e+00, 5.000e-01, -7.250e-01, 1.156e+05, 4.720e-01, 1.895e-03, 0.000e+00, 2.100e+00, 9.986e+02, 8.559e-07
1.745e+00, 5.000e-01, -7.150e-01, 1.156e+05, 8.683e-01, 1.895e-03, 0.000e+00, 2.100e+00, 9.986e+02, 8.914e-07
1.745e+00, 5.000e-01, -7.050e-01, 1.156e+05, 8.724e-01, 1.895e-03, 0.000e+00, 2.100e+00, 9.986e+02, 8.917e-07
1.745e+00, 5.000e-01, -6.950e-01, 1.156e+05, 8.738e-01, 1.895e-03, 0.000e+00, 2.100e+00, 9.986e+02, 8.918e-07
1.745e+00, 5.000e-01, -6.850e-01, 1.156e+05, 8.753e-01, 1.895e-03, 0.000e+00, 2.100e+00, 9.986e+02, 8.980e-07
1.745e+00, 5.000e-01, -6.750e-01, 1.166e+05, 0.000e+00, 3.761e-04, 0.000e+00, 2.119e+00, 9.983e+02, 1.652e-07
1.745e+00, 5.000e-01, -6.650e-01, 1.165e+05, 0.000e+00, 2.355e-04, 0.000e+00, 2.117e+00, 9.983e+02, 1.034e-07
1.745e+00, 5.000e-01, -6.550e-01, 1.164e+05, 0.000e+00, 1.387e-04, 0.000e+00, 2.115e+00, 9.983e+02, 6.093e-08
1.745e+00, 5.000e-01, -6.450e-01, 1.163e+05, 0.000e+00, 7.968e-05, 0.000e+00, 2.113e+00, 9.983e+02, 3.500e-08
1.745e+00, 5.000e-01, -6.350e-01, 1.162e+05, 0.000e+00, 5.189e-05, 0.000e+00, 2.111e+00, 9.983e+02, 2.279e-08
1.745e+00, 5.000e-01, -6.250e-01, 1.161e+05, 0.000e+00, 5.163e-05, 0.000e+00, 2.110e+00, 9.983e+02, 2.268e-08
1.745e+00, 5.000e-01, -6.150e-01, 1.160e+05, 0.000e+00, 7.988e-05, 0.000e+00, 2.108e+00, 9.983e+02, 3.509e-08
1.745e+00, 5.000e-01, -6.050e-01, 1.159e+05, 0.000e+00, 1.415e-04, 0.000e+00, 2.106e+00, 9.983e+02, 6.215e-08
1.745e+00, 5.000e-01, -5.950e-01, 1.158e+05, 0.000e+00, 2.408e-04, 0.000e+00, 2.104e+00, 9.983e+02, 1.058e-07
1.745e+00, 5.000e-01, -5.850e-01, 1.157e+05, 0.000e+00, 3.747e-04, 0.000e+00, 2.102e+00, 9.983e+02, 1.646e-07
1.745e+00, 5.000e-01, -5.750e-01, 1.156e+05, 0.000e+00, 5.258e-04, 0.000e+00, 2.101e+00, 9.984e+02, 2.310e-07
1.745e+00, 5.000e-01, -5.650e-01, 1.155e+05, 0.000e+00, 6.632e-04, 0.000e+00, 2.099e+00, 9.984e+02, 2.913e-07
1.745e+00, 5.000e-01, -5.550e-01, 1.140e+05, 0.000e+00, 7.521e-04, 0.000e+00, 2.070e+00, 9.984e+02, 3.356e-07
1.745e+00, 5.000e-01, -5.450e-01, 1.139e+05, 0.000e+00, 7.794e-04, 0.000e+00, 2.068e+00, 9.984e+02, 3.502e-07
1.745e+00, 5.000e-01, -5.350e-01, 1.138e+05, 0.000e+00, 7.567e-04, 0.000e+00, 2.067e+00, 9.984e+02, 3.400e-07
1.745e+00, 5.000e-01, -5.250e-01, 1.137e+05, 0.000e+00, 7.055e-04, 0.000e+00, 2.065e+00, 9.984e+02, 3.169e-07
1.745e+00, 5.000e-01, -5.150e-01, 1.136e+05, 0.000e+00, 6.526e-04, 0.000e+00, 2.063e+00, 9.984e+02, 2.932e-07
1.745e+00, 5.000e-01, -5.050e-01, 1.135e+05, 0.000e+00, 6.284e-04, 0.000e+00, 2.061e+00, 9.984e+02, 2.823e-07
1.745e+00, 5.000e-01, -4.950e-01, 1.134e+05, 0.000e+00, 6.372e-04, 0.000e+00, 2.059e+00, 9.984e+02, 2.775e-07
1.745e+00, 5.000e-01, -4.850e-01, 1.133e+05, 0.000e+00, 6.492e-04, 0.000e+00, 2.057e+00, 9.984e+02, 2.787e-07
1.745e+00, 5.000e-01, -4.750e-01, 1.132e+05, 0.000e+00, 6.530e-04, 0.000e+00, 2.056e+00, 9.984e+02, 2.803e-07
1.745e+00, 5.000e-01, -4.650e-01, 1.131e+05, 0.000e+00, 6.522e-04, 0.000e+00, 2.054e+00, 9.984e+02, 2.800e-07
1.745e+00, 5.000e-01, -4.550e-01, 1.130e+05, 0.000e+00, 6.513e-04, 0.000e+00, 2.052e+00, 9.984e+02, 2.796e-07
1.745e+00, 5.000e-01, -4.450e-01, 1.129e+05, 0.000e+00, 6.524e-04, 0.000e+00, 2.050e+00, 9.984e+02, 2.801e-07
1.745e+00, 5.000e-01, -4.350e-01, 1.128e+05, 0.000e+00, 6.558e-04, 0.000e+00, 2.048e+00, 9.984e+02, 2.815e-07
1.745e+00, 5.000e-01, -4.250e-01, 1.127e+05, 0.000e+00, 6.605e-04, 0.000e+00, 2.047e+00, 9.984e+02, 2.835e-07
1.745e+00, 5.000e-01, -4.150e-01, 1.126e+05, 0.000e+00, 6.643e-04, 0.000e+00, 2.045e+00, 9.984e+02, 2.852e-07
1.745e+00, 5.000e-01, -4.050e-01, 1.125e+05, 0.000e+00, 6.644e-04, 0.000e+00, 2.043e+00, 9.984e+02, 2.852e-07
1.745e+00, 5.000e-01, -3.950e-01, 1.124e+05, 0.000e+00, 6.575e-04, 0.000e+00, 2.041e+00, 9.984e+02, 2.822e-07
1.745e+00, 5.000e-01, -3.850e-01, 1.123e+05, 0.000e+00, 6.408e-04, 0.000e+00, 2.039e+00, 9.984e+02, 2.751e-07
1.745e+00, 5.000e-01, -3.750e-01, 1.122e+05, 0.000e+00, 6.119e-04, 0.000e+00, 2.038e+00, 9.984e+02, 2.627e-07
1.745e+00, 5.000e-01, -3.650e-01, 1.121e+05, 0.000e+00, 5.619e-04, 0.000e+00, 2.036e+00, 9.984e+02, 2.412e-07
1.745e+00, 5.000e-01, -3.550e-01, 1.120e+05, 0.000e+00, 5.416e-04, 0.000e+00, 2.034e+00, 9.984e+02, 2.413e-07
1.745e+00, 5.000e-01, -3.450e-01, 1.119e+05, 0.000e+00, 5.344e-04, 0.000e+00, 2.033e+00, 9.984e+02, 2.401e-07
1.745e+00, 5.000e-01, -3.350e-01, 1.118e+05, 0.000e+00, 5.334e-04, 0.000e+00, 2.031e+00, 9.984e+02, 2.396e-07
1.745e+00, 5.000e-01, -3.250e-01, 1.117e+05, 0.000e+00, 5.349e-04, 0.000e+00, 2.029e+00, 9.984e+02, 2.403e-07
1.745e+00, 5.000e-01, -3.150e-01, 1.116e+05, 0.000e+00, 5.378e-04, 0.000e+00, 2.027e+00, 9.984e+02, 2.416e-07
1.745e+00, 5.000e-01, -3.050e-01, 1.115e+05, 0.000e+00, 5.411e-04, 0.000e+00, 2.025e+00, 9.984e+02, 2.431e-07
1.745e+00, 5.000e-01, -2.950e-01, 1.114e+05, 0.000e+00, 5.440e-04, 0.000e+00, 2.024e+00, 9.984e+02, 2.444e-07
1.745e+00, 5.000e-01, -2.850e-01, 1.113e+05, 0.000e+00, 5.470e-04, 0.000e+00, 2.022e+00, 9.984e+02, 2.458e-07
1.745e+00, 5.000e-01, -2.750e-01, 1.112e+05, 0.000e+00, 5.485e-04, 0.000e+00, 2.020e+00, 9.984e+02, 2.461e-07
1.745e+00, 5.000e-01, -2.650e-01, 1.112e+05, 0.000e+00, 5.499e-04, 0.000e+00, 2.020e+00, 9.984e+02, 2.416e-07
1.745e+00, 5.000e-01, -2.550e-01, 1.111e+05, 0.000e+00, 5.492e-04, 0.000e+00, 2.018e+00, 9.984e+02, 2.413e-07
1.745e+00, 5.000e-01, -2.450e-01, 1.110e+05, 0.000e+00, 5.431e-04, 0.000e+00, 2.016e+00, 9.984e+02, 2.386e-07
1.745e+00, 5.000e-01, -2.350e-01, 1.109e+05, 0.000e+00, 5.259e-04, 0.000e+00, 2.014e+00, 9.984e+02, 2.310e-07
1.745e+00, 5.000e-01, -2.250e-01, 1.108e+05, 0.000e+00, 4.901e-04, 0.000e+00, 2.012e+00, 9.983e+02, 2.153e-07
1.745e+00, 5.000e-01, -2.150e-01, 1.107e+05, 0.000e+00, 4.407e-04, 0.000e+00, 2.011e+00, 9.983e+02, 1.936e-07
1.745e+00, 5.000e-01, -2.050e-01, 1.106e+05, 0.000e+00, 3.934e-04, 0.000e+00, 2.009e+00, 9.983e+02, 1.728e-07
1.745e+00, 5.000e-01, -1.950e-01, 1.107e+05, 0.000e+00, 3.723e-04, 0.000e+00, 2.011e+00, 9.983e+02, 1.607e-07
1.745e+00, 5.000e-01, -1.850e-01, 1.106e+05, 0.000e+00, 3.403e-04, 0.000e+00, 2.009e+00, 9.983e+02, 1.461e-07
1.745e+00, 5.000e-01, -1.750e-01, 1.105e+05, 0.000e+00, 3.051e-04, 0.000e+00, 2.007e+00, 9.983e+02, 1.310e-07
1.745e+00, 5.000e-01, -1.650e-01, 1.104e+05, 0.000e+00, 2.819e-04, 0.000e+00, 2.005e+00, 9.983e+02, 1.210e-07
1.745e+00, 5.000e-01, -1.550e-01, 1.103e+05, 0.000e+00, 2.775e-04, 0.000e+00, 2.004e+00, 9.983e+02, 1.191e-07
1.745e+00, 5.000e-01, -1.450e-01, 1.102e+05, 0.000e+00, 2.793e-04, 0.000e+00, 2.002e+00, 9.983e+02, 1.199e-07
1.745e+00, 5.000e-01, -1.350e-01, 1.101e+05, 0.000e+00, 2.572e-04, 0.000e+00, 2.000e+00, 9.983e+02, 1.104e-07
1.745e+00, 5.000e-01, -1.250e-01, 1.100e+05, 0.000e+00, 2.019e-04, 0.000e+00, 1.998e+00, 9.983e+02, 8.761e-08
1.745e+00, 5.000e-01, -1.150e-01, 1.111e+05, 0.000e+00, 1.357e-04, 0.000e+00, 2.018e+00, 9.983e+02, 5.961e-08
1.745e+00, 5.000e-01, -1.050e-01, 1.110e+05, 0.000e+00, 8.021e-05, 0.000e+00, 2.017e+00, 9.983e+02, 3.523e-08
1.745e+00, 5.000e-01, -9.500e-02, 1.109e+05, 0.000e+00, 4.309e-05, 0.000e+00, 2.015e+00, 9.983e+02, 1.893e-08
1.745e+00, 5.000e-01, -8.500e-02, 1.108e+05, 0.000e+00, 2.168e-05, 0.000e+00, 2.013e+00, 9.983e+02, 9.524e-09
1.745e+00, 5.000e-01, -7.500e-02, 1.107e+05, 0.000e+00, 1.044e-05, 0.000e+00, 2.011e+00, 9.983e+02, 4.586e-09
1.745e+00, 5.000e-01, -6.500e-02, 1.106e+05, 0.000e+00, 4.868e-06, 0.000e+00, 2.009e+00, 9.983e+02, 2.138e-09
1.745e+00, 5.000e-01, -5.500e-02, 1.105e+05, 0.000e+00, 2.204e-06, 0.000e+00, 2.008e+00, 9.983e+02, 9.681e-10
1.745e+00, 5.000e-01, -4.500e-02, 1.104e+05, 0.000e+00, 9.669e-07, 0.000e+00, 2.006e+00, 9.983e+02, 4.247e-10
1.745e+00, 5.000e-01, -3.500e-02, 1.103e+05, 0.000e+00, 4.096e-07, 0.000e+00, 2.004e+00, 9.983e+02, 1.799e-10
1.745e+00, 5.000e-01, -2.500e-02, 1.102e+05, 0.000e+00, 1.675e-07, 0.000e+00, 2.002e+00, 9.983e+02, 7.358e-11
1.745e+00, 5.000e-01, -1.500e-02, 1.101e+05, 0.000e+00, 6.673e-08, 0.000e+00, 2.000e+00, 9.983e+02, 2.931e-11
1.745e+00, 5.000e-01, -5.000e-03, 1.100e+05, 0.000e+00, 2.678e-08, 0.000e+00, 1.999e+00, 9.983e+02, 1.176e-11
1.755e+00, 5.000e-01, -1.195e+00, 1.202e+05, 0.000e+00, 1.002e-13, 0.000e+00, 2.184e+00, 9.983e+02, 2.000e-17
1.755e+00, 5.000e-01, -1.185e+00, 1.201e+05, 0.000e+00, 1.002e-13, 0.000e+00, 2.182e+00, 9.983e+02, 2.000e-17
1.755e+00, 5.000e-01, -1.175e+00, 1.200e+05, 0.000e+00, 1.002e-13, 0.000e+00, 2.181e+00, 9.983e+02, 2.000e-17
1.755e+00, 5.000e-01, -1.165e+00, 1.199e+05, 0.000e+00, 1.002e-13, 0.000e+00, 2.179e+00, 9.983e+02, 2.000e-17
1.755e+00, 5.000e-01, -1.155e+00, 1.198e+05, 0.000e+00, 1.002e-13, 0.000e+00, 2.177e+00, 9.983e+02, 2.000e-17
1.755e+00, 5.000e-01, -1.145e+00, 1.197e+05, 0.000e+00, 1.002e-13, 0.000e+00, 2.175e+00, 9.983e+02, 2.000e-17
1.755e+00, 5.000e-01, -1.135e+00, 1.196e+05, 0.000e+00, 1.002e-13, 0.000e+00, 2.173e+00, 9.983e+02, 2.000e-17
1.755e+00, 5.000e-01, -1.125e+00, 1.195e+05, 0.000e+00, 1.002e-13, 0.000e+00, 2.172e+00, 9.983e+02, 2.000e-17
1.755e+00, 5.000e-01, -1.115e+00, 1.194e+05, 0.000e+00, 1.002e-13, 0.000e+00, 2.170e+00, 9.983e+02, 2.000e-17
1.755e+00, 5.000e-01, -1.105e+00, 1.193e+05, 0.000e+00, 1.002e-13, 0.000e+00, 2.168e+00, 9.983e+02, 2.000e-17
1.755e+00, 5.000e-01, -1.095e+00, 1.192e+05, 0.000e+00, 1.002e-13, 0.000e+00, 2.166e+00, 9.983e+02, 2.000e-17
1.755e+00, 5.000e-01, -1.085e+00, 1.191e+05, 0.000e+00, 1.002e-13, 0.000e+00, 2.165e+00, 9.983e+02, 2.000e-17
1.755e+00, 5.000e-01, -1.075e+00, 1.190e+05, 0.000e+00, 2.768e-09, 0.000e+00, 2.163e+00, 9.983e+02, 1.188e-12
1.755e+00, 5.000e-01, -1.065e+00, 1.189e+05, 0.000e+00, 5.802e-04, 0.000e+00, 2.161e+00, 9.984e+02, 2.491e-07
1.755e+00, 5.000e-01, -1.055e+00, 1.188e+05, 0.000e+00, 5.708e-04, 0.000e+00, 2.159e+00, 9.984e+02, 2.450e-07
1.755e+00, 5.000e-01, -1.045e+00, 1.187e+05, 0.000e+00, 5.572e-04, 0.000e+00, 2.158e+00, 9.984e+02, 2.392e-07
1.755e+00, 5.000e-01, -1.035e+00, 1.186e+05, 0.000e+00, 5.433e-04, 0.000e+00, 2.156e+00, 9.984e+02, 2.332e-07
1.755e+00, 5.000e-01, -1.025e+00, 1.185e+05, 0.000e+00, 5.309e-04, 0.000e+00, 2.154e+00, 9.984e+02, 2.279e-07
1.755e+00, 5.000e-01, -1.015e+00, 1.185e+05, 0.000e+00, 5.192e-04, 0.000e+00, 2.152e+00, 9.984e+02, 2.229e-07
1.755e+00, 5.000e-01, -1.005e+00, 1.184e+05, 0.000e+00, 5.047e-04, 0.000e+00, 2.150e+00, 9.984e+02, 2.167e-07
1.755e+00, 5.000e-01, -9.950e-01, 1.183e+05, 0.000e+00, 4.808e-04, 0.000e+00, 2.149e+00, 9.984e+02, 2.064e-07
1.755e+00, 5.000e-01, -9.850e-01, 1.182e+05, 0.000e+00, 4.510e-04, 0.000e+00, 2.147e+00, 9.983e+02, 1.936e-07
1.755e+00, 5.000e-01, -9.750e-01, 1.181e+05, 0.000e+00, 4.250e-04, 0.000e+00, 2.145e+00, 9.983e+02, 1.825e-07
1.755e+00, 5.000e-01, -9.650e-01, 1.180e+05, 0.000e+00, 4.058e-04, 0.000e+00, 2.143e+00, 9.983e+02, 1.742e-07
1.755e+00, 5.000e-01, -9.550e-01, 1.179e+05, 0.000e+00, 4.149e-04, 0.000e+00, 2.141e+00, 9.983e+02, 1.781e-07
1.755e+00, 5.000e-01, -9.450e-01, 1.178e+05, 0.000e+00, 4.642e-04, 0.000e+00, 2.140e+00, 9.983e+02, 1.993e-07
1.755e+00, 5.000e-01, -9.350e-01, 1.177e+05, 0.000e+00, 5.188e-04, 0.000e+00, 2.138e+00, 9.984e+02, 2.227e-07
1.755e+00, 5.000e-01, -9.250e-01, 1.176e+05, 0.000e+00, 5.562e-04, 0.000e+00, 2.136e+00, 9.984e+02, 2.388e-07
1.755e+00, 5.000e-01, -9.150e-01, 1.175e+05, 0.000e+00, 5.749e-04, 0.000e+00, 2.134e+00, 9.984e+02, 2.468e-07
1.755e+00, 5.000e-01, -9.050e-01, 1.174e+05, 0.000e+00, 5.846e-04, 0.000e+00, 2.132e+00, 9.984e+02, 2.510e-07
1.755e+00, 5.000e-01, -8.950e-01, 1.173e+05, 0.000e+00, 5.897e-04, 0.000e+00, 2.131e+00, 9.984e+02, 2.532e-07
1.755e+00, 5.000e-01, -8.850e-01, 1.172e+05, 0.000e+00, 5.916e-04, 0.000e+00, 2.129e+00, 9.984e+02, 2.540e-07
1.755e+00, 5.000e-01, -8.750e-01, 1.171e+05, 0.000e+00, 5.904e-04, 0.000e+00, 2.127e+00, 9.984e+02, 2.535e-07
1.755e+00, 5.000e-01, -8.650e-01, 1.170e+05, 0.000e+00, 5.855e-04, 0.000e+00, 2.125e+00, 9.984e+02, 2.513e-07
1.755e+00, 5.000e-01, -8.550e-01, 1.169e+05, 0.000e+00, 5.710e-04, 0.000e+00, 2.124e+00, 9.984e+02, 2.451e-07
1.755e+00, 5.000e-01, -8.450e-01, 1.168e+05, 0.000e+00, 5.553e-04, 0.000e+00, 2.122e+00, 9.984e+02, 2.384e-07
1.755e+00, 5.000e-01, -8.350e-01, 1.167e+05, 0.000e+00, 5.442e-04, 0.000e+00, 2.120e+00, 9.984e+02, 2.336e-07
1.755e+00, 5.000e-01, -8.250e-01, 1.166e+05, 0.000e+00, 5.363e-04, 0.000e+00, 2.118e+00, 9.984e+02, 2.302e-07
1.755e+00, 5.000e-01, -8.150e-01, 1.165e+05, 0.000e+00, 5.286e-04, 0.000e+00, 2.116e+00, 9.984e+02, 2.269e-07
1.755e+00, 5.000e-01, -8.050e-01, 1.164e+05, 0.000e+00, 5.203e-04, 0.000e+00, 2.115e+00, 9.984e+02, 2.234e-07
1.755e+00, 5.000e-01, -7.950e-01, 1.163e+05, 0.000e+00, 5.117e-04, 0.000e+00, 2.113e+00, 9.984e+02, 2.197e-07
1.755e+00, 5.000e-01, -7.850e-01, 1.162e+05, 0.000e+00, 5.039e-04, 0.000e+00, 2.111e+00, 9.984e+02, 2.163e-07
1.755e+00, 5.000e-01, -7.750e-01, 1.161e+05, 0.000e+00, 4.979e-04, 0.000e+00, 2.109e+00, 9.984e+02, 2.138e-07
1.755e+00, 5.000e-01, -7.650e-01, 1.160e+05, 0.000e+00, 4.933e-04, 0.000e+00, 2.107e+00, 9.984e+02, 2.118e-07
1.755e+00, 5.000e-01, -7.550e-01, 1.159e+05, 0.000e+00, 4.883e-04, 0.000e+00, 2.106e+00, 9.984e+02, 2.096e-07
1.755e+00, 5.000e-01, -7.450e-01, 1.158e+05, 0.000e+00, 4.853e-04, 0.000e+00, 2.104e+00, 9.984e+02, 2.083e-07
1.755e+00, 5.000e-01, -7.350e-01, 1.157e+05, 6.752e-07, 5.412e-04, 0.000e+00, 2.102e+00, 9.984e+02, 2.323e-07
1.755e+00, 5.000e-01, -7.250e-01, 1.156e+05, 4.720e-01, 1.895e-03, 0.000e+00, 2.100e+00, 9.986e+02, 8.559e-07
1.755e+00, 5.000e-01, -7.150e-01, 1.156e+05, 8.683e-01, 1.895e-03, 0.000e+00, 2.100e+00, 9.986e+02, 8.914e-07
1.755e+00, 5.000e-01, -7.050e-01, 1.156e+05, 8.724e-01, 1.895e-03, 0.000e+00, 2.100e+00, 9.986e+02, 8.917e-07
1.755e+00, 5.000e-01, -6.950e-01, 1.156e+05, 8.738e-01, 1.895e-03, 0.000e+00, 2.100e+00, 9.986e+02, 8.918e-07
1.755e+00, 5.000e-01, -6.850e-01, 1.156e+05, 8.753e-01, 1.895e-03, 0.000e+00, 2.100e+00, 9.986e+02, 8.980e-07
1.755e+00, 5.000e-01, -6.750e-01, 1.166e+05, 0.000e+00, 3.760e-04, 0.000e+00, 2.119e+00, 9.983e+02, 1.652e-07
1.755e+00, 5.000e-01, -6.650e-01, 1.165e+05, 0.000e+00, 2.355e-04, 0.000e+00, 2.117e+00, 9.983e+02, 1.034e-07
1.755e+00, 5.000e-01, -6.550e-01, 1.164e+05, 0.000e+00, 1.386e-04, 0.000e+00, 2.115e+00, 9.983e+02, 6.088e-08
1.755e+00, 5.000e-01, -6.450e-01, 1.163e+05, 0.000e+00, 7.932e-05, 0.000e+00, 2.113e+00, 9.983e+02, 3.484e-08
1.755e+00, 5.000e-01, -6.350e-01, 1.162e+05, 0.000e+00, 5.097e-05, 0.000e+00, 2.111e+00, 9.983e+02, 2.239e-08
1.755e+00, 5.000e-01, -6.250e-01, 1.161e+05, 0.000e+00, 4.972e-05, 0.000e+00, 2.110e+00, 9.983e+02, 2.184e-08
1.755e+00, 5.000e-01, -6.150e-01, 1.160e+05, 0.000e+00, 7.645e-05, 0.000e+00, 2.108e+00, 9.983e+02, 3.358e-08
1.755e+00, 5.000e-01, -6.050e-01, 1.159e+05, 0.000e+00, 1.361e-04, 0.000e+00, 2.106e+00, 9.983e+02, 5.979e-08
1.755e+00, 5.000e-01, -5.950e-01, 1.158e+05, 0.000e+00, 2.336e-04, 0.000e+00, 2.104e+00, 9.983e+02, 1.026e-07
1.755e+00, 5.000e-01, -5.850e-01, 1.157e+05, 0.000e+00, 3.662e-04, 0.000e+00, 2.102e+00, 9.983e+02, 1.609e-07
1.755e+00, 5.000e-01, -5.750e-01, 1.156e+05, 0.000e+00, 5.174e-04, 0.000e+00, 2.101e+00, 9.984e+02, 2.273e-07
1.755e+00, 5.000e-01, -5.650e-01, 1.155e+05, 0.000e+00, 6.564e-04, 0.000e+00, 2.099e+00, 9.984e+02, 2.883e-07
1.755e+00, 5.000e-01, -5.550e-01, 1.140e+05, 0.000e+00, 7.473e-04, 0.000e+00, 2.070e+00, 9.984e+02, 3.335e-07
1.755e+00, 5.000e-01, -5.450e-01, 1.139e+05, 0.000e+00, 7.768e-04, 0.000e+00, 2.068e+00, 9.984e+02, 3.490e-07
1.755e+00, 5.000e-01, -5.350e-01, 1.138e+05, 0.000e+00, 7.580e-04, 0.000e+00, 2.067e+00, 9.984e+02, 3.406e-07
1.755e+00, 5.000e-01, -5.250e-01, 1.137e+05, 0.000e+00, 7.114e-04, 0.000e+00, 2.065e+00, 9.984e+02, 3.196e-07
1.755e+00, 5.000e-01, -5.150e-01, 1.136e+05, 0.000e+00, 6.591e-04, 0.000e+00, 2.063e+00, 9.984e+02, 2.961e-07
1.755e+00, 5.000e-01, -5.050e-01, 1.135e+05, 0.000e+00, 6.256e-04, 0.000e+00, 2.061e+00, 9.984e+02, 2.811e-07
1.755e+00, 5.000e-01, -4.950e-01, 1.134e+05, 0.000e+00, 6.252e-04, 0.000e+00, 2.059e+00, 9.984e+02, 2.729e-07
1.755e+00, 5.000e-01, -4.850e-01, 1.133e+05, 0.000e+00, 6.347e-04, 0.000e+00, 2.057e+00, 9.984e+02, 2.725e-07
1.755e+00, 5.000e-01, -4.750e-01, 1.132e+05, 0.000e+00, 6.379e-04, 0.000e+00, 2.056e+00, 9.984e+02, 2.738e-07
1.755e+00, 5.000e-01, -4.650e-01, 1.131e+05, 0.000e+00, 6.365e-04, 0.000e+00, 2.054e+00, 9.984e+02, 2.732e-07
1.755e+00, 5.000e-01, -4.550e-01, 1.130e+05, 0.000e+00, 6.352e-04, 0.000e+00, 2.052e+00, 9.984e+02, 2.727e-07
1.755e+00, 5.000e-01, -4.450e-01, 1.129e+05, 0.000e+00, 6.366e-04, 0.000e+00, 2.050e+00, 9.984e+02, 2.733e-07
1.755e+00, 5.000e-01, -4.350e-01, 1.128e+05, 0.000e+00, 6.420e-04, 0.000e+00, 2.048e+00, 9.984e+02, 2.756e-07
1.755e+00, 5.000e-01, -4.250e-01, 1.127e+05, 0.000e+00, 6.507e-04, 0.000e+00, 2.047e+00, 9.984e+02, 2.794e-07
1.755e+00, 5.000e-01, -4.150e-01, 1.126e+05, 0.000e+00, 6.608e-04, 0.000e+00, 2.045e+00, 9.984e+02, 2.837e-07
1.755e+00, 5.000e-01, -4.050e-01, 1.125e+05, 0.000e+00, 6.686e-04, 0.000e+00, 2.043e+00, 9.984e+02, 2.870e-07
1.755e+00, 5.000e-01, -3.950e-01, 1.124e+05, 0.000e+00, 6.700e-04, 0.000e+00, 2.041e+00, 9.984e+02, 2.877e-07
1.755e+00, 5.000e-01, -3.850e-01, 1.123e+05, 0.000e+00, 6.619e-04, 0.000e+00, 2.039e+00, 9.984e+02, 2.842e-07
1.755e+00, 5.000e-01, -3.750e-01, 1.122e+05, 0.000e+00, 6.422e-04, 0.000e+00, 2.038e+00, 9.984e+02, 2.757e-07
1.755e+00, 5.000e-01, -3.650e-01, 1.121e+05, 0.000e+00, 6.096e-04, 0.000e+00, 2.036e+00, 9.984e+02, 2.617e-07
1.755e+00, 5.000e-01, -3.550e-01, 1.120e+05, 0.000e+00, 5.629e-04, 0.000e+00, 2.034e+00, 9.984e+02, 2.504e-07
1.755e+00, 5.000e-01, -3.450e-01, 1.119e+05, 0.000e+00, 5.447e-04, 0.000e+00, 2.033e+00, 9.984e+02, 2.447e-07
1.755e+00, 5.000e-01, -3.350e-01, 1.118e+05, 0.000e+00, 5.364e-04, 0.000e+00, 2.031e+00, 9.984e+02, 2.410e-07
1.755e+00, 5.000e-01, -3.250e-01, 1.117e+05, 0.000e+00, 5.324e-04, 0.000e+00, 2.029e+00, 9.984e+02, 2.392e-07
1.755e+00, 5.000e-01, -3.150e-01, 1.116e+05, 0.000e+00, 5.306e-04, 0.000e+00, 2.027e+00, 9.984e+02, 2.384e-07
1.755e+00, 5.000e-01, -3.050e-01, 1.115e+05, 0.000e+00, 5.299e-04, 0.000e+00, 2.025e+00, 9.984e+02, 2.381e-07
1.755e+00, 5.000e-01, -2.950e-01, 1.114e+05, 0.000e+00, 5.295e-04, 0.000e+00, 2.024e+00, 9.984e+02, 2.379e-07
1.755e+00, 5.000e-01, -2.850e-01, 1.113e+05, 0.000e+00, 5.281e-04, 0.000e+00, 2.022e+00, 9.984e+02, 2.372e-07
1.755e+00, 5.000e-01, -2.750e-01, 1.112e+05, 0.000e+00, 5.264e-04, 0.000e+00, 2.020e+00, 9.984e+02, 2.362e-07
1.755e+00, 5.000e-01, -2.650e-01, 1.112e+05, 0.000e+00, 5.298e-04, 0.000e+00, 2.020e+00, 9.984e+02, 2.327e-07
1.755e+00, 5.000e-01, -2.550e-01, 1.111e+05, 0.000e+00, 5.378e-04, 0.000e+00, 2.018e+00, 9.984e+02, 2.362e-07
1.755e+00, 5.000e-01, -2.450e-01, 1.110e+05, 0.000e+00, 5.456e-04, 0.000e+00, 2.016e+00, 9.984e+02, 2.397e-07
1.755e+00, 5.000e-01, -2.350e-01, 1.109e+05, 0.000e+00, 5.463e-04, 0.000e+00, 2.014e+00, 9.984e+02, 2.400e-07
1.755e+00, 5.000e-01, -2.250e-01, 1.108e+05, 0.000e+00, 5.318e-04, 0.000e+00, 2.012e+00, 9.984e+02, 2.336e-07
1.755e+00, 5.000e-01, -2.150e-01, 1.107e+05, 0.000e+00, 4.982e-04, 0.000e+00, 2.011e+00, 9.984e+02, 2.189e-07
1.755e+00, 5.000e-01, -2.050e-01, 1.106e+05, 0.000e+00, 4.582e-04, 0.000e+00, 2.009e+00, 9.983e+02, 2.013e-07
1.755e+00, 5.000e-01, -1.950e-01, 1.107e+05, 0.000e+00, 4.338e-04, 0.000e+00, 2.011e+00, 9.983e+02, 1.875e-07
1.755e+00, 5.000e-01, -1.850e-01, 1.106e+05, 0.000e+00, 4.003e-04, 0.000e+00, 2.009e+00, 9.983e+02, 1.718e-07
1.755e+00, 5.000e-01, -1.750e-01, 1.105e+05, 0.000e+00, 3.623e-04, 0.000e+00, 2.007e+00, 9.983e+02, 1.555e-07
1.755e+00, 5.000e-01, -1.650e-01, 1.104e+05, 0.000e+00, 3.329e-04, 0.000e+00, 2.005e+00, 9.983e+02, 1.429e-07
1.755e+00, 5.000e-01, -1.550e-01, 1.103e+05, 0.000e+00, 3.163e-04, 0.000e+00, 2.004e+00, 9.983e+02, 1.358e-07
1.755e+00, 5.000e-01, -1.450e-01, 1.102e+05, 0.000e+00, 3.021e-04, 0.000e+00, 2.002e+00, 9.983e+02, 1.297e-07
1.755e+00, 5.000e-01, -1.350e-01, 1.101e+05, 0.000e+00, 2.684e-04, 0.000e+00, 2.000e+00, 9.983e+02, 1.152e-07
1.755e+00, 5.000e-01, -1.250e-01, 1.100e+05, 0.000e+00, 2.079e-04, 0.000e+00, 1.998e+00, 9.983e+02, 9.003e-08
1.755e+00, 5.000e-01, -1.150e-01, 1.111e+05, 0.000e+00, 1.393e-04, 0.000e+00, 2.018e+00, 9.983e+02, 6.120e-08
1.755e+00, 5.000e-01, -1.050e-01, 1.110e+05, 0.000e+00, 8.216e-05, 0.000e+00, 2.017e+00, 9.983e+02, 3.609e-08
1.755e+00, 5.000e-01, -9.500e-02, 1.109e+05, 0.000e+00, 4.396e-05, 0.000e+00, 2.015e+00, 9.983e+02, 1.931e-08
1.755e+00, 5.000e-01, -8.500e-02, 1.108e+05, 0.000e+00, 2.198e-05, 0.000e+00, 2.013e+00, 9.983e+02, 9.653e-09
1.755e+00, 5.000e-01, -7.500e-02, 1.107e+05, 0.000e+00, 1.050e-05, 0.000e+00, 2.011e+00, 9.983e+02, 4.612e-09
1.755e+00, 5.000e-01, -6.500e-02, 1.106e+05, 0.000e+00, 4.857e-06, 0.000e+00, 2.009e+00, 9.983e+02, 2.134e-09
1.755e+00, 5.000e-01, -5.500e-02, 1.105e+05, 0.000e+00, 2.185e-06, 0.000e+00, 2.008e+00, 9.983e+02, 9.596e-10
1.755e+00, 5.000e-01, -4.500e-02, 1.104e+05, 0.000e+00, 9.536e-07, 0.000e+00, 2.006e+00, 9.983e+02, 4.188e-10
1.755e+00, 5.000e-01, -3.500e-02, 1.103e+05, 0.000e+00, 4.026e-07, 0.000e+00, 2.004e+00, 9.983e+02, 1.768e-10
1.755e+00, 5.000e-01, -2.500e-02, 1.102e+05, 0.000e+00, 1.642e-07, 0.000e+00, 2.002e+00, 9.983e+02, 7.214e-11
1.755e+00, 5.000e-01, -1.500e-02, 1.101e+05, 0.000e+00, 6.526e-08, 0.000e+00, 2.000e+00, 9.983e+02, 2.867e-11
1.755e+00, 5.000e-01, -5.000e-03, 1.100e+05, 0.000e+00, 2.609e-08, 0.000e+00, 1.999e+00, 9.983e+02, 1.146e-11
1.765e+00, 5.000e-01, -1.195e+00, 1.202e+05, 0.000e+00, 1.002e-13, 0.000e+00, 2.184e+00, 9.983e+02, 2.000e-17
1.765e+00, 5.000e-01, -1.185e+00, 1.201e+05, 0.000e+00, 1.002e-13, 0.000e+00, 2.182e+00, 9.983e+02, 2.000e-17
1.765e+00, 5.000e-01, -1.175e+00, 1.200e+05, 0.000e+00, 1.002e-13, 0.000e+00, 2.181e+00, 9.983e+02, 2.000e-17
1.765e+00, 5.000e-01, -1.165e+00, 1.199e+05, 0.000e+00, 1.002e-13, 0.000e+00, 2.179e+00, 9.983e+02, 2.000e-17
1.765e+00, 5.000e-01, -1.155e+00, 1.198e+05, 0.000e+00, 1.002e-13, 0.000e+00, 2.177e+00, 9.983e+02, 2.000e-17
1.765e+00, 5.000e-01, -1.145e+00, 1.197e+05, 0.000e+00, 1.002e-13, 0.000e+00, 2.175e+00, 9.983e+02, 2.000e-17
1.765e+00, 5.000e-01, -1.135e+00, 1.196e+05, 0.000e+00, 1.002e-13, 0.000e+00, 2.173e+00, 9.983e+02, 2.000e-17
1.765e+00, 5.000e-01, -1.125e+00, 1.195e+05, 0.000e+00, 1.002e-13, 0.000e+00, 2.172e+00, 9.983e+02, 2.000e-17
1.765e+00, 5.000e-01, -1.115e+00, 1.194e+05, 0.000e+00, 1.002e-13, 0.000e+00, 2.170e+00, 9.983e+02, 2.000e-17
1.765e+00, 5.000e-01, -1.105e+00, 1.193e+05, 0.000e+00, 1.002e-13, 0.000e+00, 2.168e+00, 9.983e+02, 2.000e-17
1.765e+00, 5.000e-01, -1.095e+00, 1.192e+05, 0.000e+00, 1.002e-13, 0.000e+00, 2.166e+00, 9.983e+02, 2.000e-17
1.765e+00, 5.000e-01, -1.085e+00, 1.191e+05, 0.000e+00, 1.002e-13, 0.000e+00, 2.165e+00, 9.983e+02, 2.002e-17
1.765e+00, 5.000e-01, -1.075e+00, 1.190e+05, 0.000e+00, 2.791e-09, 0.000e+00, 2.163e+00, 9.983e+02, 1.195e-12
1.765e+00, 5.000e-01, -1.065e+00, 1.189e+05, 0.000e+00, 5.815e-04, 0.000e+00, 2.161e+00, 9.984e+02, 2.496e-07
1.765e+00, 5.000e-01, -1.055e+00, 1.188e+05, 0.000e+00, 5.713e-04, 0.000e+00, 2.159e+00, 9.984e+02, 2.453e-07
1.765e+00, 5.000e-01, -1.045e+00, 1.187e+05, 0.000e+00, 5.577e-04, 0.000e+00, 2.158e+00, 9.984e+02, 2.394e-07
1.765e+00, 5.000e-01, -1.035e+00, 1.186e+05, 0.000e+00, 5.456e-04, 0.000e+00, 2.156e+00, 9.984e+02, 2.342e-07
1.765e+00, 5.000e-01, -1.025e+00, 1.185e+05, 0.000e+00, 5.367e-04, 0.000e+00, 2.154e+00, 9.984e+02, 2.304e-07
1.765e+00, 5.000e-01, -1.015e+00, 1.185e+05, 0.000e+00, 5.289e-04, 0.000e+00, 2.152e+00, 9.984e+02, 2.270e-07
1.765e+00, 5.000e-01, -1.005e+00, 1.184e+05, 0.000e+00, 5.184e-04, 0.000e+00, 2.150e+00, 9.984e+02, 2.226e-07
1.765e+00, 5.000e-01, -9.950e-01, 1.183e+05, 0.000e+00, 5.010e-04, 0.000e+00, 2.149e+00, 9.984e+02, 2.151e-07
1.765e+00, 5.000e-01, -9.850e-01, 1.182e+05, 0.000e+00, 4.738e-04, 0.000e+00, 2.147e+00, 9.983e+02, 2.034e-07
1.765e+00, 5.000e-01, -9.750e-01, 1.181e+05, 0.000e+00, 4.419e-04, 0.000e+00, 2.145e+00, 9.983e+02, 1.897e-07
1.765e+00, 5.000e-01, -9.650e-01, 1.180e+05, 0.000e+00, 4.166e-04, 0.000e+00, 2.143e+00, 9.983e+02, 1.788e-07
1.765e+00, 5.000e-01, -9.550e-01, 1.179e+05, 0.000e+00, 4.067e-04, 0.000e+00, 2.141e+00, 9.983e+02, 1.746e-07
1.765e+00, 5.000e-01, -9.450e-01, 1.178e+05, 0.000e+00, 4.253e-04, 0.000e+00, 2.140e+00, 9.983e+02, 1.826e-07
1.765e+00, 5.000e-01, -9.350e-01, 1.177e+05, 0.000e+00, 4.568e-04, 0.000e+00, 2.138e+00, 9.983e+02, 1.961e-07
1.765e+00, 5.000e-01, -9.250e-01, 1.176e+05, 0.000e+00, 4.823e-04, 0.000e+00, 2.136e+00, 9.984e+02, 2.071e-07
1.765e+00, 5.000e-01, -9.150e-01, 1.175e+05, 0.000e+00, 4.971e-04, 0.000e+00, 2.134e+00, 9.984e+02, 2.134e-07
1.765e+00, 5.000e-01, -9.050e-01, 1.174e+05, 0.000e+00, 5.047e-04, 0.000e+00, 2.132e+00, 9.984e+02, 2.167e-07
1.765e+00, 5.000e-01, -8.950e-01, 1.173e+05, 0.000e+00, 5.084e-04, 0.000e+00, 2.131e+00, 9.984e+02, 2.183e-07
1.765e+00, 5.000e-01, -8.850e-01, 1.172e+05, 0.000e+00, 5.095e-04, 0.000e+00, 2.129e+00, 9.984e+02, 2.187e-07
1.765e+00, 5.000e-01, -8.750e-01, 1.171e+05, 0.000e+00, 5.078e-04, 0.000e+00, 2.127e+00, 9.984e+02, 2.180e-07
1.765e+00, 5.000e-01, -8.650e-01, 1.170e+05, 0.000e+00, 5.006e-04, 0.000e+00, 2.125e+00, 9.984e+02, 2.149e-07
1.765e+00, 5.000e-01, -8.550e-01, 1.169e+05, 0.000e+00, 4.927e-04, 0.000e+00, 2.124e+00, 9.984e+02, 2.115e-07
1.765e+00, 5.000e-01, -8.450e-01, 1.168e+05, 0.000e+00, 4.878e-04, 0.000e+00, 2.122e+00, 9.984e+02, 2.094e-07
1.765e+00, 5.000e-01, -8.350e-01, 1.167e+05, 0.000e+00, 4.856e-04, 0.000e+00, 2.120e+00, 9.984e+02, 2.085e-07
1.765e+00, 5.000e-01, -8.250e-01, 1.166e+05, 0.000e+00, 4.842e-04, 0.000e+00, 2.118e+00, 9.984e+02, 2.078e-07
1.765e+00, 5.000e-01, -8.150e-01, 1.165e+05, 0.000e+00, 4.827e-04, 0.000e+00, 2.116e+00, 9.984e+02, 2.072e-07
1.765e+00, 5.000e-01, -8.050e-01, 1.164e+05, 0.000e+00, 4.810e-04, 0.000e+00, 2.115e+00, 9.983e+02, 2.065e-07
1.765e+00, 5.000e-01, -7.950e-01, 1.163e+05, 0.000e+00, 4.795e-04, 0.000e+00, 2.113e+00, 9.983e+02, 2.058e-07
1.765e+00, 5.000e-01, -7.850e-01, 1.162e+05, 0.000e+00, 4.792e-04, 0.000e+00, 2.111e+00, 9.983e+02, 2.057e-07
1.765e+00, 5.000e-01, -7.750e-01, 1.161e+05, 0.000e+00, 4.816e-04, 0.000e+00, 2.109e+00, 9.983e+02, 2.067e-07
1.765e+00, 5.000e-01, -7.650e-01, 1.160e+05, 0.000e+00, 4.842e-04, 0.000e+00, 2.107e+00, 9.984e+02, 2.079e-07
1.765e+00, 5.000e-01, -7.550e-01, 1.159e+05, 0.000e+00, 4.839e-04, 0.000e+00, 2.106e+00, 9.984e+02, 2.077e-07
1.765e+00, 5.000e-01, -7.450e-01, 1.158e+05, 0.000e+00, 4.823e-04, 0.000e+00, 2.104e+00, 9.983e+02, 2.071e-07
1.765e+00, 5.000e-01, -7.350e-01, 1.157e+05, 6.752e-07, 5.348e-04, 0.000e+00, 2.102e+00, 9.984e+02, 2.296e-07
1.765e+00, 5.000e-01, -7.250e-01, 1.156e+05, 4.720e-01, 1.895e-03, 0.000e+00, 2.100e+00, 9.986e+02, 8.559e-07
1.765e+00, 5.000e-01, -7.150e-01, 1.156e+05, 8.683e-01, 1.895e-03, 0.000e+00, 2.100e+00, 9.986e+02, 8.914e-07
1.765e+00, 5.000e-01, -7.050e-01, 1.156e+05, 8.724e-01, 1.895e-03, 0.000e+00, 2.100e+00, 9.986e+02, 8.917e-07
1.765e+00, 5.000e-01, -6.950e-01, 1.156e+05, 8.738e-01, 1.895e-03, 0.000e+00, 2.100e+00, 9.986e+02, 8.918e-07
1.765e+00, 5.000e-01, -6.850e-01, 1.156e+05, 8.753e-01, 1.895e-03, 0.000e+00, 2.100e+00, 9.986e+02, 8.981e-07
1.765e+00, 5.000e-01, -6.750e-01, 1.166e+05, 0.000e+00, 3.762e-04, 0.000e+00, 2.119e+00, 9.983e+02, 1.653e-07
1.765e+00, 5.000e-01, -6.650e-01, 1.165e+05, 0.000e+00, 2.357e-04, 0.000e+00, 2.117e+00, 9.983e+02, 1.035e-07
1.765e+00, 5.000e-01, -6.550e-01, 1.164e+05, 0.000e+00, 1.387e-04, 0.000e+00, 2.115e+00, 9.983e+02, 6.091e-08
1.765e+00, 5.000e-01, -6.450e-01, 1.163e+05, 0.000e+00, 7.910e-05, 0.000e+00, 2.113e+00, 9.983e+02, 3.474e-08
1.765e+00, 5.000e-01, -6.350e-01, 1.162e+05, 0.000e+00, 5.019e-05, 0.000e+00, 2.111e+00, 9.983e+02, 2.204e-08
1.765e+00, 5.000e-01, -6.250e-01, 1.161e+05, 0.000e+00, 4.796e-05, 0.000e+00, 2.110e+00, 9.983e+02, 2.106e-08
1.765e+00, 5.000e-01, -6.150e-01, 1.160e+05, 0.000e+00, 7.318e-05, 0.000e+00, 2.108e+00, 9.983e+02, 3.214e-08
1.765e+00, 5.000e-01, -6.050e-01, 1.159e+05, 0.000e+00, 1.309e-04, 0.000e+00, 2.106e+00, 9.983e+02, 5.749e-08
1.765e+00, 5.000e-01, -5.950e-01, 1.158e+05, 0.000e+00, 2.263e-04, 0.000e+00, 2.104e+00, 9.983e+02, 9.939e-08
1.765e+00, 5.000e-01, -5.850e-01, 1.157e+05, 0.000e+00, 3.575e-04, 0.000e+00, 2.102e+00, 9.983e+02, 1.570e-07
1.765e+00, 5.000e-01, -5.750e-01, 1.156e+05, 0.000e+00, 5.086e-04, 0.000e+00, 2.101e+00, 9.984e+02, 2.234e-07
1.765e+00, 5.000e-01, -5.650e-01, 1.155e+05, 0.000e+00, 6.489e-04, 0.000e+00, 2.099e+00, 9.984e+02, 2.850e-07
1.765e+00, 5.000e-01, -5.550e-01, 1.140e+05, 0.000e+00, 7.413e-04, 0.000e+00, 2.070e+00, 9.984e+02, 3.310e-07
1.765e+00, 5.000e-01, -5.450e-01, 1.139e+05, 0.000e+00, 7.728e-04, 0.000e+00, 2.068e+00, 9.984e+02, 3.472e-07
1.765e+00, 5.000e-01, -5.350e-01, 1.138e+05, 0.000e+00, 7.579e-04, 0.000e+00, 2.067e+00, 9.984e+02, 3.405e-07
1.765e+00, 5.000e-01, -5.250e-01, 1.137e+05, 0.000e+00, 7.163e-04, 0.000e+00, 2.065e+00, 9.984e+02, 3.218e-07
1.765e+00, 5.000e-01, -5.150e-01, 1.136e+05, 0.000e+00, 6.674e-04, 0.000e+00, 2.063e+00, 9.984e+02, 2.998e-07
1.765e+00, 5.000e-01, -5.050e-01, 1.135e+05, 0.000e+00, 6.292e-04, 0.000e+00, 2.061e+00, 9.984e+02, 2.827e-07
1.765e+00, 5.000e-01, -4.950e-01, 1.134e+05, 0.000e+00, 6.143e-04, 0.000e+00, 2.059e+00, 9.984e+02, 2.687e-07
1.765e+00, 5.000e-01, -4.850e-01, 1.133e+05, 0.000e+00, 6.164e-04, 0.000e+00, 2.057e+00, 9.984e+02, 2.646e-07
1.765e+00, 5.000e-01, -4.750e-01, 1.132e+05, 0.000e+00, 6.190e-04, 0.000e+00, 2.056e+00, 9.984e+02, 2.657e-07
1.765e+00, 5.000e-01, -4.650e-01, 1.131e+05, 0.000e+00, 6.176e-04, 0.000e+00, 2.054e+00, 9.984e+02, 2.651e-07
1.765e+00, 5.000e-01, -4.550e-01, 1.130e+05, 0.000e+00, 6.155e-04, 0.000e+00, 2.052e+00, 9.984e+02, 2.642e-07
1.765e+00, 5.000e-01, -4.450e-01, 1.129e+05, 0.000e+00, 6.159e-04, 0.000e+00, 2.050e+00, 9.984e+02, 2.644e-07
1.765e+00, 5.000e-01, -4.350e-01, 1.128e+05, 0.000e+00, 6.214e-04, 0.000e+00, 2.048e+00, 9.984e+02, 2.668e-07
1.765e+00, 5.000e-01, -4.250e-01, 1.127e+05, 0.000e+00, 6.328e-04, 0.000e+00, 2.047e+00, 9.984e+02, 2.717e-07
1.765e+00, 5.000e-01, -4.150e-01, 1.126e+05, 0.000e+00, 6.488e-04, 0.000e+00, 2.045e+00, 9.984e+02, 2.785e-07
1.765e+00, 5.000e-01, -4.050e-01, 1.125e+05, 0.000e+00, 6.646e-04, 0.000e+00, 2.043e+00, 9.984e+02, 2.853e-07
1.765e+00, 5.000e-01, -3.950e-01, 1.124e+05, 0.000e+00, 6.755e-04, 0.000e+00, 2.041e+00, 9.984e+02, 2.900e-07
1.765e+00, 5.000e-01, -3.850e-01, 1.123e+05, 0.000e+00, 6.767e-04, 0.000e+00, 2.039e+00, 9.984e+02, 2.905e-07
1.765e+00, 5.000e-01, -3.750e-01, 1.122e+05, 0.000e+00, 6.668e-04, 0.000e+00, 2.038e+00, 9.984e+02, 2.863e-07
1.765e+00, 5.000e-01, -3.650e-01, 1.121e+05, 0.000e+00, 6.451e-04, 0.000e+00, 2.036e+00, 9.984e+02, 2.769e-07
1.765e+00, 5.000e-01, -3.550e-01, 1.120e+05, 0.000e+00, 6.106e-04, 0.000e+00, 2.034e+00, 9.984e+02, 2.712e-07
1.765e+00, 5.000e-01, -3.450e-01, 1.119e+05, 0.000e+00, 5.803e-04, 0.000e+00, 2.033e+00, 9.984e+02, 2.607e-07
1.765e+00, 5.000e-01, -3.350e-01, 1.118e+05, 0.000e+00, 5.613e-04, 0.000e+00, 2.031e+00, 9.984e+02, 2.522e-07
1.765e+00, 5.000e-01, -3.250e-01, 1.117e+05, 0.000e+00, 5.498e-04, 0.000e+00, 2.029e+00, 9.984e+02, 2.470e-07
1.765e+00, 5.000e-01, -3.150e-01, 1.116e+05, 0.000e+00, 5.414e-04, 0.000e+00, 2.027e+00, 9.984e+02, 2.432e-07
1.765e+00, 5.000e-01, -3.050e-01, 1.115e+05, 0.000e+00, 5.355e-04, 0.000e+00, 2.025e+00, 9.984e+02, 2.406e-07
1.765e+00, 5.000e-01, -2.950e-01, 1.114e+05, 0.000e+00, 5.307e-04, 0.000e+00, 2.024e+00, 9.984e+02, 2.384e-07
1.765e+00, 5.000e-01, -2.850e-01, 1.113e+05, 0.000e+00, 5.259e-04, 0.000e+00, 2.022e+00, 9.984e+02, 2.363e-07
1.765e+00, 5.000e-01, -2.750e-01, 1.112e+05, 0.000e+00, 5.211e-04, 0.000e+00, 2.020e+00, 9.984e+02, 2.339e-07
1.765e+00, 5.000e-01, -2.650e-01, 1.112e+05, 0.000e+00, 5.208e-04, 0.000e+00, 2.020e+00, 9.984e+02, 2.288e-07
1.765e+00, 5.000e-01, -2.550e-01, 1.111e+05, 0.000e+00, 5.276e-04, 0.000e+00, 2.018e+00, 9.984e+02, 2.317e-07
1.765e+00, 5.000e-01, -2.450e-01, 1.110e+05, 0.000e+00, 5.407e-04, 0.000e+00, 2.016e+00, 9.984e+02, 2.375e-07
1.765e+00, 5.000e-01, -2.350e-01, 1.109e+05, 0.000e+00, 5.544e-04, 0.000e+00, 2.014e+00, 9.984e+02, 2.435e-07
1.765e+00, 5.000e-01, -2.250e-01, 1.108e+05, 0.000e+00, 5.591e-04, 0.000e+00, 2.012e+00, 9.984e+02, 2.456e-07
1.765e+00, 5.000e-01, -2.150e-01, 1.107e+05, 0.000e+00, 5.462e-04, 0.000e+00, 2.011e+00, 9.984e+02, 2.399e-07
1.765e+00, 5.000e-01, -2.050e-01, 1.106e+05, 0.000e+00, 5.194e-04, 0.000e+00, 2.009e+00, 9.984e+02, 2.282e-07
1.765e+00, 5.000e-01, -1.950e-01, 1.107e+05, 0.000e+00, 4.946e-04, 0.000e+00, 2.011e+00, 9.983e+02, 2.142e-07
1.765e+00, 5.000e-01, -1.850e-01, 1.106e+05, 0.000e+00, 4.610e-04, 0.000e+00, 2.009e+00, 9.983e+02, 1.979e-07
1.765e+00, 5.000e-01, -1.750e-01, 1.105e+05, 0.000e+00, 4.209e-04, 0.000e+00, 2.007e+00, 9.983e+02, 1.807e-07
1.765e+00, 5.000e-01, -1.650e-01, 1.104e+05, 0.000e+00, 3.849e-04, 0.000e+00, 2.005e+00, 9.983e+02, 1.652e-07
1.765e+00, 5.000e-01, -1.550e-01, 1.103e+05, 0.000e+00, 3.558e-04, 0.000e+00, 2.004e+00, 9.983e+02, 1.527e-07
1.765e+00, 5.000e-01, -1.450e-01, 1.102e+05, 0.000e+00, 3.261e-04, 0.000e+00, 2.002e+00, 9.983e+02, 1.400e-07
1.765e+00, 5.000e-01, -1.350e-01, 1.101e+05, 0.000e+00, 2.810e-04, 0.000e+00, 2.000e+00, 9.983e+02, 1.206e-07
1.765e+00, 5.000e-01, -1.250e-01, 1.100e+05, 0.000e+00, 2.143e-04, 0.000e+00, 1.998e+00, 9.983e+02, 9.265e-08
1.765e+00, 5.000e-01, -1.150e-01, 1.111e+05, 0.000e+00, 1.426e-04, 0.000e+00, 2.018e+00, 9.983e+02, 6.266e-08
1.765e+00, 5.000e-01, -1.050e-01, 1.110e+05, 0.000e+00, 8.366e-05, 0.000e+00, 2.017e+00, 9.983e+02, 3.675e-08
1.765e+00, 5.000e-01, -9.500e-02, 1.109e+05, 0.000e+00, 4.448e-05, 0.000e+00, 2.015e+00, 9.983e+02, 1.954e-08
1.765e+00, 5.000e-01, -8.500e-02, 1.108e+05, 0.000e+00, 2.208e-05, 0.000e+00, 2.013e+00, 9.983e+02, 9.698e-09
1.765e+00, 5.000e-01, -7.500e-02, 1.107e+05, 0.000e+00, 1.047e-05, 0.000e+00, 2.011e+00, 9.983e+02, 4.597e-09
1.765e+00, 5.000e-01, -6.500e-02, 1.106e+05, 0.000e+00, 4.807e-06, 0.000e+00, 2.009e+00, 9.983e+02, 2.111e-09
1.765e+00, 5.000e-01, -5.500e-02, 1.105e+05, 0.000e+00, 2.149e-06, 0.000e+00, 2.008e+00, 9.983e+02, 9.441e-10
1.765e+00, 5.000e-01, -4.500e-02, 1.104e+05, 0.000e+00, 9.342e-07, 0.000e+00, 2.006e+00, 9.983e+02, 4.103e-10
1.765e+00, 5.000e-01, -3.500e-02, 1.103e+05, 0.000e+00, 3.932e-07, 0.000e+00, 2.004e+00, 9.983e+02, 1.727e-10
1.765e+00, 5.000e-01, -2.500e-02, 1.102e+05, 0.000e+00, 1.601e-07, 0.000e+00, 2.002e+00, 9.983e+02, 7.032e-11
1.765e+00, 5.000e-01, -1.500e-02, 1.101e+05, 0.000e+00, 6.348e-08, 0.000e+00, 2.000e+00, 9.983e+02, 2.788e-11
1.765e+00, 5.000e-01, -5.000e-03, 1.100e+05, 0.000e+00, 2.528e-08, 0.000e+00, 1.999e+00, 9.983e+02, 1.110e-11
1.775e+00, 5.000e-01, -1.195e+00, 1.202e+05, 0.000e+00, 1.002e-13, 0.000e+00, 2.184e+00, 9.983e+02, 2.000e-17
1.775e+00, 5.000e-01, -1.185e+00, 1.201e+05, 0.000e+00, 1.002e-13, 0.000e+00, 2.182e+00, 9.983e+02, 2.000e-17
1.775e+00, 5.000e-01, -1.175e+00, 1.200e+05, 0.000e+00, 1.002e-13, 0.000e+00, 2.181e+00, 9.983e+02, 2.000e-17
1.775e+00, 5.000e-01, -1.165e+00, 1.199e+05, 0.000e+00, 1.002e-13, 0.000e+00, 2.179e+00, 9.983e+02, 2.000e-17
1.775e+00, 5.000e-01, -1.155e+00, 1.198e+05, 0.000e+00, 1.002e-13, 0.000e+00, 2.177e+00, 9.983e+02, 2.000e-17
1.775e+00, 5.000e-01, -1.145e+00, 1.197e+05, 0.000e+00, 1.002e-13, 0.000e+00, 2.175e+00, 9.983e+02, 2.000e-17
1.775e+00, 5.000e-01, -1.135e+00, 1.196e+05, 0.000e+00, 1.002e-13, 0.000e+00, 2.173e+00, 9.983e+02, 2.000e-17
1.775e+00, 5.000e-01, -1.125e+00, 1.195e+05, 0.000e+00, 1.002e-13, 0.000e+00, 2.172e+00, 9.983e+02, 2.000e-17
1.775e+00, 5.000e-01, -1.115e+00, 1.194e+05, 0.000e+00, 1.002e-13, 0.000e+00, 2.170e+00, 9.983e+02, 2.000e-17
1.775e+00, 5.000e-01, -1.105e+00, 1.193e+05, 0.000e+00, 1.002e-13, 0.000e+00, 2.168e+00, 9.983e+02, 2.000e-17
1.775e+00, 5.000e-01, -1.095e+00, 1.192e+05, 0.000e+00, 1.002e-13, 0.000e+00, 2.166e+00, 9.983e+02, 2.000e-17
1.775e+00, 5.000e-01, -1.085e+00, 1.191e+05, 0.000e+00, 1.041e-13, 0.000e+00, 2.165e+00, 9.983e+02, 2.115e-17
1.775e+00, 5.000e-01, -1.075e+00, 1.190e+05, 0.000e+00, 3.192e-09, 0.000e+00, 2.163e+00, 9.983e+02, 1.310e-12
1.775e+00, 5.000e-01, -1.065e+00, 1.189e+05, 0.000e+00, 5.817e-04, 0.000e+00, 2.161e+00, 9.984e+02, 2.497e-07
1.775e+00, 5.000e-01, -1.055e+00, 1.188e+05, 0.000e+00, 5.709e-04, 0.000e+00, 2.159e+00, 9.984e+02, 2.451e-07
1.775e+00, 5.000e-01, -1.045e+00, 1.187e+05, 0.000e+00, 5.581e-04, 0.000e+00, 2.158e+00, 9.984e+02, 2.396e-07
1.775e+00, 5.000e-01, -1.035e+00, 1.186e+05, 0.000e+00, 5.493e-04, 0.000e+00, 2.156e+00, 9.984e+02, 2.358e-07
1.775e+00, 5.000e-01, -1.025e+00, 1.185e+05, 0.000e+00, 5.452e-04, 0.000e+00, 2.154e+00, 9.984e+02, 2.341e-07
1.775e+00, 5.000e-01, -1.015e+00, 1.185e+05, 0.000e+00, 5.418e-04, 0.000e+00, 2.152e+00, 9.984e+02, 2.326e-07
1.775e+00, 5.000e-01, -1.005e+00, 1.184e+05, 0.000e+00, 5.345e-04, 0.000e+00, 2.150e+00, 9.984e+02, 2.295e-07
1.775e+00, 5.000e-01, -9.950e-01, 1.183e+05, 0.000e+00, 5.203e-04, 0.000e+00, 2.149e+00, 9.984e+02, 2.234e-07
1.775e+00, 5.000e-01, -9.850e-01, 1.182e+05, 0.000e+00, 4.977e-04, 0.000e+00, 2.147e+00, 9.984e+02, 2.136e-07
1.775e+00, 5.000e-01, -9.750e-01, 1.181e+05, 0.000e+00, 4.674e-04, 0.000e+00, 2.145e+00, 9.983e+02, 2.007e-07
1.775e+00, 5.000e-01, -9.650e-01, 1.180e+05, 0.000e+00, 4.353e-04, 0.000e+00, 2.143e+00, 9.983e+02, 1.869e-07
1.775e+00, 5.000e-01, -9.550e-01, 1.179e+05, 0.000e+00, 4.145e-04, 0.000e+00, 2.141e+00, 9.983e+02, 1.779e-07
1.775e+00, 5.000e-01, -9.450e-01, 1.178e+05, 0.000e+00, 4.125e-04, 0.000e+00, 2.140e+00, 9.983e+02, 1.771e-07
1.775e+00, 5.000e-01, -9.350e-01, 1.177e+05, 0.000e+00, 4.238e-04, 0.000e+00, 2.138e+00, 9.983e+02, 1.819e-07
1.775e+00, 5.000e-01, -9.250e-01, 1.176e+05, 0.000e+00, 4.352e-04, 0.000e+00, 2.136e+00, 9.983e+02, 1.868e-07
1.775e+00, 5.000e-01, -9.150e-01, 1.175e+05, 0.000e+00, 4.420e-04, 0.000e+00, 2.134e+00, 9.983e+02, 1.898e-07
1.775e+00, 5.000e-01, -9.050e-01, 1.174e+05, 0.000e+00, 4.460e-04, 0.000e+00, 2.132e+00, 9.983e+02, 1.915e-07
1.775e+00, 5.000e-01, -8.950e-01, 1.173e+05, 0.000e+00, 4.487e-04, 0.000e+00, 2.131e+00, 9.983e+02, 1.926e-07
1.775e+00, 5.000e-01, -8.850e-01, 1.172e+05, 0.000e+00, 4.506e-04, 0.000e+00, 2.129e+00, 9.983e+02, 1.934e-07
1.775e+00, 5.000e-01, -8.750e-01, 1.171e+05, 0.000e+00, 4.514e-04, 0.000e+00, 2.127e+00, 9.983e+02, 1.938e-07
1.775e+00, 5.000e-01, -8.650e-01, 1.170e+05, 0.000e+00, 4.523e-04, 0.000e+00, 2.125e+00, 9.983e+02, 1.942e-07
1.775e+00, 5.000e-01, -8.550e-01, 1.169e+05, 0.000e+00, 4.570e-04, 0.000e+00, 2.124e+00, 9.983e+02, 1.962e-07
1.775e+00, 5.000e-01, -8.450e-01, 1.168e+05, 0.000e+00, 4.694e-04, 0.000e+00, 2.122e+00, 9.983e+02, 2.015e-07
1.775e+00, 5.000e-01, -8.350e-01, 1.167e+05, 0.000e+00, 4.793e-04, 0.000e+00, 2.120e+00, 9.983e+02, 2.058e-07
1.775e+00, 5.000e-01, -8.250e-01, 1.166e+05, 0.000e+00, 4.894e-04, 0.000e+00, 2.118e+00, 9.984e+02, 2.101e-07
1.775e+00, 5.000e-01, -8.150e-01, 1.165e+05, 0.000e+00, 4.987e-04, 0.000e+00, 2.116e+00, 9.984e+02, 2.141e-07
1.775e+00, 5.000e-01, -8.050e-01, 1.164e+05, 0.000e+00, 5.074e-04, 0.000e+00, 2.115e+00, 9.984e+02, 2.178e-07
1.775e+00, 5.000e-01, -7.950e-01, 1.163e+05, 0.000e+00, 5.167e-04, 0.000e+00, 2.113e+00, 9.984e+02, 2.218e-07
1.775e+00, 5.000e-01, -7.850e-01, 1.162e+05, 0.000e+00, 5.285e-04, 0.000e+00, 2.111e+00, 9.984e+02, 2.269e-07
1.775e+00, 5.000e-01, -7.750e-01, 1.161e+05, 0.000e+00, 5.466e-04, 0.000e+00, 2.109e+00, 9.984e+02, 2.347e-07
1.775e+00, 5.000e-01, -7.650e-01, 1.160e+05, 0.000e+00, 5.646e-04, 0.000e+00, 2.107e+00, 9.984e+02, 2.424e-07
1.775e+00, 5.000e-01, -7.550e-01, 1.159e+05, 0.000e+00, 5.557e-04, 0.000e+00, 2.106e+00, 9.984e+02, 2.386e-07
1.775e+00, 5.000e-01, -7.450e-01, 1.158e+05, 0.000e+00, 5.293e-04, 0.000e+00, 2.104e+00, 9.984e+02, 2.272e-07
1.775e+00, 5.000e-01, -7.350e-01, 1.157e+05, 6.752e-07, 5.808e-04, 0.000e+00, 2.102e+00, 9.984e+02, 2.493e-07
1.775e+00, 5.000e-01, -7.250e-01, 1.156e+05, 4.720e-01, 1.895e-03, 0.000e+00, 2.100e+00, 9.986e+02, 8.559e-07
1.775e+00, 5.000e-01, -7.150e-01, 1.156e+05, 8.683e-01, 1.895e-03, 0.000e+00, 2.100e+00, 9.986e+02, 8.914e-07
1.775e+00, 5.000e-01, -7.050e-01, 1.156e+05, 8.724e-01, 1.895e-03, 0.000e+00, 2.100e+00, 9.986e+02, 8.917e-07
1.775e+00, 5.000e-01, -6.950e-01, 1.156e+05, 8.738e-01, 1.895e-03, 0.000e+00, 2.100e+00, 9.986e+02, 8.918e-07
1.775e+00, 5.000e-01, -6.850e-01, 1.156e+05, 8.753e-01, 1.895e-03, 0.000e+00, 2.100e+00, 9.986e+02, 8.981e-07
1.775e+00, 5.000e-01, -6.750e-01, 1.166e+05, 0.000e+00, 3.765e-04, 0.000e+00, 2.119e+00, 9.983e+02, 1.654e-07
1.775e+00, 5.000e-01, -6.650e-01, 1.165e+05, 0.000e+00, 2.359e-04, 0.000e+00, 2.117e+00, 9.983e+02, 1.036e-07
1.775e+00, 5.000e-01, -6.550e-01, 1.164e+05, 0.000e+00, 1.388e-04, 0.000e+00, 2.115e+00, 9.983e+02, 6.098e-08
1.775e+00, 5.000e-01, -6.450e-01, 1.163e+05, 0.000e+00, 7.896e-05, 0.000e+00, 2.113e+00, 9.983e+02, 3.468e-08
1.775e+00, 5.000e-01, -6.350e-01, 1.162e+05, 0.000e+00, 4.950e-05, 0.000e+00, 2.111e+00, 9.983e+02, 2.174e-08
1.775e+00, 5.000e-01, -6.250e-01, 1.161e+05, 0.000e+00, 4.632e-05, 0.000e+00, 2.110e+00, 9.983e+02, 2.035e-08
1.775e+00, 5.000e-01, -6.150e-01, 1.160e+05, 0.000e+00, 7.007e-05, 0.000e+00, 2.108e+00, 9.983e+02, 3.078e-08
1.775e+00, 5.000e-01, -6.050e-01, 1.159e+05, 0.000e+00, 1.258e-04, 0.000e+00, 2.106e+00, 9.983e+02, 5.525e-08
1.775e+00, 5.000e-01, -5.950e-01, 1.158e+05, 0.000e+00, 2.190e-04, 0.000e+00, 2.104e+00, 9.983e+02, 9.621e-08
1.775e+00, 5.000e-01, -5.850e-01, 1.157e+05, 0.000e+00, 3.486e-04, 0.000e+00, 2.102e+00, 9.983e+02, 1.531e-07
1.775e+00, 5.000e-01, -5.750e-01, 1.156e+05, 0.000e+00, 4.994e-04, 0.000e+00, 2.101e+00, 9.984e+02, 2.194e-07
1.775e+00, 5.000e-01, -5.650e-01, 1.155e+05, 0.000e+00, 6.406e-04, 0.000e+00, 2.099e+00, 9.984e+02, 2.814e-07
1.775e+00, 5.000e-01, -5.550e-01, 1.140e+05, 0.000e+00, 7.342e-04, 0.000e+00, 2.070e+00, 9.984e+02, 3.280e-07
1.775e+00, 5.000e-01, -5.450e-01, 1.139e+05, 0.000e+00, 7.671e-04, 0.000e+00, 2.068e+00, 9.984e+02, 3.446e-07
1.775e+00, 5.000e-01, -5.350e-01, 1.138e+05, 0.000e+00, 7.556e-04, 0.000e+00, 2.067e+00, 9.984e+02, 3.395e-07
1.775e+00, 5.000e-01, -5.250e-01, 1.137e+05, 0.000e+00, 7.187e-04, 0.000e+00, 2.065e+00, 9.984e+02, 3.229e-07
1.775e+00, 5.000e-01, -5.150e-01, 1.136e+05, 0.000e+00, 6.758e-04, 0.000e+00, 2.063e+00, 9.984e+02, 3.036e-07
1.775e+00, 5.000e-01, -5.050e-01, 1.135e+05, 0.000e+00, 6.384e-04, 0.000e+00, 2.061e+00, 9.984e+02, 2.868e-07
1.775e+00, 5.000e-01, -4.950e-01, 1.134e+05, 0.000e+00, 6.152e-04, 0.000e+00, 2.059e+00, 9.984e+02, 2.697e-07
1.775e+00, 5.000e-01, -4.850e-01, 1.133e+05, 0.000e+00, 6.050e-04, 0.000e+00, 2.057e+00, 9.984e+02, 2.597e-07
1.775e+00, 5.000e-01, -4.750e-01, 1.132e+05, 0.000e+00, 6.013e-04, 0.000e+00, 2.056e+00, 9.984e+02, 2.581e-07
1.775e+00, 5.000e-01, -4.650e-01, 1.131e+05, 0.000e+00, 5.993e-04, 0.000e+00, 2.054e+00, 9.984e+02, 2.573e-07
1.775e+00, 5.000e-01, -4.550e-01, 1.130e+05, 0.000e+00, 5.968e-04, 0.000e+00, 2.052e+00, 9.984e+02, 2.562e-07
1.775e+00, 5.000e-01, -4.450e-01, 1.129e+05, 0.000e+00, 5.949e-04, 0.000e+00, 2.050e+00, 9.984e+02, 2.554e-07
1.775e+00, 5.000e-01, -4.350e-01, 1.128e+05, 0.000e+00, 5.973e-04, 0.000e+00, 2.048e+00, 9.984e+02, 2.564e-07
1.775e+00, 5.000e-01, -4.250e-01, 1.127e+05, 0.000e+00, 6.078e-04, 0.000e+00, 2.047e+00, 9.984e+02, 2.609e-07
1.775e+00, 5.000e-01, -4.150e-01, 1.126e+05, 0.000e+00, 6.279e-04, 0.000e+00, 2.045e+00, 9.984e+02, 2.696e-07
1.775e+00, 5.000e-01, -4.050e-01, 1.125e+05, 0.000e+00, 6.515e-04, 0.000e+00, 2.043e+00, 9.984e+02, 2.797e-07
1.775e+00, 5.000e-01, -3.950e-01, 1.124e+05, 0.000e+00, 6.725e-04, 0.000e+00, 2.041e+00, 9.984e+02, 2.887e-07
1.775e+00, 5.000e-01, -3.850e-01, 1.123e+05, 0.000e+00, 6.838e-04, 0.000e+00, 2.039e+00, 9.984e+02, 2.935e-07
1.775e+00, 5.000e-01, -3.750e-01, 1.122e+05, 0.000e+00, 6.840e-04, 0.000e+00, 2.038e+00, 9.984e+02, 2.937e-07
1.775e+00, 5.000e-01, -3.650e-01, 1.121e+05, 0.000e+00, 6.738e-04, 0.000e+00, 2.036e+00, 9.984e+02, 2.893e-07
1.775e+00, 5.000e-01, -3.550e-01, 1.120e+05, 0.000e+00, 6.539e-04, 0.000e+00, 2.034e+00, 9.984e+02, 2.901e-07
1.775e+00, 5.000e-01, -3.450e-01, 1.119e+05, 0.000e+00, 6.324e-04, 0.000e+00, 2.033e+00, 9.984e+02, 2.841e-07
1.775e+00, 5.000e-01, -3.350e-01, 1.118e+05, 0.000e+00, 6.112e-04, 0.000e+00, 2.031e+00, 9.984e+02, 2.746e-07
1.775e+00, 5.000e-01, -3.250e-01, 1.117e+05, 0.000e+00, 5.901e-04, 0.000e+00, 2.029e+00, 9.984e+02, 2.651e-07
1.775e+00, 5.000e-01, -3.150e-01, 1.116e+05, 0.000e+00, 5.721e-04, 0.000e+00, 2.027e+00, 9.984e+02, 2.570e-07
1.775e+00, 5.000e-01, -3.050e-01, 1.115e+05, 0.000e+00, 5.588e-04, 0.000e+00, 2.025e+00, 9.984e+02, 2.510e-07
1.775e+00, 5.000e-01, -2.950e-01, 1.114e+05, 0.000e+00, 5.485e-04, 0.000e+00, 2.024e+00, 9.984e+02, 2.464e-07
1.775e+00, 5.000e-01, -2.850e-01, 1.113e+05, 0.000e+00, 5.403e-04, 0.000e+00, 2.022e+00, 9.984e+02, 2.428e-07
1.775e+00, 5.000e-01, -2.750e-01, 1.112e+05, 0.000e+00, 5.353e-04, 0.000e+00, 2.020e+00, 9.984e+02, 2.404e-07
1.775e+00, 5.000e-01, -2.650e-01, 1.112e+05, 0.000e+00, 5.365e-04, 0.000e+00, 2.020e+00, 9.984e+02, 2.357e-07
1.775e+00, 5.000e-01, -2.550e-01, 1.111e+05, 0.000e+00, 5.416e-04, 0.000e+00, 2.018e+00, 9.984e+02, 2.379e-07
1.775e+00, 5.000e-01, -2.450e-01, 1.110e+05, 0.000e+00, 5.526e-04, 0.000e+00, 2.016e+00, 9.984e+02, 2.428e-07
1.775e+00, 5.000e-01, -2.350e-01, 1.109e+05, 0.000e+00, 5.682e-04, 0.000e+00, 2.014e+00, 9.984e+02, 2.496e-07
1.775e+00, 5.000e-01, -2.250e-01, 1.108e+05, 0.000e+00, 5.813e-04, 0.000e+00, 2.012e+00, 9.984e+02, 2.554e-07
1.775e+00, 5.000e-01, -2.150e-01, 1.107e+05, 0.000e+00, 5.826e-04, 0.000e+00, 2.011e+00, 9.984e+02, 2.559e-07
1.775e+00, 5.000e-01, -2.050e-01, 1.106e+05, 0.000e+00, 5.692e-04, 0.000e+00, 2.009e+00, 9.984e+02, 2.500e-07
1.775e+00, 5.000e-01, -1.950e-01, 1.107e+05, 0.000e+00, 5.480e-04, 0.000e+00, 2.011e+00, 9.984e+02, 2.377e-07
1.775e+00, 5.000e-01, -1.850e-01, 1.106e+05, 0.000e+00, 5.162e-04, 0.000e+00, 2.009e+00, 9.984e+02, 2.216e-07
1.775e+00, 5.000e-01, -1.750e-01, 1.105e+05, 0.000e+00, 4.752e-04, 0.000e+00, 2.007e+00, 9.983e+02, 2.040e-07
1.775e+00, 5.000e-01, -1.650e-01, 1.104e+05, 0.000e+00, 4.333e-04, 0.000e+00, 2.005e+00, 9.983e+02, 1.860e-07
1.775e+00, 5.000e-01, -1.550e-01, 1.103e+05, 0.000e+00, 3.929e-04, 0.000e+00, 2.004e+00, 9.983e+02, 1.687e-07
1.775e+00, 5.000e-01, -1.450e-01, 1.102e+05, 0.000e+00, 3.495e-04, 0.000e+00, 2.002e+00, 9.983e+02, 1.500e-07
1.775e+00, 5.000e-01, -1.350e-01, 1.101e+05, 0.000e+00, 2.939e-04, 0.000e+00, 2.000e+00, 9.983e+02, 1.262e-07
1.775e+00, 5.000e-01, -1.250e-01, 1.100e+05, 0.000e+00, 2.205e-04, 0.000e+00, 1.998e+00, 9.983e+02, 9.519e-08
1.775e+00, 5.000e-01, -1.150e-01, 1.111e+05, 0.000e+00, 1.453e-04, 0.000e+00, 2.018e+00, 9.983e+02, 6.381e-08
1.775e+00, 5.000e-01, -1.050e-01, 1.110e+05, 0.000e+00, 8.453e-05, 0.000e+00, 2.017e+00, 9.983e+02, 3.713e-08
1.775e+00, 5.000e-01, -9.500e-02, 1.109e+05, 0.000e+00, 4.463e-05, 0.000e+00, 2.015e+00, 9.983e+02, 1.960e-08
1.775e+00, 5.000e-01, -8.500e-02, 1.108e+05, 0.000e+00, 2.201e-05, 0.000e+00, 2.013e+00, 9.983e+02, 9.667e-09
1.775e+00, 5.000e-01, -7.500e-02, 1.107e+05, 0.000e+00, 1.037e-05, 0.000e+00, 2.011e+00, 9.983e+02, 4.557e-09
1.775e+00, 5.000e-01, -6.500e-02, 1.106e+05, 0.000e+00, 4.743e-06, 0.000e+00, 2.009e+00, 9.983e+02, 2.083e-09
1.775e+00, 5.000e-01, -5.500e-02, 1.105e+05, 0.000e+00, 2.114e-06, 0.000e+00, 2.008e+00, 9.983e+02, 9.287e-10
1.775e+00, 5.000e-01, -4.500e-02, 1.104e+05, 0.000e+00, 9.172e-07, 0.000e+00, 2.006e+00, 9.983e+02, 4.029e-10
1.775e+00, 5.000e-01, -3.500e-02, 1.103e+05, 0.000e+00, 3.857e-07, 0.000e+00, 2.004e+00, 9.983e+02, 1.694e-10
1.775e+00, 5.000e-01, -2.500e-02, 1.102e+05, 0.000e+00, 1.569e-07, 0.000e+00, 2.002e+00, 9.983e+02, 6.893e-11
1.775e+00, 5.000e-01, -1.500e-02, 1.101e+05, 0.000e+00, 6.218e-08, 0.000e+00, 2.000e+00, 9.983e+02, 2.731e-11
1.775e+00, 5.000e-01, -5.000e-03, 1.100e+05, 0.000e+00, 2.469e-08, 0.000e+00, 1.999e+00, 9.983e+02, 1.085e-11
1.785e+00, 5.000e-01, -1.195e+00, 1.202e+05, 0.000e+00, 1.002e-13, 0.000e+00, 2.184e+00, 9.983e+02, 2.000e-17
1.785e+00, 5.000e-01, -1.185e+00, 1.201e+05, 0.000e+00, 1.002e-13, 0.000e+00, 2.182e+00, 9.983e+02, 2.000e-17
1.785e+00, 5.000e-01, -1.175e+00, 1.200e+05, 0.000e+00, 1.002e-13, 0.000e+00, 2.181e+00, 9.983e+02, 2.000e-17
1.785e+00, 5.000e-01, -1.165e+00, 1.199e+05, 0.000e+00, 1.002e-13, 0.000e+00, 2.179e+00, 9.983e+02, 2.000e-17
1.785e+00, 5.000e-01, -1.155e+00, 1.198e+05, 0.000e+00, 1.002e-13, 0.000e+00, 2.177e+00, 9.983e+02, 2.000e-17
1.785e+00, 5.000e-01, -1.145e+00, 1.197e+05, 0.000e+00, 1.002e-13, 0.000e+00, 2.175e+00, 9.983e+02, 2.000e-17
1.785e+00, 5.000e-01, -1.135e+00, 1.196e+05, 0.000e+00, 1.002e-13, 0.000e+00, 2.173e+00, 9.983e+02, 2.000e-17
1.785e+00, 5.000e-01, -1.125e+00, 1.195e+05, 0.000e+00, 1.002e-13, 0.000e+00, 2.172e+00, 9.983e+02, 2.000e-17
1.785e+00, 5.000e-01, -1.115e+00, 1.194e+05, 0.000e+00, 1.002e-13, 0.000e+00, 2.170e+00, 9.983e+02, 2.000e-17
1.785e+00, 5.000e-01, -1.105e+00, 1.193e+05, 0.000e+00, 1.002e-13, 0.000e+00, 2.168e+00, 9.983e+02, 2.000e-17
1.785e+00, 5.000e-01, -1.095e+00, 1.192e+05, 0.000e+00, 1.002e-13, 0.000e+00, 2.166e+00, 9.983e+02, 2.000e-17
1.785e+00, 5.000e-01, -1.085e+00, 1.191e+05, 0.000e+00, 1.557e-13, 0.000e+00, 2.165e+00, 9.983e+02, 3.711e-17
1.785e+00, 5.000e-01, -1.075e+00, 1.190e+05, 0.000e+00, 4.146e-09, 0.000e+00, 2.163e+00, 9.983e+02, 1.598e-12
1.785e+00, 5.000e-01, -1.065e+00, 1.189e+05, 0.000e+00, 5.802e-04, 0.000e+00, 2.161e+00, 9.984e+02, 2.491e-07
1.785e+00, 5.000e-01, -1.055e+00, 1.188e+05, 0.000e+00, 5.698e-04, 0.000e+00, 2.159e+00, 9.984e+02, 2.446e-07
1.785e+00, 5.000e-01, -1.045e+00, 1.187e+05, 0.000e+00, 5.593e-04, 0.000e+00, 2.158e+00, 9.984e+02, 2.401e-07
1.785e+00, 5.000e-01, -1.035e+00, 1.186e+05, 0.000e+00, 5.554e-04, 0.000e+00, 2.156e+00, 9.984e+02, 2.384e-07
1.785e+00, 5.000e-01, -1.025e+00, 1.185e+05, 0.000e+00, 5.568e-04, 0.000e+00, 2.154e+00, 9.984e+02, 2.391e-07
1.785e+00, 5.000e-01, -1.015e+00, 1.185e+05, 0.000e+00, 5.573e-04, 0.000e+00, 2.152e+00, 9.984e+02, 2.392e-07
1.785e+00, 5.000e-01, -1.005e+00, 1.184e+05, 0.000e+00, 5.524e-04, 0.000e+00, 2.150e+00, 9.984e+02, 2.371e-07
1.785e+00, 5.000e-01, -9.950e-01, 1.183e+05, 0.000e+00, 5.403e-04, 0.000e+00, 2.149e+00, 9.984e+02, 2.319e-07
1.785e+00, 5.000e-01, -9.850e-01, 1.182e+05, 0.000e+00, 5.208e-04, 0.000e+00, 2.147e+00, 9.984e+02, 2.236e-07
1.785e+00, 5.000e-01, -9.750e-01, 1.181e+05, 0.000e+00, 4.950e-04, 0.000e+00, 2.145e+00, 9.984e+02, 2.125e-07
1.785e+00, 5.000e-01, -9.650e-01, 1.180e+05, 0.000e+00, 4.651e-04, 0.000e+00, 2.143e+00, 9.983e+02, 1.997e-07
1.785e+00, 5.000e-01, -9.550e-01, 1.179e+05, 0.000e+00, 4.357e-04, 0.000e+00, 2.141e+00, 9.983e+02, 1.870e-07
1.785e+00, 5.000e-01, -9.450e-01, 1.178e+05, 0.000e+00, 4.205e-04, 0.000e+00, 2.140e+00, 9.983e+02, 1.805e-07
1.785e+00, 5.000e-01, -9.350e-01, 1.177e+05, 0.000e+00, 4.182e-04, 0.000e+00, 2.138e+00, 9.983e+02, 1.795e-07
1.785e+00, 5.000e-01, -9.250e-01, 1.176e+05, 0.000e+00, 4.209e-04, 0.000e+00, 2.136e+00, 9.983e+02, 1.807e-07
1.785e+00, 5.000e-01, -9.150e-01, 1.175e+05, 0.000e+00, 4.354e-04, 0.000e+00, 2.134e+00, 9.983e+02, 1.869e-07
1.785e+00, 5.000e-01, -9.050e-01, 1.174e+05, 0.000e+00, 4.541e-04, 0.000e+00, 2.132e+00, 9.983e+02, 1.949e-07
1.785e+00, 5.000e-01, -8.950e-01, 1.173e+05, 0.000e+00, 4.637e-04, 0.000e+00, 2.131e+00, 9.983e+02, 1.990e-07
1.785e+00, 5.000e-01, -8.850e-01, 1.172e+05, 0.000e+00, 4.737e-04, 0.000e+00, 2.129e+00, 9.983e+02, 2.033e-07
1.785e+00, 5.000e-01, -8.750e-01, 1.171e+05, 0.000e+00, 4.841e-04, 0.000e+00, 2.127e+00, 9.984e+02, 2.078e-07
1.785e+00, 5.000e-01, -8.650e-01, 1.170e+05, 0.000e+00, 4.970e-04, 0.000e+00, 2.125e+00, 9.984e+02, 2.133e-07
1.785e+00, 5.000e-01, -8.550e-01, 1.169e+05, 0.000e+00, 5.178e-04, 0.000e+00, 2.124e+00, 9.984e+02, 2.223e-07
1.785e+00, 5.000e-01, -8.450e-01, 1.168e+05, 0.000e+00, 5.935e-04, 0.000e+00, 2.122e+00, 9.984e+02, 2.548e-07
1.785e+00, 5.000e-01, -8.350e-01, 1.167e+05, 0.000e+00, 6.460e-04, 0.000e+00, 2.120e+00, 9.984e+02, 2.773e-07
1.785e+00, 5.000e-01, -8.250e-01, 1.166e+05, 0.000e+00, 6.430e-04, 0.000e+00, 2.118e+00, 9.984e+02, 2.760e-07
1.785e+00, 5.000e-01, -8.150e-01, 1.165e+05, 0.000e+00, 6.426e-04, 0.000e+00, 2.116e+00, 9.984e+02, 2.759e-07
1.785e+00, 5.000e-01, -8.050e-01, 1.164e+05, 0.000e+00, 6.470e-04, 0.000e+00, 2.115e+00, 9.984e+02, 2.778e-07
1.785e+00, 5.000e-01, -7.950e-01, 1.163e+05, 0.000e+00, 6.514e-04, 0.000e+00, 2.113e+00, 9.984e+02, 2.797e-07
1.785e+00, 5.000e-01, -7.850e-01, 1.162e+05, 0.000e+00, 6.537e-04, 0.000e+00, 2.111e+00, 9.984e+02, 2.806e-07
1.785e+00, 5.000e-01, -7.750e-01, 1.161e+05, 0.000e+00, 6.532e-04, 0.000e+00, 2.109e+00, 9.984e+02, 2.804e-07
1.785e+00, 5.000e-01, -7.650e-01, 1.160e+05, 0.000e+00, 6.477e-04, 0.000e+00, 2.107e+00, 9.984e+02, 2.781e-07
1.785e+00, 5.000e-01, -7.550e-01, 1.159e+05, 0.000e+00, 6.351e-04, 0.000e+00, 2.106e+00, 9.984e+02, 2.727e-07
1.785e+00, 5.000e-01, -7.450e-01, 1.158e+05, 0.000e+00, 6.302e-04, 0.000e+00, 2.104e+00, 9.984e+02, 2.706e-07
1.785e+00, 5.000e-01, -7.350e-01, 1.157e+05, 6.752e-07, 6.672e-04, 0.000e+00, 2.102e+00, 9.984e+02, 2.864e-07
1.785e+00, 5.000e-01, -7.250e-01, 1.156e+05, 4.720e-01, 1.895e-03, 0.000e+00, 2.100e+00, 9.986e+02, 8.559e-07
1.785e+00, 5.000e-01, -7.150e-01, 1.156e+05, 8.683e-01, 1.895e-03, 0.000e+00, 2.100e+00, 9.986e+02, 8.914e-07
1.785e+00, 5.000e-01, -7.050e-01, 1.156e+05, 8.724e-01, 1.895e-03, 0.000e+00, 2.100e+00, 9.986e+02, 8.917e-07
1.785e+00, 5.000e-01, -6.950e-01, 1.156e+05, 8.738e-01, 1.895e-03, 0.000e+00, 2.100e+00, 9.986e+02, 8.918e-07
1.785e+00, 5.000e-01, -6.850e-01, 1.156e+05, 8.753e-01, 1.895e-03, 0.000e+00, 2.100e+00, 9.986e+02, 8.982e-07
1.785e+00, 5.000e-01, -6.750e-01, 1.166e+05, 0.000e+00, 3.768e-04, 0.000e+00, 2.119e+00, 9.983e+02, 1.655e-07
1.785e+00, 5.000e-01, -6.650e-01, 1.165e+05, 0.000e+00, 2.362e-04, 0.000e+00, 2.117e+00, 9.983e+02, 1.038e-07
1.785e+00, 5.000e-01, -6.550e-01, 1.164e+05, 0.000e+00, 1.390e-04, 0.000e+00, 2.115e+00, 9.983e+02, 6.105e-08
1.785e+00, 5.000e-01, -6.450e-01, 1.163e+05, 0.000e+00, 7.884e-05, 0.000e+00, 2.113e+00, 9.983e+02, 3.463e-08
1.785e+00, 5.000e-01, -6.350e-01, 1.162e+05, 0.000e+00, 4.887e-05, 0.000e+00, 2.111e+00, 9.983e+02, 2.147e-08
1.785e+00, 5.000e-01, -6.250e-01, 1.161e+05, 0.000e+00, 4.480e-05, 0.000e+00, 2.110e+00, 9.983e+02, 1.968e-08
1.785e+00, 5.000e-01, -6.150e-01, 1.160e+05, 0.000e+00, 6.713e-05, 0.000e+00, 2.108e+00, 9.983e+02, 2.949e-08
1.785e+00, 5.000e-01, -6.050e-01, 1.159e+05, 0.000e+00, 1.209e-04, 0.000e+00, 2.106e+00, 9.983e+02, 5.311e-08
1.785e+00, 5.000e-01, -5.950e-01, 1.158e+05, 0.000e+00, 2.120e-04, 0.000e+00, 2.104e+00, 9.983e+02, 9.310e-08
1.785e+00, 5.000e-01, -5.850e-01, 1.157e+05, 0.000e+00, 3.398e-04, 0.000e+00, 2.102e+00, 9.983e+02, 1.493e-07
1.785e+00, 5.000e-01, -5.750e-01, 1.156e+05, 0.000e+00, 4.899e-04, 0.000e+00, 2.101e+00, 9.984e+02, 2.152e-07
1.785e+00, 5.000e-01, -5.650e-01, 1.155e+05, 0.000e+00, 6.317e-04, 0.000e+00, 2.099e+00, 9.984e+02, 2.775e-07
1.785e+00, 5.000e-01, -5.550e-01, 1.140e+05, 0.000e+00, 7.258e-04, 0.000e+00, 2.070e+00, 9.984e+02, 3.244e-07
1.785e+00, 5.000e-01, -5.450e-01, 1.139e+05, 0.000e+00, 7.593e-04, 0.000e+00, 2.068e+00, 9.984e+02, 3.411e-07
1.785e+00, 5.000e-01, -5.350e-01, 1.138e+05, 0.000e+00, 7.506e-04, 0.000e+00, 2.067e+00, 9.984e+02, 3.372e-07
1.785e+00, 5.000e-01, -5.250e-01, 1.137e+05, 0.000e+00, 7.195e-04, 0.000e+00, 2.065e+00, 9.984e+02, 3.233e-07
1.785e+00, 5.000e-01, -5.150e-01, 1.136e+05, 0.000e+00, 6.824e-04, 0.000e+00, 2.063e+00, 9.984e+02, 3.066e-07
1.785e+00, 5.000e-01, -5.050e-01, 1.135e+05, 0.000e+00, 6.481e-04, 0.000e+00, 2.061e+00, 9.984e+02, 2.912e-07
1.785e+00, 5.000e-01, -4.950e-01, 1.134e+05, 0.000e+00, 6.233e-04, 0.000e+00, 2.059e+00, 9.984e+02, 2.739e-07
1.785e+00, 5.000e-01, -4.850e-01, 1.133e+05, 0.000e+00, 6.076e-04, 0.000e+00, 2.057e+00, 9.984e+02, 2.608e-07
1.785e+00, 5.000e-01, -4.750e-01, 1.132e+05, 0.000e+00, 5.966e-04, 0.000e+00, 2.056e+00, 9.984e+02, 2.561e-07
1.785e+00, 5.000e-01, -4.650e-01, 1.131e+05, 0.000e+00, 5.892e-04, 0.000e+00, 2.054e+00, 9.984e+02, 2.529e-07
1.785e+00, 5.000e-01, -4.550e-01, 1.130e+05, 0.000e+00, 5.841e-04, 0.000e+00, 2.052e+00, 9.984e+02, 2.507e-07
1.785e+00, 5.000e-01, -4.450e-01, 1.129e+05, 0.000e+00, 5.804e-04, 0.000e+00, 2.050e+00, 9.984e+02, 2.491e-07
1.785e+00, 5.000e-01, -4.350e-01, 1.128e+05, 0.000e+00, 5.783e-04, 0.000e+00, 2.048e+00, 9.984e+02, 2.483e-07
1.785e+00, 5.000e-01, -4.250e-01, 1.127e+05, 0.000e+00, 5.812e-04, 0.000e+00, 2.047e+00, 9.984e+02, 2.495e-07
1.785e+00, 5.000e-01, -4.150e-01, 1.126e+05, 0.000e+00, 6.000e-04, 0.000e+00, 2.045e+00, 9.984e+02, 2.576e-07
1.785e+00, 5.000e-01, -4.050e-01, 1.125e+05, 0.000e+00, 6.280e-04, 0.000e+00, 2.043e+00, 9.984e+02, 2.696e-07
1.785e+00, 5.000e-01, -3.950e-01, 1.124e+05, 0.000e+00, 6.597e-04, 0.000e+00, 2.041e+00, 9.984e+02, 2.832e-07
1.785e+00, 5.000e-01, -3.850e-01, 1.123e+05, 0.000e+00, 6.810e-04, 0.000e+00, 2.039e+00, 9.984e+02, 2.923e-07
1.785e+00, 5.000e-01, -3.750e-01, 1.122e+05, 0.000e+00, 6.912e-04, 0.000e+00, 2.038e+00, 9.984e+02, 2.967e-07
1.785e+00, 5.000e-01, -3.650e-01, 1.121e+05, 0.000e+00, 6.913e-04, 0.000e+00, 2.036e+00, 9.984e+02, 2.968e-07
1.785e+00, 5.000e-01, -3.550e-01, 1.120e+05, 0.000e+00, 6.840e-04, 0.000e+00, 2.034e+00, 9.984e+02, 3.030e-07
1.785e+00, 5.000e-01, -3.450e-01, 1.119e+05, 0.000e+00, 6.720e-04, 0.000e+00, 2.033e+00, 9.984e+02, 3.019e-07
1.785e+00, 5.000e-01, -3.350e-01, 1.118e+05, 0.000e+00, 6.579e-04, 0.000e+00, 2.031e+00, 9.984e+02, 2.956e-07
1.785e+00, 5.000e-01, -3.250e-01, 1.117e+05, 0.000e+00, 6.422e-04, 0.000e+00, 2.029e+00, 9.984e+02, 2.885e-07
1.785e+00, 5.000e-01, -3.150e-01, 1.116e+05, 0.000e+00, 6.255e-04, 0.000e+00, 2.027e+00, 9.984e+02, 2.810e-07
1.785e+00, 5.000e-01, -3.050e-01, 1.115e+05, 0.000e+00, 6.079e-04, 0.000e+00, 2.025e+00, 9.984e+02, 2.731e-07
1.785e+00, 5.000e-01, -2.950e-01, 1.114e+05, 0.000e+00, 5.912e-04, 0.000e+00, 2.024e+00, 9.984e+02, 2.656e-07
1.785e+00, 5.000e-01, -2.850e-01, 1.113e+05, 0.000e+00, 5.791e-04, 0.000e+00, 2.022e+00, 9.984e+02, 2.602e-07
1.785e+00, 5.000e-01, -2.750e-01, 1.112e+05, 0.000e+00, 5.745e-04, 0.000e+00, 2.020e+00, 9.984e+02, 2.580e-07
1.785e+00, 5.000e-01, -2.650e-01, 1.112e+05, 0.000e+00, 5.789e-04, 0.000e+00, 2.020e+00, 9.984e+02, 2.543e-07
1.785e+00, 5.000e-01, -2.550e-01, 1.111e+05, 0.000e+00, 5.836e-04, 0.000e+00, 2.018e+00, 9.984e+02, 2.563e-07
1.785e+00, 5.000e-01, -2.450e-01, 1.110e+05, 0.000e+00, 5.912e-04, 0.000e+00, 2.016e+00, 9.984e+02, 2.597e-07
1.785e+00, 5.000e-01, -2.350e-01, 1.109e+05, 0.000e+00, 6.025e-04, 0.000e+00, 2.014e+00, 9.984e+02, 2.647e-07
1.785e+00, 5.000e-01, -2.250e-01, 1.108e+05, 0.000e+00, 6.136e-04, 0.000e+00, 2.012e+00, 9.984e+02, 2.695e-07
1.785e+00, 5.000e-01, -2.150e-01, 1.107e+05, 0.000e+00, 6.178e-04, 0.000e+00, 2.011e+00, 9.984e+02, 2.714e-07
1.785e+00, 5.000e-01, -2.050e-01, 1.106e+05, 0.000e+00, 6.104e-04, 0.000e+00, 2.009e+00, 9.984e+02, 2.681e-07
1.785e+00, 5.000e-01, -1.950e-01, 1.105e+05, 0.000e+00, 5.925e-04, 0.000e+00, 2.007e+00, 9.984e+02, 2.575e-07
1.785e+00, 5.000e-01, -1.850e-01, 1.106e+05, 0.000e+00, 5.624e-04, 0.000e+00, 2.009e+00, 9.984e+02, 2.414e-07
1.785e+00, 5.000e-01, -1.750e-01, 1.105e+05, 0.000e+00, 5.208e-04, 0.000e+00, 2.007e+00, 9.984e+02, 2.236e-07
1.785e+00, 5.000e-01, -1.650e-01, 1.104e+05, 0.000e+00, 4.742e-04, 0.000e+00, 2.005e+00, 9.983e+02, 2.036e-07
1.785e+00, 5.000e-01, -1.550e-01, 1.103e+05, 0.000e+00, 4.248e-04, 0.000e+00, 2.004e+00, 9.983e+02, 1.824e-07
1.785e+00, 5.000e-01, -1.450e-01, 1.102e+05, 0.000e+00, 3.704e-04, 0.000e+00, 2.002e+00, 9.983e+02, 1.590e-07
1.785e+00, 5.000e-01, -1.350e-01, 1.101e+05, 0.000e+00, 3.058e-04, 0.000e+00, 2.000e+00, 9.983e+02, 1.313e-07
1.785e+00, 5.000e-01, -1.250e-01, 1.100e+05, 0.000e+00, 2.263e-04, 0.000e+00, 1.998e+00, 9.983e+02, 9.752e-08
1.785e+00, 5.000e-01, -1.150e-01, 1.111e+05, 0.000e+00, 1.473e-04, 0.000e+00, 2.018e+00, 9.983e+02, 6.471e-08
1.785e+00, 5.000e-01, -1.050e-01, 1.110e+05, 0.000e+00, 8.501e-05, 0.000e+00, 2.017e+00, 9.983e+02, 3.734e-08
1.785e+00, 5.000e-01, -9.500e-02, 1.109e+05, 0.000e+00, 4.460e-05, 0.000e+00, 2.015e+00, 9.983e+02, 1.959e-08
1.785e+00, 5.000e-01, -8.500e-02, 1.108e+05, 0.000e+00, 2.190e-05, 0.000e+00, 2.013e+00, 9.983e+02, 9.619e-09
1.785e+00, 5.000e-01, -7.500e-02, 1.107e+05, 0.000e+00, 1.030e-05, 0.000e+00, 2.011e+00, 9.983e+02, 4.524e-09
1.785e+00, 5.000e-01, -6.500e-02, 1.106e+05, 0.000e+00, 4.706e-06, 0.000e+00, 2.009e+00, 9.983e+02, 2.067e-09
1.785e+00, 5.000e-01, -5.500e-02, 1.105e+05, 0.000e+00, 2.099e-06, 0.000e+00, 2.008e+00, 9.983e+02, 9.219e-10
1.785e+00, 5.000e-01, -4.500e-02, 1.104e+05, 0.000e+00, 9.118e-07, 0.000e+00, 2.006e+00, 9.983e+02, 4.005e-10
1.785e+00, 5.000e-01, -3.500e-02, 1.103e+05, 0.000e+00, 3.841e-07, 0.000e+00, 2.004e+00, 9.983e+02, 1.687e-10
1.785e+00, 5.000e-01, -2.500e-02, 1.102e+05, 0.000e+00, 1.566e-07, 0.000e+00, 2.002e+00, 9.983e+02, 6.877e-11
1.785e+00, 5.000e-01, -1.500e-02, 1.101e+05, 0.000e+00, 6.211e-08, 0.000e+00, 2.000e+00, 9.983e+02, 2.728e-11
1.785e+00, 5.000e-01, -5.000e-03, 1.100e+05, 0.000e+00, 2.463e-08, 0.000e+00, 1.999e+00, 9.983e+02, 1.082e-11
1.795e+00, 5.000e-01, -1.195e+00, 1.202e+05, 0.000e+00, 1.002e-13, 0.000e+00, 2.184e+00, 9.983e+02, 2.000e-17
1.795e+00, 5.000e-01, -1.185e+00, 1.201e+05, 0.000e+00, 1.002e-13, 0.000e+00, 2.182e+00, 9.983e+02, 2.000e-17
1.795e+00, 5.000e-01, -1.175e+00, 1.200e+05, 0.000e+00, 1.002e-13, 0.000e+00, 2.181e+00, 9.983e+02, 2.000e-17
1.795e+00, 5.000e-01, -1.165e+00, 1.199e+05, 0.000e+00, 1.002e-13, 0.000e+00, 2.179e+00, 9.983e+02, 2.000e-17
1.795e+00, 5.000e-01, -1.155e+00, 1.198e+05, 0.000e+00, 1.002e-13, 0.000e+00, 2.177e+00, 9.983e+02, 2.000e-17
1.795e+00, 5.000e-01, -1.145e+00, 1.197e+05, 0.000e+00, 1.002e-13, 0.000e+00, 2.175e+00, 9.983e+02, 2.000e-17
1.795e+00, 5.000e-01, -1.135e+00, 1.196e+05, 0.000e+00, 1.002e-13, 0.000e+00, 2.173e+00, 9.983e+02, 2.000e-17
1.795e+00, 5.000e-01, -1.125e+00, 1.195e+05, 0.000e+00, 1.002e-13, 0.000e+00, 2.172e+00, 9.983e+02, 2.000e-17
1.795e+00, 5.000e-01, -1.115e+00, 1.194e+05, 0.000e+00, 1.002e-13, 0.000e+00, 2.170e+00, 9.983e+02, 2.000e-17
1.795e+00, 5.000e-01, -1.105e+00, 1.193e+05, 0.000e+00, 1.002e-13, 0.000e+00, 2.168e+00, 9.983e+02, 2.000e-17
1.795e+00, 5.000e-01, -1.095e+00, 1.192e+05, 0.000e+00, 1.002e-13, 0.000e+00, 2.166e+00, 9.983e+02, 2.000e-17
1.795e+00, 5.000e-01, -1.085e+00, 1.191e+05, 0.000e+00, 1.628e-13, 0.000e+00, 2.165e+00, 9.983e+02, 3.933e-17
1.795e+00, 5.000e-01, -1.075e+00, 1.190e+05, 0.000e+00, 1.911e-08, 0.000e+00, 2.163e+00, 9.983e+02, 6.220e-12
1.795e+00, 5.000e-01, -1.065e+00, 1.189e+05, 0.000e+00, 5.760e-04, 0.000e+00, 2.161e+00, 9.984e+02, 2.473e-07
1.795e+00, 5.000e-01, -1.055e+00, 1.188e+05, 0.000e+00, 5.679e-04, 0.000e+00, 2.159e+00, 9.984e+02, 2.438e-07
1.795e+00, 5.000e-01, -1.045e+00, 1.187e+05, 0.000e+00, 5.608e-04, 0.000e+00, 2.158e+00, 9.984e+02, 2.408e-07
1.795e+00, 5.000e-01, -1.035e+00, 1.186e+05, 0.000e+00, 5.622e-04, 0.000e+00, 2.156e+00, 9.984e+02, 2.414e-07
1.795e+00, 5.000e-01, -1.025e+00, 1.185e+05, 0.000e+00, 5.677e-04, 0.000e+00, 2.154e+00, 9.984e+02, 2.437e-07
1.795e+00, 5.000e-01, -1.015e+00, 1.185e+05, 0.000e+00, 5.702e-04, 0.000e+00, 2.152e+00, 9.984e+02, 2.448e-07
1.795e+00, 5.000e-01, -1.005e+00, 1.184e+05, 0.000e+00, 5.668e-04, 0.000e+00, 2.150e+00, 9.984e+02, 2.433e-07
1.795e+00, 5.000e-01, -9.950e-01, 1.183e+05, 0.000e+00, 5.574e-04, 0.000e+00, 2.149e+00, 9.984e+02, 2.393e-07
1.795e+00, 5.000e-01, -9.850e-01, 1.182e+05, 0.000e+00, 5.423e-04, 0.000e+00, 2.147e+00, 9.984e+02, 2.328e-07
1.795e+00, 5.000e-01, -9.750e-01, 1.181e+05, 0.000e+00, 5.220e-04, 0.000e+00, 2.145e+00, 9.984e+02, 2.241e-07
1.795e+00, 5.000e-01, -9.650e-01, 1.180e+05, 0.000e+00, 4.974e-04, 0.000e+00, 2.143e+00, 9.984e+02, 2.135e-07
1.795e+00, 5.000e-01, -9.550e-01, 1.179e+05, 0.000e+00, 4.712e-04, 0.000e+00, 2.141e+00, 9.983e+02, 2.023e-07
1.795e+00, 5.000e-01, -9.450e-01, 1.178e+05, 0.000e+00, 4.500e-04, 0.000e+00, 2.140e+00, 9.983e+02, 1.932e-07
1.795e+00, 5.000e-01, -9.350e-01, 1.177e+05, 0.000e+00, 4.417e-04, 0.000e+00, 2.138e+00, 9.983e+02, 1.896e-07
1.795e+00, 5.000e-01, -9.250e-01, 1.176e+05, 0.000e+00, 4.673e-04, 0.000e+00, 2.136e+00, 9.983e+02, 2.006e-07
1.795e+00, 5.000e-01, -9.150e-01, 1.175e+05, 0.000e+00, 5.572e-04, 0.000e+00, 2.134e+00, 9.984e+02, 2.392e-07
1.795e+00, 5.000e-01, -9.050e-01, 1.174e+05, 0.000e+00, 6.391e-04, 0.000e+00, 2.132e+00, 9.984e+02, 2.744e-07
1.795e+00, 5.000e-01, -8.950e-01, 1.173e+05, 0.000e+00, 6.624e-04, 0.000e+00, 2.131e+00, 9.984e+02, 2.844e-07
1.795e+00, 5.000e-01, -8.850e-01, 1.172e+05, 0.000e+00, 6.494e-04, 0.000e+00, 2.129e+00, 9.984e+02, 2.788e-07
1.795e+00, 5.000e-01, -8.750e-01, 1.171e+05, 0.000e+00, 6.392e-04, 0.000e+00, 2.127e+00, 9.984e+02, 2.744e-07
1.795e+00, 5.000e-01, -8.650e-01, 1.170e+05, 0.000e+00, 6.399e-04, 0.000e+00, 2.125e+00, 9.984e+02, 2.747e-07
1.795e+00, 5.000e-01, -8.550e-01, 1.169e+05, 0.000e+00, 6.521e-04, 0.000e+00, 2.124e+00, 9.984e+02, 2.800e-07
1.795e+00, 5.000e-01, -8.450e-01, 1.168e+05, 0.000e+00, 6.793e-04, 0.000e+00, 2.122e+00, 9.984e+02, 2.916e-07
1.795e+00, 5.000e-01, -8.350e-01, 1.167e+05, 0.000e+00, 6.981e-04, 0.000e+00, 2.120e+00, 9.984e+02, 2.997e-07
1.795e+00, 5.000e-01, -8.250e-01, 1.166e+05, 0.000e+00, 6.965e-04, 0.000e+00, 2.118e+00, 9.984e+02, 2.990e-07
1.795e+00, 5.000e-01, -8.150e-01, 1.165e+05, 0.000e+00, 6.905e-04, 0.000e+00, 2.116e+00, 9.984e+02, 2.964e-07
1.795e+00, 5.000e-01, -8.050e-01, 1.164e+05, 0.000e+00, 6.843e-04, 0.000e+00, 2.115e+00, 9.984e+02, 2.938e-07
1.795e+00, 5.000e-01, -7.950e-01, 1.163e+05, 0.000e+00, 6.761e-04, 0.000e+00, 2.113e+00, 9.984e+02, 2.903e-07
1.795e+00, 5.000e-01, -7.850e-01, 1.162e+05, 0.000e+00, 6.636e-04, 0.000e+00, 2.111e+00, 9.984e+02, 2.849e-07
1.795e+00, 5.000e-01, -7.750e-01, 1.161e+05, 0.000e+00, 6.447e-04, 0.000e+00, 2.109e+00, 9.984e+02, 2.768e-07
1.795e+00, 5.000e-01, -7.650e-01, 1.160e+05, 0.000e+00, 6.177e-04, 0.000e+00, 2.107e+00, 9.984e+02, 2.652e-07
1.795e+00, 5.000e-01, -7.550e-01, 1.159e+05, 0.000e+00, 5.976e-04, 0.000e+00, 2.106e+00, 9.984e+02, 2.565e-07
1.795e+00, 5.000e-01, -7.450e-01, 1.158e+05, 0.000e+00, 5.851e-04, 0.000e+00, 2.104e+00, 9.984e+02, 2.512e-07
1.795e+00, 5.000e-01, -7.350e-01, 1.157e+05, 6.752e-07, 6.191e-04, 0.000e+00, 2.102e+00, 9.984e+02, 2.658e-07
1.795e+00, 5.000e-01, -7.250e-01, 1.156e+05, 4.720e-01, 1.895e-03, 0.000e+00, 2.100e+00, 9.986e+02, 8.558e-07
1.795e+00, 5.000e-01, -7.150e-01, 1.156e+05, 8.683e-01, 1.895e-03, 0.000e+00, 2.100e+00, 9.986e+02, 8.914e-07
1.795e+00, 5.000e-01, -7.050e-01, 1.156e+05, 8.724e-01, 1.895e-03, 0.000e+00, 2.100e+00, 9.986e+02, 8.917e-07
1.795e+00, 5.000e-01, -6.950e-01, 1.156e+05, 8.738e-01, 1.895e-03, 0.000e+00, 2.100e+00, 9.986e+02, 8.918e-07
1.795e+00, 5.000e-01, -6.850e-01, 1.156e+05, 8.753e-01, 1.895e-03, 0.000e+00, 2.100e+00, 9.986e+02, 8.983e-07
1.795e+00, 5.000e-01, -6.750e-01, 1.166e+05, 0.000e+00, 3.771e-04, 0.000e+00, 2.119e+00, 9.983e+02, 1.656e-07
1.795e+00, 5.000e-01, -6.650e-01, 1.165e+05, 0.000e+00, 2.364e-04, 0.000e+00, 2.117e+00, 9.983e+02, 1.039e-07
1.795e+00, 5.000e-01, -6.550e-01, 1.164e+05, 0.000e+00, 1.391e-04, 0.000e+00, 2.115e+00, 9.983e+02, 6.110e-08
1.795e+00, 5.000e-01, -6.450e-01, 1.163e+05, 0.000e+00, 7.873e-05, 0.000e+00, 2.113e+00, 9.983e+02, 3.458e-08
1.795e+00, 5.000e-01, -6.350e-01, 1.162e+05, 0.000e+00, 4.830e-05, 0.000e+00, 2.111e+00, 9.983e+02, 2.121e-08
1.795e+00, 5.000e-01, -6.250e-01, 1.161e+05, 0.000e+00, 4.340e-05, 0.000e+00, 2.110e+00, 9.983e+02, 1.906e-08
1.795e+00, 5.000e-01, -6.150e-01, 1.160e+05, 0.000e+00, 6.441e-05, 0.000e+00, 2.108e+00, 9.983e+02, 2.829e-08
1.795e+00, 5.000e-01, -6.050e-01, 1.159e+05, 0.000e+00, 1.163e-04, 0.000e+00, 2.106e+00, 9.983e+02, 5.109e-08
1.795e+00, 5.000e-01, -5.950e-01, 1.158e+05, 0.000e+00, 2.052e-04, 0.000e+00, 2.104e+00, 9.983e+02, 9.014e-08
1.795e+00, 5.000e-01, -5.850e-01, 1.157e+05, 0.000e+00, 3.312e-04, 0.000e+00, 2.102e+00, 9.983e+02, 1.455e-07
1.795e+00, 5.000e-01, -5.750e-01, 1.156e+05, 0.000e+00, 4.805e-04, 0.000e+00, 2.101e+00, 9.983e+02, 2.111e-07
1.795e+00, 5.000e-01, -5.650e-01, 1.155e+05, 0.000e+00, 6.224e-04, 0.000e+00, 2.099e+00, 9.984e+02, 2.734e-07
1.795e+00, 5.000e-01, -5.550e-01, 1.140e+05, 0.000e+00, 7.166e-04, 0.000e+00, 2.070e+00, 9.984e+02, 3.204e-07
1.795e+00, 5.000e-01, -5.450e-01, 1.139e+05, 0.000e+00, 7.493e-04, 0.000e+00, 2.068e+00, 9.984e+02, 3.367e-07
1.795e+00, 5.000e-01, -5.350e-01, 1.138e+05, 0.000e+00, 7.436e-04, 0.000e+00, 2.067e+00, 9.984e+02, 3.341e-07
1.795e+00, 5.000e-01, -5.250e-01, 1.137e+05, 0.000e+00, 7.182e-04, 0.000e+00, 2.065e+00, 9.984e+02, 3.227e-07
1.795e+00, 5.000e-01, -5.150e-01, 1.136e+05, 0.000e+00, 6.868e-04, 0.000e+00, 2.063e+00, 9.984e+02, 3.085e-07
1.795e+00, 5.000e-01, -5.050e-01, 1.135e+05, 0.000e+00, 6.564e-04, 0.000e+00, 2.061e+00, 9.984e+02, 2.949e-07
1.795e+00, 5.000e-01, -4.950e-01, 1.134e+05, 0.000e+00, 6.327e-04, 0.000e+00, 2.059e+00, 9.984e+02, 2.786e-07
1.795e+00, 5.000e-01, -4.850e-01, 1.133e+05, 0.000e+00, 6.164e-04, 0.000e+00, 2.057e+00, 9.984e+02, 2.646e-07
1.795e+00, 5.000e-01, -4.750e-01, 1.132e+05, 0.000e+00, 6.019e-04, 0.000e+00, 2.056e+00, 9.984e+02, 2.584e-07
1.795e+00, 5.000e-01, -4.650e-01, 1.131e+05, 0.000e+00, 5.901e-04, 0.000e+00, 2.054e+00, 9.984e+02, 2.533e-07
1.795e+00, 5.000e-01, -4.550e-01, 1.130e+05, 0.000e+00, 5.811e-04, 0.000e+00, 2.052e+00, 9.984e+02, 2.495e-07
1.795e+00, 5.000e-01, -4.450e-01, 1.129e+05, 0.000e+00, 5.746e-04, 0.000e+00, 2.050e+00, 9.984e+02, 2.467e-07
1.795e+00, 5.000e-01, -4.350e-01, 1.128e+05, 0.000e+00, 5.705e-04, 0.000e+00, 2.048e+00, 9.984e+02, 2.449e-07
1.795e+00, 5.000e-01, -4.250e-01, 1.127e+05, 0.000e+00, 5.700e-04, 0.000e+00, 2.047e+00, 9.984e+02, 2.447e-07
1.795e+00, 5.000e-01, -4.150e-01, 1.126e+05, 0.000e+00, 5.755e-04, 0.000e+00, 2.045e+00, 9.984e+02, 2.471e-07
1.795e+00, 5.000e-01, -4.050e-01, 1.125e+05, 0.000e+00, 5.942e-04, 0.000e+00, 2.043e+00, 9.984e+02, 2.551e-07
1.795e+00, 5.000e-01, -3.950e-01, 1.124e+05, 0.000e+00, 6.359e-04, 0.000e+00, 2.041e+00, 9.984e+02, 2.730e-07
1.795e+00, 5.000e-01, -3.850e-01, 1.123e+05, 0.000e+00, 6.662e-04, 0.000e+00, 2.039e+00, 9.984e+02, 2.860e-07
1.795e+00, 5.000e-01, -3.750e-01, 1.122e+05, 0.000e+00, 6.859e-04, 0.000e+00, 2.038e+00, 9.984e+02, 2.944e-07
1.795e+00, 5.000e-01, -3.650e-01, 1.121e+05, 0.000e+00, 6.935e-04, 0.000e+00, 2.036e+00, 9.984e+02, 2.977e-07
1.795e+00, 5.000e-01, -3.550e-01, 1.120e+05, 0.000e+00, 6.959e-04, 0.000e+00, 2.034e+00, 9.984e+02, 3.078e-07
1.795e+00, 5.000e-01, -3.450e-01, 1.119e+05, 0.000e+00, 6.937e-04, 0.000e+00, 2.033e+00, 9.984e+02, 3.117e-07
1.795e+00, 5.000e-01, -3.350e-01, 1.118e+05, 0.000e+00, 6.885e-04, 0.000e+00, 2.031e+00, 9.984e+02, 3.093e-07
1.795e+00, 5.000e-01, -3.250e-01, 1.117e+05, 0.000e+00, 6.818e-04, 0.000e+00, 2.029e+00, 9.984e+02, 3.063e-07
1.795e+00, 5.000e-01, -3.150e-01, 1.116e+05, 0.000e+00, 6.742e-04, 0.000e+00, 2.027e+00, 9.984e+02, 3.029e-07
1.795e+00, 5.000e-01, -3.050e-01, 1.115e+05, 0.000e+00, 6.656e-04, 0.000e+00, 2.025e+00, 9.984e+02, 2.990e-07
1.795e+00, 5.000e-01, -2.950e-01, 1.114e+05, 0.000e+00, 6.562e-04, 0.000e+00, 2.024e+00, 9.984e+02, 2.948e-07
1.795e+00, 5.000e-01, -2.850e-01, 1.113e+05, 0.000e+00, 6.466e-04, 0.000e+00, 2.022e+00, 9.984e+02, 2.905e-07
1.795e+00, 5.000e-01, -2.750e-01, 1.112e+05, 0.000e+00, 6.405e-04, 0.000e+00, 2.020e+00, 9.984e+02, 2.877e-07
1.795e+00, 5.000e-01, -2.650e-01, 1.112e+05, 0.000e+00, 6.457e-04, 0.000e+00, 2.020e+00, 9.984e+02, 2.837e-07
1.795e+00, 5.000e-01, -2.550e-01, 1.111e+05, 0.000e+00, 6.493e-04, 0.000e+00, 2.018e+00, 9.984e+02, 2.852e-07
1.795e+00, 5.000e-01, -2.450e-01, 1.110e+05, 0.000e+00, 6.524e-04, 0.000e+00, 2.016e+00, 9.984e+02, 2.866e-07
1.795e+00, 5.000e-01, -2.350e-01, 1.109e+05, 0.000e+00, 6.563e-04, 0.000e+00, 2.014e+00, 9.984e+02, 2.883e-07
1.795e+00, 5.000e-01, -2.250e-01, 1.108e+05, 0.000e+00, 6.594e-04, 0.000e+00, 2.012e+00, 9.984e+02, 2.897e-07
1.795e+00, 5.000e-01, -2.150e-01, 1.107e+05, 0.000e+00, 6.582e-04, 0.000e+00, 2.011e+00, 9.984e+02, 2.891e-07
1.795e+00, 5.000e-01, -2.050e-01, 1.106e+05, 0.000e+00, 6.490e-04, 0.000e+00, 2.009e+00, 9.984e+02, 2.851e-07
1.795e+00, 5.000e-01, -1.950e-01, 1.105e+05, 0.000e+00, 6.301e-04, 0.000e+00, 2.007e+00, 9.984e+02, 2.743e-07
1.795e+00, 5.000e-01, -1.850e-01, 1.106e+05, 0.000e+00, 5.992e-04, 0.000e+00, 2.009e+00, 9.984e+02, 2.572e-07
1.795e+00, 5.000e-01, -1.750e-01, 1.105e+05, 0.000e+00, 5.559e-04, 0.000e+00, 2.007e+00, 9.984e+02, 2.387e-07
1.795e+00, 5.000e-01, -1.650e-01, 1.104e+05, 0.000e+00, 5.053e-04, 0.000e+00, 2.005e+00, 9.984e+02, 2.169e-07
1.795e+00, 5.000e-01, -1.550e-01, 1.103e+05, 0.000e+00, 4.491e-04, 0.000e+00, 2.004e+00, 9.983e+02, 1.928e-07
1.795e+00, 5.000e-01, -1.450e-01, 1.102e+05, 0.000e+00, 3.866e-04, 0.000e+00, 2.002e+00, 9.983e+02, 1.659e-07
1.795e+00, 5.000e-01, -1.350e-01, 1.101e+05, 0.000e+00, 3.150e-04, 0.000e+00, 2.000e+00, 9.983e+02, 1.352e-07
1.795e+00, 5.000e-01, -1.250e-01, 1.100e+05, 0.000e+00, 2.315e-04, 0.000e+00, 1.998e+00, 9.983e+02, 9.964e-08
1.795e+00, 5.000e-01, -1.150e-01, 1.111e+05, 0.000e+00, 1.493e-04, 0.000e+00, 2.018e+00, 9.983e+02, 6.559e-08
1.795e+00, 5.000e-01, -1.050e-01, 1.110e+05, 0.000e+00, 8.554e-05, 0.000e+00, 2.017e+00, 9.983e+02, 3.757e-08
1.795e+00, 5.000e-01, -9.500e-02, 1.109e+05, 0.000e+00, 4.469e-05, 0.000e+00, 2.015e+00, 9.983e+02, 1.963e-08
1.795e+00, 5.000e-01, -8.500e-02, 1.108e+05, 0.000e+00, 2.192e-05, 0.000e+00, 2.013e+00, 9.983e+02, 9.627e-09
1.795e+00, 5.000e-01, -7.500e-02, 1.107e+05, 0.000e+00, 1.032e-05, 0.000e+00, 2.011e+00, 9.983e+02, 4.535e-09
1.795e+00, 5.000e-01, -6.500e-02, 1.106e+05, 0.000e+00, 4.735e-06, 0.000e+00, 2.009e+00, 9.983e+02, 2.080e-09
1.795e+00, 5.000e-01, -5.500e-02, 1.105e+05, 0.000e+00, 2.122e-06, 0.000e+00, 2.008e+00, 9.983e+02, 9.319e-10
1.795e+00, 5.000e-01, -4.500e-02, 1.104e+05, 0.000e+00, 9.263e-07, 0.000e+00, 2.006e+00, 9.983e+02, 4.069e-10
1.795e+00, 5.000e-01, -3.500e-02, 1.103e+05, 0.000e+00, 3.921e-07, 0.000e+00, 2.004e+00, 9.983e+02, 1.722e-10
1.795e+00, 5.000e-01, -2.500e-02, 1.102e+05, 0.000e+00, 1.605e-07, 0.000e+00, 2.002e+00, 9.983e+02, 7.050e-11
1.795e+00, 5.000e-01, -1.500e-02, 1.101e+05, 0.000e+00, 6.388e-08, 0.000e+00, 2.000e+00, 9.983e+02, 2.806e-11
1.795e+00, 5.000e-01, -5.000e-03, 1.100e+05, 0.000e+00, 2.534e-08, 0.000e+00, 1.999e+00, 9.983e+02, 1.113e-11
1.805e+00, 5.000e-01, -1.195e+00, 1.202e+05, 0.000e+00, 1.002e-13, 0.000e+00, 2.184e+00, 9.983e+02, 2.000e-17
1.805e+00, 5.000e-01, -1.185e+00, 1.201e+05, 0.000e+00, 1.002e-13, 0.000e+00, 2.182e+00, 9.983e+02, 2.000e-17
1.805e+00, 5.000e-01, -1.175e+00, 1.200e+05, 0.000e+00, 1.002e-13, 0.000e+00, 2.181e+00, 9.983e+02, 2.000e-17
1.805e+00, 5.000e-01, -1.165e+00, 1.199e+05, 0.000e+00, 1.002e-13, 0.000e+00, 2.179e+00, 9.983e+02, 2.000e-17
1.805e+00, 5.000e-01, -1.155e+00, 1.198e+05, 0.000e+00, 1.002e-13, 0.000e+00, 2.177e+00, 9.983e+02, 2.000e-17
1.805e+00, 5.000e-01, -1.145e+00, 1.197e+05, 0.000e+00, 1.002e-13, 0.000e+00, 2.175e+00, 9.983e+02, 2.000e-17
1.805e+00, 5.000e-01, -1.135e+00, 1.196e+05, 0.000e+00, 1.002e-13, 0.000e+00, 2.173e+00, 9.983e+02, 2.000e-17
1.805e+00, 5.000e-01, -1.125e+00, 1.195e+05, 0.000e+00, 1.002e-13, 0.000e+00, 2.172e+00, 9.983e+02, 2.000e-17
1.805e+00, 5.000e-01, -1.115e+00, 1.194e+05, 0.000e+00, 1.002e-13, 0.000e+00, 2.170e+00, 9.983e+02, 2.000e-17
1.805e+00, 5.000e-01, -1.105e+00, 1.193e+05, 0.000e+00, 1.002e-13, 0.000e+00, 2.168e+00, 9.983e+02, 2.000e-17
1.805e+00, 5.000e-01, -1.095e+00, 1.192e+05, 0.000e+00, 1.002e-13, 0.000e+00, 2.166e+00, 9.983e+02, 2.000e-17
1.805e+00, 5.000e-01, -1.085e+00, 1.191e+05, 0.000e+00, 1.871e-09, 0.000e+00, 2.165e+00, 9.983e+02, 6.197e-13
1.805e+00, 5.000e-01, -1.075e+00, 1.190e+05, 0.000e+00, 5.007e-04, 0.000e+00, 2.163e+00, 9.984e+02, 1.602e-07
1.805e+00, 5.000e-01, -1.065e+00, 1.189e+05, 0.000e+00, 5.612e-04, 0.000e+00, 2.161e+00, 9.984e+02, 2.409e-07
1.805e+00, 5.000e-01, -1.055e+00, 1.188e+05, 0.000e+00, 5.640e-04, 0.000e+00, 2.159e+00, 9.984e+02, 2.421e-07
1.805e+00, 5.000e-01, -1.045e+00, 1.187e+05, 0.000e+00, 5.563e-04, 0.000e+00, 2.158e+00, 9.984e+02, 2.388e-07
1.805e+00, 5.000e-01, -1.035e+00, 1.186e+05, 0.000e+00, 5.544e-04, 0.000e+00, 2.156e+00, 9.984e+02, 2.380e-07
1.805e+00, 5.000e-01, -1.025e+00, 1.185e+05, 0.000e+00, 5.592e-04, 0.000e+00, 2.154e+00, 9.984e+02, 2.401e-07
1.805e+00, 5.000e-01, -1.015e+00, 1.185e+05, 0.000e+00, 5.645e-04, 0.000e+00, 2.152e+00, 9.984e+02, 2.424e-07
1.805e+00, 5.000e-01, -1.005e+00, 1.184e+05, 0.000e+00, 5.662e-04, 0.000e+00, 2.150e+00, 9.984e+02, 2.431e-07
1.805e+00, 5.000e-01, -9.950e-01, 1.183e+05, 0.000e+00, 5.631e-04, 0.000e+00, 2.149e+00, 9.984e+02, 2.417e-07
1.805e+00, 5.000e-01, -9.850e-01, 1.182e+05, 0.000e+00, 5.556e-04, 0.000e+00, 2.147e+00, 9.984e+02, 2.385e-07
1.805e+00, 5.000e-01, -9.750e-01, 1.181e+05, 0.000e+00, 5.441e-04, 0.000e+00, 2.145e+00, 9.984e+02, 2.336e-07
1.805e+00, 5.000e-01, -9.650e-01, 1.180e+05, 0.000e+00, 5.285e-04, 0.000e+00, 2.143e+00, 9.984e+02, 2.269e-07
1.805e+00, 5.000e-01, -9.550e-01, 1.179e+05, 0.000e+00, 5.108e-04, 0.000e+00, 2.141e+00, 9.984e+02, 2.193e-07
1.805e+00, 5.000e-01, -9.450e-01, 1.178e+05, 0.000e+00, 4.976e-04, 0.000e+00, 2.140e+00, 9.984e+02, 2.136e-07
1.805e+00, 5.000e-01, -9.350e-01, 1.177e+05, 0.000e+00, 5.031e-04, 0.000e+00, 2.138e+00, 9.984e+02, 2.160e-07
1.805e+00, 5.000e-01, -9.250e-01, 1.176e+05, 0.000e+00, 5.444e-04, 0.000e+00, 2.136e+00, 9.984e+02, 2.337e-07
1.805e+00, 5.000e-01, -9.150e-01, 1.175e+05, 0.000e+00, 6.182e-04, 0.000e+00, 2.134e+00, 9.984e+02, 2.654e-07
1.805e+00, 5.000e-01, -9.050e-01, 1.174e+05, 0.000e+00, 6.851e-04, 0.000e+00, 2.132e+00, 9.984e+02, 2.941e-07
1.805e+00, 5.000e-01, -8.950e-01, 1.173e+05, 0.000e+00, 7.185e-04, 0.000e+00, 2.131e+00, 9.984e+02, 3.085e-07
1.805e+00, 5.000e-01, -8.850e-01, 1.172e+05, 0.000e+00, 7.247e-04, 0.000e+00, 2.129e+00, 9.984e+02, 3.111e-07
1.805e+00, 5.000e-01, -8.750e-01, 1.171e+05, 0.000e+00, 7.191e-04, 0.000e+00, 2.127e+00, 9.984e+02, 3.087e-07
1.805e+00, 5.000e-01, -8.650e-01, 1.170e+05, 0.000e+00, 7.126e-04, 0.000e+00, 2.125e+00, 9.984e+02, 3.059e-07
1.805e+00, 5.000e-01, -8.550e-01, 1.169e+05, 0.000e+00, 7.100e-04, 0.000e+00, 2.124e+00, 9.984e+02, 3.048e-07
1.805e+00, 5.000e-01, -8.450e-01, 1.168e+05, 0.000e+00, 7.106e-04, 0.000e+00, 2.122e+00, 9.984e+02, 3.051e-07
1.805e+00, 5.000e-01, -8.350e-01, 1.167e+05, 0.000e+00, 7.064e-04, 0.000e+00, 2.120e+00, 9.984e+02, 3.032e-07
1.805e+00, 5.000e-01, -8.250e-01, 1.166e+05, 0.000e+00, 6.921e-04, 0.000e+00, 2.118e+00, 9.984e+02, 2.971e-07
1.805e+00, 5.000e-01, -8.150e-01, 1.165e+05, 0.000e+00, 6.723e-04, 0.000e+00, 2.116e+00, 9.984e+02, 2.886e-07
1.805e+00, 5.000e-01, -8.050e-01, 1.164e+05, 0.000e+00, 6.483e-04, 0.000e+00, 2.115e+00, 9.984e+02, 2.783e-07
1.805e+00, 5.000e-01, -7.950e-01, 1.163e+05, 0.000e+00, 6.186e-04, 0.000e+00, 2.113e+00, 9.984e+02, 2.656e-07
1.805e+00, 5.000e-01, -7.850e-01, 1.162e+05, 0.000e+00, 5.803e-04, 0.000e+00, 2.111e+00, 9.984e+02, 2.491e-07
1.805e+00, 5.000e-01, -7.750e-01, 1.161e+05, 0.000e+00, 5.369e-04, 0.000e+00, 2.109e+00, 9.984e+02, 2.305e-07
1.805e+00, 5.000e-01, -7.650e-01, 1.160e+05, 0.000e+00, 5.208e-04, 0.000e+00, 2.107e+00, 9.984e+02, 2.236e-07
1.805e+00, 5.000e-01, -7.550e-01, 1.159e+05, 0.000e+00, 5.066e-04, 0.000e+00, 2.106e+00, 9.984e+02, 2.175e-07
1.805e+00, 5.000e-01, -7.450e-01, 1.158e+05, 0.000e+00, 4.881e-04, 0.000e+00, 2.104e+00, 9.984e+02, 2.095e-07
1.805e+00, 5.000e-01, -7.350e-01, 1.157e+05, 6.750e-07, 5.380e-04, 0.000e+00, 2.102e+00, 9.984e+02, 2.310e-07
1.805e+00, 5.000e-01, -7.250e-01, 1.156e+05, 4.719e-01, 1.895e-03, 0.000e+00, 2.100e+00, 9.986e+02, 8.558e-07
1.805e+00, 5.000e-01, -7.150e-01, 1.156e+05, 8.683e-01, 1.895e-03, 0.000e+00, 2.100e+00, 9.986e+02, 8.914e-07
1.805e+00, 5.000e-01, -7.050e-01, 1.156e+05, 8.724e-01, 1.895e-03, 0.000e+00, 2.100e+00, 9.986e+02, 8.917e-07
1.805e+00, 5.000e-01, -6.950e-01, 1.156e+05, 8.738e-01, 1.895e-03, 0.000e+00, 2.100e+00, 9.986e+02, 8.918e-07
1.805e+00, 5.000e-01, -6.850e-01, 1.156e+05, 8.753e-01, 1.895e-03, 0.000e+00, 2.100e+00, 9.986e+02, 8.983e-07
1.805e+00, 5.000e-01, -6.750e-01, 1.166e+05, 0.000e+00, 3.773e-04, 0.000e+00, 2.119e+00, 9.983e+02, 1.657e-07
1.805e+00, 5.000e-01, -6.650e-01, 1.165e+05, 0.000e+00, 2.366e-04, 0.000e+00, 2.117e+00, 9.983e+02, 1.039e-07
1.805e+00, 5.000e-01, -6.550e-01, 1.164e+05, 0.000e+00, 1.392e-04, 0.000e+00, 2.115e+00, 9.983e+02, 6.114e-08
1.805e+00, 5.000e-01, -6.450e-01, 1.163e+05, 0.000e+00, 7.861e-05, 0.000e+00, 2.113e+00, 9.983e+02, 3.453e-08
1.805e+00, 5.000e-01, -6.350e-01, 1.162e+05, 0.000e+00, 4.777e-05, 0.000e+00, 2.111e+00, 9.983e+02, 2.098e-08
1.805e+00, 5.000e-01, -6.250e-01, 1.161e+05, 0.000e+00, 4.213e-05, 0.000e+00, 2.110e+00, 9.983e+02, 1.850e-08
1.805e+00, 5.000e-01, -6.150e-01, 1.160e+05, 0.000e+00, 6.190e-05, 0.000e+00, 2.108e+00, 9.983e+02, 2.719e-08
1.805e+00, 5.000e-01, -6.050e-01, 1.159e+05, 0.000e+00, 1.121e-04, 0.000e+00, 2.106e+00, 9.983e+02, 4.922e-08
1.805e+00, 5.000e-01, -5.950e-01, 1.158e+05, 0.000e+00, 1.989e-04, 0.000e+00, 2.104e+00, 9.983e+02, 8.736e-08
1.805e+00, 5.000e-01, -5.850e-01, 1.157e+05, 0.000e+00, 3.230e-04, 0.000e+00, 2.102e+00, 9.983e+02, 1.419e-07
1.805e+00, 5.000e-01, -5.750e-01, 1.156e+05, 0.000e+00, 4.712e-04, 0.000e+00, 2.101e+00, 9.983e+02, 2.070e-07
1.805e+00, 5.000e-01, -5.650e-01, 1.155e+05, 0.000e+00, 6.130e-04, 0.000e+00, 2.099e+00, 9.984e+02, 2.693e-07
1.805e+00, 5.000e-01, -5.550e-01, 1.140e+05, 0.000e+00, 7.064e-04, 0.000e+00, 2.070e+00, 9.984e+02, 3.160e-07
1.805e+00, 5.000e-01, -5.450e-01, 1.139e+05, 0.000e+00, 7.374e-04, 0.000e+00, 2.068e+00, 9.984e+02, 3.313e-07
1.805e+00, 5.000e-01, -5.350e-01, 1.138e+05, 0.000e+00, 7.345e-04, 0.000e+00, 2.067e+00, 9.984e+02, 3.300e-07
1.805e+00, 5.000e-01, -5.250e-01, 1.137e+05, 0.000e+00, 7.151e-04, 0.000e+00, 2.065e+00, 9.984e+02, 3.213e-07
1.805e+00, 5.000e-01, -5.150e-01, 1.136e+05, 0.000e+00, 6.893e-04, 0.000e+00, 2.063e+00, 9.984e+02, 3.097e-07
1.805e+00, 5.000e-01, -5.050e-01, 1.135e+05, 0.000e+00, 6.631e-04, 0.000e+00, 2.061e+00, 9.984e+02, 2.979e-07
1.805e+00, 5.000e-01, -4.950e-01, 1.134e+05, 0.000e+00, 6.419e-04, 0.000e+00, 2.059e+00, 9.984e+02, 2.833e-07
1.805e+00, 5.000e-01, -4.850e-01, 1.133e+05, 0.000e+00, 6.272e-04, 0.000e+00, 2.057e+00, 9.984e+02, 2.693e-07
1.805e+00, 5.000e-01, -4.750e-01, 1.132e+05, 0.000e+00, 6.111e-04, 0.000e+00, 2.056e+00, 9.984e+02, 2.623e-07
1.805e+00, 5.000e-01, -4.650e-01, 1.131e+05, 0.000e+00, 5.960e-04, 0.000e+00, 2.054e+00, 9.984e+02, 2.559e-07
1.805e+00, 5.000e-01, -4.550e-01, 1.130e+05, 0.000e+00, 5.837e-04, 0.000e+00, 2.052e+00, 9.984e+02, 2.506e-07
1.805e+00, 5.000e-01, -4.450e-01, 1.129e+05, 0.000e+00, 5.747e-04, 0.000e+00, 2.050e+00, 9.984e+02, 2.467e-07
1.805e+00, 5.000e-01, -4.350e-01, 1.128e+05, 0.000e+00, 5.699e-04, 0.000e+00, 2.048e+00, 9.984e+02, 2.446e-07
1.805e+00, 5.000e-01, -4.250e-01, 1.127e+05, 0.000e+00, 5.701e-04, 0.000e+00, 2.047e+00, 9.984e+02, 2.447e-07
1.805e+00, 5.000e-01, -4.150e-01, 1.126e+05, 0.000e+00, 5.745e-04, 0.000e+00, 2.045e+00, 9.984e+02, 2.466e-07
1.805e+00, 5.000e-01, -4.050e-01, 1.125e+05, 0.000e+00, 5.820e-04, 0.000e+00, 2.043e+00, 9.984e+02, 2.499e-07
1.805e+00, 5.000e-01, -3.950e-01, 1.124e+05, 0.000e+00, 5.980e-04, 0.000e+00, 2.041e+00, 9.984e+02, 2.567e-07
1.805e+00, 5.000e-01, -3.850e-01, 1.123e+05, 0.000e+00, 6.359e-04, 0.000e+00, 2.039e+00, 9.984e+02, 2.730e-07
1.805e+00, 5.000e-01, -3.750e-01, 1.122e+05, 0.000e+00, 6.667e-04, 0.000e+00, 2.038e+00, 9.984e+02, 2.862e-07
1.805e+00, 5.000e-01, -3.650e-01, 1.121e+05, 0.000e+00, 6.768e-04, 0.000e+00, 2.036e+00, 9.984e+02, 2.906e-07
1.805e+00, 5.000e-01, -3.550e-01, 1.120e+05, 0.000e+00, 6.835e-04, 0.000e+00, 2.034e+00, 9.984e+02, 3.019e-07
1.805e+00, 5.000e-01, -3.450e-01, 1.119e+05, 0.000e+00, 6.886e-04, 0.000e+00, 2.033e+00, 9.984e+02, 3.094e-07
1.805e+00, 5.000e-01, -3.350e-01, 1.118e+05, 0.000e+00, 6.916e-04, 0.000e+00, 2.031e+00, 9.984e+02, 3.107e-07
1.805e+00, 5.000e-01, -3.250e-01, 1.117e+05, 0.000e+00, 6.940e-04, 0.000e+00, 2.029e+00, 9.984e+02, 3.118e-07
1.805e+00, 5.000e-01, -3.150e-01, 1.116e+05, 0.000e+00, 6.963e-04, 0.000e+00, 2.027e+00, 9.984e+02, 3.128e-07
1.805e+00, 5.000e-01, -3.050e-01, 1.115e+05, 0.000e+00, 6.986e-04, 0.000e+00, 2.025e+00, 9.984e+02, 3.139e-07
1.805e+00, 5.000e-01, -2.950e-01, 1.114e+05, 0.000e+00, 7.009e-04, 0.000e+00, 2.024e+00, 9.984e+02, 3.149e-07
1.805e+00, 5.000e-01, -2.850e-01, 1.113e+05, 0.000e+00, 7.032e-04, 0.000e+00, 2.022e+00, 9.984e+02, 3.159e-07
1.805e+00, 5.000e-01, -2.750e-01, 1.112e+05, 0.000e+00, 7.055e-04, 0.000e+00, 2.020e+00, 9.984e+02, 3.170e-07
1.805e+00, 5.000e-01, -2.650e-01, 1.112e+05, 0.000e+00, 7.103e-04, 0.000e+00, 2.020e+00, 9.984e+02, 3.121e-07
1.805e+00, 5.000e-01, -2.550e-01, 1.111e+05, 0.000e+00, 7.125e-04, 0.000e+00, 2.018e+00, 9.984e+02, 3.130e-07
1.805e+00, 5.000e-01, -2.450e-01, 1.110e+05, 0.000e+00, 7.124e-04, 0.000e+00, 2.016e+00, 9.984e+02, 3.129e-07
1.805e+00, 5.000e-01, -2.350e-01, 1.109e+05, 0.000e+00, 7.106e-04, 0.000e+00, 2.014e+00, 9.984e+02, 3.122e-07
1.805e+00, 5.000e-01, -2.250e-01, 1.108e+05, 0.000e+00, 7.069e-04, 0.000e+00, 2.012e+00, 9.984e+02, 3.105e-07
1.805e+00, 5.000e-01, -2.150e-01, 1.107e+05, 0.000e+00, 6.991e-04, 0.000e+00, 2.011e+00, 9.984e+02, 3.071e-07
1.805e+00, 5.000e-01, -2.050e-01, 1.106e+05, 0.000e+00, 6.847e-04, 0.000e+00, 2.009e+00, 9.984e+02, 3.008e-07
1.805e+00, 5.000e-01, -1.950e-01, 1.105e+05, 0.000e+00, 6.615e-04, 0.000e+00, 2.007e+00, 9.984e+02, 2.884e-07
1.805e+00, 5.000e-01, -1.850e-01, 1.106e+05, 0.000e+00, 6.269e-04, 0.000e+00, 2.009e+00, 9.984e+02, 2.691e-07
1.805e+00, 5.000e-01, -1.750e-01, 1.105e+05, 0.000e+00, 5.806e-04, 0.000e+00, 2.007e+00, 9.984e+02, 2.493e-07
1.805e+00, 5.000e-01, -1.650e-01, 1.104e+05, 0.000e+00, 5.261e-04, 0.000e+00, 2.005e+00, 9.984e+02, 2.259e-07
1.805e+00, 5.000e-01, -1.550e-01, 1.103e+05, 0.000e+00, 4.648e-04, 0.000e+00, 2.004e+00, 9.983e+02, 1.995e-07
1.805e+00, 5.000e-01, -1.450e-01, 1.102e+05, 0.000e+00, 3.966e-04, 0.000e+00, 2.002e+00, 9.983e+02, 1.703e-07
1.805e+00, 5.000e-01, -1.350e-01, 1.101e+05, 0.000e+00, 3.207e-04, 0.000e+00, 2.000e+00, 9.983e+02, 1.377e-07
1.805e+00, 5.000e-01, -1.250e-01, 1.100e+05, 0.000e+00, 2.363e-04, 0.000e+00, 1.998e+00, 9.983e+02, 1.015e-07
1.805e+00, 5.000e-01, -1.150e-01, 1.111e+05, 0.000e+00, 1.515e-04, 0.000e+00, 2.018e+00, 9.983e+02, 6.656e-08
1.805e+00, 5.000e-01, -1.050e-01, 1.110e+05, 0.000e+00, 8.642e-05, 0.000e+00, 2.017e+00, 9.983e+02, 3.796e-08
1.805e+00, 5.000e-01, -9.500e-02, 1.109e+05, 0.000e+00, 4.511e-05, 0.000e+00, 2.015e+00, 9.983e+02, 1.982e-08
1.805e+00, 5.000e-01, -8.500e-02, 1.108e+05, 0.000e+00, 2.219e-05, 0.000e+00, 2.013e+00, 9.983e+02, 9.748e-09
1.805e+00, 5.000e-01, -7.500e-02, 1.107e+05, 0.000e+00, 1.052e-05, 0.000e+00, 2.011e+00, 9.983e+02, 4.620e-09
1.805e+00, 5.000e-01, -6.500e-02, 1.106e+05, 0.000e+00, 4.861e-06, 0.000e+00, 2.009e+00, 9.983e+02, 2.135e-09
1.805e+00, 5.000e-01, -5.500e-02, 1.105e+05, 0.000e+00, 2.197e-06, 0.000e+00, 2.008e+00, 9.983e+02, 9.649e-10
1.805e+00, 5.000e-01, -4.500e-02, 1.104e+05, 0.000e+00, 9.669e-07, 0.000e+00, 2.006e+00, 9.983e+02, 4.247e-10
1.805e+00, 5.000e-01, -3.500e-02, 1.103e+05, 0.000e+00, 4.123e-07, 0.000e+00, 2.004e+00, 9.983e+02, 1.811e-10
1.805e+00, 5.000e-01, -2.500e-02, 1.102e+05, 0.000e+00, 1.699e-07, 0.000e+00, 2.002e+00, 9.983e+02, 7.462e-11
1.805e+00, 5.000e-01, -1.500e-02, 1.101e+05, 0.000e+00, 6.794e-08, 0.000e+00, 2.000e+00, 9.983e+02, 2.984e-11
1.805e+00, 5.000e-01, -5.000e-03, 1.100e+05, 0.000e+00, 2.700e-08, 0.000e+00, 1.999e+00, 9.983e+02, 1.186e-11
1.815e+00, 5.000e-01, -1.195e+00, 1.202e+05, 0.000e+00, 1.002e-13, 0.000e+00, 2.184e+00, 9.983e+02, 2.000e-17
1.815e+00, 5.000e-01, -1.185e+00, 1.201e+05, 0.000e+00, 1.002e-13, 0.000e+00, 2.182e+00, 9.983e+02, 2.000e-17
1.815e+00, 5.000e-01, -1.175e+00, 1.200e+05, 0.000e+00, 1.002e-13, 0.000e+00, 2.181e+00, 9.983e+02, 2.000e-17
1.815e+00, 5.000e-01, -1.165e+00, 1.199e+05, 0.000e+00, 1.002e-13, 0.000e+00, 2.179e+00, 9.983e+02, 2.000e-17
1.815e+00, 5.000e-01, -1.155e+00, 1.198e+05, 0.000e+00, 1.002e-13, 0.000e+00, 2.177e+00, 9.983e+02, 2.000e-17
1.815e+00, 5.000e-01, -1.145e+00, 1.197e+05, 0.000e+00, 1.002e-13, 0.000e+00, 2.175e+00, 9.983e+02, 2.000e-17
1.815e+00, 5.000e-01, -1.135e+00, 1.196e+05, 0.000e+00, 1.002e-13, 0.000e+00, 2.173e+00, 9.983e+02, 2.000e-17
1.815e+00, 5.000e-01, -1.125e+00, 1.195e+05, 0.000e+00, 1.002e-13, 0.000e+00, 2.172e+00, 9.983e+02, 2.000e-17
1.815e+00, 5.000e-01, -1.115e+00, 1.194e+05, 0.000e+00, 1.002e-13, 0.000e+00, 2.170e+00, 9.983e+02, 2.000e-17
1.815e+00, 5.000e-01, -1.105e+00, 1.193e+05, 0.000e+00, 1.002e-13, 0.000e+00, 2.168e+00, 9.983e+02, 2.000e-17
1.815e+00, 5.000e-01, -1.095e+00, 1.192e+05, 0.000e+00, 1.002e-13, 0.000e+00, 2.166e+00, 9.983e+02, 2.000e-17
1.815e+00, 5.000e-01, -1.085e+00, 1.191e+05, 0.000e+00, 1.871e-09, 0.000e+00, 2.165e+00, 9.983e+02, 6.197e-13
1.815e+00, 5.000e-01, -1.075e+00, 1.190e+05, 0.000e+00, 4.903e-04, 0.000e+00, 2.163e+00, 9.984e+02, 1.624e-07
1.815e+00, 5.000e-01, -1.065e+00, 1.189e+05, 0.000e+00, 5.508e-04, 0.000e+00, 2.161e+00, 9.984e+02, 2.365e-07
1.815e+00, 5.000e-01, -1.055e+00, 1.188e+05, 0.000e+00, 5.605e-04, 0.000e+00, 2.159e+00, 9.984e+02, 2.406e-07
1.815e+00, 5.000e-01, -1.045e+00, 1.187e+05, 0.000e+00, 5.523e-04, 0.000e+00, 2.158e+00, 9.984e+02, 2.371e-07
1.815e+00, 5.000e-01, -1.035e+00, 1.186e+05, 0.000e+00, 5.452e-04, 0.000e+00, 2.156e+00, 9.984e+02, 2.340e-07
1.815e+00, 5.000e-01, -1.025e+00, 1.185e+05, 0.000e+00, 5.438e-04, 0.000e+00, 2.154e+00, 9.984e+02, 2.335e-07
1.815e+00, 5.000e-01, -1.015e+00, 1.185e+05, 0.000e+00, 5.451e-04, 0.000e+00, 2.152e+00, 9.984e+02, 2.340e-07
1.815e+00, 5.000e-01, -1.005e+00, 1.184e+05, 0.000e+00, 5.450e-04, 0.000e+00, 2.150e+00, 9.984e+02, 2.340e-07
1.815e+00, 5.000e-01, -9.950e-01, 1.183e+05, 0.000e+00, 5.432e-04, 0.000e+00, 2.149e+00, 9.984e+02, 2.332e-07
1.815e+00, 5.000e-01, -9.850e-01, 1.182e+05, 0.000e+00, 5.415e-04, 0.000e+00, 2.147e+00, 9.984e+02, 2.325e-07
1.815e+00, 5.000e-01, -9.750e-01, 1.181e+05, 0.000e+00, 5.409e-04, 0.000e+00, 2.145e+00, 9.984e+02, 2.322e-07
1.815e+00, 5.000e-01, -9.650e-01, 1.180e+05, 0.000e+00, 5.389e-04, 0.000e+00, 2.143e+00, 9.984e+02, 2.314e-07
1.815e+00, 5.000e-01, -9.550e-01, 1.179e+05, 0.000e+00, 5.343e-04, 0.000e+00, 2.141e+00, 9.984e+02, 2.294e-07
1.815e+00, 5.000e-01, -9.450e-01, 1.178e+05, 0.000e+00, 5.304e-04, 0.000e+00, 2.140e+00, 9.984e+02, 2.277e-07
1.815e+00, 5.000e-01, -9.350e-01, 1.177e+05, 0.000e+00, 5.365e-04, 0.000e+00, 2.138e+00, 9.984e+02, 2.303e-07
1.815e+00, 5.000e-01, -9.250e-01, 1.176e+05, 0.000e+00, 5.644e-04, 0.000e+00, 2.136e+00, 9.984e+02, 2.423e-07
1.815e+00, 5.000e-01, -9.150e-01, 1.175e+05, 0.000e+00, 6.143e-04, 0.000e+00, 2.134e+00, 9.984e+02, 2.637e-07
1.815e+00, 5.000e-01, -9.050e-01, 1.174e+05, 0.000e+00, 6.651e-04, 0.000e+00, 2.132e+00, 9.984e+02, 2.855e-07
1.815e+00, 5.000e-01, -8.950e-01, 1.173e+05, 0.000e+00, 6.981e-04, 0.000e+00, 2.131e+00, 9.984e+02, 2.997e-07
1.815e+00, 5.000e-01, -8.850e-01, 1.172e+05, 0.000e+00, 7.137e-04, 0.000e+00, 2.129e+00, 9.984e+02, 3.064e-07
1.815e+00, 5.000e-01, -8.750e-01, 1.171e+05, 0.000e+00, 7.181e-04, 0.000e+00, 2.127e+00, 9.984e+02, 3.083e-07
1.815e+00, 5.000e-01, -8.650e-01, 1.170e+05, 0.000e+00, 7.160e-04, 0.000e+00, 2.125e+00, 9.984e+02, 3.074e-07
1.815e+00, 5.000e-01, -8.550e-01, 1.169e+05, 0.000e+00, 7.099e-04, 0.000e+00, 2.124e+00, 9.984e+02, 3.048e-07
1.815e+00, 5.000e-01, -8.450e-01, 1.168e+05, 0.000e+00, 7.002e-04, 0.000e+00, 2.122e+00, 9.984e+02, 3.006e-07
1.815e+00, 5.000e-01, -8.350e-01, 1.167e+05, 0.000e+00, 6.842e-04, 0.000e+00, 2.120e+00, 9.984e+02, 2.938e-07
1.815e+00, 5.000e-01, -8.250e-01, 1.166e+05, 0.000e+00, 6.604e-04, 0.000e+00, 2.118e+00, 9.984e+02, 2.835e-07
1.815e+00, 5.000e-01, -8.150e-01, 1.165e+05, 0.000e+00, 6.294e-04, 0.000e+00, 2.116e+00, 9.984e+02, 2.702e-07
1.815e+00, 5.000e-01, -8.050e-01, 1.164e+05, 0.000e+00, 5.905e-04, 0.000e+00, 2.115e+00, 9.984e+02, 2.535e-07
1.815e+00, 5.000e-01, -7.950e-01, 1.163e+05, 0.000e+00, 5.427e-04, 0.000e+00, 2.113e+00, 9.984e+02, 2.330e-07
1.815e+00, 5.000e-01, -7.850e-01, 1.162e+05, 0.000e+00, 4.949e-04, 0.000e+00, 2.111e+00, 9.984e+02, 2.125e-07
1.815e+00, 5.000e-01, -7.750e-01, 1.161e+05, 0.000e+00, 4.650e-04, 0.000e+00, 2.109e+00, 9.983e+02, 1.996e-07
1.815e+00, 5.000e-01, -7.650e-01, 1.160e+05, 0.000e+00, 4.500e-04, 0.000e+00, 2.107e+00, 9.983e+02, 1.932e-07
1.815e+00, 5.000e-01, -7.550e-01, 1.159e+05, 0.000e+00, 4.422e-04, 0.000e+00, 2.106e+00, 9.983e+02, 1.898e-07
1.815e+00, 5.000e-01, -7.450e-01, 1.158e+05, 0.000e+00, 4.356e-04, 0.000e+00, 2.104e+00, 9.983e+02, 1.870e-07
1.815e+00, 5.000e-01, -7.350e-01, 1.157e+05, 6.748e-07, 4.927e-04, 0.000e+00, 2.102e+00, 9.984e+02, 2.115e-07
1.815e+00, 5.000e-01, -7.250e-01, 1.156e+05, 4.718e-01, 1.895e-03, 0.000e+00, 2.100e+00, 9.986e+02, 8.558e-07
1.815e+00, 5.000e-01, -7.150e-01, 1.156e+05, 8.683e-01, 1.895e-03, 0.000e+00, 2.100e+00, 9.986e+02, 8.914e-07
1.815e+00, 5.000e-01, -7.050e-01, 1.156e+05, 8.724e-01, 1.895e-03, 0.000e+00, 2.100e+00, 9.986e+02, 8.917e-07
1.815e+00, 5.000e-01, -6.950e-01, 1.156e+05, 8.738e-01, 1.895e-03, 0.000e+00, 2.100e+00, 9.986e+02, 8.918e-07
1.815e+00, 5.000e-01, -6.850e-01, 1.156e+05, 8.753e-01, 1.895e-03, 0.000e+00, 2.100e+00, 9.986e+02, 8.984e-07
1.815e+00, 5.000e-01, -6.750e-01, 1.166e+05, 0.000e+00, 3.774e-04, 0.000e+00, 2.119e+00, 9.983e+02, 1.658e-07
1.815e+00, 5.000e-01, -6.650e-01, 1.165e+05, 0.000e+00, 2.367e-04, 0.000e+00, 2.117e+00, 9.983e+02, 1.040e-07
1.815e+00, 5.000e-01, -6.550e-01, 1.164e+05, 0.000e+00, 1.392e-04, 0.000e+00, 2.115e+00, 9.983e+02, 6.116e-08
1.815e+00, 5.000e-01, -6.450e-01, 1.163e+05, 0.000e+00, 7.847e-05, 0.000e+00, 2.113e+00, 9.983e+02, 3.447e-08
1.815e+00, 5.000e-01, -6.350e-01, 1.162e+05, 0.000e+00, 4.727e-05, 0.000e+00, 2.111e+00, 9.983e+02, 2.076e-08
1.815e+00, 5.000e-01, -6.250e-01, 1.161e+05, 0.000e+00, 4.096e-05, 0.000e+00, 2.110e+00, 9.983e+02, 1.799e-08
1.815e+00, 5.000e-01, -6.150e-01, 1.160e+05, 0.000e+00, 5.963e-05, 0.000e+00, 2.108e+00, 9.983e+02, 2.619e-08
1.815e+00, 5.000e-01, -6.050e-01, 1.159e+05, 0.000e+00, 1.082e-04, 0.000e+00, 2.106e+00, 9.983e+02, 4.751e-08
1.815e+00, 5.000e-01, -5.950e-01, 1.158e+05, 0.000e+00, 1.930e-04, 0.000e+00, 2.104e+00, 9.983e+02, 8.478e-08
1.815e+00, 5.000e-01, -5.850e-01, 1.157e+05, 0.000e+00, 3.153e-04, 0.000e+00, 2.102e+00, 9.983e+02, 1.385e-07
1.815e+00, 5.000e-01, -5.750e-01, 1.156e+05, 0.000e+00, 4.622e-04, 0.000e+00, 2.101e+00, 9.983e+02, 2.030e-07
1.815e+00, 5.000e-01, -5.650e-01, 1.155e+05, 0.000e+00, 6.034e-04, 0.000e+00, 2.099e+00, 9.984e+02, 2.651e-07
1.815e+00, 5.000e-01, -5.550e-01, 1.140e+05, 0.000e+00, 6.951e-04, 0.000e+00, 2.070e+00, 9.984e+02, 3.110e-07
1.815e+00, 5.000e-01, -5.450e-01, 1.139e+05, 0.000e+00, 7.237e-04, 0.000e+00, 2.068e+00, 9.984e+02, 3.252e-07
1.815e+00, 5.000e-01, -5.350e-01, 1.138e+05, 0.000e+00, 7.242e-04, 0.000e+00, 2.067e+00, 9.984e+02, 3.254e-07
1.815e+00, 5.000e-01, -5.250e-01, 1.137e+05, 0.000e+00, 7.107e-04, 0.000e+00, 2.065e+00, 9.984e+02, 3.193e-07
1.815e+00, 5.000e-01, -5.150e-01, 1.136e+05, 0.000e+00, 6.909e-04, 0.000e+00, 2.063e+00, 9.984e+02, 3.104e-07
1.815e+00, 5.000e-01, -5.050e-01, 1.135e+05, 0.000e+00, 6.692e-04, 0.000e+00, 2.061e+00, 9.984e+02, 3.007e-07
1.815e+00, 5.000e-01, -4.950e-01, 1.134e+05, 0.000e+00, 6.511e-04, 0.000e+00, 2.059e+00, 9.984e+02, 2.880e-07
1.815e+00, 5.000e-01, -4.850e-01, 1.133e+05, 0.000e+00, 6.395e-04, 0.000e+00, 2.057e+00, 9.984e+02, 2.745e-07
1.815e+00, 5.000e-01, -4.750e-01, 1.132e+05, 0.000e+00, 6.224e-04, 0.000e+00, 2.056e+00, 9.984e+02, 2.672e-07
1.815e+00, 5.000e-01, -4.650e-01, 1.131e+05, 0.000e+00, 6.039e-04, 0.000e+00, 2.054e+00, 9.984e+02, 2.593e-07
1.815e+00, 5.000e-01, -4.550e-01, 1.130e+05, 0.000e+00, 5.880e-04, 0.000e+00, 2.052e+00, 9.984e+02, 2.524e-07
1.815e+00, 5.000e-01, -4.450e-01, 1.129e+05, 0.000e+00, 5.771e-04, 0.000e+00, 2.050e+00, 9.984e+02, 2.477e-07
1.815e+00, 5.000e-01, -4.350e-01, 1.128e+05, 0.000e+00, 5.743e-04, 0.000e+00, 2.048e+00, 9.984e+02, 2.465e-07
1.815e+00, 5.000e-01, -4.250e-01, 1.127e+05, 0.000e+00, 5.788e-04, 0.000e+00, 2.047e+00, 9.984e+02, 2.485e-07
1.815e+00, 5.000e-01, -4.150e-01, 1.126e+05, 0.000e+00, 5.869e-04, 0.000e+00, 2.045e+00, 9.984e+02, 2.520e-07
1.815e+00, 5.000e-01, -4.050e-01, 1.125e+05, 0.000e+00, 5.964e-04, 0.000e+00, 2.043e+00, 9.984e+02, 2.560e-07
1.815e+00, 5.000e-01, -3.950e-01, 1.124e+05, 0.000e+00, 6.074e-04, 0.000e+00, 2.041e+00, 9.984e+02, 2.608e-07
1.815e+00, 5.000e-01, -3.850e-01, 1.123e+05, 0.000e+00, 6.228e-04, 0.000e+00, 2.039e+00, 9.984e+02, 2.674e-07
1.815e+00, 5.000e-01, -3.750e-01, 1.122e+05, 0.000e+00, 6.354e-04, 0.000e+00, 2.038e+00, 9.984e+02, 2.728e-07
1.815e+00, 5.000e-01, -3.650e-01, 1.121e+05, 0.000e+00, 6.417e-04, 0.000e+00, 2.036e+00, 9.984e+02, 2.755e-07
1.815e+00, 5.000e-01, -3.550e-01, 1.120e+05, 0.000e+00, 6.463e-04, 0.000e+00, 2.034e+00, 9.984e+02, 2.850e-07
1.815e+00, 5.000e-01, -3.450e-01, 1.119e+05, 0.000e+00, 6.504e-04, 0.000e+00, 2.033e+00, 9.984e+02, 2.922e-07
1.815e+00, 5.000e-01, -3.350e-01, 1.118e+05, 0.000e+00, 6.541e-04, 0.000e+00, 2.031e+00, 9.984e+02, 2.939e-07
1.815e+00, 5.000e-01, -3.250e-01, 1.117e+05, 0.000e+00, 6.580e-04, 0.000e+00, 2.029e+00, 9.984e+02, 2.956e-07
1.815e+00, 5.000e-01, -3.150e-01, 1.116e+05, 0.000e+00, 6.625e-04, 0.000e+00, 2.027e+00, 9.984e+02, 2.976e-07
1.815e+00, 5.000e-01, -3.050e-01, 1.115e+05, 0.000e+00, 6.676e-04, 0.000e+00, 2.025e+00, 9.984e+02, 2.999e-07
1.815e+00, 5.000e-01, -2.950e-01, 1.114e+05, 0.000e+00, 6.735e-04, 0.000e+00, 2.024e+00, 9.984e+02, 3.026e-07
1.815e+00, 5.000e-01, -2.850e-01, 1.113e+05, 0.000e+00, 6.806e-04, 0.000e+00, 2.022e+00, 9.984e+02, 3.058e-07
1.815e+00, 5.000e-01, -2.750e-01, 1.112e+05, 0.000e+00, 6.902e-04, 0.000e+00, 2.020e+00, 9.984e+02, 3.101e-07
1.815e+00, 5.000e-01, -2.650e-01, 1.112e+05, 0.000e+00, 7.052e-04, 0.000e+00, 2.020e+00, 9.984e+02, 3.100e-07
1.815e+00, 5.000e-01, -2.550e-01, 1.111e+05, 0.000e+00, 7.157e-04, 0.000e+00, 2.018e+00, 9.984e+02, 3.144e-07
1.815e+00, 5.000e-01, -2.450e-01, 1.110e+05, 0.000e+00, 7.222e-04, 0.000e+00, 2.016e+00, 9.984e+02, 3.173e-07
1.815e+00, 5.000e-01, -2.350e-01, 1.109e+05, 0.000e+00, 7.259e-04, 0.000e+00, 2.014e+00, 9.984e+02, 3.189e-07
1.815e+00, 5.000e-01, -2.250e-01, 1.108e+05, 0.000e+00, 7.259e-04, 0.000e+00, 2.012e+00, 9.984e+02, 3.189e-07
1.815e+00, 5.000e-01, -2.150e-01, 1.107e+05, 0.000e+00, 7.202e-04, 0.000e+00, 2.011e+00, 9.984e+02, 3.164e-07
1.815e+00, 5.000e-01, -2.050e-01, 1.106e+05, 0.000e+00, 7.061e-04, 0.000e+00, 2.009e+00, 9.984e+02, 3.102e-07
1.815e+00, 5.000e-01, -1.950e-01, 1.105e+05, 0.000e+00, 6.810e-04, 0.000e+00, 2.007e+00, 9.984e+02, 2.974e-07
1.815e+00, 5.000e-01, -1.850e-01, 1.106e+05, 0.000e+00, 6.432e-04, 0.000e+00, 2.009e+00, 9.984e+02, 2.761e-07
1.815e+00, 5.000e-01, -1.750e-01, 1.105e+05, 0.000e+00, 5.942e-04, 0.000e+00, 2.007e+00, 9.984e+02, 2.551e-07
1.815e+00, 5.000e-01, -1.650e-01, 1.104e+05, 0.000e+00, 5.365e-04, 0.000e+00, 2.005e+00, 9.984e+02, 2.303e-07
1.815e+00, 5.000e-01, -1.550e-01, 1.103e+05, 0.000e+00, 4.718e-04, 0.000e+00, 2.004e+00, 9.983e+02, 2.025e-07
1.815e+00, 5.000e-01, -1.450e-01, 1.102e+05, 0.000e+00, 4.006e-04, 0.000e+00, 2.002e+00, 9.983e+02, 1.720e-07
1.815e+00, 5.000e-01, -1.350e-01, 1.101e+05, 0.000e+00, 3.228e-04, 0.000e+00, 2.000e+00, 9.983e+02, 1.386e-07
1.815e+00, 5.000e-01, -1.250e-01, 1.100e+05, 0.000e+00, 2.393e-04, 0.000e+00, 1.998e+00, 9.983e+02, 1.027e-07
1.815e+00, 5.000e-01, -1.150e-01, 1.111e+05, 0.000e+00, 1.532e-04, 0.000e+00, 2.018e+00, 9.983e+02, 6.723e-08
1.815e+00, 5.000e-01, -1.050e-01, 1.110e+05, 0.000e+00, 8.753e-05, 0.000e+00, 2.017e+00, 9.983e+02, 3.845e-08
1.815e+00, 5.000e-01, -9.500e-02, 1.109e+05, 0.000e+00, 4.595e-05, 0.000e+00, 2.015e+00, 9.983e+02, 2.018e-08
1.815e+00, 5.000e-01, -8.500e-02, 1.108e+05, 0.000e+00, 2.279e-05, 0.000e+00, 2.013e+00, 9.983e+02, 1.001e-08
1.815e+00, 5.000e-01, -7.500e-02, 1.107e+05, 0.000e+00, 1.092e-05, 0.000e+00, 2.011e+00, 9.983e+02, 4.795e-09
1.815e+00, 5.000e-01, -6.500e-02, 1.106e+05, 0.000e+00, 5.104e-06, 0.000e+00, 2.009e+00, 9.983e+02, 2.242e-09
1.815e+00, 5.000e-01, -5.500e-02, 1.105e+05, 0.000e+00, 2.333e-06, 0.000e+00, 2.008e+00, 9.983e+02, 1.025e-09
1.815e+00, 5.000e-01, -4.500e-02, 1.104e+05, 0.000e+00, 1.037e-06, 0.000e+00, 2.006e+00, 9.983e+02, 4.556e-10
1.815e+00, 5.000e-01, -3.500e-02, 1.103e+05, 0.000e+00, 4.463e-07, 0.000e+00, 2.004e+00, 9.983e+02, 1.960e-10
1.815e+00, 5.000e-01, -2.500e-02, 1.102e+05, 0.000e+00, 1.853e-07, 0.000e+00, 2.002e+00, 9.983e+02, 8.138e-11
1.815e+00, 5.000e-01, -1.500e-02, 1.101e+05, 0.000e+00, 7.454e-08, 0.000e+00, 2.000e+00, 9.983e+02, 3.274e-11
1.815e+00, 5.000e-01, -5.000e-03, 1.100e+05, 0.000e+00, 2.969e-08, 0.000e+00, 1.999e+00, 9.983e+02, 1.304e-11
1.825e+00, 5.000e-01, -1.195e+00, 1.202e+05, 0.000e+00, 1.002e-13, 0.000e+00, 2.184e+00, 9.983e+02, 2.000e-17
1.825e+00, 5.000e-01, -1.185e+00, 1.201e+05, 0.000e+00, 1.002e-13, 0.000e+00, 2.182e+00, 9.983e+02, 2.000e-17
1.825e+00, 5.000e-01, -1.175e+00, 1.200e+05, 0.000e+00, 1.002e-13, 0.000e+00, 2.181e+00, 9.983e+02, 2.000e-17
1.825e+00, 5.000e-01, -1.165e+00, 1.199e+05, 0.000e+00, 1.002e-13, 0.000e+00, 2.179e+00, 9.983e+02, 2.000e-17
1.825e+00, 5.000e-01, -1.155e+00, 1.198e+05, 0.000e+00, 1.002e-13, 0.000e+00, 2.177e+00, 9.983e+02, 2.000e-17
1.825e+00, 5.000e-01, -1.145e+00, 1.197e+05, 0.000e+00, 1.002e-13, 0.000e+00, 2.175e+00, 9.983e+02, 2.000e-17
1.825e+00, 5.000e-01, -1.135e+00, 1.196e+05, 0.000e+00, 1.002e-13, 0.000e+00, 2.173e+00, 9.983e+02, 2.000e-17
1.825e+00, 5.000e-01, -1.125e+00, 1.195e+05, 0.000e+00, 1.002e-13, 0.000e+00, 2.172e+00, 9.983e+02, 2.000e-17
1.825e+00, 5.000e-01, -1.115e+00, 1.194e+05, 0.000e+00, 1.002e-13, 0.000e+00, 2.170e+00, 9.983e+02, 2.000e-17
1.825e+00, 5.000e-01, -1.105e+00, 1.193e+05, 0.000e+00, 1.002e-13, 0.000e+00, 2.168e+00, 9.983e+02, 2.000e-17
1.825e+00, 5.000e-01, -1.095e+00, 1.192e+05, 0.000e+00, 1.002e-13, 0.000e+00, 2.166e+00, 9.983e+02, 2.000e-17
1.825e+00, 5.000e-01, -1.085e+00, 1.191e+05, 0.000e+00, 1.871e-09, 0.000e+00, 2.165e+00, 9.983e+02, 6.197e-13
1.825e+00, 5.000e-01, -1.075e+00, 1.190e+05, 0.000e+00, 4.773e-04, 0.000e+00, 2.163e+00, 9.984e+02, 1.635e-07
1.825e+00, 5.000e-01, -1.065e+00, 1.189e+05, 0.000e+00, 5.413e-04, 0.000e+00, 2.161e+00, 9.984e+02, 2.324e-07
1.825e+00, 5.000e-01, -1.055e+00, 1.188e+05, 0.000e+00, 5.569e-04, 0.000e+00, 2.159e+00, 9.984e+02, 2.391e-07
1.825e+00, 5.000e-01, -1.045e+00, 1.187e+05, 0.000e+00, 5.497e-04, 0.000e+00, 2.158e+00, 9.984e+02, 2.360e-07
1.825e+00, 5.000e-01, -1.035e+00, 1.186e+05, 0.000e+00, 5.390e-04, 0.000e+00, 2.156e+00, 9.984e+02, 2.314e-07
1.825e+00, 5.000e-01, -1.025e+00, 1.185e+05, 0.000e+00, 5.316e-04, 0.000e+00, 2.154e+00, 9.984e+02, 2.282e-07
1.825e+00, 5.000e-01, -1.015e+00, 1.185e+05, 0.000e+00, 5.274e-04, 0.000e+00, 2.152e+00, 9.984e+02, 2.264e-07
1.825e+00, 5.000e-01, -1.005e+00, 1.184e+05, 0.000e+00, 5.234e-04, 0.000e+00, 2.150e+00, 9.984e+02, 2.247e-07
1.825e+00, 5.000e-01, -9.950e-01, 1.183e+05, 0.000e+00, 5.183e-04, 0.000e+00, 2.149e+00, 9.984e+02, 2.225e-07
1.825e+00, 5.000e-01, -9.850e-01, 1.182e+05, 0.000e+00, 5.129e-04, 0.000e+00, 2.147e+00, 9.984e+02, 2.202e-07
1.825e+00, 5.000e-01, -9.750e-01, 1.181e+05, 0.000e+00, 5.093e-04, 0.000e+00, 2.145e+00, 9.984e+02, 2.186e-07
1.825e+00, 5.000e-01, -9.650e-01, 1.180e+05, 0.000e+00, 5.087e-04, 0.000e+00, 2.143e+00, 9.984e+02, 2.184e-07
1.825e+00, 5.000e-01, -9.550e-01, 1.179e+05, 0.000e+00, 5.120e-04, 0.000e+00, 2.141e+00, 9.984e+02, 2.198e-07
1.825e+00, 5.000e-01, -9.450e-01, 1.178e+05, 0.000e+00, 5.197e-04, 0.000e+00, 2.140e+00, 9.984e+02, 2.231e-07
1.825e+00, 5.000e-01, -9.350e-01, 1.177e+05, 0.000e+00, 5.322e-04, 0.000e+00, 2.138e+00, 9.984e+02, 2.285e-07
1.825e+00, 5.000e-01, -9.250e-01, 1.176e+05, 0.000e+00, 5.533e-04, 0.000e+00, 2.136e+00, 9.984e+02, 2.375e-07
1.825e+00, 5.000e-01, -9.150e-01, 1.175e+05, 0.000e+00, 5.856e-04, 0.000e+00, 2.134e+00, 9.984e+02, 2.514e-07
1.825e+00, 5.000e-01, -9.050e-01, 1.174e+05, 0.000e+00, 6.211e-04, 0.000e+00, 2.132e+00, 9.984e+02, 2.666e-07
1.825e+00, 5.000e-01, -8.950e-01, 1.173e+05, 0.000e+00, 6.478e-04, 0.000e+00, 2.131e+00, 9.984e+02, 2.781e-07
1.825e+00, 5.000e-01, -8.850e-01, 1.172e+05, 0.000e+00, 6.631e-04, 0.000e+00, 2.129e+00, 9.984e+02, 2.847e-07
1.825e+00, 5.000e-01, -8.750e-01, 1.171e+05, 0.000e+00, 6.699e-04, 0.000e+00, 2.127e+00, 9.984e+02, 2.876e-07
1.825e+00, 5.000e-01, -8.650e-01, 1.170e+05, 0.000e+00, 6.705e-04, 0.000e+00, 2.125e+00, 9.984e+02, 2.879e-07
1.825e+00, 5.000e-01, -8.550e-01, 1.169e+05, 0.000e+00, 6.656e-04, 0.000e+00, 2.124e+00, 9.984e+02, 2.858e-07
1.825e+00, 5.000e-01, -8.450e-01, 1.168e+05, 0.000e+00, 6.546e-04, 0.000e+00, 2.122e+00, 9.984e+02, 2.810e-07
1.825e+00, 5.000e-01, -8.350e-01, 1.167e+05, 0.000e+00, 6.359e-04, 0.000e+00, 2.120e+00, 9.984e+02, 2.730e-07
1.825e+00, 5.000e-01, -8.250e-01, 1.166e+05, 0.000e+00, 6.076e-04, 0.000e+00, 2.118e+00, 9.984e+02, 2.608e-07
1.825e+00, 5.000e-01, -8.150e-01, 1.165e+05, 0.000e+00, 5.644e-04, 0.000e+00, 2.116e+00, 9.984e+02, 2.423e-07
1.825e+00, 5.000e-01, -8.050e-01, 1.164e+05, 0.000e+00, 5.134e-04, 0.000e+00, 2.115e+00, 9.984e+02, 2.204e-07
1.825e+00, 5.000e-01, -7.950e-01, 1.163e+05, 0.000e+00, 4.829e-04, 0.000e+00, 2.113e+00, 9.984e+02, 2.073e-07
1.825e+00, 5.000e-01, -7.850e-01, 1.162e+05, 0.000e+00, 4.570e-04, 0.000e+00, 2.111e+00, 9.983e+02, 1.962e-07
1.825e+00, 5.000e-01, -7.750e-01, 1.161e+05, 0.000e+00, 4.350e-04, 0.000e+00, 2.109e+00, 9.983e+02, 1.868e-07
1.825e+00, 5.000e-01, -7.650e-01, 1.160e+05, 0.000e+00, 4.189e-04, 0.000e+00, 2.107e+00, 9.983e+02, 1.798e-07
1.825e+00, 5.000e-01, -7.550e-01, 1.159e+05, 0.000e+00, 4.090e-04, 0.000e+00, 2.106e+00, 9.983e+02, 1.756e-07
1.825e+00, 5.000e-01, -7.450e-01, 1.158e+05, 0.000e+00, 4.061e-04, 0.000e+00, 2.104e+00, 9.983e+02, 1.743e-07
1.825e+00, 5.000e-01, -7.350e-01, 1.157e+05, 6.747e-07, 4.658e-04, 0.000e+00, 2.102e+00, 9.983e+02, 2.000e-07
1.825e+00, 5.000e-01, -7.250e-01, 1.156e+05, 4.717e-01, 1.895e-03, 0.000e+00, 2.100e+00, 9.986e+02, 8.558e-07
1.825e+00, 5.000e-01, -7.150e-01, 1.156e+05, 8.683e-01, 1.895e-03, 0.000e+00, 2.100e+00, 9.986e+02, 8.914e-07
1.825e+00, 5.000e-01, -7.050e-01, 1.156e+05, 8.724e-01, 1.895e-03, 0.000e+00, 2.100e+00, 9.986e+02, 8.917e-07
1.825e+00, 5.000e-01, -6.950e-01, 1.156e+05, 8.738e-01, 1.895e-03, 0.000e+00, 2.100e+00, 9.986e+02, 8.918e-07
1.825e+00, 5.000e-01, -6.850e-01, 1.156e+05, 8.753e-01, 1.895e-03, 0.000e+00, 2.100e+00, 9.986e+02, 8.985e-07
1.825e+00, 5.000e-01, -6.750e-01, 1.166e+05, 0.000e+00, 3.775e-04, 0.000e+00, 2.119e+00, 9.983e+02, 1.658e-07
1.825e+00, 5.000e-01, -6.650e-01, 1.165e+05, 0.000e+00, 2.368e-04, 0.000e+00, 2.117e+00, 9.983e+02, 1.040e-07
1.825e+00, 5.000e-01, -6.550e-01, 1.164e+05, 0.000e+00, 1.392e-04, 0.000e+00, 2.115e+00, 9.983e+02, 6.114e-08
1.825e+00, 5.000e-01, -6.450e-01, 1.163e+05, 0.000e+00, 7.829e-05, 0.000e+00, 2.113e+00, 9.983e+02, 3.439e-08
1.825e+00, 5.000e-01, -6.350e-01, 1.162e+05, 0.000e+00, 4.679e-05, 0.000e+00, 2.111e+00, 9.983e+02, 2.055e-08
1.825e+00, 5.000e-01, -6.250e-01, 1.161e+05, 0.000e+00, 3.991e-05, 0.000e+00, 2.110e+00, 9.983e+02, 1.753e-08
1.825e+00, 5.000e-01, -6.150e-01, 1.160e+05, 0.000e+00, 5.756e-05, 0.000e+00, 2.108e+00, 9.983e+02, 2.528e-08
1.825e+00, 5.000e-01, -6.050e-01, 1.159e+05, 0.000e+00, 1.046e-04, 0.000e+00, 2.106e+00, 9.983e+02, 4.595e-08
1.825e+00, 5.000e-01, -5.950e-01, 1.158e+05, 0.000e+00, 1.876e-04, 0.000e+00, 2.104e+00, 9.983e+02, 8.241e-08
1.825e+00, 5.000e-01, -5.850e-01, 1.157e+05, 0.000e+00, 3.080e-04, 0.000e+00, 2.102e+00, 9.983e+02, 1.353e-07
1.825e+00, 5.000e-01, -5.750e-01, 1.156e+05, 0.000e+00, 4.536e-04, 0.000e+00, 2.101e+00, 9.983e+02, 1.993e-07
1.825e+00, 5.000e-01, -5.650e-01, 1.155e+05, 0.000e+00, 5.937e-04, 0.000e+00, 2.099e+00, 9.984e+02, 2.608e-07
1.825e+00, 5.000e-01, -5.550e-01, 1.140e+05, 0.000e+00, 6.827e-04, 0.000e+00, 2.070e+00, 9.984e+02, 3.056e-07
1.825e+00, 5.000e-01, -5.450e-01, 1.139e+05, 0.000e+00, 7.095e-04, 0.000e+00, 2.068e+00, 9.984e+02, 3.188e-07
1.825e+00, 5.000e-01, -5.350e-01, 1.138e+05, 0.000e+00, 7.140e-04, 0.000e+00, 2.067e+00, 9.984e+02, 3.208e-07
1.825e+00, 5.000e-01, -5.250e-01, 1.137e+05, 0.000e+00, 7.067e-04, 0.000e+00, 2.065e+00, 9.984e+02, 3.175e-07
1.825e+00, 5.000e-01, -5.150e-01, 1.136e+05, 0.000e+00, 6.928e-04, 0.000e+00, 2.063e+00, 9.984e+02, 3.113e-07
1.825e+00, 5.000e-01, -5.050e-01, 1.135e+05, 0.000e+00, 6.759e-04, 0.000e+00, 2.061e+00, 9.984e+02, 3.036e-07
1.825e+00, 5.000e-01, -4.950e-01, 1.134e+05, 0.000e+00, 6.613e-04, 0.000e+00, 2.059e+00, 9.984e+02, 2.931e-07
1.825e+00, 5.000e-01, -4.850e-01, 1.133e+05, 0.000e+00, 6.535e-04, 0.000e+00, 2.057e+00, 9.984e+02, 2.805e-07
1.825e+00, 5.000e-01, -4.750e-01, 1.132e+05, 0.000e+00, 6.353e-04, 0.000e+00, 2.056e+00, 9.984e+02, 2.727e-07
1.825e+00, 5.000e-01, -4.650e-01, 1.131e+05, 0.000e+00, 6.127e-04, 0.000e+00, 2.054e+00, 9.984e+02, 2.630e-07
1.825e+00, 5.000e-01, -4.550e-01, 1.130e+05, 0.000e+00, 5.926e-04, 0.000e+00, 2.052e+00, 9.984e+02, 2.544e-07
1.825e+00, 5.000e-01, -4.450e-01, 1.129e+05, 0.000e+00, 5.816e-04, 0.000e+00, 2.050e+00, 9.984e+02, 2.497e-07
1.825e+00, 5.000e-01, -4.350e-01, 1.128e+05, 0.000e+00, 5.869e-04, 0.000e+00, 2.048e+00, 9.984e+02, 2.519e-07
1.825e+00, 5.000e-01, -4.250e-01, 1.127e+05, 0.000e+00, 6.002e-04, 0.000e+00, 2.047e+00, 9.984e+02, 2.577e-07
1.825e+00, 5.000e-01, -4.150e-01, 1.126e+05, 0.000e+00, 6.172e-04, 0.000e+00, 2.045e+00, 9.984e+02, 2.650e-07
1.825e+00, 5.000e-01, -4.050e-01, 1.125e+05, 0.000e+00, 6.276e-04, 0.000e+00, 2.043e+00, 9.984e+02, 2.694e-07
1.825e+00, 5.000e-01, -3.950e-01, 1.124e+05, 0.000e+00, 6.290e-04, 0.000e+00, 2.041e+00, 9.984e+02, 2.700e-07
1.825e+00, 5.000e-01, -3.850e-01, 1.123e+05, 0.000e+00, 6.314e-04, 0.000e+00, 2.039e+00, 9.984e+02, 2.711e-07
1.825e+00, 5.000e-01, -3.750e-01, 1.122e+05, 0.000e+00, 6.329e-04, 0.000e+00, 2.038e+00, 9.984e+02, 2.717e-07
1.825e+00, 5.000e-01, -3.650e-01, 1.121e+05, 0.000e+00, 6.304e-04, 0.000e+00, 2.036e+00, 9.984e+02, 2.706e-07
1.825e+00, 5.000e-01, -3.550e-01, 1.120e+05, 0.000e+00, 6.271e-04, 0.000e+00, 2.034e+00, 9.984e+02, 2.762e-07
1.825e+00, 5.000e-01, -3.450e-01, 1.119e+05, 0.000e+00, 6.245e-04, 0.000e+00, 2.033e+00, 9.984e+02, 2.806e-07
1.825e+00, 5.000e-01, -3.350e-01, 1.118e+05, 0.000e+00, 6.219e-04, 0.000e+00, 2.031e+00, 9.984e+02, 2.794e-07
1.825e+00, 5.000e-01, -3.250e-01, 1.117e+05, 0.000e+00, 6.188e-04, 0.000e+00, 2.029e+00, 9.984e+02, 2.780e-07
1.825e+00, 5.000e-01, -3.150e-01, 1.116e+05, 0.000e+00, 6.153e-04, 0.000e+00, 2.027e+00, 9.984e+02, 2.764e-07
1.825e+00, 5.000e-01, -3.050e-01, 1.115e+05, 0.000e+00, 6.119e-04, 0.000e+00, 2.025e+00, 9.984e+02, 2.749e-07
1.825e+00, 5.000e-01, -2.950e-01, 1.114e+05, 0.000e+00, 6.102e-04, 0.000e+00, 2.024e+00, 9.984e+02, 2.742e-07
1.825e+00, 5.000e-01, -2.850e-01, 1.113e+05, 0.000e+00, 6.126e-04, 0.000e+00, 2.022e+00, 9.984e+02, 2.752e-07
1.825e+00, 5.000e-01, -2.750e-01, 1.112e+05, 0.000e+00, 6.208e-04, 0.000e+00, 2.020e+00, 9.984e+02, 2.789e-07
1.825e+00, 5.000e-01, -2.650e-01, 1.112e+05, 0.000e+00, 6.352e-04, 0.000e+00, 2.020e+00, 9.984e+02, 2.793e-07
1.825e+00, 5.000e-01, -2.550e-01, 1.111e+05, 0.000e+00, 6.502e-04, 0.000e+00, 2.018e+00, 9.984e+02, 2.856e-07
1.825e+00, 5.000e-01, -2.450e-01, 1.110e+05, 0.000e+00, 6.650e-04, 0.000e+00, 2.016e+00, 9.984e+02, 2.921e-07
1.825e+00, 5.000e-01, -2.350e-01, 1.109e+05, 0.000e+00, 6.797e-04, 0.000e+00, 2.014e+00, 9.984e+02, 2.986e-07
1.825e+00, 5.000e-01, -2.250e-01, 1.108e+05, 0.000e+00, 6.927e-04, 0.000e+00, 2.012e+00, 9.984e+02, 3.043e-07
1.825e+00, 5.000e-01, -2.150e-01, 1.107e+05, 0.000e+00, 6.998e-04, 0.000e+00, 2.011e+00, 9.984e+02, 3.074e-07
1.825e+00, 5.000e-01, -2.050e-01, 1.106e+05, 0.000e+00, 6.956e-04, 0.000e+00, 2.009e+00, 9.984e+02, 3.056e-07
1.825e+00, 5.000e-01, -1.950e-01, 1.105e+05, 0.000e+00, 6.766e-04, 0.000e+00, 2.007e+00, 9.984e+02, 2.960e-07
1.825e+00, 5.000e-01, -1.850e-01, 1.106e+05, 0.000e+00, 6.414e-04, 0.000e+00, 2.009e+00, 9.984e+02, 2.754e-07
1.825e+00, 5.000e-01, -1.750e-01, 1.105e+05, 0.000e+00, 5.924e-04, 0.000e+00, 2.007e+00, 9.984e+02, 2.543e-07
1.825e+00, 5.000e-01, -1.650e-01, 1.104e+05, 0.000e+00, 5.340e-04, 0.000e+00, 2.005e+00, 9.984e+02, 2.292e-07
1.825e+00, 5.000e-01, -1.550e-01, 1.103e+05, 0.000e+00, 4.690e-04, 0.000e+00, 2.004e+00, 9.983e+02, 2.013e-07
1.825e+00, 5.000e-01, -1.450e-01, 1.102e+05, 0.000e+00, 3.985e-04, 0.000e+00, 2.002e+00, 9.983e+02, 1.711e-07
1.825e+00, 5.000e-01, -1.350e-01, 1.101e+05, 0.000e+00, 3.222e-04, 0.000e+00, 2.000e+00, 9.983e+02, 1.383e-07
1.825e+00, 5.000e-01, -1.250e-01, 1.100e+05, 0.000e+00, 2.400e-04, 0.000e+00, 1.998e+00, 9.983e+02, 1.030e-07
1.825e+00, 5.000e-01, -1.150e-01, 1.111e+05, 0.000e+00, 1.544e-04, 0.000e+00, 2.018e+00, 9.983e+02, 6.768e-08
1.825e+00, 5.000e-01, -1.050e-01, 1.110e+05, 0.000e+00, 8.914e-05, 0.000e+00, 2.017e+00, 9.983e+02, 3.915e-08
1.825e+00, 5.000e-01, -9.500e-02, 1.109e+05, 0.000e+00, 4.736e-05, 0.000e+00, 2.015e+00, 9.983e+02, 2.080e-08
1.825e+00, 5.000e-01, -8.500e-02, 1.108e+05, 0.000e+00, 2.380e-05, 0.000e+00, 2.013e+00, 9.983e+02, 1.046e-08
1.825e+00, 5.000e-01, -7.500e-02, 1.107e+05, 0.000e+00, 1.156e-05, 0.000e+00, 2.011e+00, 9.983e+02, 5.076e-09
1.825e+00, 5.000e-01, -6.500e-02, 1.106e+05, 0.000e+00, 5.475e-06, 0.000e+00, 2.009e+00, 9.983e+02, 2.405e-09
1.825e+00, 5.000e-01, -5.500e-02, 1.105e+05, 0.000e+00, 2.532e-06, 0.000e+00, 2.008e+00, 9.983e+02, 1.112e-09
1.825e+00, 5.000e-01, -4.500e-02, 1.104e+05, 0.000e+00, 1.138e-06, 0.000e+00, 2.006e+00, 9.983e+02, 4.998e-10
1.825e+00, 5.000e-01, -3.500e-02, 1.103e+05, 0.000e+00, 4.940e-07, 0.000e+00, 2.004e+00, 9.983e+02, 2.170e-10
1.825e+00, 5.000e-01, -2.500e-02, 1.102e+05, 0.000e+00, 2.066e-07, 0.000e+00, 2.002e+00, 9.983e+02, 9.075e-11
1.825e+00, 5.000e-01, -1.500e-02, 1.101e+05, 0.000e+00, 8.360e-08, 0.000e+00, 2.000e+00, 9.983e+02, 3.672e-11
1.825e+00, 5.000e-01, -5.000e-03, 1.100e+05, 0.000e+00, 3.339e-08, 0.000e+00, 1.999e+00, 9.983e+02, 1.467e-11
1.835e+00, 5.000e-01, -1.195e+00, 1.202e+05, 0.000e+00, 1.002e-13, 0.000e+00, 2.184e+00, 9.983e+02, 2.000e-17
1.835e+00, 5.000e-01, -1.185e+00, 1.201e+05, 0.000e+00, 1.002e-13, 0.000e+00, 2.182e+00, 9.983e+02, 2.000e-17
1.835e+00, 5.000e-01, -1.175e+00, 1.200e+05, 0.000e+00, 1.002e-13, 0.000e+00, 2.181e+00, 9.983e+02, 2.000e-17
1.835e+00, 5.000e-01, -1.165e+00, 1.199e+05, 0.000e+00, 1.002e-13, 0.000e+00, 2.179e+00, 9.983e+02, 2.000e-17
1.835e+00, 5.000e-01, -1.155e+00, 1.198e+05, 0.000e+00, 1.002e-13, 0.000e+00, 2.177e+00, 9.983e+02, 2.000e-17
1.835e+00, 5.000e-01, -1.145e+00, 1.197e+05, 0.000e+00, 1.002e-13, 0.000e+00, 2.175e+00, 9.983e+02, 2.000e-17
1.835e+00, 5.000e-01, -1.135e+00, 1.196e+05, 0.000e+00, 1.002e-13, 0.000e+00, 2.173e+00, 9.983e+02, 2.000e-17
1.835e+00, 5.000e-01, -1.125e+00, 1.195e+05, 0.000e+00, 1.002e-13, 0.000e+00, 2.172e+00, 9.983e+02, 2.000e-17
1.835e+00, 5.000e-01, -1.115e+00, 1.194e+05, 0.000e+00, 1.002e-13, 0.000e+00, 2.170e+00, 9.983e+02, 2.000e-17
1.835e+00, 5.000e-01, -1.105e+00, 1.193e+05, 0.000e+00, 1.002e-13, 0.000e+00, 2.168e+00, 9.983e+02, 2.000e-17
1.835e+00, 5.000e-01, -1.095e+00, 1.192e+05, 0.000e+00, 1.002e-13, 0.000e+00, 2.166e+00, 9.983e+02, 2.000e-17
1.835e+00, 5.000e-01, -1.085e+00, 1.191e+05, 0.000e+00, 1.821e-09, 0.000e+00, 2.165e+00, 9.983e+02, 6.239e-13
1.835e+00, 5.000e-01, -1.075e+00, 1.190e+05, 0.000e+00, 4.638e-04, 0.000e+00, 2.163e+00, 9.983e+02, 1.642e-07
1.835e+00, 5.000e-01, -1.065e+00, 1.189e+05, 0.000e+00, 5.315e-04, 0.000e+00, 2.161e+00, 9.984e+02, 2.282e-07
1.835e+00, 5.000e-01, -1.055e+00, 1.188e+05, 0.000e+00, 5.524e-04, 0.000e+00, 2.159e+00, 9.984e+02, 2.371e-07
1.835e+00, 5.000e-01, -1.045e+00, 1.187e+05, 0.000e+00, 5.472e-04, 0.000e+00, 2.158e+00, 9.984e+02, 2.349e-07
1.835e+00, 5.000e-01, -1.035e+00, 1.186e+05, 0.000e+00, 5.347e-04, 0.000e+00, 2.156e+00, 9.984e+02, 2.295e-07
1.835e+00, 5.000e-01, -1.025e+00, 1.185e+05, 0.000e+00, 5.233e-04, 0.000e+00, 2.154e+00, 9.984e+02, 2.246e-07
1.835e+00, 5.000e-01, -1.015e+00, 1.185e+05, 0.000e+00, 5.141e-04, 0.000e+00, 2.152e+00, 9.984e+02, 2.207e-07
1.835e+00, 5.000e-01, -1.005e+00, 1.184e+05, 0.000e+00, 5.059e-04, 0.000e+00, 2.150e+00, 9.984e+02, 2.172e-07
1.835e+00, 5.000e-01, -9.950e-01, 1.183e+05, 0.000e+00, 4.975e-04, 0.000e+00, 2.149e+00, 9.984e+02, 2.136e-07
1.835e+00, 5.000e-01, -9.850e-01, 1.182e+05, 0.000e+00, 4.890e-04, 0.000e+00, 2.147e+00, 9.984e+02, 2.099e-07
1.835e+00, 5.000e-01, -9.750e-01, 1.181e+05, 0.000e+00, 4.814e-04, 0.000e+00, 2.145e+00, 9.984e+02, 2.067e-07
1.835e+00, 5.000e-01, -9.650e-01, 1.180e+05, 0.000e+00, 4.763e-04, 0.000e+00, 2.143e+00, 9.983e+02, 2.045e-07
1.835e+00, 5.000e-01, -9.550e-01, 1.179e+05, 0.000e+00, 4.752e-04, 0.000e+00, 2.141e+00, 9.983e+02, 2.040e-07
1.835e+00, 5.000e-01, -9.450e-01, 1.178e+05, 0.000e+00, 4.800e-04, 0.000e+00, 2.140e+00, 9.984e+02, 2.061e-07
1.835e+00, 5.000e-01, -9.350e-01, 1.177e+05, 0.000e+00, 4.923e-04, 0.000e+00, 2.138e+00, 9.984e+02, 2.114e-07
1.835e+00, 5.000e-01, -9.250e-01, 1.176e+05, 0.000e+00, 5.114e-04, 0.000e+00, 2.136e+00, 9.984e+02, 2.195e-07
1.835e+00, 5.000e-01, -9.150e-01, 1.175e+05, 0.000e+00, 5.360e-04, 0.000e+00, 2.134e+00, 9.984e+02, 2.301e-07
1.835e+00, 5.000e-01, -9.050e-01, 1.174e+05, 0.000e+00, 5.623e-04, 0.000e+00, 2.132e+00, 9.984e+02, 2.414e-07
1.835e+00, 5.000e-01, -8.950e-01, 1.173e+05, 0.000e+00, 5.840e-04, 0.000e+00, 2.131e+00, 9.984e+02, 2.507e-07
1.835e+00, 5.000e-01, -8.850e-01, 1.172e+05, 0.000e+00, 5.977e-04, 0.000e+00, 2.129e+00, 9.984e+02, 2.566e-07
1.835e+00, 5.000e-01, -8.750e-01, 1.171e+05, 0.000e+00, 6.042e-04, 0.000e+00, 2.127e+00, 9.984e+02, 2.594e-07
1.835e+00, 5.000e-01, -8.650e-01, 1.170e+05, 0.000e+00, 6.047e-04, 0.000e+00, 2.125e+00, 9.984e+02, 2.596e-07
1.835e+00, 5.000e-01, -8.550e-01, 1.169e+05, 0.000e+00, 5.999e-04, 0.000e+00, 2.124e+00, 9.984e+02, 2.575e-07
1.835e+00, 5.000e-01, -8.450e-01, 1.168e+05, 0.000e+00, 5.890e-04, 0.000e+00, 2.122e+00, 9.984e+02, 2.529e-07
1.835e+00, 5.000e-01, -8.350e-01, 1.167e+05, 0.000e+00, 5.658e-04, 0.000e+00, 2.120e+00, 9.984e+02, 2.429e-07
1.835e+00, 5.000e-01, -8.250e-01, 1.166e+05, 0.000e+00, 5.265e-04, 0.000e+00, 2.118e+00, 9.984e+02, 2.260e-07
1.835e+00, 5.000e-01, -8.150e-01, 1.165e+05, 0.000e+00, 4.976e-04, 0.000e+00, 2.116e+00, 9.984e+02, 2.136e-07
1.835e+00, 5.000e-01, -8.050e-01, 1.164e+05, 0.000e+00, 4.711e-04, 0.000e+00, 2.115e+00, 9.983e+02, 2.022e-07
1.835e+00, 5.000e-01, -7.950e-01, 1.163e+05, 0.000e+00, 4.479e-04, 0.000e+00, 2.113e+00, 9.983e+02, 1.923e-07
1.835e+00, 5.000e-01, -7.850e-01, 1.162e+05, 0.000e+00, 4.276e-04, 0.000e+00, 2.111e+00, 9.983e+02, 1.836e-07
1.835e+00, 5.000e-01, -7.750e-01, 1.161e+05, 0.000e+00, 4.104e-04, 0.000e+00, 2.109e+00, 9.983e+02, 1.762e-07
1.835e+00, 5.000e-01, -7.650e-01, 1.160e+05, 0.000e+00, 3.991e-04, 0.000e+00, 2.107e+00, 9.983e+02, 1.713e-07
1.835e+00, 5.000e-01, -7.550e-01, 1.159e+05, 0.000e+00, 3.936e-04, 0.000e+00, 2.106e+00, 9.983e+02, 1.690e-07
1.835e+00, 5.000e-01, -7.450e-01, 1.158e+05, 0.000e+00, 3.928e-04, 0.000e+00, 2.104e+00, 9.983e+02, 1.686e-07
1.835e+00, 5.000e-01, -7.350e-01, 1.157e+05, 6.747e-07, 4.515e-04, 0.000e+00, 2.102e+00, 9.983e+02, 1.938e-07
1.835e+00, 5.000e-01, -7.250e-01, 1.156e+05, 4.716e-01, 1.895e-03, 0.000e+00, 2.100e+00, 9.986e+02, 8.558e-07
1.835e+00, 5.000e-01, -7.150e-01, 1.156e+05, 8.683e-01, 1.895e-03, 0.000e+00, 2.100e+00, 9.986e+02, 8.914e-07
1.835e+00, 5.000e-01, -7.050e-01, 1.156e+05, 8.724e-01, 1.895e-03, 0.000e+00, 2.100e+00, 9.986e+02, 8.917e-07
1.835e+00, 5.000e-01, -6.950e-01, 1.156e+05, 8.738e-01, 1.895e-03, 0.000e+00, 2.100e+00, 9.986e+02, 8.918e-07
1.835e+00, 5.000e-01, -6.850e-01, 1.156e+05, 8.753e-01, 1.895e-03, 0.000e+00, 2.100e+00, 9.986e+02, 8.985e-07
1.835e+00, 5.000e-01, -6.750e-01, 1.166e+05, 0.000e+00, 3.775e-04, 0.000e+00, 2.119e+00, 9.983e+02, 1.658e-07
1.835e+00, 5.000e-01, -6.650e-01, 1.165e+05, 0.000e+00, 2.367e-04, 0.000e+00, 2.117e+00, 9.983e+02, 1.040e-07
1.835e+00, 5.000e-01, -6.550e-01, 1.164e+05, 0.000e+00, 1.391e-04, 0.000e+00, 2.115e+00, 9.983e+02, 6.110e-08
1.835e+00, 5.000e-01, -6.450e-01, 1.163e+05, 0.000e+00, 7.809e-05, 0.000e+00, 2.113e+00, 9.983e+02, 3.430e-08
1.835e+00, 5.000e-01, -6.350e-01, 1.162e+05, 0.000e+00, 4.634e-05, 0.000e+00, 2.111e+00, 9.983e+02, 2.035e-08
1.835e+00, 5.000e-01, -6.250e-01, 1.161e+05, 0.000e+00, 3.894e-05, 0.000e+00, 2.110e+00, 9.983e+02, 1.710e-08
1.835e+00, 5.000e-01, -6.150e-01, 1.160e+05, 0.000e+00, 5.570e-05, 0.000e+00, 2.108e+00, 9.983e+02, 2.447e-08
1.835e+00, 5.000e-01, -6.050e-01, 1.159e+05, 0.000e+00, 1.014e-04, 0.000e+00, 2.106e+00, 9.983e+02, 4.454e-08
1.835e+00, 5.000e-01, -5.950e-01, 1.158e+05, 0.000e+00, 1.827e-04, 0.000e+00, 2.104e+00, 9.983e+02, 8.025e-08
1.835e+00, 5.000e-01, -5.850e-01, 1.157e+05, 0.000e+00, 3.014e-04, 0.000e+00, 2.102e+00, 9.983e+02, 1.324e-07
1.835e+00, 5.000e-01, -5.750e-01, 1.156e+05, 0.000e+00, 4.454e-04, 0.000e+00, 2.101e+00, 9.983e+02, 1.957e-07
1.835e+00, 5.000e-01, -5.650e-01, 1.155e+05, 0.000e+00, 5.840e-04, 0.000e+00, 2.099e+00, 9.984e+02, 2.566e-07
1.835e+00, 5.000e-01, -5.550e-01, 1.140e+05, 0.000e+00, 6.699e-04, 0.000e+00, 2.070e+00, 9.984e+02, 3.000e-07
1.835e+00, 5.000e-01, -5.450e-01, 1.139e+05, 0.000e+00, 6.971e-04, 0.000e+00, 2.068e+00, 9.984e+02, 3.132e-07
1.835e+00, 5.000e-01, -5.350e-01, 1.138e+05, 0.000e+00, 7.064e-04, 0.000e+00, 2.067e+00, 9.984e+02, 3.174e-07
1.835e+00, 5.000e-01, -5.250e-01, 1.137e+05, 0.000e+00, 7.053e-04, 0.000e+00, 2.065e+00, 9.984e+02, 3.169e-07
1.835e+00, 5.000e-01, -5.150e-01, 1.136e+05, 0.000e+00, 6.970e-04, 0.000e+00, 2.063e+00, 9.984e+02, 3.131e-07
1.835e+00, 5.000e-01, -5.050e-01, 1.135e+05, 0.000e+00, 6.845e-04, 0.000e+00, 2.061e+00, 9.984e+02, 3.075e-07
1.835e+00, 5.000e-01, -4.950e-01, 1.134e+05, 0.000e+00, 6.734e-04, 0.000e+00, 2.059e+00, 9.984e+02, 2.993e-07
1.835e+00, 5.000e-01, -4.850e-01, 1.133e+05, 0.000e+00, 6.696e-04, 0.000e+00, 2.057e+00, 9.984e+02, 2.875e-07
1.835e+00, 5.000e-01, -4.750e-01, 1.132e+05, 0.000e+00, 6.497e-04, 0.000e+00, 2.056e+00, 9.984e+02, 2.789e-07
1.835e+00, 5.000e-01, -4.650e-01, 1.131e+05, 0.000e+00, 6.212e-04, 0.000e+00, 2.054e+00, 9.984e+02, 2.667e-07
1.835e+00, 5.000e-01, -4.550e-01, 1.130e+05, 0.000e+00, 5.970e-04, 0.000e+00, 2.052e+00, 9.984e+02, 2.563e-07
1.835e+00, 5.000e-01, -4.450e-01, 1.129e+05, 0.000e+00, 5.941e-04, 0.000e+00, 2.050e+00, 9.984e+02, 2.550e-07
1.835e+00, 5.000e-01, -4.350e-01, 1.128e+05, 0.000e+00, 6.175e-04, 0.000e+00, 2.048e+00, 9.984e+02, 2.651e-07
1.835e+00, 5.000e-01, -4.250e-01, 1.127e+05, 0.000e+00, 6.415e-04, 0.000e+00, 2.047e+00, 9.984e+02, 2.754e-07
1.835e+00, 5.000e-01, -4.150e-01, 1.126e+05, 0.000e+00, 6.510e-04, 0.000e+00, 2.045e+00, 9.984e+02, 2.795e-07
1.835e+00, 5.000e-01, -4.050e-01, 1.125e+05, 0.000e+00, 6.517e-04, 0.000e+00, 2.043e+00, 9.984e+02, 2.798e-07
1.835e+00, 5.000e-01, -3.950e-01, 1.124e+05, 0.000e+00, 6.491e-04, 0.000e+00, 2.041e+00, 9.984e+02, 2.787e-07
1.835e+00, 5.000e-01, -3.850e-01, 1.123e+05, 0.000e+00, 6.462e-04, 0.000e+00, 2.039e+00, 9.984e+02, 2.774e-07
1.835e+00, 5.000e-01, -3.750e-01, 1.122e+05, 0.000e+00, 6.432e-04, 0.000e+00, 2.038e+00, 9.984e+02, 2.761e-07
1.835e+00, 5.000e-01, -3.650e-01, 1.121e+05, 0.000e+00, 6.394e-04, 0.000e+00, 2.036e+00, 9.984e+02, 2.745e-07
1.835e+00, 5.000e-01, -3.550e-01, 1.120e+05, 0.000e+00, 6.356e-04, 0.000e+00, 2.034e+00, 9.984e+02, 2.795e-07
1.835e+00, 5.000e-01, -3.450e-01, 1.119e+05, 0.000e+00, 6.311e-04, 0.000e+00, 2.033e+00, 9.984e+02, 2.835e-07
1.835e+00, 5.000e-01, -3.350e-01, 1.118e+05, 0.000e+00, 6.260e-04, 0.000e+00, 2.031e+00, 9.984e+02, 2.813e-07
1.835e+00, 5.000e-01, -3.250e-01, 1.117e+05, 0.000e+00, 6.201e-04, 0.000e+00, 2.029e+00, 9.984e+02, 2.786e-07
1.835e+00, 5.000e-01, -3.150e-01, 1.116e+05, 0.000e+00, 6.133e-04, 0.000e+00, 2.027e+00, 9.984e+02, 2.755e-07
1.835e+00, 5.000e-01, -3.050e-01, 1.115e+05, 0.000e+00, 6.058e-04, 0.000e+00, 2.025e+00, 9.984e+02, 2.721e-07
1.835e+00, 5.000e-01, -2.950e-01, 1.114e+05, 0.000e+00, 5.980e-04, 0.000e+00, 2.024e+00, 9.984e+02, 2.687e-07
1.835e+00, 5.000e-01, -2.850e-01, 1.113e+05, 0.000e+00, 5.911e-04, 0.000e+00, 2.022e+00, 9.984e+02, 2.656e-07
1.835e+00, 5.000e-01, -2.750e-01, 1.112e+05, 0.000e+00, 5.875e-04, 0.000e+00, 2.020e+00, 9.984e+02, 2.639e-07
1.835e+00, 5.000e-01, -2.650e-01, 1.112e+05, 0.000e+00, 5.897e-04, 0.000e+00, 2.020e+00, 9.984e+02, 2.594e-07
1.835e+00, 5.000e-01, -2.550e-01, 1.111e+05, 0.000e+00, 5.977e-04, 0.000e+00, 2.018e+00, 9.984e+02, 2.626e-07
1.835e+00, 5.000e-01, -2.450e-01, 1.110e+05, 0.000e+00, 6.105e-04, 0.000e+00, 2.016e+00, 9.984e+02, 2.682e-07
1.835e+00, 5.000e-01, -2.350e-01, 1.109e+05, 0.000e+00, 6.286e-04, 0.000e+00, 2.014e+00, 9.984e+02, 2.761e-07
1.835e+00, 5.000e-01, -2.250e-01, 1.108e+05, 0.000e+00, 6.501e-04, 0.000e+00, 2.012e+00, 9.984e+02, 2.856e-07
1.835e+00, 5.000e-01, -2.150e-01, 1.107e+05, 0.000e+00, 6.672e-04, 0.000e+00, 2.011e+00, 9.984e+02, 2.931e-07
1.835e+00, 5.000e-01, -2.050e-01, 1.106e+05, 0.000e+00, 6.697e-04, 0.000e+00, 2.009e+00, 9.984e+02, 2.942e-07
1.835e+00, 5.000e-01, -1.950e-01, 1.105e+05, 0.000e+00, 6.533e-04, 0.000e+00, 2.007e+00, 9.984e+02, 2.863e-07
1.835e+00, 5.000e-01, -1.850e-01, 1.106e+05, 0.000e+00, 6.204e-04, 0.000e+00, 2.009e+00, 9.984e+02, 2.664e-07
1.835e+00, 5.000e-01, -1.750e-01, 1.105e+05, 0.000e+00, 5.725e-04, 0.000e+00, 2.007e+00, 9.984e+02, 2.458e-07
1.835e+00, 5.000e-01, -1.650e-01, 1.104e+05, 0.000e+00, 5.161e-04, 0.000e+00, 2.005e+00, 9.984e+02, 2.215e-07
1.835e+00, 5.000e-01, -1.550e-01, 1.103e+05, 0.000e+00, 4.551e-04, 0.000e+00, 2.004e+00, 9.983e+02, 1.954e-07
1.835e+00, 5.000e-01, -1.450e-01, 1.102e+05, 0.000e+00, 3.905e-04, 0.000e+00, 2.002e+00, 9.983e+02, 1.676e-07
1.835e+00, 5.000e-01, -1.350e-01, 1.101e+05, 0.000e+00, 3.200e-04, 0.000e+00, 2.000e+00, 9.983e+02, 1.374e-07
1.835e+00, 5.000e-01, -1.250e-01, 1.100e+05, 0.000e+00, 2.415e-04, 0.000e+00, 1.998e+00, 9.983e+02, 1.037e-07
1.835e+00, 5.000e-01, -1.150e-01, 1.111e+05, 0.000e+00, 1.575e-04, 0.000e+00, 2.018e+00, 9.983e+02, 6.892e-08
1.835e+00, 5.000e-01, -1.050e-01, 1.110e+05, 0.000e+00, 9.223e-05, 0.000e+00, 2.017e+00, 9.983e+02, 4.051e-08
1.835e+00, 5.000e-01, -9.500e-02, 1.109e+05, 0.000e+00, 4.973e-05, 0.000e+00, 2.015e+00, 9.983e+02, 2.184e-08
1.835e+00, 5.000e-01, -8.500e-02, 1.108e+05, 0.000e+00, 2.535e-05, 0.000e+00, 2.013e+00, 9.983e+02, 1.113e-08
1.835e+00, 5.000e-01, -7.500e-02, 1.107e+05, 0.000e+00, 1.247e-05, 0.000e+00, 2.011e+00, 9.983e+02, 5.477e-09
1.835e+00, 5.000e-01, -6.500e-02, 1.106e+05, 0.000e+00, 5.977e-06, 0.000e+00, 2.009e+00, 9.983e+02, 2.625e-09
1.835e+00, 5.000e-01, -5.500e-02, 1.105e+05, 0.000e+00, 2.793e-06, 0.000e+00, 2.008e+00, 9.983e+02, 1.227e-09
1.835e+00, 5.000e-01, -4.500e-02, 1.104e+05, 0.000e+00, 1.266e-06, 0.000e+00, 2.006e+00, 9.983e+02, 5.560e-10
1.835e+00, 5.000e-01, -3.500e-02, 1.103e+05, 0.000e+00, 5.536e-07, 0.000e+00, 2.004e+00, 9.983e+02, 2.432e-10
1.835e+00, 5.000e-01, -2.500e-02, 1.102e+05, 0.000e+00, 2.330e-07, 0.000e+00, 2.002e+00, 9.983e+02, 1.023e-10
1.835e+00, 5.000e-01, -1.500e-02, 1.101e+05, 0.000e+00, 9.471e-08, 0.000e+00, 2.000e+00, 9.983e+02, 4.160e-11
1.835e+00, 5.000e-01, -5.000e-03, 1.100e+05, 0.000e+00, 3.790e-08, 0.000e+00, 1.999e+00, 9.983e+02, 1.665e-11
1.845e+00, 5.000e-01, -1.195e+00, 1.202e+05, 0.000e+00, 1.002e-13, 0.000e+00, 2.184e+00, 9.983e+02, 2.000e-17
1.845e+00, 5.000e-01, -1.185e+00, 1.201e+05, 0.000e+00, 1.002e-13, 0.000e+00, 2.182e+00, 9.983e+02, 2.000e-17
1.845e+00, 5.000e-01, -1.175e+00, 1.200e+05, 0.000e+00, 1.002e-13, 0.000e+00, 2.181e+00, 9.983e+02, 2.000e-17
1.845e+00, 5.000e-01, -1.165e+00, 1.199e+05, 0.000e+00, 1.002e-13, 0.000e+00, 2.179e+00, 9.983e+02, 2.000e-17
1.845e+00, 5.000e-01, -1.155e+00, 1.198e+05, 0.000e+00, 1.002e-13, 0.000e+00, 2.177e+00, 9.983e+02, 2.000e-17
1.845e+00, 5.000e-01, -1.145e+00, 1.197e+05, 0.000e+00, 1.002e-13, 0.000e+00, 2.175e+00, 9.983e+02, 2.000e-17
1.845e+00, 5.000e-01, -1.135e+00, 1.196e+05, 0.000e+00, 1.002e-13, 0.000e+00, 2.173e+00, 9.983e+02, 2.000e-17
1.845e+00, 5.000e-01, -1.125e+00, 1.195e+05, 0.000e+00, 1.002e-13, 0.000e+00, 2.172e+00, 9.983e+02, 2.000e-17
1.845e+00, 5.000e-01, -1.115e+00, 1.194e+05, 0.000e+00, 1.002e-13, 0.000e+00, 2.170e+00, 9.983e+02, 2.000e-17
1.845e+00, 5.000e-01, -1.105e+00, 1.193e+05, 0.000e+00, 1.002e-13, 0.000e+00, 2.168e+00, 9.983e+02, 2.000e-17
1.845e+00, 5.000e-01, -1.095e+00, 1.192e+05, 0.000e+00, 1.002e-13, 0.000e+00, 2.166e+00, 9.983e+02, 2.000e-17
1.845e+00, 5.000e-01, -1.085e+00, 1.191e+05, 0.000e+00, 1.721e-09, 0.000e+00, 2.165e+00, 9.983e+02, 6.285e-13
1.845e+00, 5.000e-01, -1.075e+00, 1.190e+05, 0.000e+00, 4.511e-04, 0.000e+00, 2.163e+00, 9.983e+02, 1.647e-07
1.845e+00, 5.000e-01, -1.065e+00, 1.189e+05, 0.000e+00, 5.212e-04, 0.000e+00, 2.161e+00, 9.984e+02, 2.237e-07
1.845e+00, 5.000e-01, -1.055e+00, 1.188e+05, 0.000e+00, 5.460e-04, 0.000e+00, 2.159e+00, 9.984e+02, 2.344e-07
1.845e+00, 5.000e-01, -1.045e+00, 1.187e+05, 0.000e+00, 5.428e-04, 0.000e+00, 2.158e+00, 9.984e+02, 2.330e-07
1.845e+00, 5.000e-01, -1.035e+00, 1.186e+05, 0.000e+00, 5.303e-04, 0.000e+00, 2.156e+00, 9.984e+02, 2.277e-07
1.845e+00, 5.000e-01, -1.025e+00, 1.185e+05, 0.000e+00, 5.166e-04, 0.000e+00, 2.154e+00, 9.984e+02, 2.218e-07
1.845e+00, 5.000e-01, -1.015e+00, 1.185e+05, 0.000e+00, 5.040e-04, 0.000e+00, 2.152e+00, 9.984e+02, 2.164e-07
1.845e+00, 5.000e-01, -1.005e+00, 1.184e+05, 0.000e+00, 4.921e-04, 0.000e+00, 2.150e+00, 9.984e+02, 2.113e-07
1.845e+00, 5.000e-01, -9.950e-01, 1.183e+05, 0.000e+00, 4.807e-04, 0.000e+00, 2.149e+00, 9.984e+02, 2.064e-07
1.845e+00, 5.000e-01, -9.850e-01, 1.182e+05, 0.000e+00, 4.696e-04, 0.000e+00, 2.147e+00, 9.983e+02, 2.016e-07
1.845e+00, 5.000e-01, -9.750e-01, 1.181e+05, 0.000e+00, 4.596e-04, 0.000e+00, 2.145e+00, 9.983e+02, 1.973e-07
1.845e+00, 5.000e-01, -9.650e-01, 1.180e+05, 0.000e+00, 4.514e-04, 0.000e+00, 2.143e+00, 9.983e+02, 1.938e-07
1.845e+00, 5.000e-01, -9.550e-01, 1.179e+05, 0.000e+00, 4.462e-04, 0.000e+00, 2.141e+00, 9.983e+02, 1.915e-07
1.845e+00, 5.000e-01, -9.450e-01, 1.178e+05, 0.000e+00, 4.454e-04, 0.000e+00, 2.140e+00, 9.983e+02, 1.912e-07
1.845e+00, 5.000e-01, -9.350e-01, 1.177e+05, 0.000e+00, 4.505e-04, 0.000e+00, 2.138e+00, 9.983e+02, 1.934e-07
1.845e+00, 5.000e-01, -9.250e-01, 1.176e+05, 0.000e+00, 4.617e-04, 0.000e+00, 2.136e+00, 9.983e+02, 1.982e-07
1.845e+00, 5.000e-01, -9.150e-01, 1.175e+05, 0.000e+00, 4.776e-04, 0.000e+00, 2.134e+00, 9.983e+02, 2.050e-07
1.845e+00, 5.000e-01, -9.050e-01, 1.174e+05, 0.000e+00, 4.953e-04, 0.000e+00, 2.132e+00, 9.984e+02, 2.126e-07
1.845e+00, 5.000e-01, -8.950e-01, 1.173e+05, 0.000e+00, 5.109e-04, 0.000e+00, 2.131e+00, 9.984e+02, 2.193e-07
1.845e+00, 5.000e-01, -8.850e-01, 1.172e+05, 0.000e+00, 5.217e-04, 0.000e+00, 2.129e+00, 9.984e+02, 2.239e-07
1.845e+00, 5.000e-01, -8.750e-01, 1.171e+05, 0.000e+00, 5.270e-04, 0.000e+00, 2.127e+00, 9.984e+02, 2.263e-07
1.845e+00, 5.000e-01, -8.650e-01, 1.170e+05, 0.000e+00, 5.271e-04, 0.000e+00, 2.125e+00, 9.984e+02, 2.263e-07
1.845e+00, 5.000e-01, -8.550e-01, 1.169e+05, 0.000e+00, 5.217e-04, 0.000e+00, 2.124e+00, 9.984e+02, 2.240e-07
1.845e+00, 5.000e-01, -8.450e-01, 1.168e+05, 0.000e+00, 5.100e-04, 0.000e+00, 2.122e+00, 9.984e+02, 2.189e-07
1.845e+00, 5.000e-01, -8.350e-01, 1.167e+05, 0.000e+00, 4.892e-04, 0.000e+00, 2.120e+00, 9.984e+02, 2.100e-07
1.845e+00, 5.000e-01, -8.250e-01, 1.166e+05, 0.000e+00, 4.688e-04, 0.000e+00, 2.118e+00, 9.983e+02, 2.013e-07
1.845e+00, 5.000e-01, -8.150e-01, 1.165e+05, 0.000e+00, 4.497e-04, 0.000e+00, 2.116e+00, 9.983e+02, 1.931e-07
1.845e+00, 5.000e-01, -8.050e-01, 1.164e+05, 0.000e+00, 4.321e-04, 0.000e+00, 2.115e+00, 9.983e+02, 1.855e-07
1.845e+00, 5.000e-01, -7.950e-01, 1.163e+05, 0.000e+00, 4.160e-04, 0.000e+00, 2.113e+00, 9.983e+02, 1.786e-07
1.845e+00, 5.000e-01, -7.850e-01, 1.162e+05, 0.000e+00, 4.016e-04, 0.000e+00, 2.111e+00, 9.983e+02, 1.724e-07
1.845e+00, 5.000e-01, -7.750e-01, 1.161e+05, 0.000e+00, 3.898e-04, 0.000e+00, 2.109e+00, 9.983e+02, 1.673e-07
1.845e+00, 5.000e-01, -7.650e-01, 1.160e+05, 0.000e+00, 3.870e-04, 0.000e+00, 2.107e+00, 9.983e+02, 1.661e-07
1.845e+00, 5.000e-01, -7.550e-01, 1.159e+05, 0.000e+00, 3.902e-04, 0.000e+00, 2.106e+00, 9.983e+02, 1.675e-07
1.845e+00, 5.000e-01, -7.450e-01, 1.158e+05, 0.000e+00, 3.910e-04, 0.000e+00, 2.104e+00, 9.983e+02, 1.678e-07
1.845e+00, 5.000e-01, -7.350e-01, 1.157e+05, 6.746e-07, 4.450e-04, 0.000e+00, 2.102e+00, 9.983e+02, 1.910e-07
1.845e+00, 5.000e-01, -7.250e-01, 1.156e+05, 4.716e-01, 1.895e-03, 0.000e+00, 2.100e+00, 9.986e+02, 8.558e-07
1.845e+00, 5.000e-01, -7.150e-01, 1.156e+05, 8.683e-01, 1.895e-03, 0.000e+00, 2.100e+00, 9.986e+02, 8.914e-07
1.845e+00, 5.000e-01, -7.050e-01, 1.156e+05, 8.724e-01, 1.895e-03, 0.000e+00, 2.100e+00, 9.986e+02, 8.917e-07
1.845e+00, 5.000e-01, -6.950e-01, 1.156e+05, 8.738e-01, 1.895e-03, 0.000e+00, 2.100e+00, 9.986e+02, 8.918e-07
1.845e+00, 5.000e-01, -6.850e-01, 1.156e+05, 8.753e-01, 1.895e-03, 0.000e+00, 2.100e+00, 9.986e+02, 8.986e-07
1.845e+00, 5.000e-01, -6.750e-01, 1.166e+05, 0.000e+00, 3.774e-04, 0.000e+00, 2.119e+00, 9.983e+02, 1.658e-07
1.845e+00, 5.000e-01, -6.650e-01, 1.165e+05, 0.000e+00, 2.366e-04, 0.000e+00, 2.117e+00, 9.983e+02, 1.039e-07
1.845e+00, 5.000e-01, -6.550e-01, 1.164e+05, 0.000e+00, 1.389e-04, 0.000e+00, 2.115e+00, 9.983e+02, 6.103e-08
1.845e+00, 5.000e-01, -6.450e-01, 1.163e+05, 0.000e+00, 7.784e-05, 0.000e+00, 2.113e+00, 9.983e+02, 3.419e-08
1.845e+00, 5.000e-01, -6.350e-01, 1.162e+05, 0.000e+00, 4.589e-05, 0.000e+00, 2.111e+00, 9.983e+02, 2.016e-08
1.845e+00, 5.000e-01, -6.250e-01, 1.161e+05, 0.000e+00, 3.805e-05, 0.000e+00, 2.110e+00, 9.983e+02, 1.671e-08
1.845e+00, 5.000e-01, -6.150e-01, 1.160e+05, 0.000e+00, 5.402e-05, 0.000e+00, 2.108e+00, 9.983e+02, 2.373e-08
1.845e+00, 5.000e-01, -6.050e-01, 1.159e+05, 0.000e+00, 9.850e-05, 0.000e+00, 2.106e+00, 9.983e+02, 4.326e-08
1.845e+00, 5.000e-01, -5.950e-01, 1.158e+05, 0.000e+00, 1.782e-04, 0.000e+00, 2.104e+00, 9.983e+02, 7.829e-08
1.845e+00, 5.000e-01, -5.850e-01, 1.157e+05, 0.000e+00, 2.952e-04, 0.000e+00, 2.102e+00, 9.983e+02, 1.297e-07
1.845e+00, 5.000e-01, -5.750e-01, 1.156e+05, 0.000e+00, 4.378e-04, 0.000e+00, 2.101e+00, 9.983e+02, 1.923e-07
1.845e+00, 5.000e-01, -5.650e-01, 1.155e+05, 0.000e+00, 5.748e-04, 0.000e+00, 2.099e+00, 9.984e+02, 2.525e-07
1.845e+00, 5.000e-01, -5.550e-01, 1.140e+05, 0.000e+00, 6.590e-04, 0.000e+00, 2.070e+00, 9.984e+02, 2.953e-07
1.845e+00, 5.000e-01, -5.450e-01, 1.139e+05, 0.000e+00, 6.901e-04, 0.000e+00, 2.068e+00, 9.984e+02, 3.100e-07
1.845e+00, 5.000e-01, -5.350e-01, 1.138e+05, 0.000e+00, 7.048e-04, 0.000e+00, 2.067e+00, 9.984e+02, 3.166e-07
1.845e+00, 5.000e-01, -5.250e-01, 1.137e+05, 0.000e+00, 7.089e-04, 0.000e+00, 2.065e+00, 9.984e+02, 3.185e-07
1.845e+00, 5.000e-01, -5.150e-01, 1.136e+05, 0.000e+00, 7.053e-04, 0.000e+00, 2.063e+00, 9.984e+02, 3.169e-07
1.845e+00, 5.000e-01, -5.050e-01, 1.135e+05, 0.000e+00, 6.967e-04, 0.000e+00, 2.061e+00, 9.984e+02, 3.130e-07
1.845e+00, 5.000e-01, -4.950e-01, 1.134e+05, 0.000e+00, 6.887e-04, 0.000e+00, 2.059e+00, 9.984e+02, 3.069e-07
1.845e+00, 5.000e-01, -4.850e-01, 1.133e+05, 0.000e+00, 6.882e-04, 0.000e+00, 2.057e+00, 9.984e+02, 2.955e-07
1.845e+00, 5.000e-01, -4.750e-01, 1.132e+05, 0.000e+00, 6.645e-04, 0.000e+00, 2.056e+00, 9.984e+02, 2.853e-07
1.845e+00, 5.000e-01, -4.650e-01, 1.131e+05, 0.000e+00, 6.288e-04, 0.000e+00, 2.054e+00, 9.984e+02, 2.699e-07
1.845e+00, 5.000e-01, -4.550e-01, 1.130e+05, 0.000e+00, 6.066e-04, 0.000e+00, 2.052e+00, 9.984e+02, 2.604e-07
1.845e+00, 5.000e-01, -4.450e-01, 1.129e+05, 0.000e+00, 6.184e-04, 0.000e+00, 2.050e+00, 9.984e+02, 2.655e-07
1.845e+00, 5.000e-01, -4.350e-01, 1.128e+05, 0.000e+00, 6.469e-04, 0.000e+00, 2.048e+00, 9.984e+02, 2.777e-07
1.845e+00, 5.000e-01, -4.250e-01, 1.127e+05, 0.000e+00, 6.656e-04, 0.000e+00, 2.047e+00, 9.984e+02, 2.858e-07
1.845e+00, 5.000e-01, -4.150e-01, 1.126e+05, 0.000e+00, 6.719e-04, 0.000e+00, 2.045e+00, 9.984e+02, 2.884e-07
1.845e+00, 5.000e-01, -4.050e-01, 1.125e+05, 0.000e+00, 6.713e-04, 0.000e+00, 2.043e+00, 9.984e+02, 2.882e-07
1.845e+00, 5.000e-01, -3.950e-01, 1.124e+05, 0.000e+00, 6.681e-04, 0.000e+00, 2.041e+00, 9.984e+02, 2.868e-07
1.845e+00, 5.000e-01, -3.850e-01, 1.123e+05, 0.000e+00, 6.645e-04, 0.000e+00, 2.039e+00, 9.984e+02, 2.853e-07
1.845e+00, 5.000e-01, -3.750e-01, 1.122e+05, 0.000e+00, 6.612e-04, 0.000e+00, 2.038e+00, 9.984e+02, 2.839e-07
1.845e+00, 5.000e-01, -3.650e-01, 1.121e+05, 0.000e+00, 6.582e-04, 0.000e+00, 2.036e+00, 9.984e+02, 2.826e-07
1.845e+00, 5.000e-01, -3.550e-01, 1.120e+05, 0.000e+00, 6.552e-04, 0.000e+00, 2.034e+00, 9.984e+02, 2.877e-07
1.845e+00, 5.000e-01, -3.450e-01, 1.119e+05, 0.000e+00, 6.512e-04, 0.000e+00, 2.033e+00, 9.984e+02, 2.925e-07
1.845e+00, 5.000e-01, -3.350e-01, 1.118e+05, 0.000e+00, 6.454e-04, 0.000e+00, 2.031e+00, 9.984e+02, 2.900e-07
1.845e+00, 5.000e-01, -3.250e-01, 1.117e+05, 0.000e+00, 6.389e-04, 0.000e+00, 2.029e+00, 9.984e+02, 2.870e-07
1.845e+00, 5.000e-01, -3.150e-01, 1.116e+05, 0.000e+00, 6.322e-04, 0.000e+00, 2.027e+00, 9.984e+02, 2.840e-07
1.845e+00, 5.000e-01, -3.050e-01, 1.115e+05, 0.000e+00, 6.258e-04, 0.000e+00, 2.025e+00, 9.984e+02, 2.811e-07
1.845e+00, 5.000e-01, -2.950e-01, 1.114e+05, 0.000e+00, 6.196e-04, 0.000e+00, 2.024e+00, 9.984e+02, 2.784e-07
1.845e+00, 5.000e-01, -2.850e-01, 1.113e+05, 0.000e+00, 6.140e-04, 0.000e+00, 2.022e+00, 9.984e+02, 2.759e-07
1.845e+00, 5.000e-01, -2.750e-01, 1.112e+05, 0.000e+00, 6.092e-04, 0.000e+00, 2.020e+00, 9.984e+02, 2.737e-07
1.845e+00, 5.000e-01, -2.650e-01, 1.112e+05, 0.000e+00, 6.063e-04, 0.000e+00, 2.020e+00, 9.984e+02, 2.668e-07
1.845e+00, 5.000e-01, -2.550e-01, 1.111e+05, 0.000e+00, 6.090e-04, 0.000e+00, 2.018e+00, 9.984e+02, 2.675e-07
1.845e+00, 5.000e-01, -2.450e-01, 1.110e+05, 0.000e+00, 6.171e-04, 0.000e+00, 2.016e+00, 9.984e+02, 2.711e-07
1.845e+00, 5.000e-01, -2.350e-01, 1.109e+05, 0.000e+00, 6.306e-04, 0.000e+00, 2.014e+00, 9.984e+02, 2.770e-07
1.845e+00, 5.000e-01, -2.250e-01, 1.108e+05, 0.000e+00, 6.448e-04, 0.000e+00, 2.012e+00, 9.984e+02, 2.833e-07
1.845e+00, 5.000e-01, -2.150e-01, 1.107e+05, 0.000e+00, 6.515e-04, 0.000e+00, 2.011e+00, 9.984e+02, 2.862e-07
1.845e+00, 5.000e-01, -2.050e-01, 1.106e+05, 0.000e+00, 6.427e-04, 0.000e+00, 2.009e+00, 9.984e+02, 2.823e-07
1.845e+00, 5.000e-01, -1.950e-01, 1.105e+05, 0.000e+00, 6.181e-04, 0.000e+00, 2.007e+00, 9.984e+02, 2.713e-07
1.845e+00, 5.000e-01, -1.850e-01, 1.106e+05, 0.000e+00, 5.849e-04, 0.000e+00, 2.009e+00, 9.984e+02, 2.511e-07
1.845e+00, 5.000e-01, -1.750e-01, 1.105e+05, 0.000e+00, 5.382e-04, 0.000e+00, 2.007e+00, 9.984e+02, 2.311e-07
1.845e+00, 5.000e-01, -1.650e-01, 1.104e+05, 0.000e+00, 4.858e-04, 0.000e+00, 2.005e+00, 9.983e+02, 2.085e-07
1.845e+00, 5.000e-01, -1.550e-01, 1.103e+05, 0.000e+00, 4.324e-04, 0.000e+00, 2.004e+00, 9.983e+02, 1.856e-07
1.845e+00, 5.000e-01, -1.450e-01, 1.102e+05, 0.000e+00, 3.778e-04, 0.000e+00, 2.002e+00, 9.983e+02, 1.622e-07
1.845e+00, 5.000e-01, -1.350e-01, 1.101e+05, 0.000e+00, 3.172e-04, 0.000e+00, 2.000e+00, 9.983e+02, 1.362e-07
1.845e+00, 5.000e-01, -1.250e-01, 1.100e+05, 0.000e+00, 2.451e-04, 0.000e+00, 1.998e+00, 9.983e+02, 1.052e-07
1.845e+00, 5.000e-01, -1.150e-01, 1.111e+05, 0.000e+00, 1.636e-04, 0.000e+00, 2.018e+00, 9.983e+02, 7.145e-08
1.845e+00, 5.000e-01, -1.050e-01, 1.110e+05, 0.000e+00, 9.754e-05, 0.000e+00, 2.017e+00, 9.983e+02, 4.284e-08
1.845e+00, 5.000e-01, -9.500e-02, 1.109e+05, 0.000e+00, 5.341e-05, 0.000e+00, 2.015e+00, 9.983e+02, 2.346e-08
1.845e+00, 5.000e-01, -8.500e-02, 1.108e+05, 0.000e+00, 2.756e-05, 0.000e+00, 2.013e+00, 9.983e+02, 1.210e-08
1.845e+00, 5.000e-01, -7.500e-02, 1.107e+05, 0.000e+00, 1.368e-05, 0.000e+00, 2.011e+00, 9.983e+02, 6.009e-09
1.845e+00, 5.000e-01, -6.500e-02, 1.106e+05, 0.000e+00, 6.605e-06, 0.000e+00, 2.009e+00, 9.983e+02, 2.901e-09
1.845e+00, 5.000e-01, -5.500e-02, 1.105e+05, 0.000e+00, 3.105e-06, 0.000e+00, 2.008e+00, 9.983e+02, 1.364e-09
1.845e+00, 5.000e-01, -4.500e-02, 1.104e+05, 0.000e+00, 1.414e-06, 0.000e+00, 2.006e+00, 9.983e+02, 6.212e-10
1.845e+00, 5.000e-01, -3.500e-02, 1.103e+05, 0.000e+00, 6.212e-07, 0.000e+00, 2.004e+00, 9.983e+02, 2.728e-10
1.845e+00, 5.000e-01, -2.500e-02, 1.102e+05, 0.000e+00, 2.624e-07, 0.000e+00, 2.002e+00, 9.983e+02, 1.153e-10
1.845e+00, 5.000e-01, -1.500e-02, 1.101e+05, 0.000e+00, 1.070e-07, 0.000e+00, 2.000e+00, 9.983e+02, 4.700e-11
1.845e+00, 5.000e-01, -5.000e-03, 1.100e+05, 0.000e+00, 4.287e-08, 0.000e+00, 1.999e+00, 9.983e+02, 1.883e-11
1.855e+00, 5.000e-01, -1.195e+00, 1.202e+05, 0.000e+00, 1.002e-13, 0.000e+00, 2.184e+00, 9.983e+02, 2.000e-17
1.855e+00, 5.000e-01, -1.185e+00, 1.201e+05, 0.000e+00, 1.002e-13, 0.000e+00, 2.182e+00, 9.983e+02, 2.000e-17
1.855e+00, 5.000e-01, -1.175e+00, 1.200e+05, 0.000e+00, 1.002e-13, 0.000e+00, 2.181e+00, 9.983e+02, 2.000e-17
1.855e+00, 5.000e-01, -1.165e+00, 1.199e+05, 0.000e+00, 1.002e-13, 0.000e+00, 2.179e+00, 9.983e+02, 2.000e-17
1.855e+00, 5.000e-01, -1.155e+00, 1.198e+05, 0.000e+00, 1.002e-13, 0.000e+00, 2.177e+00, 9.983e+02, 2.000e-17
1.855e+00, 5.000e-01, -1.145e+00, 1.197e+05, 0.000e+00, 1.002e-13, 0.000e+00, 2.175e+00, 9.983e+02, 2.000e-17
1.855e+00, 5.000e-01, -1.135e+00, 1.196e+05, 0.000e+00, 1.002e-13, 0.000e+00, 2.173e+00, 9.983e+02, 2.000e-17
1.855e+00, 5.000e-01, -1.125e+00, 1.195e+05, 0.000e+00, 1.002e-13, 0.000e+00, 2.172e+00, 9.983e+02, 2.000e-17
1.855e+00, 5.000e-01, -1.115e+00, 1.194e+05, 0.000e+00, 1.002e-13, 0.000e+00, 2.170e+00, 9.983e+02, 2.000e-17
1.855e+00, 5.000e-01, -1.105e+00, 1.193e+05, 0.000e+00, 1.002e-13, 0.000e+00, 2.168e+00, 9.983e+02, 2.000e-17
1.855e+00, 5.000e-01, -1.095e+00, 1.192e+05, 0.000e+00, 1.002e-13, 0.000e+00, 2.166e+00, 9.983e+02, 2.000e-17
1.855e+00, 5.000e-01, -1.085e+00, 1.191e+05, 0.000e+00, 1.681e-09, 0.000e+00, 2.165e+00, 9.983e+02, 6.068e-13
1.855e+00, 5.000e-01, -1.075e+00, 1.190e+05, 0.000e+00, 4.406e-04, 0.000e+00, 2.163e+00, 9.983e+02, 1.591e-07
1.855e+00, 5.000e-01, -1.065e+00, 1.189e+05, 0.000e+00, 5.104e-04, 0.000e+00, 2.161e+00, 9.984e+02, 2.191e-07
1.855e+00, 5.000e-01, -1.055e+00, 1.188e+05, 0.000e+00, 5.366e-04, 0.000e+00, 2.159e+00, 9.984e+02, 2.303e-07
1.855e+00, 5.000e-01, -1.045e+00, 1.187e+05, 0.000e+00, 5.354e-04, 0.000e+00, 2.158e+00, 9.984e+02, 2.298e-07
1.855e+00, 5.000e-01, -1.035e+00, 1.186e+05, 0.000e+00, 5.234e-04, 0.000e+00, 2.156e+00, 9.984e+02, 2.247e-07
1.855e+00, 5.000e-01, -1.025e+00, 1.185e+05, 0.000e+00, 5.087e-04, 0.000e+00, 2.154e+00, 9.984e+02, 2.184e-07
1.855e+00, 5.000e-01, -1.015e+00, 1.185e+05, 0.000e+00, 4.939e-04, 0.000e+00, 2.152e+00, 9.984e+02, 2.120e-07
1.855e+00, 5.000e-01, -1.005e+00, 1.184e+05, 0.000e+00, 4.796e-04, 0.000e+00, 2.150e+00, 9.984e+02, 2.059e-07
1.855e+00, 5.000e-01, -9.950e-01, 1.183e+05, 0.000e+00, 4.659e-04, 0.000e+00, 2.149e+00, 9.983e+02, 2.000e-07
1.855e+00, 5.000e-01, -9.850e-01, 1.182e+05, 0.000e+00, 4.532e-04, 0.000e+00, 2.147e+00, 9.983e+02, 1.945e-07
1.855e+00, 5.000e-01, -9.750e-01, 1.181e+05, 0.000e+00, 4.416e-04, 0.000e+00, 2.145e+00, 9.983e+02, 1.896e-07
1.855e+00, 5.000e-01, -9.650e-01, 1.180e+05, 0.000e+00, 4.318e-04, 0.000e+00, 2.143e+00, 9.983e+02, 1.854e-07
1.855e+00, 5.000e-01, -9.550e-01, 1.179e+05, 0.000e+00, 4.243e-04, 0.000e+00, 2.141e+00, 9.983e+02, 1.821e-07
1.855e+00, 5.000e-01, -9.450e-01, 1.178e+05, 0.000e+00, 4.198e-04, 0.000e+00, 2.140e+00, 9.983e+02, 1.802e-07
1.855e+00, 5.000e-01, -9.350e-01, 1.177e+05, 0.000e+00, 4.190e-04, 0.000e+00, 2.138e+00, 9.983e+02, 1.799e-07
1.855e+00, 5.000e-01, -9.250e-01, 1.176e+05, 0.000e+00, 4.225e-04, 0.000e+00, 2.136e+00, 9.983e+02, 1.814e-07
1.855e+00, 5.000e-01, -9.150e-01, 1.175e+05, 0.000e+00, 4.296e-04, 0.000e+00, 2.134e+00, 9.983e+02, 1.844e-07
1.855e+00, 5.000e-01, -9.050e-01, 1.174e+05, 0.000e+00, 4.385e-04, 0.000e+00, 2.132e+00, 9.983e+02, 1.883e-07
1.855e+00, 5.000e-01, -8.950e-01, 1.173e+05, 0.000e+00, 4.470e-04, 0.000e+00, 2.131e+00, 9.983e+02, 1.919e-07
1.855e+00, 5.000e-01, -8.850e-01, 1.172e+05, 0.000e+00, 4.532e-04, 0.000e+00, 2.129e+00, 9.983e+02, 1.946e-07
1.855e+00, 5.000e-01, -8.750e-01, 1.171e+05, 0.000e+00, 4.560e-04, 0.000e+00, 2.127e+00, 9.983e+02, 1.958e-07
1.855e+00, 5.000e-01, -8.650e-01, 1.170e+05, 0.000e+00, 4.551e-04, 0.000e+00, 2.125e+00, 9.983e+02, 1.954e-07
1.855e+00, 5.000e-01, -8.550e-01, 1.169e+05, 0.000e+00, 4.501e-04, 0.000e+00, 2.124e+00, 9.983e+02, 1.932e-07
1.855e+00, 5.000e-01, -8.450e-01, 1.168e+05, 0.000e+00, 4.407e-04, 0.000e+00, 2.122e+00, 9.983e+02, 1.892e-07
1.855e+00, 5.000e-01, -8.350e-01, 1.167e+05, 0.000e+00, 4.302e-04, 0.000e+00, 2.120e+00, 9.983e+02, 1.847e-07
1.855e+00, 5.000e-01, -8.250e-01, 1.166e+05, 0.000e+00, 4.193e-04, 0.000e+00, 2.118e+00, 9.983e+02, 1.800e-07
1.855e+00, 5.000e-01, -8.150e-01, 1.165e+05, 0.000e+00, 4.088e-04, 0.000e+00, 2.116e+00, 9.983e+02, 1.755e-07
1.855e+00, 5.000e-01, -8.050e-01, 1.164e+05, 0.000e+00, 3.990e-04, 0.000e+00, 2.115e+00, 9.983e+02, 1.713e-07
1.855e+00, 5.000e-01, -7.950e-01, 1.163e+05, 0.000e+00, 3.899e-04, 0.000e+00, 2.113e+00, 9.983e+02, 1.674e-07
1.855e+00, 5.000e-01, -7.850e-01, 1.162e+05, 0.000e+00, 3.815e-04, 0.000e+00, 2.111e+00, 9.983e+02, 1.638e-07
1.855e+00, 5.000e-01, -7.750e-01, 1.161e+05, 0.000e+00, 3.757e-04, 0.000e+00, 2.109e+00, 9.983e+02, 1.613e-07
1.855e+00, 5.000e-01, -7.650e-01, 1.160e+05, 0.000e+00, 3.880e-04, 0.000e+00, 2.107e+00, 9.983e+02, 1.666e-07
1.855e+00, 5.000e-01, -7.550e-01, 1.159e+05, 0.000e+00, 4.070e-04, 0.000e+00, 2.106e+00, 9.983e+02, 1.747e-07
1.855e+00, 5.000e-01, -7.450e-01, 1.158e+05, 0.000e+00, 4.057e-04, 0.000e+00, 2.104e+00, 9.983e+02, 1.742e-07
1.855e+00, 5.000e-01, -7.350e-01, 1.157e+05, 6.746e-07, 4.517e-04, 0.000e+00, 2.102e+00, 9.983e+02, 1.939e-07
1.855e+00, 5.000e-01, -7.250e-01, 1.156e+05, 4.716e-01, 1.895e-03, 0.000e+00, 2.100e+00, 9.986e+02, 8.558e-07
1.855e+00, 5.000e-01, -7.150e-01, 1.156e+05, 8.683e-01, 1.895e-03, 0.000e+00, 2.100e+00, 9.986e+02, 8.914e-07
1.855e+00, 5.000e-01, -7.050e-01, 1.156e+05, 8.724e-01, 1.895e-03, 0.000e+00, 2.100e+00, 9.986e+02, 8.917e-07
1.855e+00, 5.000e-01, -6.950e-01, 1.156e+05, 8.738e-01, 1.895e-03, 0.000e+00, 2.100e+00, 9.986e+02, 8.918e-07
1.855e+00, 5.000e-01, -6.850e-01, 1.156e+05, 8.753e-01, 1.895e-03, 0.000e+00, 2.100e+00, 9.986e+02, 8.987e-07
1.855e+00, 5.000e-01, -6.750e-01, 1.166e+05, 0.000e+00, 3.772e-04, 0.000e+00, 2.119e+00, 9.983e+02, 1.657e-07
1.855e+00, 5.000e-01, -6.650e-01, 1.165e+05, 0.000e+00, 2.364e-04, 0.000e+00, 2.117e+00, 9.983e+02, 1.038e-07
1.855e+00, 5.000e-01, -6.550e-01, 1.164e+05, 0.000e+00, 1.387e-04, 0.000e+00, 2.115e+00, 9.983e+02, 6.093e-08
1.855e+00, 5.000e-01, -6.450e-01, 1.163e+05, 0.000e+00, 7.756e-05, 0.000e+00, 2.113e+00, 9.983e+02, 3.407e-08
1.855e+00, 5.000e-01, -6.350e-01, 1.162e+05, 0.000e+00, 4.544e-05, 0.000e+00, 2.111e+00, 9.983e+02, 1.996e-08
1.855e+00, 5.000e-01, -6.250e-01, 1.161e+05, 0.000e+00, 3.723e-05, 0.000e+00, 2.110e+00, 9.983e+02, 1.635e-08
1.855e+00, 5.000e-01, -6.150e-01, 1.160e+05, 0.000e+00, 5.250e-05, 0.000e+00, 2.108e+00, 9.983e+02, 2.306e-08
1.855e+00, 5.000e-01, -6.050e-01, 1.159e+05, 0.000e+00, 9.591e-05, 0.000e+00, 2.106e+00, 9.983e+02, 4.213e-08
1.855e+00, 5.000e-01, -5.950e-01, 1.158e+05, 0.000e+00, 1.742e-04, 0.000e+00, 2.104e+00, 9.983e+02, 7.654e-08
1.855e+00, 5.000e-01, -5.850e-01, 1.157e+05, 0.000e+00, 2.897e-04, 0.000e+00, 2.102e+00, 9.983e+02, 1.273e-07
1.855e+00, 5.000e-01, -5.750e-01, 1.156e+05, 0.000e+00, 4.308e-04, 0.000e+00, 2.101e+00, 9.983e+02, 1.892e-07
1.855e+00, 5.000e-01, -5.650e-01, 1.155e+05, 0.000e+00, 5.665e-04, 0.000e+00, 2.099e+00, 9.984e+02, 2.488e-07
1.855e+00, 5.000e-01, -5.550e-01, 1.140e+05, 0.000e+00, 6.535e-04, 0.000e+00, 2.070e+00, 9.984e+02, 2.929e-07
1.855e+00, 5.000e-01, -5.450e-01, 1.139e+05, 0.000e+00, 6.918e-04, 0.000e+00, 2.068e+00, 9.984e+02, 3.108e-07
1.855e+00, 5.000e-01, -5.350e-01, 1.138e+05, 0.000e+00, 7.116e-04, 0.000e+00, 2.067e+00, 9.984e+02, 3.197e-07
1.855e+00, 5.000e-01, -5.250e-01, 1.137e+05, 0.000e+00, 7.199e-04, 0.000e+00, 2.065e+00, 9.984e+02, 3.234e-07
1.855e+00, 5.000e-01, -5.150e-01, 1.136e+05, 0.000e+00, 7.196e-04, 0.000e+00, 2.063e+00, 9.984e+02, 3.233e-07
1.855e+00, 5.000e-01, -5.050e-01, 1.135e+05, 0.000e+00, 7.136e-04, 0.000e+00, 2.061e+00, 9.984e+02, 3.206e-07
1.855e+00, 5.000e-01, -4.950e-01, 1.134e+05, 0.000e+00, 7.077e-04, 0.000e+00, 2.059e+00, 9.984e+02, 3.163e-07
1.855e+00, 5.000e-01, -4.850e-01, 1.133e+05, 0.000e+00, 7.081e-04, 0.000e+00, 2.057e+00, 9.984e+02, 3.040e-07
1.855e+00, 5.000e-01, -4.750e-01, 1.132e+05, 0.000e+00, 6.794e-04, 0.000e+00, 2.056e+00, 9.984e+02, 2.916e-07
1.855e+00, 5.000e-01, -4.650e-01, 1.131e+05, 0.000e+00, 6.390e-04, 0.000e+00, 2.054e+00, 9.984e+02, 2.743e-07
1.855e+00, 5.000e-01, -4.550e-01, 1.130e+05, 0.000e+00, 6.108e-04, 0.000e+00, 2.052e+00, 9.984e+02, 2.622e-07
1.855e+00, 5.000e-01, -4.450e-01, 1.129e+05, 0.000e+00, 6.175e-04, 0.000e+00, 2.050e+00, 9.984e+02, 2.651e-07
1.855e+00, 5.000e-01, -4.350e-01, 1.128e+05, 0.000e+00, 6.459e-04, 0.000e+00, 2.048e+00, 9.984e+02, 2.773e-07
1.855e+00, 5.000e-01, -4.250e-01, 1.127e+05, 0.000e+00, 6.681e-04, 0.000e+00, 2.047e+00, 9.984e+02, 2.868e-07
1.855e+00, 5.000e-01, -4.150e-01, 1.126e+05, 0.000e+00, 6.773e-04, 0.000e+00, 2.045e+00, 9.984e+02, 2.908e-07
1.855e+00, 5.000e-01, -4.050e-01, 1.125e+05, 0.000e+00, 6.784e-04, 0.000e+00, 2.043e+00, 9.984e+02, 2.912e-07
1.855e+00, 5.000e-01, -3.950e-01, 1.124e+05, 0.000e+00, 6.758e-04, 0.000e+00, 2.041e+00, 9.984e+02, 2.901e-07
1.855e+00, 5.000e-01, -3.850e-01, 1.123e+05, 0.000e+00, 6.719e-04, 0.000e+00, 2.039e+00, 9.984e+02, 2.885e-07
1.855e+00, 5.000e-01, -3.750e-01, 1.122e+05, 0.000e+00, 6.676e-04, 0.000e+00, 2.038e+00, 9.984e+02, 2.866e-07
1.855e+00, 5.000e-01, -3.650e-01, 1.121e+05, 0.000e+00, 6.629e-04, 0.000e+00, 2.036e+00, 9.984e+02, 2.846e-07
1.855e+00, 5.000e-01, -3.550e-01, 1.120e+05, 0.000e+00, 6.577e-04, 0.000e+00, 2.034e+00, 9.984e+02, 2.884e-07
1.855e+00, 5.000e-01, -3.450e-01, 1.119e+05, 0.000e+00, 6.534e-04, 0.000e+00, 2.033e+00, 9.984e+02, 2.936e-07
1.855e+00, 5.000e-01, -3.350e-01, 1.118e+05, 0.000e+00, 6.485e-04, 0.000e+00, 2.031e+00, 9.984e+02, 2.914e-07
1.855e+00, 5.000e-01, -3.250e-01, 1.117e+05, 0.000e+00, 6.435e-04, 0.000e+00, 2.029e+00, 9.984e+02, 2.891e-07
1.855e+00, 5.000e-01, -3.150e-01, 1.116e+05, 0.000e+00, 6.391e-04, 0.000e+00, 2.027e+00, 9.984e+02, 2.871e-07
1.855e+00, 5.000e-01, -3.050e-01, 1.115e+05, 0.000e+00, 6.357e-04, 0.000e+00, 2.025e+00, 9.984e+02, 2.856e-07
1.855e+00, 5.000e-01, -2.950e-01, 1.114e+05, 0.000e+00, 6.337e-04, 0.000e+00, 2.024e+00, 9.984e+02, 2.847e-07
1.855e+00, 5.000e-01, -2.850e-01, 1.113e+05, 0.000e+00, 6.334e-04, 0.000e+00, 2.022e+00, 9.984e+02, 2.846e-07
1.855e+00, 5.000e-01, -2.750e-01, 1.112e+05, 0.000e+00, 6.350e-04, 0.000e+00, 2.020e+00, 9.984e+02, 2.853e-07
1.855e+00, 5.000e-01, -2.650e-01, 1.112e+05, 0.000e+00, 6.388e-04, 0.000e+00, 2.020e+00, 9.984e+02, 2.812e-07
1.855e+00, 5.000e-01, -2.550e-01, 1.111e+05, 0.000e+00, 6.405e-04, 0.000e+00, 2.018e+00, 9.984e+02, 2.814e-07
1.855e+00, 5.000e-01, -2.450e-01, 1.110e+05, 0.000e+00, 6.417e-04, 0.000e+00, 2.016e+00, 9.984e+02, 2.819e-07
1.855e+00, 5.000e-01, -2.350e-01, 1.109e+05, 0.000e+00, 6.420e-04, 0.000e+00, 2.014e+00, 9.984e+02, 2.820e-07
1.855e+00, 5.000e-01, -2.250e-01, 1.108e+05, 0.000e+00, 6.384e-04, 0.000e+00, 2.012e+00, 9.984e+02, 2.805e-07
1.855e+00, 5.000e-01, -2.150e-01, 1.107e+05, 0.000e+00, 6.252e-04, 0.000e+00, 2.011e+00, 9.984e+02, 2.746e-07
1.855e+00, 5.000e-01, -2.050e-01, 1.106e+05, 0.000e+00, 5.994e-04, 0.000e+00, 2.009e+00, 9.984e+02, 2.633e-07
1.855e+00, 5.000e-01, -1.950e-01, 1.105e+05, 0.000e+00, 5.657e-04, 0.000e+00, 2.007e+00, 9.984e+02, 2.485e-07
1.855e+00, 5.000e-01, -1.850e-01, 1.106e+05, 0.000e+00, 5.348e-04, 0.000e+00, 2.009e+00, 9.984e+02, 2.297e-07
1.855e+00, 5.000e-01, -1.750e-01, 1.105e+05, 0.000e+00, 4.920e-04, 0.000e+00, 2.007e+00, 9.983e+02, 2.112e-07
1.855e+00, 5.000e-01, -1.650e-01, 1.104e+05, 0.000e+00, 4.456e-04, 0.000e+00, 2.005e+00, 9.983e+02, 1.913e-07
1.855e+00, 5.000e-01, -1.550e-01, 1.103e+05, 0.000e+00, 4.019e-04, 0.000e+00, 2.004e+00, 9.983e+02, 1.725e-07
1.855e+00, 5.000e-01, -1.450e-01, 1.102e+05, 0.000e+00, 3.604e-04, 0.000e+00, 2.002e+00, 9.983e+02, 1.547e-07
1.855e+00, 5.000e-01, -1.350e-01, 1.101e+05, 0.000e+00, 3.130e-04, 0.000e+00, 2.000e+00, 9.983e+02, 1.344e-07
1.855e+00, 5.000e-01, -1.250e-01, 1.100e+05, 0.000e+00, 2.500e-04, 0.000e+00, 1.998e+00, 9.983e+02, 1.073e-07
1.855e+00, 5.000e-01, -1.150e-01, 1.111e+05, 0.000e+00, 1.725e-04, 0.000e+00, 2.018e+00, 9.983e+02, 7.525e-08
1.855e+00, 5.000e-01, -1.050e-01, 1.110e+05, 0.000e+00, 1.053e-04, 0.000e+00, 2.017e+00, 9.983e+02, 4.627e-08
1.855e+00, 5.000e-01, -9.500e-02, 1.109e+05, 0.000e+00, 5.860e-05, 0.000e+00, 2.015e+00, 9.983e+02, 2.574e-08
1.855e+00, 5.000e-01, -8.500e-02, 1.108e+05, 0.000e+00, 3.050e-05, 0.000e+00, 2.013e+00, 9.983e+02, 1.340e-08
1.855e+00, 5.000e-01, -7.500e-02, 1.107e+05, 0.000e+00, 1.519e-05, 0.000e+00, 2.011e+00, 9.983e+02, 6.674e-09
1.855e+00, 5.000e-01, -6.500e-02, 1.106e+05, 0.000e+00, 7.342e-06, 0.000e+00, 2.009e+00, 9.983e+02, 3.225e-09
1.855e+00, 5.000e-01, -5.500e-02, 1.105e+05, 0.000e+00, 3.451e-06, 0.000e+00, 2.008e+00, 9.983e+02, 1.516e-09
1.855e+00, 5.000e-01, -4.500e-02, 1.104e+05, 0.000e+00, 1.572e-06, 0.000e+00, 2.006e+00, 9.983e+02, 6.906e-10
1.855e+00, 5.000e-01, -3.500e-02, 1.103e+05, 0.000e+00, 6.911e-07, 0.000e+00, 2.004e+00, 9.983e+02, 3.035e-10
1.855e+00, 5.000e-01, -2.500e-02, 1.102e+05, 0.000e+00, 2.923e-07, 0.000e+00, 2.002e+00, 9.983e+02, 1.284e-10
1.855e+00, 5.000e-01, -1.500e-02, 1.101e+05, 0.000e+00, 1.193e-07, 0.000e+00, 2.000e+00, 9.983e+02, 5.240e-11
1.855e+00, 5.000e-01, -5.000e-03, 1.100e+05, 0.000e+00, 4.779e-08, 0.000e+00, 1.999e+00, 9.983e+02, 2.099e-11
1.865e+00, 5.000e-01, -1.195e+00, 1.202e+05, 0.000e+00, 1.002e-13, 0.000e+00, 2.184e+00, 9.983e+02, 2.000e-17
1.865e+00, 5.000e-01, -1.185e+00, 1.201e+05, 0.000e+00, 1.002e-13, 0.000e+00, 2.182e+00, 9.983e+02, 2.000e-17
1.865e+00, 5.000e-01, -1.175e+00, 1.200e+05, 0.000e+00, 1.002e-13, 0.000e+00, 2.181e+00, 9.983e+02, 2.000e-17
1.865e+00, 5.000e-01, -1.165e+00, 1.199e+05, 0.000e+00, 1.002e-13, 0.000e+00, 2.179e+00, 9.983e+02, 2.000e-17
1.865e+00, 5.000e-01, -1.155e+00, 1.198e+05, 0.000e+00, 1.002e-13, 0.000e+00, 2.177e+00, 9.983e+02, 2.000e-17
1.865e+00, 5.000e-01, -1.145e+00, 1.197e+05, 0.000e+00, 1.002e-13, 0.000e+00, 2.175e+00, 9.983e+02, 2.000e-17
1.865e+00, 5.000e-01, -1.135e+00, 1.196e+05, 0.000e+00, 1.002e-13, 0.000e+00, 2.173e+00, 9.983e+02, 2.000e-17
1.865e+00, 5.000e-01, -1.125e+00, 1.195e+05, 0.000e+00, 1.002e-13, 0.000e+00, 2.172e+00, 9.983e+02, 2.000e-17
1.865e+00, 5.000e-01, -1.115e+00, 1.194e+05, 0.000e+00, 1.002e-13, 0.000e+00, 2.170e+00, 9.983e+02, 2.000e-17
1.865e+00, 5.000e-01, -1.105e+00, 1.193e+05, 0.000e+00, 1.002e-13, 0.000e+00, 2.168e+00, 9.983e+02, 2.000e-17
1.865e+00, 5.000e-01, -1.095e+00, 1.192e+05, 0.000e+00, 1.002e-13, 0.000e+00, 2.166e+00, 9.983e+02, 2.000e-17
1.865e+00, 5.000e-01, -1.085e+00, 1.191e+05, 0.000e+00, 1.646e-09, 0.000e+00, 2.165e+00, 9.983e+02, 5.713e-13
1.865e+00, 5.000e-01, -1.075e+00, 1.190e+05, 0.000e+00, 4.315e-04, 0.000e+00, 2.163e+00, 9.983e+02, 1.498e-07
1.865e+00, 5.000e-01, -1.065e+00, 1.189e+05, 0.000e+00, 4.985e-04, 0.000e+00, 2.161e+00, 9.984e+02, 2.140e-07
1.865e+00, 5.000e-01, -1.055e+00, 1.188e+05, 0.000e+00, 5.224e-04, 0.000e+00, 2.159e+00, 9.984e+02, 2.243e-07
1.865e+00, 5.000e-01, -1.045e+00, 1.187e+05, 0.000e+00, 5.208e-04, 0.000e+00, 2.158e+00, 9.984e+02, 2.236e-07
1.865e+00, 5.000e-01, -1.035e+00, 1.186e+05, 0.000e+00, 5.078e-04, 0.000e+00, 2.156e+00, 9.984e+02, 2.180e-07
1.865e+00, 5.000e-01, -1.025e+00, 1.185e+05, 0.000e+00, 4.920e-04, 0.000e+00, 2.154e+00, 9.984e+02, 2.112e-07
1.865e+00, 5.000e-01, -1.015e+00, 1.185e+05, 0.000e+00, 4.764e-04, 0.000e+00, 2.152e+00, 9.984e+02, 2.045e-07
1.865e+00, 5.000e-01, -1.005e+00, 1.184e+05, 0.000e+00, 4.618e-04, 0.000e+00, 2.150e+00, 9.983e+02, 1.983e-07
1.865e+00, 5.000e-01, -9.950e-01, 1.183e+05, 0.000e+00, 4.485e-04, 0.000e+00, 2.149e+00, 9.983e+02, 1.925e-07
1.865e+00, 5.000e-01, -9.850e-01, 1.182e+05, 0.000e+00, 4.362e-04, 0.000e+00, 2.147e+00, 9.983e+02, 1.873e-07
1.865e+00, 5.000e-01, -9.750e-01, 1.181e+05, 0.000e+00, 4.252e-04, 0.000e+00, 2.145e+00, 9.983e+02, 1.825e-07
1.865e+00, 5.000e-01, -9.650e-01, 1.180e+05, 0.000e+00, 4.155e-04, 0.000e+00, 2.143e+00, 9.983e+02, 1.784e-07
1.865e+00, 5.000e-01, -9.550e-01, 1.179e+05, 0.000e+00, 4.076e-04, 0.000e+00, 2.141e+00, 9.983e+02, 1.750e-07
1.865e+00, 5.000e-01, -9.450e-01, 1.178e+05, 0.000e+00, 4.017e-04, 0.000e+00, 2.140e+00, 9.983e+02, 1.724e-07
1.865e+00, 5.000e-01, -9.350e-01, 1.177e+05, 0.000e+00, 3.980e-04, 0.000e+00, 2.138e+00, 9.983e+02, 1.709e-07
1.865e+00, 5.000e-01, -9.250e-01, 1.176e+05, 0.000e+00, 3.969e-04, 0.000e+00, 2.136e+00, 9.983e+02, 1.704e-07
1.865e+00, 5.000e-01, -9.150e-01, 1.175e+05, 0.000e+00, 3.981e-04, 0.000e+00, 2.134e+00, 9.983e+02, 1.709e-07
1.865e+00, 5.000e-01, -9.050e-01, 1.174e+05, 0.000e+00, 4.008e-04, 0.000e+00, 2.132e+00, 9.983e+02, 1.721e-07
1.865e+00, 5.000e-01, -8.950e-01, 1.173e+05, 0.000e+00, 4.038e-04, 0.000e+00, 2.131e+00, 9.983e+02, 1.734e-07
1.865e+00, 5.000e-01, -8.850e-01, 1.172e+05, 0.000e+00, 4.061e-04, 0.000e+00, 2.129e+00, 9.983e+02, 1.743e-07
1.865e+00, 5.000e-01, -8.750e-01, 1.171e+05, 0.000e+00, 4.068e-04, 0.000e+00, 2.127e+00, 9.983e+02, 1.746e-07
1.865e+00, 5.000e-01, -8.650e-01, 1.170e+05, 0.000e+00, 4.054e-04, 0.000e+00, 2.125e+00, 9.983e+02, 1.740e-07
1.865e+00, 5.000e-01, -8.550e-01, 1.169e+05, 0.000e+00, 4.019e-04, 0.000e+00, 2.124e+00, 9.983e+02, 1.725e-07
1.865e+00, 5.000e-01, -8.450e-01, 1.168e+05, 0.000e+00, 3.968e-04, 0.000e+00, 2.122e+00, 9.983e+02, 1.704e-07
1.865e+00, 5.000e-01, -8.350e-01, 1.167e+05, 0.000e+00, 3.918e-04, 0.000e+00, 2.120e+00, 9.983e+02, 1.682e-07
1.865e+00, 5.000e-01, -8.250e-01, 1.166e+05, 0.000e+00, 3.869e-04, 0.000e+00, 2.118e+00, 9.983e+02, 1.661e-07
1.865e+00, 5.000e-01, -8.150e-01, 1.165e+05, 0.000e+00, 3.823e-04, 0.000e+00, 2.116e+00, 9.983e+02, 1.641e-07
1.865e+00, 5.000e-01, -8.050e-01, 1.164e+05, 0.000e+00, 3.780e-04, 0.000e+00, 2.115e+00, 9.983e+02, 1.623e-07
1.865e+00, 5.000e-01, -7.950e-01, 1.163e+05, 0.000e+00, 3.739e-04, 0.000e+00, 2.113e+00, 9.983e+02, 1.605e-07
1.865e+00, 5.000e-01, -7.850e-01, 1.162e+05, 0.000e+00, 3.702e-04, 0.000e+00, 2.111e+00, 9.983e+02, 1.589e-07
1.865e+00, 5.000e-01, -7.750e-01, 1.161e+05, 0.000e+00, 3.702e-04, 0.000e+00, 2.109e+00, 9.983e+02, 1.589e-07
1.865e+00, 5.000e-01, -7.650e-01, 1.160e+05, 0.000e+00, 4.109e-04, 0.000e+00, 2.107e+00, 9.983e+02, 1.764e-07
1.865e+00, 5.000e-01, -7.550e-01, 1.159e+05, 0.000e+00, 4.650e-04, 0.000e+00, 2.106e+00, 9.983e+02, 1.996e-07
1.865e+00, 5.000e-01, -7.450e-01, 1.158e+05, 0.000e+00, 4.682e-04, 0.000e+00, 2.104e+00, 9.983e+02, 2.010e-07
1.865e+00, 5.000e-01, -7.350e-01, 1.157e+05, 6.746e-07, 4.963e-04, 0.000e+00, 2.102e+00, 9.984e+02, 2.131e-07
1.865e+00, 5.000e-01, -7.250e-01, 1.156e+05, 4.716e-01, 1.895e-03, 0.000e+00, 2.100e+00, 9.986e+02, 8.558e-07
1.865e+00, 5.000e-01, -7.150e-01, 1.156e+05, 8.683e-01, 1.895e-03, 0.000e+00, 2.100e+00, 9.986e+02, 8.914e-07
1.865e+00, 5.000e-01, -7.050e-01, 1.156e+05, 8.724e-01, 1.895e-03, 0.000e+00, 2.100e+00, 9.986e+02, 8.917e-07
1.865e+00, 5.000e-01, -6.950e-01, 1.156e+05, 8.738e-01, 1.895e-03, 0.000e+00, 2.100e+00, 9.986e+02, 8.918e-07
1.865e+00, 5.000e-01, -6.850e-01, 1.156e+05, 8.753e-01, 1.895e-03, 0.000e+00, 2.100e+00, 9.986e+02, 8.987e-07
1.865e+00, 5.000e-01, -6.750e-01, 1.166e+05, 0.000e+00, 3.770e-04, 0.000e+00, 2.119e+00, 9.983e+02, 1.656e-07
1.865e+00, 5.000e-01, -6.650e-01, 1.165e+05, 0.000e+00, 2.361e-04, 0.000e+00, 2.117e+00, 9.983e+02, 1.037e-07
1.865e+00, 5.000e-01, -6.550e-01, 1.164e+05, 0.000e+00, 1.384e-04, 0.000e+00, 2.115e+00, 9.983e+02, 6.079e-08
1.865e+00, 5.000e-01, -6.450e-01, 1.163e+05, 0.000e+00, 7.723e-05, 0.000e+00, 2.113e+00, 9.983e+02, 3.392e-08
1.865e+00, 5.000e-01, -6.350e-01, 1.162e+05, 0.000e+00, 4.500e-05, 0.000e+00, 2.111e+00, 9.983e+02, 1.976e-08
1.865e+00, 5.000e-01, -6.250e-01, 1.161e+05, 0.000e+00, 3.647e-05, 0.000e+00, 2.110e+00, 9.983e+02, 1.602e-08
1.865e+00, 5.000e-01, -6.150e-01, 1.160e+05, 0.000e+00, 5.114e-05, 0.000e+00, 2.108e+00, 9.983e+02, 2.246e-08
1.865e+00, 5.000e-01, -6.050e-01, 1.159e+05, 0.000e+00, 9.361e-05, 0.000e+00, 2.106e+00, 9.983e+02, 4.112e-08
1.865e+00, 5.000e-01, -5.950e-01, 1.158e+05, 0.000e+00, 1.707e-04, 0.000e+00, 2.104e+00, 9.983e+02, 7.500e-08
1.865e+00, 5.000e-01, -5.850e-01, 1.157e+05, 0.000e+00, 2.849e-04, 0.000e+00, 2.102e+00, 9.983e+02, 1.251e-07
1.865e+00, 5.000e-01, -5.750e-01, 1.156e+05, 0.000e+00, 4.246e-04, 0.000e+00, 2.101e+00, 9.983e+02, 1.865e-07
1.865e+00, 5.000e-01, -5.650e-01, 1.155e+05, 0.000e+00, 5.600e-04, 0.000e+00, 2.099e+00, 9.984e+02, 2.460e-07
1.865e+00, 5.000e-01, -5.550e-01, 1.140e+05, 0.000e+00, 6.566e-04, 0.000e+00, 2.070e+00, 9.984e+02, 2.944e-07
1.865e+00, 5.000e-01, -5.450e-01, 1.139e+05, 0.000e+00, 7.038e-04, 0.000e+00, 2.068e+00, 9.984e+02, 3.162e-07
1.865e+00, 5.000e-01, -5.350e-01, 1.138e+05, 0.000e+00, 7.283e-04, 0.000e+00, 2.067e+00, 9.984e+02, 3.272e-07
1.865e+00, 5.000e-01, -5.250e-01, 1.137e+05, 0.000e+00, 7.390e-04, 0.000e+00, 2.065e+00, 9.984e+02, 3.320e-07
1.865e+00, 5.000e-01, -5.150e-01, 1.136e+05, 0.000e+00, 7.403e-04, 0.000e+00, 2.063e+00, 9.984e+02, 3.326e-07
1.865e+00, 5.000e-01, -5.050e-01, 1.135e+05, 0.000e+00, 7.357e-04, 0.000e+00, 2.061e+00, 9.984e+02, 3.305e-07
1.865e+00, 5.000e-01, -4.950e-01, 1.134e+05, 0.000e+00, 7.305e-04, 0.000e+00, 2.059e+00, 9.984e+02, 3.275e-07
1.865e+00, 5.000e-01, -4.850e-01, 1.133e+05, 0.000e+00, 7.267e-04, 0.000e+00, 2.057e+00, 9.984e+02, 3.120e-07
1.865e+00, 5.000e-01, -4.750e-01, 1.132e+05, 0.000e+00, 6.946e-04, 0.000e+00, 2.056e+00, 9.984e+02, 2.982e-07
1.865e+00, 5.000e-01, -4.650e-01, 1.131e+05, 0.000e+00, 6.508e-04, 0.000e+00, 2.054e+00, 9.984e+02, 2.794e-07
1.865e+00, 5.000e-01, -4.550e-01, 1.130e+05, 0.000e+00, 6.149e-04, 0.000e+00, 2.052e+00, 9.984e+02, 2.640e-07
1.865e+00, 5.000e-01, -4.450e-01, 1.129e+05, 0.000e+00, 6.087e-04, 0.000e+00, 2.050e+00, 9.984e+02, 2.613e-07
1.865e+00, 5.000e-01, -4.350e-01, 1.128e+05, 0.000e+00, 6.298e-04, 0.000e+00, 2.048e+00, 9.984e+02, 2.704e-07
1.865e+00, 5.000e-01, -4.250e-01, 1.127e+05, 0.000e+00, 6.527e-04, 0.000e+00, 2.047e+00, 9.984e+02, 2.802e-07
1.865e+00, 5.000e-01, -4.150e-01, 1.126e+05, 0.000e+00, 6.646e-04, 0.000e+00, 2.045e+00, 9.984e+02, 2.853e-07
1.865e+00, 5.000e-01, -4.050e-01, 1.125e+05, 0.000e+00, 6.668e-04, 0.000e+00, 2.043e+00, 9.984e+02, 2.863e-07
1.865e+00, 5.000e-01, -3.950e-01, 1.124e+05, 0.000e+00, 6.632e-04, 0.000e+00, 2.041e+00, 9.984e+02, 2.847e-07
1.865e+00, 5.000e-01, -3.850e-01, 1.123e+05, 0.000e+00, 6.561e-04, 0.000e+00, 2.039e+00, 9.984e+02, 2.817e-07
1.865e+00, 5.000e-01, -3.750e-01, 1.122e+05, 0.000e+00, 6.466e-04, 0.000e+00, 2.038e+00, 9.984e+02, 2.776e-07
1.865e+00, 5.000e-01, -3.650e-01, 1.121e+05, 0.000e+00, 6.354e-04, 0.000e+00, 2.036e+00, 9.984e+02, 2.728e-07
1.865e+00, 5.000e-01, -3.550e-01, 1.120e+05, 0.000e+00, 6.261e-04, 0.000e+00, 2.034e+00, 9.984e+02, 2.742e-07
1.865e+00, 5.000e-01, -3.450e-01, 1.119e+05, 0.000e+00, 6.235e-04, 0.000e+00, 2.033e+00, 9.984e+02, 2.801e-07
1.865e+00, 5.000e-01, -3.350e-01, 1.118e+05, 0.000e+00, 6.204e-04, 0.000e+00, 2.031e+00, 9.984e+02, 2.787e-07
1.865e+00, 5.000e-01, -3.250e-01, 1.117e+05, 0.000e+00, 6.165e-04, 0.000e+00, 2.029e+00, 9.984e+02, 2.770e-07
1.865e+00, 5.000e-01, -3.150e-01, 1.116e+05, 0.000e+00, 6.128e-04, 0.000e+00, 2.027e+00, 9.984e+02, 2.753e-07
1.865e+00, 5.000e-01, -3.050e-01, 1.115e+05, 0.000e+00, 6.101e-04, 0.000e+00, 2.025e+00, 9.984e+02, 2.741e-07
1.865e+00, 5.000e-01, -2.950e-01, 1.114e+05, 0.000e+00, 6.089e-04, 0.000e+00, 2.024e+00, 9.984e+02, 2.736e-07
1.865e+00, 5.000e-01, -2.850e-01, 1.113e+05, 0.000e+00, 6.099e-04, 0.000e+00, 2.022e+00, 9.984e+02, 2.740e-07
1.865e+00, 5.000e-01, -2.750e-01, 1.112e+05, 0.000e+00, 6.144e-04, 0.000e+00, 2.020e+00, 9.984e+02, 2.760e-07
1.865e+00, 5.000e-01, -2.650e-01, 1.112e+05, 0.000e+00, 6.258e-04, 0.000e+00, 2.020e+00, 9.984e+02, 2.756e-07
1.865e+00, 5.000e-01, -2.550e-01, 1.111e+05, 0.000e+00, 6.300e-04, 0.000e+00, 2.018e+00, 9.984e+02, 2.767e-07
1.865e+00, 5.000e-01, -2.450e-01, 1.110e+05, 0.000e+00, 6.273e-04, 0.000e+00, 2.016e+00, 9.984e+02, 2.756e-07
1.865e+00, 5.000e-01, -2.350e-01, 1.109e+05, 0.000e+00, 6.184e-04, 0.000e+00, 2.014e+00, 9.984e+02, 2.717e-07
1.865e+00, 5.000e-01, -2.250e-01, 1.108e+05, 0.000e+00, 6.021e-04, 0.000e+00, 2.012e+00, 9.984e+02, 2.645e-07
1.865e+00, 5.000e-01, -2.150e-01, 1.107e+05, 0.000e+00, 5.766e-04, 0.000e+00, 2.011e+00, 9.984e+02, 2.533e-07
1.865e+00, 5.000e-01, -2.050e-01, 1.106e+05, 0.000e+00, 5.425e-04, 0.000e+00, 2.009e+00, 9.984e+02, 2.383e-07
1.865e+00, 5.000e-01, -1.950e-01, 1.105e+05, 0.000e+00, 5.058e-04, 0.000e+00, 2.007e+00, 9.984e+02, 2.222e-07
1.865e+00, 5.000e-01, -1.850e-01, 1.106e+05, 0.000e+00, 4.781e-04, 0.000e+00, 2.009e+00, 9.983e+02, 2.057e-07
1.865e+00, 5.000e-01, -1.750e-01, 1.105e+05, 0.000e+00, 4.407e-04, 0.000e+00, 2.007e+00, 9.983e+02, 1.892e-07
1.865e+00, 5.000e-01, -1.650e-01, 1.104e+05, 0.000e+00, 4.007e-04, 0.000e+00, 2.005e+00, 9.983e+02, 1.720e-07
1.865e+00, 5.000e-01, -1.550e-01, 1.103e+05, 0.000e+00, 3.665e-04, 0.000e+00, 2.004e+00, 9.983e+02, 1.573e-07
1.865e+00, 5.000e-01, -1.450e-01, 1.102e+05, 0.000e+00, 3.387e-04, 0.000e+00, 2.002e+00, 9.983e+02, 1.454e-07
1.865e+00, 5.000e-01, -1.350e-01, 1.101e+05, 0.000e+00, 3.064e-04, 0.000e+00, 2.000e+00, 9.983e+02, 1.315e-07
1.865e+00, 5.000e-01, -1.250e-01, 1.100e+05, 0.000e+00, 2.548e-04, 0.000e+00, 1.998e+00, 9.983e+02, 1.094e-07
1.865e+00, 5.000e-01, -1.150e-01, 1.111e+05, 0.000e+00, 1.832e-04, 0.000e+00, 2.018e+00, 9.983e+02, 7.979e-08
1.865e+00, 5.000e-01, -1.050e-01, 1.110e+05, 0.000e+00, 1.151e-04, 0.000e+00, 2.017e+00, 9.983e+02, 5.055e-08
1.865e+00, 5.000e-01, -9.500e-02, 1.109e+05, 0.000e+00, 6.509e-05, 0.000e+00, 2.015e+00, 9.983e+02, 2.859e-08
1.865e+00, 5.000e-01, -8.500e-02, 1.108e+05, 0.000e+00, 3.408e-05, 0.000e+00, 2.013e+00, 9.983e+02, 1.497e-08
1.865e+00, 5.000e-01, -7.500e-02, 1.107e+05, 0.000e+00, 1.695e-05, 0.000e+00, 2.011e+00, 9.983e+02, 7.446e-09
1.865e+00, 5.000e-01, -6.500e-02, 1.106e+05, 0.000e+00, 8.149e-06, 0.000e+00, 2.009e+00, 9.983e+02, 3.579e-09
1.865e+00, 5.000e-01, -5.500e-02, 1.105e+05, 0.000e+00, 3.808e-06, 0.000e+00, 2.008e+00, 9.983e+02, 1.672e-09
1.865e+00, 5.000e-01, -4.500e-02, 1.104e+05, 0.000e+00, 1.727e-06, 0.000e+00, 2.006e+00, 9.983e+02, 7.584e-10
1.865e+00, 5.000e-01, -3.500e-02, 1.103e+05, 0.000e+00, 7.566e-07, 0.000e+00, 2.004e+00, 9.983e+02, 3.323e-10
1.865e+00, 5.000e-01, -2.500e-02, 1.102e+05, 0.000e+00, 3.194e-07, 0.000e+00, 2.002e+00, 9.983e+02, 1.403e-10
1.865e+00, 5.000e-01, -1.500e-02, 1.101e+05, 0.000e+00, 1.302e-07, 0.000e+00, 2.000e+00, 9.983e+02, 5.721e-11
1.865e+00, 5.000e-01, -5.000e-03, 1.100e+05, 0.000e+00, 5.211e-08, 0.000e+00, 1.999e+00, 9.983e+02, 2.289e-11
1.875e+00, 5.000e-01, -1.195e+00, 1.202e+05, 0.000e+00, 1.002e-13, 0.000e+00, 2.184e+00, 9.983e+02, 2.000e-17
1.875e+00, 5.000e-01, -1.185e+00, 1.201e+05, 0.000e+00, 1.002e-13, 0.000e+00, 2.182e+00, 9.983e+02, 2.000e-17
1.875e+00, 5.000e-01, -1.175e+00, 1.200e+05, 0.000e+00, 1.002e-13, 0.000e+00, 2.181e+00, 9.983e+02, 2.000e-17
1.875e+00, 5.000e-01, -1.165e+00, 1.199e+05, 0.000e+00, 1.002e-13, 0.000e+00, 2.179e+00, 9.983e+02, 2.000e-17
1.875e+00, 5.000e-01, -1.155e+00, 1.198e+05, 0.000e+00, 1.002e-13, 0.000e+00, 2.177e+00, 9.983e+02, 2.000e-17
1.875e+00, 5.000e-01, -1.145e+00, 1.197e+05, 0.000e+00, 1.002e-13, 0.000e+00, 2.175e+00, 9.983e+02, 2.000e-17
1.875e+00, 5.000e-01, -1.135e+00, 1.196e+05, 0.000e+00, 1.002e-13, 0.000e+00, 2.173e+00, 9.983e+02, 2.000e-17
1.875e+00, 5.000e-01, -1.125e+00, 1.195e+05, 0.000e+00, 1.002e-13, 0.000e+00, 2.172e+00, 9.983e+02, 2.000e-17
1.875e+00, 5.000e-01, -1.115e+00, 1.194e+05, 0.000e+00, 1.002e-13, 0.000e+00, 2.170e+00, 9.983e+02, 2.000e-17
1.875e+00, 5.000e-01, -1.105e+00, 1.193e+05, 0.000e+00, 1.002e-13, 0.000e+00, 2.168e+00, 9.983e+02, 2.000e-17
1.875e+00, 5.000e-01, -1.095e+00, 1.192e+05, 0.000e+00, 1.002e-13, 0.000e+00, 2.166e+00, 9.983e+02, 2.000e-17
1.875e+00, 5.000e-01, -1.085e+00, 1.191e+05, 0.000e+00, 1.612e-09, 0.000e+00, 2.165e+00, 9.983e+02, 5.367e-13
1.875e+00, 5.000e-01, -1.075e+00, 1.190e+05, 0.000e+00, 4.224e-04, 0.000e+00, 2.163e+00, 9.983e+02, 1.407e-07
1.875e+00, 5.000e-01, -1.065e+00, 1.189e+05, 0.000e+00, 4.831e-04, 0.000e+00, 2.161e+00, 9.984e+02, 2.074e-07
1.875e+00, 5.000e-01, -1.055e+00, 1.188e+05, 0.000e+00, 4.964e-04, 0.000e+00, 2.159e+00, 9.984e+02, 2.131e-07
1.875e+00, 5.000e-01, -1.045e+00, 1.187e+05, 0.000e+00, 4.923e-04, 0.000e+00, 2.158e+00, 9.984e+02, 2.113e-07
1.875e+00, 5.000e-01, -1.035e+00, 1.186e+05, 0.000e+00, 4.823e-04, 0.000e+00, 2.156e+00, 9.984e+02, 2.071e-07
1.875e+00, 5.000e-01, -1.025e+00, 1.185e+05, 0.000e+00, 4.705e-04, 0.000e+00, 2.154e+00, 9.983e+02, 2.020e-07
1.875e+00, 5.000e-01, -1.015e+00, 1.185e+05, 0.000e+00, 4.584e-04, 0.000e+00, 2.152e+00, 9.983e+02, 1.968e-07
1.875e+00, 5.000e-01, -1.005e+00, 1.184e+05, 0.000e+00, 4.465e-04, 0.000e+00, 2.150e+00, 9.983e+02, 1.917e-07
1.875e+00, 5.000e-01, -9.950e-01, 1.183e+05, 0.000e+00, 4.351e-04, 0.000e+00, 2.149e+00, 9.983e+02, 1.868e-07
1.875e+00, 5.000e-01, -9.850e-01, 1.182e+05, 0.000e+00, 4.242e-04, 0.000e+00, 2.147e+00, 9.983e+02, 1.821e-07
1.875e+00, 5.000e-01, -9.750e-01, 1.181e+05, 0.000e+00, 4.142e-04, 0.000e+00, 2.145e+00, 9.983e+02, 1.778e-07
1.875e+00, 5.000e-01, -9.650e-01, 1.180e+05, 0.000e+00, 4.051e-04, 0.000e+00, 2.143e+00, 9.983e+02, 1.739e-07
1.875e+00, 5.000e-01, -9.550e-01, 1.179e+05, 0.000e+00, 3.973e-04, 0.000e+00, 2.141e+00, 9.983e+02, 1.705e-07
1.875e+00, 5.000e-01, -9.450e-01, 1.178e+05, 0.000e+00, 3.908e-04, 0.000e+00, 2.140e+00, 9.983e+02, 1.678e-07
1.875e+00, 5.000e-01, -9.350e-01, 1.177e+05, 0.000e+00, 3.860e-04, 0.000e+00, 2.138e+00, 9.983e+02, 1.657e-07
1.875e+00, 5.000e-01, -9.250e-01, 1.176e+05, 0.000e+00, 3.828e-04, 0.000e+00, 2.136e+00, 9.983e+02, 1.643e-07
1.875e+00, 5.000e-01, -9.150e-01, 1.175e+05, 0.000e+00, 3.811e-04, 0.000e+00, 2.134e+00, 9.983e+02, 1.636e-07
1.875e+00, 5.000e-01, -9.050e-01, 1.174e+05, 0.000e+00, 3.806e-04, 0.000e+00, 2.132e+00, 9.983e+02, 1.634e-07
1.875e+00, 5.000e-01, -8.950e-01, 1.173e+05, 0.000e+00, 3.808e-04, 0.000e+00, 2.131e+00, 9.983e+02, 1.635e-07
1.875e+00, 5.000e-01, -8.850e-01, 1.172e+05, 0.000e+00, 3.810e-04, 0.000e+00, 2.129e+00, 9.983e+02, 1.636e-07
1.875e+00, 5.000e-01, -8.750e-01, 1.171e+05, 0.000e+00, 3.809e-04, 0.000e+00, 2.127e+00, 9.983e+02, 1.635e-07
1.875e+00, 5.000e-01, -8.650e-01, 1.170e+05, 0.000e+00, 3.801e-04, 0.000e+00, 2.125e+00, 9.983e+02, 1.632e-07
1.875e+00, 5.000e-01, -8.550e-01, 1.169e+05, 0.000e+00, 3.786e-04, 0.000e+00, 2.124e+00, 9.983e+02, 1.625e-07
1.875e+00, 5.000e-01, -8.450e-01, 1.168e+05, 0.000e+00, 3.766e-04, 0.000e+00, 2.122e+00, 9.983e+02, 1.617e-07
1.875e+00, 5.000e-01, -8.350e-01, 1.167e+05, 0.000e+00, 3.749e-04, 0.000e+00, 2.120e+00, 9.983e+02, 1.609e-07
1.875e+00, 5.000e-01, -8.250e-01, 1.166e+05, 0.000e+00, 3.734e-04, 0.000e+00, 2.118e+00, 9.983e+02, 1.603e-07
1.875e+00, 5.000e-01, -8.150e-01, 1.165e+05, 0.000e+00, 3.721e-04, 0.000e+00, 2.116e+00, 9.983e+02, 1.597e-07
1.875e+00, 5.000e-01, -8.050e-01, 1.164e+05, 0.000e+00, 3.708e-04, 0.000e+00, 2.115e+00, 9.983e+02, 1.592e-07
1.875e+00, 5.000e-01, -7.950e-01, 1.163e+05, 0.000e+00, 3.694e-04, 0.000e+00, 2.113e+00, 9.983e+02, 1.586e-07
1.875e+00, 5.000e-01, -7.850e-01, 1.162e+05, 0.000e+00, 3.677e-04, 0.000e+00, 2.111e+00, 9.983e+02, 1.579e-07
1.875e+00, 5.000e-01, -7.750e-01, 1.161e+05, 0.000e+00, 3.721e-04, 0.000e+00, 2.109e+00, 9.983e+02, 1.597e-07
1.875e+00, 5.000e-01, -7.650e-01, 1.160e+05, 0.000e+00, 4.636e-04, 0.000e+00, 2.107e+00, 9.983e+02, 1.990e-07
1.875e+00, 5.000e-01, -7.550e-01, 1.159e+05, 0.000e+00, 5.903e-04, 0.000e+00, 2.106e+00, 9.984e+02, 2.534e-07
1.875e+00, 5.000e-01, -7.450e-01, 1.158e+05, 0.000e+00, 5.718e-04, 0.000e+00, 2.104e+00, 9.984e+02, 2.455e-07
1.875e+00, 5.000e-01, -7.350e-01, 1.157e+05, 6.748e-07, 5.544e-04, 0.000e+00, 2.102e+00, 9.984e+02, 2.380e-07
1.875e+00, 5.000e-01, -7.250e-01, 1.156e+05, 4.717e-01, 1.895e-03, 0.000e+00, 2.100e+00, 9.986e+02, 8.558e-07
1.875e+00, 5.000e-01, -7.150e-01, 1.156e+05, 8.683e-01, 1.895e-03, 0.000e+00, 2.100e+00, 9.986e+02, 8.914e-07
1.875e+00, 5.000e-01, -7.050e-01, 1.156e+05, 8.724e-01, 1.895e-03, 0.000e+00, 2.100e+00, 9.986e+02, 8.917e-07
1.875e+00, 5.000e-01, -6.950e-01, 1.156e+05, 8.738e-01, 1.895e-03, 0.000e+00, 2.100e+00, 9.986e+02, 8.918e-07
1.875e+00, 5.000e-01, -6.850e-01, 1.156e+05, 8.753e-01, 1.895e-03, 0.000e+00, 2.100e+00, 9.986e+02, 8.988e-07
1.875e+00, 5.000e-01, -6.750e-01, 1.166e+05, 0.000e+00, 3.766e-04, 0.000e+00, 2.119e+00, 9.983e+02, 1.654e-07
1.875e+00, 5.000e-01, -6.650e-01, 1.165e+05, 0.000e+00, 2.357e-04, 0.000e+00, 2.117e+00, 9.983e+02, 1.035e-07
1.875e+00, 5.000e-01, -6.550e-01, 1.164e+05, 0.000e+00, 1.380e-04, 0.000e+00, 2.115e+00, 9.983e+02, 6.063e-08
1.875e+00, 5.000e-01, -6.450e-01, 1.163e+05, 0.000e+00, 7.687e-05, 0.000e+00, 2.113e+00, 9.983e+02, 3.376e-08
1.875e+00, 5.000e-01, -6.350e-01, 1.162e+05, 0.000e+00, 4.455e-05, 0.000e+00, 2.111e+00, 9.983e+02, 1.957e-08
1.875e+00, 5.000e-01, -6.250e-01, 1.161e+05, 0.000e+00, 3.577e-05, 0.000e+00, 2.110e+00, 9.983e+02, 1.571e-08
1.875e+00, 5.000e-01, -6.150e-01, 1.160e+05, 0.000e+00, 4.994e-05, 0.000e+00, 2.108e+00, 9.983e+02, 2.193e-08
1.875e+00, 5.000e-01, -6.050e-01, 1.159e+05, 0.000e+00, 9.162e-05, 0.000e+00, 2.106e+00, 9.983e+02, 4.025e-08
1.875e+00, 5.000e-01, -5.950e-01, 1.158e+05, 0.000e+00, 1.678e-04, 0.000e+00, 2.104e+00, 9.983e+02, 7.368e-08
1.875e+00, 5.000e-01, -5.850e-01, 1.157e+05, 0.000e+00, 2.808e-04, 0.000e+00, 2.102e+00, 9.983e+02, 1.233e-07
1.875e+00, 5.000e-01, -5.750e-01, 1.156e+05, 0.000e+00, 4.197e-04, 0.000e+00, 2.101e+00, 9.983e+02, 1.843e-07
1.875e+00, 5.000e-01, -5.650e-01, 1.155e+05, 0.000e+00, 5.563e-04, 0.000e+00, 2.099e+00, 9.984e+02, 2.444e-07
1.875e+00, 5.000e-01, -5.550e-01, 1.140e+05, 0.000e+00, 6.685e-04, 0.000e+00, 2.070e+00, 9.984e+02, 2.999e-07
1.875e+00, 5.000e-01, -5.450e-01, 1.139e+05, 0.000e+00, 7.257e-04, 0.000e+00, 2.068e+00, 9.984e+02, 3.260e-07
1.875e+00, 5.000e-01, -5.350e-01, 1.138e+05, 0.000e+00, 7.539e-04, 0.000e+00, 2.067e+00, 9.984e+02, 3.387e-07
1.875e+00, 5.000e-01, -5.250e-01, 1.137e+05, 0.000e+00, 7.653e-04, 0.000e+00, 2.065e+00, 9.984e+02, 3.438e-07
1.875e+00, 5.000e-01, -5.150e-01, 1.136e+05, 0.000e+00, 7.664e-04, 0.000e+00, 2.063e+00, 9.984e+02, 3.443e-07
1.875e+00, 5.000e-01, -5.050e-01, 1.135e+05, 0.000e+00, 7.615e-04, 0.000e+00, 2.061e+00, 9.984e+02, 3.421e-07
1.875e+00, 5.000e-01, -4.950e-01, 1.134e+05, 0.000e+00, 7.549e-04, 0.000e+00, 2.059e+00, 9.984e+02, 3.391e-07
1.875e+00, 5.000e-01, -4.850e-01, 1.133e+05, 0.000e+00, 7.423e-04, 0.000e+00, 2.057e+00, 9.984e+02, 3.189e-07
1.875e+00, 5.000e-01, -4.750e-01, 1.132e+05, 0.000e+00, 7.082e-04, 0.000e+00, 2.056e+00, 9.984e+02, 3.040e-07
1.875e+00, 5.000e-01, -4.650e-01, 1.131e+05, 0.000e+00, 6.640e-04, 0.000e+00, 2.054e+00, 9.984e+02, 2.851e-07
1.875e+00, 5.000e-01, -4.550e-01, 1.130e+05, 0.000e+00, 6.234e-04, 0.000e+00, 2.052e+00, 9.984e+02, 2.676e-07
1.875e+00, 5.000e-01, -4.450e-01, 1.129e+05, 0.000e+00, 6.034e-04, 0.000e+00, 2.050e+00, 9.984e+02, 2.590e-07
1.875e+00, 5.000e-01, -4.350e-01, 1.128e+05, 0.000e+00, 6.108e-04, 0.000e+00, 2.048e+00, 9.984e+02, 2.622e-07
1.875e+00, 5.000e-01, -4.250e-01, 1.127e+05, 0.000e+00, 6.295e-04, 0.000e+00, 2.047e+00, 9.984e+02, 2.703e-07
1.875e+00, 5.000e-01, -4.150e-01, 1.126e+05, 0.000e+00, 6.424e-04, 0.000e+00, 2.045e+00, 9.984e+02, 2.758e-07
1.875e+00, 5.000e-01, -4.050e-01, 1.125e+05, 0.000e+00, 6.460e-04, 0.000e+00, 2.043e+00, 9.984e+02, 2.773e-07
1.875e+00, 5.000e-01, -3.950e-01, 1.124e+05, 0.000e+00, 6.423e-04, 0.000e+00, 2.041e+00, 9.984e+02, 2.757e-07
1.875e+00, 5.000e-01, -3.850e-01, 1.123e+05, 0.000e+00, 6.330e-04, 0.000e+00, 2.039e+00, 9.984e+02, 2.717e-07
1.875e+00, 5.000e-01, -3.750e-01, 1.122e+05, 0.000e+00, 6.184e-04, 0.000e+00, 2.038e+00, 9.984e+02, 2.655e-07
1.875e+00, 5.000e-01, -3.650e-01, 1.121e+05, 0.000e+00, 5.984e-04, 0.000e+00, 2.036e+00, 9.984e+02, 2.569e-07
1.875e+00, 5.000e-01, -3.550e-01, 1.120e+05, 0.000e+00, 5.853e-04, 0.000e+00, 2.034e+00, 9.984e+02, 2.559e-07
1.875e+00, 5.000e-01, -3.450e-01, 1.119e+05, 0.000e+00, 5.802e-04, 0.000e+00, 2.033e+00, 9.984e+02, 2.607e-07
1.875e+00, 5.000e-01, -3.350e-01, 1.118e+05, 0.000e+00, 5.764e-04, 0.000e+00, 2.031e+00, 9.984e+02, 2.589e-07
1.875e+00, 5.000e-01, -3.250e-01, 1.117e+05, 0.000e+00, 5.720e-04, 0.000e+00, 2.029e+00, 9.984e+02, 2.570e-07
1.875e+00, 5.000e-01, -3.150e-01, 1.116e+05, 0.000e+00, 5.675e-04, 0.000e+00, 2.027e+00, 9.984e+02, 2.549e-07
1.875e+00, 5.000e-01, -3.050e-01, 1.115e+05, 0.000e+00, 5.631e-04, 0.000e+00, 2.025e+00, 9.984e+02, 2.530e-07
1.875e+00, 5.000e-01, -2.950e-01, 1.114e+05, 0.000e+00, 5.594e-04, 0.000e+00, 2.024e+00, 9.984e+02, 2.513e-07
1.875e+00, 5.000e-01, -2.850e-01, 1.113e+05, 0.000e+00, 5.573e-04, 0.000e+00, 2.022e+00, 9.984e+02, 2.504e-07
1.875e+00, 5.000e-01, -2.750e-01, 1.112e+05, 0.000e+00, 5.588e-04, 0.000e+00, 2.020e+00, 9.984e+02, 2.511e-07
1.875e+00, 5.000e-01, -2.650e-01, 1.112e+05, 0.000e+00, 5.699e-04, 0.000e+00, 2.020e+00, 9.984e+02, 2.510e-07
1.875e+00, 5.000e-01, -2.550e-01, 1.111e+05, 0.000e+00, 5.752e-04, 0.000e+00, 2.018e+00, 9.984e+02, 2.527e-07
1.875e+00, 5.000e-01, -2.450e-01, 1.110e+05, 0.000e+00, 5.731e-04, 0.000e+00, 2.016e+00, 9.984e+02, 2.517e-07
1.875e+00, 5.000e-01, -2.350e-01, 1.109e+05, 0.000e+00, 5.639e-04, 0.000e+00, 2.014e+00, 9.984e+02, 2.477e-07
1.875e+00, 5.000e-01, -2.250e-01, 1.108e+05, 0.000e+00, 5.472e-04, 0.000e+00, 2.012e+00, 9.984e+02, 2.404e-07
1.875e+00, 5.000e-01, -2.150e-01, 1.107e+05, 0.000e+00, 5.223e-04, 0.000e+00, 2.011e+00, 9.984e+02, 2.294e-07
1.875e+00, 5.000e-01, -2.050e-01, 1.106e+05, 0.000e+00, 4.899e-04, 0.000e+00, 2.009e+00, 9.983e+02, 2.152e-07
1.875e+00, 5.000e-01, -1.950e-01, 1.105e+05, 0.000e+00, 4.546e-04, 0.000e+00, 2.007e+00, 9.983e+02, 1.997e-07
1.875e+00, 5.000e-01, -1.850e-01, 1.106e+05, 0.000e+00, 4.274e-04, 0.000e+00, 2.009e+00, 9.983e+02, 1.843e-07
1.875e+00, 5.000e-01, -1.750e-01, 1.105e+05, 0.000e+00, 3.936e-04, 0.000e+00, 2.007e+00, 9.983e+02, 1.690e-07
1.875e+00, 5.000e-01, -1.650e-01, 1.104e+05, 0.000e+00, 3.579e-04, 0.000e+00, 2.005e+00, 9.983e+02, 1.537e-07
1.875e+00, 5.000e-01, -1.550e-01, 1.103e+05, 0.000e+00, 3.305e-04, 0.000e+00, 2.004e+00, 9.983e+02, 1.419e-07
1.875e+00, 5.000e-01, -1.450e-01, 1.102e+05, 0.000e+00, 3.146e-04, 0.000e+00, 2.002e+00, 9.983e+02, 1.350e-07
1.875e+00, 5.000e-01, -1.350e-01, 1.101e+05, 0.000e+00, 2.977e-04, 0.000e+00, 2.000e+00, 9.983e+02, 1.278e-07
1.875e+00, 5.000e-01, -1.250e-01, 1.100e+05, 0.000e+00, 2.582e-04, 0.000e+00, 1.998e+00, 9.983e+02, 1.109e-07
1.875e+00, 5.000e-01, -1.150e-01, 1.111e+05, 0.000e+00, 1.938e-04, 0.000e+00, 2.018e+00, 9.983e+02, 8.424e-08
1.875e+00, 5.000e-01, -1.050e-01, 1.110e+05, 0.000e+00, 1.254e-04, 0.000e+00, 2.017e+00, 9.983e+02, 5.508e-08
1.875e+00, 5.000e-01, -9.500e-02, 1.109e+05, 0.000e+00, 7.213e-05, 0.000e+00, 2.015e+00, 9.983e+02, 3.168e-08
1.875e+00, 5.000e-01, -8.500e-02, 1.108e+05, 0.000e+00, 3.795e-05, 0.000e+00, 2.013e+00, 9.983e+02, 1.667e-08
1.875e+00, 5.000e-01, -7.500e-02, 1.107e+05, 0.000e+00, 1.880e-05, 0.000e+00, 2.011e+00, 9.983e+02, 8.258e-09
1.875e+00, 5.000e-01, -6.500e-02, 1.106e+05, 0.000e+00, 8.958e-06, 0.000e+00, 2.009e+00, 9.983e+02, 3.935e-09
1.875e+00, 5.000e-01, -5.500e-02, 1.105e+05, 0.000e+00, 4.145e-06, 0.000e+00, 2.008e+00, 9.983e+02, 1.821e-09
1.875e+00, 5.000e-01, -4.500e-02, 1.104e+05, 0.000e+00, 1.864e-06, 0.000e+00, 2.006e+00, 9.983e+02, 8.188e-10
1.875e+00, 5.000e-01, -3.500e-02, 1.103e+05, 0.000e+00, 8.117e-07, 0.000e+00, 2.004e+00, 9.983e+02, 3.565e-10
1.875e+00, 5.000e-01, -2.500e-02, 1.102e+05, 0.000e+00, 3.412e-07, 0.000e+00, 2.002e+00, 9.983e+02, 1.499e-10
1.875e+00, 5.000e-01, -1.500e-02, 1.101e+05, 0.000e+00, 1.387e-07, 0.000e+00, 2.000e+00, 9.983e+02, 6.093e-11
1.875e+00, 5.000e-01, -5.000e-03, 1.100e+05, 0.000e+00, 5.537e-08, 0.000e+00, 1.999e+00, 9.983e+02, 2.432e-11
1.885e+00, 5.000e-01, -1.195e+00, 1.202e+05, 0.000e+00, 1.002e-13, 0.000e+00, 2.184e+00, 9.983e+02, 2.000e-17
1.885e+00, 5.000e-01, -1.185e+00, 1.201e+05, 0.000e+00, 1.002e-13, 0.000e+00, 2.182e+00, 9.983e+02, 2.000e-17
1.885e+00, 5.000e-01, -1.175e+00, 1.200e+05, 0.000e+00, 1.002e-13, 0.000e+00, 2.181e+00, 9.983e+02, 2.000e-17
1.885e+00, 5.000e-01, -1.165e+00, 1.199e+05, 0.000e+00, 1.002e-13, 0.000e+00, 2.179e+00, 9.983e+02, 2.000e-17
1.885e+00, 5.000e-01, -1.155e+00, 1.198e+05, 0.000e+00, 1.002e-13, 0.000e+00, 2.177e+00, 9.983e+02, 2.000e-17
1.885e+00, 5.000e-01, -1.145e+00, 1.197e+05, 0.000e+00, 1.002e-13, 0.000e+00, 2.175e+00, 9.983e+02, 2.000e-17
1.885e+00, 5.000e-01, -1.135e+00, 1.196e+05, 0.000e+00, 1.002e-13, 0.000e+00, 2.173e+00, 9.983e+02, 2.000e-17
1.885e+00, 5.000e-01, -1.125e+00, 1.195e+05, 0.000e+00, 1.002e-13, 0.000e+00, 2.172e+00, 9.983e+02, 2.000e-17
1.885e+00, 5.000e-01, -1.115e+00, 1.194e+05, 0.000e+00, 1.002e-13, 0.000e+00, 2.170e+00, 9.983e+02, 2.000e-17
1.885e+00, 5.000e-01, -1.105e+00, 1.193e+05, 0.000e+00, 1.002e-13, 0.000e+00, 2.168e+00, 9.983e+02, 2.000e-17
1.885e+00, 5.000e-01, -1.095e+00, 1.192e+05, 0.000e+00, 1.002e-13, 0.000e+00, 2.166e+00, 9.983e+02, 2.000e-17
1.885e+00, 5.000e-01, -1.085e+00, 1.191e+05, 0.000e+00, 1.186e-09, 0.000e+00, 2.165e+00, 9.983e+02, 3.783e-13
1.885e+00, 5.000e-01, -1.075e+00, 1.190e+05, 0.000e+00, 4.144e-04, 0.000e+00, 2.163e+00, 9.983e+02, 1.322e-07
1.885e+00, 5.000e-01, -1.065e+00, 1.189e+05, 0.000e+00, 4.681e-04, 0.000e+00, 2.161e+00, 9.983e+02, 2.009e-07
1.885e+00, 5.000e-01, -1.055e+00, 1.188e+05, 0.000e+00, 4.705e-04, 0.000e+00, 2.159e+00, 9.983e+02, 2.020e-07
1.885e+00, 5.000e-01, -1.045e+00, 1.187e+05, 0.000e+00, 4.682e-04, 0.000e+00, 2.158e+00, 9.983e+02, 2.010e-07
1.885e+00, 5.000e-01, -1.035e+00, 1.186e+05, 0.000e+00, 4.631e-04, 0.000e+00, 2.156e+00, 9.983e+02, 1.988e-07
1.885e+00, 5.000e-01, -1.025e+00, 1.185e+05, 0.000e+00, 4.565e-04, 0.000e+00, 2.154e+00, 9.983e+02, 1.960e-07
1.885e+00, 5.000e-01, -1.015e+00, 1.185e+05, 0.000e+00, 4.489e-04, 0.000e+00, 2.152e+00, 9.983e+02, 1.927e-07
1.885e+00, 5.000e-01, -1.005e+00, 1.184e+05, 0.000e+00, 4.408e-04, 0.000e+00, 2.150e+00, 9.983e+02, 1.892e-07
1.885e+00, 5.000e-01, -9.950e-01, 1.183e+05, 0.000e+00, 4.322e-04, 0.000e+00, 2.149e+00, 9.983e+02, 1.855e-07
1.885e+00, 5.000e-01, -9.850e-01, 1.182e+05, 0.000e+00, 4.233e-04, 0.000e+00, 2.147e+00, 9.983e+02, 1.817e-07
1.885e+00, 5.000e-01, -9.750e-01, 1.181e+05, 0.000e+00, 4.141e-04, 0.000e+00, 2.145e+00, 9.983e+02, 1.778e-07
1.885e+00, 5.000e-01, -9.650e-01, 1.180e+05, 0.000e+00, 4.052e-04, 0.000e+00, 2.143e+00, 9.983e+02, 1.739e-07
1.885e+00, 5.000e-01, -9.550e-01, 1.179e+05, 0.000e+00, 3.970e-04, 0.000e+00, 2.141e+00, 9.983e+02, 1.704e-07
1.885e+00, 5.000e-01, -9.450e-01, 1.178e+05, 0.000e+00, 3.899e-04, 0.000e+00, 2.140e+00, 9.983e+02, 1.674e-07
1.885e+00, 5.000e-01, -9.350e-01, 1.177e+05, 0.000e+00, 3.841e-04, 0.000e+00, 2.138e+00, 9.983e+02, 1.649e-07
1.885e+00, 5.000e-01, -9.250e-01, 1.176e+05, 0.000e+00, 3.797e-04, 0.000e+00, 2.136e+00, 9.983e+02, 1.630e-07
1.885e+00, 5.000e-01, -9.150e-01, 1.175e+05, 0.000e+00, 3.766e-04, 0.000e+00, 2.134e+00, 9.983e+02, 1.617e-07
1.885e+00, 5.000e-01, -9.050e-01, 1.174e+05, 0.000e+00, 3.747e-04, 0.000e+00, 2.132e+00, 9.983e+02, 1.608e-07
1.885e+00, 5.000e-01, -8.950e-01, 1.173e+05, 0.000e+00, 3.737e-04, 0.000e+00, 2.131e+00, 9.983e+02, 1.604e-07
1.885e+00, 5.000e-01, -8.850e-01, 1.172e+05, 0.000e+00, 3.732e-04, 0.000e+00, 2.129e+00, 9.983e+02, 1.602e-07
1.885e+00, 5.000e-01, -8.750e-01, 1.171e+05, 0.000e+00, 3.732e-04, 0.000e+00, 2.127e+00, 9.983e+02, 1.602e-07
1.885e+00, 5.000e-01, -8.650e-01, 1.170e+05, 0.000e+00, 3.732e-04, 0.000e+00, 2.125e+00, 9.983e+02, 1.602e-07
1.885e+00, 5.000e-01, -8.550e-01, 1.169e+05, 0.000e+00, 3.734e-04, 0.000e+00, 2.124e+00, 9.983e+02, 1.603e-07
1.885e+00, 5.000e-01, -8.450e-01, 1.168e+05, 0.000e+00, 3.736e-04, 0.000e+00, 2.122e+00, 9.983e+02, 1.604e-07
1.885e+00, 5.000e-01, -8.350e-01, 1.167e+05, 0.000e+00, 3.740e-04, 0.000e+00, 2.120e+00, 9.983e+02, 1.606e-07
1.885e+00, 5.000e-01, -8.250e-01, 1.166e+05, 0.000e+00, 3.745e-04, 0.000e+00, 2.118e+00, 9.983e+02, 1.607e-07
1.885e+00, 5.000e-01, -8.150e-01, 1.165e+05, 0.000e+00, 3.749e-04, 0.000e+00, 2.116e+00, 9.983e+02, 1.609e-07
1.885e+00, 5.000e-01, -8.050e-01, 1.164e+05, 0.000e+00, 3.751e-04, 0.000e+00, 2.115e+00, 9.983e+02, 1.610e-07
1.885e+00, 5.000e-01, -7.950e-01, 1.163e+05, 0.000e+00, 3.750e-04, 0.000e+00, 2.113e+00, 9.983e+02, 1.610e-07
1.885e+00, 5.000e-01, -7.850e-01, 1.162e+05, 0.000e+00, 3.745e-04, 0.000e+00, 2.111e+00, 9.983e+02, 1.608e-07
1.885e+00, 5.000e-01, -7.750e-01, 1.161e+05, 0.000e+00, 3.747e-04, 0.000e+00, 2.109e+00, 9.983e+02, 1.609e-07
1.885e+00, 5.000e-01, -7.650e-01, 1.160e+05, 0.000e+00, 4.005e-04, 0.000e+00, 2.107e+00, 9.983e+02, 1.719e-07
1.885e+00, 5.000e-01, -7.550e-01, 1.159e+05, 0.000e+00, 6.048e-04, 0.000e+00, 2.106e+00, 9.984e+02, 2.596e-07
1.885e+00, 5.000e-01, -7.450e-01, 1.158e+05, 0.000e+00, 6.727e-04, 0.000e+00, 2.104e+00, 9.984e+02, 2.888e-07
1.885e+00, 5.000e-01, -7.350e-01, 1.157e+05, 6.749e-07, 6.839e-04, 0.000e+00, 2.102e+00, 9.984e+02, 2.936e-07
1.885e+00, 5.000e-01, -7.250e-01, 1.156e+05, 4.718e-01, 1.895e-03, 0.000e+00, 2.100e+00, 9.986e+02, 8.558e-07
1.885e+00, 5.000e-01, -7.150e-01, 1.156e+05, 8.683e-01, 1.895e-03, 0.000e+00, 2.100e+00, 9.986e+02, 8.914e-07
1.885e+00, 5.000e-01, -7.050e-01, 1.156e+05, 8.724e-01, 1.895e-03, 0.000e+00, 2.100e+00, 9.986e+02, 8.917e-07
1.885e+00, 5.000e-01, -6.950e-01, 1.156e+05, 8.738e-01, 1.895e-03, 0.000e+00, 2.100e+00, 9.986e+02, 8.918e-07
1.885e+00, 5.000e-01, -6.850e-01, 1.156e+05, 8.753e-01, 1.895e-03, 0.000e+00, 2.100e+00, 9.986e+02, 8.988e-07
1.885e+00, 5.000e-01, -6.750e-01, 1.166e+05, 0.000e+00, 3.762e-04, 0.000e+00, 2.119e+00, 9.983e+02, 1.653e-07
1.885e+00, 5.000e-01, -6.650e-01, 1.165e+05, 0.000e+00, 2.353e-04, 0.000e+00, 2.117e+00, 9.983e+02, 1.033e-07
1.885e+00, 5.000e-01, -6.550e-01, 1.164e+05, 0.000e+00, 1.376e-04, 0.000e+00, 2.115e+00, 9.983e+02, 6.044e-08
1.885e+00, 5.000e-01, -6.450e-01, 1.163e+05, 0.000e+00, 7.646e-05, 0.000e+00, 2.113e+00, 9.983e+02, 3.358e-08
1.885e+00, 5.000e-01, -6.350e-01, 1.162e+05, 0.000e+00, 4.410e-05, 0.000e+00, 2.111e+00, 9.983e+02, 1.937e-08
1.885e+00, 5.000e-01, -6.250e-01, 1.161e+05, 0.000e+00, 3.512e-05, 0.000e+00, 2.110e+00, 9.983e+02, 1.543e-08
1.885e+00, 5.000e-01, -6.150e-01, 1.160e+05, 0.000e+00, 4.888e-05, 0.000e+00, 2.108e+00, 9.983e+02, 2.147e-08
1.885e+00, 5.000e-01, -6.050e-01, 1.159e+05, 0.000e+00, 8.994e-05, 0.000e+00, 2.106e+00, 9.983e+02, 3.951e-08
1.885e+00, 5.000e-01, -5.950e-01, 1.158e+05, 0.000e+00, 1.653e-04, 0.000e+00, 2.104e+00, 9.983e+02, 7.260e-08
1.885e+00, 5.000e-01, -5.850e-01, 1.157e+05, 0.000e+00, 2.775e-04, 0.000e+00, 2.102e+00, 9.983e+02, 1.219e-07
1.885e+00, 5.000e-01, -5.750e-01, 1.156e+05, 0.000e+00, 4.160e-04, 0.000e+00, 2.101e+00, 9.983e+02, 1.828e-07
1.885e+00, 5.000e-01, -5.650e-01, 1.155e+05, 0.000e+00, 5.558e-04, 0.000e+00, 2.099e+00, 9.984e+02, 2.441e-07
1.885e+00, 5.000e-01, -5.550e-01, 1.140e+05, 0.000e+00, 6.876e-04, 0.000e+00, 2.070e+00, 9.984e+02, 3.086e-07
1.885e+00, 5.000e-01, -5.450e-01, 1.139e+05, 0.000e+00, 7.553e-04, 0.000e+00, 2.068e+00, 9.984e+02, 3.393e-07
1.885e+00, 5.000e-01, -5.350e-01, 1.138e+05, 0.000e+00, 7.858e-04, 0.000e+00, 2.067e+00, 9.984e+02, 3.530e-07
1.885e+00, 5.000e-01, -5.250e-01, 1.137e+05, 0.000e+00, 7.956e-04, 0.000e+00, 2.065e+00, 9.984e+02, 3.574e-07
1.885e+00, 5.000e-01, -5.150e-01, 1.136e+05, 0.000e+00, 7.946e-04, 0.000e+00, 2.063e+00, 9.984e+02, 3.570e-07
1.885e+00, 5.000e-01, -5.050e-01, 1.135e+05, 0.000e+00, 7.877e-04, 0.000e+00, 2.061e+00, 9.984e+02, 3.539e-07
1.885e+00, 5.000e-01, -4.950e-01, 1.134e+05, 0.000e+00, 7.759e-04, 0.000e+00, 2.059e+00, 9.984e+02, 3.486e-07
1.885e+00, 5.000e-01, -4.850e-01, 1.133e+05, 0.000e+00, 7.546e-04, 0.000e+00, 2.057e+00, 9.984e+02, 3.251e-07
1.885e+00, 5.000e-01, -4.750e-01, 1.132e+05, 0.000e+00, 7.194e-04, 0.000e+00, 2.056e+00, 9.984e+02, 3.088e-07
1.885e+00, 5.000e-01, -4.650e-01, 1.131e+05, 0.000e+00, 6.772e-04, 0.000e+00, 2.054e+00, 9.984e+02, 2.907e-07
1.885e+00, 5.000e-01, -4.550e-01, 1.130e+05, 0.000e+00, 6.358e-04, 0.000e+00, 2.052e+00, 9.984e+02, 2.729e-07
1.885e+00, 5.000e-01, -4.450e-01, 1.129e+05, 0.000e+00, 6.062e-04, 0.000e+00, 2.050e+00, 9.984e+02, 2.602e-07
1.885e+00, 5.000e-01, -4.350e-01, 1.128e+05, 0.000e+00, 5.983e-04, 0.000e+00, 2.048e+00, 9.984e+02, 2.569e-07
1.885e+00, 5.000e-01, -4.250e-01, 1.127e+05, 0.000e+00, 6.077e-04, 0.000e+00, 2.047e+00, 9.984e+02, 2.609e-07
1.885e+00, 5.000e-01, -4.150e-01, 1.126e+05, 0.000e+00, 6.183e-04, 0.000e+00, 2.045e+00, 9.984e+02, 2.655e-07
1.885e+00, 5.000e-01, -4.050e-01, 1.125e+05, 0.000e+00, 6.224e-04, 0.000e+00, 2.043e+00, 9.984e+02, 2.672e-07
1.885e+00, 5.000e-01, -3.950e-01, 1.124e+05, 0.000e+00, 6.194e-04, 0.000e+00, 2.041e+00, 9.984e+02, 2.659e-07
1.885e+00, 5.000e-01, -3.850e-01, 1.123e+05, 0.000e+00, 6.105e-04, 0.000e+00, 2.039e+00, 9.984e+02, 2.621e-07
1.885e+00, 5.000e-01, -3.750e-01, 1.122e+05, 0.000e+00, 5.956e-04, 0.000e+00, 2.038e+00, 9.984e+02, 2.557e-07
1.885e+00, 5.000e-01, -3.650e-01, 1.121e+05, 0.000e+00, 5.773e-04, 0.000e+00, 2.036e+00, 9.984e+02, 2.479e-07
1.885e+00, 5.000e-01, -3.550e-01, 1.120e+05, 0.000e+00, 5.629e-04, 0.000e+00, 2.034e+00, 9.984e+02, 2.458e-07
1.885e+00, 5.000e-01, -3.450e-01, 1.119e+05, 0.000e+00, 5.529e-04, 0.000e+00, 2.033e+00, 9.984e+02, 2.484e-07
1.885e+00, 5.000e-01, -3.350e-01, 1.118e+05, 0.000e+00, 5.453e-04, 0.000e+00, 2.031e+00, 9.984e+02, 2.450e-07
1.885e+00, 5.000e-01, -3.250e-01, 1.117e+05, 0.000e+00, 5.394e-04, 0.000e+00, 2.029e+00, 9.984e+02, 2.423e-07
1.885e+00, 5.000e-01, -3.150e-01, 1.116e+05, 0.000e+00, 5.343e-04, 0.000e+00, 2.027e+00, 9.984e+02, 2.400e-07
1.885e+00, 5.000e-01, -3.050e-01, 1.115e+05, 0.000e+00, 5.292e-04, 0.000e+00, 2.025e+00, 9.984e+02, 2.378e-07
1.885e+00, 5.000e-01, -2.950e-01, 1.114e+05, 0.000e+00, 5.238e-04, 0.000e+00, 2.024e+00, 9.984e+02, 2.353e-07
1.885e+00, 5.000e-01, -2.850e-01, 1.113e+05, 0.000e+00, 5.178e-04, 0.000e+00, 2.022e+00, 9.984e+02, 2.326e-07
1.885e+00, 5.000e-01, -2.750e-01, 1.112e+05, 0.000e+00, 5.120e-04, 0.000e+00, 2.020e+00, 9.984e+02, 2.300e-07
1.885e+00, 5.000e-01, -2.650e-01, 1.112e+05, 0.000e+00, 5.117e-04, 0.000e+00, 2.020e+00, 9.984e+02, 2.255e-07
1.885e+00, 5.000e-01, -2.550e-01, 1.111e+05, 0.000e+00, 5.123e-04, 0.000e+00, 2.018e+00, 9.984e+02, 2.250e-07
1.885e+00, 5.000e-01, -2.450e-01, 1.110e+05, 0.000e+00, 5.111e-04, 0.000e+00, 2.016e+00, 9.984e+02, 2.245e-07
1.885e+00, 5.000e-01, -2.350e-01, 1.109e+05, 0.000e+00, 5.060e-04, 0.000e+00, 2.014e+00, 9.984e+02, 2.223e-07
1.885e+00, 5.000e-01, -2.250e-01, 1.108e+05, 0.000e+00, 4.950e-04, 0.000e+00, 2.012e+00, 9.984e+02, 2.174e-07
1.885e+00, 5.000e-01, -2.150e-01, 1.107e+05, 0.000e+00, 4.768e-04, 0.000e+00, 2.011e+00, 9.983e+02, 2.095e-07
1.885e+00, 5.000e-01, -2.050e-01, 1.106e+05, 0.000e+00, 4.515e-04, 0.000e+00, 2.009e+00, 9.983e+02, 1.984e-07
1.885e+00, 5.000e-01, -1.950e-01, 1.105e+05, 0.000e+00, 4.208e-04, 0.000e+00, 2.007e+00, 9.983e+02, 1.848e-07
1.885e+00, 5.000e-01, -1.850e-01, 1.106e+05, 0.000e+00, 3.914e-04, 0.000e+00, 2.009e+00, 9.983e+02, 1.690e-07
1.885e+00, 5.000e-01, -1.750e-01, 1.105e+05, 0.000e+00, 3.582e-04, 0.000e+00, 2.007e+00, 9.983e+02, 1.538e-07
1.885e+00, 5.000e-01, -1.650e-01, 1.104e+05, 0.000e+00, 3.241e-04, 0.000e+00, 2.005e+00, 9.983e+02, 1.391e-07
1.885e+00, 5.000e-01, -1.550e-01, 1.103e+05, 0.000e+00, 2.995e-04, 0.000e+00, 2.004e+00, 9.983e+02, 1.286e-07
1.885e+00, 5.000e-01, -1.450e-01, 1.102e+05, 0.000e+00, 2.916e-04, 0.000e+00, 2.002e+00, 9.983e+02, 1.252e-07
1.885e+00, 5.000e-01, -1.350e-01, 1.101e+05, 0.000e+00, 2.880e-04, 0.000e+00, 2.000e+00, 9.983e+02, 1.236e-07
1.885e+00, 5.000e-01, -1.250e-01, 1.100e+05, 0.000e+00, 2.600e-04, 0.000e+00, 1.998e+00, 9.983e+02, 1.116e-07
1.885e+00, 5.000e-01, -1.150e-01, 1.099e+05, 0.000e+00, 2.023e-04, 0.000e+00, 1.996e+00, 9.983e+02, 8.779e-08
1.885e+00, 5.000e-01, -1.050e-01, 1.110e+05, 0.000e+00, 1.345e-04, 0.000e+00, 2.017e+00, 9.983e+02, 5.909e-08
1.885e+00, 5.000e-01, -9.500e-02, 1.109e+05, 0.000e+00, 7.859e-05, 0.000e+00, 2.015e+00, 9.983e+02, 3.452e-08
1.885e+00, 5.000e-01, -8.500e-02, 1.108e+05, 0.000e+00, 4.153e-05, 0.000e+00, 2.013e+00, 9.983e+02, 1.824e-08
1.885e+00, 5.000e-01, -7.500e-02, 1.107e+05, 0.000e+00, 2.049e-05, 0.000e+00, 2.011e+00, 9.983e+02, 9.001e-09
1.885e+00, 5.000e-01, -6.500e-02, 1.106e+05, 0.000e+00, 9.676e-06, 0.000e+00, 2.009e+00, 9.983e+02, 4.250e-09
1.885e+00, 5.000e-01, -5.500e-02, 1.105e+05, 0.000e+00, 4.430e-06, 0.000e+00, 2.008e+00, 9.983e+02, 1.946e-09
1.885e+00, 5.000e-01, -4.500e-02, 1.104e+05, 0.000e+00, 1.973e-06, 0.000e+00, 2.006e+00, 9.983e+02, 8.664e-10
1.885e+00, 5.000e-01, -3.500e-02, 1.103e+05, 0.000e+00, 8.522e-07, 0.000e+00, 2.004e+00, 9.983e+02, 3.743e-10
1.885e+00, 5.000e-01, -2.500e-02, 1.102e+05, 0.000e+00, 3.561e-07, 0.000e+00, 2.002e+00, 9.983e+02, 1.564e-10
1.885e+00, 5.000e-01, -1.500e-02, 1.101e+05, 0.000e+00, 1.441e-07, 0.000e+00, 2.000e+00, 9.983e+02, 6.331e-11
1.885e+00, 5.000e-01, -5.000e-03, 1.100e+05, 0.000e+00, 5.735e-08, 0.000e+00, 1.999e+00, 9.983e+02, 2.519e-11
1.895e+00, 5.000e-01, -1.195e+00, 1.202e+05, 0.000e+00, 1.002e-13, 0.000e+00, 2.184e+00, 9.983e+02, 2.000e-17
1.895e+00, 5.000e-01, -1.185e+00, 1.201e+05, 0.000e+00, 1.002e-13, 0.000e+00, 2.182e+00, 9.983e+02, 2.000e-17
1.895e+00, 5.000e-01, -1.175e+00, 1.200e+05, 0.000e+00, 1.002e-13, 0.000e+00, 2.181e+00, 9.983e+02, 2.000e-17
1.895e+00, 5.000e-01, -1.165e+00, 1.199e+05, 0.000e+00, 1.002e-13, 0.000e+00, 2.179e+00, 9.983e+02, 2.000e-17
1.895e+00, 5.000e-01, -1.155e+00, 1.198e+05, 0.000e+00, 1.002e-13, 0.000e+00, 2.177e+00, 9.983e+02, 2.000e-17
1.895e+00, 5.000e-01, -1.145e+00, 1.197e+05, 0.000e+00, 1.002e-13, 0.000e+00, 2.175e+00, 9.983e+02, 2.000e-17
1.895e+00, 5.000e-01, -1.135e+00, 1.196e+05, 0.000e+00, 1.002e-13, 0.000e+00, 2.173e+00, 9.983e+02, 2.000e-17
1.895e+00, 5.000e-01, -1.125e+00, 1.195e+05, 0.000e+00, 1.002e-13, 0.000e+00, 2.172e+00, 9.983e+02, 2.000e-17
1.895e+00, 5.000e-01, -1.115e+00, 1.194e+05, 0.000e+00, 1.002e-13, 0.000e+00, 2.170e+00, 9.983e+02, 2.000e-17
1.895e+00, 5.000e-01, -1.105e+00, 1.193e+05, 0.000e+00, 1.002e-13, 0.000e+00, 2.168e+00, 9.983e+02, 2.000e-17
1.895e+00, 5.000e-01, -1.095e+00, 1.192e+05, 0.000e+00, 1.002e-13, 0.000e+00, 2.166e+00, 9.983e+02, 2.000e-17
1.895e+00, 5.000e-01, -1.085e+00, 1.191e+05, 0.000e+00, 1.369e-13, 0.000e+00, 2.165e+00, 9.983e+02, 3.120e-17
1.895e+00, 5.000e-01, -1.075e+00, 1.190e+05, 0.000e+00, 2.138e-08, 0.000e+00, 2.163e+00, 9.983e+02, 6.813e-12
1.895e+00, 5.000e-01, -1.065e+00, 1.189e+05, 0.000e+00, 4.888e-04, 0.000e+00, 2.161e+00, 9.984e+02, 2.098e-07
1.895e+00, 5.000e-01, -1.055e+00, 1.188e+05, 0.000e+00, 4.826e-04, 0.000e+00, 2.159e+00, 9.984e+02, 2.072e-07
1.895e+00, 5.000e-01, -1.045e+00, 1.187e+05, 0.000e+00, 4.763e-04, 0.000e+00, 2.158e+00, 9.984e+02, 2.045e-07
1.895e+00, 5.000e-01, -1.035e+00, 1.186e+05, 0.000e+00, 4.704e-04, 0.000e+00, 2.156e+00, 9.983e+02, 2.019e-07
1.895e+00, 5.000e-01, -1.025e+00, 1.185e+05, 0.000e+00, 4.649e-04, 0.000e+00, 2.154e+00, 9.983e+02, 1.996e-07
1.895e+00, 5.000e-01, -1.015e+00, 1.185e+05, 0.000e+00, 4.595e-04, 0.000e+00, 2.152e+00, 9.983e+02, 1.973e-07
1.895e+00, 5.000e-01, -1.005e+00, 1.184e+05, 0.000e+00, 4.538e-04, 0.000e+00, 2.150e+00, 9.983e+02, 1.948e-07
1.895e+00, 5.000e-01, -9.950e-01, 1.183e+05, 0.000e+00, 4.475e-04, 0.000e+00, 2.149e+00, 9.983e+02, 1.921e-07
1.895e+00, 5.000e-01, -9.850e-01, 1.182e+05, 0.000e+00, 4.404e-04, 0.000e+00, 2.147e+00, 9.983e+02, 1.890e-07
1.895e+00, 5.000e-01, -9.750e-01, 1.181e+05, 0.000e+00, 4.323e-04, 0.000e+00, 2.145e+00, 9.983e+02, 1.856e-07
1.895e+00, 5.000e-01, -9.650e-01, 1.180e+05, 0.000e+00, 4.230e-04, 0.000e+00, 2.143e+00, 9.983e+02, 1.816e-07
1.895e+00, 5.000e-01, -9.550e-01, 1.179e+05, 0.000e+00, 4.139e-04, 0.000e+00, 2.141e+00, 9.983e+02, 1.777e-07
1.895e+00, 5.000e-01, -9.450e-01, 1.178e+05, 0.000e+00, 4.055e-04, 0.000e+00, 2.140e+00, 9.983e+02, 1.741e-07
1.895e+00, 5.000e-01, -9.350e-01, 1.177e+05, 0.000e+00, 3.983e-04, 0.000e+00, 2.138e+00, 9.983e+02, 1.710e-07
1.895e+00, 5.000e-01, -9.250e-01, 1.176e+05, 0.000e+00, 3.924e-04, 0.000e+00, 2.136e+00, 9.983e+02, 1.685e-07
1.895e+00, 5.000e-01, -9.150e-01, 1.175e+05, 0.000e+00, 3.879e-04, 0.000e+00, 2.134e+00, 9.983e+02, 1.665e-07
1.895e+00, 5.000e-01, -9.050e-01, 1.174e+05, 0.000e+00, 3.848e-04, 0.000e+00, 2.132e+00, 9.983e+02, 1.652e-07
1.895e+00, 5.000e-01, -8.950e-01, 1.173e+05, 0.000e+00, 3.829e-04, 0.000e+00, 2.131e+00, 9.983e+02, 1.644e-07
1.895e+00, 5.000e-01, -8.850e-01, 1.172e+05, 0.000e+00, 3.821e-04, 0.000e+00, 2.129e+00, 9.983e+02, 1.640e-07
1.895e+00, 5.000e-01, -8.750e-01, 1.171e+05, 0.000e+00, 3.821e-04, 0.000e+00, 2.127e+00, 9.983e+02, 1.640e-07
1.895e+00, 5.000e-01, -8.650e-01, 1.170e+05, 0.000e+00, 3.827e-04, 0.000e+00, 2.125e+00, 9.983e+02, 1.643e-07
1.895e+00, 5.000e-01, -8.550e-01, 1.169e+05, 0.000e+00, 3.838e-04, 0.000e+00, 2.124e+00, 9.983e+02, 1.648e-07
1.895e+00, 5.000e-01, -8.450e-01, 1.168e+05, 0.000e+00, 3.852e-04, 0.000e+00, 2.122e+00, 9.983e+02, 1.654e-07
1.895e+00, 5.000e-01, -8.350e-01, 1.167e+05, 0.000e+00, 3.867e-04, 0.000e+00, 2.120e+00, 9.983e+02, 1.660e-07
1.895e+00, 5.000e-01, -8.250e-01, 1.166e+05, 0.000e+00, 3.882e-04, 0.000e+00, 2.118e+00, 9.983e+02, 1.666e-07
1.895e+00, 5.000e-01, -8.150e-01, 1.165e+05, 0.000e+00, 3.893e-04, 0.000e+00, 2.116e+00, 9.983e+02, 1.671e-07
1.895e+00, 5.000e-01, -8.050e-01, 1.164e+05, 0.000e+00, 3.898e-04, 0.000e+00, 2.115e+00, 9.983e+02, 1.673e-07
1.895e+00, 5.000e-01, -7.950e-01, 1.163e+05, 0.000e+00, 3.891e-04, 0.000e+00, 2.113e+00, 9.983e+02, 1.671e-07
1.895e+00, 5.000e-01, -7.850e-01, 1.162e+05, 0.000e+00, 3.869e-04, 0.000e+00, 2.111e+00, 9.983e+02, 1.661e-07
1.895e+00, 5.000e-01, -7.750e-01, 1.161e+05, 0.000e+00, 3.836e-04, 0.000e+00, 2.109e+00, 9.983e+02, 1.647e-07
1.895e+00, 5.000e-01, -7.650e-01, 1.160e+05, 0.000e+00, 3.929e-04, 0.000e+00, 2.107e+00, 9.983e+02, 1.687e-07
1.895e+00, 5.000e-01, -7.550e-01, 1.159e+05, 0.000e+00, 4.732e-04, 0.000e+00, 2.106e+00, 9.983e+02, 2.032e-07
1.895e+00, 5.000e-01, -7.450e-01, 1.158e+05, 0.000e+00, 5.179e-04, 0.000e+00, 2.104e+00, 9.984e+02, 2.223e-07
1.895e+00, 5.000e-01, -7.350e-01, 1.157e+05, 6.748e-07, 6.025e-04, 0.000e+00, 2.102e+00, 9.984e+02, 2.586e-07
1.895e+00, 5.000e-01, -7.250e-01, 1.156e+05, 4.718e-01, 1.895e-03, 0.000e+00, 2.100e+00, 9.986e+02, 8.558e-07
1.895e+00, 5.000e-01, -7.150e-01, 1.156e+05, 8.683e-01, 1.895e-03, 0.000e+00, 2.100e+00, 9.986e+02, 8.914e-07
1.895e+00, 5.000e-01, -7.050e-01, 1.156e+05, 8.724e-01, 1.895e-03, 0.000e+00, 2.100e+00, 9.986e+02, 8.917e-07
1.895e+00, 5.000e-01, -6.950e-01, 1.156e+05, 8.738e-01, 1.895e-03, 0.000e+00, 2.100e+00, 9.986e+02, 8.918e-07
1.895e+00, 5.000e-01, -6.850e-01, 1.156e+05, 8.753e-01, 1.895e-03, 0.000e+00, 2.100e+00, 9.986e+02, 8.989e-07
1.895e+00, 5.000e-01, -6.750e-01, 1.166e+05, 0.000e+00, 3.758e-04, 0.000e+00, 2.119e+00, 9.983e+02, 1.651e-07
1.895e+00, 5.000e-01, -6.650e-01, 1.165e+05, 0.000e+00, 2.347e-04, 0.000e+00, 2.117e+00, 9.983e+02, 1.031e-07
1.895e+00, 5.000e-01, -6.550e-01, 1.164e+05, 0.000e+00, 1.371e-04, 0.000e+00, 2.115e+00, 9.983e+02, 6.022e-08
1.895e+00, 5.000e-01, -6.450e-01, 1.163e+05, 0.000e+00, 7.601e-05, 0.000e+00, 2.113e+00, 9.983e+02, 3.339e-08
1.895e+00, 5.000e-01, -6.350e-01, 1.162e+05, 0.000e+00, 4.365e-05, 0.000e+00, 2.111e+00, 9.983e+02, 1.917e-08
1.895e+00, 5.000e-01, -6.250e-01, 1.161e+05, 0.000e+00, 3.453e-05, 0.000e+00, 2.110e+00, 9.983e+02, 1.517e-08
1.895e+00, 5.000e-01, -6.150e-01, 1.160e+05, 0.000e+00, 4.797e-05, 0.000e+00, 2.108e+00, 9.983e+02, 2.107e-08
1.895e+00, 5.000e-01, -6.050e-01, 1.159e+05, 0.000e+00, 8.857e-05, 0.000e+00, 2.106e+00, 9.983e+02, 3.890e-08
1.895e+00, 5.000e-01, -5.950e-01, 1.158e+05, 0.000e+00, 1.634e-04, 0.000e+00, 2.104e+00, 9.983e+02, 7.176e-08
1.895e+00, 5.000e-01, -5.850e-01, 1.157e+05, 0.000e+00, 2.751e-04, 0.000e+00, 2.102e+00, 9.983e+02, 1.209e-07
1.895e+00, 5.000e-01, -5.750e-01, 1.156e+05, 0.000e+00, 4.139e-04, 0.000e+00, 2.101e+00, 9.983e+02, 1.818e-07
1.895e+00, 5.000e-01, -5.650e-01, 1.155e+05, 0.000e+00, 5.586e-04, 0.000e+00, 2.099e+00, 9.984e+02, 2.454e-07
1.895e+00, 5.000e-01, -5.550e-01, 1.140e+05, 0.000e+00, 7.120e-04, 0.000e+00, 2.070e+00, 9.984e+02, 3.197e-07
1.895e+00, 5.000e-01, -5.450e-01, 1.139e+05, 0.000e+00, 7.896e-04, 0.000e+00, 2.068e+00, 9.984e+02, 3.548e-07
1.895e+00, 5.000e-01, -5.350e-01, 1.138e+05, 0.000e+00, 8.185e-04, 0.000e+00, 2.067e+00, 9.984e+02, 3.677e-07
1.895e+00, 5.000e-01, -5.250e-01, 1.137e+05, 0.000e+00, 8.251e-04, 0.000e+00, 2.065e+00, 9.984e+02, 3.707e-07
1.895e+00, 5.000e-01, -5.150e-01, 1.136e+05, 0.000e+00, 8.208e-04, 0.000e+00, 2.063e+00, 9.984e+02, 3.688e-07
1.895e+00, 5.000e-01, -5.050e-01, 1.135e+05, 0.000e+00, 8.095e-04, 0.000e+00, 2.061e+00, 9.984e+02, 3.637e-07
1.895e+00, 5.000e-01, -4.950e-01, 1.134e+05, 0.000e+00, 7.911e-04, 0.000e+00, 2.059e+00, 9.984e+02, 3.554e-07
1.895e+00, 5.000e-01, -4.850e-01, 1.133e+05, 0.000e+00, 7.638e-04, 0.000e+00, 2.057e+00, 9.984e+02, 3.301e-07
1.895e+00, 5.000e-01, -4.750e-01, 1.132e+05, 0.000e+00, 7.284e-04, 0.000e+00, 2.056e+00, 9.984e+02, 3.127e-07
1.895e+00, 5.000e-01, -4.650e-01, 1.131e+05, 0.000e+00, 6.889e-04, 0.000e+00, 2.054e+00, 9.984e+02, 2.958e-07
1.895e+00, 5.000e-01, -4.550e-01, 1.130e+05, 0.000e+00, 6.494e-04, 0.000e+00, 2.052e+00, 9.984e+02, 2.788e-07
1.895e+00, 5.000e-01, -4.450e-01, 1.129e+05, 0.000e+00, 6.159e-04, 0.000e+00, 2.050e+00, 9.984e+02, 2.644e-07
1.895e+00, 5.000e-01, -4.350e-01, 1.128e+05, 0.000e+00, 5.962e-04, 0.000e+00, 2.048e+00, 9.984e+02, 2.559e-07
1.895e+00, 5.000e-01, -4.250e-01, 1.127e+05, 0.000e+00, 5.943e-04, 0.000e+00, 2.047e+00, 9.984e+02, 2.551e-07
1.895e+00, 5.000e-01, -4.150e-01, 1.126e+05, 0.000e+00, 5.991e-04, 0.000e+00, 2.045e+00, 9.984e+02, 2.572e-07
1.895e+00, 5.000e-01, -4.050e-01, 1.125e+05, 0.000e+00, 6.011e-04, 0.000e+00, 2.043e+00, 9.984e+02, 2.580e-07
1.895e+00, 5.000e-01, -3.950e-01, 1.124e+05, 0.000e+00, 5.979e-04, 0.000e+00, 2.041e+00, 9.984e+02, 2.567e-07
1.895e+00, 5.000e-01, -3.850e-01, 1.123e+05, 0.000e+00, 5.898e-04, 0.000e+00, 2.039e+00, 9.984e+02, 2.532e-07
1.895e+00, 5.000e-01, -3.750e-01, 1.122e+05, 0.000e+00, 5.778e-04, 0.000e+00, 2.038e+00, 9.984e+02, 2.481e-07
1.895e+00, 5.000e-01, -3.650e-01, 1.121e+05, 0.000e+00, 5.652e-04, 0.000e+00, 2.036e+00, 9.984e+02, 2.426e-07
1.895e+00, 5.000e-01, -3.550e-01, 1.120e+05, 0.000e+00, 5.530e-04, 0.000e+00, 2.034e+00, 9.984e+02, 2.411e-07
1.895e+00, 5.000e-01, -3.450e-01, 1.119e+05, 0.000e+00, 5.422e-04, 0.000e+00, 2.033e+00, 9.984e+02, 2.436e-07
1.895e+00, 5.000e-01, -3.350e-01, 1.118e+05, 0.000e+00, 5.340e-04, 0.000e+00, 2.031e+00, 9.984e+02, 2.399e-07
1.895e+00, 5.000e-01, -3.250e-01, 1.117e+05, 0.000e+00, 5.281e-04, 0.000e+00, 2.029e+00, 9.984e+02, 2.373e-07
1.895e+00, 5.000e-01, -3.150e-01, 1.116e+05, 0.000e+00, 5.233e-04, 0.000e+00, 2.027e+00, 9.984e+02, 2.351e-07
1.895e+00, 5.000e-01, -3.050e-01, 1.115e+05, 0.000e+00, 5.182e-04, 0.000e+00, 2.025e+00, 9.984e+02, 2.328e-07
1.895e+00, 5.000e-01, -2.950e-01, 1.114e+05, 0.000e+00, 5.121e-04, 0.000e+00, 2.024e+00, 9.984e+02, 2.301e-07
1.895e+00, 5.000e-01, -2.850e-01, 1.113e+05, 0.000e+00, 5.044e-04, 0.000e+00, 2.022e+00, 9.984e+02, 2.266e-07
1.895e+00, 5.000e-01, -2.750e-01, 1.112e+05, 0.000e+00, 4.953e-04, 0.000e+00, 2.020e+00, 9.984e+02, 2.225e-07
1.895e+00, 5.000e-01, -2.650e-01, 1.112e+05, 0.000e+00, 4.869e-04, 0.000e+00, 2.020e+00, 9.983e+02, 2.146e-07
1.895e+00, 5.000e-01, -2.550e-01, 1.111e+05, 0.000e+00, 4.808e-04, 0.000e+00, 2.018e+00, 9.983e+02, 2.112e-07
1.895e+00, 5.000e-01, -2.450e-01, 1.110e+05, 0.000e+00, 4.764e-04, 0.000e+00, 2.016e+00, 9.983e+02, 2.093e-07
1.895e+00, 5.000e-01, -2.350e-01, 1.109e+05, 0.000e+00, 4.713e-04, 0.000e+00, 2.014e+00, 9.983e+02, 2.070e-07
1.895e+00, 5.000e-01, -2.250e-01, 1.108e+05, 0.000e+00, 4.632e-04, 0.000e+00, 2.012e+00, 9.983e+02, 2.035e-07
1.895e+00, 5.000e-01, -2.150e-01, 1.107e+05, 0.000e+00, 4.501e-04, 0.000e+00, 2.011e+00, 9.983e+02, 1.977e-07
1.895e+00, 5.000e-01, -2.050e-01, 1.106e+05, 0.000e+00, 4.305e-04, 0.000e+00, 2.009e+00, 9.983e+02, 1.891e-07
1.895e+00, 5.000e-01, -1.950e-01, 1.105e+05, 0.000e+00, 4.037e-04, 0.000e+00, 2.007e+00, 9.983e+02, 1.773e-07
1.895e+00, 5.000e-01, -1.850e-01, 1.106e+05, 0.000e+00, 3.718e-04, 0.000e+00, 2.009e+00, 9.983e+02, 1.608e-07
1.895e+00, 5.000e-01, -1.750e-01, 1.105e+05, 0.000e+00, 3.373e-04, 0.000e+00, 2.007e+00, 9.983e+02, 1.448e-07
1.895e+00, 5.000e-01, -1.650e-01, 1.104e+05, 0.000e+00, 3.032e-04, 0.000e+00, 2.005e+00, 9.983e+02, 1.301e-07
1.895e+00, 5.000e-01, -1.550e-01, 1.103e+05, 0.000e+00, 2.787e-04, 0.000e+00, 2.004e+00, 9.983e+02, 1.196e-07
1.895e+00, 5.000e-01, -1.450e-01, 1.102e+05, 0.000e+00, 2.741e-04, 0.000e+00, 2.002e+00, 9.983e+02, 1.177e-07
1.895e+00, 5.000e-01, -1.350e-01, 1.101e+05, 0.000e+00, 2.799e-04, 0.000e+00, 2.000e+00, 9.983e+02, 1.202e-07
1.895e+00, 5.000e-01, -1.250e-01, 1.100e+05, 0.000e+00, 2.610e-04, 0.000e+00, 1.998e+00, 9.983e+02, 1.120e-07
1.895e+00, 5.000e-01, -1.150e-01, 1.099e+05, 0.000e+00, 2.081e-04, 0.000e+00, 1.996e+00, 9.983e+02, 9.020e-08
1.895e+00, 5.000e-01, -1.050e-01, 1.110e+05, 0.000e+00, 1.413e-04, 0.000e+00, 2.017e+00, 9.983e+02, 6.205e-08
1.895e+00, 5.000e-01, -9.500e-02, 1.109e+05, 0.000e+00, 8.353e-05, 0.000e+00, 2.015e+00, 9.983e+02, 3.669e-08
1.895e+00, 5.000e-01, -8.500e-02, 1.108e+05, 0.000e+00, 4.431e-05, 0.000e+00, 2.013e+00, 9.983e+02, 1.946e-08
1.895e+00, 5.000e-01, -7.500e-02, 1.107e+05, 0.000e+00, 2.180e-05, 0.000e+00, 2.011e+00, 9.983e+02, 9.574e-09
1.895e+00, 5.000e-01, -6.500e-02, 1.106e+05, 0.000e+00, 1.022e-05, 0.000e+00, 2.009e+00, 9.983e+02, 4.487e-09
1.895e+00, 5.000e-01, -5.500e-02, 1.105e+05, 0.000e+00, 4.633e-06, 0.000e+00, 2.008e+00, 9.983e+02, 2.035e-09
1.895e+00, 5.000e-01, -4.500e-02, 1.104e+05, 0.000e+00, 2.045e-06, 0.000e+00, 2.006e+00, 9.983e+02, 8.981e-10
1.895e+00, 5.000e-01, -3.500e-02, 1.103e+05, 0.000e+00, 8.765e-07, 0.000e+00, 2.004e+00, 9.983e+02, 3.850e-10
1.895e+00, 5.000e-01, -2.500e-02, 1.102e+05, 0.000e+00, 3.639e-07, 0.000e+00, 2.002e+00, 9.983e+02, 1.599e-10
1.895e+00, 5.000e-01, -1.500e-02, 1.101e+05, 0.000e+00, 1.466e-07, 0.000e+00, 2.000e+00, 9.983e+02, 6.439e-11
1.895e+00, 5.000e-01, -5.000e-03, 1.100e+05, 0.000e+00, 5.813e-08, 0.000e+00, 1.999e+00, 9.983e+02, 2.553e-11
1.905e+00, 5.000e-01, -1.195e+00, 1.202e+05, 0.000e+00, 1.002e-13, 0.000e+00, 2.184e+00, 9.983e+02, 2.000e-17
1.905e+00, 5.000e-01, -1.185e+00, 1.201e+05, 0.000e+00, 1.002e-13, 0.000e+00, 2.182e+00, 9.983e+02, 2.000e-17
1.905e+00, 5.000e-01, -1.175e+00, 1.200e+05, 0.000e+00, 1.002e-13, 0.000e+00, 2.181e+00, 9.983e+02, 2.000e-17
1.905e+00, 5.000e-01, -1.165e+00, 1.199e+05, 0.000e+00, 1.002e-13, 0.000e+00, 2.179e+00, 9.983e+02, 2.000e-17
1.905e+00, 5.000e-01, -1.155e+00, 1.198e+05, 0.000e+00, 1.002e-13, 0.000e+00, 2.177e+00, 9.983e+02, 2.000e-17
1.905e+00, 5.000e-01, -1.145e+00, 1.197e+05, 0.000e+00, 1.002e-13, 0.000e+00, 2.175e+00, 9.983e+02, 2.000e-17
1.905e+00, 5.000e-01, -1.135e+00, 1.196e+05, 0.000e+00, 1.002e-13, 0.000e+00, 2.173e+00, 9.983e+02, 2.000e-17
1.905e+00, 5.000e-01, -1.125e+00, 1.195e+05, 0.000e+00, 1.002e-13, 0.000e+00, 2.172e+00, 9.983e+02, 2.000e-17
1.905e+00, 5.000e-01, -1.115e+00, 1.194e+05, 0.000e+00, 1.002e-13, 0.000e+00, 2.170e+00, 9.983e+02, 2.000e-17
1.905e+00, 5.000e-01, -1.105e+00, 1.193e+05, 0.000e+00, 1.002e-13, 0.000e+00, 2.168e+00, 9.983e+02, 2.000e-17
1.905e+00, 5.000e-01, -1.095e+00, 1.192e+05, 0.000e+00, 1.002e-13, 0.000e+00, 2.166e+00, 9.983e+02, 2.000e-17
1.905e+00, 5.000e-01, -1.085e+00, 1.191e+05, 0.000e+00, 1.010e-13, 0.000e+00, 2.165e+00, 9.983e+02, 2.024e-17
1.905e+00, 5.000e-01, -1.075e+00, 1.190e+05, 0.000e+00, 2.834e-09, 0.000e+00, 2.163e+00, 9.983e+02, 1.187e-12
1.905e+00, 5.000e-01, -1.065e+00, 1.189e+05, 0.000e+00, 5.268e-04, 0.000e+00, 2.161e+00, 9.984e+02, 2.261e-07
1.905e+00, 5.000e-01, -1.055e+00, 1.188e+05, 0.000e+00, 5.223e-04, 0.000e+00, 2.159e+00, 9.984e+02, 2.242e-07
1.905e+00, 5.000e-01, -1.045e+00, 1.187e+05, 0.000e+00, 5.147e-04, 0.000e+00, 2.158e+00, 9.984e+02, 2.209e-07
1.905e+00, 5.000e-01, -1.035e+00, 1.186e+05, 0.000e+00, 5.072e-04, 0.000e+00, 2.156e+00, 9.984e+02, 2.177e-07
1.905e+00, 5.000e-01, -1.025e+00, 1.185e+05, 0.000e+00, 5.009e-04, 0.000e+00, 2.154e+00, 9.984e+02, 2.150e-07
1.905e+00, 5.000e-01, -1.015e+00, 1.185e+05, 0.000e+00, 4.957e-04, 0.000e+00, 2.152e+00, 9.984e+02, 2.128e-07
1.905e+00, 5.000e-01, -1.005e+00, 1.184e+05, 0.000e+00, 4.910e-04, 0.000e+00, 2.150e+00, 9.984e+02, 2.108e-07
1.905e+00, 5.000e-01, -9.950e-01, 1.183e+05, 0.000e+00, 4.860e-04, 0.000e+00, 2.149e+00, 9.984e+02, 2.086e-07
1.905e+00, 5.000e-01, -9.850e-01, 1.182e+05, 0.000e+00, 4.802e-04, 0.000e+00, 2.147e+00, 9.984e+02, 2.062e-07
1.905e+00, 5.000e-01, -9.750e-01, 1.181e+05, 0.000e+00, 4.732e-04, 0.000e+00, 2.145e+00, 9.983e+02, 2.032e-07
1.905e+00, 5.000e-01, -9.650e-01, 1.180e+05, 0.000e+00, 4.647e-04, 0.000e+00, 2.143e+00, 9.983e+02, 1.995e-07
1.905e+00, 5.000e-01, -9.550e-01, 1.179e+05, 0.000e+00, 4.543e-04, 0.000e+00, 2.141e+00, 9.983e+02, 1.950e-07
1.905e+00, 5.000e-01, -9.450e-01, 1.178e+05, 0.000e+00, 4.444e-04, 0.000e+00, 2.140e+00, 9.983e+02, 1.908e-07
1.905e+00, 5.000e-01, -9.350e-01, 1.177e+05, 0.000e+00, 4.357e-04, 0.000e+00, 2.138e+00, 9.983e+02, 1.870e-07
1.905e+00, 5.000e-01, -9.250e-01, 1.176e+05, 0.000e+00, 4.283e-04, 0.000e+00, 2.136e+00, 9.983e+02, 1.839e-07
1.905e+00, 5.000e-01, -9.150e-01, 1.175e+05, 0.000e+00, 4.223e-04, 0.000e+00, 2.134e+00, 9.983e+02, 1.813e-07
1.905e+00, 5.000e-01, -9.050e-01, 1.174e+05, 0.000e+00, 4.176e-04, 0.000e+00, 2.132e+00, 9.983e+02, 1.793e-07
1.905e+00, 5.000e-01, -8.950e-01, 1.173e+05, 0.000e+00, 4.145e-04, 0.000e+00, 2.131e+00, 9.983e+02, 1.779e-07
1.905e+00, 5.000e-01, -8.850e-01, 1.172e+05, 0.000e+00, 4.127e-04, 0.000e+00, 2.129e+00, 9.983e+02, 1.772e-07
1.905e+00, 5.000e-01, -8.750e-01, 1.171e+05, 0.000e+00, 4.121e-04, 0.000e+00, 2.127e+00, 9.983e+02, 1.769e-07
1.905e+00, 5.000e-01, -8.650e-01, 1.170e+05, 0.000e+00, 4.122e-04, 0.000e+00, 2.125e+00, 9.983e+02, 1.770e-07
1.905e+00, 5.000e-01, -8.550e-01, 1.169e+05, 0.000e+00, 4.129e-04, 0.000e+00, 2.124e+00, 9.983e+02, 1.773e-07
1.905e+00, 5.000e-01, -8.450e-01, 1.168e+05, 0.000e+00, 4.137e-04, 0.000e+00, 2.122e+00, 9.983e+02, 1.776e-07
1.905e+00, 5.000e-01, -8.350e-01, 1.167e+05, 0.000e+00, 4.144e-04, 0.000e+00, 2.120e+00, 9.983e+02, 1.779e-07
1.905e+00, 5.000e-01, -8.250e-01, 1.166e+05, 0.000e+00, 4.148e-04, 0.000e+00, 2.118e+00, 9.983e+02, 1.781e-07
1.905e+00, 5.000e-01, -8.150e-01, 1.165e+05, 0.000e+00, 4.145e-04, 0.000e+00, 2.116e+00, 9.983e+02, 1.779e-07
1.905e+00, 5.000e-01, -8.050e-01, 1.164e+05, 0.000e+00, 4.132e-04, 0.000e+00, 2.115e+00, 9.983e+02, 1.774e-07
1.905e+00, 5.000e-01, -7.950e-01, 1.163e+05, 0.000e+00, 4.106e-04, 0.000e+00, 2.113e+00, 9.983e+02, 1.763e-07
1.905e+00, 5.000e-01, -7.850e-01, 1.162e+05, 0.000e+00, 4.058e-04, 0.000e+00, 2.111e+00, 9.983e+02, 1.742e-07
1.905e+00, 5.000e-01, -7.750e-01, 1.161e+05, 0.000e+00, 3.992e-04, 0.000e+00, 2.109e+00, 9.983e+02, 1.714e-07
1.905e+00, 5.000e-01, -7.650e-01, 1.160e+05, 0.000e+00, 3.974e-04, 0.000e+00, 2.107e+00, 9.983e+02, 1.706e-07
1.905e+00, 5.000e-01, -7.550e-01, 1.159e+05, 0.000e+00, 4.257e-04, 0.000e+00, 2.106e+00, 9.983e+02, 1.828e-07
1.905e+00, 5.000e-01, -7.450e-01, 1.158e+05, 0.000e+00, 4.540e-04, 0.000e+00, 2.104e+00, 9.983e+02, 1.949e-07
1.905e+00, 5.000e-01, -7.350e-01, 1.157e+05, 6.749e-07, 5.133e-04, 0.000e+00, 2.102e+00, 9.984e+02, 2.204e-07
1.905e+00, 5.000e-01, -7.250e-01, 1.156e+05, 4.717e-01, 1.895e-03, 0.000e+00, 2.100e+00, 9.986e+02, 8.558e-07
1.905e+00, 5.000e-01, -7.150e-01, 1.156e+05, 8.683e-01, 1.895e-03, 0.000e+00, 2.100e+00, 9.986e+02, 8.914e-07
1.905e+00, 5.000e-01, -7.050e-01, 1.156e+05, 8.724e-01, 1.895e-03, 0.000e+00, 2.100e+00, 9.986e+02, 8.917e-07
1.905e+00, 5.000e-01, -6.950e-01, 1.156e+05, 8.738e-01, 1.895e-03, 0.000e+00, 2.100e+00, 9.986e+02, 8.918e-07
1.905e+00, 5.000e-01, -6.850e-01, 1.156e+05, 8.753e-01, 1.895e-03, 0.000e+00, 2.100e+00, 9.986e+02, 8.990e-07
1.905e+00, 5.000e-01, -6.750e-01, 1.166e+05, 0.000e+00, 3.753e-04, 0.000e+00, 2.119e+00, 9.983e+02, 1.648e-07
1.905e+00, 5.000e-01, -6.650e-01, 1.165e+05, 0.000e+00, 2.342e-04, 0.000e+00, 2.117e+00, 9.983e+02, 1.029e-07
1.905e+00, 5.000e-01, -6.550e-01, 1.164e+05, 0.000e+00, 1.366e-04, 0.000e+00, 2.115e+00, 9.983e+02, 5.998e-08
1.905e+00, 5.000e-01, -6.450e-01, 1.163e+05, 0.000e+00, 7.554e-05, 0.000e+00, 2.113e+00, 9.983e+02, 3.318e-08
1.905e+00, 5.000e-01, -6.350e-01, 1.162e+05, 0.000e+00, 4.320e-05, 0.000e+00, 2.111e+00, 9.983e+02, 1.898e-08
1.905e+00, 5.000e-01, -6.250e-01, 1.161e+05, 0.000e+00, 3.399e-05, 0.000e+00, 2.110e+00, 9.983e+02, 1.493e-08
1.905e+00, 5.000e-01, -6.150e-01, 1.160e+05, 0.000e+00, 4.720e-05, 0.000e+00, 2.108e+00, 9.983e+02, 2.073e-08
1.905e+00, 5.000e-01, -6.050e-01, 1.159e+05, 0.000e+00, 8.747e-05, 0.000e+00, 2.106e+00, 9.983e+02, 3.842e-08
1.905e+00, 5.000e-01, -5.950e-01, 1.158e+05, 0.000e+00, 1.620e-04, 0.000e+00, 2.104e+00, 9.983e+02, 7.114e-08
1.905e+00, 5.000e-01, -5.850e-01, 1.157e+05, 0.000e+00, 2.736e-04, 0.000e+00, 2.102e+00, 9.983e+02, 1.202e-07
1.905e+00, 5.000e-01, -5.750e-01, 1.156e+05, 0.000e+00, 4.133e-04, 0.000e+00, 2.101e+00, 9.983e+02, 1.816e-07
1.905e+00, 5.000e-01, -5.650e-01, 1.155e+05, 0.000e+00, 5.648e-04, 0.000e+00, 2.099e+00, 9.984e+02, 2.481e-07
1.905e+00, 5.000e-01, -5.550e-01, 1.140e+05, 0.000e+00, 7.402e-04, 0.000e+00, 2.070e+00, 9.984e+02, 3.325e-07
1.905e+00, 5.000e-01, -5.450e-01, 1.139e+05, 0.000e+00, 8.215e-04, 0.000e+00, 2.068e+00, 9.984e+02, 3.691e-07
1.905e+00, 5.000e-01, -5.350e-01, 1.138e+05, 0.000e+00, 8.479e-04, 0.000e+00, 2.067e+00, 9.984e+02, 3.810e-07
1.905e+00, 5.000e-01, -5.250e-01, 1.137e+05, 0.000e+00, 8.508e-04, 0.000e+00, 2.065e+00, 9.984e+02, 3.822e-07
1.905e+00, 5.000e-01, -5.150e-01, 1.136e+05, 0.000e+00, 8.420e-04, 0.000e+00, 2.063e+00, 9.984e+02, 3.783e-07
1.905e+00, 5.000e-01, -5.050e-01, 1.135e+05, 0.000e+00, 8.254e-04, 0.000e+00, 2.061e+00, 9.984e+02, 3.708e-07
1.905e+00, 5.000e-01, -4.950e-01, 1.134e+05, 0.000e+00, 8.015e-04, 0.000e+00, 2.059e+00, 9.984e+02, 3.601e-07
1.905e+00, 5.000e-01, -4.850e-01, 1.133e+05, 0.000e+00, 7.706e-04, 0.000e+00, 2.057e+00, 9.984e+02, 3.340e-07
1.905e+00, 5.000e-01, -4.750e-01, 1.132e+05, 0.000e+00, 7.356e-04, 0.000e+00, 2.056e+00, 9.984e+02, 3.158e-07
1.905e+00, 5.000e-01, -4.650e-01, 1.131e+05, 0.000e+00, 6.988e-04, 0.000e+00, 2.054e+00, 9.984e+02, 3.000e-07
1.905e+00, 5.000e-01, -4.550e-01, 1.130e+05, 0.000e+00, 6.621e-04, 0.000e+00, 2.052e+00, 9.984e+02, 2.842e-07
1.905e+00, 5.000e-01, -4.450e-01, 1.129e+05, 0.000e+00, 6.287e-04, 0.000e+00, 2.050e+00, 9.984e+02, 2.699e-07
1.905e+00, 5.000e-01, -4.350e-01, 1.128e+05, 0.000e+00, 6.032e-04, 0.000e+00, 2.048e+00, 9.984e+02, 2.589e-07
1.905e+00, 5.000e-01, -4.250e-01, 1.127e+05, 0.000e+00, 5.904e-04, 0.000e+00, 2.047e+00, 9.984e+02, 2.535e-07
1.905e+00, 5.000e-01, -4.150e-01, 1.126e+05, 0.000e+00, 5.883e-04, 0.000e+00, 2.045e+00, 9.984e+02, 2.526e-07
1.905e+00, 5.000e-01, -4.050e-01, 1.125e+05, 0.000e+00, 5.868e-04, 0.000e+00, 2.043e+00, 9.984e+02, 2.519e-07
1.905e+00, 5.000e-01, -3.950e-01, 1.124e+05, 0.000e+00, 5.826e-04, 0.000e+00, 2.041e+00, 9.984e+02, 2.501e-07
1.905e+00, 5.000e-01, -3.850e-01, 1.123e+05, 0.000e+00, 5.756e-04, 0.000e+00, 2.039e+00, 9.984e+02, 2.471e-07
1.905e+00, 5.000e-01, -3.750e-01, 1.122e+05, 0.000e+00, 5.670e-04, 0.000e+00, 2.038e+00, 9.984e+02, 2.434e-07
1.905e+00, 5.000e-01, -3.650e-01, 1.121e+05, 0.000e+00, 5.582e-04, 0.000e+00, 2.036e+00, 9.984e+02, 2.396e-07
1.905e+00, 5.000e-01, -3.550e-01, 1.120e+05, 0.000e+00, 5.493e-04, 0.000e+00, 2.034e+00, 9.984e+02, 2.391e-07
1.905e+00, 5.000e-01, -3.450e-01, 1.119e+05, 0.000e+00, 5.414e-04, 0.000e+00, 2.033e+00, 9.984e+02, 2.432e-07
1.905e+00, 5.000e-01, -3.350e-01, 1.118e+05, 0.000e+00, 5.378e-04, 0.000e+00, 2.031e+00, 9.984e+02, 2.416e-07
1.905e+00, 5.000e-01, -3.250e-01, 1.117e+05, 0.000e+00, 5.367e-04, 0.000e+00, 2.029e+00, 9.984e+02, 2.411e-07
1.905e+00, 5.000e-01, -3.150e-01, 1.116e+05, 0.000e+00, 5.354e-04, 0.000e+00, 2.027e+00, 9.984e+02, 2.405e-07
1.905e+00, 5.000e-01, -3.050e-01, 1.115e+05, 0.000e+00, 5.320e-04, 0.000e+00, 2.025e+00, 9.984e+02, 2.390e-07
1.905e+00, 5.000e-01, -2.950e-01, 1.114e+05, 0.000e+00, 5.251e-04, 0.000e+00, 2.024e+00, 9.984e+02, 2.359e-07
1.905e+00, 5.000e-01, -2.850e-01, 1.113e+05, 0.000e+00, 5.141e-04, 0.000e+00, 2.022e+00, 9.984e+02, 2.310e-07
1.905e+00, 5.000e-01, -2.750e-01, 1.112e+05, 0.000e+00, 5.002e-04, 0.000e+00, 2.020e+00, 9.984e+02, 2.247e-07
1.905e+00, 5.000e-01, -2.650e-01, 1.112e+05, 0.000e+00, 4.888e-04, 0.000e+00, 2.020e+00, 9.983e+02, 2.155e-07
1.905e+00, 5.000e-01, -2.550e-01, 1.111e+05, 0.000e+00, 4.847e-04, 0.000e+00, 2.018e+00, 9.983e+02, 2.129e-07
1.905e+00, 5.000e-01, -2.450e-01, 1.110e+05, 0.000e+00, 4.828e-04, 0.000e+00, 2.016e+00, 9.983e+02, 2.121e-07
1.905e+00, 5.000e-01, -2.350e-01, 1.109e+05, 0.000e+00, 4.782e-04, 0.000e+00, 2.014e+00, 9.983e+02, 2.100e-07
1.905e+00, 5.000e-01, -2.250e-01, 1.108e+05, 0.000e+00, 4.689e-04, 0.000e+00, 2.012e+00, 9.983e+02, 2.060e-07
1.905e+00, 5.000e-01, -2.150e-01, 1.107e+05, 0.000e+00, 4.537e-04, 0.000e+00, 2.011e+00, 9.983e+02, 1.993e-07
1.905e+00, 5.000e-01, -2.050e-01, 1.106e+05, 0.000e+00, 4.315e-04, 0.000e+00, 2.009e+00, 9.983e+02, 1.895e-07
1.905e+00, 5.000e-01, -1.950e-01, 1.105e+05, 0.000e+00, 4.018e-04, 0.000e+00, 2.007e+00, 9.983e+02, 1.765e-07
1.905e+00, 5.000e-01, -1.850e-01, 1.106e+05, 0.000e+00, 3.660e-04, 0.000e+00, 2.009e+00, 9.983e+02, 1.586e-07
1.905e+00, 5.000e-01, -1.750e-01, 1.105e+05, 0.000e+00, 3.293e-04, 0.000e+00, 2.007e+00, 9.983e+02, 1.414e-07
1.905e+00, 5.000e-01, -1.650e-01, 1.104e+05, 0.000e+00, 2.949e-04, 0.000e+00, 2.005e+00, 9.983e+02, 1.266e-07
1.905e+00, 5.000e-01, -1.550e-01, 1.103e+05, 0.000e+00, 2.703e-04, 0.000e+00, 2.004e+00, 9.983e+02, 1.160e-07
1.905e+00, 5.000e-01, -1.450e-01, 1.102e+05, 0.000e+00, 2.665e-04, 0.000e+00, 2.002e+00, 9.983e+02, 1.144e-07
1.905e+00, 5.000e-01, -1.350e-01, 1.101e+05, 0.000e+00, 2.767e-04, 0.000e+00, 2.000e+00, 9.983e+02, 1.188e-07
1.905e+00, 5.000e-01, -1.250e-01, 1.100e+05, 0.000e+00, 2.628e-04, 0.000e+00, 1.998e+00, 9.983e+02, 1.128e-07
1.905e+00, 5.000e-01, -1.150e-01, 1.099e+05, 0.000e+00, 2.122e-04, 0.000e+00, 1.996e+00, 9.983e+02, 9.199e-08
1.905e+00, 5.000e-01, -1.050e-01, 1.110e+05, 0.000e+00, 1.457e-04, 0.000e+00, 2.017e+00, 9.983e+02, 6.398e-08
1.905e+00, 5.000e-01, -9.500e-02, 1.109e+05, 0.000e+00, 8.668e-05, 0.000e+00, 2.015e+00, 9.983e+02, 3.807e-08
1.905e+00, 5.000e-01, -8.500e-02, 1.108e+05, 0.000e+00, 4.606e-05, 0.000e+00, 2.013e+00, 9.983e+02, 2.023e-08
1.905e+00, 5.000e-01, -7.500e-02, 1.107e+05, 0.000e+00, 2.261e-05, 0.000e+00, 2.011e+00, 9.983e+02, 9.930e-09
1.905e+00, 5.000e-01, -6.500e-02, 1.106e+05, 0.000e+00, 1.054e-05, 0.000e+00, 2.009e+00, 9.983e+02, 4.629e-09
1.905e+00, 5.000e-01, -5.500e-02, 1.105e+05, 0.000e+00, 4.748e-06, 0.000e+00, 2.008e+00, 9.983e+02, 2.085e-09
1.905e+00, 5.000e-01, -4.500e-02, 1.104e+05, 0.000e+00, 2.080e-06, 0.000e+00, 2.006e+00, 9.983e+02, 9.138e-10
1.905e+00, 5.000e-01, -3.500e-02, 1.103e+05, 0.000e+00, 8.861e-07, 0.000e+00, 2.004e+00, 9.983e+02, 3.892e-10
1.905e+00, 5.000e-01, -2.500e-02, 1.102e+05, 0.000e+00, 3.659e-07, 0.000e+00, 2.002e+00, 9.983e+02, 1.607e-10
1.905e+00, 5.000e-01, -1.500e-02, 1.101e+05, 0.000e+00, 1.467e-07, 0.000e+00, 2.000e+00, 9.983e+02, 6.444e-11
1.905e+00, 5.000e-01, -5.000e-03, 1.100e+05, 0.000e+00, 5.797e-08, 0.000e+00, 1.999e+00, 9.983e+02, 2.546e-11
1.915e+00, 5.000e-01, -1.195e+00, 1.202e+05, 0.000e+00, 1.002e-13, 0.000e+00, 2.184e+00, 9.983e+02, 2.000e-17
1.915e+00, 5.000e-01, -1.185e+00, 1.201e+05, 0.000e+00, 1.002e-13, 0.000e+00, 2.182e+00, 9.983e+02, 2.000e-17
1.915e+00, 5.000e-01, -1.175e+00, 1.200e+05, 0.000e+00, 1.002e-13, 0.000e+00, 2.181e+00, 9.983e+02, 2.000e-17
1.915e+00, 5.000e-01, -1.165e+00, 1.199e+05, 0.000e+00, 1.002e-13, 0.000e+00, 2.179e+00, 9.983e+02, 2.000e-17
1.915e+00, 5.000e-01, -1.155e+00, 1.198e+05, 0.000e+00, 1.002e-13, 0.000e+00, 2.177e+00, 9.983e+02, 2.000e-17
1.915e+00, 5.000e-01, -1.145e+00, 1.197e+05, 0.000e+00, 1.002e-13, 0.000e+00, 2.175e+00, 9.983e+02, 2.000e-17
1.915e+00, 5.000e-01, -1.135e+00, 1.196e+05, 0.000e+00, 1.002e-13, 0.000e+00, 2.173e+00, 9.983e+02, 2.000e-17
1.915e+00, 5.000e-01, -1.125e+00, 1.195e+05, 0.000e+00, 1.002e-13, 0.000e+00, 2.172e+00, 9.983e+02, 2.000e-17
1.915e+00, 5.000e-01, -1.115e+00, 1.194e+05, 0.000e+00, 1.002e-13, 0.000e+00, 2.170e+00, 9.983e+02, 2.000e-17
1.915e+00, 5.000e-01, -1.105e+00, 1.193e+05, 0.000e+00, 1.002e-13, 0.000e+00, 2.168e+00, 9.983e+02, 2.000e-17
1.915e+00, 5.000e-01, -1.095e+00, 1.192e+05, 0.000e+00, 1.002e-13, 0.000e+00, 2.166e+00, 9.983e+02, 2.000e-17
1.915e+00, 5.000e-01, -1.085e+00, 1.191e+05, 0.000e+00, 1.003e-13, 0.000e+00, 2.165e+00, 9.983e+02, 2.003e-17
1.915e+00, 5.000e-01, -1.075e+00, 1.190e+05, 0.000e+00, 2.724e-09, 0.000e+00, 2.163e+00, 9.983e+02, 1.164e-12
1.915e+00, 5.000e-01, -1.065e+00, 1.189e+05, 0.000e+00, 5.646e-04, 0.000e+00, 2.161e+00, 9.984e+02, 2.424e-07
1.915e+00, 5.000e-01, -1.055e+00, 1.188e+05, 0.000e+00, 5.684e-04, 0.000e+00, 2.159e+00, 9.984e+02, 2.440e-07
1.915e+00, 5.000e-01, -1.045e+00, 1.187e+05, 0.000e+00, 5.647e-04, 0.000e+00, 2.158e+00, 9.984e+02, 2.424e-07
1.915e+00, 5.000e-01, -1.035e+00, 1.186e+05, 0.000e+00, 5.587e-04, 0.000e+00, 2.156e+00, 9.984e+02, 2.399e-07
1.915e+00, 5.000e-01, -1.025e+00, 1.185e+05, 0.000e+00, 5.533e-04, 0.000e+00, 2.154e+00, 9.984e+02, 2.375e-07
1.915e+00, 5.000e-01, -1.015e+00, 1.185e+05, 0.000e+00, 5.490e-04, 0.000e+00, 2.152e+00, 9.984e+02, 2.357e-07
1.915e+00, 5.000e-01, -1.005e+00, 1.184e+05, 0.000e+00, 5.454e-04, 0.000e+00, 2.150e+00, 9.984e+02, 2.341e-07
1.915e+00, 5.000e-01, -9.950e-01, 1.183e+05, 0.000e+00, 5.419e-04, 0.000e+00, 2.149e+00, 9.984e+02, 2.326e-07
1.915e+00, 5.000e-01, -9.850e-01, 1.182e+05, 0.000e+00, 5.380e-04, 0.000e+00, 2.147e+00, 9.984e+02, 2.310e-07
1.915e+00, 5.000e-01, -9.750e-01, 1.181e+05, 0.000e+00, 5.329e-04, 0.000e+00, 2.145e+00, 9.984e+02, 2.288e-07
1.915e+00, 5.000e-01, -9.650e-01, 1.180e+05, 0.000e+00, 5.259e-04, 0.000e+00, 2.143e+00, 9.984e+02, 2.258e-07
1.915e+00, 5.000e-01, -9.550e-01, 1.179e+05, 0.000e+00, 5.170e-04, 0.000e+00, 2.141e+00, 9.984e+02, 2.220e-07
1.915e+00, 5.000e-01, -9.450e-01, 1.178e+05, 0.000e+00, 5.067e-04, 0.000e+00, 2.140e+00, 9.984e+02, 2.175e-07
1.915e+00, 5.000e-01, -9.350e-01, 1.177e+05, 0.000e+00, 4.983e-04, 0.000e+00, 2.138e+00, 9.984e+02, 2.139e-07
1.915e+00, 5.000e-01, -9.250e-01, 1.176e+05, 0.000e+00, 4.905e-04, 0.000e+00, 2.136e+00, 9.984e+02, 2.106e-07
1.915e+00, 5.000e-01, -9.150e-01, 1.175e+05, 0.000e+00, 4.827e-04, 0.000e+00, 2.134e+00, 9.984e+02, 2.072e-07
1.915e+00, 5.000e-01, -9.050e-01, 1.174e+05, 0.000e+00, 4.757e-04, 0.000e+00, 2.132e+00, 9.983e+02, 2.042e-07
1.915e+00, 5.000e-01, -8.950e-01, 1.173e+05, 0.000e+00, 4.702e-04, 0.000e+00, 2.131e+00, 9.983e+02, 2.018e-07
1.915e+00, 5.000e-01, -8.850e-01, 1.172e+05, 0.000e+00, 4.661e-04, 0.000e+00, 2.129e+00, 9.983e+02, 2.001e-07
1.915e+00, 5.000e-01, -8.750e-01, 1.171e+05, 0.000e+00, 4.632e-04, 0.000e+00, 2.127e+00, 9.983e+02, 1.989e-07
1.915e+00, 5.000e-01, -8.650e-01, 1.170e+05, 0.000e+00, 4.610e-04, 0.000e+00, 2.125e+00, 9.983e+02, 1.979e-07
1.915e+00, 5.000e-01, -8.550e-01, 1.169e+05, 0.000e+00, 4.589e-04, 0.000e+00, 2.124e+00, 9.983e+02, 1.970e-07
1.915e+00, 5.000e-01, -8.450e-01, 1.168e+05, 0.000e+00, 4.567e-04, 0.000e+00, 2.122e+00, 9.983e+02, 1.960e-07
1.915e+00, 5.000e-01, -8.350e-01, 1.167e+05, 0.000e+00, 4.540e-04, 0.000e+00, 2.120e+00, 9.983e+02, 1.949e-07
1.915e+00, 5.000e-01, -8.250e-01, 1.166e+05, 0.000e+00, 4.509e-04, 0.000e+00, 2.118e+00, 9.983e+02, 1.936e-07
1.915e+00, 5.000e-01, -8.150e-01, 1.165e+05, 0.000e+00, 4.475e-04, 0.000e+00, 2.116e+00, 9.983e+02, 1.921e-07
1.915e+00, 5.000e-01, -8.050e-01, 1.164e+05, 0.000e+00, 4.442e-04, 0.000e+00, 2.115e+00, 9.983e+02, 1.907e-07
1.915e+00, 5.000e-01, -7.950e-01, 1.163e+05, 0.000e+00, 4.434e-04, 0.000e+00, 2.113e+00, 9.983e+02, 1.904e-07
1.915e+00, 5.000e-01, -7.850e-01, 1.162e+05, 0.000e+00, 4.388e-04, 0.000e+00, 2.111e+00, 9.983e+02, 1.884e-07
1.915e+00, 5.000e-01, -7.750e-01, 1.161e+05, 0.000e+00, 4.296e-04, 0.000e+00, 2.109e+00, 9.983e+02, 1.844e-07
1.915e+00, 5.000e-01, -7.650e-01, 1.160e+05, 0.000e+00, 4.192e-04, 0.000e+00, 2.107e+00, 9.983e+02, 1.800e-07
1.915e+00, 5.000e-01, -7.550e-01, 1.159e+05, 0.000e+00, 4.227e-04, 0.000e+00, 2.106e+00, 9.983e+02, 1.815e-07
1.915e+00, 5.000e-01, -7.450e-01, 1.158e+05, 0.000e+00, 4.376e-04, 0.000e+00, 2.104e+00, 9.983e+02, 1.879e-07
1.915e+00, 5.000e-01, -7.350e-01, 1.157e+05, 6.749e-07, 5.023e-04, 0.000e+00, 2.102e+00, 9.984e+02, 2.157e-07
1.915e+00, 5.000e-01, -7.250e-01, 1.156e+05, 4.718e-01, 1.895e-03, 0.000e+00, 2.100e+00, 9.986e+02, 8.558e-07
1.915e+00, 5.000e-01, -7.150e-01, 1.156e+05, 8.683e-01, 1.895e-03, 0.000e+00, 2.100e+00, 9.986e+02, 8.914e-07
1.915e+00, 5.000e-01, -7.050e-01, 1.156e+05, 8.724e-01, 1.895e-03, 0.000e+00, 2.100e+00, 9.986e+02, 8.917e-07
1.915e+00, 5.000e-01, -6.950e-01, 1.156e+05, 8.738e-01, 1.895e-03, 0.000e+00, 2.100e+00, 9.986e+02, 8.918e-07
1.915e+00, 5.000e-01, -6.850e-01, 1.156e+05, 8.753e-01, 1.895e-03, 0.000e+00, 2.100e+00, 9.986e+02, 8.990e-07
1.915e+00, 5.000e-01, -6.750e-01, 1.166e+05, 0.000e+00, 3.747e-04, 0.000e+00, 2.119e+00, 9.983e+02, 1.646e-07
1.915e+00, 5.000e-01, -6.650e-01, 1.165e+05, 0.000e+00, 2.336e-04, 0.000e+00, 2.117e+00, 9.983e+02, 1.026e-07
1.915e+00, 5.000e-01, -6.550e-01, 1.164e+05, 0.000e+00, 1.360e-04, 0.000e+00, 2.115e+00, 9.983e+02, 5.974e-08
1.915e+00, 5.000e-01, -6.450e-01, 1.163e+05, 0.000e+00, 7.508e-05, 0.000e+00, 2.113e+00, 9.983e+02, 3.298e-08
1.915e+00, 5.000e-01, -6.350e-01, 1.162e+05, 0.000e+00, 4.278e-05, 0.000e+00, 2.111e+00, 9.983e+02, 1.879e-08
1.915e+00, 5.000e-01, -6.250e-01, 1.161e+05, 0.000e+00, 3.350e-05, 0.000e+00, 2.110e+00, 9.983e+02, 1.471e-08
1.915e+00, 5.000e-01, -6.150e-01, 1.160e+05, 0.000e+00, 4.654e-05, 0.000e+00, 2.108e+00, 9.983e+02, 2.044e-08
1.915e+00, 5.000e-01, -6.050e-01, 1.159e+05, 0.000e+00, 8.660e-05, 0.000e+00, 2.106e+00, 9.983e+02, 3.804e-08
1.915e+00, 5.000e-01, -5.950e-01, 1.158e+05, 0.000e+00, 1.610e-04, 0.000e+00, 2.104e+00, 9.983e+02, 7.071e-08
1.915e+00, 5.000e-01, -5.850e-01, 1.157e+05, 0.000e+00, 2.729e-04, 0.000e+00, 2.102e+00, 9.983e+02, 1.199e-07
1.915e+00, 5.000e-01, -5.750e-01, 1.156e+05, 0.000e+00, 4.145e-04, 0.000e+00, 2.101e+00, 9.983e+02, 1.821e-07
1.915e+00, 5.000e-01, -5.650e-01, 1.155e+05, 0.000e+00, 5.739e-04, 0.000e+00, 2.099e+00, 9.984e+02, 2.521e-07
1.915e+00, 5.000e-01, -5.550e-01, 1.140e+05, 0.000e+00, 7.670e-04, 0.000e+00, 2.070e+00, 9.984e+02, 3.446e-07
1.915e+00, 5.000e-01, -5.450e-01, 1.139e+05, 0.000e+00, 8.497e-04, 0.000e+00, 2.068e+00, 9.984e+02, 3.818e-07
1.915e+00, 5.000e-01, -5.350e-01, 1.138e+05, 0.000e+00, 8.731e-04, 0.000e+00, 2.067e+00, 9.984e+02, 3.923e-07
1.915e+00, 5.000e-01, -5.250e-01, 1.137e+05, 0.000e+00, 8.717e-04, 0.000e+00, 2.065e+00, 9.984e+02, 3.916e-07
1.915e+00, 5.000e-01, -5.150e-01, 1.136e+05, 0.000e+00, 8.581e-04, 0.000e+00, 2.063e+00, 9.984e+02, 3.855e-07
1.915e+00, 5.000e-01, -5.050e-01, 1.135e+05, 0.000e+00, 8.365e-04, 0.000e+00, 2.061e+00, 9.984e+02, 3.758e-07
1.915e+00, 5.000e-01, -4.950e-01, 1.134e+05, 0.000e+00, 8.086e-04, 0.000e+00, 2.059e+00, 9.984e+02, 3.633e-07
1.915e+00, 5.000e-01, -4.850e-01, 1.133e+05, 0.000e+00, 7.759e-04, 0.000e+00, 2.057e+00, 9.984e+02, 3.373e-07
1.915e+00, 5.000e-01, -4.750e-01, 1.132e+05, 0.000e+00, 7.415e-04, 0.000e+00, 2.056e+00, 9.984e+02, 3.183e-07
1.915e+00, 5.000e-01, -4.650e-01, 1.131e+05, 0.000e+00, 7.070e-04, 0.000e+00, 2.054e+00, 9.984e+02, 3.035e-07
1.915e+00, 5.000e-01, -4.550e-01, 1.130e+05, 0.000e+00, 6.730e-04, 0.000e+00, 2.052e+00, 9.984e+02, 2.889e-07
1.915e+00, 5.000e-01, -4.450e-01, 1.129e+05, 0.000e+00, 6.414e-04, 0.000e+00, 2.050e+00, 9.984e+02, 2.754e-07
1.915e+00, 5.000e-01, -4.350e-01, 1.128e+05, 0.000e+00, 6.147e-04, 0.000e+00, 2.048e+00, 9.984e+02, 2.639e-07
1.915e+00, 5.000e-01, -4.250e-01, 1.127e+05, 0.000e+00, 5.961e-04, 0.000e+00, 2.047e+00, 9.984e+02, 2.559e-07
1.915e+00, 5.000e-01, -4.150e-01, 1.126e+05, 0.000e+00, 5.862e-04, 0.000e+00, 2.045e+00, 9.984e+02, 2.517e-07
1.915e+00, 5.000e-01, -4.050e-01, 1.125e+05, 0.000e+00, 5.813e-04, 0.000e+00, 2.043e+00, 9.984e+02, 2.495e-07
1.915e+00, 5.000e-01, -3.950e-01, 1.124e+05, 0.000e+00, 5.762e-04, 0.000e+00, 2.041e+00, 9.984e+02, 2.473e-07
1.915e+00, 5.000e-01, -3.850e-01, 1.123e+05, 0.000e+00, 5.704e-04, 0.000e+00, 2.039e+00, 9.984e+02, 2.449e-07
1.915e+00, 5.000e-01, -3.750e-01, 1.122e+05, 0.000e+00, 5.646e-04, 0.000e+00, 2.038e+00, 9.984e+02, 2.424e-07
1.915e+00, 5.000e-01, -3.650e-01, 1.121e+05, 0.000e+00, 5.595e-04, 0.000e+00, 2.036e+00, 9.984e+02, 2.402e-07
1.915e+00, 5.000e-01, -3.550e-01, 1.120e+05, 0.000e+00, 5.560e-04, 0.000e+00, 2.034e+00, 9.984e+02, 2.417e-07
1.915e+00, 5.000e-01, -3.450e-01, 1.119e+05, 0.000e+00, 5.563e-04, 0.000e+00, 2.033e+00, 9.984e+02, 2.499e-07
1.915e+00, 5.000e-01, -3.350e-01, 1.118e+05, 0.000e+00, 5.630e-04, 0.000e+00, 2.031e+00, 9.984e+02, 2.530e-07
1.915e+00, 5.000e-01, -3.250e-01, 1.117e+05, 0.000e+00, 5.703e-04, 0.000e+00, 2.029e+00, 9.984e+02, 2.562e-07
1.915e+00, 5.000e-01, -3.150e-01, 1.116e+05, 0.000e+00, 5.745e-04, 0.000e+00, 2.027e+00, 9.984e+02, 2.581e-07
1.915e+00, 5.000e-01, -3.050e-01, 1.115e+05, 0.000e+00, 5.738e-04, 0.000e+00, 2.025e+00, 9.984e+02, 2.578e-07
1.915e+00, 5.000e-01, -2.950e-01, 1.114e+05, 0.000e+00, 5.672e-04, 0.000e+00, 2.024e+00, 9.984e+02, 2.548e-07
1.915e+00, 5.000e-01, -2.850e-01, 1.113e+05, 0.000e+00, 5.534e-04, 0.000e+00, 2.022e+00, 9.984e+02, 2.486e-07
1.915e+00, 5.000e-01, -2.750e-01, 1.112e+05, 0.000e+00, 5.325e-04, 0.000e+00, 2.020e+00, 9.984e+02, 2.392e-07
1.915e+00, 5.000e-01, -2.650e-01, 1.112e+05, 0.000e+00, 5.205e-04, 0.000e+00, 2.020e+00, 9.984e+02, 2.296e-07
1.915e+00, 5.000e-01, -2.550e-01, 1.111e+05, 0.000e+00, 5.251e-04, 0.000e+00, 2.018e+00, 9.984e+02, 2.307e-07
1.915e+00, 5.000e-01, -2.450e-01, 1.110e+05, 0.000e+00, 5.287e-04, 0.000e+00, 2.016e+00, 9.984e+02, 2.323e-07
1.915e+00, 5.000e-01, -2.350e-01, 1.109e+05, 0.000e+00, 5.244e-04, 0.000e+00, 2.014e+00, 9.984e+02, 2.304e-07
1.915e+00, 5.000e-01, -2.250e-01, 1.108e+05, 0.000e+00, 5.118e-04, 0.000e+00, 2.012e+00, 9.984e+02, 2.248e-07
1.915e+00, 5.000e-01, -2.150e-01, 1.107e+05, 0.000e+00, 4.904e-04, 0.000e+00, 2.011e+00, 9.983e+02, 2.154e-07
1.915e+00, 5.000e-01, -2.050e-01, 1.106e+05, 0.000e+00, 4.594e-04, 0.000e+00, 2.009e+00, 9.983e+02, 2.018e-07
1.915e+00, 5.000e-01, -1.950e-01, 1.105e+05, 0.000e+00, 4.191e-04, 0.000e+00, 2.007e+00, 9.983e+02, 1.841e-07
1.915e+00, 5.000e-01, -1.850e-01, 1.106e+05, 0.000e+00, 3.739e-04, 0.000e+00, 2.009e+00, 9.983e+02, 1.623e-07
1.915e+00, 5.000e-01, -1.750e-01, 1.105e+05, 0.000e+00, 3.332e-04, 0.000e+00, 2.007e+00, 9.983e+02, 1.430e-07
1.915e+00, 5.000e-01, -1.650e-01, 1.104e+05, 0.000e+00, 2.986e-04, 0.000e+00, 2.005e+00, 9.983e+02, 1.282e-07
1.915e+00, 5.000e-01, -1.550e-01, 1.103e+05, 0.000e+00, 2.747e-04, 0.000e+00, 2.004e+00, 9.983e+02, 1.179e-07
1.915e+00, 5.000e-01, -1.450e-01, 1.102e+05, 0.000e+00, 2.713e-04, 0.000e+00, 2.002e+00, 9.983e+02, 1.165e-07
1.915e+00, 5.000e-01, -1.350e-01, 1.101e+05, 0.000e+00, 2.810e-04, 0.000e+00, 2.000e+00, 9.983e+02, 1.206e-07
1.915e+00, 5.000e-01, -1.250e-01, 1.100e+05, 0.000e+00, 2.668e-04, 0.000e+00, 1.998e+00, 9.983e+02, 1.145e-07
1.915e+00, 5.000e-01, -1.150e-01, 1.099e+05, 0.000e+00, 2.156e-04, 0.000e+00, 1.996e+00, 9.983e+02, 9.343e-08
1.915e+00, 5.000e-01, -1.050e-01, 1.110e+05, 0.000e+00, 1.482e-04, 0.000e+00, 2.017e+00, 9.983e+02, 6.509e-08
1.915e+00, 5.000e-01, -9.500e-02, 1.109e+05, 0.000e+00, 8.823e-05, 0.000e+00, 2.015e+00, 9.983e+02, 3.876e-08
1.915e+00, 5.000e-01, -8.500e-02, 1.108e+05, 0.000e+00, 4.684e-05, 0.000e+00, 2.013e+00, 9.983e+02, 2.057e-08
1.915e+00, 5.000e-01, -7.500e-02, 1.107e+05, 0.000e+00, 2.293e-05, 0.000e+00, 2.011e+00, 9.983e+02, 1.007e-08
1.915e+00, 5.000e-01, -6.500e-02, 1.106e+05, 0.000e+00, 1.065e-05, 0.000e+00, 2.009e+00, 9.983e+02, 4.679e-09
1.915e+00, 5.000e-01, -5.500e-02, 1.105e+05, 0.000e+00, 4.779e-06, 0.000e+00, 2.008e+00, 9.983e+02, 2.099e-09
1.915e+00, 5.000e-01, -4.500e-02, 1.104e+05, 0.000e+00, 2.085e-06, 0.000e+00, 2.006e+00, 9.983e+02, 9.156e-10
1.915e+00, 5.000e-01, -3.500e-02, 1.103e+05, 0.000e+00, 8.839e-07, 0.000e+00, 2.004e+00, 9.983e+02, 3.882e-10
1.915e+00, 5.000e-01, -2.500e-02, 1.102e+05, 0.000e+00, 3.634e-07, 0.000e+00, 2.002e+00, 9.983e+02, 1.596e-10
1.915e+00, 5.000e-01, -1.500e-02, 1.101e+05, 0.000e+00, 1.452e-07, 0.000e+00, 2.000e+00, 9.983e+02, 6.376e-11
1.915e+00, 5.000e-01, -5.000e-03, 1.100e+05, 0.000e+00, 5.720e-08, 0.000e+00, 1.999e+00, 9.983e+02, 2.512e-11
1.925e+00, 5.000e-01, -1.195e+00, 1.202e+05, 0.000e+00, 1.002e-13, 0.000e+00, 2.184e+00, 9.983e+02, 2.000e-17
1.925e+00, 5.000e-01, -1.185e+00, 1.201e+05, 0.000e+00, 1.002e-13, 0.000e+00, 2.182e+00, 9.983e+02, 2.000e-17
1.925e+00, 5.000e-01, -1.175e+00, 1.200e+05, 0.000e+00, 1.002e-13, 0.000e+00, 2.181e+00, 9.983e+02, 2.000e-17
1.925e+00, 5.000e-01, -1.165e+00, 1.199e+05, 0.000e+00, 1.002e-13, 0.000e+00, 2.179e+00, 9.983e+02, 2.000e-17
1.925e+00, 5.000e-01, -1.155e+00, 1.198e+05, 0.000e+00, 1.002e-13, 0.000e+00, 2.177e+00, 9.983e+02, 2.000e-17
1.925e+00, 5.000e-01, -1.145e+00, 1.197e+05, 0.000e+00, 1.002e-13, 0.000e+00, 2.175e+00, 9.983e+02, 2.000e-17
1.925e+00, 5.000e-01, -1.135e+00, 1.196e+05, 0.000e+00, 1.002e-13, 0.000e+00, 2.173e+00, 9.983e+02, 2.000e-17
1.925e+00, 5.000e-01, -1.125e+00, 1.195e+05, 0.000e+00, 1.002e-13, 0.000e+00, 2.172e+00, 9.983e+02, 2.000e-17
1.925e+00, 5.000e-01, -1.115e+00, 1.194e+05, 0.000e+00, 1.002e-13, 0.000e+00, 2.170e+00, 9.983e+02, 2.000e-17
1.925e+00, 5.000e-01, -1.105e+00, 1.193e+05, 0.000e+00, 1.002e-13, 0.000e+00, 2.168e+00, 9.983e+02, 2.000e-17
1.925e+00, 5.000e-01, -1.095e+00, 1.192e+05, 0.000e+00, 1.002e-13, 0.000e+00, 2.166e+00, 9.983e+02, 2.000e-17
1.925e+00, 5.000e-01, -1.085e+00, 1.191e+05, 0.000e+00, 1.002e-13, 0.000e+00, 2.165e+00, 9.983e+02, 2.000e-17
1.925e+00, 5.000e-01, -1.075e+00, 1.190e+05, 0.000e+00, 2.863e-09, 0.000e+00, 2.163e+00, 9.983e+02, 1.227e-12
1.925e+00, 5.000e-01, -1.065e+00, 1.189e+05, 0.000e+00, 5.972e-04, 0.000e+00, 2.161e+00, 9.984e+02, 2.564e-07
1.925e+00, 5.000e-01, -1.055e+00, 1.188e+05, 0.000e+00, 6.095e-04, 0.000e+00, 2.159e+00, 9.984e+02, 2.617e-07
1.925e+00, 5.000e-01, -1.045e+00, 1.187e+05, 0.000e+00, 6.115e-04, 0.000e+00, 2.158e+00, 9.984e+02, 2.625e-07
1.925e+00, 5.000e-01, -1.035e+00, 1.186e+05, 0.000e+00, 6.091e-04, 0.000e+00, 2.156e+00, 9.984e+02, 2.615e-07
1.925e+00, 5.000e-01, -1.025e+00, 1.185e+05, 0.000e+00, 6.061e-04, 0.000e+00, 2.154e+00, 9.984e+02, 2.602e-07
1.925e+00, 5.000e-01, -1.015e+00, 1.185e+05, 0.000e+00, 6.037e-04, 0.000e+00, 2.152e+00, 9.984e+02, 2.592e-07
1.925e+00, 5.000e-01, -1.005e+00, 1.184e+05, 0.000e+00, 6.023e-04, 0.000e+00, 2.150e+00, 9.984e+02, 2.586e-07
1.925e+00, 5.000e-01, -9.950e-01, 1.183e+05, 0.000e+00, 6.017e-04, 0.000e+00, 2.149e+00, 9.984e+02, 2.583e-07
1.925e+00, 5.000e-01, -9.850e-01, 1.182e+05, 0.000e+00, 6.009e-04, 0.000e+00, 2.147e+00, 9.984e+02, 2.580e-07
1.925e+00, 5.000e-01, -9.750e-01, 1.181e+05, 0.000e+00, 5.990e-04, 0.000e+00, 2.145e+00, 9.984e+02, 2.571e-07
1.925e+00, 5.000e-01, -9.650e-01, 1.180e+05, 0.000e+00, 5.954e-04, 0.000e+00, 2.143e+00, 9.984e+02, 2.556e-07
1.925e+00, 5.000e-01, -9.550e-01, 1.179e+05, 0.000e+00, 5.900e-04, 0.000e+00, 2.141e+00, 9.984e+02, 2.533e-07
1.925e+00, 5.000e-01, -9.450e-01, 1.178e+05, 0.000e+00, 5.825e-04, 0.000e+00, 2.140e+00, 9.984e+02, 2.500e-07
1.925e+00, 5.000e-01, -9.350e-01, 1.177e+05, 0.000e+00, 5.730e-04, 0.000e+00, 2.138e+00, 9.984e+02, 2.460e-07
1.925e+00, 5.000e-01, -9.250e-01, 1.176e+05, 0.000e+00, 5.640e-04, 0.000e+00, 2.136e+00, 9.984e+02, 2.421e-07
1.925e+00, 5.000e-01, -9.150e-01, 1.175e+05, 0.000e+00, 5.554e-04, 0.000e+00, 2.134e+00, 9.984e+02, 2.384e-07
1.925e+00, 5.000e-01, -9.050e-01, 1.174e+05, 0.000e+00, 5.473e-04, 0.000e+00, 2.132e+00, 9.984e+02, 2.350e-07
1.925e+00, 5.000e-01, -8.950e-01, 1.173e+05, 0.000e+00, 5.401e-04, 0.000e+00, 2.131e+00, 9.984e+02, 2.319e-07
1.925e+00, 5.000e-01, -8.850e-01, 1.172e+05, 0.000e+00, 5.337e-04, 0.000e+00, 2.129e+00, 9.984e+02, 2.291e-07
1.925e+00, 5.000e-01, -8.750e-01, 1.171e+05, 0.000e+00, 5.278e-04, 0.000e+00, 2.127e+00, 9.984e+02, 2.266e-07
1.925e+00, 5.000e-01, -8.650e-01, 1.170e+05, 0.000e+00, 5.218e-04, 0.000e+00, 2.125e+00, 9.984e+02, 2.240e-07
1.925e+00, 5.000e-01, -8.550e-01, 1.169e+05, 0.000e+00, 5.152e-04, 0.000e+00, 2.124e+00, 9.984e+02, 2.212e-07
1.925e+00, 5.000e-01, -8.450e-01, 1.168e+05, 0.000e+00, 5.077e-04, 0.000e+00, 2.122e+00, 9.984e+02, 2.179e-07
1.925e+00, 5.000e-01, -8.350e-01, 1.167e+05, 0.000e+00, 4.992e-04, 0.000e+00, 2.120e+00, 9.984e+02, 2.143e-07
1.925e+00, 5.000e-01, -8.250e-01, 1.166e+05, 0.000e+00, 4.902e-04, 0.000e+00, 2.118e+00, 9.984e+02, 2.104e-07
1.925e+00, 5.000e-01, -8.150e-01, 1.165e+05, 0.000e+00, 4.824e-04, 0.000e+00, 2.116e+00, 9.984e+02, 2.071e-07
1.925e+00, 5.000e-01, -8.050e-01, 1.164e+05, 0.000e+00, 4.800e-04, 0.000e+00, 2.115e+00, 9.983e+02, 2.061e-07
1.925e+00, 5.000e-01, -7.950e-01, 1.163e+05, 0.000e+00, 5.004e-04, 0.000e+00, 2.113e+00, 9.984e+02, 2.148e-07
1.925e+00, 5.000e-01, -7.850e-01, 1.162e+05, 0.000e+00, 5.391e-04, 0.000e+00, 2.111e+00, 9.984e+02, 2.314e-07
1.925e+00, 5.000e-01, -7.750e-01, 1.161e+05, 0.000e+00, 5.217e-04, 0.000e+00, 2.109e+00, 9.984e+02, 2.240e-07
1.925e+00, 5.000e-01, -7.650e-01, 1.160e+05, 0.000e+00, 4.831e-04, 0.000e+00, 2.107e+00, 9.984e+02, 2.074e-07
1.925e+00, 5.000e-01, -7.550e-01, 1.159e+05, 0.000e+00, 4.613e-04, 0.000e+00, 2.106e+00, 9.983e+02, 1.980e-07
1.925e+00, 5.000e-01, -7.450e-01, 1.158e+05, 0.000e+00, 4.593e-04, 0.000e+00, 2.104e+00, 9.983e+02, 1.972e-07
1.925e+00, 5.000e-01, -7.350e-01, 1.157e+05, 6.750e-07, 5.215e-04, 0.000e+00, 2.102e+00, 9.984e+02, 2.239e-07
1.925e+00, 5.000e-01, -7.250e-01, 1.156e+05, 4.719e-01, 1.895e-03, 0.000e+00, 2.100e+00, 9.986e+02, 8.558e-07
1.925e+00, 5.000e-01, -7.150e-01, 1.156e+05, 8.683e-01, 1.895e-03, 0.000e+00, 2.100e+00, 9.986e+02, 8.914e-07
1.925e+00, 5.000e-01, -7.050e-01, 1.156e+05, 8.724e-01, 1.895e-03, 0.000e+00, 2.100e+00, 9.986e+02, 8.917e-07
1.925e+00, 5.000e-01, -6.950e-01, 1.156e+05, 8.738e-01, 1.895e-03, 0.000e+00, 2.100e+00, 9.986e+02, 8.918e-07
1.925e+00, 5.000e-01, -6.850e-01, 1.156e+05, 8.753e-01, 1.895e-03, 0.000e+00, 2.100e+00, 9.986e+02, 8.991e-07
1.925e+00, 5.000e-01, -6.750e-01, 1.166e+05, 0.000e+00, 3.742e-04, 0.000e+00, 2.119e+00, 9.983e+02, 1.644e-07
1.925e+00, 5.000e-01, -6.650e-01, 1.165e+05, 0.000e+00, 2.330e-04, 0.000e+00, 2.117e+00, 9.983e+02, 1.023e-07
1.925e+00, 5.000e-01, -6.550e-01, 1.164e+05, 0.000e+00, 1.355e-04, 0.000e+00, 2.115e+00, 9.983e+02, 5.950e-08
1.925e+00, 5.000e-01, -6.450e-01, 1.163e+05, 0.000e+00, 7.465e-05, 0.000e+00, 2.113e+00, 9.983e+02, 3.279e-08
1.925e+00, 5.000e-01, -6.350e-01, 1.162e+05, 0.000e+00, 4.240e-05, 0.000e+00, 2.111e+00, 9.983e+02, 1.862e-08
1.925e+00, 5.000e-01, -6.250e-01, 1.161e+05, 0.000e+00, 3.306e-05, 0.000e+00, 2.110e+00, 9.983e+02, 1.452e-08
1.925e+00, 5.000e-01, -6.150e-01, 1.160e+05, 0.000e+00, 4.595e-05, 0.000e+00, 2.108e+00, 9.983e+02, 2.018e-08
1.925e+00, 5.000e-01, -6.050e-01, 1.159e+05, 0.000e+00, 8.586e-05, 0.000e+00, 2.106e+00, 9.983e+02, 3.771e-08
1.925e+00, 5.000e-01, -5.950e-01, 1.158e+05, 0.000e+00, 1.603e-04, 0.000e+00, 2.104e+00, 9.983e+02, 7.040e-08
1.925e+00, 5.000e-01, -5.850e-01, 1.157e+05, 0.000e+00, 2.728e-04, 0.000e+00, 2.102e+00, 9.983e+02, 1.198e-07
1.925e+00, 5.000e-01, -5.750e-01, 1.156e+05, 0.000e+00, 4.172e-04, 0.000e+00, 2.101e+00, 9.983e+02, 1.833e-07
1.925e+00, 5.000e-01, -5.650e-01, 1.155e+05, 0.000e+00, 5.851e-04, 0.000e+00, 2.099e+00, 9.984e+02, 2.572e-07
1.925e+00, 5.000e-01, -5.550e-01, 1.140e+05, 0.000e+00, 7.911e-04, 0.000e+00, 2.070e+00, 9.984e+02, 3.554e-07
1.925e+00, 5.000e-01, -5.450e-01, 1.139e+05, 0.000e+00, 8.743e-04, 0.000e+00, 2.068e+00, 9.984e+02, 3.928e-07
1.925e+00, 5.000e-01, -5.350e-01, 1.138e+05, 0.000e+00, 8.942e-04, 0.000e+00, 2.067e+00, 9.984e+02, 4.018e-07
1.925e+00, 5.000e-01, -5.250e-01, 1.137e+05, 0.000e+00, 8.883e-04, 0.000e+00, 2.065e+00, 9.984e+02, 3.991e-07
1.925e+00, 5.000e-01, -5.150e-01, 1.136e+05, 0.000e+00, 8.701e-04, 0.000e+00, 2.063e+00, 9.984e+02, 3.909e-07
1.925e+00, 5.000e-01, -5.050e-01, 1.135e+05, 0.000e+00, 8.445e-04, 0.000e+00, 2.061e+00, 9.984e+02, 3.794e-07
1.925e+00, 5.000e-01, -4.950e-01, 1.134e+05, 0.000e+00, 8.139e-04, 0.000e+00, 2.059e+00, 9.984e+02, 3.657e-07
1.925e+00, 5.000e-01, -4.850e-01, 1.133e+05, 0.000e+00, 7.804e-04, 0.000e+00, 2.057e+00, 9.984e+02, 3.403e-07
1.925e+00, 5.000e-01, -4.750e-01, 1.132e+05, 0.000e+00, 7.467e-04, 0.000e+00, 2.056e+00, 9.984e+02, 3.206e-07
1.925e+00, 5.000e-01, -4.650e-01, 1.131e+05, 0.000e+00, 7.141e-04, 0.000e+00, 2.054e+00, 9.984e+02, 3.066e-07
1.925e+00, 5.000e-01, -4.550e-01, 1.130e+05, 0.000e+00, 6.829e-04, 0.000e+00, 2.052e+00, 9.984e+02, 2.932e-07
1.925e+00, 5.000e-01, -4.450e-01, 1.129e+05, 0.000e+00, 6.534e-04, 0.000e+00, 2.050e+00, 9.984e+02, 2.805e-07
1.925e+00, 5.000e-01, -4.350e-01, 1.128e+05, 0.000e+00, 6.277e-04, 0.000e+00, 2.048e+00, 9.984e+02, 2.695e-07
1.925e+00, 5.000e-01, -4.250e-01, 1.127e+05, 0.000e+00, 6.079e-04, 0.000e+00, 2.047e+00, 9.984e+02, 2.610e-07
1.925e+00, 5.000e-01, -4.150e-01, 1.126e+05, 0.000e+00, 5.950e-04, 0.000e+00, 2.045e+00, 9.984e+02, 2.554e-07
1.925e+00, 5.000e-01, -4.050e-01, 1.125e+05, 0.000e+00, 5.879e-04, 0.000e+00, 2.043e+00, 9.984e+02, 2.524e-07
1.925e+00, 5.000e-01, -3.950e-01, 1.124e+05, 0.000e+00, 5.839e-04, 0.000e+00, 2.041e+00, 9.984e+02, 2.506e-07
1.925e+00, 5.000e-01, -3.850e-01, 1.123e+05, 0.000e+00, 5.824e-04, 0.000e+00, 2.039e+00, 9.984e+02, 2.500e-07
1.925e+00, 5.000e-01, -3.750e-01, 1.122e+05, 0.000e+00, 5.840e-04, 0.000e+00, 2.038e+00, 9.984e+02, 2.507e-07
1.925e+00, 5.000e-01, -3.650e-01, 1.121e+05, 0.000e+00, 5.924e-04, 0.000e+00, 2.036e+00, 9.984e+02, 2.543e-07
1.925e+00, 5.000e-01, -3.550e-01, 1.120e+05, 0.000e+00, 6.057e-04, 0.000e+00, 2.034e+00, 9.984e+02, 2.629e-07
1.925e+00, 5.000e-01, -3.450e-01, 1.119e+05, 0.000e+00, 6.197e-04, 0.000e+00, 2.033e+00, 9.984e+02, 2.784e-07
1.925e+00, 5.000e-01, -3.350e-01, 1.118e+05, 0.000e+00, 6.295e-04, 0.000e+00, 2.031e+00, 9.984e+02, 2.828e-07
1.925e+00, 5.000e-01, -3.250e-01, 1.117e+05, 0.000e+00, 6.360e-04, 0.000e+00, 2.029e+00, 9.984e+02, 2.858e-07
1.925e+00, 5.000e-01, -3.150e-01, 1.116e+05, 0.000e+00, 6.392e-04, 0.000e+00, 2.027e+00, 9.984e+02, 2.872e-07
1.925e+00, 5.000e-01, -3.050e-01, 1.115e+05, 0.000e+00, 6.377e-04, 0.000e+00, 2.025e+00, 9.984e+02, 2.865e-07
1.925e+00, 5.000e-01, -2.950e-01, 1.114e+05, 0.000e+00, 6.318e-04, 0.000e+00, 2.024e+00, 9.984e+02, 2.838e-07
1.925e+00, 5.000e-01, -2.850e-01, 1.113e+05, 0.000e+00, 6.219e-04, 0.000e+00, 2.022e+00, 9.984e+02, 2.794e-07
1.925e+00, 5.000e-01, -2.750e-01, 1.112e+05, 0.000e+00, 6.096e-04, 0.000e+00, 2.020e+00, 9.984e+02, 2.739e-07
1.925e+00, 5.000e-01, -2.650e-01, 1.112e+05, 0.000e+00, 6.011e-04, 0.000e+00, 2.020e+00, 9.984e+02, 2.652e-07
1.925e+00, 5.000e-01, -2.550e-01, 1.111e+05, 0.000e+00, 6.028e-04, 0.000e+00, 2.018e+00, 9.984e+02, 2.648e-07
1.925e+00, 5.000e-01, -2.450e-01, 1.110e+05, 0.000e+00, 6.002e-04, 0.000e+00, 2.016e+00, 9.984e+02, 2.637e-07
1.925e+00, 5.000e-01, -2.350e-01, 1.109e+05, 0.000e+00, 5.896e-04, 0.000e+00, 2.014e+00, 9.984e+02, 2.590e-07
1.925e+00, 5.000e-01, -2.250e-01, 1.108e+05, 0.000e+00, 5.716e-04, 0.000e+00, 2.012e+00, 9.984e+02, 2.511e-07
1.925e+00, 5.000e-01, -2.150e-01, 1.107e+05, 0.000e+00, 5.455e-04, 0.000e+00, 2.011e+00, 9.984e+02, 2.396e-07
1.925e+00, 5.000e-01, -2.050e-01, 1.106e+05, 0.000e+00, 5.094e-04, 0.000e+00, 2.009e+00, 9.984e+02, 2.237e-07
1.925e+00, 5.000e-01, -1.950e-01, 1.105e+05, 0.000e+00, 4.605e-04, 0.000e+00, 2.007e+00, 9.983e+02, 2.023e-07
1.925e+00, 5.000e-01, -1.850e-01, 1.104e+05, 0.000e+00, 4.010e-04, 0.000e+00, 2.005e+00, 9.983e+02, 1.743e-07
1.925e+00, 5.000e-01, -1.750e-01, 1.105e+05, 0.000e+00, 3.518e-04, 0.000e+00, 2.007e+00, 9.983e+02, 1.510e-07
1.925e+00, 5.000e-01, -1.650e-01, 1.104e+05, 0.000e+00, 3.160e-04, 0.000e+00, 2.005e+00, 9.983e+02, 1.356e-07
1.925e+00, 5.000e-01, -1.550e-01, 1.103e+05, 0.000e+00, 2.928e-04, 0.000e+00, 2.004e+00, 9.983e+02, 1.257e-07
1.925e+00, 5.000e-01, -1.450e-01, 1.102e+05, 0.000e+00, 2.889e-04, 0.000e+00, 2.002e+00, 9.983e+02, 1.240e-07
1.925e+00, 5.000e-01, -1.350e-01, 1.101e+05, 0.000e+00, 2.934e-04, 0.000e+00, 2.000e+00, 9.983e+02, 1.259e-07
1.925e+00, 5.000e-01, -1.250e-01, 1.100e+05, 0.000e+00, 2.733e-04, 0.000e+00, 1.998e+00, 9.983e+02, 1.173e-07
1.925e+00, 5.000e-01, -1.150e-01, 1.099e+05, 0.000e+00, 2.185e-04, 0.000e+00, 1.996e+00, 9.983e+02, 9.467e-08
1.925e+00, 5.000e-01, -1.050e-01, 1.110e+05, 0.000e+00, 1.491e-04, 0.000e+00, 2.017e+00, 9.983e+02, 6.551e-08
1.925e+00, 5.000e-01, -9.500e-02, 1.109e+05, 0.000e+00, 8.839e-05, 0.000e+00, 2.015e+00, 9.983e+02, 3.882e-08
1.925e+00, 5.000e-01, -8.500e-02, 1.108e+05, 0.000e+00, 4.677e-05, 0.000e+00, 2.013e+00, 9.983e+02, 2.054e-08
1.925e+00, 5.000e-01, -7.500e-02, 1.107e+05, 0.000e+00, 2.284e-05, 0.000e+00, 2.011e+00, 9.983e+02, 1.003e-08
1.925e+00, 5.000e-01, -6.500e-02, 1.106e+05, 0.000e+00, 1.059e-05, 0.000e+00, 2.009e+00, 9.983e+02, 4.650e-09
1.925e+00, 5.000e-01, -5.500e-02, 1.105e+05, 0.000e+00, 4.740e-06, 0.000e+00, 2.008e+00, 9.983e+02, 2.082e-09
1.925e+00, 5.000e-01, -4.500e-02, 1.104e+05, 0.000e+00, 2.063e-06, 0.000e+00, 2.006e+00, 9.983e+02, 9.062e-10
1.925e+00, 5.000e-01, -3.500e-02, 1.103e+05, 0.000e+00, 8.728e-07, 0.000e+00, 2.004e+00, 9.983e+02, 3.834e-10
1.925e+00, 5.000e-01, -2.500e-02, 1.102e+05, 0.000e+00, 3.579e-07, 0.000e+00, 2.002e+00, 9.983e+02, 1.572e-10
1.925e+00, 5.000e-01, -1.500e-02, 1.101e+05, 0.000e+00, 1.426e-07, 0.000e+00, 2.000e+00, 9.983e+02, 6.263e-11
1.925e+00, 5.000e-01, -5.000e-03, 1.100e+05, 0.000e+00, 5.607e-08, 0.000e+00, 1.999e+00, 9.983e+02, 2.463e-11
1.935e+00, 5.000e-01, -1.195e+00, 1.202e+05, 0.000e+00, 1.002e-13, 0.000e+00, 2.184e+00, 9.983e+02, 2.000e-17
1.935e+00, 5.000e-01, -1.185e+00, 1.201e+05, 0.000e+00, 1.002e-13, 0.000e+00, 2.182e+00, 9.983e+02, 2.000e-17
1.935e+00, 5.000e-01, -1.175e+00, 1.200e+05, 0.000e+00, 1.002e-13, 0.000e+00, 2.181e+00, 9.983e+02, 2.000e-17
1.935e+00, 5.000e-01, -1.165e+00, 1.199e+05, 0.000e+00, 1.002e-13, 0.000e+00, 2.179e+00, 9.983e+02, 2.000e-17
1.935e+00, 5.000e-01, -1.155e+00, 1.198e+05, 0.000e+00, 1.002e-13, 0.000e+00, 2.177e+00, 9.983e+02, 2.000e-17
1.935e+00, 5.000e-01, -1.145e+00, 1.197e+05, 0.000e+00, 1.002e-13, 0.000e+00, 2.175e+00, 9.983e+02, 2.000e-17
1.935e+00, 5.000e-01, -1.135e+00, 1.196e+05, 0.000e+00, 1.002e-13, 0.000e+00, 2.173e+00, 9.983e+02, 2.000e-17
1.935e+00, 5.000e-01, -1.125e+00, 1.195e+05, 0.000e+00, 1.002e-13, 0.000e+00, 2.172e+00, 9.983e+02, 2.000e-17
1.935e+00, 5.000e-01, -1.115e+00, 1.194e+05, 0.000e+00, 1.002e-13, 0.000e+00, 2.170e+00, 9.983e+02, 2.000e-17
1.935e+00, 5.000e-01, -1.105e+00, 1.193e+05, 0.000e+00, 1.002e-13, 0.000e+00, 2.168e+00, 9.983e+02, 2.000e-17
1.935e+00, 5.000e-01, -1.095e+00, 1.192e+05, 0.000e+00, 1.002e-13, 0.000e+00, 2.166e+00, 9.983e+02, 2.000e-17
1.935e+00, 5.000e-01, -1.085e+00, 1.191e+05, 0.000e+00, 1.002e-13, 0.000e+00, 2.165e+00, 9.983e+02, 2.000e-17
1.935e+00, 5.000e-01, -1.075e+00, 1.190e+05, 0.000e+00, 2.973e-09, 0.000e+00, 2.163e+00, 9.983e+02, 1.276e-12
1.935e+00, 5.000e-01, -1.065e+00, 1.189e+05, 0.000e+00, 6.240e-04, 0.000e+00, 2.161e+00, 9.984e+02, 2.679e-07
1.935e+00, 5.000e-01, -1.055e+00, 1.188e+05, 0.000e+00, 6.417e-04, 0.000e+00, 2.159e+00, 9.984e+02, 2.755e-07
1.935e+00, 5.000e-01, -1.045e+00, 1.187e+05, 0.000e+00, 6.469e-04, 0.000e+00, 2.158e+00, 9.984e+02, 2.777e-07
1.935e+00, 5.000e-01, -1.035e+00, 1.186e+05, 0.000e+00, 6.470e-04, 0.000e+00, 2.156e+00, 9.984e+02, 2.778e-07
1.935e+00, 5.000e-01, -1.025e+00, 1.185e+05, 0.000e+00, 6.466e-04, 0.000e+00, 2.154e+00, 9.984e+02, 2.776e-07
1.935e+00, 5.000e-01, -1.015e+00, 1.185e+05, 0.000e+00, 6.479e-04, 0.000e+00, 2.152e+00, 9.984e+02, 2.782e-07
1.935e+00, 5.000e-01, -1.005e+00, 1.184e+05, 0.000e+00, 6.515e-04, 0.000e+00, 2.150e+00, 9.984e+02, 2.797e-07
1.935e+00, 5.000e-01, -9.950e-01, 1.183e+05, 0.000e+00, 6.567e-04, 0.000e+00, 2.149e+00, 9.984e+02, 2.819e-07
1.935e+00, 5.000e-01, -9.850e-01, 1.182e+05, 0.000e+00, 6.619e-04, 0.000e+00, 2.147e+00, 9.984e+02, 2.841e-07
1.935e+00, 5.000e-01, -9.750e-01, 1.181e+05, 0.000e+00, 6.654e-04, 0.000e+00, 2.145e+00, 9.984e+02, 2.856e-07
1.935e+00, 5.000e-01, -9.650e-01, 1.180e+05, 0.000e+00, 6.662e-04, 0.000e+00, 2.143e+00, 9.984e+02, 2.860e-07
1.935e+00, 5.000e-01, -9.550e-01, 1.179e+05, 0.000e+00, 6.644e-04, 0.000e+00, 2.141e+00, 9.984e+02, 2.852e-07
1.935e+00, 5.000e-01, -9.450e-01, 1.178e+05, 0.000e+00, 6.599e-04, 0.000e+00, 2.140e+00, 9.984e+02, 2.833e-07
1.935e+00, 5.000e-01, -9.350e-01, 1.177e+05, 0.000e+00, 6.530e-04, 0.000e+00, 2.138e+00, 9.984e+02, 2.803e-07
1.935e+00, 5.000e-01, -9.250e-01, 1.176e+05, 0.000e+00, 6.450e-04, 0.000e+00, 2.136e+00, 9.984e+02, 2.769e-07
1.935e+00, 5.000e-01, -9.150e-01, 1.175e+05, 0.000e+00, 6.364e-04, 0.000e+00, 2.134e+00, 9.984e+02, 2.732e-07
1.935e+00, 5.000e-01, -9.050e-01, 1.174e+05, 0.000e+00, 6.275e-04, 0.000e+00, 2.132e+00, 9.984e+02, 2.694e-07
1.935e+00, 5.000e-01, -8.950e-01, 1.173e+05, 0.000e+00, 6.183e-04, 0.000e+00, 2.131e+00, 9.984e+02, 2.654e-07
1.935e+00, 5.000e-01, -8.850e-01, 1.172e+05, 0.000e+00, 6.087e-04, 0.000e+00, 2.129e+00, 9.984e+02, 2.613e-07
1.935e+00, 5.000e-01, -8.750e-01, 1.171e+05, 0.000e+00, 5.986e-04, 0.000e+00, 2.127e+00, 9.984e+02, 2.570e-07
1.935e+00, 5.000e-01, -8.650e-01, 1.170e+05, 0.000e+00, 5.876e-04, 0.000e+00, 2.125e+00, 9.984e+02, 2.522e-07
1.935e+00, 5.000e-01, -8.550e-01, 1.169e+05, 0.000e+00, 5.752e-04, 0.000e+00, 2.124e+00, 9.984e+02, 2.469e-07
1.935e+00, 5.000e-01, -8.450e-01, 1.168e+05, 0.000e+00, 5.615e-04, 0.000e+00, 2.122e+00, 9.984e+02, 2.411e-07
1.935e+00, 5.000e-01, -8.350e-01, 1.167e+05, 0.000e+00, 5.466e-04, 0.000e+00, 2.120e+00, 9.984e+02, 2.347e-07
1.935e+00, 5.000e-01, -8.250e-01, 1.166e+05, 0.000e+00, 5.322e-04, 0.000e+00, 2.118e+00, 9.984e+02, 2.285e-07
1.935e+00, 5.000e-01, -8.150e-01, 1.165e+05, 0.000e+00, 5.246e-04, 0.000e+00, 2.116e+00, 9.984e+02, 2.252e-07
1.935e+00, 5.000e-01, -8.050e-01, 1.164e+05, 0.000e+00, 5.377e-04, 0.000e+00, 2.115e+00, 9.984e+02, 2.308e-07
1.935e+00, 5.000e-01, -7.950e-01, 1.163e+05, 0.000e+00, 5.781e-04, 0.000e+00, 2.113e+00, 9.984e+02, 2.482e-07
1.935e+00, 5.000e-01, -7.850e-01, 1.162e+05, 0.000e+00, 6.170e-04, 0.000e+00, 2.111e+00, 9.984e+02, 2.649e-07
1.935e+00, 5.000e-01, -7.750e-01, 1.161e+05, 0.000e+00, 6.191e-04, 0.000e+00, 2.109e+00, 9.984e+02, 2.658e-07
1.935e+00, 5.000e-01, -7.650e-01, 1.160e+05, 0.000e+00, 5.821e-04, 0.000e+00, 2.107e+00, 9.984e+02, 2.499e-07
1.935e+00, 5.000e-01, -7.550e-01, 1.159e+05, 0.000e+00, 5.332e-04, 0.000e+00, 2.106e+00, 9.984e+02, 2.289e-07
1.935e+00, 5.000e-01, -7.450e-01, 1.158e+05, 0.000e+00, 5.079e-04, 0.000e+00, 2.104e+00, 9.984e+02, 2.181e-07
1.935e+00, 5.000e-01, -7.350e-01, 1.157e+05, 6.752e-07, 5.630e-04, 0.000e+00, 2.102e+00, 9.984e+02, 2.417e-07
1.935e+00, 5.000e-01, -7.250e-01, 1.156e+05, 4.720e-01, 1.895e-03, 0.000e+00, 2.100e+00, 9.986e+02, 8.559e-07
1.935e+00, 5.000e-01, -7.150e-01, 1.156e+05, 8.683e-01, 1.895e-03, 0.000e+00, 2.100e+00, 9.986e+02, 8.914e-07
1.935e+00, 5.000e-01, -7.050e-01, 1.156e+05, 8.724e-01, 1.895e-03, 0.000e+00, 2.100e+00, 9.986e+02, 8.917e-07
1.935e+00, 5.000e-01, -6.950e-01, 1.156e+05, 8.738e-01, 1.895e-03, 0.000e+00, 2.100e+00, 9.986e+02, 8.918e-07
1.935e+00, 5.000e-01, -6.850e-01, 1.156e+05, 8.753e-01, 1.895e-03, 0.000e+00, 2.100e+00, 9.986e+02, 8.992e-07
1.935e+00, 5.000e-01, -6.750e-01, 1.166e+05, 0.000e+00, 3.736e-04, 0.000e+00, 2.119e+00, 9.983e+02, 1.641e-07
1.935e+00, 5.000e-01, -6.650e-01, 1.165e+05, 0.000e+00, 2.324e-04, 0.000e+00, 2.117e+00, 9.983e+02, 1.021e-07
1.935e+00, 5.000e-01, -6.550e-01, 1.164e+05, 0.000e+00, 1.350e-04, 0.000e+00, 2.115e+00, 9.983e+02, 5.929e-08
1.935e+00, 5.000e-01, -6.450e-01, 1.163e+05, 0.000e+00, 7.429e-05, 0.000e+00, 2.113e+00, 9.983e+02, 3.263e-08
1.935e+00, 5.000e-01, -6.350e-01, 1.162e+05, 0.000e+00, 4.209e-05, 0.000e+00, 2.111e+00, 9.983e+02, 1.849e-08
1.935e+00, 5.000e-01, -6.250e-01, 1.161e+05, 0.000e+00, 3.268e-05, 0.000e+00, 2.110e+00, 9.983e+02, 1.435e-08
1.935e+00, 5.000e-01, -6.150e-01, 1.160e+05, 0.000e+00, 4.540e-05, 0.000e+00, 2.108e+00, 9.983e+02, 1.994e-08
1.935e+00, 5.000e-01, -6.050e-01, 1.159e+05, 0.000e+00, 8.516e-05, 0.000e+00, 2.106e+00, 9.983e+02, 3.741e-08
1.935e+00, 5.000e-01, -5.950e-01, 1.158e+05, 0.000e+00, 1.597e-04, 0.000e+00, 2.104e+00, 9.983e+02, 7.015e-08
1.935e+00, 5.000e-01, -5.850e-01, 1.157e+05, 0.000e+00, 2.733e-04, 0.000e+00, 2.102e+00, 9.983e+02, 1.200e-07
1.935e+00, 5.000e-01, -5.750e-01, 1.156e+05, 0.000e+00, 4.211e-04, 0.000e+00, 2.101e+00, 9.983e+02, 1.850e-07
1.935e+00, 5.000e-01, -5.650e-01, 1.155e+05, 0.000e+00, 5.981e-04, 0.000e+00, 2.099e+00, 9.984e+02, 2.630e-07
1.935e+00, 5.000e-01, -5.550e-01, 1.140e+05, 0.000e+00, 8.132e-04, 0.000e+00, 2.070e+00, 9.984e+02, 3.654e-07
1.935e+00, 5.000e-01, -5.450e-01, 1.139e+05, 0.000e+00, 8.960e-04, 0.000e+00, 2.068e+00, 9.984e+02, 4.026e-07
1.935e+00, 5.000e-01, -5.350e-01, 1.138e+05, 0.000e+00, 9.120e-04, 0.000e+00, 2.067e+00, 9.984e+02, 4.098e-07
1.935e+00, 5.000e-01, -5.250e-01, 1.137e+05, 0.000e+00, 9.017e-04, 0.000e+00, 2.065e+00, 9.984e+02, 4.051e-07
1.935e+00, 5.000e-01, -5.150e-01, 1.136e+05, 0.000e+00, 8.795e-04, 0.000e+00, 2.063e+00, 9.984e+02, 3.951e-07
1.935e+00, 5.000e-01, -5.050e-01, 1.135e+05, 0.000e+00, 8.508e-04, 0.000e+00, 2.061e+00, 9.984e+02, 3.822e-07
1.935e+00, 5.000e-01, -4.950e-01, 1.134e+05, 0.000e+00, 8.185e-04, 0.000e+00, 2.059e+00, 9.984e+02, 3.677e-07
1.935e+00, 5.000e-01, -4.850e-01, 1.133e+05, 0.000e+00, 7.849e-04, 0.000e+00, 2.057e+00, 9.984e+02, 3.432e-07
1.935e+00, 5.000e-01, -4.750e-01, 1.132e+05, 0.000e+00, 7.524e-04, 0.000e+00, 2.056e+00, 9.984e+02, 3.230e-07
1.935e+00, 5.000e-01, -4.650e-01, 1.131e+05, 0.000e+00, 7.222e-04, 0.000e+00, 2.054e+00, 9.984e+02, 3.101e-07
1.935e+00, 5.000e-01, -4.550e-01, 1.130e+05, 0.000e+00, 6.944e-04, 0.000e+00, 2.052e+00, 9.984e+02, 2.981e-07
1.935e+00, 5.000e-01, -4.450e-01, 1.129e+05, 0.000e+00, 6.687e-04, 0.000e+00, 2.050e+00, 9.984e+02, 2.871e-07
1.935e+00, 5.000e-01, -4.350e-01, 1.128e+05, 0.000e+00, 6.468e-04, 0.000e+00, 2.048e+00, 9.984e+02, 2.777e-07
1.935e+00, 5.000e-01, -4.250e-01, 1.127e+05, 0.000e+00, 6.313e-04, 0.000e+00, 2.047e+00, 9.984e+02, 2.710e-07
1.935e+00, 5.000e-01, -4.150e-01, 1.126e+05, 0.000e+00, 6.245e-04, 0.000e+00, 2.045e+00, 9.984e+02, 2.681e-07
1.935e+00, 5.000e-01, -4.050e-01, 1.125e+05, 0.000e+00, 6.273e-04, 0.000e+00, 2.043e+00, 9.984e+02, 2.693e-07
1.935e+00, 5.000e-01, -3.950e-01, 1.124e+05, 0.000e+00, 6.369e-04, 0.000e+00, 2.041e+00, 9.984e+02, 2.734e-07
1.935e+00, 5.000e-01, -3.850e-01, 1.123e+05, 0.000e+00, 6.483e-04, 0.000e+00, 2.039e+00, 9.984e+02, 2.783e-07
1.935e+00, 5.000e-01, -3.750e-01, 1.122e+05, 0.000e+00, 6.588e-04, 0.000e+00, 2.038e+00, 9.984e+02, 2.828e-07
1.935e+00, 5.000e-01, -3.650e-01, 1.121e+05, 0.000e+00, 6.692e-04, 0.000e+00, 2.036e+00, 9.984e+02, 2.873e-07
1.935e+00, 5.000e-01, -3.550e-01, 1.120e+05, 0.000e+00, 6.818e-04, 0.000e+00, 2.034e+00, 9.984e+02, 2.957e-07
1.935e+00, 5.000e-01, -3.450e-01, 1.119e+05, 0.000e+00, 6.962e-04, 0.000e+00, 2.033e+00, 9.984e+02, 3.128e-07
1.935e+00, 5.000e-01, -3.350e-01, 1.118e+05, 0.000e+00, 7.021e-04, 0.000e+00, 2.031e+00, 9.984e+02, 3.155e-07
1.935e+00, 5.000e-01, -3.250e-01, 1.117e+05, 0.000e+00, 7.011e-04, 0.000e+00, 2.029e+00, 9.984e+02, 3.150e-07
1.935e+00, 5.000e-01, -3.150e-01, 1.116e+05, 0.000e+00, 6.969e-04, 0.000e+00, 2.027e+00, 9.984e+02, 3.131e-07
1.935e+00, 5.000e-01, -3.050e-01, 1.115e+05, 0.000e+00, 6.918e-04, 0.000e+00, 2.025e+00, 9.984e+02, 3.108e-07
1.935e+00, 5.000e-01, -2.950e-01, 1.114e+05, 0.000e+00, 6.867e-04, 0.000e+00, 2.024e+00, 9.984e+02, 3.085e-07
1.935e+00, 5.000e-01, -2.850e-01, 1.113e+05, 0.000e+00, 6.824e-04, 0.000e+00, 2.022e+00, 9.984e+02, 3.066e-07
1.935e+00, 5.000e-01, -2.750e-01, 1.112e+05, 0.000e+00, 6.789e-04, 0.000e+00, 2.020e+00, 9.984e+02, 3.050e-07
1.935e+00, 5.000e-01, -2.650e-01, 1.112e+05, 0.000e+00, 6.746e-04, 0.000e+00, 2.020e+00, 9.984e+02, 2.977e-07
1.935e+00, 5.000e-01, -2.550e-01, 1.111e+05, 0.000e+00, 6.665e-04, 0.000e+00, 2.018e+00, 9.984e+02, 2.928e-07
1.935e+00, 5.000e-01, -2.450e-01, 1.110e+05, 0.000e+00, 6.547e-04, 0.000e+00, 2.016e+00, 9.984e+02, 2.876e-07
1.935e+00, 5.000e-01, -2.350e-01, 1.109e+05, 0.000e+00, 6.393e-04, 0.000e+00, 2.014e+00, 9.984e+02, 2.809e-07
1.935e+00, 5.000e-01, -2.250e-01, 1.108e+05, 0.000e+00, 6.201e-04, 0.000e+00, 2.012e+00, 9.984e+02, 2.724e-07
1.935e+00, 5.000e-01, -2.150e-01, 1.107e+05, 0.000e+00, 5.958e-04, 0.000e+00, 2.011e+00, 9.984e+02, 2.617e-07
1.935e+00, 5.000e-01, -2.050e-01, 1.106e+05, 0.000e+00, 5.634e-04, 0.000e+00, 2.009e+00, 9.984e+02, 2.475e-07
1.935e+00, 5.000e-01, -1.950e-01, 1.105e+05, 0.000e+00, 5.178e-04, 0.000e+00, 2.007e+00, 9.984e+02, 2.275e-07
1.935e+00, 5.000e-01, -1.850e-01, 1.104e+05, 0.000e+00, 4.538e-04, 0.000e+00, 2.005e+00, 9.983e+02, 1.974e-07
1.935e+00, 5.000e-01, -1.750e-01, 1.105e+05, 0.000e+00, 3.940e-04, 0.000e+00, 2.007e+00, 9.983e+02, 1.691e-07
1.935e+00, 5.000e-01, -1.650e-01, 1.104e+05, 0.000e+00, 3.535e-04, 0.000e+00, 2.005e+00, 9.983e+02, 1.518e-07
1.935e+00, 5.000e-01, -1.550e-01, 1.103e+05, 0.000e+00, 3.274e-04, 0.000e+00, 2.004e+00, 9.983e+02, 1.406e-07
1.935e+00, 5.000e-01, -1.450e-01, 1.102e+05, 0.000e+00, 3.180e-04, 0.000e+00, 2.002e+00, 9.983e+02, 1.365e-07
1.935e+00, 5.000e-01, -1.350e-01, 1.101e+05, 0.000e+00, 3.115e-04, 0.000e+00, 2.000e+00, 9.983e+02, 1.337e-07
1.935e+00, 5.000e-01, -1.250e-01, 1.100e+05, 0.000e+00, 2.810e-04, 0.000e+00, 1.998e+00, 9.983e+02, 1.206e-07
1.935e+00, 5.000e-01, -1.150e-01, 1.099e+05, 0.000e+00, 2.204e-04, 0.000e+00, 1.996e+00, 9.983e+02, 9.548e-08
1.935e+00, 5.000e-01, -1.050e-01, 1.110e+05, 0.000e+00, 1.485e-04, 0.000e+00, 2.017e+00, 9.983e+02, 6.523e-08
1.935e+00, 5.000e-01, -9.500e-02, 1.109e+05, 0.000e+00, 8.731e-05, 0.000e+00, 2.015e+00, 9.983e+02, 3.835e-08
1.935e+00, 5.000e-01, -8.500e-02, 1.108e+05, 0.000e+00, 4.598e-05, 0.000e+00, 2.013e+00, 9.983e+02, 2.019e-08
1.935e+00, 5.000e-01, -7.500e-02, 1.107e+05, 0.000e+00, 2.240e-05, 0.000e+00, 2.011e+00, 9.983e+02, 9.841e-09
1.935e+00, 5.000e-01, -6.500e-02, 1.106e+05, 0.000e+00, 1.038e-05, 0.000e+00, 2.009e+00, 9.983e+02, 4.558e-09
1.935e+00, 5.000e-01, -5.500e-02, 1.105e+05, 0.000e+00, 4.646e-06, 0.000e+00, 2.008e+00, 9.983e+02, 2.041e-09
1.935e+00, 5.000e-01, -4.500e-02, 1.104e+05, 0.000e+00, 2.022e-06, 0.000e+00, 2.006e+00, 9.983e+02, 8.883e-10
1.935e+00, 5.000e-01, -3.500e-02, 1.103e+05, 0.000e+00, 8.552e-07, 0.000e+00, 2.004e+00, 9.983e+02, 3.756e-10
1.935e+00, 5.000e-01, -2.500e-02, 1.102e+05, 0.000e+00, 3.503e-07, 0.000e+00, 2.002e+00, 9.983e+02, 1.539e-10
1.935e+00, 5.000e-01, -1.500e-02, 1.101e+05, 0.000e+00, 1.394e-07, 0.000e+00, 2.000e+00, 9.983e+02, 6.121e-11
1.935e+00, 5.000e-01, -5.000e-03, 1.100e+05, 0.000e+00, 5.473e-08, 0.000e+00, 1.999e+00, 9.983e+02, 2.404e-11
1.945e+00, 5.000e-01, -1.195e+00, 1.202e+05, 0.000e+00, 1.002e-13, 0.000e+00, 2.184e+00, 9.983e+02, 2.000e-17
1.945e+00, 5.000e-01, -1.185e+00, 1.201e+05, 0.000e+00, 1.002e-13, 0.000e+00, 2.182e+00, 9.983e+02, 2.000e-17
1.945e+00, 5.000e-01, -1.175e+00, 1.200e+05, 0.000e+00, 1.002e-13, 0.000e+00, 2.181e+00, 9.983e+02, 2.000e-17
1.945e+00, 5.000e-01, -1.165e+00, 1.199e+05, 0.000e+00, 1.002e-13, 0.000e+00, 2.179e+00, 9.983e+02, 2.000e-17
1.945e+00, 5.000e-01, -1.155e+00, 1.198e+05, 0.000e+00, 1.002e-13, 0.000e+00, 2.177e+00, 9.983e+02, 2.000e-17
1.945e+00, 5.000e-01, -1.145e+00, 1.197e+05, 0.000e+00, 1.002e-13, 0.000e+00, 2.175e+00, 9.983e+02, 2.000e-17
1.945e+00, 5.000e-01, -1.135e+00, 1.196e+05, 0.000e+00, 1.002e-13, 0.000e+00, 2.173e+00, 9.983e+02, 2.000e-17
1.945e+00, 5.000e-01, -1.125e+00, 1.195e+05, 0.000e+00, 1.002e-13, 0.000e+00, 2.172e+00, 9.983e+02, 2.000e-17
1.945e+00, 5.000e-01, -1.115e+00, 1.194e+05, 0.000e+00, 1.002e-13, 0.000e+00, 2.170e+00, 9.983e+02, 2.000e-17
1.945e+00, 5.000e-01, -1.105e+00, 1.193e+05, 0.000e+00, 1.002e-13, 0.000e+00, 2.168e+00, 9.983e+02, 2.000e-17
1.945e+00, 5.000e-01, -1.095e+00, 1.192e+05, 0.000e+00, 1.002e-13, 0.000e+00, 2.166e+00, 9.983e+02, 2.000e-17
1.945e+00, 5.000e-01, -1.085e+00, 1.191e+05, 0.000e+00, 1.002e-13, 0.000e+00, 2.165e+00, 9.983e+02, 2.000e-17
1.945e+00, 5.000e-01, -1.075e+00, 1.190e+05, 0.000e+00, 3.065e-09, 0.000e+00, 2.163e+00, 9.983e+02, 1.316e-12
1.945e+00, 5.000e-01, -1.065e+00, 1.189e+05, 0.000e+00, 6.428e-04, 0.000e+00, 2.161e+00, 9.984e+02, 2.759e-07
1.945e+00, 5.000e-01, -1.055e+00, 1.188e+05, 0.000e+00, 6.597e-04, 0.000e+00, 2.159e+00, 9.984e+02, 2.832e-07
1.945e+00, 5.000e-01, -1.045e+00, 1.187e+05, 0.000e+00, 6.653e-04, 0.000e+00, 2.158e+00, 9.984e+02, 2.856e-07
1.945e+00, 5.000e-01, -1.035e+00, 1.186e+05, 0.000e+00, 6.683e-04, 0.000e+00, 2.156e+00, 9.984e+02, 2.869e-07
1.945e+00, 5.000e-01, -1.025e+00, 1.185e+05, 0.000e+00, 6.734e-04, 0.000e+00, 2.154e+00, 9.984e+02, 2.891e-07
1.945e+00, 5.000e-01, -1.015e+00, 1.185e+05, 0.000e+00, 6.833e-04, 0.000e+00, 2.152e+00, 9.984e+02, 2.934e-07
1.945e+00, 5.000e-01, -1.005e+00, 1.184e+05, 0.000e+00, 6.979e-04, 0.000e+00, 2.150e+00, 9.984e+02, 2.996e-07
1.945e+00, 5.000e-01, -9.950e-01, 1.183e+05, 0.000e+00, 7.148e-04, 0.000e+00, 2.149e+00, 9.984e+02, 3.069e-07
1.945e+00, 5.000e-01, -9.850e-01, 1.182e+05, 0.000e+00, 7.304e-04, 0.000e+00, 2.147e+00, 9.984e+02, 3.136e-07
1.945e+00, 5.000e-01, -9.750e-01, 1.181e+05, 0.000e+00, 7.421e-04, 0.000e+00, 2.145e+00, 9.984e+02, 3.186e-07
1.945e+00, 5.000e-01, -9.650e-01, 1.180e+05, 0.000e+00, 7.494e-04, 0.000e+00, 2.143e+00, 9.984e+02, 3.217e-07
1.945e+00, 5.000e-01, -9.550e-01, 1.179e+05, 0.000e+00, 7.527e-04, 0.000e+00, 2.141e+00, 9.984e+02, 3.231e-07
1.945e+00, 5.000e-01, -9.450e-01, 1.178e+05, 0.000e+00, 7.523e-04, 0.000e+00, 2.140e+00, 9.984e+02, 3.230e-07
1.945e+00, 5.000e-01, -9.350e-01, 1.177e+05, 0.000e+00, 7.475e-04, 0.000e+00, 2.138e+00, 9.984e+02, 3.209e-07
1.945e+00, 5.000e-01, -9.250e-01, 1.176e+05, 0.000e+00, 7.386e-04, 0.000e+00, 2.136e+00, 9.984e+02, 3.171e-07
1.945e+00, 5.000e-01, -9.150e-01, 1.175e+05, 0.000e+00, 7.280e-04, 0.000e+00, 2.134e+00, 9.984e+02, 3.125e-07
1.945e+00, 5.000e-01, -9.050e-01, 1.174e+05, 0.000e+00, 7.163e-04, 0.000e+00, 2.132e+00, 9.984e+02, 3.075e-07
1.945e+00, 5.000e-01, -8.950e-01, 1.173e+05, 0.000e+00, 7.039e-04, 0.000e+00, 2.131e+00, 9.984e+02, 3.022e-07
1.945e+00, 5.000e-01, -8.850e-01, 1.172e+05, 0.000e+00, 6.906e-04, 0.000e+00, 2.129e+00, 9.984e+02, 2.965e-07
1.945e+00, 5.000e-01, -8.750e-01, 1.171e+05, 0.000e+00, 6.763e-04, 0.000e+00, 2.127e+00, 9.984e+02, 2.903e-07
1.945e+00, 5.000e-01, -8.650e-01, 1.170e+05, 0.000e+00, 6.610e-04, 0.000e+00, 2.125e+00, 9.984e+02, 2.838e-07
1.945e+00, 5.000e-01, -8.550e-01, 1.169e+05, 0.000e+00, 6.443e-04, 0.000e+00, 2.124e+00, 9.984e+02, 2.766e-07
1.945e+00, 5.000e-01, -8.450e-01, 1.168e+05, 0.000e+00, 6.257e-04, 0.000e+00, 2.122e+00, 9.984e+02, 2.686e-07
1.945e+00, 5.000e-01, -8.350e-01, 1.167e+05, 0.000e+00, 6.056e-04, 0.000e+00, 2.120e+00, 9.984e+02, 2.600e-07
1.945e+00, 5.000e-01, -8.250e-01, 1.166e+05, 0.000e+00, 5.853e-04, 0.000e+00, 2.118e+00, 9.984e+02, 2.513e-07
1.945e+00, 5.000e-01, -8.150e-01, 1.165e+05, 0.000e+00, 5.694e-04, 0.000e+00, 2.116e+00, 9.984e+02, 2.444e-07
1.945e+00, 5.000e-01, -8.050e-01, 1.164e+05, 0.000e+00, 5.679e-04, 0.000e+00, 2.115e+00, 9.984e+02, 2.438e-07
1.945e+00, 5.000e-01, -7.950e-01, 1.163e+05, 0.000e+00, 5.899e-04, 0.000e+00, 2.113e+00, 9.984e+02, 2.532e-07
1.945e+00, 5.000e-01, -7.850e-01, 1.162e+05, 0.000e+00, 6.272e-04, 0.000e+00, 2.111e+00, 9.984e+02, 2.692e-07
1.945e+00, 5.000e-01, -7.750e-01, 1.161e+05, 0.000e+00, 6.587e-04, 0.000e+00, 2.109e+00, 9.984e+02, 2.828e-07
1.945e+00, 5.000e-01, -7.650e-01, 1.160e+05, 0.000e+00, 6.619e-04, 0.000e+00, 2.107e+00, 9.984e+02, 2.842e-07
1.945e+00, 5.000e-01, -7.550e-01, 1.159e+05, 0.000e+00, 6.312e-04, 0.000e+00, 2.106e+00, 9.984e+02, 2.710e-07
1.945e+00, 5.000e-01, -7.450e-01, 1.158e+05, 0.000e+00, 5.937e-04, 0.000e+00, 2.104e+00, 9.984e+02, 2.549e-07
1.945e+00, 5.000e-01, -7.350e-01, 1.157e+05, 6.754e-07, 6.253e-04, 0.000e+00, 2.102e+00, 9.984e+02, 2.685e-07
1.945e+00, 5.000e-01, -7.250e-01, 1.156e+05, 4.721e-01, 1.895e-03, 0.000e+00, 2.100e+00, 9.986e+02, 8.559e-07
1.945e+00, 5.000e-01, -7.150e-01, 1.156e+05, 8.683e-01, 1.895e-03, 0.000e+00, 2.100e+00, 9.986e+02, 8.914e-07
1.945e+00, 5.000e-01, -7.050e-01, 1.156e+05, 8.724e-01, 1.895e-03, 0.000e+00, 2.100e+00, 9.986e+02, 8.917e-07
1.945e+00, 5.000e-01, -6.950e-01, 1.156e+05, 8.738e-01, 1.895e-03, 0.000e+00, 2.100e+00, 9.986e+02, 8.918e-07
1.945e+00, 5.000e-01, -6.850e-01, 1.156e+05, 8.753e-01, 1.895e-03, 0.000e+00, 2.100e+00, 9.986e+02, 8.992e-07
1.945e+00, 5.000e-01, -6.750e-01, 1.166e+05, 0.000e+00, 3.729e-04, 0.000e+00, 2.119e+00, 9.983e+02, 1.638e-07
1.945e+00, 5.000e-01, -6.650e-01, 1.165e+05, 0.000e+00, 2.316e-04, 0.000e+00, 2.117e+00, 9.983e+02, 1.017e-07
1.945e+00, 5.000e-01, -6.550e-01, 1.164e+05, 0.000e+00, 1.345e-04, 0.000e+00, 2.115e+00, 9.983e+02, 5.907e-08
1.945e+00, 5.000e-01, -6.450e-01, 1.163e+05, 0.000e+00, 7.400e-05, 0.000e+00, 2.113e+00, 9.983e+02, 3.250e-08
1.945e+00, 5.000e-01, -6.350e-01, 1.162e+05, 0.000e+00, 4.187e-05, 0.000e+00, 2.111e+00, 9.983e+02, 1.839e-08
1.945e+00, 5.000e-01, -6.250e-01, 1.161e+05, 0.000e+00, 3.238e-05, 0.000e+00, 2.110e+00, 9.983e+02, 1.422e-08
1.945e+00, 5.000e-01, -6.150e-01, 1.160e+05, 0.000e+00, 4.491e-05, 0.000e+00, 2.108e+00, 9.983e+02, 1.973e-08
1.945e+00, 5.000e-01, -6.050e-01, 1.159e+05, 0.000e+00, 8.451e-05, 0.000e+00, 2.106e+00, 9.983e+02, 3.712e-08
1.945e+00, 5.000e-01, -5.950e-01, 1.158e+05, 0.000e+00, 1.592e-04, 0.000e+00, 2.104e+00, 9.983e+02, 6.995e-08
1.945e+00, 5.000e-01, -5.850e-01, 1.157e+05, 0.000e+00, 2.741e-04, 0.000e+00, 2.102e+00, 9.983e+02, 1.204e-07
1.945e+00, 5.000e-01, -5.750e-01, 1.156e+05, 0.000e+00, 4.261e-04, 0.000e+00, 2.101e+00, 9.983e+02, 1.872e-07
1.945e+00, 5.000e-01, -5.650e-01, 1.155e+05, 0.000e+00, 6.125e-04, 0.000e+00, 2.099e+00, 9.984e+02, 2.695e-07
1.945e+00, 5.000e-01, -5.550e-01, 1.140e+05, 0.000e+00, 8.345e-04, 0.000e+00, 2.070e+00, 9.984e+02, 3.749e-07
1.945e+00, 5.000e-01, -5.450e-01, 1.139e+05, 0.000e+00, 9.157e-04, 0.000e+00, 2.068e+00, 9.984e+02, 4.114e-07
1.945e+00, 5.000e-01, -5.350e-01, 1.138e+05, 0.000e+00, 9.276e-04, 0.000e+00, 2.067e+00, 9.984e+02, 4.168e-07
1.945e+00, 5.000e-01, -5.250e-01, 1.137e+05, 0.000e+00, 9.133e-04, 0.000e+00, 2.065e+00, 9.984e+02, 4.104e-07
1.945e+00, 5.000e-01, -5.150e-01, 1.136e+05, 0.000e+00, 8.877e-04, 0.000e+00, 2.063e+00, 9.984e+02, 3.988e-07
1.945e+00, 5.000e-01, -5.050e-01, 1.135e+05, 0.000e+00, 8.568e-04, 0.000e+00, 2.061e+00, 9.984e+02, 3.849e-07
1.945e+00, 5.000e-01, -4.950e-01, 1.134e+05, 0.000e+00, 8.238e-04, 0.000e+00, 2.059e+00, 9.984e+02, 3.701e-07
1.945e+00, 5.000e-01, -4.850e-01, 1.133e+05, 0.000e+00, 7.910e-04, 0.000e+00, 2.057e+00, 9.984e+02, 3.469e-07
1.945e+00, 5.000e-01, -4.750e-01, 1.132e+05, 0.000e+00, 7.611e-04, 0.000e+00, 2.056e+00, 9.984e+02, 3.267e-07
1.945e+00, 5.000e-01, -4.650e-01, 1.131e+05, 0.000e+00, 7.360e-04, 0.000e+00, 2.054e+00, 9.984e+02, 3.160e-07
1.945e+00, 5.000e-01, -4.550e-01, 1.130e+05, 0.000e+00, 7.164e-04, 0.000e+00, 2.052e+00, 9.984e+02, 3.075e-07
1.945e+00, 5.000e-01, -4.450e-01, 1.129e+05, 0.000e+00, 7.013e-04, 0.000e+00, 2.050e+00, 9.984e+02, 3.011e-07
1.945e+00, 5.000e-01, -4.350e-01, 1.128e+05, 0.000e+00, 6.902e-04, 0.000e+00, 2.048e+00, 9.984e+02, 2.963e-07
1.945e+00, 5.000e-01, -4.250e-01, 1.127e+05, 0.000e+00, 6.844e-04, 0.000e+00, 2.047e+00, 9.984e+02, 2.938e-07
1.945e+00, 5.000e-01, -4.150e-01, 1.126e+05, 0.000e+00, 6.846e-04, 0.000e+00, 2.045e+00, 9.984e+02, 2.939e-07
1.945e+00, 5.000e-01, -4.050e-01, 1.125e+05, 0.000e+00, 6.898e-04, 0.000e+00, 2.043e+00, 9.984e+02, 2.961e-07
1.945e+00, 5.000e-01, -3.950e-01, 1.124e+05, 0.000e+00, 6.975e-04, 0.000e+00, 2.041e+00, 9.984e+02, 2.994e-07
1.945e+00, 5.000e-01, -3.850e-01, 1.123e+05, 0.000e+00, 7.050e-04, 0.000e+00, 2.039e+00, 9.984e+02, 3.027e-07
1.945e+00, 5.000e-01, -3.750e-01, 1.122e+05, 0.000e+00, 7.107e-04, 0.000e+00, 2.038e+00, 9.984e+02, 3.051e-07
1.945e+00, 5.000e-01, -3.650e-01, 1.121e+05, 0.000e+00, 7.142e-04, 0.000e+00, 2.036e+00, 9.984e+02, 3.066e-07
1.945e+00, 5.000e-01, -3.550e-01, 1.120e+05, 0.000e+00, 7.154e-04, 0.000e+00, 2.034e+00, 9.984e+02, 3.102e-07
1.945e+00, 5.000e-01, -3.450e-01, 1.119e+05, 0.000e+00, 7.152e-04, 0.000e+00, 2.033e+00, 9.984e+02, 3.213e-07
1.945e+00, 5.000e-01, -3.350e-01, 1.118e+05, 0.000e+00, 7.094e-04, 0.000e+00, 2.031e+00, 9.984e+02, 3.187e-07
1.945e+00, 5.000e-01, -3.250e-01, 1.117e+05, 0.000e+00, 7.000e-04, 0.000e+00, 2.029e+00, 9.984e+02, 3.145e-07
1.945e+00, 5.000e-01, -3.150e-01, 1.116e+05, 0.000e+00, 6.900e-04, 0.000e+00, 2.027e+00, 9.984e+02, 3.100e-07
1.945e+00, 5.000e-01, -3.050e-01, 1.115e+05, 0.000e+00, 6.808e-04, 0.000e+00, 2.025e+00, 9.984e+02, 3.059e-07
1.945e+00, 5.000e-01, -2.950e-01, 1.114e+05, 0.000e+00, 6.740e-04, 0.000e+00, 2.024e+00, 9.984e+02, 3.028e-07
1.945e+00, 5.000e-01, -2.850e-01, 1.113e+05, 0.000e+00, 6.711e-04, 0.000e+00, 2.022e+00, 9.984e+02, 3.015e-07
1.945e+00, 5.000e-01, -2.750e-01, 1.112e+05, 0.000e+00, 6.736e-04, 0.000e+00, 2.020e+00, 9.984e+02, 3.026e-07
1.945e+00, 5.000e-01, -2.650e-01, 1.112e+05, 0.000e+00, 6.819e-04, 0.000e+00, 2.020e+00, 9.984e+02, 3.010e-07
1.945e+00, 5.000e-01, -2.550e-01, 1.111e+05, 0.000e+00, 6.783e-04, 0.000e+00, 2.018e+00, 9.984e+02, 2.979e-07
1.945e+00, 5.000e-01, -2.450e-01, 1.110e+05, 0.000e+00, 6.685e-04, 0.000e+00, 2.016e+00, 9.984e+02, 2.937e-07
1.945e+00, 5.000e-01, -2.350e-01, 1.109e+05, 0.000e+00, 6.563e-04, 0.000e+00, 2.014e+00, 9.984e+02, 2.883e-07
1.945e+00, 5.000e-01, -2.250e-01, 1.108e+05, 0.000e+00, 6.426e-04, 0.000e+00, 2.012e+00, 9.984e+02, 2.823e-07
1.945e+00, 5.000e-01, -2.150e-01, 1.107e+05, 0.000e+00, 6.264e-04, 0.000e+00, 2.011e+00, 9.984e+02, 2.752e-07
1.945e+00, 5.000e-01, -2.050e-01, 1.106e+05, 0.000e+00, 6.053e-04, 0.000e+00, 2.009e+00, 9.984e+02, 2.659e-07
1.945e+00, 5.000e-01, -1.950e-01, 1.105e+05, 0.000e+00, 5.735e-04, 0.000e+00, 2.007e+00, 9.984e+02, 2.519e-07
1.945e+00, 5.000e-01, -1.850e-01, 1.104e+05, 0.000e+00, 5.220e-04, 0.000e+00, 2.005e+00, 9.984e+02, 2.271e-07
1.945e+00, 5.000e-01, -1.750e-01, 1.105e+05, 0.000e+00, 4.614e-04, 0.000e+00, 2.007e+00, 9.983e+02, 1.981e-07
1.945e+00, 5.000e-01, -1.650e-01, 1.104e+05, 0.000e+00, 4.149e-04, 0.000e+00, 2.005e+00, 9.983e+02, 1.781e-07
1.945e+00, 5.000e-01, -1.550e-01, 1.103e+05, 0.000e+00, 3.791e-04, 0.000e+00, 2.004e+00, 9.983e+02, 1.628e-07
1.945e+00, 5.000e-01, -1.450e-01, 1.102e+05, 0.000e+00, 3.553e-04, 0.000e+00, 2.002e+00, 9.983e+02, 1.525e-07
1.945e+00, 5.000e-01, -1.350e-01, 1.101e+05, 0.000e+00, 3.316e-04, 0.000e+00, 2.000e+00, 9.983e+02, 1.423e-07
1.945e+00, 5.000e-01, -1.250e-01, 1.100e+05, 0.000e+00, 2.883e-04, 0.000e+00, 1.998e+00, 9.983e+02, 1.238e-07
1.945e+00, 5.000e-01, -1.150e-01, 1.099e+05, 0.000e+00, 2.209e-04, 0.000e+00, 1.996e+00, 9.983e+02, 9.568e-08
1.945e+00, 5.000e-01, -1.050e-01, 1.110e+05, 0.000e+00, 1.465e-04, 0.000e+00, 2.017e+00, 9.983e+02, 6.434e-08
1.945e+00, 5.000e-01, -9.500e-02, 1.109e+05, 0.000e+00, 8.524e-05, 0.000e+00, 2.015e+00, 9.983e+02, 3.744e-08
1.945e+00, 5.000e-01, -8.500e-02, 1.108e+05, 0.000e+00, 4.465e-05, 0.000e+00, 2.013e+00, 9.983e+02, 1.961e-08
1.945e+00, 5.000e-01, -7.500e-02, 1.107e+05, 0.000e+00, 2.172e-05, 0.000e+00, 2.011e+00, 9.983e+02, 9.539e-09
1.945e+00, 5.000e-01, -6.500e-02, 1.106e+05, 0.000e+00, 1.006e-05, 0.000e+00, 2.009e+00, 9.983e+02, 4.421e-09
1.945e+00, 5.000e-01, -5.500e-02, 1.105e+05, 0.000e+00, 4.513e-06, 0.000e+00, 2.008e+00, 9.983e+02, 1.982e-09
1.945e+00, 5.000e-01, -4.500e-02, 1.104e+05, 0.000e+00, 1.968e-06, 0.000e+00, 2.006e+00, 9.983e+02, 8.642e-10
1.945e+00, 5.000e-01, -3.500e-02, 1.103e+05, 0.000e+00, 8.329e-07, 0.000e+00, 2.004e+00, 9.983e+02, 3.658e-10
1.945e+00, 5.000e-01, -2.500e-02, 1.102e+05, 0.000e+00, 3.413e-07, 0.000e+00, 2.002e+00, 9.983e+02, 1.499e-10
1.945e+00, 5.000e-01, -1.500e-02, 1.101e+05, 0.000e+00, 1.357e-07, 0.000e+00, 2.000e+00, 9.983e+02, 5.960e-11
1.945e+00, 5.000e-01, -5.000e-03, 1.100e+05, 0.000e+00, 5.326e-08, 0.000e+00, 1.999e+00, 9.983e+02, 2.339e-11
1.955e+00, 5.000e-01, -1.195e+00, 1.202e+05, 0.000e+00, 1.002e-13, 0.000e+00, 2.184e+00, 9.983e+02, 2.000e-17
1.955e+00, 5.000e-01, -1.185e+00, 1.201e+05, 0.000e+00, 1.002e-13, 0.000e+00, 2.182e+00, 9.983e+02, 2.000e-17
1.955e+00, 5.000e-01, -1.175e+00, 1.200e+05, 0.000e+00, 1.002e-13, 0.000e+00, 2.181e+00, 9.983e+02, 2.000e-17
1.955e+00, 5.000e-01, -1.165e+00, 1.199e+05, 0.000e+00, 1.002e-13, 0.000e+00, 2.179e+00, 9.983e+02, 2.000e-17
1.955e+00, 5.000e-01, -1.155e+00, 1.198e+05, 0.000e+00, 1.002e-13, 0.000e+00, 2.177e+00, 9.983e+02, 2.000e-17
1.955e+00, 5.000e-01, -1.145e+00, 1.197e+05, 0.000e+00, 1.002e-13, 0.000e+00, 2.175e+00, 9.983e+02, 2.000e-17
1.955e+00, 5.000e-01, -1.135e+00, 1.196e+05, 0.000e+00, 1.002e-13, 0.000e+00, 2.173e+00, 9.983e+02, 2.000e-17
1.955e+00, 5.000e-01, -1.125e+00, 1.195e+05, 0.000e+00, 1.002e-13, 0.000e+00, 2.172e+00, 9.983e+02, 2.000e-17
1.955e+00, 5.000e-01, -1.115e+00, 1.194e+05, 0.000e+00, 1.002e-13, 0.000e+00, 2.170e+00, 9.983e+02, 2.000e-17
1.955e+00, 5.000e-01, -1.105e+00, 1.193e+05, 0.000e+00, 1.002e-13, 0.000e+00, 2.168e+00, 9.983e+02, 2.000e-17
1.955e+00, 5.000e-01, -1.095e+00, 1.192e+05, 0.000e+00, 1.002e-13, 0.000e+00, 2.166e+00, 9.983e+02, 2.000e-17
1.955e+00, 5.000e-01, -1.085e+00, 1.191e+05, 0.000e+00, 1.002e-13, 0.000e+00, 2.165e+00, 9.983e+02, 2.000e-17
1.955e+00, 5.000e-01, -1.075e+00, 1.190e+05, 0.000e+00, 2.901e-09, 0.000e+00, 2.163e+00, 9.983e+02, 1.245e-12
1.955e+00, 5.000e-01, -1.065e+00, 1.189e+05, 0.000e+00, 6.083e-04, 0.000e+00, 2.161e+00, 9.984e+02, 2.611e-07
1.955e+00, 5.000e-01, -1.055e+00, 1.188e+05, 0.000e+00, 6.395e-04, 0.000e+00, 2.159e+00, 9.984e+02, 2.745e-07
1.955e+00, 5.000e-01, -1.045e+00, 1.187e+05, 0.000e+00, 6.600e-04, 0.000e+00, 2.158e+00, 9.984e+02, 2.833e-07
1.955e+00, 5.000e-01, -1.035e+00, 1.186e+05, 0.000e+00, 6.734e-04, 0.000e+00, 2.156e+00, 9.984e+02, 2.891e-07
1.955e+00, 5.000e-01, -1.025e+00, 1.185e+05, 0.000e+00, 6.911e-04, 0.000e+00, 2.154e+00, 9.984e+02, 2.967e-07
1.955e+00, 5.000e-01, -1.015e+00, 1.185e+05, 0.000e+00, 7.175e-04, 0.000e+00, 2.152e+00, 9.984e+02, 3.080e-07
1.955e+00, 5.000e-01, -1.005e+00, 1.184e+05, 0.000e+00, 7.505e-04, 0.000e+00, 2.150e+00, 9.984e+02, 3.222e-07
1.955e+00, 5.000e-01, -9.950e-01, 1.183e+05, 0.000e+00, 7.830e-04, 0.000e+00, 2.149e+00, 9.984e+02, 3.362e-07
1.955e+00, 5.000e-01, -9.850e-01, 1.182e+05, 0.000e+00, 8.084e-04, 0.000e+00, 2.147e+00, 9.984e+02, 3.471e-07
1.955e+00, 5.000e-01, -9.750e-01, 1.181e+05, 0.000e+00, 8.236e-04, 0.000e+00, 2.145e+00, 9.984e+02, 3.536e-07
1.955e+00, 5.000e-01, -9.650e-01, 1.180e+05, 0.000e+00, 8.288e-04, 0.000e+00, 2.143e+00, 9.984e+02, 3.558e-07
1.955e+00, 5.000e-01, -9.550e-01, 1.179e+05, 0.000e+00, 8.260e-04, 0.000e+00, 2.141e+00, 9.984e+02, 3.546e-07
1.955e+00, 5.000e-01, -9.450e-01, 1.178e+05, 0.000e+00, 8.182e-04, 0.000e+00, 2.140e+00, 9.984e+02, 3.513e-07
1.955e+00, 5.000e-01, -9.350e-01, 1.177e+05, 0.000e+00, 8.073e-04, 0.000e+00, 2.138e+00, 9.984e+02, 3.466e-07
1.955e+00, 5.000e-01, -9.250e-01, 1.176e+05, 0.000e+00, 7.948e-04, 0.000e+00, 2.136e+00, 9.984e+02, 3.412e-07
1.955e+00, 5.000e-01, -9.150e-01, 1.175e+05, 0.000e+00, 7.812e-04, 0.000e+00, 2.134e+00, 9.984e+02, 3.354e-07
1.955e+00, 5.000e-01, -9.050e-01, 1.174e+05, 0.000e+00, 7.670e-04, 0.000e+00, 2.132e+00, 9.984e+02, 3.293e-07
1.955e+00, 5.000e-01, -8.950e-01, 1.173e+05, 0.000e+00, 7.527e-04, 0.000e+00, 2.131e+00, 9.984e+02, 3.231e-07
1.955e+00, 5.000e-01, -8.850e-01, 1.172e+05, 0.000e+00, 7.382e-04, 0.000e+00, 2.129e+00, 9.984e+02, 3.169e-07
1.955e+00, 5.000e-01, -8.750e-01, 1.171e+05, 0.000e+00, 7.238e-04, 0.000e+00, 2.127e+00, 9.984e+02, 3.107e-07
1.955e+00, 5.000e-01, -8.650e-01, 1.170e+05, 0.000e+00, 7.093e-04, 0.000e+00, 2.125e+00, 9.984e+02, 3.045e-07
1.955e+00, 5.000e-01, -8.550e-01, 1.169e+05, 0.000e+00, 6.951e-04, 0.000e+00, 2.124e+00, 9.984e+02, 2.984e-07
1.955e+00, 5.000e-01, -8.450e-01, 1.168e+05, 0.000e+00, 6.818e-04, 0.000e+00, 2.122e+00, 9.984e+02, 2.927e-07
1.955e+00, 5.000e-01, -8.350e-01, 1.167e+05, 0.000e+00, 6.703e-04, 0.000e+00, 2.120e+00, 9.984e+02, 2.877e-07
1.955e+00, 5.000e-01, -8.250e-01, 1.166e+05, 0.000e+00, 6.620e-04, 0.000e+00, 2.118e+00, 9.984e+02, 2.842e-07
1.955e+00, 5.000e-01, -8.150e-01, 1.165e+05, 0.000e+00, 6.600e-04, 0.000e+00, 2.116e+00, 9.984e+02, 2.834e-07
1.955e+00, 5.000e-01, -8.050e-01, 1.164e+05, 0.000e+00, 6.678e-04, 0.000e+00, 2.115e+00, 9.984e+02, 2.867e-07
1.955e+00, 5.000e-01, -7.950e-01, 1.163e+05, 0.000e+00, 6.871e-04, 0.000e+00, 2.113e+00, 9.984e+02, 2.950e-07
1.955e+00, 5.000e-01, -7.850e-01, 1.162e+05, 0.000e+00, 7.138e-04, 0.000e+00, 2.111e+00, 9.984e+02, 3.064e-07
1.955e+00, 5.000e-01, -7.750e-01, 1.161e+05, 0.000e+00, 7.360e-04, 0.000e+00, 2.109e+00, 9.984e+02, 3.160e-07
1.955e+00, 5.000e-01, -7.650e-01, 1.160e+05, 0.000e+00, 7.442e-04, 0.000e+00, 2.107e+00, 9.984e+02, 3.195e-07
1.955e+00, 5.000e-01, -7.550e-01, 1.159e+05, 0.000e+00, 7.356e-04, 0.000e+00, 2.106e+00, 9.984e+02, 3.158e-07
1.955e+00, 5.000e-01, -7.450e-01, 1.158e+05, 0.000e+00, 7.211e-04, 0.000e+00, 2.104e+00, 9.984e+02, 3.096e-07
1.955e+00, 5.000e-01, -7.350e-01, 1.157e+05, 6.756e-07, 7.484e-04, 0.000e+00, 2.102e+00, 9.984e+02, 3.213e-07
1.955e+00, 5.000e-01, -7.250e-01, 1.156e+05, 4.723e-01, 1.895e-03, 0.000e+00, 2.100e+00, 9.986e+02, 8.559e-07
1.955e+00, 5.000e-01, -7.150e-01, 1.156e+05, 8.683e-01, 1.895e-03, 0.000e+00, 2.100e+00, 9.986e+02, 8.914e-07
1.955e+00, 5.000e-01, -7.050e-01, 1.156e+05, 8.724e-01, 1.895e-03, 0.000e+00, 2.100e+00, 9.986e+02, 8.917e-07
1.955e+00, 5.000e-01, -6.950e-01, 1.156e+05, 8.738e-01, 1.895e-03, 0.000e+00, 2.100e+00, 9.986e+02, 8.918e-07
1.955e+00, 5.000e-01, -6.850e-01, 1.156e+05, 8.753e-01, 1.895e-03, 0.000e+00, 2.100e+00, 9.986e+02, 8.993e-07
1.955e+00, 5.000e-01, -6.750e-01, 1.166e+05, 0.000e+00, 3.713e-04, 0.000e+00, 2.119e+00, 9.983e+02, 1.631e-07
1.955e+00, 5.000e-01, -6.650e-01, 1.165e+05, 0.000e+00, 2.303e-04, 0.000e+00, 2.117e+00, 9.983e+02, 1.012e-07
1.955e+00, 5.000e-01, -6.550e-01, 1.164e+05, 0.000e+00, 1.338e-04, 0.000e+00, 2.115e+00, 9.983e+02, 5.875e-08
1.955e+00, 5.000e-01, -6.450e-01, 1.163e+05, 0.000e+00, 7.370e-05, 0.000e+00, 2.113e+00, 9.983e+02, 3.237e-08
1.955e+00, 5.000e-01, -6.350e-01, 1.162e+05, 0.000e+00, 4.172e-05, 0.000e+00, 2.111e+00, 9.983e+02, 1.833e-08
1.955e+00, 5.000e-01, -6.250e-01, 1.161e+05, 0.000e+00, 3.217e-05, 0.000e+00, 2.110e+00, 9.983e+02, 1.413e-08
1.955e+00, 5.000e-01, -6.150e-01, 1.160e+05, 0.000e+00, 4.453e-05, 0.000e+00, 2.108e+00, 9.983e+02, 1.956e-08
1.955e+00, 5.000e-01, -6.050e-01, 1.159e+05, 0.000e+00, 8.398e-05, 0.000e+00, 2.106e+00, 9.983e+02, 3.689e-08
1.955e+00, 5.000e-01, -5.950e-01, 1.158e+05, 0.000e+00, 1.589e-04, 0.000e+00, 2.104e+00, 9.983e+02, 6.981e-08
1.955e+00, 5.000e-01, -5.850e-01, 1.157e+05, 0.000e+00, 2.751e-04, 0.000e+00, 2.102e+00, 9.983e+02, 1.208e-07
1.955e+00, 5.000e-01, -5.750e-01, 1.156e+05, 0.000e+00, 4.316e-04, 0.000e+00, 2.101e+00, 9.983e+02, 1.896e-07
1.955e+00, 5.000e-01, -5.650e-01, 1.155e+05, 0.000e+00, 6.274e-04, 0.000e+00, 2.099e+00, 9.984e+02, 2.761e-07
1.955e+00, 5.000e-01, -5.550e-01, 1.140e+05, 0.000e+00, 8.552e-04, 0.000e+00, 2.070e+00, 9.984e+02, 3.842e-07
1.955e+00, 5.000e-01, -5.450e-01, 1.139e+05, 0.000e+00, 9.343e-04, 0.000e+00, 2.068e+00, 9.984e+02, 4.198e-07
1.955e+00, 5.000e-01, -5.350e-01, 1.138e+05, 0.000e+00, 9.421e-04, 0.000e+00, 2.067e+00, 9.984e+02, 4.233e-07
1.955e+00, 5.000e-01, -5.250e-01, 1.137e+05, 0.000e+00, 9.233e-04, 0.000e+00, 2.065e+00, 9.984e+02, 4.148e-07
1.955e+00, 5.000e-01, -5.150e-01, 1.136e+05, 0.000e+00, 8.950e-04, 0.000e+00, 2.063e+00, 9.984e+02, 4.021e-07
1.955e+00, 5.000e-01, -5.050e-01, 1.135e+05, 0.000e+00, 8.633e-04, 0.000e+00, 2.061e+00, 9.984e+02, 3.879e-07
1.955e+00, 5.000e-01, -4.950e-01, 1.134e+05, 0.000e+00, 8.314e-04, 0.000e+00, 2.059e+00, 9.984e+02, 3.735e-07
1.955e+00, 5.000e-01, -4.850e-01, 1.133e+05, 0.000e+00, 8.015e-04, 0.000e+00, 2.058e+00, 9.984e+02, 3.525e-07
1.955e+00, 5.000e-01, -4.750e-01, 1.132e+05, 0.000e+00, 7.756e-04, 0.000e+00, 2.056e+00, 9.984e+02, 3.330e-07
1.955e+00, 5.000e-01, -4.650e-01, 1.131e+05, 0.000e+00, 7.550e-04, 0.000e+00, 2.054e+00, 9.984e+02, 3.241e-07
1.955e+00, 5.000e-01, -4.550e-01, 1.130e+05, 0.000e+00, 7.388e-04, 0.000e+00, 2.052e+00, 9.984e+02, 3.172e-07
1.955e+00, 5.000e-01, -4.450e-01, 1.129e+05, 0.000e+00, 7.264e-04, 0.000e+00, 2.050e+00, 9.984e+02, 3.118e-07
1.955e+00, 5.000e-01, -4.350e-01, 1.128e+05, 0.000e+00, 7.174e-04, 0.000e+00, 2.048e+00, 9.984e+02, 3.080e-07
1.955e+00, 5.000e-01, -4.250e-01, 1.127e+05, 0.000e+00, 7.115e-04, 0.000e+00, 2.047e+00, 9.984e+02, 3.054e-07
1.955e+00, 5.000e-01, -4.150e-01, 1.126e+05, 0.000e+00, 7.080e-04, 0.000e+00, 2.045e+00, 9.984e+02, 3.040e-07
1.955e+00, 5.000e-01, -4.050e-01, 1.125e+05, 0.000e+00, 7.056e-04, 0.000e+00, 2.043e+00, 9.984e+02, 3.029e-07
1.955e+00, 5.000e-01, -3.950e-01, 1.124e+05, 0.000e+00, 7.020e-04, 0.000e+00, 2.041e+00, 9.984e+02, 3.014e-07
1.955e+00, 5.000e-01, -3.850e-01, 1.123e+05, 0.000e+00, 6.951e-04, 0.000e+00, 2.039e+00, 9.984e+02, 2.984e-07
1.955e+00, 5.000e-01, -3.750e-01, 1.122e+05, 0.000e+00, 6.833e-04, 0.000e+00, 2.038e+00, 9.984e+02, 2.933e-07
1.955e+00, 5.000e-01, -3.650e-01, 1.121e+05, 0.000e+00, 6.659e-04, 0.000e+00, 2.036e+00, 9.984e+02, 2.859e-07
1.955e+00, 5.000e-01, -3.550e-01, 1.120e+05, 0.000e+00, 6.494e-04, 0.000e+00, 2.034e+00, 9.984e+02, 2.816e-07
1.955e+00, 5.000e-01, -3.450e-01, 1.119e+05, 0.000e+00, 6.538e-04, 0.000e+00, 2.033e+00, 9.984e+02, 2.937e-07
1.955e+00, 5.000e-01, -3.350e-01, 1.118e+05, 0.000e+00, 6.495e-04, 0.000e+00, 2.031e+00, 9.984e+02, 2.918e-07
1.955e+00, 5.000e-01, -3.250e-01, 1.117e+05, 0.000e+00, 6.400e-04, 0.000e+00, 2.029e+00, 9.984e+02, 2.875e-07
1.955e+00, 5.000e-01, -3.150e-01, 1.116e+05, 0.000e+00, 6.288e-04, 0.000e+00, 2.027e+00, 9.984e+02, 2.825e-07
1.955e+00, 5.000e-01, -3.050e-01, 1.115e+05, 0.000e+00, 6.180e-04, 0.000e+00, 2.025e+00, 9.984e+02, 2.777e-07
1.955e+00, 5.000e-01, -2.950e-01, 1.114e+05, 0.000e+00, 6.103e-04, 0.000e+00, 2.024e+00, 9.984e+02, 2.742e-07
1.955e+00, 5.000e-01, -2.850e-01, 1.113e+05, 0.000e+00, 6.088e-04, 0.000e+00, 2.022e+00, 9.984e+02, 2.735e-07
1.955e+00, 5.000e-01, -2.750e-01, 1.112e+05, 0.000e+00, 6.178e-04, 0.000e+00, 2.020e+00, 9.984e+02, 2.775e-07
1.955e+00, 5.000e-01, -2.650e-01, 1.112e+05, 0.000e+00, 6.413e-04, 0.000e+00, 2.020e+00, 9.984e+02, 2.832e-07
1.955e+00, 5.000e-01, -2.550e-01, 1.111e+05, 0.000e+00, 6.479e-04, 0.000e+00, 2.018e+00, 9.984e+02, 2.846e-07
1.955e+00, 5.000e-01, -2.450e-01, 1.110e+05, 0.000e+00, 6.447e-04, 0.000e+00, 2.016e+00, 9.984e+02, 2.832e-07
1.955e+00, 5.000e-01, -2.350e-01, 1.109e+05, 0.000e+00, 6.389e-04, 0.000e+00, 2.014e+00, 9.984e+02, 2.807e-07
1.955e+00, 5.000e-01, -2.250e-01, 1.108e+05, 0.000e+00, 6.330e-04, 0.000e+00, 2.012e+00, 9.984e+02, 2.781e-07
1.955e+00, 5.000e-01, -2.150e-01, 1.107e+05, 0.000e+00, 6.276e-04, 0.000e+00, 2.011e+00, 9.984e+02, 2.757e-07
1.955e+00, 5.000e-01, -2.050e-01, 1.106e+05, 0.000e+00, 6.214e-04, 0.000e+00, 2.009e+00, 9.984e+02, 2.730e-07
1.955e+00, 5.000e-01, -1.950e-01, 1.105e+05, 0.000e+00, 6.096e-04, 0.000e+00, 2.007e+00, 9.984e+02, 2.678e-07
1.955e+00, 5.000e-01, -1.850e-01, 1.104e+05, 0.000e+00, 5.824e-04, 0.000e+00, 2.005e+00, 9.984e+02, 2.535e-07
1.955e+00, 5.000e-01, -1.750e-01, 1.105e+05, 0.000e+00, 5.349e-04, 0.000e+00, 2.007e+00, 9.984e+02, 2.296e-07
1.955e+00, 5.000e-01, -1.650e-01, 1.104e+05, 0.000e+00, 4.866e-04, 0.000e+00, 2.005e+00, 9.983e+02, 2.089e-07
1.955e+00, 5.000e-01, -1.550e-01, 1.103e+05, 0.000e+00, 4.398e-04, 0.000e+00, 2.004e+00, 9.983e+02, 1.888e-07
1.955e+00, 5.000e-01, -1.450e-01, 1.102e+05, 0.000e+00, 3.972e-04, 0.000e+00, 2.002e+00, 9.983e+02, 1.705e-07
1.955e+00, 5.000e-01, -1.350e-01, 1.101e+05, 0.000e+00, 3.531e-04, 0.000e+00, 2.000e+00, 9.983e+02, 1.516e-07
1.955e+00, 5.000e-01, -1.250e-01, 1.100e+05, 0.000e+00, 2.955e-04, 0.000e+00, 1.998e+00, 9.983e+02, 1.269e-07
1.955e+00, 5.000e-01, -1.150e-01, 1.099e+05, 0.000e+00, 2.204e-04, 0.000e+00, 1.996e+00, 9.983e+02, 9.548e-08
1.955e+00, 5.000e-01, -1.050e-01, 1.110e+05, 0.000e+00, 1.435e-04, 0.000e+00, 2.017e+00, 9.983e+02, 6.304e-08
1.955e+00, 5.000e-01, -9.500e-02, 1.109e+05, 0.000e+00, 8.259e-05, 0.000e+00, 2.015e+00, 9.983e+02, 3.628e-08
1.955e+00, 5.000e-01, -8.500e-02, 1.108e+05, 0.000e+00, 4.301e-05, 0.000e+00, 2.013e+00, 9.983e+02, 1.889e-08
1.955e+00, 5.000e-01, -7.500e-02, 1.107e+05, 0.000e+00, 2.089e-05, 0.000e+00, 2.011e+00, 9.983e+02, 9.176e-09
1.955e+00, 5.000e-01, -6.500e-02, 1.106e+05, 0.000e+00, 9.694e-06, 0.000e+00, 2.009e+00, 9.983e+02, 4.258e-09
1.955e+00, 5.000e-01, -5.500e-02, 1.105e+05, 0.000e+00, 4.358e-06, 0.000e+00, 2.008e+00, 9.983e+02, 1.914e-09
1.955e+00, 5.000e-01, -4.500e-02, 1.104e+05, 0.000e+00, 1.905e-06, 0.000e+00, 2.006e+00, 9.983e+02, 8.367e-10
1.955e+00, 5.000e-01, -3.500e-02, 1.103e+05, 0.000e+00, 8.079e-07, 0.000e+00, 2.004e+00, 9.983e+02, 3.549e-10
1.955e+00, 5.000e-01, -2.500e-02, 1.102e+05, 0.000e+00, 3.314e-07, 0.000e+00, 2.002e+00, 9.983e+02, 1.456e-10
1.955e+00, 5.000e-01, -1.500e-02, 1.101e+05, 0.000e+00, 1.318e-07, 0.000e+00, 2.000e+00, 9.983e+02, 5.788e-11
1.955e+00, 5.000e-01, -5.000e-03, 1.100e+05, 0.000e+00, 5.173e-08, 0.000e+00, 1.999e+00, 9.983e+02, 2.272e-11
1.965e+00, 5.000e-01, -1.195e+00, 1.202e+05, 0.000e+00, 1.002e-13, 0.000e+00, 2.184e+00, 9.983e+02, 2.000e-17
1.965e+00, 5.000e-01, -1.185e+00, 1.201e+05, 0.000e+00, 1.002e-13, 0.000e+00, 2.182e+00, 9.983e+02, 2.000e-17
1.965e+00, 5.000e-01, -1.175e+00, 1.200e+05, 0.000e+00, 1.002e-13, 0.000e+00, 2.181e+00, 9.983e+02, 2.000e-17
1.965e+00, 5.000e-01, -1.165e+00, 1.199e+05, 0.000e+00, 1.002e-13, 0.000e+00, 2.179e+00, 9.983e+02, 2.000e-17
1.965e+00, 5.000e-01, -1.155e+00, 1.198e+05, 0.000e+00, 1.002e-13, 0.000e+00, 2.177e+00, 9.983e+02, 2.000e-17
1.965e+00, 5.000e-01, -1.145e+00, 1.197e+05, 0.000e+00, 1.002e-13, 0.000e+00, 2.175e+00, 9.983e+02, 2.000e-17
1.965e+00, 5.000e-01, -1.135e+00, 1.196e+05, 0.000e+00, 1.002e-13, 0.000e+00, 2.173e+00, 9.983e+02, 2.000e-17
1.965e+00, 5.000e-01, -1.125e+00, 1.195e+05, 0.000e+00, 1.002e-13, 0.000e+00, 2.172e+00, 9.983e+02, 2.000e-17
1.965e+00, 5.000e-01, -1.115e+00, 1.194e+05, 0.000e+00, 1.002e-13, 0.000e+00, 2.170e+00, 9.983e+02, 2.000e-17
1.965e+00, 5.000e-01, -1.105e+00, 1.193e+05, 0.000e+00, 1.002e-13, 0.000e+00, 2.168e+00, 9.983e+02, 2.000e-17
1.965e+00, 5.000e-01, -1.095e+00, 1.192e+05, 0.000e+00, 1.002e-13, 0.000e+00, 2.166e+00, 9.983e+02, 2.000e-17
1.965e+00, 5.000e-01, -1.085e+00, 1.191e+05, 0.000e+00, 1.002e-13, 0.000e+00, 2.165e+00, 9.983e+02, 2.000e-17
1.965e+00, 5.000e-01, -1.075e+00, 1.190e+05, 0.000e+00, 2.835e-09, 0.000e+00, 2.163e+00, 9.983e+02, 1.217e-12
1.965e+00, 5.000e-01, -1.065e+00, 1.189e+05, 0.000e+00, 5.622e-04, 0.000e+00, 2.161e+00, 9.984e+02, 2.414e-07
1.965e+00, 5.000e-01, -1.055e+00, 1.188e+05, 0.000e+00, 5.861e-04, 0.000e+00, 2.159e+00, 9.984e+02, 2.516e-07
1.965e+00, 5.000e-01, -1.045e+00, 1.187e+05, 0.000e+00, 6.065e-04, 0.000e+00, 2.158e+00, 9.984e+02, 2.604e-07
1.965e+00, 5.000e-01, -1.035e+00, 1.186e+05, 0.000e+00, 6.190e-04, 0.000e+00, 2.156e+00, 9.984e+02, 2.657e-07
1.965e+00, 5.000e-01, -1.025e+00, 1.185e+05, 0.000e+00, 6.320e-04, 0.000e+00, 2.154e+00, 9.984e+02, 2.713e-07
1.965e+00, 5.000e-01, -1.015e+00, 1.185e+05, 0.000e+00, 6.468e-04, 0.000e+00, 2.152e+00, 9.984e+02, 2.777e-07
1.965e+00, 5.000e-01, -1.005e+00, 1.184e+05, 0.000e+00, 6.636e-04, 0.000e+00, 2.150e+00, 9.984e+02, 2.849e-07
1.965e+00, 5.000e-01, -9.950e-01, 1.183e+05, 0.000e+00, 6.817e-04, 0.000e+00, 2.149e+00, 9.984e+02, 2.926e-07
1.965e+00, 5.000e-01, -9.850e-01, 1.182e+05, 0.000e+00, 6.989e-04, 0.000e+00, 2.147e+00, 9.984e+02, 3.000e-07
1.965e+00, 5.000e-01, -9.750e-01, 1.181e+05, 0.000e+00, 7.132e-04, 0.000e+00, 2.145e+00, 9.984e+02, 3.062e-07
1.965e+00, 5.000e-01, -9.650e-01, 1.180e+05, 0.000e+00, 7.236e-04, 0.000e+00, 2.143e+00, 9.984e+02, 3.106e-07
1.965e+00, 5.000e-01, -9.550e-01, 1.179e+05, 0.000e+00, 7.298e-04, 0.000e+00, 2.141e+00, 9.984e+02, 3.133e-07
1.965e+00, 5.000e-01, -9.450e-01, 1.178e+05, 0.000e+00, 7.310e-04, 0.000e+00, 2.140e+00, 9.984e+02, 3.138e-07
1.965e+00, 5.000e-01, -9.350e-01, 1.177e+05, 0.000e+00, 7.270e-04, 0.000e+00, 2.138e+00, 9.984e+02, 3.121e-07
1.965e+00, 5.000e-01, -9.250e-01, 1.176e+05, 0.000e+00, 7.189e-04, 0.000e+00, 2.136e+00, 9.984e+02, 3.086e-07
1.965e+00, 5.000e-01, -9.150e-01, 1.175e+05, 0.000e+00, 7.090e-04, 0.000e+00, 2.134e+00, 9.984e+02, 3.044e-07
1.965e+00, 5.000e-01, -9.050e-01, 1.174e+05, 0.000e+00, 6.986e-04, 0.000e+00, 2.132e+00, 9.984e+02, 2.999e-07
1.965e+00, 5.000e-01, -8.950e-01, 1.173e+05, 0.000e+00, 6.887e-04, 0.000e+00, 2.131e+00, 9.984e+02, 2.957e-07
1.965e+00, 5.000e-01, -8.850e-01, 1.172e+05, 0.000e+00, 6.798e-04, 0.000e+00, 2.129e+00, 9.984e+02, 2.919e-07
1.965e+00, 5.000e-01, -8.750e-01, 1.171e+05, 0.000e+00, 6.723e-04, 0.000e+00, 2.127e+00, 9.984e+02, 2.886e-07
1.965e+00, 5.000e-01, -8.650e-01, 1.170e+05, 0.000e+00, 6.665e-04, 0.000e+00, 2.125e+00, 9.984e+02, 2.861e-07
1.965e+00, 5.000e-01, -8.550e-01, 1.169e+05, 0.000e+00, 6.627e-04, 0.000e+00, 2.124e+00, 9.984e+02, 2.845e-07
1.965e+00, 5.000e-01, -8.450e-01, 1.168e+05, 0.000e+00, 6.614e-04, 0.000e+00, 2.122e+00, 9.984e+02, 2.839e-07
1.965e+00, 5.000e-01, -8.350e-01, 1.167e+05, 0.000e+00, 6.629e-04, 0.000e+00, 2.120e+00, 9.984e+02, 2.846e-07
1.965e+00, 5.000e-01, -8.250e-01, 1.166e+05, 0.000e+00, 6.675e-04, 0.000e+00, 2.118e+00, 9.984e+02, 2.866e-07
1.965e+00, 5.000e-01, -8.150e-01, 1.165e+05, 0.000e+00, 6.748e-04, 0.000e+00, 2.116e+00, 9.984e+02, 2.897e-07
1.965e+00, 5.000e-01, -8.050e-01, 1.164e+05, 0.000e+00, 6.843e-04, 0.000e+00, 2.115e+00, 9.984e+02, 2.938e-07
1.965e+00, 5.000e-01, -7.950e-01, 1.163e+05, 0.000e+00, 6.979e-04, 0.000e+00, 2.113e+00, 9.984e+02, 2.996e-07
1.965e+00, 5.000e-01, -7.850e-01, 1.162e+05, 0.000e+00, 7.161e-04, 0.000e+00, 2.111e+00, 9.984e+02, 3.074e-07
1.965e+00, 5.000e-01, -7.750e-01, 1.161e+05, 0.000e+00, 7.378e-04, 0.000e+00, 2.109e+00, 9.984e+02, 3.167e-07
1.965e+00, 5.000e-01, -7.650e-01, 1.160e+05, 0.000e+00, 7.605e-04, 0.000e+00, 2.107e+00, 9.984e+02, 3.265e-07
1.965e+00, 5.000e-01, -7.550e-01, 1.159e+05, 0.000e+00, 7.768e-04, 0.000e+00, 2.106e+00, 9.984e+02, 3.335e-07
1.965e+00, 5.000e-01, -7.450e-01, 1.158e+05, 0.000e+00, 7.865e-04, 0.000e+00, 2.104e+00, 9.984e+02, 3.377e-07
1.965e+00, 5.000e-01, -7.350e-01, 1.157e+05, 6.756e-07, 8.223e-04, 0.000e+00, 2.102e+00, 9.984e+02, 3.530e-07
1.965e+00, 5.000e-01, -7.250e-01, 1.156e+05, 4.723e-01, 1.895e-03, 0.000e+00, 2.100e+00, 9.986e+02, 8.559e-07
1.965e+00, 5.000e-01, -7.150e-01, 1.156e+05, 8.683e-01, 1.895e-03, 0.000e+00, 2.100e+00, 9.986e+02, 8.914e-07
1.965e+00, 5.000e-01, -7.050e-01, 1.156e+05, 8.724e-01, 1.895e-03, 0.000e+00, 2.100e+00, 9.986e+02, 8.917e-07
1.965e+00, 5.000e-01, -6.950e-01, 1.156e+05, 8.738e-01, 1.895e-03, 0.000e+00, 2.100e+00, 9.986e+02, 8.918e-07
1.965e+00, 5.000e-01, -6.850e-01, 1.156e+05, 8.753e-01, 1.895e-03, 0.000e+00, 2.100e+00, 9.986e+02, 8.994e-07
1.965e+00, 5.000e-01, -6.750e-01, 1.166e+05, 0.000e+00, 3.675e-04, 0.000e+00, 2.119e+00, 9.983e+02, 1.614e-07
1.965e+00, 5.000e-01, -6.650e-01, 1.165e+05, 0.000e+00, 2.277e-04, 0.000e+00, 2.117e+00, 9.983e+02, 1.000e-07
1.965e+00, 5.000e-01, -6.550e-01, 1.164e+05, 0.000e+00, 1.324e-04, 0.000e+00, 2.115e+00, 9.983e+02, 5.817e-08
1.965e+00, 5.000e-01, -6.450e-01, 1.163e+05, 0.000e+00, 7.321e-05, 0.000e+00, 2.113e+00, 9.983e+02, 3.216e-08
1.965e+00, 5.000e-01, -6.350e-01, 1.162e+05, 0.000e+00, 4.156e-05, 0.000e+00, 2.111e+00, 9.983e+02, 1.826e-08
1.965e+00, 5.000e-01, -6.250e-01, 1.161e+05, 0.000e+00, 3.204e-05, 0.000e+00, 2.110e+00, 9.983e+02, 1.407e-08
1.965e+00, 5.000e-01, -6.150e-01, 1.160e+05, 0.000e+00, 4.430e-05, 0.000e+00, 2.108e+00, 9.983e+02, 1.946e-08
1.965e+00, 5.000e-01, -6.050e-01, 1.159e+05, 0.000e+00, 8.371e-05, 0.000e+00, 2.106e+00, 9.983e+02, 3.677e-08
1.965e+00, 5.000e-01, -5.950e-01, 1.158e+05, 0.000e+00, 1.589e-04, 0.000e+00, 2.104e+00, 9.983e+02, 6.981e-08
1.965e+00, 5.000e-01, -5.850e-01, 1.157e+05, 0.000e+00, 2.762e-04, 0.000e+00, 2.102e+00, 9.983e+02, 1.213e-07
1.965e+00, 5.000e-01, -5.750e-01, 1.156e+05, 0.000e+00, 4.360e-04, 0.000e+00, 2.101e+00, 9.983e+02, 1.915e-07
1.965e+00, 5.000e-01, -5.650e-01, 1.155e+05, 0.000e+00, 6.391e-04, 0.000e+00, 2.099e+00, 9.984e+02, 2.815e-07
1.965e+00, 5.000e-01, -5.550e-01, 1.140e+05, 0.000e+00, 8.717e-04, 0.000e+00, 2.070e+00, 9.984e+02, 3.917e-07
1.965e+00, 5.000e-01, -5.450e-01, 1.139e+05, 0.000e+00, 9.452e-04, 0.000e+00, 2.068e+00, 9.984e+02, 4.247e-07
1.965e+00, 5.000e-01, -5.350e-01, 1.138e+05, 0.000e+00, 9.485e-04, 0.000e+00, 2.067e+00, 9.984e+02, 4.262e-07
1.965e+00, 5.000e-01, -5.250e-01, 1.137e+05, 0.000e+00, 9.276e-04, 0.000e+00, 2.065e+00, 9.984e+02, 4.167e-07
1.965e+00, 5.000e-01, -5.150e-01, 1.136e+05, 0.000e+00, 8.981e-04, 0.000e+00, 2.063e+00, 9.984e+02, 4.035e-07
1.965e+00, 5.000e-01, -5.050e-01, 1.135e+05, 0.000e+00, 8.660e-04, 0.000e+00, 2.061e+00, 9.984e+02, 3.891e-07
1.965e+00, 5.000e-01, -4.950e-01, 1.134e+05, 0.000e+00, 8.345e-04, 0.000e+00, 2.059e+00, 9.984e+02, 3.749e-07
1.965e+00, 5.000e-01, -4.850e-01, 1.133e+05, 0.000e+00, 8.054e-04, 0.000e+00, 2.058e+00, 9.984e+02, 3.553e-07
1.965e+00, 5.000e-01, -4.750e-01, 1.132e+05, 0.000e+00, 7.804e-04, 0.000e+00, 2.056e+00, 9.984e+02, 3.350e-07
1.965e+00, 5.000e-01, -4.650e-01, 1.131e+05, 0.000e+00, 7.607e-04, 0.000e+00, 2.054e+00, 9.984e+02, 3.266e-07
1.965e+00, 5.000e-01, -4.550e-01, 1.130e+05, 0.000e+00, 7.448e-04, 0.000e+00, 2.052e+00, 9.984e+02, 3.197e-07
1.965e+00, 5.000e-01, -4.450e-01, 1.129e+05, 0.000e+00, 7.316e-04, 0.000e+00, 2.050e+00, 9.984e+02, 3.141e-07
1.965e+00, 5.000e-01, -4.350e-01, 1.128e+05, 0.000e+00, 7.203e-04, 0.000e+00, 2.048e+00, 9.984e+02, 3.092e-07
1.965e+00, 5.000e-01, -4.250e-01, 1.127e+05, 0.000e+00, 7.099e-04, 0.000e+00, 2.047e+00, 9.984e+02, 3.048e-07
1.965e+00, 5.000e-01, -4.150e-01, 1.126e+05, 0.000e+00, 6.993e-04, 0.000e+00, 2.045e+00, 9.984e+02, 3.002e-07
1.965e+00, 5.000e-01, -4.050e-01, 1.125e+05, 0.000e+00, 6.866e-04, 0.000e+00, 2.043e+00, 9.984e+02, 2.948e-07
1.965e+00, 5.000e-01, -3.950e-01, 1.124e+05, 0.000e+00, 6.696e-04, 0.000e+00, 2.041e+00, 9.984e+02, 2.875e-07
1.965e+00, 5.000e-01, -3.850e-01, 1.123e+05, 0.000e+00, 6.455e-04, 0.000e+00, 2.039e+00, 9.984e+02, 2.771e-07
1.965e+00, 5.000e-01, -3.750e-01, 1.122e+05, 0.000e+00, 6.113e-04, 0.000e+00, 2.038e+00, 9.984e+02, 2.624e-07
1.965e+00, 5.000e-01, -3.650e-01, 1.121e+05, 0.000e+00, 5.722e-04, 0.000e+00, 2.036e+00, 9.984e+02, 2.456e-07
1.965e+00, 5.000e-01, -3.550e-01, 1.120e+05, 0.000e+00, 5.646e-04, 0.000e+00, 2.034e+00, 9.984e+02, 2.447e-07
1.965e+00, 5.000e-01, -3.450e-01, 1.119e+05, 0.000e+00, 5.771e-04, 0.000e+00, 2.033e+00, 9.984e+02, 2.593e-07
1.965e+00, 5.000e-01, -3.350e-01, 1.118e+05, 0.000e+00, 5.763e-04, 0.000e+00, 2.031e+00, 9.984e+02, 2.589e-07
1.965e+00, 5.000e-01, -3.250e-01, 1.117e+05, 0.000e+00, 5.683e-04, 0.000e+00, 2.029e+00, 9.984e+02, 2.553e-07
1.965e+00, 5.000e-01, -3.150e-01, 1.116e+05, 0.000e+00, 5.567e-04, 0.000e+00, 2.027e+00, 9.984e+02, 2.501e-07
1.965e+00, 5.000e-01, -3.050e-01, 1.115e+05, 0.000e+00, 5.442e-04, 0.000e+00, 2.025e+00, 9.984e+02, 2.445e-07
1.965e+00, 5.000e-01, -2.950e-01, 1.114e+05, 0.000e+00, 5.337e-04, 0.000e+00, 2.024e+00, 9.984e+02, 2.398e-07
1.965e+00, 5.000e-01, -2.850e-01, 1.113e+05, 0.000e+00, 5.298e-04, 0.000e+00, 2.022e+00, 9.984e+02, 2.380e-07
1.965e+00, 5.000e-01, -2.750e-01, 1.112e+05, 0.000e+00, 5.403e-04, 0.000e+00, 2.020e+00, 9.984e+02, 2.427e-07
1.965e+00, 5.000e-01, -2.650e-01, 1.112e+05, 0.000e+00, 5.734e-04, 0.000e+00, 2.020e+00, 9.984e+02, 2.533e-07
1.965e+00, 5.000e-01, -2.550e-01, 1.111e+05, 0.000e+00, 5.893e-04, 0.000e+00, 2.018e+00, 9.984e+02, 2.589e-07
1.965e+00, 5.000e-01, -2.450e-01, 1.110e+05, 0.000e+00, 5.922e-04, 0.000e+00, 2.016e+00, 9.984e+02, 2.601e-07
1.965e+00, 5.000e-01, -2.350e-01, 1.109e+05, 0.000e+00, 5.914e-04, 0.000e+00, 2.014e+00, 9.984e+02, 2.598e-07
1.965e+00, 5.000e-01, -2.250e-01, 1.108e+05, 0.000e+00, 5.916e-04, 0.000e+00, 2.012e+00, 9.984e+02, 2.599e-07
1.965e+00, 5.000e-01, -2.150e-01, 1.107e+05, 0.000e+00, 5.954e-04, 0.000e+00, 2.011e+00, 9.984e+02, 2.615e-07
1.965e+00, 5.000e-01, -2.050e-01, 1.106e+05, 0.000e+00, 6.034e-04, 0.000e+00, 2.009e+00, 9.984e+02, 2.651e-07
1.965e+00, 5.000e-01, -1.950e-01, 1.105e+05, 0.000e+00, 6.127e-04, 0.000e+00, 2.007e+00, 9.984e+02, 2.692e-07
1.965e+00, 5.000e-01, -1.850e-01, 1.104e+05, 0.000e+00, 6.146e-04, 0.000e+00, 2.005e+00, 9.984e+02, 2.675e-07
1.965e+00, 5.000e-01, -1.750e-01, 1.105e+05, 0.000e+00, 5.898e-04, 0.000e+00, 2.007e+00, 9.984e+02, 2.532e-07
1.965e+00, 5.000e-01, -1.650e-01, 1.104e+05, 0.000e+00, 5.468e-04, 0.000e+00, 2.005e+00, 9.984e+02, 2.348e-07
1.965e+00, 5.000e-01, -1.550e-01, 1.103e+05, 0.000e+00, 4.948e-04, 0.000e+00, 2.004e+00, 9.983e+02, 2.124e-07
1.965e+00, 5.000e-01, -1.450e-01, 1.102e+05, 0.000e+00, 4.380e-04, 0.000e+00, 2.002e+00, 9.983e+02, 1.880e-07
1.965e+00, 5.000e-01, -1.350e-01, 1.101e+05, 0.000e+00, 3.758e-04, 0.000e+00, 2.000e+00, 9.983e+02, 1.613e-07
1.965e+00, 5.000e-01, -1.250e-01, 1.100e+05, 0.000e+00, 3.037e-04, 0.000e+00, 1.998e+00, 9.983e+02, 1.304e-07
1.965e+00, 5.000e-01, -1.150e-01, 1.099e+05, 0.000e+00, 2.200e-04, 0.000e+00, 1.996e+00, 9.983e+02, 9.527e-08
1.965e+00, 5.000e-01, -1.050e-01, 1.110e+05, 0.000e+00, 1.404e-04, 0.000e+00, 2.017e+00, 9.983e+02, 6.165e-08
1.965e+00, 5.000e-01, -9.500e-02, 1.109e+05, 0.000e+00, 7.980e-05, 0.000e+00, 2.015e+00, 9.983e+02, 3.505e-08
1.965e+00, 5.000e-01, -8.500e-02, 1.108e+05, 0.000e+00, 4.132e-05, 0.000e+00, 2.013e+00, 9.983e+02, 1.815e-08
1.965e+00, 5.000e-01, -7.500e-02, 1.107e+05, 0.000e+00, 2.004e-05, 0.000e+00, 2.011e+00, 9.983e+02, 8.802e-09
1.965e+00, 5.000e-01, -6.500e-02, 1.106e+05, 0.000e+00, 9.314e-06, 0.000e+00, 2.009e+00, 9.983e+02, 4.091e-09
1.965e+00, 5.000e-01, -5.500e-02, 1.105e+05, 0.000e+00, 4.199e-06, 0.000e+00, 2.008e+00, 9.983e+02, 1.844e-09
1.965e+00, 5.000e-01, -4.500e-02, 1.104e+05, 0.000e+00, 1.841e-06, 0.000e+00, 2.006e+00, 9.983e+02, 8.086e-10
1.965e+00, 5.000e-01, -3.500e-02, 1.103e+05, 0.000e+00, 7.825e-07, 0.000e+00, 2.004e+00, 9.983e+02, 3.437e-10
1.965e+00, 5.000e-01, -2.500e-02, 1.102e+05, 0.000e+00, 3.214e-07, 0.000e+00, 2.002e+00, 9.983e+02, 1.412e-10
1.965e+00, 5.000e-01, -1.500e-02, 1.101e+05, 0.000e+00, 1.279e-07, 0.000e+00, 2.000e+00, 9.983e+02, 5.616e-11
1.965e+00, 5.000e-01, -5.000e-03, 1.100e+05, 0.000e+00, 5.021e-08, 0.000e+00, 1.999e+00, 9.983e+02, 2.206e-11
1.975e+00, 5.000e-01, -1.195e+00, 1.202e+05, 0.000e+00, 1.002e-13, 0.000e+00, 2.184e+00, 9.983e+02, 2.000e-17
1.975e+00, 5.000e-01, -1.185e+00, 1.201e+05, 0.000e+00, 1.002e-13, 0.000e+00, 2.182e+00, 9.983e+02, 2.000e-17
1.975e+00, 5.000e-01, -1.175e+00, 1.200e+05, 0.000e+00, 1.002e-13, 0.000e+00, 2.181e+00, 9.983e+02, 2.000e-17
1.975e+00, 5.000e-01, -1.165e+00, 1.199e+05, 0.000e+00, 1.002e-13, 0.000e+00, 2.179e+00, 9.983e+02, 2.000e-17
1.975e+00, 5.000e-01, -1.155e+00, 1.198e+05, 0.000e+00, 1.002e-13, 0.000e+00, 2.177e+00, 9.983e+02, 2.000e-17
1.975e+00, 5.000e-01, -1.145e+00, 1.197e+05, 0.000e+00, 1.002e-13, 0.000e+00, 2.175e+00, 9.983e+02, 2.000e-17
1.975e+00, 5.000e-01, -1.135e+00, 1.196e+05, 0.000e+00, 1.002e-13, 0.000e+00, 2.173e+00, 9.983e+02, 2.000e-17
1.975e+00, 5.000e-01, -1.125e+00, 1.195e+05, 0.000e+00, 1.002e-13, 0.000e+00, 2.172e+00, 9.983e+02, 2.000e-17
1.975e+00, 5.000e-01, -1.115e+00, 1.194e+05, 0.000e+00, 1.002e-13, 0.000e+00, 2.170e+00, 9.983e+02, 2.000e-17
1.975e+00, 5.000e-01, -1.105e+00, 1.193e+05, 0.000e+00, 1.002e-13, 0.000e+00, 2.168e+00, 9.983e+02, 2.000e-17
1.975e+00, 5.000e-01, -1.095e+00, 1.192e+05, 0.000e+00, 1.002e-13, 0.000e+00, 2.166e+00, 9.983e+02, 2.000e-17
1.975e+00, 5.000e-01, -1.085e+00, 1.191e+05, 0.000e+00, 1.002e-13, 0.000e+00, 2.165e+00, 9.983e+02, 2.000e-17
1.975e+00, 5.000e-01, -1.075e+00, 1.190e+05, 0.000e+00, 2.436e-09, 0.000e+00, 2.163e+00, 9.983e+02, 1.030e-12
1.975e+00, 5.000e-01, -1.065e+00, 1.189e+05, 0.000e+00, 5.108e-04, 0.000e+00, 2.161e+00, 9.984e+02, 2.160e-07
1.975e+00, 5.000e-01, -1.055e+00, 1.188e+05, 0.000e+00, 5.350e-04, 0.000e+00, 2.159e+00, 9.984e+02, 2.297e-07
1.975e+00, 5.000e-01, -1.045e+00, 1.187e+05, 0.000e+00, 5.540e-04, 0.000e+00, 2.158e+00, 9.984e+02, 2.378e-07
1.975e+00, 5.000e-01, -1.035e+00, 1.186e+05, 0.000e+00, 5.650e-04, 0.000e+00, 2.156e+00, 9.984e+02, 2.426e-07
1.975e+00, 5.000e-01, -1.025e+00, 1.185e+05, 0.000e+00, 5.754e-04, 0.000e+00, 2.154e+00, 9.984e+02, 2.470e-07
1.975e+00, 5.000e-01, -1.015e+00, 1.185e+05, 0.000e+00, 5.868e-04, 0.000e+00, 2.152e+00, 9.984e+02, 2.519e-07
1.975e+00, 5.000e-01, -1.005e+00, 1.184e+05, 0.000e+00, 5.987e-04, 0.000e+00, 2.150e+00, 9.984e+02, 2.570e-07
1.975e+00, 5.000e-01, -9.950e-01, 1.183e+05, 0.000e+00, 6.106e-04, 0.000e+00, 2.149e+00, 9.984e+02, 2.621e-07
1.975e+00, 5.000e-01, -9.850e-01, 1.182e+05, 0.000e+00, 6.215e-04, 0.000e+00, 2.147e+00, 9.984e+02, 2.668e-07
1.975e+00, 5.000e-01, -9.750e-01, 1.181e+05, 0.000e+00, 6.302e-04, 0.000e+00, 2.145e+00, 9.984e+02, 2.705e-07
1.975e+00, 5.000e-01, -9.650e-01, 1.180e+05, 0.000e+00, 6.359e-04, 0.000e+00, 2.143e+00, 9.984e+02, 2.730e-07
1.975e+00, 5.000e-01, -9.550e-01, 1.179e+05, 0.000e+00, 6.381e-04, 0.000e+00, 2.141e+00, 9.984e+02, 2.739e-07
1.975e+00, 5.000e-01, -9.450e-01, 1.178e+05, 0.000e+00, 6.366e-04, 0.000e+00, 2.140e+00, 9.984e+02, 2.733e-07
1.975e+00, 5.000e-01, -9.350e-01, 1.177e+05, 0.000e+00, 6.316e-04, 0.000e+00, 2.138e+00, 9.984e+02, 2.712e-07
1.975e+00, 5.000e-01, -9.250e-01, 1.176e+05, 0.000e+00, 6.234e-04, 0.000e+00, 2.136e+00, 9.984e+02, 2.676e-07
1.975e+00, 5.000e-01, -9.150e-01, 1.175e+05, 0.000e+00, 6.135e-04, 0.000e+00, 2.134e+00, 9.984e+02, 2.634e-07
1.975e+00, 5.000e-01, -9.050e-01, 1.174e+05, 0.000e+00, 6.033e-04, 0.000e+00, 2.132e+00, 9.984e+02, 2.590e-07
1.975e+00, 5.000e-01, -8.950e-01, 1.173e+05, 0.000e+00, 5.938e-04, 0.000e+00, 2.131e+00, 9.984e+02, 2.549e-07
1.975e+00, 5.000e-01, -8.850e-01, 1.172e+05, 0.000e+00, 5.856e-04, 0.000e+00, 2.129e+00, 9.984e+02, 2.514e-07
1.975e+00, 5.000e-01, -8.750e-01, 1.171e+05, 0.000e+00, 5.789e-04, 0.000e+00, 2.127e+00, 9.984e+02, 2.485e-07
1.975e+00, 5.000e-01, -8.650e-01, 1.170e+05, 0.000e+00, 5.738e-04, 0.000e+00, 2.125e+00, 9.984e+02, 2.463e-07
1.975e+00, 5.000e-01, -8.550e-01, 1.169e+05, 0.000e+00, 5.704e-04, 0.000e+00, 2.124e+00, 9.984e+02, 2.449e-07
1.975e+00, 5.000e-01, -8.450e-01, 1.168e+05, 0.000e+00, 5.683e-04, 0.000e+00, 2.122e+00, 9.984e+02, 2.440e-07
1.975e+00, 5.000e-01, -8.350e-01, 1.167e+05, 0.000e+00, 5.668e-04, 0.000e+00, 2.120e+00, 9.984e+02, 2.433e-07
1.975e+00, 5.000e-01, -8.250e-01, 1.166e+05, 0.000e+00, 5.654e-04, 0.000e+00, 2.118e+00, 9.984e+02, 2.427e-07
1.975e+00, 5.000e-01, -8.150e-01, 1.165e+05, 0.000e+00, 5.633e-04, 0.000e+00, 2.116e+00, 9.984e+02, 2.418e-07
1.975e+00, 5.000e-01, -8.050e-01, 1.164e+05, 0.000e+00, 5.615e-04, 0.000e+00, 2.115e+00, 9.984e+02, 2.410e-07
1.975e+00, 5.000e-01, -7.950e-01, 1.163e+05, 0.000e+00, 5.621e-04, 0.000e+00, 2.113e+00, 9.984e+02, 2.413e-07
1.975e+00, 5.000e-01, -7.850e-01, 1.162e+05, 0.000e+00, 5.764e-04, 0.000e+00, 2.111e+00, 9.984e+02, 2.475e-07
1.975e+00, 5.000e-01, -7.750e-01, 1.161e+05, 0.000e+00, 6.133e-04, 0.000e+00, 2.109e+00, 9.984e+02, 2.633e-07
1.975e+00, 5.000e-01, -7.650e-01, 1.160e+05, 0.000e+00, 6.622e-04, 0.000e+00, 2.107e+00, 9.984e+02, 2.843e-07
1.975e+00, 5.000e-01, -7.550e-01, 1.159e+05, 0.000e+00, 6.857e-04, 0.000e+00, 2.106e+00, 9.984e+02, 2.944e-07
1.975e+00, 5.000e-01, -7.450e-01, 1.158e+05, 0.000e+00, 6.647e-04, 0.000e+00, 2.104e+00, 9.984e+02, 2.854e-07
1.975e+00, 5.000e-01, -7.350e-01, 1.157e+05, 6.757e-07, 6.612e-04, 0.000e+00, 2.102e+00, 9.984e+02, 2.839e-07
1.975e+00, 5.000e-01, -7.250e-01, 1.156e+05, 4.722e-01, 1.895e-03, 0.000e+00, 2.100e+00, 9.986e+02, 8.559e-07
1.975e+00, 5.000e-01, -7.150e-01, 1.156e+05, 8.683e-01, 1.895e-03, 0.000e+00, 2.100e+00, 9.986e+02, 8.914e-07
1.975e+00, 5.000e-01, -7.050e-01, 1.156e+05, 8.724e-01, 1.895e-03, 0.000e+00, 2.100e+00, 9.986e+02, 8.917e-07
1.975e+00, 5.000e-01, -6.950e-01, 1.156e+05, 8.738e-01, 1.895e-03, 0.000e+00, 2.100e+00, 9.986e+02, 8.918e-07
1.975e+00, 5.000e-01, -6.850e-01, 1.156e+05, 8.753e-01, 1.895e-03, 0.000e+00, 2.100e+00, 9.986e+02, 9.007e-07
1.975e+00, 5.000e-01, -6.750e-01, 1.166e+05, 0.000e+00, 3.593e-04, 0.000e+00, 2.119e+00, 9.983e+02, 1.578e-07
1.975e+00, 5.000e-01, -6.650e-01, 1.165e+05, 0.000e+00, 2.225e-04, 0.000e+00, 2.117e+00, 9.983e+02, 9.775e-08
1.975e+00, 5.000e-01, -6.550e-01, 1.164e+05, 0.000e+00, 1.300e-04, 0.000e+00, 2.115e+00, 9.983e+02, 5.708e-08
1.975e+00, 5.000e-01, -6.450e-01, 1.163e+05, 0.000e+00, 7.224e-05, 0.000e+00, 2.113e+00, 9.983e+02, 3.173e-08
1.975e+00, 5.000e-01, -6.350e-01, 1.162e+05, 0.000e+00, 4.124e-05, 0.000e+00, 2.111e+00, 9.983e+02, 1.811e-08
1.975e+00, 5.000e-01, -6.250e-01, 1.161e+05, 0.000e+00, 3.191e-05, 0.000e+00, 2.110e+00, 9.983e+02, 1.402e-08
1.975e+00, 5.000e-01, -6.150e-01, 1.160e+05, 0.000e+00, 4.423e-05, 0.000e+00, 2.108e+00, 9.983e+02, 1.943e-08
1.975e+00, 5.000e-01, -6.050e-01, 1.159e+05, 0.000e+00, 8.378e-05, 0.000e+00, 2.106e+00, 9.983e+02, 3.680e-08
1.975e+00, 5.000e-01, -5.950e-01, 1.158e+05, 0.000e+00, 1.594e-04, 0.000e+00, 2.104e+00, 9.983e+02, 7.002e-08
1.975e+00, 5.000e-01, -5.850e-01, 1.157e+05, 0.000e+00, 2.776e-04, 0.000e+00, 2.102e+00, 9.983e+02, 1.219e-07
1.975e+00, 5.000e-01, -5.750e-01, 1.156e+05, 0.000e+00, 4.390e-04, 0.000e+00, 2.101e+00, 9.983e+02, 1.928e-07
1.975e+00, 5.000e-01, -5.650e-01, 1.155e+05, 0.000e+00, 6.438e-04, 0.000e+00, 2.099e+00, 9.984e+02, 2.841e-07
1.975e+00, 5.000e-01, -5.550e-01, 1.140e+05, 0.000e+00, 8.694e-04, 0.000e+00, 2.070e+00, 9.984e+02, 3.906e-07
1.975e+00, 5.000e-01, -5.450e-01, 1.139e+05, 0.000e+00, 9.451e-04, 0.000e+00, 2.068e+00, 9.984e+02, 4.246e-07
1.975e+00, 5.000e-01, -5.350e-01, 1.138e+05, 0.000e+00, 9.489e-04, 0.000e+00, 2.067e+00, 9.984e+02, 4.263e-07
1.975e+00, 5.000e-01, -5.250e-01, 1.137e+05, 0.000e+00, 9.276e-04, 0.000e+00, 2.065e+00, 9.984e+02, 4.168e-07
1.975e+00, 5.000e-01, -5.150e-01, 1.136e+05, 0.000e+00, 8.978e-04, 0.000e+00, 2.063e+00, 9.984e+02, 4.034e-07
1.975e+00, 5.000e-01, -5.050e-01, 1.135e+05, 0.000e+00, 8.658e-04, 0.000e+00, 2.061e+00, 9.984e+02, 3.890e-07
1.975e+00, 5.000e-01, -4.950e-01, 1.134e+05, 0.000e+00, 8.344e-04, 0.000e+00, 2.059e+00, 9.984e+02, 3.749e-07
1.975e+00, 5.000e-01, -4.850e-01, 1.133e+05, 0.000e+00, 8.054e-04, 0.000e+00, 2.058e+00, 9.984e+02, 3.563e-07
1.975e+00, 5.000e-01, -4.750e-01, 1.132e+05, 0.000e+00, 7.798e-04, 0.000e+00, 2.056e+00, 9.984e+02, 3.348e-07
1.975e+00, 5.000e-01, -4.650e-01, 1.131e+05, 0.000e+00, 7.589e-04, 0.000e+00, 2.054e+00, 9.984e+02, 3.258e-07
1.975e+00, 5.000e-01, -4.550e-01, 1.130e+05, 0.000e+00, 7.410e-04, 0.000e+00, 2.052e+00, 9.984e+02, 3.181e-07
1.975e+00, 5.000e-01, -4.450e-01, 1.129e+05, 0.000e+00, 7.249e-04, 0.000e+00, 2.050e+00, 9.984e+02, 3.112e-07
1.975e+00, 5.000e-01, -4.350e-01, 1.128e+05, 0.000e+00, 7.093e-04, 0.000e+00, 2.048e+00, 9.984e+02, 3.045e-07
1.975e+00, 5.000e-01, -4.250e-01, 1.127e+05, 0.000e+00, 6.932e-04, 0.000e+00, 2.047e+00, 9.984e+02, 2.976e-07
1.975e+00, 5.000e-01, -4.150e-01, 1.126e+05, 0.000e+00, 6.750e-04, 0.000e+00, 2.045e+00, 9.984e+02, 2.898e-07
1.975e+00, 5.000e-01, -4.050e-01, 1.125e+05, 0.000e+00, 6.528e-04, 0.000e+00, 2.043e+00, 9.984e+02, 2.802e-07
1.975e+00, 5.000e-01, -3.950e-01, 1.124e+05, 0.000e+00, 6.239e-04, 0.000e+00, 2.041e+00, 9.984e+02, 2.678e-07
1.975e+00, 5.000e-01, -3.850e-01, 1.123e+05, 0.000e+00, 5.836e-04, 0.000e+00, 2.039e+00, 9.984e+02, 2.505e-07
1.975e+00, 5.000e-01, -3.750e-01, 1.122e+05, 0.000e+00, 5.407e-04, 0.000e+00, 2.038e+00, 9.984e+02, 2.321e-07
1.975e+00, 5.000e-01, -3.650e-01, 1.121e+05, 0.000e+00, 5.169e-04, 0.000e+00, 2.036e+00, 9.984e+02, 2.219e-07
1.975e+00, 5.000e-01, -3.550e-01, 1.120e+05, 0.000e+00, 5.090e-04, 0.000e+00, 2.034e+00, 9.984e+02, 2.206e-07
1.975e+00, 5.000e-01, -3.450e-01, 1.119e+05, 0.000e+00, 5.176e-04, 0.000e+00, 2.033e+00, 9.984e+02, 2.325e-07
1.975e+00, 5.000e-01, -3.350e-01, 1.118e+05, 0.000e+00, 5.183e-04, 0.000e+00, 2.031e+00, 9.984e+02, 2.329e-07
1.975e+00, 5.000e-01, -3.250e-01, 1.117e+05, 0.000e+00, 5.122e-04, 0.000e+00, 2.029e+00, 9.984e+02, 2.301e-07
1.975e+00, 5.000e-01, -3.150e-01, 1.116e+05, 0.000e+00, 5.018e-04, 0.000e+00, 2.027e+00, 9.984e+02, 2.254e-07
1.975e+00, 5.000e-01, -3.050e-01, 1.115e+05, 0.000e+00, 4.889e-04, 0.000e+00, 2.025e+00, 9.983e+02, 2.196e-07
1.975e+00, 5.000e-01, -2.950e-01, 1.114e+05, 0.000e+00, 4.753e-04, 0.000e+00, 2.024e+00, 9.983e+02, 2.136e-07
1.975e+00, 5.000e-01, -2.850e-01, 1.113e+05, 0.000e+00, 4.642e-04, 0.000e+00, 2.022e+00, 9.983e+02, 2.085e-07
1.975e+00, 5.000e-01, -2.750e-01, 1.112e+05, 0.000e+00, 4.659e-04, 0.000e+00, 2.020e+00, 9.983e+02, 2.093e-07
1.975e+00, 5.000e-01, -2.650e-01, 1.112e+05, 0.000e+00, 4.961e-04, 0.000e+00, 2.020e+00, 9.984e+02, 2.191e-07
1.975e+00, 5.000e-01, -2.550e-01, 1.111e+05, 0.000e+00, 5.169e-04, 0.000e+00, 2.018e+00, 9.984e+02, 2.271e-07
1.975e+00, 5.000e-01, -2.450e-01, 1.110e+05, 0.000e+00, 5.234e-04, 0.000e+00, 2.016e+00, 9.984e+02, 2.299e-07
1.975e+00, 5.000e-01, -2.350e-01, 1.109e+05, 0.000e+00, 5.240e-04, 0.000e+00, 2.014e+00, 9.984e+02, 2.302e-07
1.975e+00, 5.000e-01, -2.250e-01, 1.108e+05, 0.000e+00, 5.259e-04, 0.000e+00, 2.012e+00, 9.984e+02, 2.310e-07
1.975e+00, 5.000e-01, -2.150e-01, 1.107e+05, 0.000e+00, 5.341e-04, 0.000e+00, 2.011e+00, 9.984e+02, 2.346e-07
1.975e+00, 5.000e-01, -2.050e-01, 1.106e+05, 0.000e+00, 5.519e-04, 0.000e+00, 2.009e+00, 9.984e+02, 2.424e-07
1.975e+00, 5.000e-01, -1.950e-01, 1.105e+05, 0.000e+00, 5.793e-04, 0.000e+00, 2.007e+00, 9.984e+02, 2.545e-07
1.975e+00, 5.000e-01, -1.850e-01, 1.104e+05, 0.000e+00, 6.099e-04, 0.000e+00, 2.005e+00, 9.984e+02, 2.656e-07
1.975e+00, 5.000e-01, -1.750e-01, 1.105e+05, 0.000e+00, 6.134e-04, 0.000e+00, 2.007e+00, 9.984e+02, 2.633e-07
1.975e+00, 5.000e-01, -1.650e-01, 1.104e+05, 0.000e+00, 5.829e-04, 0.000e+00, 2.005e+00, 9.984e+02, 2.502e-07
1.975e+00, 5.000e-01, -1.550e-01, 1.103e+05, 0.000e+00, 5.340e-04, 0.000e+00, 2.004e+00, 9.984e+02, 2.292e-07
1.975e+00, 5.000e-01, -1.450e-01, 1.102e+05, 0.000e+00, 4.717e-04, 0.000e+00, 2.002e+00, 9.983e+02, 2.025e-07
1.975e+00, 5.000e-01, -1.350e-01, 1.101e+05, 0.000e+00, 3.980e-04, 0.000e+00, 2.000e+00, 9.983e+02, 1.709e-07
1.975e+00, 5.000e-01, -1.250e-01, 1.100e+05, 0.000e+00, 3.137e-04, 0.000e+00, 1.998e+00, 9.983e+02, 1.346e-07
1.975e+00, 5.000e-01, -1.150e-01, 1.099e+05, 0.000e+00, 2.207e-04, 0.000e+00, 1.996e+00, 9.983e+02, 9.558e-08
1.975e+00, 5.000e-01, -1.050e-01, 1.110e+05, 0.000e+00, 1.378e-04, 0.000e+00, 2.017e+00, 9.983e+02, 6.054e-08
1.975e+00, 5.000e-01, -9.500e-02, 1.109e+05, 0.000e+00, 7.737e-05, 0.000e+00, 2.015e+00, 9.983e+02, 3.399e-08
1.975e+00, 5.000e-01, -8.500e-02, 1.108e+05, 0.000e+00, 3.981e-05, 0.000e+00, 2.013e+00, 9.983e+02, 1.749e-08
1.975e+00, 5.000e-01, -7.500e-02, 1.107e+05, 0.000e+00, 1.928e-05, 0.000e+00, 2.011e+00, 9.983e+02, 8.467e-09
1.975e+00, 5.000e-01, -6.500e-02, 1.106e+05, 0.000e+00, 8.969e-06, 0.000e+00, 2.009e+00, 9.983e+02, 3.940e-09
1.975e+00, 5.000e-01, -5.500e-02, 1.105e+05, 0.000e+00, 4.054e-06, 0.000e+00, 2.008e+00, 9.983e+02, 1.780e-09
1.975e+00, 5.000e-01, -4.500e-02, 1.104e+05, 0.000e+00, 1.782e-06, 0.000e+00, 2.006e+00, 9.983e+02, 7.826e-10
1.975e+00, 5.000e-01, -3.500e-02, 1.103e+05, 0.000e+00, 7.588e-07, 0.000e+00, 2.004e+00, 9.983e+02, 3.333e-10
1.975e+00, 5.000e-01, -2.500e-02, 1.102e+05, 0.000e+00, 3.120e-07, 0.000e+00, 2.002e+00, 9.983e+02, 1.371e-10
1.975e+00, 5.000e-01, -1.500e-02, 1.101e+05, 0.000e+00, 1.242e-07, 0.000e+00, 2.000e+00, 9.983e+02, 5.456e-11
1.975e+00, 5.000e-01, -5.000e-03, 1.100e+05, 0.000e+00, 4.881e-08, 0.000e+00, 1.999e+00, 9.983e+02, 2.144e-11
1.985e+00, 5.000e-01, -1.195e+00, 1.202e+05, 0.000e+00, 1.002e-13, 0.000e+00, 2.184e+00, 9.983e+02, 2.000e-17
1.985e+00, 5.000e-01, -1.185e+00, 1.201e+05, 0.000e+00, 1.002e-13, 0.000e+00, 2.182e+00, 9.983e+02, 2.000e-17
1.985e+00, 5.000e-01, -1.175e+00, 1.200e+05, 0.000e+00, 1.002e-13, 0.000e+00, 2.181e+00, 9.983e+02, 2.000e-17
1.985e+00, 5.000e-01, -1.165e+00, 1.199e+05, 0.000e+00, 1.002e-13, 0.000e+00, 2.179e+00, 9.983e+02, 2.000e-17
1.985e+00, 5.000e-01, -1.155e+00, 1.198e+05, 0.000e+00, 1.002e-13, 0.000e+00, 2.177e+00, 9.983e+02, 2.000e-17
1.985e+00, 5.000e-01, -1.145e+00, 1.197e+05, 0.000e+00, 1.002e-13, 0.000e+00, 2.175e+00, 9.983e+02, 2.000e-17
1.985e+00, 5.000e-01, -1.135e+00, 1.196e+05, 0.000e+00, 1.002e-13, 0.000e+00, 2.173e+00, 9.983e+02, 2.000e-17
1.985e+00, 5.000e-01, -1.125e+00, 1.195e+05, 0.000e+00, 1.002e-13, 0.000e+00, 2.172e+00, 9.983e+02, 2.000e-17
1.985e+00, 5.000e-01, -1.115e+00, 1.194e+05, 0.000e+00, 1.002e-13, 0.000e+00, 2.170e+00, 9.983e+02, 2.000e-17
1.985e+00, 5.000e-01, -1.105e+00, 1.193e+05, 0.000e+00, 1.002e-13, 0.000e+00, 2.168e+00, 9.983e+02, 2.000e-17
1.985e+00, 5.000e-01, -1.095e+00, 1.192e+05, 0.000e+00, 1.002e-13, 0.000e+00, 2.166e+00, 9.983e+02, 2.000e-17
1.985e+00, 5.000e-01, -1.085e+00, 1.191e+05, 0.000e+00, 1.002e-13, 0.000e+00, 2.165e+00, 9.983e+02, 2.000e-17
1.985e+00, 5.000e-01, -1.075e+00, 1.190e+05, 0.000e+00, 2.176e-09, 0.000e+00, 2.163e+00, 9.983e+02, 8.899e-13
1.985e+00, 5.000e-01, -1.065e+00, 1.189e+05, 0.000e+00, 4.563e-04, 0.000e+00, 2.161e+00, 9.983e+02, 1.866e-07
1.985e+00, 5.000e-01, -1.055e+00, 1.188e+05, 0.000e+00, 5.002e-04, 0.000e+00, 2.159e+00, 9.984e+02, 2.147e-07
1.985e+00, 5.000e-01, -1.045e+00, 1.187e+05, 0.000e+00, 5.135e-04, 0.000e+00, 2.158e+00, 9.984e+02, 2.204e-07
1.985e+00, 5.000e-01, -1.035e+00, 1.186e+05, 0.000e+00, 5.205e-04, 0.000e+00, 2.156e+00, 9.984e+02, 2.235e-07
1.985e+00, 5.000e-01, -1.025e+00, 1.185e+05, 0.000e+00, 5.270e-04, 0.000e+00, 2.154e+00, 9.984e+02, 2.262e-07
1.985e+00, 5.000e-01, -1.015e+00, 1.185e+05, 0.000e+00, 5.344e-04, 0.000e+00, 2.152e+00, 9.984e+02, 2.294e-07
1.985e+00, 5.000e-01, -1.005e+00, 1.184e+05, 0.000e+00, 5.422e-04, 0.000e+00, 2.150e+00, 9.984e+02, 2.328e-07
1.985e+00, 5.000e-01, -9.950e-01, 1.183e+05, 0.000e+00, 5.503e-04, 0.000e+00, 2.149e+00, 9.984e+02, 2.363e-07
1.985e+00, 5.000e-01, -9.850e-01, 1.182e+05, 0.000e+00, 5.576e-04, 0.000e+00, 2.147e+00, 9.984e+02, 2.394e-07
1.985e+00, 5.000e-01, -9.750e-01, 1.181e+05, 0.000e+00, 5.634e-04, 0.000e+00, 2.145e+00, 9.984e+02, 2.419e-07
1.985e+00, 5.000e-01, -9.650e-01, 1.180e+05, 0.000e+00, 5.673e-04, 0.000e+00, 2.143e+00, 9.984e+02, 2.435e-07
1.985e+00, 5.000e-01, -9.550e-01, 1.179e+05, 0.000e+00, 5.687e-04, 0.000e+00, 2.141e+00, 9.984e+02, 2.441e-07
1.985e+00, 5.000e-01, -9.450e-01, 1.178e+05, 0.000e+00, 5.673e-04, 0.000e+00, 2.140e+00, 9.984e+02, 2.435e-07
1.985e+00, 5.000e-01, -9.350e-01, 1.177e+05, 0.000e+00, 5.626e-04, 0.000e+00, 2.138e+00, 9.984e+02, 2.415e-07
1.985e+00, 5.000e-01, -9.250e-01, 1.176e+05, 0.000e+00, 5.550e-04, 0.000e+00, 2.136e+00, 9.984e+02, 2.383e-07
1.985e+00, 5.000e-01, -9.150e-01, 1.175e+05, 0.000e+00, 5.459e-04, 0.000e+00, 2.134e+00, 9.984e+02, 2.344e-07
1.985e+00, 5.000e-01, -9.050e-01, 1.174e+05, 0.000e+00, 5.367e-04, 0.000e+00, 2.132e+00, 9.984e+02, 2.304e-07
1.985e+00, 5.000e-01, -8.950e-01, 1.173e+05, 0.000e+00, 5.279e-04, 0.000e+00, 2.131e+00, 9.984e+02, 2.266e-07
1.985e+00, 5.000e-01, -8.850e-01, 1.172e+05, 0.000e+00, 5.201e-04, 0.000e+00, 2.129e+00, 9.984e+02, 2.233e-07
1.985e+00, 5.000e-01, -8.750e-01, 1.171e+05, 0.000e+00, 5.134e-04, 0.000e+00, 2.127e+00, 9.984e+02, 2.204e-07
1.985e+00, 5.000e-01, -8.650e-01, 1.170e+05, 0.000e+00, 5.083e-04, 0.000e+00, 2.125e+00, 9.984e+02, 2.182e-07
1.985e+00, 5.000e-01, -8.550e-01, 1.169e+05, 0.000e+00, 5.049e-04, 0.000e+00, 2.124e+00, 9.984e+02, 2.168e-07
1.985e+00, 5.000e-01, -8.450e-01, 1.168e+05, 0.000e+00, 5.031e-04, 0.000e+00, 2.122e+00, 9.984e+02, 2.160e-07
1.985e+00, 5.000e-01, -8.350e-01, 1.167e+05, 0.000e+00, 5.025e-04, 0.000e+00, 2.120e+00, 9.984e+02, 2.157e-07
1.985e+00, 5.000e-01, -8.250e-01, 1.166e+05, 0.000e+00, 5.030e-04, 0.000e+00, 2.118e+00, 9.984e+02, 2.159e-07
1.985e+00, 5.000e-01, -8.150e-01, 1.165e+05, 0.000e+00, 5.043e-04, 0.000e+00, 2.116e+00, 9.984e+02, 2.165e-07
1.985e+00, 5.000e-01, -8.050e-01, 1.164e+05, 0.000e+00, 5.068e-04, 0.000e+00, 2.115e+00, 9.984e+02, 2.176e-07
1.985e+00, 5.000e-01, -7.950e-01, 1.163e+05, 0.000e+00, 5.295e-04, 0.000e+00, 2.113e+00, 9.984e+02, 2.273e-07
1.985e+00, 5.000e-01, -7.850e-01, 1.162e+05, 0.000e+00, 5.934e-04, 0.000e+00, 2.111e+00, 9.984e+02, 2.548e-07
1.985e+00, 5.000e-01, -7.750e-01, 1.161e+05, 0.000e+00, 6.423e-04, 0.000e+00, 2.109e+00, 9.984e+02, 2.758e-07
1.985e+00, 5.000e-01, -7.650e-01, 1.160e+05, 0.000e+00, 6.417e-04, 0.000e+00, 2.107e+00, 9.984e+02, 2.755e-07
1.985e+00, 5.000e-01, -7.550e-01, 1.159e+05, 0.000e+00, 6.075e-04, 0.000e+00, 2.106e+00, 9.984e+02, 2.608e-07
1.985e+00, 5.000e-01, -7.450e-01, 1.158e+05, 0.000e+00, 5.662e-04, 0.000e+00, 2.104e+00, 9.984e+02, 2.431e-07
1.985e+00, 5.000e-01, -7.350e-01, 1.157e+05, 6.756e-07, 5.889e-04, 0.000e+00, 2.102e+00, 9.984e+02, 2.528e-07
1.985e+00, 5.000e-01, -7.250e-01, 1.156e+05, 4.721e-01, 1.895e-03, 0.000e+00, 2.100e+00, 9.986e+02, 8.559e-07
1.985e+00, 5.000e-01, -7.150e-01, 1.156e+05, 8.683e-01, 1.895e-03, 0.000e+00, 2.100e+00, 9.986e+02, 8.914e-07
1.985e+00, 5.000e-01, -7.050e-01, 1.156e+05, 8.724e-01, 1.895e-03, 0.000e+00, 2.100e+00, 9.986e+02, 8.917e-07
1.985e+00, 5.000e-01, -6.950e-01, 1.156e+05, 8.738e-01, 1.895e-03, 0.000e+00, 2.100e+00, 9.986e+02, 8.918e-07
1.985e+00, 5.000e-01, -6.850e-01, 1.167e+05, 1.043e-06, 5.263e-04, 0.000e+00, 2.120e+00, 9.984e+02, 2.286e-07
1.985e+00, 5.000e-01, -6.750e-01, 1.166e+05, 0.000e+00, 3.425e-04, 0.000e+00, 2.119e+00, 9.983e+02, 1.504e-07
1.985e+00, 5.000e-01, -6.650e-01, 1.165e+05, 0.000e+00, 2.141e-04, 0.000e+00, 2.117e+00, 9.983e+02, 9.404e-08
1.985e+00, 5.000e-01, -6.550e-01, 1.164e+05, 0.000e+00, 1.261e-04, 0.000e+00, 2.115e+00, 9.983e+02, 5.539e-08
1.985e+00, 5.000e-01, -6.450e-01, 1.163e+05, 0.000e+00, 7.059e-05, 0.000e+00, 2.113e+00, 9.983e+02, 3.101e-08
1.985e+00, 5.000e-01, -6.350e-01, 1.162e+05, 0.000e+00, 4.057e-05, 0.000e+00, 2.111e+00, 9.983e+02, 1.782e-08
1.985e+00, 5.000e-01, -6.250e-01, 1.161e+05, 0.000e+00, 3.167e-05, 0.000e+00, 2.110e+00, 9.983e+02, 1.391e-08
1.985e+00, 5.000e-01, -6.150e-01, 1.160e+05, 0.000e+00, 4.423e-05, 0.000e+00, 2.108e+00, 9.983e+02, 1.943e-08
1.985e+00, 5.000e-01, -6.050e-01, 1.159e+05, 0.000e+00, 8.408e-05, 0.000e+00, 2.106e+00, 9.983e+02, 3.693e-08
1.985e+00, 5.000e-01, -5.950e-01, 1.158e+05, 0.000e+00, 1.602e-04, 0.000e+00, 2.104e+00, 9.983e+02, 7.037e-08
1.985e+00, 5.000e-01, -5.850e-01, 1.157e+05, 0.000e+00, 2.791e-04, 0.000e+00, 2.102e+00, 9.983e+02, 1.226e-07
1.985e+00, 5.000e-01, -5.750e-01, 1.156e+05, 0.000e+00, 4.415e-04, 0.000e+00, 2.101e+00, 9.983e+02, 1.939e-07
1.985e+00, 5.000e-01, -5.650e-01, 1.155e+05, 0.000e+00, 6.475e-04, 0.000e+00, 2.099e+00, 9.984e+02, 2.863e-07
1.985e+00, 5.000e-01, -5.550e-01, 1.140e+05, 0.000e+00, 8.641e-04, 0.000e+00, 2.070e+00, 9.984e+02, 3.882e-07
1.985e+00, 5.000e-01, -5.450e-01, 1.139e+05, 0.000e+00, 9.406e-04, 0.000e+00, 2.068e+00, 9.984e+02, 4.226e-07
1.985e+00, 5.000e-01, -5.350e-01, 1.138e+05, 0.000e+00, 9.456e-04, 0.000e+00, 2.067e+00, 9.984e+02, 4.249e-07
1.985e+00, 5.000e-01, -5.250e-01, 1.137e+05, 0.000e+00, 9.249e-04, 0.000e+00, 2.065e+00, 9.984e+02, 4.155e-07
1.985e+00, 5.000e-01, -5.150e-01, 1.136e+05, 0.000e+00, 8.954e-04, 0.000e+00, 2.063e+00, 9.984e+02, 4.023e-07
1.985e+00, 5.000e-01, -5.050e-01, 1.135e+05, 0.000e+00, 8.637e-04, 0.000e+00, 2.061e+00, 9.984e+02, 3.880e-07
1.985e+00, 5.000e-01, -4.950e-01, 1.134e+05, 0.000e+00, 8.324e-04, 0.000e+00, 2.059e+00, 9.984e+02, 3.740e-07
1.985e+00, 5.000e-01, -4.850e-01, 1.133e+05, 0.000e+00, 8.031e-04, 0.000e+00, 2.058e+00, 9.984e+02, 3.564e-07
1.985e+00, 5.000e-01, -4.750e-01, 1.132e+05, 0.000e+00, 7.764e-04, 0.000e+00, 2.056e+00, 9.984e+02, 3.333e-07
1.985e+00, 5.000e-01, -4.650e-01, 1.131e+05, 0.000e+00, 7.533e-04, 0.000e+00, 2.054e+00, 9.984e+02, 3.234e-07
1.985e+00, 5.000e-01, -4.550e-01, 1.130e+05, 0.000e+00, 7.325e-04, 0.000e+00, 2.052e+00, 9.984e+02, 3.145e-07
1.985e+00, 5.000e-01, -4.450e-01, 1.129e+05, 0.000e+00, 7.125e-04, 0.000e+00, 2.050e+00, 9.984e+02, 3.059e-07
1.985e+00, 5.000e-01, -4.350e-01, 1.128e+05, 0.000e+00, 6.920e-04, 0.000e+00, 2.048e+00, 9.984e+02, 2.971e-07
1.985e+00, 5.000e-01, -4.250e-01, 1.127e+05, 0.000e+00, 6.699e-04, 0.000e+00, 2.047e+00, 9.984e+02, 2.876e-07
1.985e+00, 5.000e-01, -4.150e-01, 1.126e+05, 0.000e+00, 6.442e-04, 0.000e+00, 2.045e+00, 9.984e+02, 2.766e-07
1.985e+00, 5.000e-01, -4.050e-01, 1.125e+05, 0.000e+00, 6.125e-04, 0.000e+00, 2.043e+00, 9.984e+02, 2.630e-07
1.985e+00, 5.000e-01, -3.950e-01, 1.124e+05, 0.000e+00, 5.688e-04, 0.000e+00, 2.041e+00, 9.984e+02, 2.442e-07
1.985e+00, 5.000e-01, -3.850e-01, 1.123e+05, 0.000e+00, 5.317e-04, 0.000e+00, 2.039e+00, 9.984e+02, 2.283e-07
1.985e+00, 5.000e-01, -3.750e-01, 1.122e+05, 0.000e+00, 5.109e-04, 0.000e+00, 2.038e+00, 9.984e+02, 2.193e-07
1.985e+00, 5.000e-01, -3.650e-01, 1.121e+05, 0.000e+00, 4.980e-04, 0.000e+00, 2.036e+00, 9.984e+02, 2.138e-07
1.985e+00, 5.000e-01, -3.550e-01, 1.120e+05, 0.000e+00, 4.890e-04, 0.000e+00, 2.034e+00, 9.983e+02, 2.119e-07
1.985e+00, 5.000e-01, -3.450e-01, 1.119e+05, 0.000e+00, 4.853e-04, 0.000e+00, 2.033e+00, 9.983e+02, 2.180e-07
1.985e+00, 5.000e-01, -3.350e-01, 1.118e+05, 0.000e+00, 4.814e-04, 0.000e+00, 2.031e+00, 9.983e+02, 2.163e-07
1.985e+00, 5.000e-01, -3.250e-01, 1.117e+05, 0.000e+00, 4.756e-04, 0.000e+00, 2.029e+00, 9.983e+02, 2.137e-07
1.985e+00, 5.000e-01, -3.150e-01, 1.116e+05, 0.000e+00, 4.672e-04, 0.000e+00, 2.027e+00, 9.983e+02, 2.099e-07
1.985e+00, 5.000e-01, -3.050e-01, 1.115e+05, 0.000e+00, 4.563e-04, 0.000e+00, 2.025e+00, 9.983e+02, 2.050e-07
1.985e+00, 5.000e-01, -2.950e-01, 1.114e+05, 0.000e+00, 4.436e-04, 0.000e+00, 2.024e+00, 9.983e+02, 1.993e-07
1.985e+00, 5.000e-01, -2.850e-01, 1.113e+05, 0.000e+00, 4.302e-04, 0.000e+00, 2.022e+00, 9.983e+02, 1.933e-07
1.985e+00, 5.000e-01, -2.750e-01, 1.112e+05, 0.000e+00, 4.201e-04, 0.000e+00, 2.020e+00, 9.983e+02, 1.887e-07
1.985e+00, 5.000e-01, -2.650e-01, 1.112e+05, 0.000e+00, 4.277e-04, 0.000e+00, 2.020e+00, 9.983e+02, 1.889e-07
1.985e+00, 5.000e-01, -2.550e-01, 1.111e+05, 0.000e+00, 4.445e-04, 0.000e+00, 2.018e+00, 9.983e+02, 1.953e-07
1.985e+00, 5.000e-01, -2.450e-01, 1.110e+05, 0.000e+00, 4.528e-04, 0.000e+00, 2.016e+00, 9.983e+02, 1.989e-07
1.985e+00, 5.000e-01, -2.350e-01, 1.109e+05, 0.000e+00, 4.524e-04, 0.000e+00, 2.014e+00, 9.983e+02, 1.987e-07
1.985e+00, 5.000e-01, -2.250e-01, 1.108e+05, 0.000e+00, 4.512e-04, 0.000e+00, 2.012e+00, 9.983e+02, 1.982e-07
1.985e+00, 5.000e-01, -2.150e-01, 1.107e+05, 0.000e+00, 4.568e-04, 0.000e+00, 2.011e+00, 9.983e+02, 2.006e-07
1.985e+00, 5.000e-01, -2.050e-01, 1.106e+05, 0.000e+00, 4.767e-04, 0.000e+00, 2.009e+00, 9.983e+02, 2.094e-07
1.985e+00, 5.000e-01, -1.950e-01, 1.105e+05, 0.000e+00, 5.154e-04, 0.000e+00, 2.007e+00, 9.984e+02, 2.264e-07
1.985e+00, 5.000e-01, -1.850e-01, 1.104e+05, 0.000e+00, 5.702e-04, 0.000e+00, 2.005e+00, 9.984e+02, 2.484e-07
1.985e+00, 5.000e-01, -1.750e-01, 1.105e+05, 0.000e+00, 6.040e-04, 0.000e+00, 2.007e+00, 9.984e+02, 2.593e-07
1.985e+00, 5.000e-01, -1.650e-01, 1.104e+05, 0.000e+00, 5.922e-04, 0.000e+00, 2.005e+00, 9.984e+02, 2.542e-07
1.985e+00, 5.000e-01, -1.550e-01, 1.103e+05, 0.000e+00, 5.545e-04, 0.000e+00, 2.004e+00, 9.984e+02, 2.380e-07
1.985e+00, 5.000e-01, -1.450e-01, 1.102e+05, 0.000e+00, 4.956e-04, 0.000e+00, 2.002e+00, 9.983e+02, 2.128e-07
1.985e+00, 5.000e-01, -1.350e-01, 1.101e+05, 0.000e+00, 4.179e-04, 0.000e+00, 2.000e+00, 9.983e+02, 1.794e-07
1.985e+00, 5.000e-01, -1.250e-01, 1.100e+05, 0.000e+00, 3.251e-04, 0.000e+00, 1.998e+00, 9.983e+02, 1.396e-07
1.985e+00, 5.000e-01, -1.150e-01, 1.099e+05, 0.000e+00, 2.236e-04, 0.000e+00, 1.996e+00, 9.983e+02, 9.681e-08
1.985e+00, 5.000e-01, -1.050e-01, 1.110e+05, 0.000e+00, 1.368e-04, 0.000e+00, 2.017e+00, 9.983e+02, 6.007e-08
1.985e+00, 5.000e-01, -9.500e-02, 1.109e+05, 0.000e+00, 7.577e-05, 0.000e+00, 2.015e+00, 9.983e+02, 3.328e-08
1.985e+00, 5.000e-01, -8.500e-02, 1.108e+05, 0.000e+00, 3.871e-05, 0.000e+00, 2.013e+00, 9.983e+02, 1.700e-08
1.985e+00, 5.000e-01, -7.500e-02, 1.107e+05, 0.000e+00, 1.869e-05, 0.000e+00, 2.011e+00, 9.983e+02, 8.210e-09
1.985e+00, 5.000e-01, -6.500e-02, 1.106e+05, 0.000e+00, 8.697e-06, 0.000e+00, 2.009e+00, 9.983e+02, 3.820e-09
1.985e+00, 5.000e-01, -5.500e-02, 1.105e+05, 0.000e+00, 3.936e-06, 0.000e+00, 2.008e+00, 9.983e+02, 1.729e-09
1.985e+00, 5.000e-01, -4.500e-02, 1.104e+05, 0.000e+00, 1.733e-06, 0.000e+00, 2.006e+00, 9.983e+02, 7.611e-10
1.985e+00, 5.000e-01, -3.500e-02, 1.103e+05, 0.000e+00, 7.389e-07, 0.000e+00, 2.004e+00, 9.983e+02, 3.246e-10
1.985e+00, 5.000e-01, -2.500e-02, 1.102e+05, 0.000e+00, 3.041e-07, 0.000e+00, 2.002e+00, 9.983e+02, 1.336e-10
1.985e+00, 5.000e-01, -1.500e-02, 1.101e+05, 0.000e+00, 1.211e-07, 0.000e+00, 2.000e+00, 9.983e+02, 5.319e-11
1.985e+00, 5.000e-01, -5.000e-03, 1.100e+05, 0.000e+00, 4.762e-08, 0.000e+00, 1.999e+00, 9.983e+02, 2.092e-11
1.995e+00, 5.000e-01, -1.195e+00, 1.202e+05, 0.000e+00, 1.002e-13, 0.000e+00, 2.184e+00, 9.983e+02, 2.000e-17
1.995e+00, 5.000e-01, -1.185e+00, 1.201e+05, 0.000e+00, 1.002e-13, 0.000e+00, 2.182e+00, 9.983e+02, 2.000e-17
1.995e+00, 5.000e-01, -1.175e+00, 1.200e+05, 0.000e+00, 1.002e-13, 0.000e+00, 2.181e+00, 9.983e+02, 2.000e-17
1.995e+00, 5.000e-01, -1.165e+00, 1.199e+05, 0.000e+00, 1.002e-13, 0.000e+00, 2.179e+00, 9.983e+02, 2.000e-17
1.995e+00, 5.000e-01, -1.155e+00, 1.198e+05, 0.000e+00, 1.002e-13, 0.000e+00, 2.177e+00, 9.983e+02, 2.000e-17
1.995e+00, 5.000e-01, -1.145e+00, 1.197e+05, 0.000e+00, 1.002e-13, 0.000e+00, 2.175e+00, 9.983e+02, 2.000e-17
1.995e+00, 5.000e-01, -1.135e+00, 1.196e+05, 0.000e+00, 1.002e-13, 0.000e+00, 2.173e+00, 9.983e+02, 2.000e-17
1.995e+00, 5.000e-01, -1.125e+00, 1.195e+05, 0.000e+00, 1.002e-13, 0.000e+00, 2.172e+00, 9.983e+02, 2.000e-17
1.995e+00, 5.000e-01, -1.115e+00, 1.194e+05, 0.000e+00, 1.002e-13, 0.000e+00, 2.170e+00, 9.983e+02, 2.000e-17
1.995e+00, 5.000e-01, -1.105e+00, 1.193e+05, 0.000e+00, 1.002e-13, 0.000e+00, 2.168e+00, 9.983e+02, 2.000e-17
1.995e+00, 5.000e-01, -1.095e+00, 1.192e+05, 0.000e+00, 1.002e-13, 0.000e+00, 2.166e+00, 9.983e+02, 2.000e-17
1.995e+00, 5.000e-01, -1.085e+00, 1.191e+05, 0.000e+00, 1.002e-13, 0.000e+00, 2.165e+00, 9.983e+02, 2.000e-17
1.995e+00, 5.000e-01, -1.075e+00, 1.190e+05, 0.000e+00, 2.087e-09, 0.000e+00, 2.163e+00, 9.983e+02, 8.273e-13
1.995e+00, 5.000e-01, -1.065e+00, 1.189e+05, 0.000e+00, 4.355e-04, 0.000e+00, 2.161e+00, 9.983e+02, 1.720e-07
1.995e+00, 5.000e-01, -1.055e+00, 1.188e+05, 0.000e+00, 4.758e-04, 0.000e+00, 2.159e+00, 9.984e+02, 2.043e-07
1.995e+00, 5.000e-01, -1.045e+00, 1.187e+05, 0.000e+00, 4.844e-04, 0.000e+00, 2.158e+00, 9.984e+02, 2.080e-07
1.995e+00, 5.000e-01, -1.035e+00, 1.186e+05, 0.000e+00, 4.894e-04, 0.000e+00, 2.156e+00, 9.984e+02, 2.101e-07
1.995e+00, 5.000e-01, -1.025e+00, 1.185e+05, 0.000e+00, 4.936e-04, 0.000e+00, 2.154e+00, 9.984e+02, 2.119e-07
1.995e+00, 5.000e-01, -1.015e+00, 1.185e+05, 0.000e+00, 4.975e-04, 0.000e+00, 2.152e+00, 9.984e+02, 2.136e-07
1.995e+00, 5.000e-01, -1.005e+00, 1.184e+05, 0.000e+00, 5.011e-04, 0.000e+00, 2.150e+00, 9.984e+02, 2.151e-07
1.995e+00, 5.000e-01, -9.950e-01, 1.183e+05, 0.000e+00, 5.045e-04, 0.000e+00, 2.149e+00, 9.984e+02, 2.166e-07
1.995e+00, 5.000e-01, -9.850e-01, 1.182e+05, 0.000e+00, 5.074e-04, 0.000e+00, 2.147e+00, 9.984e+02, 2.178e-07
1.995e+00, 5.000e-01, -9.750e-01, 1.181e+05, 0.000e+00, 5.094e-04, 0.000e+00, 2.145e+00, 9.984e+02, 2.187e-07
1.995e+00, 5.000e-01, -9.650e-01, 1.180e+05, 0.000e+00, 5.102e-04, 0.000e+00, 2.143e+00, 9.984e+02, 2.190e-07
1.995e+00, 5.000e-01, -9.550e-01, 1.179e+05, 0.000e+00, 5.096e-04, 0.000e+00, 2.141e+00, 9.984e+02, 2.188e-07
1.995e+00, 5.000e-01, -9.450e-01, 1.178e+05, 0.000e+00, 5.073e-04, 0.000e+00, 2.140e+00, 9.984e+02, 2.178e-07
1.995e+00, 5.000e-01, -9.350e-01, 1.177e+05, 0.000e+00, 5.031e-04, 0.000e+00, 2.138e+00, 9.984e+02, 2.160e-07
1.995e+00, 5.000e-01, -9.250e-01, 1.176e+05, 0.000e+00, 4.973e-04, 0.000e+00, 2.136e+00, 9.984e+02, 2.135e-07
1.995e+00, 5.000e-01, -9.150e-01, 1.175e+05, 0.000e+00, 4.907e-04, 0.000e+00, 2.134e+00, 9.984e+02, 2.107e-07
1.995e+00, 5.000e-01, -9.050e-01, 1.174e+05, 0.000e+00, 4.839e-04, 0.000e+00, 2.132e+00, 9.984e+02, 2.077e-07
1.995e+00, 5.000e-01, -8.950e-01, 1.173e+05, 0.000e+00, 4.772e-04, 0.000e+00, 2.131e+00, 9.983e+02, 2.049e-07
1.995e+00, 5.000e-01, -8.850e-01, 1.172e+05, 0.000e+00, 4.711e-04, 0.000e+00, 2.129e+00, 9.983e+02, 2.022e-07
1.995e+00, 5.000e-01, -8.750e-01, 1.171e+05, 0.000e+00, 4.658e-04, 0.000e+00, 2.127e+00, 9.983e+02, 2.000e-07
1.995e+00, 5.000e-01, -8.650e-01, 1.170e+05, 0.000e+00, 4.615e-04, 0.000e+00, 2.125e+00, 9.983e+02, 1.981e-07
1.995e+00, 5.000e-01, -8.550e-01, 1.169e+05, 0.000e+00, 4.583e-04, 0.000e+00, 2.124e+00, 9.983e+02, 1.968e-07
1.995e+00, 5.000e-01, -8.450e-01, 1.168e+05, 0.000e+00, 4.563e-04, 0.000e+00, 2.122e+00, 9.983e+02, 1.959e-07
1.995e+00, 5.000e-01, -8.350e-01, 1.167e+05, 0.000e+00, 4.555e-04, 0.000e+00, 2.120e+00, 9.983e+02, 1.955e-07
1.995e+00, 5.000e-01, -8.250e-01, 1.166e+05, 0.000e+00, 4.558e-04, 0.000e+00, 2.118e+00, 9.983e+02, 1.957e-07
1.995e+00, 5.000e-01, -8.150e-01, 1.165e+05, 0.000e+00, 4.573e-04, 0.000e+00, 2.116e+00, 9.983e+02, 1.963e-07
1.995e+00, 5.000e-01, -8.050e-01, 1.164e+05, 0.000e+00, 4.601e-04, 0.000e+00, 2.115e+00, 9.983e+02, 1.975e-07
1.995e+00, 5.000e-01, -7.950e-01, 1.163e+05, 0.000e+00, 4.678e-04, 0.000e+00, 2.113e+00, 9.983e+02, 2.008e-07
1.995e+00, 5.000e-01, -7.850e-01, 1.162e+05, 0.000e+00, 4.875e-04, 0.000e+00, 2.111e+00, 9.984e+02, 2.093e-07
1.995e+00, 5.000e-01, -7.750e-01, 1.161e+05, 0.000e+00, 5.069e-04, 0.000e+00, 2.109e+00, 9.984e+02, 2.176e-07
1.995e+00, 5.000e-01, -7.650e-01, 1.160e+05, 0.000e+00, 5.025e-04, 0.000e+00, 2.107e+00, 9.984e+02, 2.157e-07
1.995e+00, 5.000e-01, -7.550e-01, 1.159e+05, 0.000e+00, 5.058e-04, 0.000e+00, 2.106e+00, 9.984e+02, 2.171e-07
1.995e+00, 5.000e-01, -7.450e-01, 1.158e+05, 0.000e+00, 4.948e-04, 0.000e+00, 2.104e+00, 9.984e+02, 2.124e-07
1.995e+00, 5.000e-01, -7.350e-01, 1.157e+05, 6.752e-07, 5.366e-04, 0.000e+00, 2.102e+00, 9.984e+02, 2.304e-07
1.995e+00, 5.000e-01, -7.250e-01, 1.156e+05, 4.720e-01, 1.895e-03, 0.000e+00, 2.100e+00, 9.986e+02, 8.559e-07
1.995e+00, 5.000e-01, -7.150e-01, 1.156e+05, 8.683e-01, 1.895e-03, 0.000e+00, 2.100e+00, 9.986e+02, 8.914e-07
1.995e+00, 5.000e-01, -7.050e-01, 1.156e+05, 8.724e-01, 1.895e-03, 0.000e+00, 2.100e+00, 9.986e+02, 8.917e-07
1.995e+00, 5.000e-01, -6.950e-01, 1.156e+05, 8.738e-01, 1.895e-03, 0.000e+00, 2.100e+00, 9.986e+02, 8.918e-07
1.995e+00, 5.000e-01, -6.850e-01, 1.167e+05, 0.000e+00, 4.830e-04, 0.000e+00, 2.120e+00, 9.984e+02, 2.102e-07
1.995e+00, 5.000e-01, -6.750e-01, 1.166e+05, 0.000e+00, 3.242e-04, 0.000e+00, 2.119e+00, 9.983e+02, 1.424e-07
1.995e+00, 5.000e-01, -6.650e-01, 1.165e+05, 0.000e+00, 2.050e-04, 0.000e+00, 2.117e+00, 9.983e+02, 9.006e-08
1.995e+00, 5.000e-01, -6.550e-01, 1.164e+05, 0.000e+00, 1.215e-04, 0.000e+00, 2.115e+00, 9.983e+02, 5.336e-08
1.995e+00, 5.000e-01, -6.450e-01, 1.163e+05, 0.000e+00, 6.827e-05, 0.000e+00, 2.113e+00, 9.983e+02, 2.999e-08
1.995e+00, 5.000e-01, -6.350e-01, 1.162e+05, 0.000e+00, 3.945e-05, 0.000e+00, 2.111e+00, 9.983e+02, 1.733e-08
1.995e+00, 5.000e-01, -6.250e-01, 1.161e+05, 0.000e+00, 3.118e-05, 0.000e+00, 2.110e+00, 9.983e+02, 1.370e-08
1.995e+00, 5.000e-01, -6.150e-01, 1.160e+05, 0.000e+00, 4.415e-05, 0.000e+00, 2.108e+00, 9.983e+02, 1.939e-08
1.995e+00, 5.000e-01, -6.050e-01, 1.159e+05, 0.000e+00, 8.441e-05, 0.000e+00, 2.106e+00, 9.983e+02, 3.708e-08
1.995e+00, 5.000e-01, -5.950e-01, 1.158e+05, 0.000e+00, 1.611e-04, 0.000e+00, 2.104e+00, 9.983e+02, 7.075e-08
1.995e+00, 5.000e-01, -5.850e-01, 1.157e+05, 0.000e+00, 2.806e-04, 0.000e+00, 2.102e+00, 9.983e+02, 1.233e-07
1.995e+00, 5.000e-01, -5.750e-01, 1.156e+05, 0.000e+00, 4.439e-04, 0.000e+00, 2.101e+00, 9.983e+02, 1.950e-07
1.995e+00, 5.000e-01, -5.650e-01, 1.155e+05, 0.000e+00, 6.521e-04, 0.000e+00, 2.099e+00, 9.984e+02, 2.889e-07
1.995e+00, 5.000e-01, -5.550e-01, 1.140e+05, 0.000e+00, 8.580e-04, 0.000e+00, 2.070e+00, 9.984e+02, 3.855e-07
1.995e+00, 5.000e-01, -5.450e-01, 1.139e+05, 0.000e+00, 9.336e-04, 0.000e+00, 2.068e+00, 9.984e+02, 4.195e-07
1.995e+00, 5.000e-01, -5.350e-01, 1.138e+05, 0.000e+00, 9.396e-04, 0.000e+00, 2.067e+00, 9.984e+02, 4.221e-07
1.995e+00, 5.000e-01, -5.250e-01, 1.137e+05, 0.000e+00, 9.198e-04, 0.000e+00, 2.065e+00, 9.984e+02, 4.133e-07
1.995e+00, 5.000e-01, -5.150e-01, 1.136e+05, 0.000e+00, 8.913e-04, 0.000e+00, 2.063e+00, 9.984e+02, 4.004e-07
1.995e+00, 5.000e-01, -5.050e-01, 1.135e+05, 0.000e+00, 8.602e-04, 0.000e+00, 2.061e+00, 9.984e+02, 3.865e-07
1.995e+00, 5.000e-01, -4.950e-01, 1.134e+05, 0.000e+00, 8.292e-04, 0.000e+00, 2.059e+00, 9.984e+02, 3.725e-07
1.995e+00, 5.000e-01, -4.850e-01, 1.133e+05, 0.000e+00, 7.995e-04, 0.000e+00, 2.058e+00, 9.984e+02, 3.558e-07
1.995e+00, 5.000e-01, -4.750e-01, 1.132e+05, 0.000e+00, 7.716e-04, 0.000e+00, 2.056e+00, 9.984e+02, 3.313e-07
1.995e+00, 5.000e-01, -4.650e-01, 1.131e+05, 0.000e+00, 7.460e-04, 0.000e+00, 2.054e+00, 9.984e+02, 3.203e-07
1.995e+00, 5.000e-01, -4.550e-01, 1.130e+05, 0.000e+00, 7.219e-04, 0.000e+00, 2.052e+00, 9.984e+02, 3.099e-07
1.995e+00, 5.000e-01, -4.450e-01, 1.129e+05, 0.000e+00, 6.978e-04, 0.000e+00, 2.050e+00, 9.984e+02, 2.996e-07
1.995e+00, 5.000e-01, -4.350e-01, 1.128e+05, 0.000e+00, 6.724e-04, 0.000e+00, 2.048e+00, 9.984e+02, 2.887e-07
1.995e+00, 5.000e-01, -4.250e-01, 1.127e+05, 0.000e+00, 6.441e-04, 0.000e+00, 2.047e+00, 9.984e+02, 2.765e-07
1.995e+00, 5.000e-01, -4.150e-01, 1.126e+05, 0.000e+00, 6.101e-04, 0.000e+00, 2.045e+00, 9.984e+02, 2.619e-07
1.995e+00, 5.000e-01, -4.050e-01, 1.125e+05, 0.000e+00, 5.640e-04, 0.000e+00, 2.043e+00, 9.984e+02, 2.421e-07
1.995e+00, 5.000e-01, -3.950e-01, 1.124e+05, 0.000e+00, 5.293e-04, 0.000e+00, 2.041e+00, 9.984e+02, 2.272e-07
1.995e+00, 5.000e-01, -3.850e-01, 1.123e+05, 0.000e+00, 5.118e-04, 0.000e+00, 2.039e+00, 9.984e+02, 2.197e-07
1.995e+00, 5.000e-01, -3.750e-01, 1.122e+05, 0.000e+00, 5.002e-04, 0.000e+00, 2.038e+00, 9.984e+02, 2.147e-07
1.995e+00, 5.000e-01, -3.650e-01, 1.121e+05, 0.000e+00, 4.912e-04, 0.000e+00, 2.036e+00, 9.983e+02, 2.109e-07
1.995e+00, 5.000e-01, -3.550e-01, 1.120e+05, 0.000e+00, 4.830e-04, 0.000e+00, 2.034e+00, 9.983e+02, 2.092e-07
1.995e+00, 5.000e-01, -3.450e-01, 1.119e+05, 0.000e+00, 4.749e-04, 0.000e+00, 2.033e+00, 9.983e+02, 2.133e-07
1.995e+00, 5.000e-01, -3.350e-01, 1.118e+05, 0.000e+00, 4.670e-04, 0.000e+00, 2.031e+00, 9.983e+02, 2.098e-07
1.995e+00, 5.000e-01, -3.250e-01, 1.117e+05, 0.000e+00, 4.588e-04, 0.000e+00, 2.029e+00, 9.983e+02, 2.061e-07
1.995e+00, 5.000e-01, -3.150e-01, 1.116e+05, 0.000e+00, 4.496e-04, 0.000e+00, 2.027e+00, 9.983e+02, 2.020e-07
1.995e+00, 5.000e-01, -3.050e-01, 1.115e+05, 0.000e+00, 4.392e-04, 0.000e+00, 2.025e+00, 9.983e+02, 1.973e-07
1.995e+00, 5.000e-01, -2.950e-01, 1.114e+05, 0.000e+00, 4.273e-04, 0.000e+00, 2.024e+00, 9.983e+02, 1.920e-07
1.995e+00, 5.000e-01, -2.850e-01, 1.113e+05, 0.000e+00, 4.139e-04, 0.000e+00, 2.022e+00, 9.983e+02, 1.860e-07
1.995e+00, 5.000e-01, -2.750e-01, 1.112e+05, 0.000e+00, 4.004e-04, 0.000e+00, 2.020e+00, 9.983e+02, 1.799e-07
1.995e+00, 5.000e-01, -2.650e-01, 1.112e+05, 0.000e+00, 3.925e-04, 0.000e+00, 2.020e+00, 9.983e+02, 1.733e-07
1.995e+00, 5.000e-01, -2.550e-01, 1.111e+05, 0.000e+00, 3.918e-04, 0.000e+00, 2.018e+00, 9.983e+02, 1.721e-07
1.995e+00, 5.000e-01, -2.450e-01, 1.110e+05, 0.000e+00, 3.931e-04, 0.000e+00, 2.016e+00, 9.983e+02, 1.727e-07
1.995e+00, 5.000e-01, -2.350e-01, 1.109e+05, 0.000e+00, 3.914e-04, 0.000e+00, 2.014e+00, 9.983e+02, 1.719e-07
1.995e+00, 5.000e-01, -2.250e-01, 1.108e+05, 0.000e+00, 3.861e-04, 0.000e+00, 2.012e+00, 9.983e+02, 1.696e-07
1.995e+00, 5.000e-01, -2.150e-01, 1.107e+05, 0.000e+00, 3.832e-04, 0.000e+00, 2.011e+00, 9.983e+02, 1.683e-07
1.995e+00, 5.000e-01, -2.050e-01, 1.106e+05, 0.000e+00, 3.950e-04, 0.000e+00, 2.009e+00, 9.983e+02, 1.735e-07
1.995e+00, 5.000e-01, -1.950e-01, 1.105e+05, 0.000e+00, 4.334e-04, 0.000e+00, 2.007e+00, 9.983e+02, 1.904e-07
1.995e+00, 5.000e-01, -1.850e-01, 1.104e+05, 0.000e+00, 5.026e-04, 0.000e+00, 2.005e+00, 9.984e+02, 2.190e-07
1.995e+00, 5.000e-01, -1.750e-01, 1.105e+05, 0.000e+00, 5.644e-04, 0.000e+00, 2.007e+00, 9.984e+02, 2.423e-07
1.995e+00, 5.000e-01, -1.650e-01, 1.104e+05, 0.000e+00, 5.756e-04, 0.000e+00, 2.005e+00, 9.984e+02, 2.471e-07
1.995e+00, 5.000e-01, -1.550e-01, 1.103e+05, 0.000e+00, 5.561e-04, 0.000e+00, 2.004e+00, 9.984e+02, 2.387e-07
1.995e+00, 5.000e-01, -1.450e-01, 1.102e+05, 0.000e+00, 5.086e-04, 0.000e+00, 2.002e+00, 9.984e+02, 2.183e-07
1.995e+00, 5.000e-01, -1.350e-01, 1.101e+05, 0.000e+00, 4.339e-04, 0.000e+00, 2.000e+00, 9.983e+02, 1.863e-07
1.995e+00, 5.000e-01, -1.250e-01, 1.100e+05, 0.000e+00, 3.372e-04, 0.000e+00, 1.998e+00, 9.983e+02, 1.447e-07
1.995e+00, 5.000e-01, -1.150e-01, 1.099e+05, 0.000e+00, 2.289e-04, 0.000e+00, 1.996e+00, 9.983e+02, 9.909e-08
1.995e+00, 5.000e-01, -1.050e-01, 1.110e+05, 0.000e+00, 1.377e-04, 0.000e+00, 2.017e+00, 9.983e+02, 6.047e-08
1.995e+00, 5.000e-01, -9.500e-02, 1.109e+05, 0.000e+00, 7.534e-05, 0.000e+00, 2.015e+00, 9.983e+02, 3.309e-08
1.995e+00, 5.000e-01, -8.500e-02, 1.108e+05, 0.000e+00, 3.818e-05, 0.000e+00, 2.013e+00, 9.983e+02, 1.677e-08
1.995e+00, 5.000e-01, -7.500e-02, 1.107e+05, 0.000e+00, 1.836e-05, 0.000e+00, 2.011e+00, 9.983e+02, 8.062e-09
1.995e+00, 5.000e-01, -6.500e-02, 1.106e+05, 0.000e+00, 8.524e-06, 0.000e+00, 2.009e+00, 9.983e+02, 3.744e-09
1.995e+00, 5.000e-01, -5.500e-02, 1.105e+05, 0.000e+00, 3.856e-06, 0.000e+00, 2.008e+00, 9.983e+02, 1.694e-09
1.995e+00, 5.000e-01, -4.500e-02, 1.104e+05, 0.000e+00, 1.698e-06, 0.000e+00, 2.006e+00, 9.983e+02, 7.457e-10
1.995e+00, 5.000e-01, -3.500e-02, 1.103e+05, 0.000e+00, 7.242e-07, 0.000e+00, 2.004e+00, 9.983e+02, 3.181e-10
1.995e+00, 5.000e-01, -2.500e-02, 1.102e+05, 0.000e+00, 2.981e-07, 0.000e+00, 2.002e+00, 9.983e+02, 1.309e-10
1.995e+00, 5.000e-01, -1.500e-02, 1.101e+05, 0.000e+00, 1.187e-07, 0.000e+00, 2.000e+00, 9.983e+02, 5.214e-11
1.995e+00, 5.000e-01, -5.000e-03, 1.100e+05, 0.000e+00, 4.671e-08, 0.000e+00, 1.999e+00, 9.983e+02, 2.052e-11
2.005e+00, 5.000e-01, -1.195e+00, 1.202e+05, 0.000e+00, 1.002e-13, 0.000e+00, 2.184e+00, 9.983e+02, 2.000e-17
2.005e+00, 5.000e-01, -1.185e+00, 1.201e+05, 0.000e+00, 1.002e-13, 0.000e+00, 2.182e+00, 9.983e+02, 2.000e-17
2.005e+00, 5.000e-01, -1.175e+00, 1.200e+05, 0.000e+00, 1.002e-13, 0.000e+00, 2.181e+00, 9.983e+02, 2.000e-17
2.005e+00, 5.000e-01, -1.165e+00, 1.199e+05, 0.000e+00, 1.002e-13, 0.000e+00, 2.179e+00, 9.983e+02, 2.000e-17
2.005e+00, 5.000e-01, -1.155e+00, 1.198e+05, 0.000e+00, 1.002e-13, 0.000e+00, 2.177e+00, 9.983e+02, 2.000e-17
2.005e+00, 5.000e-01, -1.145e+00, 1.197e+05, 0.000e+00, 1.002e-13, 0.000e+00, 2.175e+00, 9.983e+02, 2.000e-17
2.005e+00, 5.000e-01, -1.135e+00, 1.196e+05, 0.000e+00, 1.002e-13, 0.000e+00, 2.173e+00, 9.983e+02, 2.000e-17
2.005e+00, 5.000e-01, -1.125e+00, 1.195e+05, 0.000e+00, 1.002e-13, 0.000e+00, 2.172e+00, 9.983e+02, 2.000e-17
2.005e+00, 5.000e-01, -1.115e+00, 1.194e+05, 0.000e+00, 1.002e-13, 0.000e+00, 2.170e+00, 9.983e+02, 2.000e-17
2.005e+00, 5.000e-01, -1.105e+00, 1.193e+05, 0.000e+00, 1.002e-13, 0.000e+00, 2.168e+00, 9.983e+02, 2.000e-17
2.005e+00, 5.000e-01, -1.095e+00, 1.192e+05, 0.000e+00, 1.002e-13, 0.000e+00, 2.166e+00, 9.983e+02, 2.000e-17
2.005e+00, 5.000e-01, -1.085e+00, 1.191e+05, 0.000e+00, 1.002e-13, 0.000e+00, 2.165e+00, 9.983e+02, 2.000e-17
2.005e+00, 5.000e-01, -1.075e+00, 1.190e+05, 0.000e+00, 2.075e-09, 0.000e+00, 2.163e+00, 9.983e+02, 7.908e-13
2.005e+00, 5.000e-01, -1.065e+00, 1.189e+05, 0.000e+00, 4.352e-04, 0.000e+00, 2.161e+00, 9.983e+02, 1.658e-07
2.005e+00, 5.000e-01, -1.055e+00, 1.188e+05, 0.000e+00, 4.623e-04, 0.000e+00, 2.159e+00, 9.983e+02, 1.985e-07
2.005e+00, 5.000e-01, -1.045e+00, 1.187e+05, 0.000e+00, 4.698e-04, 0.000e+00, 2.158e+00, 9.983e+02, 2.017e-07
2.005e+00, 5.000e-01, -1.035e+00, 1.186e+05, 0.000e+00, 4.742e-04, 0.000e+00, 2.156e+00, 9.983e+02, 2.036e-07
2.005e+00, 5.000e-01, -1.025e+00, 1.185e+05, 0.000e+00, 4.766e-04, 0.000e+00, 2.154e+00, 9.984e+02, 2.046e-07
2.005e+00, 5.000e-01, -1.015e+00, 1.185e+05, 0.000e+00, 4.775e-04, 0.000e+00, 2.152e+00, 9.984e+02, 2.050e-07
2.005e+00, 5.000e-01, -1.005e+00, 1.184e+05, 0.000e+00, 4.771e-04, 0.000e+00, 2.150e+00, 9.984e+02, 2.048e-07
2.005e+00, 5.000e-01, -9.950e-01, 1.183e+05, 0.000e+00, 4.761e-04, 0.000e+00, 2.149e+00, 9.983e+02, 2.044e-07
2.005e+00, 5.000e-01, -9.850e-01, 1.182e+05, 0.000e+00, 4.745e-04, 0.000e+00, 2.147e+00, 9.983e+02, 2.037e-07
2.005e+00, 5.000e-01, -9.750e-01, 1.181e+05, 0.000e+00, 4.724e-04, 0.000e+00, 2.145e+00, 9.983e+02, 2.028e-07
2.005e+00, 5.000e-01, -9.650e-01, 1.180e+05, 0.000e+00, 4.697e-04, 0.000e+00, 2.143e+00, 9.983e+02, 2.016e-07
2.005e+00, 5.000e-01, -9.550e-01, 1.179e+05, 0.000e+00, 4.662e-04, 0.000e+00, 2.141e+00, 9.983e+02, 2.002e-07
2.005e+00, 5.000e-01, -9.450e-01, 1.178e+05, 0.000e+00, 4.618e-04, 0.000e+00, 2.140e+00, 9.983e+02, 1.983e-07
2.005e+00, 5.000e-01, -9.350e-01, 1.177e+05, 0.000e+00, 4.563e-04, 0.000e+00, 2.138e+00, 9.983e+02, 1.959e-07
2.005e+00, 5.000e-01, -9.250e-01, 1.176e+05, 0.000e+00, 4.508e-04, 0.000e+00, 2.136e+00, 9.983e+02, 1.935e-07
2.005e+00, 5.000e-01, -9.150e-01, 1.175e+05, 0.000e+00, 4.453e-04, 0.000e+00, 2.134e+00, 9.983e+02, 1.912e-07
2.005e+00, 5.000e-01, -9.050e-01, 1.174e+05, 0.000e+00, 4.402e-04, 0.000e+00, 2.132e+00, 9.983e+02, 1.890e-07
2.005e+00, 5.000e-01, -8.950e-01, 1.173e+05, 0.000e+00, 4.356e-04, 0.000e+00, 2.131e+00, 9.983e+02, 1.870e-07
2.005e+00, 5.000e-01, -8.850e-01, 1.172e+05, 0.000e+00, 4.316e-04, 0.000e+00, 2.129e+00, 9.983e+02, 1.853e-07
2.005e+00, 5.000e-01, -8.750e-01, 1.171e+05, 0.000e+00, 4.284e-04, 0.000e+00, 2.127e+00, 9.983e+02, 1.839e-07
2.005e+00, 5.000e-01, -8.650e-01, 1.170e+05, 0.000e+00, 4.259e-04, 0.000e+00, 2.125e+00, 9.983e+02, 1.828e-07
2.005e+00, 5.000e-01, -8.550e-01, 1.169e+05, 0.000e+00, 4.242e-04, 0.000e+00, 2.124e+00, 9.983e+02, 1.821e-07
2.005e+00, 5.000e-01, -8.450e-01, 1.168e+05, 0.000e+00, 4.232e-04, 0.000e+00, 2.122e+00, 9.983e+02, 1.817e-07
2.005e+00, 5.000e-01, -8.350e-01, 1.167e+05, 0.000e+00, 4.230e-04, 0.000e+00, 2.120e+00, 9.983e+02, 1.816e-07
2.005e+00, 5.000e-01, -8.250e-01, 1.166e+05, 0.000e+00, 4.233e-04, 0.000e+00, 2.118e+00, 9.983e+02, 1.817e-07
2.005e+00, 5.000e-01, -8.150e-01, 1.165e+05, 0.000e+00, 4.243e-04, 0.000e+00, 2.116e+00, 9.983e+02, 1.821e-07
2.005e+00, 5.000e-01, -8.050e-01, 1.164e+05, 0.000e+00, 4.265e-04, 0.000e+00, 2.115e+00, 9.983e+02, 1.831e-07
2.005e+00, 5.000e-01, -7.950e-01, 1.163e+05, 0.000e+00, 4.304e-04, 0.000e+00, 2.113e+00, 9.983e+02, 1.848e-07
2.005e+00, 5.000e-01, -7.850e-01, 1.162e+05, 0.000e+00, 4.363e-04, 0.000e+00, 2.111e+00, 9.983e+02, 1.873e-07
2.005e+00, 5.000e-01, -7.750e-01, 1.161e+05, 0.000e+00, 4.405e-04, 0.000e+00, 2.109e+00, 9.983e+02, 1.891e-07
2.005e+00, 5.000e-01, -7.650e-01, 1.160e+05, 0.000e+00, 4.403e-04, 0.000e+00, 2.107e+00, 9.983e+02, 1.890e-07
2.005e+00, 5.000e-01, -7.550e-01, 1.159e+05, 0.000e+00, 4.408e-04, 0.000e+00, 2.106e+00, 9.983e+02, 1.892e-07
2.005e+00, 5.000e-01, -7.450e-01, 1.158e+05, 0.000e+00, 4.430e-04, 0.000e+00, 2.104e+00, 9.983e+02, 1.902e-07
2.005e+00, 5.000e-01, -7.350e-01, 1.157e+05, 6.750e-07, 4.991e-04, 0.000e+00, 2.102e+00, 9.984e+02, 2.142e-07
2.005e+00, 5.000e-01, -7.250e-01, 1.156e+05, 4.719e-01, 1.895e-03, 0.000e+00, 2.100e+00, 9.986e+02, 8.558e-07
2.005e+00, 5.000e-01, -7.150e-01, 1.156e+05, 8.683e-01, 1.895e-03, 0.000e+00, 2.100e+00, 9.986e+02, 8.914e-07
2.005e+00, 5.000e-01, -7.050e-01, 1.156e+05, 8.724e-01, 1.895e-03, 0.000e+00, 2.100e+00, 9.986e+02, 8.917e-07
2.005e+00, 5.000e-01, -6.950e-01, 1.156e+05, 8.738e-01, 1.895e-03, 0.000e+00, 2.100e+00, 9.986e+02, 8.918e-07
2.005e+00, 5.000e-01, -6.850e-01, 1.167e+05, 0.000e+00, 4.644e-04, 0.000e+00, 2.120e+00, 9.983e+02, 2.025e-07
2.005e+00, 5.000e-01, -6.750e-01, 1.166e+05, 0.000e+00, 3.119e-04, 0.000e+00, 2.119e+00, 9.983e+02, 1.370e-07
2.005e+00, 5.000e-01, -6.650e-01, 1.165e+05, 0.000e+00, 1.969e-04, 0.000e+00, 2.117e+00, 9.983e+02, 8.651e-08
2.005e+00, 5.000e-01, -6.550e-01, 1.164e+05, 0.000e+00, 1.165e-04, 0.000e+00, 2.115e+00, 9.983e+02, 5.116e-08
2.005e+00, 5.000e-01, -6.450e-01, 1.163e+05, 0.000e+00, 6.534e-05, 0.000e+00, 2.113e+00, 9.983e+02, 2.870e-08
2.005e+00, 5.000e-01, -6.350e-01, 1.162e+05, 0.000e+00, 3.785e-05, 0.000e+00, 2.111e+00, 9.983e+02, 1.662e-08
2.005e+00, 5.000e-01, -6.250e-01, 1.161e+05, 0.000e+00, 3.038e-05, 0.000e+00, 2.110e+00, 9.983e+02, 1.335e-08
2.005e+00, 5.000e-01, -6.150e-01, 1.160e+05, 0.000e+00, 4.387e-05, 0.000e+00, 2.108e+00, 9.983e+02, 1.927e-08
2.005e+00, 5.000e-01, -6.050e-01, 1.159e+05, 0.000e+00, 8.458e-05, 0.000e+00, 2.106e+00, 9.983e+02, 3.715e-08
2.005e+00, 5.000e-01, -5.950e-01, 1.158e+05, 0.000e+00, 1.617e-04, 0.000e+00, 2.104e+00, 9.983e+02, 7.103e-08
2.005e+00, 5.000e-01, -5.850e-01, 1.157e+05, 0.000e+00, 2.818e-04, 0.000e+00, 2.102e+00, 9.983e+02, 1.238e-07
2.005e+00, 5.000e-01, -5.750e-01, 1.156e+05, 0.000e+00, 4.463e-04, 0.000e+00, 2.101e+00, 9.983e+02, 1.961e-07
2.005e+00, 5.000e-01, -5.650e-01, 1.155e+05, 0.000e+00, 6.586e-04, 0.000e+00, 2.099e+00, 9.984e+02, 2.924e-07
2.005e+00, 5.000e-01, -5.550e-01, 1.140e+05, 0.000e+00, 8.517e-04, 0.000e+00, 2.070e+00, 9.984e+02, 3.827e-07
2.005e+00, 5.000e-01, -5.450e-01, 1.139e+05, 0.000e+00, 9.246e-04, 0.000e+00, 2.068e+00, 9.984e+02, 4.154e-07
2.005e+00, 5.000e-01, -5.350e-01, 1.138e+05, 0.000e+00, 9.312e-04, 0.000e+00, 2.067e+00, 9.984e+02, 4.184e-07
2.005e+00, 5.000e-01, -5.250e-01, 1.137e+05, 0.000e+00, 9.127e-04, 0.000e+00, 2.065e+00, 9.984e+02, 4.100e-07
2.005e+00, 5.000e-01, -5.150e-01, 1.136e+05, 0.000e+00, 8.853e-04, 0.000e+00, 2.063e+00, 9.984e+02, 3.978e-07
2.005e+00, 5.000e-01, -5.050e-01, 1.135e+05, 0.000e+00, 8.553e-04, 0.000e+00, 2.061e+00, 9.984e+02, 3.843e-07
2.005e+00, 5.000e-01, -4.950e-01, 1.134e+05, 0.000e+00, 8.248e-04, 0.000e+00, 2.059e+00, 9.984e+02, 3.705e-07
2.005e+00, 5.000e-01, -4.850e-01, 1.133e+05, 0.000e+00, 7.948e-04, 0.000e+00, 2.058e+00, 9.984e+02, 3.547e-07
2.005e+00, 5.000e-01, -4.750e-01, 1.132e+05, 0.000e+00, 7.658e-04, 0.000e+00, 2.056e+00, 9.984e+02, 3.288e-07
2.005e+00, 5.000e-01, -4.650e-01, 1.131e+05, 0.000e+00, 7.377e-04, 0.000e+00, 2.054e+00, 9.984e+02, 3.167e-07
2.005e+00, 5.000e-01, -4.550e-01, 1.130e+05, 0.000e+00, 7.103e-04, 0.000e+00, 2.052e+00, 9.984e+02, 3.049e-07
2.005e+00, 5.000e-01, -4.450e-01, 1.129e+05, 0.000e+00, 6.821e-04, 0.000e+00, 2.050e+00, 9.984e+02, 2.928e-07
2.005e+00, 5.000e-01, -4.350e-01, 1.128e+05, 0.000e+00, 6.517e-04, 0.000e+00, 2.048e+00, 9.984e+02, 2.798e-07
2.005e+00, 5.000e-01, -4.250e-01, 1.127e+05, 0.000e+00, 6.165e-04, 0.000e+00, 2.047e+00, 9.984e+02, 2.647e-07
2.005e+00, 5.000e-01, -4.150e-01, 1.126e+05, 0.000e+00, 5.694e-04, 0.000e+00, 2.045e+00, 9.984e+02, 2.444e-07
2.005e+00, 5.000e-01, -4.050e-01, 1.125e+05, 0.000e+00, 5.318e-04, 0.000e+00, 2.043e+00, 9.984e+02, 2.283e-07
2.005e+00, 5.000e-01, -3.950e-01, 1.124e+05, 0.000e+00, 5.136e-04, 0.000e+00, 2.041e+00, 9.984e+02, 2.205e-07
2.005e+00, 5.000e-01, -3.850e-01, 1.123e+05, 0.000e+00, 5.029e-04, 0.000e+00, 2.039e+00, 9.984e+02, 2.159e-07
2.005e+00, 5.000e-01, -3.750e-01, 1.122e+05, 0.000e+00, 4.960e-04, 0.000e+00, 2.038e+00, 9.984e+02, 2.129e-07
2.005e+00, 5.000e-01, -3.650e-01, 1.121e+05, 0.000e+00, 4.902e-04, 0.000e+00, 2.036e+00, 9.983e+02, 2.104e-07
2.005e+00, 5.000e-01, -3.550e-01, 1.120e+05, 0.000e+00, 4.831e-04, 0.000e+00, 2.034e+00, 9.983e+02, 2.092e-07
2.005e+00, 5.000e-01, -3.450e-01, 1.119e+05, 0.000e+00, 4.735e-04, 0.000e+00, 2.033e+00, 9.983e+02, 2.127e-07
2.005e+00, 5.000e-01, -3.350e-01, 1.118e+05, 0.000e+00, 4.638e-04, 0.000e+00, 2.031e+00, 9.983e+02, 2.084e-07
2.005e+00, 5.000e-01, -3.250e-01, 1.117e+05, 0.000e+00, 4.540e-04, 0.000e+00, 2.029e+00, 9.983e+02, 2.039e-07
2.005e+00, 5.000e-01, -3.150e-01, 1.116e+05, 0.000e+00, 4.438e-04, 0.000e+00, 2.027e+00, 9.983e+02, 1.994e-07
2.005e+00, 5.000e-01, -3.050e-01, 1.115e+05, 0.000e+00, 4.328e-04, 0.000e+00, 2.025e+00, 9.983e+02, 1.944e-07
2.005e+00, 5.000e-01, -2.950e-01, 1.114e+05, 0.000e+00, 4.207e-04, 0.000e+00, 2.024e+00, 9.983e+02, 1.890e-07
2.005e+00, 5.000e-01, -2.850e-01, 1.113e+05, 0.000e+00, 4.072e-04, 0.000e+00, 2.022e+00, 9.983e+02, 1.830e-07
2.005e+00, 5.000e-01, -2.750e-01, 1.112e+05, 0.000e+00, 3.924e-04, 0.000e+00, 2.020e+00, 9.983e+02, 1.763e-07
2.005e+00, 5.000e-01, -2.650e-01, 1.112e+05, 0.000e+00, 3.783e-04, 0.000e+00, 2.020e+00, 9.983e+02, 1.670e-07
2.005e+00, 5.000e-01, -2.550e-01, 1.111e+05, 0.000e+00, 3.668e-04, 0.000e+00, 2.018e+00, 9.983e+02, 1.611e-07
2.005e+00, 5.000e-01, -2.450e-01, 1.110e+05, 0.000e+00, 3.581e-04, 0.000e+00, 2.016e+00, 9.983e+02, 1.573e-07
2.005e+00, 5.000e-01, -2.350e-01, 1.109e+05, 0.000e+00, 3.501e-04, 0.000e+00, 2.014e+00, 9.983e+02, 1.538e-07
2.005e+00, 5.000e-01, -2.250e-01, 1.108e+05, 0.000e+00, 3.412e-04, 0.000e+00, 2.012e+00, 9.983e+02, 1.499e-07
2.005e+00, 5.000e-01, -2.150e-01, 1.107e+05, 0.000e+00, 3.322e-04, 0.000e+00, 2.011e+00, 9.983e+02, 1.459e-07
2.005e+00, 5.000e-01, -2.050e-01, 1.106e+05, 0.000e+00, 3.292e-04, 0.000e+00, 2.009e+00, 9.983e+02, 1.446e-07
2.005e+00, 5.000e-01, -1.950e-01, 1.105e+05, 0.000e+00, 3.516e-04, 0.000e+00, 2.007e+00, 9.983e+02, 1.545e-07
2.005e+00, 5.000e-01, -1.850e-01, 1.104e+05, 0.000e+00, 4.182e-04, 0.000e+00, 2.005e+00, 9.983e+02, 1.822e-07
2.005e+00, 5.000e-01, -1.750e-01, 1.105e+05, 0.000e+00, 4.993e-04, 0.000e+00, 2.007e+00, 9.984e+02, 2.143e-07
2.005e+00, 5.000e-01, -1.650e-01, 1.104e+05, 0.000e+00, 5.350e-04, 0.000e+00, 2.005e+00, 9.984e+02, 2.297e-07
2.005e+00, 5.000e-01, -1.550e-01, 1.103e+05, 0.000e+00, 5.391e-04, 0.000e+00, 2.004e+00, 9.984e+02, 2.314e-07
2.005e+00, 5.000e-01, -1.450e-01, 1.102e+05, 0.000e+00, 5.099e-04, 0.000e+00, 2.002e+00, 9.984e+02, 2.189e-07
2.005e+00, 5.000e-01, -1.350e-01, 1.101e+05, 0.000e+00, 4.446e-04, 0.000e+00, 2.000e+00, 9.983e+02, 1.908e-07
2.005e+00, 5.000e-01, -1.250e-01, 1.100e+05, 0.000e+00, 3.484e-04, 0.000e+00, 1.998e+00, 9.983e+02, 1.496e-07
2.005e+00, 5.000e-01, -1.150e-01, 1.099e+05, 0.000e+00, 2.361e-04, 0.000e+00, 1.996e+00, 9.983e+02, 1.022e-07
2.005e+00, 5.000e-01, -1.050e-01, 1.110e+05, 0.000e+00, 1.406e-04, 0.000e+00, 2.017e+00, 9.983e+02, 6.176e-08
2.005e+00, 5.000e-01, -9.500e-02, 1.109e+05, 0.000e+00, 7.619e-05, 0.000e+00, 2.015e+00, 9.983e+02, 3.347e-08
2.005e+00, 5.000e-01, -8.500e-02, 1.108e+05, 0.000e+00, 3.830e-05, 0.000e+00, 2.013e+00, 9.983e+02, 1.682e-08
2.005e+00, 5.000e-01, -7.500e-02, 1.107e+05, 0.000e+00, 1.830e-05, 0.000e+00, 2.011e+00, 9.983e+02, 8.039e-09
2.005e+00, 5.000e-01, -6.500e-02, 1.106e+05, 0.000e+00, 8.465e-06, 0.000e+00, 2.009e+00, 9.983e+02, 3.718e-09
2.005e+00, 5.000e-01, -5.500e-02, 1.105e+05, 0.000e+00, 3.819e-06, 0.000e+00, 2.008e+00, 9.983e+02, 1.678e-09
2.005e+00, 5.000e-01, -4.500e-02, 1.104e+05, 0.000e+00, 1.679e-06, 0.000e+00, 2.006e+00, 9.983e+02, 7.376e-10
2.005e+00, 5.000e-01, -3.500e-02, 1.103e+05, 0.000e+00, 7.156e-07, 0.000e+00, 2.004e+00, 9.983e+02, 3.143e-10
2.005e+00, 5.000e-01, -2.500e-02, 1.102e+05, 0.000e+00, 2.943e-07, 0.000e+00, 2.002e+00, 9.983e+02, 1.293e-10
2.005e+00, 5.000e-01, -1.500e-02, 1.101e+05, 0.000e+00, 1.172e-07, 0.000e+00, 2.000e+00, 9.983e+02, 5.146e-11
2.005e+00, 5.000e-01, -5.000e-03, 1.100e+05, 0.000e+00, 4.612e-08, 0.000e+00, 1.999e+00, 9.983e+02, 2.026e-11
2.015e+00, 5.000e-01, -1.195e+00, 1.202e+05, 0.000e+00, 1.002e-13, 0.000e+00, 2.184e+00, 9.983e+02, 2.000e-17
2.015e+00, 5.000e-01, -1.185e+00, 1.201e+05, 0.000e+00, 1.002e-13, 0.000e+00, 2.182e+00, 9.983e+02, 2.000e-17
2.015e+00, 5.000e-01, -1.175e+00, 1.200e+05, 0.000e+00, 1.002e-13, 0.000e+00, 2.181e+00, 9.983e+02, 2.000e-17
2.015e+00, 5.000e-01, -1.165e+00, 1.199e+05, 0.000e+00, 1.002e-13, 0.000e+00, 2.179e+00, 9.983e+02, 2.000e-17
2.015e+00, 5.000e-01, -1.155e+00, 1.198e+05, 0.000e+00, 1.002e-13, 0.000e+00, 2.177e+00, 9.983e+02, 2.000e-17
2.015e+00, 5.000e-01, -1.145e+00, 1.197e+05, 0.000e+00, 1.002e-13, 0.000e+00, 2.175e+00, 9.983e+02, 2.000e-17
2.015e+00, 5.000e-01, -1.135e+00, 1.196e+05, 0.000e+00, 1.002e-13, 0.000e+00, 2.173e+00, 9.983e+02, 2.000e-17
2.015e+00, 5.000e-01, -1.125e+00, 1.195e+05, 0.000e+00, 1.002e-13, 0.000e+00, 2.172e+00, 9.983e+02, 2.000e-17
2.015e+00, 5.000e-01, -1.115e+00, 1.194e+05, 0.000e+00, 1.002e-13, 0.000e+00, 2.170e+00, 9.983e+02, 2.000e-17
2.015e+00, 5.000e-01, -1.105e+00, 1.193e+05, 0.000e+00, 1.002e-13, 0.000e+00, 2.168e+00, 9.983e+02, 2.000e-17
2.015e+00, 5.000e-01, -1.095e+00, 1.192e+05, 0.000e+00, 1.002e-13, 0.000e+00, 2.166e+00, 9.983e+02, 2.000e-17
2.015e+00, 5.000e-01, -1.085e+00, 1.191e+05, 0.000e+00, 1.002e-13, 0.000e+00, 2.165e+00, 9.983e+02, 2.000e-17
2.015e+00, 5.000e-01, -1.075e+00, 1.190e+05, 0.000e+00, 2.131e-09, 0.000e+00, 2.163e+00, 9.983e+02, 7.729e-13
2.015e+00, 5.000e-01, -1.065e+00, 1.189e+05, 0.000e+00, 4.432e-04, 0.000e+00, 2.161e+00, 9.983e+02, 1.627e-07
2.015e+00, 5.000e-01, -1.055e+00, 1.188e+05, 0.000e+00, 4.646e-04, 0.000e+00, 2.159e+00, 9.983e+02, 1.994e-07
2.015e+00, 5.000e-01, -1.045e+00, 1.187e+05, 0.000e+00, 4.728e-04, 0.000e+00, 2.158e+00, 9.983e+02, 2.030e-07
2.015e+00, 5.000e-01, -1.035e+00, 1.186e+05, 0.000e+00, 4.763e-04, 0.000e+00, 2.156e+00, 9.984e+02, 2.045e-07
2.015e+00, 5.000e-01, -1.025e+00, 1.185e+05, 0.000e+00, 4.760e-04, 0.000e+00, 2.154e+00, 9.984e+02, 2.044e-07
2.015e+00, 5.000e-01, -1.015e+00, 1.185e+05, 0.000e+00, 4.732e-04, 0.000e+00, 2.152e+00, 9.983e+02, 2.031e-07
2.015e+00, 5.000e-01, -1.005e+00, 1.184e+05, 0.000e+00, 4.688e-04, 0.000e+00, 2.150e+00, 9.983e+02, 2.013e-07
2.015e+00, 5.000e-01, -9.950e-01, 1.183e+05, 0.000e+00, 4.636e-04, 0.000e+00, 2.149e+00, 9.983e+02, 1.990e-07
2.015e+00, 5.000e-01, -9.850e-01, 1.182e+05, 0.000e+00, 4.580e-04, 0.000e+00, 2.147e+00, 9.983e+02, 1.966e-07
2.015e+00, 5.000e-01, -9.750e-01, 1.181e+05, 0.000e+00, 4.523e-04, 0.000e+00, 2.145e+00, 9.983e+02, 1.942e-07
2.015e+00, 5.000e-01, -9.650e-01, 1.180e+05, 0.000e+00, 4.464e-04, 0.000e+00, 2.143e+00, 9.983e+02, 1.916e-07
2.015e+00, 5.000e-01, -9.550e-01, 1.179e+05, 0.000e+00, 4.404e-04, 0.000e+00, 2.141e+00, 9.983e+02, 1.890e-07
2.015e+00, 5.000e-01, -9.450e-01, 1.178e+05, 0.000e+00, 4.339e-04, 0.000e+00, 2.140e+00, 9.983e+02, 1.863e-07
2.015e+00, 5.000e-01, -9.350e-01, 1.177e+05, 0.000e+00, 4.277e-04, 0.000e+00, 2.138e+00, 9.983e+02, 1.836e-07
2.015e+00, 5.000e-01, -9.250e-01, 1.176e+05, 0.000e+00, 4.222e-04, 0.000e+00, 2.136e+00, 9.983e+02, 1.812e-07
2.015e+00, 5.000e-01, -9.150e-01, 1.175e+05, 0.000e+00, 4.173e-04, 0.000e+00, 2.134e+00, 9.983e+02, 1.791e-07
2.015e+00, 5.000e-01, -9.050e-01, 1.174e+05, 0.000e+00, 4.133e-04, 0.000e+00, 2.132e+00, 9.983e+02, 1.774e-07
2.015e+00, 5.000e-01, -8.950e-01, 1.173e+05, 0.000e+00, 4.102e-04, 0.000e+00, 2.131e+00, 9.983e+02, 1.761e-07
2.015e+00, 5.000e-01, -8.850e-01, 1.172e+05, 0.000e+00, 4.081e-04, 0.000e+00, 2.129e+00, 9.983e+02, 1.752e-07
2.015e+00, 5.000e-01, -8.750e-01, 1.171e+05, 0.000e+00, 4.069e-04, 0.000e+00, 2.127e+00, 9.983e+02, 1.747e-07
2.015e+00, 5.000e-01, -8.650e-01, 1.170e+05, 0.000e+00, 4.064e-04, 0.000e+00, 2.125e+00, 9.983e+02, 1.745e-07
2.015e+00, 5.000e-01, -8.550e-01, 1.169e+05, 0.000e+00, 4.068e-04, 0.000e+00, 2.124e+00, 9.983e+02, 1.746e-07
2.015e+00, 5.000e-01, -8.450e-01, 1.168e+05, 0.000e+00, 4.079e-04, 0.000e+00, 2.122e+00, 9.983e+02, 1.751e-07
2.015e+00, 5.000e-01, -8.350e-01, 1.167e+05, 0.000e+00, 4.095e-04, 0.000e+00, 2.120e+00, 9.983e+02, 1.758e-07
2.015e+00, 5.000e-01, -8.250e-01, 1.166e+05, 0.000e+00, 4.110e-04, 0.000e+00, 2.118e+00, 9.983e+02, 1.765e-07
2.015e+00, 5.000e-01, -8.150e-01, 1.165e+05, 0.000e+00, 4.119e-04, 0.000e+00, 2.116e+00, 9.983e+02, 1.768e-07
2.015e+00, 5.000e-01, -8.050e-01, 1.164e+05, 0.000e+00, 4.125e-04, 0.000e+00, 2.115e+00, 9.983e+02, 1.771e-07
2.015e+00, 5.000e-01, -7.950e-01, 1.163e+05, 0.000e+00, 4.138e-04, 0.000e+00, 2.113e+00, 9.983e+02, 1.776e-07
2.015e+00, 5.000e-01, -7.850e-01, 1.162e+05, 0.000e+00, 4.156e-04, 0.000e+00, 2.111e+00, 9.983e+02, 1.784e-07
2.015e+00, 5.000e-01, -7.750e-01, 1.161e+05, 0.000e+00, 4.169e-04, 0.000e+00, 2.109e+00, 9.983e+02, 1.790e-07
2.015e+00, 5.000e-01, -7.650e-01, 1.160e+05, 0.000e+00, 4.171e-04, 0.000e+00, 2.107e+00, 9.983e+02, 1.790e-07
2.015e+00, 5.000e-01, -7.550e-01, 1.159e+05, 0.000e+00, 4.176e-04, 0.000e+00, 2.106e+00, 9.983e+02, 1.793e-07
2.015e+00, 5.000e-01, -7.450e-01, 1.158e+05, 0.000e+00, 4.220e-04, 0.000e+00, 2.104e+00, 9.983e+02, 1.812e-07
2.015e+00, 5.000e-01, -7.350e-01, 1.157e+05, 6.750e-07, 4.827e-04, 0.000e+00, 2.102e+00, 9.983e+02, 2.072e-07
2.015e+00, 5.000e-01, -7.250e-01, 1.156e+05, 4.719e-01, 1.895e-03, 0.000e+00, 2.100e+00, 9.986e+02, 8.558e-07
2.015e+00, 5.000e-01, -7.150e-01, 1.156e+05, 8.683e-01, 1.895e-03, 0.000e+00, 2.100e+00, 9.986e+02, 8.914e-07
2.015e+00, 5.000e-01, -7.050e-01, 1.156e+05, 8.724e-01, 1.895e-03, 0.000e+00, 2.100e+00, 9.986e+02, 8.917e-07
2.015e+00, 5.000e-01, -6.950e-01, 1.156e+05, 8.738e-01, 1.895e-03, 0.000e+00, 2.100e+00, 9.986e+02, 8.918e-07
2.015e+00, 5.000e-01, -6.850e-01, 1.167e+05, 0.000e+00, 4.518e-04, 0.000e+00, 2.120e+00, 9.983e+02, 1.974e-07
2.015e+00, 5.000e-01, -6.750e-01, 1.166e+05, 0.000e+00, 3.016e-04, 0.000e+00, 2.119e+00, 9.983e+02, 1.325e-07
2.015e+00, 5.000e-01, -6.650e-01, 1.165e+05, 0.000e+00, 1.890e-04, 0.000e+00, 2.117e+00, 9.983e+02, 8.303e-08
2.015e+00, 5.000e-01, -6.550e-01, 1.164e+05, 0.000e+00, 1.109e-04, 0.000e+00, 2.115e+00, 9.983e+02, 4.872e-08
2.015e+00, 5.000e-01, -6.450e-01, 1.163e+05, 0.000e+00, 6.182e-05, 0.000e+00, 2.113e+00, 9.983e+02, 2.715e-08
2.015e+00, 5.000e-01, -6.350e-01, 1.162e+05, 0.000e+00, 3.580e-05, 0.000e+00, 2.111e+00, 9.983e+02, 1.572e-08
2.015e+00, 5.000e-01, -6.250e-01, 1.161e+05, 0.000e+00, 2.928e-05, 0.000e+00, 2.110e+00, 9.983e+02, 1.286e-08
2.015e+00, 5.000e-01, -6.150e-01, 1.160e+05, 0.000e+00, 4.335e-05, 0.000e+00, 2.108e+00, 9.983e+02, 1.904e-08
2.015e+00, 5.000e-01, -6.050e-01, 1.159e+05, 0.000e+00, 8.446e-05, 0.000e+00, 2.106e+00, 9.983e+02, 3.710e-08
2.015e+00, 5.000e-01, -5.950e-01, 1.158e+05, 0.000e+00, 1.619e-04, 0.000e+00, 2.104e+00, 9.983e+02, 7.113e-08
2.015e+00, 5.000e-01, -5.850e-01, 1.157e+05, 0.000e+00, 2.825e-04, 0.000e+00, 2.102e+00, 9.983e+02, 1.241e-07
2.015e+00, 5.000e-01, -5.750e-01, 1.156e+05, 0.000e+00, 4.483e-04, 0.000e+00, 2.101e+00, 9.983e+02, 1.969e-07
2.015e+00, 5.000e-01, -5.650e-01, 1.141e+05, 0.000e+00, 6.660e-04, 0.000e+00, 2.072e+00, 9.984e+02, 2.963e-07
2.015e+00, 5.000e-01, -5.550e-01, 1.140e+05, 0.000e+00, 8.452e-04, 0.000e+00, 2.070e+00, 9.984e+02, 3.797e-07
2.015e+00, 5.000e-01, -5.450e-01, 1.139e+05, 0.000e+00, 9.139e-04, 0.000e+00, 2.068e+00, 9.984e+02, 4.106e-07
2.015e+00, 5.000e-01, -5.350e-01, 1.138e+05, 0.000e+00, 9.206e-04, 0.000e+00, 2.067e+00, 9.984e+02, 4.136e-07
2.015e+00, 5.000e-01, -5.250e-01, 1.137e+05, 0.000e+00, 9.032e-04, 0.000e+00, 2.065e+00, 9.984e+02, 4.058e-07
2.015e+00, 5.000e-01, -5.150e-01, 1.136e+05, 0.000e+00, 8.774e-04, 0.000e+00, 2.063e+00, 9.984e+02, 3.942e-07
2.015e+00, 5.000e-01, -5.050e-01, 1.135e+05, 0.000e+00, 8.485e-04, 0.000e+00, 2.061e+00, 9.984e+02, 3.812e-07
2.015e+00, 5.000e-01, -4.950e-01, 1.134e+05, 0.000e+00, 8.186e-04, 0.000e+00, 2.059e+00, 9.984e+02, 3.678e-07
2.015e+00, 5.000e-01, -4.850e-01, 1.133e+05, 0.000e+00, 7.886e-04, 0.000e+00, 2.058e+00, 9.984e+02, 3.519e-07
2.015e+00, 5.000e-01, -4.750e-01, 1.132e+05, 0.000e+00, 7.589e-04, 0.000e+00, 2.056e+00, 9.984e+02, 3.258e-07
2.015e+00, 5.000e-01, -4.650e-01, 1.131e+05, 0.000e+00, 7.285e-04, 0.000e+00, 2.054e+00, 9.984e+02, 3.128e-07
2.015e+00, 5.000e-01, -4.550e-01, 1.130e+05, 0.000e+00, 6.978e-04, 0.000e+00, 2.052e+00, 9.984e+02, 2.996e-07
2.015e+00, 5.000e-01, -4.450e-01, 1.129e+05, 0.000e+00, 6.655e-04, 0.000e+00, 2.050e+00, 9.984e+02, 2.857e-07
2.015e+00, 5.000e-01, -4.350e-01, 1.128e+05, 0.000e+00, 6.291e-04, 0.000e+00, 2.048e+00, 9.984e+02, 2.701e-07
2.015e+00, 5.000e-01, -4.250e-01, 1.127e+05, 0.000e+00, 5.826e-04, 0.000e+00, 2.047e+00, 9.984e+02, 2.501e-07
2.015e+00, 5.000e-01, -4.150e-01, 1.126e+05, 0.000e+00, 5.390e-04, 0.000e+00, 2.045e+00, 9.984e+02, 2.314e-07
2.015e+00, 5.000e-01, -4.050e-01, 1.125e+05, 0.000e+00, 5.161e-04, 0.000e+00, 2.043e+00, 9.984e+02, 2.216e-07
2.015e+00, 5.000e-01, -3.950e-01, 1.124e+05, 0.000e+00, 5.051e-04, 0.000e+00, 2.041e+00, 9.984e+02, 2.168e-07
2.015e+00, 5.000e-01, -3.850e-01, 1.123e+05, 0.000e+00, 4.999e-04, 0.000e+00, 2.039e+00, 9.984e+02, 2.146e-07
2.015e+00, 5.000e-01, -3.750e-01, 1.122e+05, 0.000e+00, 4.972e-04, 0.000e+00, 2.038e+00, 9.984e+02, 2.134e-07
2.015e+00, 5.000e-01, -3.650e-01, 1.121e+05, 0.000e+00, 4.944e-04, 0.000e+00, 2.036e+00, 9.984e+02, 2.122e-07
2.015e+00, 5.000e-01, -3.550e-01, 1.120e+05, 0.000e+00, 4.881e-04, 0.000e+00, 2.034e+00, 9.983e+02, 2.113e-07
2.015e+00, 5.000e-01, -3.450e-01, 1.119e+05, 0.000e+00, 4.771e-04, 0.000e+00, 2.033e+00, 9.983e+02, 2.144e-07
2.015e+00, 5.000e-01, -3.350e-01, 1.118e+05, 0.000e+00, 4.664e-04, 0.000e+00, 2.031e+00, 9.983e+02, 2.095e-07
2.015e+00, 5.000e-01, -3.250e-01, 1.117e+05, 0.000e+00, 4.558e-04, 0.000e+00, 2.029e+00, 9.983e+02, 2.047e-07
2.015e+00, 5.000e-01, -3.150e-01, 1.116e+05, 0.000e+00, 4.449e-04, 0.000e+00, 2.027e+00, 9.983e+02, 1.999e-07
2.015e+00, 5.000e-01, -3.050e-01, 1.115e+05, 0.000e+00, 4.334e-04, 0.000e+00, 2.025e+00, 9.983e+02, 1.947e-07
2.015e+00, 5.000e-01, -2.950e-01, 1.114e+05, 0.000e+00, 4.207e-04, 0.000e+00, 2.024e+00, 9.983e+02, 1.890e-07
2.015e+00, 5.000e-01, -2.850e-01, 1.113e+05, 0.000e+00, 4.065e-04, 0.000e+00, 2.022e+00, 9.983e+02, 1.826e-07
2.015e+00, 5.000e-01, -2.750e-01, 1.112e+05, 0.000e+00, 3.907e-04, 0.000e+00, 2.020e+00, 9.983e+02, 1.755e-07
2.015e+00, 5.000e-01, -2.650e-01, 1.112e+05, 0.000e+00, 3.739e-04, 0.000e+00, 2.020e+00, 9.983e+02, 1.650e-07
2.015e+00, 5.000e-01, -2.550e-01, 1.111e+05, 0.000e+00, 3.576e-04, 0.000e+00, 2.018e+00, 9.983e+02, 1.571e-07
2.015e+00, 5.000e-01, -2.450e-01, 1.110e+05, 0.000e+00, 3.425e-04, 0.000e+00, 2.016e+00, 9.983e+02, 1.505e-07
2.015e+00, 5.000e-01, -2.350e-01, 1.109e+05, 0.000e+00, 3.287e-04, 0.000e+00, 2.014e+00, 9.983e+02, 1.444e-07
2.015e+00, 5.000e-01, -2.250e-01, 1.108e+05, 0.000e+00, 3.155e-04, 0.000e+00, 2.012e+00, 9.983e+02, 1.386e-07
2.015e+00, 5.000e-01, -2.150e-01, 1.107e+05, 0.000e+00, 3.027e-04, 0.000e+00, 2.011e+00, 9.983e+02, 1.330e-07
2.015e+00, 5.000e-01, -2.050e-01, 1.106e+05, 0.000e+00, 2.928e-04, 0.000e+00, 2.009e+00, 9.983e+02, 1.286e-07
2.015e+00, 5.000e-01, -1.950e-01, 1.105e+05, 0.000e+00, 2.947e-04, 0.000e+00, 2.007e+00, 9.983e+02, 1.295e-07
2.015e+00, 5.000e-01, -1.850e-01, 1.104e+05, 0.000e+00, 3.340e-04, 0.000e+00, 2.005e+00, 9.983e+02, 1.456e-07
2.015e+00, 5.000e-01, -1.750e-01, 1.105e+05, 0.000e+00, 4.167e-04, 0.000e+00, 2.007e+00, 9.983e+02, 1.789e-07
2.015e+00, 5.000e-01, -1.650e-01, 1.104e+05, 0.000e+00, 4.740e-04, 0.000e+00, 2.005e+00, 9.983e+02, 2.035e-07
2.015e+00, 5.000e-01, -1.550e-01, 1.103e+05, 0.000e+00, 5.045e-04, 0.000e+00, 2.004e+00, 9.984e+02, 2.166e-07
2.015e+00, 5.000e-01, -1.450e-01, 1.102e+05, 0.000e+00, 4.992e-04, 0.000e+00, 2.002e+00, 9.984e+02, 2.143e-07
2.015e+00, 5.000e-01, -1.350e-01, 1.101e+05, 0.000e+00, 4.490e-04, 0.000e+00, 2.000e+00, 9.983e+02, 1.927e-07
2.015e+00, 5.000e-01, -1.250e-01, 1.100e+05, 0.000e+00, 3.576e-04, 0.000e+00, 1.998e+00, 9.983e+02, 1.535e-07
2.015e+00, 5.000e-01, -1.150e-01, 1.099e+05, 0.000e+00, 2.444e-04, 0.000e+00, 1.996e+00, 9.983e+02, 1.058e-07
2.015e+00, 5.000e-01, -1.050e-01, 1.110e+05, 0.000e+00, 1.453e-04, 0.000e+00, 2.017e+00, 9.983e+02, 6.381e-08
2.015e+00, 5.000e-01, -9.500e-02, 1.109e+05, 0.000e+00, 7.827e-05, 0.000e+00, 2.015e+00, 9.983e+02, 3.438e-08
2.015e+00, 5.000e-01, -8.500e-02, 1.108e+05, 0.000e+00, 3.906e-05, 0.000e+00, 2.013e+00, 9.983e+02, 1.716e-08
2.015e+00, 5.000e-01, -7.500e-02, 1.107e+05, 0.000e+00, 1.853e-05, 0.000e+00, 2.011e+00, 9.983e+02, 8.141e-09
2.015e+00, 5.000e-01, -6.500e-02, 1.106e+05, 0.000e+00, 8.523e-06, 0.000e+00, 2.009e+00, 9.983e+02, 3.743e-09
2.015e+00, 5.000e-01, -5.500e-02, 1.105e+05, 0.000e+00, 3.828e-06, 0.000e+00, 2.008e+00, 9.983e+02, 1.681e-09
2.015e+00, 5.000e-01, -4.500e-02, 1.104e+05, 0.000e+00, 1.678e-06, 0.000e+00, 2.006e+00, 9.983e+02, 7.369e-10
2.015e+00, 5.000e-01, -3.500e-02, 1.103e+05, 0.000e+00, 7.133e-07, 0.000e+00, 2.004e+00, 9.983e+02, 3.133e-10
2.015e+00, 5.000e-01, -2.500e-02, 1.102e+05, 0.000e+00, 2.929e-07, 0.000e+00, 2.002e+00, 9.983e+02, 1.286e-10
2.015e+00, 5.000e-01, -1.500e-02, 1.101e+05, 0.000e+00, 1.165e-07, 0.000e+00, 2.000e+00, 9.983e+02, 5.116e-11
2.015e+00, 5.000e-01, -5.000e-03, 1.100e+05, 0.000e+00, 4.587e-08, 0.000e+00, 1.999e+00, 9.983e+02, 2.015e-11
2.025e+00, 5.000e-01, -1.195e+00, 1.202e+05, 0.000e+00, 1.002e-13, 0.000e+00, 2.184e+00, 9.983e+02, 2.000e-17
2.025e+00, 5.000e-01, -1.185e+00, 1.201e+05, 0.000e+00, 1.002e-13, 0.000e+00, 2.182e+00, 9.983e+02, 2.000e-17
2.025e+00, 5.000e-01, -1.175e+00, 1.200e+05, 0.000e+00, 1.002e-13, 0.000e+00, 2.181e+00, 9.983e+02, 2.000e-17
2.025e+00, 5.000e-01, -1.165e+00, 1.199e+05, 0.000e+00, 1.002e-13, 0.000e+00, 2.179e+00, 9.983e+02, 2.000e-17
2.025e+00, 5.000e-01, -1.155e+00, 1.198e+05, 0.000e+00, 1.002e-13, 0.000e+00, 2.177e+00, 9.983e+02, 2.000e-17
2.025e+00, 5.000e-01, -1.145e+00, 1.197e+05, 0.000e+00, 1.002e-13, 0.000e+00, 2.175e+00, 9.983e+02, 2.000e-17
2.025e+00, 5.000e-01, -1.135e+00, 1.196e+05, 0.000e+00, 1.002e-13, 0.000e+00, 2.173e+00, 9.983e+02, 2.000e-17
2.025e+00, 5.000e-01, -1.125e+00, 1.195e+05, 0.000e+00, 1.002e-13, 0.000e+00, 2.172e+00, 9.983e+02, 2.000e-17
2.025e+00, 5.000e-01, -1.115e+00, 1.194e+05, 0.000e+00, 1.002e-13, 0.000e+00, 2.170e+00, 9.983e+02, 2.000e-17
2.025e+00, 5.000e-01, -1.105e+00, 1.193e+05, 0.000e+00, 1.002e-13, 0.000e+00, 2.168e+00, 9.983e+02, 2.000e-17
2.025e+00, 5.000e-01, -1.095e+00, 1.192e+05, 0.000e+00, 1.002e-13, 0.000e+00, 2.166e+00, 9.983e+02, 2.000e-17
2.025e+00, 5.000e-01, -1.085e+00, 1.191e+05, 0.000e+00, 1.002e-13, 0.000e+00, 2.165e+00, 9.983e+02, 2.000e-17
2.025e+00, 5.000e-01, -1.075e+00, 1.190e+05, 0.000e+00, 2.202e-09, 0.000e+00, 2.163e+00, 9.983e+02, 7.627e-13
2.025e+00, 5.000e-01, -1.065e+00, 1.189e+05, 0.000e+00, 4.552e-04, 0.000e+00, 2.161e+00, 9.983e+02, 1.607e-07
2.025e+00, 5.000e-01, -1.055e+00, 1.188e+05, 0.000e+00, 4.788e-04, 0.000e+00, 2.159e+00, 9.984e+02, 2.056e-07
2.025e+00, 5.000e-01, -1.045e+00, 1.187e+05, 0.000e+00, 4.888e-04, 0.000e+00, 2.158e+00, 9.984e+02, 2.098e-07
2.025e+00, 5.000e-01, -1.035e+00, 1.186e+05, 0.000e+00, 4.903e-04, 0.000e+00, 2.156e+00, 9.984e+02, 2.105e-07
2.025e+00, 5.000e-01, -1.025e+00, 1.185e+05, 0.000e+00, 4.867e-04, 0.000e+00, 2.154e+00, 9.984e+02, 2.089e-07
2.025e+00, 5.000e-01, -1.015e+00, 1.185e+05, 0.000e+00, 4.802e-04, 0.000e+00, 2.152e+00, 9.984e+02, 2.061e-07
2.025e+00, 5.000e-01, -1.005e+00, 1.184e+05, 0.000e+00, 4.722e-04, 0.000e+00, 2.150e+00, 9.983e+02, 2.027e-07
2.025e+00, 5.000e-01, -9.950e-01, 1.183e+05, 0.000e+00, 4.636e-04, 0.000e+00, 2.149e+00, 9.983e+02, 1.990e-07
2.025e+00, 5.000e-01, -9.850e-01, 1.182e+05, 0.000e+00, 4.550e-04, 0.000e+00, 2.147e+00, 9.983e+02, 1.953e-07
2.025e+00, 5.000e-01, -9.750e-01, 1.181e+05, 0.000e+00, 4.464e-04, 0.000e+00, 2.145e+00, 9.983e+02, 1.916e-07
2.025e+00, 5.000e-01, -9.650e-01, 1.180e+05, 0.000e+00, 4.381e-04, 0.000e+00, 2.143e+00, 9.983e+02, 1.881e-07
2.025e+00, 5.000e-01, -9.550e-01, 1.179e+05, 0.000e+00, 4.302e-04, 0.000e+00, 2.141e+00, 9.983e+02, 1.847e-07
2.025e+00, 5.000e-01, -9.450e-01, 1.178e+05, 0.000e+00, 4.232e-04, 0.000e+00, 2.140e+00, 9.983e+02, 1.817e-07
2.025e+00, 5.000e-01, -9.350e-01, 1.177e+05, 0.000e+00, 4.171e-04, 0.000e+00, 2.138e+00, 9.983e+02, 1.791e-07
2.025e+00, 5.000e-01, -9.250e-01, 1.176e+05, 0.000e+00, 4.123e-04, 0.000e+00, 2.136e+00, 9.983e+02, 1.770e-07
2.025e+00, 5.000e-01, -9.150e-01, 1.175e+05, 0.000e+00, 4.088e-04, 0.000e+00, 2.134e+00, 9.983e+02, 1.755e-07
2.025e+00, 5.000e-01, -9.050e-01, 1.174e+05, 0.000e+00, 4.068e-04, 0.000e+00, 2.132e+00, 9.983e+02, 1.746e-07
2.025e+00, 5.000e-01, -8.950e-01, 1.173e+05, 0.000e+00, 4.061e-04, 0.000e+00, 2.131e+00, 9.983e+02, 1.743e-07
2.025e+00, 5.000e-01, -8.850e-01, 1.172e+05, 0.000e+00, 4.064e-04, 0.000e+00, 2.129e+00, 9.983e+02, 1.744e-07
2.025e+00, 5.000e-01, -8.750e-01, 1.171e+05, 0.000e+00, 4.075e-04, 0.000e+00, 2.127e+00, 9.983e+02, 1.750e-07
2.025e+00, 5.000e-01, -8.650e-01, 1.170e+05, 0.000e+00, 4.099e-04, 0.000e+00, 2.125e+00, 9.983e+02, 1.759e-07
2.025e+00, 5.000e-01, -8.550e-01, 1.169e+05, 0.000e+00, 4.135e-04, 0.000e+00, 2.124e+00, 9.983e+02, 1.775e-07
2.025e+00, 5.000e-01, -8.450e-01, 1.168e+05, 0.000e+00, 4.184e-04, 0.000e+00, 2.122e+00, 9.983e+02, 1.796e-07
2.025e+00, 5.000e-01, -8.350e-01, 1.167e+05, 0.000e+00, 4.240e-04, 0.000e+00, 2.120e+00, 9.983e+02, 1.820e-07
2.025e+00, 5.000e-01, -8.250e-01, 1.166e+05, 0.000e+00, 4.292e-04, 0.000e+00, 2.118e+00, 9.983e+02, 1.843e-07
2.025e+00, 5.000e-01, -8.150e-01, 1.165e+05, 0.000e+00, 4.322e-04, 0.000e+00, 2.116e+00, 9.983e+02, 1.855e-07
2.025e+00, 5.000e-01, -8.050e-01, 1.164e+05, 0.000e+00, 4.309e-04, 0.000e+00, 2.115e+00, 9.983e+02, 1.850e-07
2.025e+00, 5.000e-01, -7.950e-01, 1.163e+05, 0.000e+00, 4.289e-04, 0.000e+00, 2.113e+00, 9.983e+02, 1.841e-07
2.025e+00, 5.000e-01, -7.850e-01, 1.162e+05, 0.000e+00, 4.271e-04, 0.000e+00, 2.111e+00, 9.983e+02, 1.833e-07
2.025e+00, 5.000e-01, -7.750e-01, 1.161e+05, 0.000e+00, 4.256e-04, 0.000e+00, 2.109e+00, 9.983e+02, 1.827e-07
2.025e+00, 5.000e-01, -7.650e-01, 1.160e+05, 0.000e+00, 4.242e-04, 0.000e+00, 2.107e+00, 9.983e+02, 1.821e-07
2.025e+00, 5.000e-01, -7.550e-01, 1.159e+05, 0.000e+00, 4.231e-04, 0.000e+00, 2.106e+00, 9.983e+02, 1.816e-07
2.025e+00, 5.000e-01, -7.450e-01, 1.158e+05, 0.000e+00, 4.257e-04, 0.000e+00, 2.104e+00, 9.983e+02, 1.827e-07
2.025e+00, 5.000e-01, -7.350e-01, 1.157e+05, 6.750e-07, 4.849e-04, 0.000e+00, 2.102e+00, 9.984e+02, 2.082e-07
2.025e+00, 5.000e-01, -7.250e-01, 1.156e+05, 4.718e-01, 1.895e-03, 0.000e+00, 2.100e+00, 9.986e+02, 8.558e-07
2.025e+00, 5.000e-01, -7.150e-01, 1.156e+05, 8.683e-01, 1.895e-03, 0.000e+00, 2.100e+00, 9.986e+02, 8.914e-07
2.025e+00, 5.000e-01, -7.050e-01, 1.156e+05, 8.724e-01, 1.895e-03, 0.000e+00, 2.100e+00, 9.986e+02, 8.917e-07
2.025e+00, 5.000e-01, -6.950e-01, 1.156e+05, 8.738e-01, 1.895e-03, 0.000e+00, 2.100e+00, 9.986e+02, 8.918e-07
2.025e+00, 5.000e-01, -6.850e-01, 1.167e+05, 0.000e+00, 4.397e-04, 0.000e+00, 2.120e+00, 9.983e+02, 1.925e-07
2.025e+00, 5.000e-01, -6.750e-01, 1.166e+05, 0.000e+00, 2.911e-04, 0.000e+00, 2.119e+00, 9.983e+02, 1.278e-07
2.025e+00, 5.000e-01, -6.650e-01, 1.165e+05, 0.000e+00, 1.806e-04, 0.000e+00, 2.117e+00, 9.983e+02, 7.933e-08
2.025e+00, 5.000e-01, -6.550e-01, 1.164e+05, 0.000e+00, 1.049e-04, 0.000e+00, 2.115e+00, 9.983e+02, 4.607e-08
2.025e+00, 5.000e-01, -6.450e-01, 1.163e+05, 0.000e+00, 5.792e-05, 0.000e+00, 2.113e+00, 9.983e+02, 2.544e-08
2.025e+00, 5.000e-01, -6.350e-01, 1.162e+05, 0.000e+00, 3.348e-05, 0.000e+00, 2.111e+00, 9.983e+02, 1.471e-08
2.025e+00, 5.000e-01, -6.250e-01, 1.161e+05, 0.000e+00, 2.796e-05, 0.000e+00, 2.110e+00, 9.983e+02, 1.228e-08
2.025e+00, 5.000e-01, -6.150e-01, 1.160e+05, 0.000e+00, 4.259e-05, 0.000e+00, 2.108e+00, 9.983e+02, 1.871e-08
2.025e+00, 5.000e-01, -6.050e-01, 1.159e+05, 0.000e+00, 8.400e-05, 0.000e+00, 2.106e+00, 9.983e+02, 3.689e-08
2.025e+00, 5.000e-01, -5.950e-01, 1.158e+05, 0.000e+00, 1.617e-04, 0.000e+00, 2.104e+00, 9.983e+02, 7.103e-08
2.025e+00, 5.000e-01, -5.850e-01, 1.157e+05, 0.000e+00, 2.827e-04, 0.000e+00, 2.102e+00, 9.983e+02, 1.242e-07
2.025e+00, 5.000e-01, -5.750e-01, 1.156e+05, 0.000e+00, 4.502e-04, 0.000e+00, 2.101e+00, 9.983e+02, 1.978e-07
2.025e+00, 5.000e-01, -5.650e-01, 1.141e+05, 0.000e+00, 6.752e-04, 0.000e+00, 2.072e+00, 9.984e+02, 3.010e-07
2.025e+00, 5.000e-01, -5.550e-01, 1.140e+05, 0.000e+00, 8.383e-04, 0.000e+00, 2.070e+00, 9.984e+02, 3.766e-07
2.025e+00, 5.000e-01, -5.450e-01, 1.139e+05, 0.000e+00, 9.014e-04, 0.000e+00, 2.068e+00, 9.984e+02, 4.050e-07
2.025e+00, 5.000e-01, -5.350e-01, 1.138e+05, 0.000e+00, 9.075e-04, 0.000e+00, 2.067e+00, 9.984e+02, 4.077e-07
2.025e+00, 5.000e-01, -5.250e-01, 1.137e+05, 0.000e+00, 8.913e-04, 0.000e+00, 2.065e+00, 9.984e+02, 4.004e-07
2.025e+00, 5.000e-01, -5.150e-01, 1.136e+05, 0.000e+00, 8.670e-04, 0.000e+00, 2.063e+00, 9.984e+02, 3.895e-07
2.025e+00, 5.000e-01, -5.050e-01, 1.135e+05, 0.000e+00, 8.396e-04, 0.000e+00, 2.061e+00, 9.984e+02, 3.772e-07
2.025e+00, 5.000e-01, -4.950e-01, 1.134e+05, 0.000e+00, 8.107e-04, 0.000e+00, 2.059e+00, 9.984e+02, 3.642e-07
2.025e+00, 5.000e-01, -4.850e-01, 1.133e+05, 0.000e+00, 7.810e-04, 0.000e+00, 2.058e+00, 9.984e+02, 3.479e-07
2.025e+00, 5.000e-01, -4.750e-01, 1.132e+05, 0.000e+00, 7.509e-04, 0.000e+00, 2.056e+00, 9.984e+02, 3.224e-07
2.025e+00, 5.000e-01, -4.650e-01, 1.131e+05, 0.000e+00, 7.182e-04, 0.000e+00, 2.054e+00, 9.984e+02, 3.083e-07
2.025e+00, 5.000e-01, -4.550e-01, 1.130e+05, 0.000e+00, 6.841e-04, 0.000e+00, 2.052e+00, 9.984e+02, 2.937e-07
2.025e+00, 5.000e-01, -4.450e-01, 1.129e+05, 0.000e+00, 6.468e-04, 0.000e+00, 2.050e+00, 9.984e+02, 2.777e-07
2.025e+00, 5.000e-01, -4.350e-01, 1.128e+05, 0.000e+00, 6.022e-04, 0.000e+00, 2.048e+00, 9.984e+02, 2.585e-07
2.025e+00, 5.000e-01, -4.250e-01, 1.127e+05, 0.000e+00, 5.531e-04, 0.000e+00, 2.047e+00, 9.984e+02, 2.374e-07
2.025e+00, 5.000e-01, -4.150e-01, 1.126e+05, 0.000e+00, 5.203e-04, 0.000e+00, 2.045e+00, 9.984e+02, 2.233e-07
2.025e+00, 5.000e-01, -4.050e-01, 1.125e+05, 0.000e+00, 5.067e-04, 0.000e+00, 2.043e+00, 9.984e+02, 2.175e-07
2.025e+00, 5.000e-01, -3.950e-01, 1.124e+05, 0.000e+00, 5.022e-04, 0.000e+00, 2.041e+00, 9.984e+02, 2.156e-07
2.025e+00, 5.000e-01, -3.850e-01, 1.123e+05, 0.000e+00, 5.026e-04, 0.000e+00, 2.039e+00, 9.984e+02, 2.157e-07
2.025e+00, 5.000e-01, -3.750e-01, 1.122e+05, 0.000e+00, 5.043e-04, 0.000e+00, 2.038e+00, 9.984e+02, 2.165e-07
2.025e+00, 5.000e-01, -3.650e-01, 1.121e+05, 0.000e+00, 5.042e-04, 0.000e+00, 2.036e+00, 9.984e+02, 2.164e-07
2.025e+00, 5.000e-01, -3.550e-01, 1.120e+05, 0.000e+00, 4.981e-04, 0.000e+00, 2.034e+00, 9.984e+02, 2.156e-07
2.025e+00, 5.000e-01, -3.450e-01, 1.119e+05, 0.000e+00, 4.851e-04, 0.000e+00, 2.033e+00, 9.983e+02, 2.180e-07
2.025e+00, 5.000e-01, -3.350e-01, 1.118e+05, 0.000e+00, 4.737e-04, 0.000e+00, 2.031e+00, 9.983e+02, 2.128e-07
2.025e+00, 5.000e-01, -3.250e-01, 1.117e+05, 0.000e+00, 4.631e-04, 0.000e+00, 2.029e+00, 9.983e+02, 2.081e-07
2.025e+00, 5.000e-01, -3.150e-01, 1.116e+05, 0.000e+00, 4.522e-04, 0.000e+00, 2.027e+00, 9.983e+02, 2.032e-07
2.025e+00, 5.000e-01, -3.050e-01, 1.115e+05, 0.000e+00, 4.400e-04, 0.000e+00, 2.025e+00, 9.983e+02, 1.977e-07
2.025e+00, 5.000e-01, -2.950e-01, 1.114e+05, 0.000e+00, 4.261e-04, 0.000e+00, 2.024e+00, 9.983e+02, 1.914e-07
2.025e+00, 5.000e-01, -2.850e-01, 1.113e+05, 0.000e+00, 4.104e-04, 0.000e+00, 2.022e+00, 9.983e+02, 1.844e-07
2.025e+00, 5.000e-01, -2.750e-01, 1.112e+05, 0.000e+00, 3.932e-04, 0.000e+00, 2.020e+00, 9.983e+02, 1.766e-07
2.025e+00, 5.000e-01, -2.650e-01, 1.112e+05, 0.000e+00, 3.745e-04, 0.000e+00, 2.020e+00, 9.983e+02, 1.652e-07
2.025e+00, 5.000e-01, -2.550e-01, 1.111e+05, 0.000e+00, 3.557e-04, 0.000e+00, 2.018e+00, 9.983e+02, 1.562e-07
2.025e+00, 5.000e-01, -2.450e-01, 1.110e+05, 0.000e+00, 3.373e-04, 0.000e+00, 2.016e+00, 9.983e+02, 1.482e-07
2.025e+00, 5.000e-01, -2.350e-01, 1.109e+05, 0.000e+00, 3.198e-04, 0.000e+00, 2.014e+00, 9.983e+02, 1.405e-07
2.025e+00, 5.000e-01, -2.250e-01, 1.108e+05, 0.000e+00, 3.032e-04, 0.000e+00, 2.012e+00, 9.983e+02, 1.332e-07
2.025e+00, 5.000e-01, -2.150e-01, 1.107e+05, 0.000e+00, 2.877e-04, 0.000e+00, 2.011e+00, 9.983e+02, 1.264e-07
2.025e+00, 5.000e-01, -2.050e-01, 1.106e+05, 0.000e+00, 2.742e-04, 0.000e+00, 2.009e+00, 9.983e+02, 1.204e-07
2.025e+00, 5.000e-01, -1.950e-01, 1.105e+05, 0.000e+00, 2.673e-04, 0.000e+00, 2.007e+00, 9.983e+02, 1.174e-07
2.025e+00, 5.000e-01, -1.850e-01, 1.104e+05, 0.000e+00, 2.806e-04, 0.000e+00, 2.005e+00, 9.983e+02, 1.223e-07
2.025e+00, 5.000e-01, -1.750e-01, 1.105e+05, 0.000e+00, 3.323e-04, 0.000e+00, 2.007e+00, 9.983e+02, 1.427e-07
2.025e+00, 5.000e-01, -1.650e-01, 1.104e+05, 0.000e+00, 4.009e-04, 0.000e+00, 2.005e+00, 9.983e+02, 1.721e-07
2.025e+00, 5.000e-01, -1.550e-01, 1.103e+05, 0.000e+00, 4.559e-04, 0.000e+00, 2.004e+00, 9.983e+02, 1.957e-07
2.025e+00, 5.000e-01, -1.450e-01, 1.102e+05, 0.000e+00, 4.777e-04, 0.000e+00, 2.002e+00, 9.983e+02, 2.051e-07
2.025e+00, 5.000e-01, -1.350e-01, 1.101e+05, 0.000e+00, 4.468e-04, 0.000e+00, 2.000e+00, 9.983e+02, 1.918e-07
2.025e+00, 5.000e-01, -1.250e-01, 1.100e+05, 0.000e+00, 3.638e-04, 0.000e+00, 1.998e+00, 9.983e+02, 1.562e-07
2.025e+00, 5.000e-01, -1.150e-01, 1.099e+05, 0.000e+00, 2.525e-04, 0.000e+00, 1.996e+00, 9.983e+02, 1.093e-07
2.025e+00, 5.000e-01, -1.050e-01, 1.110e+05, 0.000e+00, 1.511e-04, 0.000e+00, 2.017e+00, 9.983e+02, 6.638e-08
2.025e+00, 5.000e-01, -9.500e-02, 1.109e+05, 0.000e+00, 8.134e-05, 0.000e+00, 2.015e+00, 9.983e+02, 3.573e-08
2.025e+00, 5.000e-01, -8.500e-02, 1.108e+05, 0.000e+00, 4.039e-05, 0.000e+00, 2.013e+00, 9.983e+02, 1.774e-08
2.025e+00, 5.000e-01, -7.500e-02, 1.107e+05, 0.000e+00, 1.903e-05, 0.000e+00, 2.011e+00, 9.983e+02, 8.360e-09
2.025e+00, 5.000e-01, -6.500e-02, 1.106e+05, 0.000e+00, 8.691e-06, 0.000e+00, 2.009e+00, 9.983e+02, 3.817e-09
2.025e+00, 5.000e-01, -5.500e-02, 1.105e+05, 0.000e+00, 3.880e-06, 0.000e+00, 2.008e+00, 9.983e+02, 1.704e-09
2.025e+00, 5.000e-01, -4.500e-02, 1.104e+05, 0.000e+00, 1.693e-06, 0.000e+00, 2.006e+00, 9.983e+02, 7.435e-10
2.025e+00, 5.000e-01, -3.500e-02, 1.103e+05, 0.000e+00, 7.172e-07, 0.000e+00, 2.004e+00, 9.983e+02, 3.150e-10
2.025e+00, 5.000e-01, -2.500e-02, 1.102e+05, 0.000e+00, 2.938e-07, 0.000e+00, 2.002e+00, 9.983e+02, 1.290e-10
2.025e+00, 5.000e-01, -1.500e-02, 1.101e+05, 0.000e+00, 1.167e-07, 0.000e+00, 2.000e+00, 9.983e+02, 5.124e-11
2.025e+00, 5.000e-01, -5.000e-03, 1.100e+05, 0.000e+00, 4.594e-08, 0.000e+00, 1.999e+00, 9.983e+02, 2.018e-11
2.035e+00, 5.000e-01, -1.195e+00, 1.202e+05, 0.000e+00, 1.002e-13, 0.000e+00, 2.184e+00, 9.983e+02, 2.000e-17
2.035e+00, 5.000e-01, -1.185e+00, 1.201e+05, 0.000e+00, 1.002e-13, 0.000e+00, 2.182e+00, 9.983e+02, 2.000e-17
2.035e+00, 5.000e-01, -1.175e+00, 1.200e+05, 0.000e+00, 1.002e-13, 0.000e+00, 2.181e+00, 9.983e+02, 2.000e-17
2.035e+00, 5.000e-01, -1.165e+00, 1.199e+05, 0.000e+00, 1.002e-13, 0.000e+00, 2.179e+00, 9.983e+02, 2.000e-17
2.035e+00, 5.000e-01, -1.155e+00, 1.198e+05, 0.000e+00, 1.002e-13, 0.000e+00, 2.177e+00, 9.983e+02, 2.000e-17
2.035e+00, 5.000e-01, -1.145e+00, 1.197e+05, 0.000e+00, 1.002e-13, 0.000e+00, 2.175e+00, 9.983e+02, 2.000e-17
2.035e+00, 5.000e-01, -1.135e+00, 1.196e+05, 0.000e+00, 1.002e-13, 0.000e+00, 2.173e+00, 9.983e+02, 2.000e-17
2.035e+00, 5.000e-01, -1.125e+00, 1.195e+05, 0.000e+00, 1.002e-13, 0.000e+00, 2.172e+00, 9.983e+02, 2.000e-17
2.035e+00, 5.000e-01, -1.115e+00, 1.194e+05, 0.000e+00, 1.002e-13, 0.000e+00, 2.170e+00, 9.983e+02, 2.000e-17
2.035e+00, 5.000e-01, -1.105e+00, 1.193e+05, 0.000e+00, 1.002e-13, 0.000e+00, 2.168e+00, 9.983e+02, 2.000e-17
2.035e+00, 5.000e-01, -1.095e+00, 1.192e+05, 0.000e+00, 1.002e-13, 0.000e+00, 2.166e+00, 9.983e+02, 2.000e-17
2.035e+00, 5.000e-01, -1.085e+00, 1.191e+05, 0.000e+00, 1.002e-13, 0.000e+00, 2.165e+00, 9.983e+02, 2.000e-17
2.035e+00, 5.000e-01, -1.075e+00, 1.190e+05, 0.000e+00, 2.273e-09, 0.000e+00, 2.163e+00, 9.983e+02, 7.921e-13
2.035e+00, 5.000e-01, -1.065e+00, 1.189e+05, 0.000e+00, 4.682e-04, 0.000e+00, 2.161e+00, 9.983e+02, 1.592e-07
2.035e+00, 5.000e-01, -1.055e+00, 1.188e+05, 0.000e+00, 4.939e-04, 0.000e+00, 2.159e+00, 9.984e+02, 2.120e-07
2.035e+00, 5.000e-01, -1.045e+00, 1.187e+05, 0.000e+00, 5.063e-04, 0.000e+00, 2.158e+00, 9.984e+02, 2.173e-07
2.035e+00, 5.000e-01, -1.035e+00, 1.186e+05, 0.000e+00, 5.064e-04, 0.000e+00, 2.156e+00, 9.984e+02, 2.174e-07
2.035e+00, 5.000e-01, -1.025e+00, 1.185e+05, 0.000e+00, 5.006e-04, 0.000e+00, 2.154e+00, 9.984e+02, 2.149e-07
2.035e+00, 5.000e-01, -1.015e+00, 1.185e+05, 0.000e+00, 4.924e-04, 0.000e+00, 2.152e+00, 9.984e+02, 2.114e-07
2.035e+00, 5.000e-01, -1.005e+00, 1.184e+05, 0.000e+00, 4.830e-04, 0.000e+00, 2.150e+00, 9.984e+02, 2.074e-07
2.035e+00, 5.000e-01, -9.950e-01, 1.183e+05, 0.000e+00, 4.730e-04, 0.000e+00, 2.149e+00, 9.983e+02, 2.030e-07
2.035e+00, 5.000e-01, -9.850e-01, 1.182e+05, 0.000e+00, 4.626e-04, 0.000e+00, 2.147e+00, 9.983e+02, 1.986e-07
2.035e+00, 5.000e-01, -9.750e-01, 1.181e+05, 0.000e+00, 4.523e-04, 0.000e+00, 2.145e+00, 9.983e+02, 1.942e-07
2.035e+00, 5.000e-01, -9.650e-01, 1.180e+05, 0.000e+00, 4.429e-04, 0.000e+00, 2.143e+00, 9.983e+02, 1.901e-07
2.035e+00, 5.000e-01, -9.550e-01, 1.179e+05, 0.000e+00, 4.352e-04, 0.000e+00, 2.141e+00, 9.983e+02, 1.868e-07
2.035e+00, 5.000e-01, -9.450e-01, 1.178e+05, 0.000e+00, 4.292e-04, 0.000e+00, 2.140e+00, 9.983e+02, 1.842e-07
2.035e+00, 5.000e-01, -9.350e-01, 1.177e+05, 0.000e+00, 4.250e-04, 0.000e+00, 2.138e+00, 9.983e+02, 1.824e-07
2.035e+00, 5.000e-01, -9.250e-01, 1.176e+05, 0.000e+00, 4.226e-04, 0.000e+00, 2.136e+00, 9.983e+02, 1.814e-07
2.035e+00, 5.000e-01, -9.150e-01, 1.175e+05, 0.000e+00, 4.225e-04, 0.000e+00, 2.134e+00, 9.983e+02, 1.814e-07
2.035e+00, 5.000e-01, -9.050e-01, 1.174e+05, 0.000e+00, 4.251e-04, 0.000e+00, 2.132e+00, 9.983e+02, 1.825e-07
2.035e+00, 5.000e-01, -8.950e-01, 1.173e+05, 0.000e+00, 4.291e-04, 0.000e+00, 2.131e+00, 9.983e+02, 1.842e-07
2.035e+00, 5.000e-01, -8.850e-01, 1.172e+05, 0.000e+00, 4.329e-04, 0.000e+00, 2.129e+00, 9.983e+02, 1.858e-07
2.035e+00, 5.000e-01, -8.750e-01, 1.171e+05, 0.000e+00, 4.372e-04, 0.000e+00, 2.127e+00, 9.983e+02, 1.877e-07
2.035e+00, 5.000e-01, -8.650e-01, 1.170e+05, 0.000e+00, 4.436e-04, 0.000e+00, 2.125e+00, 9.983e+02, 1.904e-07
2.035e+00, 5.000e-01, -8.550e-01, 1.169e+05, 0.000e+00, 4.528e-04, 0.000e+00, 2.124e+00, 9.983e+02, 1.944e-07
2.035e+00, 5.000e-01, -8.450e-01, 1.168e+05, 0.000e+00, 4.649e-04, 0.000e+00, 2.122e+00, 9.983e+02, 1.996e-07
2.035e+00, 5.000e-01, -8.350e-01, 1.167e+05, 0.000e+00, 4.785e-04, 0.000e+00, 2.120e+00, 9.983e+02, 2.054e-07
2.035e+00, 5.000e-01, -8.250e-01, 1.166e+05, 0.000e+00, 4.917e-04, 0.000e+00, 2.118e+00, 9.984e+02, 2.111e-07
2.035e+00, 5.000e-01, -8.150e-01, 1.165e+05, 0.000e+00, 5.012e-04, 0.000e+00, 2.116e+00, 9.984e+02, 2.152e-07
2.035e+00, 5.000e-01, -8.050e-01, 1.164e+05, 0.000e+00, 5.033e-04, 0.000e+00, 2.115e+00, 9.984e+02, 2.161e-07
2.035e+00, 5.000e-01, -7.950e-01, 1.163e+05, 0.000e+00, 4.908e-04, 0.000e+00, 2.113e+00, 9.984e+02, 2.107e-07
2.035e+00, 5.000e-01, -7.850e-01, 1.162e+05, 0.000e+00, 4.787e-04, 0.000e+00, 2.111e+00, 9.983e+02, 2.055e-07
2.035e+00, 5.000e-01, -7.750e-01, 1.161e+05, 0.000e+00, 4.674e-04, 0.000e+00, 2.109e+00, 9.983e+02, 2.006e-07
2.035e+00, 5.000e-01, -7.650e-01, 1.160e+05, 0.000e+00, 4.572e-04, 0.000e+00, 2.107e+00, 9.983e+02, 1.963e-07
2.035e+00, 5.000e-01, -7.550e-01, 1.159e+05, 0.000e+00, 4.485e-04, 0.000e+00, 2.106e+00, 9.983e+02, 1.925e-07
2.035e+00, 5.000e-01, -7.450e-01, 1.158e+05, 0.000e+00, 4.456e-04, 0.000e+00, 2.104e+00, 9.983e+02, 1.913e-07
2.035e+00, 5.000e-01, -7.350e-01, 1.157e+05, 6.751e-07, 5.070e-04, 0.000e+00, 2.102e+00, 9.984e+02, 2.176e-07
2.035e+00, 5.000e-01, -7.250e-01, 1.156e+05, 4.719e-01, 1.895e-03, 0.000e+00, 2.100e+00, 9.986e+02, 8.558e-07
2.035e+00, 5.000e-01, -7.150e-01, 1.156e+05, 8.683e-01, 1.895e-03, 0.000e+00, 2.100e+00, 9.986e+02, 8.914e-07
2.035e+00, 5.000e-01, -7.050e-01, 1.156e+05, 8.724e-01, 1.895e-03, 0.000e+00, 2.100e+00, 9.986e+02, 8.917e-07
2.035e+00, 5.000e-01, -6.950e-01, 1.156e+05, 8.738e-01, 1.895e-03, 0.000e+00, 2.100e+00, 9.986e+02, 8.918e-07
2.035e+00, 5.000e-01, -6.850e-01, 1.167e+05, 0.000e+00, 4.267e-04, 0.000e+00, 2.120e+00, 9.983e+02, 1.872e-07
2.035e+00, 5.000e-01, -6.750e-01, 1.166e+05, 0.000e+00, 2.799e-04, 0.000e+00, 2.119e+00, 9.983e+02, 1.229e-07
2.035e+00, 5.000e-01, -6.650e-01, 1.165e+05, 0.000e+00, 1.719e-04, 0.000e+00, 2.117e+00, 9.983e+02, 7.550e-08
2.035e+00, 5.000e-01, -6.550e-01, 1.164e+05, 0.000e+00, 9.874e-05, 0.000e+00, 2.115e+00, 9.983e+02, 4.337e-08
2.035e+00, 5.000e-01, -6.450e-01, 1.163e+05, 0.000e+00, 5.398e-05, 0.000e+00, 2.113e+00, 9.983e+02, 2.371e-08
2.035e+00, 5.000e-01, -6.350e-01, 1.162e+05, 0.000e+00, 3.113e-05, 0.000e+00, 2.111e+00, 9.983e+02, 1.368e-08
2.035e+00, 5.000e-01, -6.250e-01, 1.161e+05, 0.000e+00, 2.657e-05, 0.000e+00, 2.110e+00, 9.983e+02, 1.167e-08
2.035e+00, 5.000e-01, -6.150e-01, 1.160e+05, 0.000e+00, 4.162e-05, 0.000e+00, 2.108e+00, 9.983e+02, 1.828e-08
2.035e+00, 5.000e-01, -6.050e-01, 1.159e+05, 0.000e+00, 8.316e-05, 0.000e+00, 2.106e+00, 9.983e+02, 3.653e-08
2.035e+00, 5.000e-01, -5.950e-01, 1.158e+05, 0.000e+00, 1.609e-04, 0.000e+00, 2.104e+00, 9.983e+02, 7.068e-08
2.035e+00, 5.000e-01, -5.850e-01, 1.157e+05, 0.000e+00, 2.821e-04, 0.000e+00, 2.102e+00, 9.983e+02, 1.239e-07
2.035e+00, 5.000e-01, -5.750e-01, 1.156e+05, 0.000e+00, 4.511e-04, 0.000e+00, 2.101e+00, 9.983e+02, 1.981e-07
2.035e+00, 5.000e-01, -5.650e-01, 1.141e+05, 0.000e+00, 6.839e-04, 0.000e+00, 2.072e+00, 9.984e+02, 3.054e-07
2.035e+00, 5.000e-01, -5.550e-01, 1.140e+05, 0.000e+00, 8.302e-04, 0.000e+00, 2.070e+00, 9.984e+02, 3.730e-07
2.035e+00, 5.000e-01, -5.450e-01, 1.139e+05, 0.000e+00, 8.866e-04, 0.000e+00, 2.068e+00, 9.984e+02, 3.984e-07
2.035e+00, 5.000e-01, -5.350e-01, 1.138e+05, 0.000e+00, 8.918e-04, 0.000e+00, 2.067e+00, 9.984e+02, 4.007e-07
2.035e+00, 5.000e-01, -5.250e-01, 1.137e+05, 0.000e+00, 8.765e-04, 0.000e+00, 2.065e+00, 9.984e+02, 3.938e-07
2.035e+00, 5.000e-01, -5.150e-01, 1.136e+05, 0.000e+00, 8.539e-04, 0.000e+00, 2.063e+00, 9.984e+02, 3.836e-07
2.035e+00, 5.000e-01, -5.050e-01, 1.135e+05, 0.000e+00, 8.282e-04, 0.000e+00, 2.061e+00, 9.984e+02, 3.721e-07
2.035e+00, 5.000e-01, -4.950e-01, 1.134e+05, 0.000e+00, 8.008e-04, 0.000e+00, 2.059e+00, 9.984e+02, 3.598e-07
2.035e+00, 5.000e-01, -4.850e-01, 1.133e+05, 0.000e+00, 7.719e-04, 0.000e+00, 2.058e+00, 9.984e+02, 3.433e-07
2.035e+00, 5.000e-01, -4.750e-01, 1.132e+05, 0.000e+00, 7.414e-04, 0.000e+00, 2.056e+00, 9.984e+02, 3.183e-07
2.035e+00, 5.000e-01, -4.650e-01, 1.131e+05, 0.000e+00, 7.063e-04, 0.000e+00, 2.054e+00, 9.984e+02, 3.032e-07
2.035e+00, 5.000e-01, -4.550e-01, 1.130e+05, 0.000e+00, 6.684e-04, 0.000e+00, 2.052e+00, 9.984e+02, 2.869e-07
2.035e+00, 5.000e-01, -4.450e-01, 1.129e+05, 0.000e+00, 6.256e-04, 0.000e+00, 2.050e+00, 9.984e+02, 2.686e-07
2.035e+00, 5.000e-01, -4.350e-01, 1.128e+05, 0.000e+00, 5.729e-04, 0.000e+00, 2.048e+00, 9.984e+02, 2.459e-07
2.035e+00, 5.000e-01, -4.250e-01, 1.127e+05, 0.000e+00, 5.296e-04, 0.000e+00, 2.047e+00, 9.984e+02, 2.274e-07
2.035e+00, 5.000e-01, -4.150e-01, 1.126e+05, 0.000e+00, 5.092e-04, 0.000e+00, 2.045e+00, 9.984e+02, 2.186e-07
2.035e+00, 5.000e-01, -4.050e-01, 1.125e+05, 0.000e+00, 5.028e-04, 0.000e+00, 2.043e+00, 9.984e+02, 2.158e-07
2.035e+00, 5.000e-01, -3.950e-01, 1.124e+05, 0.000e+00, 5.052e-04, 0.000e+00, 2.041e+00, 9.984e+02, 2.169e-07
2.035e+00, 5.000e-01, -3.850e-01, 1.123e+05, 0.000e+00, 5.116e-04, 0.000e+00, 2.039e+00, 9.984e+02, 2.196e-07
2.035e+00, 5.000e-01, -3.750e-01, 1.122e+05, 0.000e+00, 5.175e-04, 0.000e+00, 2.038e+00, 9.984e+02, 2.222e-07
2.035e+00, 5.000e-01, -3.650e-01, 1.121e+05, 0.000e+00, 5.196e-04, 0.000e+00, 2.036e+00, 9.984e+02, 2.231e-07
2.035e+00, 5.000e-01, -3.550e-01, 1.120e+05, 0.000e+00, 5.133e-04, 0.000e+00, 2.034e+00, 9.984e+02, 2.221e-07
2.035e+00, 5.000e-01, -3.450e-01, 1.119e+05, 0.000e+00, 4.974e-04, 0.000e+00, 2.033e+00, 9.984e+02, 2.235e-07
2.035e+00, 5.000e-01, -3.350e-01, 1.118e+05, 0.000e+00, 4.867e-04, 0.000e+00, 2.031e+00, 9.983e+02, 2.187e-07
2.035e+00, 5.000e-01, -3.250e-01, 1.117e+05, 0.000e+00, 4.780e-04, 0.000e+00, 2.029e+00, 9.983e+02, 2.147e-07
2.035e+00, 5.000e-01, -3.150e-01, 1.116e+05, 0.000e+00, 4.681e-04, 0.000e+00, 2.027e+00, 9.983e+02, 2.103e-07
2.035e+00, 5.000e-01, -3.050e-01, 1.115e+05, 0.000e+00, 4.550e-04, 0.000e+00, 2.025e+00, 9.983e+02, 2.044e-07
2.035e+00, 5.000e-01, -2.950e-01, 1.114e+05, 0.000e+00, 4.385e-04, 0.000e+00, 2.024e+00, 9.983e+02, 1.970e-07
2.035e+00, 5.000e-01, -2.850e-01, 1.113e+05, 0.000e+00, 4.197e-04, 0.000e+00, 2.022e+00, 9.983e+02, 1.886e-07
2.035e+00, 5.000e-01, -2.750e-01, 1.112e+05, 0.000e+00, 3.998e-04, 0.000e+00, 2.020e+00, 9.983e+02, 1.796e-07
2.035e+00, 5.000e-01, -2.650e-01, 1.112e+05, 0.000e+00, 3.788e-04, 0.000e+00, 2.020e+00, 9.983e+02, 1.671e-07
2.035e+00, 5.000e-01, -2.550e-01, 1.111e+05, 0.000e+00, 3.577e-04, 0.000e+00, 2.018e+00, 9.983e+02, 1.571e-07
2.035e+00, 5.000e-01, -2.450e-01, 1.110e+05, 0.000e+00, 3.370e-04, 0.000e+00, 2.016e+00, 9.983e+02, 1.480e-07
2.035e+00, 5.000e-01, -2.350e-01, 1.109e+05, 0.000e+00, 3.173e-04, 0.000e+00, 2.014e+00, 9.983e+02, 1.394e-07
2.035e+00, 5.000e-01, -2.250e-01, 1.108e+05, 0.000e+00, 2.987e-04, 0.000e+00, 2.012e+00, 9.983e+02, 1.312e-07
2.035e+00, 5.000e-01, -2.150e-01, 1.107e+05, 0.000e+00, 2.814e-04, 0.000e+00, 2.011e+00, 9.983e+02, 1.236e-07
2.035e+00, 5.000e-01, -2.050e-01, 1.106e+05, 0.000e+00, 2.662e-04, 0.000e+00, 2.009e+00, 9.983e+02, 1.169e-07
2.035e+00, 5.000e-01, -1.950e-01, 1.105e+05, 0.000e+00, 2.553e-04, 0.000e+00, 2.007e+00, 9.983e+02, 1.121e-07
2.035e+00, 5.000e-01, -1.850e-01, 1.104e+05, 0.000e+00, 2.563e-04, 0.000e+00, 2.005e+00, 9.983e+02, 1.117e-07
2.035e+00, 5.000e-01, -1.750e-01, 1.105e+05, 0.000e+00, 2.822e-04, 0.000e+00, 2.007e+00, 9.983e+02, 1.211e-07
2.035e+00, 5.000e-01, -1.650e-01, 1.104e+05, 0.000e+00, 3.336e-04, 0.000e+00, 2.005e+00, 9.983e+02, 1.432e-07
2.035e+00, 5.000e-01, -1.550e-01, 1.103e+05, 0.000e+00, 4.014e-04, 0.000e+00, 2.004e+00, 9.983e+02, 1.723e-07
2.035e+00, 5.000e-01, -1.450e-01, 1.102e+05, 0.000e+00, 4.483e-04, 0.000e+00, 2.002e+00, 9.983e+02, 1.925e-07
2.035e+00, 5.000e-01, -1.350e-01, 1.101e+05, 0.000e+00, 4.387e-04, 0.000e+00, 2.000e+00, 9.983e+02, 1.883e-07
2.035e+00, 5.000e-01, -1.250e-01, 1.100e+05, 0.000e+00, 3.668e-04, 0.000e+00, 1.998e+00, 9.983e+02, 1.574e-07
2.035e+00, 5.000e-01, -1.150e-01, 1.099e+05, 0.000e+00, 2.598e-04, 0.000e+00, 1.996e+00, 9.983e+02, 1.124e-07
2.035e+00, 5.000e-01, -1.050e-01, 1.110e+05, 0.000e+00, 1.575e-04, 0.000e+00, 2.017e+00, 9.983e+02, 6.918e-08
2.035e+00, 5.000e-01, -9.500e-02, 1.109e+05, 0.000e+00, 8.512e-05, 0.000e+00, 2.015e+00, 9.983e+02, 3.739e-08
2.035e+00, 5.000e-01, -8.500e-02, 1.108e+05, 0.000e+00, 4.217e-05, 0.000e+00, 2.013e+00, 9.983e+02, 1.852e-08
2.035e+00, 5.000e-01, -7.500e-02, 1.107e+05, 0.000e+00, 1.976e-05, 0.000e+00, 2.011e+00, 9.983e+02, 8.677e-09
2.035e+00, 5.000e-01, -6.500e-02, 1.106e+05, 0.000e+00, 8.956e-06, 0.000e+00, 2.009e+00, 9.983e+02, 3.934e-09
2.035e+00, 5.000e-01, -5.500e-02, 1.105e+05, 0.000e+00, 3.971e-06, 0.000e+00, 2.008e+00, 9.983e+02, 1.744e-09
2.035e+00, 5.000e-01, -4.500e-02, 1.104e+05, 0.000e+00, 1.723e-06, 0.000e+00, 2.006e+00, 9.983e+02, 7.566e-10
2.035e+00, 5.000e-01, -3.500e-02, 1.103e+05, 0.000e+00, 7.268e-07, 0.000e+00, 2.004e+00, 9.983e+02, 3.192e-10
2.035e+00, 5.000e-01, -2.500e-02, 1.102e+05, 0.000e+00, 2.968e-07, 0.000e+00, 2.002e+00, 9.983e+02, 1.304e-10
2.035e+00, 5.000e-01, -1.500e-02, 1.101e+05, 0.000e+00, 1.176e-07, 0.000e+00, 2.000e+00, 9.983e+02, 5.166e-11
2.035e+00, 5.000e-01, -5.000e-03, 1.100e+05, 0.000e+00, 4.631e-08, 0.000e+00, 1.999e+00, 9.983e+02, 2.034e-11
2.045e+00, 5.000e-01, -1.195e+00, 1.202e+05, 0.000e+00, 1.002e-13, 0.000e+00, 2.184e+00, 9.983e+02, 2.000e-17
2.045e+00, 5.000e-01, -1.185e+00, 1.201e+05, 0.000e+00, 1.002e-13, 0.000e+00, 2.182e+00, 9.983e+02, 2.000e-17
2.045e+00, 5.000e-01, -1.175e+00, 1.200e+05, 0.000e+00, 1.002e-13, 0.000e+00, 2.181e+00, 9.983e+02, 2.000e-17
2.045e+00, 5.000e-01, -1.165e+00, 1.199e+05, 0.000e+00, 1.002e-13, 0.000e+00, 2.179e+00, 9.983e+02, 2.000e-17
2.045e+00, 5.000e-01, -1.155e+00, 1.198e+05, 0.000e+00, 1.002e-13, 0.000e+00, 2.177e+00, 9.983e+02, 2.000e-17
2.045e+00, 5.000e-01, -1.145e+00, 1.197e+05, 0.000e+00, 1.002e-13, 0.000e+00, 2.175e+00, 9.983e+02, 2.000e-17
2.045e+00, 5.000e-01, -1.135e+00, 1.196e+05, 0.000e+00, 1.002e-13, 0.000e+00, 2.173e+00, 9.983e+02, 2.000e-17
2.045e+00, 5.000e-01, -1.125e+00, 1.195e+05, 0.000e+00, 1.002e-13, 0.000e+00, 2.172e+00, 9.983e+02, 2.000e-17
2.045e+00, 5.000e-01, -1.115e+00, 1.194e+05, 0.000e+00, 1.002e-13, 0.000e+00, 2.170e+00, 9.983e+02, 2.000e-17
2.045e+00, 5.000e-01, -1.105e+00, 1.193e+05, 0.000e+00, 1.002e-13, 0.000e+00, 2.168e+00, 9.983e+02, 2.000e-17
2.045e+00, 5.000e-01, -1.095e+00, 1.192e+05, 0.000e+00, 1.002e-13, 0.000e+00, 2.166e+00, 9.983e+02, 2.000e-17
2.045e+00, 5.000e-01, -1.085e+00, 1.191e+05, 0.000e+00, 1.002e-13, 0.000e+00, 2.165e+00, 9.983e+02, 2.000e-17
2.045e+00, 5.000e-01, -1.075e+00, 1.190e+05, 0.000e+00, 2.290e-09, 0.000e+00, 2.163e+00, 9.983e+02, 8.063e-13
2.045e+00, 5.000e-01, -1.065e+00, 1.189e+05, 0.000e+00, 4.803e-04, 0.000e+00, 2.161e+00, 9.984e+02, 1.691e-07
2.045e+00, 5.000e-01, -1.055e+00, 1.188e+05, 0.000e+00, 5.060e-04, 0.000e+00, 2.159e+00, 9.984e+02, 2.172e-07
2.045e+00, 5.000e-01, -1.045e+00, 1.187e+05, 0.000e+00, 5.183e-04, 0.000e+00, 2.158e+00, 9.984e+02, 2.225e-07
2.045e+00, 5.000e-01, -1.035e+00, 1.186e+05, 0.000e+00, 5.179e-04, 0.000e+00, 2.156e+00, 9.984e+02, 2.223e-07
2.045e+00, 5.000e-01, -1.025e+00, 1.185e+05, 0.000e+00, 5.129e-04, 0.000e+00, 2.154e+00, 9.984e+02, 2.202e-07
2.045e+00, 5.000e-01, -1.015e+00, 1.185e+05, 0.000e+00, 5.073e-04, 0.000e+00, 2.152e+00, 9.984e+02, 2.178e-07
2.045e+00, 5.000e-01, -1.005e+00, 1.184e+05, 0.000e+00, 5.006e-04, 0.000e+00, 2.150e+00, 9.984e+02, 2.149e-07
2.045e+00, 5.000e-01, -9.950e-01, 1.183e+05, 0.000e+00, 4.919e-04, 0.000e+00, 2.149e+00, 9.984e+02, 2.112e-07
2.045e+00, 5.000e-01, -9.850e-01, 1.182e+05, 0.000e+00, 4.814e-04, 0.000e+00, 2.147e+00, 9.984e+02, 2.067e-07
2.045e+00, 5.000e-01, -9.750e-01, 1.181e+05, 0.000e+00, 4.705e-04, 0.000e+00, 2.145e+00, 9.983e+02, 2.020e-07
2.045e+00, 5.000e-01, -9.650e-01, 1.180e+05, 0.000e+00, 4.620e-04, 0.000e+00, 2.143e+00, 9.983e+02, 1.983e-07
2.045e+00, 5.000e-01, -9.550e-01, 1.179e+05, 0.000e+00, 4.571e-04, 0.000e+00, 2.141e+00, 9.983e+02, 1.962e-07
2.045e+00, 5.000e-01, -9.450e-01, 1.178e+05, 0.000e+00, 4.562e-04, 0.000e+00, 2.140e+00, 9.983e+02, 1.959e-07
2.045e+00, 5.000e-01, -9.350e-01, 1.177e+05, 0.000e+00, 4.574e-04, 0.000e+00, 2.138e+00, 9.983e+02, 1.963e-07
2.045e+00, 5.000e-01, -9.250e-01, 1.176e+05, 0.000e+00, 4.599e-04, 0.000e+00, 2.136e+00, 9.983e+02, 1.974e-07
2.045e+00, 5.000e-01, -9.150e-01, 1.175e+05, 0.000e+00, 4.677e-04, 0.000e+00, 2.134e+00, 9.983e+02, 2.008e-07
2.045e+00, 5.000e-01, -9.050e-01, 1.174e+05, 0.000e+00, 4.822e-04, 0.000e+00, 2.132e+00, 9.984e+02, 2.070e-07
2.045e+00, 5.000e-01, -8.950e-01, 1.173e+05, 0.000e+00, 4.962e-04, 0.000e+00, 2.131e+00, 9.984e+02, 2.130e-07
2.045e+00, 5.000e-01, -8.850e-01, 1.172e+05, 0.000e+00, 5.040e-04, 0.000e+00, 2.129e+00, 9.984e+02, 2.164e-07
2.045e+00, 5.000e-01, -8.750e-01, 1.171e+05, 0.000e+00, 5.141e-04, 0.000e+00, 2.127e+00, 9.984e+02, 2.207e-07
2.045e+00, 5.000e-01, -8.650e-01, 1.170e+05, 0.000e+00, 5.299e-04, 0.000e+00, 2.125e+00, 9.984e+02, 2.275e-07
2.045e+00, 5.000e-01, -8.550e-01, 1.169e+05, 0.000e+00, 5.511e-04, 0.000e+00, 2.124e+00, 9.984e+02, 2.366e-07
2.045e+00, 5.000e-01, -8.450e-01, 1.168e+05, 0.000e+00, 5.739e-04, 0.000e+00, 2.122e+00, 9.984e+02, 2.464e-07
2.045e+00, 5.000e-01, -8.350e-01, 1.167e+05, 0.000e+00, 5.945e-04, 0.000e+00, 2.120e+00, 9.984e+02, 2.552e-07
2.045e+00, 5.000e-01, -8.250e-01, 1.166e+05, 0.000e+00, 6.099e-04, 0.000e+00, 2.118e+00, 9.984e+02, 2.618e-07
2.045e+00, 5.000e-01, -8.150e-01, 1.165e+05, 0.000e+00, 6.162e-04, 0.000e+00, 2.116e+00, 9.984e+02, 2.645e-07
2.045e+00, 5.000e-01, -8.050e-01, 1.164e+05, 0.000e+00, 6.135e-04, 0.000e+00, 2.115e+00, 9.984e+02, 2.634e-07
2.045e+00, 5.000e-01, -7.950e-01, 1.163e+05, 0.000e+00, 6.015e-04, 0.000e+00, 2.113e+00, 9.984e+02, 2.582e-07
2.045e+00, 5.000e-01, -7.850e-01, 1.162e+05, 0.000e+00, 5.742e-04, 0.000e+00, 2.111e+00, 9.984e+02, 2.465e-07
2.045e+00, 5.000e-01, -7.750e-01, 1.161e+05, 0.000e+00, 5.316e-04, 0.000e+00, 2.109e+00, 9.984e+02, 2.282e-07
2.045e+00, 5.000e-01, -7.650e-01, 1.160e+05, 0.000e+00, 5.020e-04, 0.000e+00, 2.107e+00, 9.984e+02, 2.155e-07
2.045e+00, 5.000e-01, -7.550e-01, 1.159e+05, 0.000e+00, 4.823e-04, 0.000e+00, 2.106e+00, 9.983e+02, 2.070e-07
2.045e+00, 5.000e-01, -7.450e-01, 1.158e+05, 0.000e+00, 4.729e-04, 0.000e+00, 2.104e+00, 9.983e+02, 2.030e-07
2.045e+00, 5.000e-01, -7.350e-01, 1.157e+05, 6.751e-07, 5.361e-04, 0.000e+00, 2.102e+00, 9.984e+02, 2.301e-07
2.045e+00, 5.000e-01, -7.250e-01, 1.156e+05, 4.719e-01, 1.895e-03, 0.000e+00, 2.100e+00, 9.986e+02, 8.558e-07
2.045e+00, 5.000e-01, -7.150e-01, 1.156e+05, 8.683e-01, 1.895e-03, 0.000e+00, 2.100e+00, 9.986e+02, 8.914e-07
2.045e+00, 5.000e-01, -7.050e-01, 1.156e+05, 8.724e-01, 1.895e-03, 0.000e+00, 2.100e+00, 9.986e+02, 8.917e-07
2.045e+00, 5.000e-01, -6.950e-01, 1.156e+05, 8.738e-01, 1.895e-03, 0.000e+00, 2.100e+00, 9.986e+02, 8.925e-07
2.045e+00, 5.000e-01, -6.850e-01, 1.167e+05, 0.000e+00, 4.137e-04, 0.000e+00, 2.120e+00, 9.983e+02, 1.817e-07
2.045e+00, 5.000e-01, -6.750e-01, 1.166e+05, 0.000e+00, 2.690e-04, 0.000e+00, 2.119e+00, 9.983e+02, 1.182e-07
2.045e+00, 5.000e-01, -6.650e-01, 1.165e+05, 0.000e+00, 1.636e-04, 0.000e+00, 2.117e+00, 9.983e+02, 7.188e-08
2.045e+00, 5.000e-01, -6.550e-01, 1.164e+05, 0.000e+00, 9.309e-05, 0.000e+00, 2.115e+00, 9.983e+02, 4.089e-08
2.045e+00, 5.000e-01, -6.450e-01, 1.163e+05, 0.000e+00, 5.044e-05, 0.000e+00, 2.113e+00, 9.983e+02, 2.215e-08
2.045e+00, 5.000e-01, -6.350e-01, 1.162e+05, 0.000e+00, 2.902e-05, 0.000e+00, 2.111e+00, 9.983e+02, 1.275e-08
2.045e+00, 5.000e-01, -6.250e-01, 1.161e+05, 0.000e+00, 2.522e-05, 0.000e+00, 2.110e+00, 9.983e+02, 1.108e-08
2.045e+00, 5.000e-01, -6.150e-01, 1.160e+05, 0.000e+00, 4.051e-05, 0.000e+00, 2.108e+00, 9.983e+02, 1.780e-08
2.045e+00, 5.000e-01, -6.050e-01, 1.159e+05, 0.000e+00, 8.193e-05, 0.000e+00, 2.106e+00, 9.983e+02, 3.599e-08
2.045e+00, 5.000e-01, -5.950e-01, 1.158e+05, 0.000e+00, 1.594e-04, 0.000e+00, 2.104e+00, 9.983e+02, 7.004e-08
2.045e+00, 5.000e-01, -5.850e-01, 1.157e+05, 0.000e+00, 2.805e-04, 0.000e+00, 2.102e+00, 9.983e+02, 1.232e-07
2.045e+00, 5.000e-01, -5.750e-01, 1.156e+05, 0.000e+00, 4.503e-04, 0.000e+00, 2.101e+00, 9.983e+02, 1.978e-07
2.045e+00, 5.000e-01, -5.650e-01, 1.141e+05, 0.000e+00, 6.896e-04, 0.000e+00, 2.072e+00, 9.984e+02, 3.086e-07
2.045e+00, 5.000e-01, -5.550e-01, 1.140e+05, 0.000e+00, 8.199e-04, 0.000e+00, 2.070e+00, 9.984e+02, 3.684e-07
2.045e+00, 5.000e-01, -5.450e-01, 1.139e+05, 0.000e+00, 8.691e-04, 0.000e+00, 2.068e+00, 9.984e+02, 3.905e-07
2.045e+00, 5.000e-01, -5.350e-01, 1.138e+05, 0.000e+00, 8.731e-04, 0.000e+00, 2.067e+00, 9.984e+02, 3.923e-07
2.045e+00, 5.000e-01, -5.250e-01, 1.137e+05, 0.000e+00, 8.586e-04, 0.000e+00, 2.065e+00, 9.984e+02, 3.857e-07
2.045e+00, 5.000e-01, -5.150e-01, 1.136e+05, 0.000e+00, 8.375e-04, 0.000e+00, 2.063e+00, 9.984e+02, 3.763e-07
2.045e+00, 5.000e-01, -5.050e-01, 1.135e+05, 0.000e+00, 8.139e-04, 0.000e+00, 2.061e+00, 9.984e+02, 3.657e-07
2.045e+00, 5.000e-01, -4.950e-01, 1.134e+05, 0.000e+00, 7.886e-04, 0.000e+00, 2.059e+00, 9.984e+02, 3.543e-07
2.045e+00, 5.000e-01, -4.850e-01, 1.133e+05, 0.000e+00, 7.610e-04, 0.000e+00, 2.058e+00, 9.984e+02, 3.380e-07
2.045e+00, 5.000e-01, -4.750e-01, 1.132e+05, 0.000e+00, 7.304e-04, 0.000e+00, 2.056e+00, 9.984e+02, 3.136e-07
2.045e+00, 5.000e-01, -4.650e-01, 1.131e+05, 0.000e+00, 6.926e-04, 0.000e+00, 2.054e+00, 9.984e+02, 2.973e-07
2.045e+00, 5.000e-01, -4.550e-01, 1.130e+05, 0.000e+00, 6.499e-04, 0.000e+00, 2.052e+00, 9.984e+02, 2.790e-07
2.045e+00, 5.000e-01, -4.450e-01, 1.129e+05, 0.000e+00, 5.978e-04, 0.000e+00, 2.050e+00, 9.984e+02, 2.566e-07
2.045e+00, 5.000e-01, -4.350e-01, 1.128e+05, 0.000e+00, 5.473e-04, 0.000e+00, 2.048e+00, 9.984e+02, 2.350e-07
2.045e+00, 5.000e-01, -4.250e-01, 1.127e+05, 0.000e+00, 5.147e-04, 0.000e+00, 2.047e+00, 9.984e+02, 2.210e-07
2.045e+00, 5.000e-01, -4.150e-01, 1.126e+05, 0.000e+00, 5.029e-04, 0.000e+00, 2.045e+00, 9.984e+02, 2.159e-07
2.045e+00, 5.000e-01, -4.050e-01, 1.125e+05, 0.000e+00, 5.047e-04, 0.000e+00, 2.043e+00, 9.984e+02, 2.167e-07
2.045e+00, 5.000e-01, -3.950e-01, 1.124e+05, 0.000e+00, 5.148e-04, 0.000e+00, 2.041e+00, 9.984e+02, 2.210e-07
2.045e+00, 5.000e-01, -3.850e-01, 1.123e+05, 0.000e+00, 5.267e-04, 0.000e+00, 2.039e+00, 9.984e+02, 2.261e-07
2.045e+00, 5.000e-01, -3.750e-01, 1.122e+05, 0.000e+00, 5.356e-04, 0.000e+00, 2.038e+00, 9.984e+02, 2.299e-07
2.045e+00, 5.000e-01, -3.650e-01, 1.121e+05, 0.000e+00, 5.388e-04, 0.000e+00, 2.036e+00, 9.984e+02, 2.313e-07
2.045e+00, 5.000e-01, -3.550e-01, 1.120e+05, 0.000e+00, 5.322e-04, 0.000e+00, 2.034e+00, 9.984e+02, 2.303e-07
2.045e+00, 5.000e-01, -3.450e-01, 1.119e+05, 0.000e+00, 5.142e-04, 0.000e+00, 2.033e+00, 9.984e+02, 2.310e-07
2.045e+00, 5.000e-01, -3.350e-01, 1.118e+05, 0.000e+00, 5.080e-04, 0.000e+00, 2.031e+00, 9.984e+02, 2.282e-07
2.045e+00, 5.000e-01, -3.250e-01, 1.117e+05, 0.000e+00, 5.041e-04, 0.000e+00, 2.029e+00, 9.984e+02, 2.265e-07
2.045e+00, 5.000e-01, -3.150e-01, 1.116e+05, 0.000e+00, 4.967e-04, 0.000e+00, 2.027e+00, 9.984e+02, 2.231e-07
2.045e+00, 5.000e-01, -3.050e-01, 1.115e+05, 0.000e+00, 4.825e-04, 0.000e+00, 2.025e+00, 9.983e+02, 2.168e-07
2.045e+00, 5.000e-01, -2.950e-01, 1.114e+05, 0.000e+00, 4.613e-04, 0.000e+00, 2.024e+00, 9.983e+02, 2.073e-07
2.045e+00, 5.000e-01, -2.850e-01, 1.113e+05, 0.000e+00, 4.365e-04, 0.000e+00, 2.022e+00, 9.983e+02, 1.961e-07
2.045e+00, 5.000e-01, -2.750e-01, 1.112e+05, 0.000e+00, 4.116e-04, 0.000e+00, 2.020e+00, 9.983e+02, 1.849e-07
2.045e+00, 5.000e-01, -2.650e-01, 1.112e+05, 0.000e+00, 3.869e-04, 0.000e+00, 2.020e+00, 9.983e+02, 1.706e-07
2.045e+00, 5.000e-01, -2.550e-01, 1.111e+05, 0.000e+00, 3.628e-04, 0.000e+00, 2.018e+00, 9.983e+02, 1.593e-07
2.045e+00, 5.000e-01, -2.450e-01, 1.110e+05, 0.000e+00, 3.397e-04, 0.000e+00, 2.016e+00, 9.983e+02, 1.492e-07
2.045e+00, 5.000e-01, -2.350e-01, 1.109e+05, 0.000e+00, 3.181e-04, 0.000e+00, 2.014e+00, 9.983e+02, 1.397e-07
2.045e+00, 5.000e-01, -2.250e-01, 1.108e+05, 0.000e+00, 2.983e-04, 0.000e+00, 2.012e+00, 9.983e+02, 1.310e-07
2.045e+00, 5.000e-01, -2.150e-01, 1.107e+05, 0.000e+00, 2.803e-04, 0.000e+00, 2.011e+00, 9.983e+02, 1.231e-07
2.045e+00, 5.000e-01, -2.050e-01, 1.106e+05, 0.000e+00, 2.644e-04, 0.000e+00, 2.009e+00, 9.983e+02, 1.161e-07
2.045e+00, 5.000e-01, -1.950e-01, 1.105e+05, 0.000e+00, 2.521e-04, 0.000e+00, 2.007e+00, 9.983e+02, 1.107e-07
2.045e+00, 5.000e-01, -1.850e-01, 1.104e+05, 0.000e+00, 2.477e-04, 0.000e+00, 2.005e+00, 9.983e+02, 1.080e-07
2.045e+00, 5.000e-01, -1.750e-01, 1.105e+05, 0.000e+00, 2.602e-04, 0.000e+00, 2.007e+00, 9.983e+02, 1.117e-07
2.045e+00, 5.000e-01, -1.650e-01, 1.104e+05, 0.000e+00, 2.966e-04, 0.000e+00, 2.005e+00, 9.983e+02, 1.273e-07
2.045e+00, 5.000e-01, -1.550e-01, 1.103e+05, 0.000e+00, 3.568e-04, 0.000e+00, 2.004e+00, 9.983e+02, 1.532e-07
2.045e+00, 5.000e-01, -1.450e-01, 1.102e+05, 0.000e+00, 4.172e-04, 0.000e+00, 2.002e+00, 9.983e+02, 1.791e-07
2.045e+00, 5.000e-01, -1.350e-01, 1.101e+05, 0.000e+00, 4.264e-04, 0.000e+00, 2.000e+00, 9.983e+02, 1.831e-07
2.045e+00, 5.000e-01, -1.250e-01, 1.100e+05, 0.000e+00, 3.667e-04, 0.000e+00, 1.998e+00, 9.983e+02, 1.574e-07
2.045e+00, 5.000e-01, -1.150e-01, 1.099e+05, 0.000e+00, 2.657e-04, 0.000e+00, 1.996e+00, 9.983e+02, 1.150e-07
2.045e+00, 5.000e-01, -1.050e-01, 1.110e+05, 0.000e+00, 1.639e-04, 0.000e+00, 2.017e+00, 9.983e+02, 7.198e-08
2.045e+00, 5.000e-01, -9.500e-02, 1.109e+05, 0.000e+00, 8.927e-05, 0.000e+00, 2.015e+00, 9.983e+02, 3.921e-08
2.045e+00, 5.000e-01, -8.500e-02, 1.108e+05, 0.000e+00, 4.426e-05, 0.000e+00, 2.013e+00, 9.983e+02, 1.944e-08
2.045e+00, 5.000e-01, -7.500e-02, 1.107e+05, 0.000e+00, 2.065e-05, 0.000e+00, 2.011e+00, 9.983e+02, 9.069e-09
2.045e+00, 5.000e-01, -6.500e-02, 1.106e+05, 0.000e+00, 9.298e-06, 0.000e+00, 2.009e+00, 9.983e+02, 4.084e-09
2.045e+00, 5.000e-01, -5.500e-02, 1.105e+05, 0.000e+00, 4.095e-06, 0.000e+00, 2.008e+00, 9.983e+02, 1.798e-09
2.045e+00, 5.000e-01, -4.500e-02, 1.104e+05, 0.000e+00, 1.765e-06, 0.000e+00, 2.006e+00, 9.983e+02, 7.753e-10
2.045e+00, 5.000e-01, -3.500e-02, 1.103e+05, 0.000e+00, 7.411e-07, 0.000e+00, 2.004e+00, 9.983e+02, 3.255e-10
2.045e+00, 5.000e-01, -2.500e-02, 1.102e+05, 0.000e+00, 3.016e-07, 0.000e+00, 2.002e+00, 9.983e+02, 1.325e-10
2.045e+00, 5.000e-01, -1.500e-02, 1.101e+05, 0.000e+00, 1.193e-07, 0.000e+00, 2.000e+00, 9.983e+02, 5.238e-11
2.045e+00, 5.000e-01, -5.000e-03, 1.100e+05, 0.000e+00, 4.695e-08, 0.000e+00, 1.999e+00, 9.983e+02, 2.062e-11
2.055e+00, 5.000e-01, -1.195e+00, 1.202e+05, 0.000e+00, 1.002e-13, 0.000e+00, 2.184e+00, 9.983e+02, 2.000e-17
2.055e+00, 5.000e-01, -1.185e+00, 1.201e+05, 0.000e+00, 1.002e-13, 0.000e+00, 2.182e+00, 9.983e+02, 2.000e-17
2.055e+00, 5.000e-01, -1.175e+00, 1.200e+05, 0.000e+00, 1.002e-13, 0.000e+00, 2.181e+00, 9.983e+02, 2.000e-17
2.055e+00, 5.000e-01, -1.165e+00, 1.199e+05, 0.000e+00, 1.002e-13, 0.000e+00, 2.179e+00, 9.983e+02, 2.000e-17
2.055e+00, 5.000e-01, -1.155e+00, 1.198e+05, 0.000e+00, 1.002e-13, 0.000e+00, 2.177e+00, 9.983e+02, 2.000e-17
2.055e+00, 5.000e-01, -1.145e+00, 1.197e+05, 0.000e+00, 1.002e-13, 0.000e+00, 2.175e+00, 9.983e+02, 2.000e-17
2.055e+00, 5.000e-01, -1.135e+00, 1.196e+05, 0.000e+00, 1.002e-13, 0.000e+00, 2.173e+00, 9.983e+02, 2.000e-17
2.055e+00, 5.000e-01, -1.125e+00, 1.195e+05, 0.000e+00, 1.002e-13, 0.000e+00, 2.172e+00, 9.983e+02, 2.000e-17
2.055e+00, 5.000e-01, -1.115e+00, 1.194e+05, 0.000e+00, 1.002e-13, 0.000e+00, 2.170e+00, 9.983e+02, 2.000e-17
2.055e+00, 5.000e-01, -1.105e+00, 1.193e+05, 0.000e+00, 1.002e-13, 0.000e+00, 2.168e+00, 9.983e+02, 2.000e-17
2.055e+00, 5.000e-01, -1.095e+00, 1.192e+05, 0.000e+00, 1.002e-13, 0.000e+00, 2.166e+00, 9.983e+02, 2.000e-17
2.055e+00, 5.000e-01, -1.085e+00, 1.191e+05, 0.000e+00, 1.002e-13, 0.000e+00, 2.165e+00, 9.983e+02, 2.000e-17
2.055e+00, 5.000e-01, -1.075e+00, 1.190e+05, 0.000e+00, 2.434e-09, 0.000e+00, 2.163e+00, 9.983e+02, 9.746e-13
2.055e+00, 5.000e-01, -1.065e+00, 1.189e+05, 0.000e+00, 4.932e-04, 0.000e+00, 2.161e+00, 9.984e+02, 1.856e-07
2.055e+00, 5.000e-01, -1.055e+00, 1.188e+05, 0.000e+00, 5.168e-04, 0.000e+00, 2.159e+00, 9.984e+02, 2.219e-07
2.055e+00, 5.000e-01, -1.045e+00, 1.187e+05, 0.000e+00, 5.272e-04, 0.000e+00, 2.158e+00, 9.984e+02, 2.263e-07
2.055e+00, 5.000e-01, -1.035e+00, 1.186e+05, 0.000e+00, 5.295e-04, 0.000e+00, 2.156e+00, 9.984e+02, 2.273e-07
2.055e+00, 5.000e-01, -1.025e+00, 1.185e+05, 0.000e+00, 5.311e-04, 0.000e+00, 2.154e+00, 9.984e+02, 2.280e-07
2.055e+00, 5.000e-01, -1.015e+00, 1.185e+05, 0.000e+00, 5.327e-04, 0.000e+00, 2.152e+00, 9.984e+02, 2.287e-07
2.055e+00, 5.000e-01, -1.005e+00, 1.184e+05, 0.000e+00, 5.305e-04, 0.000e+00, 2.150e+00, 9.984e+02, 2.277e-07
2.055e+00, 5.000e-01, -9.950e-01, 1.183e+05, 0.000e+00, 5.232e-04, 0.000e+00, 2.149e+00, 9.984e+02, 2.246e-07
2.055e+00, 5.000e-01, -9.850e-01, 1.182e+05, 0.000e+00, 5.125e-04, 0.000e+00, 2.147e+00, 9.984e+02, 2.200e-07
2.055e+00, 5.000e-01, -9.750e-01, 1.181e+05, 0.000e+00, 5.022e-04, 0.000e+00, 2.145e+00, 9.984e+02, 2.156e-07
2.055e+00, 5.000e-01, -9.650e-01, 1.180e+05, 0.000e+00, 4.986e-04, 0.000e+00, 2.143e+00, 9.984e+02, 2.141e-07
2.055e+00, 5.000e-01, -9.550e-01, 1.179e+05, 0.000e+00, 5.069e-04, 0.000e+00, 2.141e+00, 9.984e+02, 2.176e-07
2.055e+00, 5.000e-01, -9.450e-01, 1.178e+05, 0.000e+00, 5.227e-04, 0.000e+00, 2.140e+00, 9.984e+02, 2.244e-07
2.055e+00, 5.000e-01, -9.350e-01, 1.177e+05, 0.000e+00, 5.351e-04, 0.000e+00, 2.138e+00, 9.984e+02, 2.297e-07
2.055e+00, 5.000e-01, -9.250e-01, 1.176e+05, 0.000e+00, 5.452e-04, 0.000e+00, 2.136e+00, 9.984e+02, 2.340e-07
2.055e+00, 5.000e-01, -9.150e-01, 1.175e+05, 0.000e+00, 5.808e-04, 0.000e+00, 2.134e+00, 9.984e+02, 2.493e-07
2.055e+00, 5.000e-01, -9.050e-01, 1.174e+05, 0.000e+00, 6.371e-04, 0.000e+00, 2.132e+00, 9.984e+02, 2.735e-07
2.055e+00, 5.000e-01, -8.950e-01, 1.173e+05, 0.000e+00, 6.797e-04, 0.000e+00, 2.131e+00, 9.984e+02, 2.918e-07
2.055e+00, 5.000e-01, -8.850e-01, 1.172e+05, 0.000e+00, 6.938e-04, 0.000e+00, 2.129e+00, 9.984e+02, 2.978e-07
2.055e+00, 5.000e-01, -8.750e-01, 1.171e+05, 0.000e+00, 6.898e-04, 0.000e+00, 2.127e+00, 9.984e+02, 2.961e-07
2.055e+00, 5.000e-01, -8.650e-01, 1.170e+05, 0.000e+00, 6.845e-04, 0.000e+00, 2.125e+00, 9.984e+02, 2.938e-07
2.055e+00, 5.000e-01, -8.550e-01, 1.169e+05, 0.000e+00, 6.791e-04, 0.000e+00, 2.124e+00, 9.984e+02, 2.915e-07
2.055e+00, 5.000e-01, -8.450e-01, 1.168e+05, 0.000e+00, 6.696e-04, 0.000e+00, 2.122e+00, 9.984e+02, 2.875e-07
2.055e+00, 5.000e-01, -8.350e-01, 1.167e+05, 0.000e+00, 6.577e-04, 0.000e+00, 2.120e+00, 9.984e+02, 2.824e-07
2.055e+00, 5.000e-01, -8.250e-01, 1.166e+05, 0.000e+00, 6.479e-04, 0.000e+00, 2.118e+00, 9.984e+02, 2.782e-07
2.055e+00, 5.000e-01, -8.150e-01, 1.165e+05, 0.000e+00, 6.426e-04, 0.000e+00, 2.116e+00, 9.984e+02, 2.759e-07
2.055e+00, 5.000e-01, -8.050e-01, 1.164e+05, 0.000e+00, 6.403e-04, 0.000e+00, 2.115e+00, 9.984e+02, 2.749e-07
2.055e+00, 5.000e-01, -7.950e-01, 1.163e+05, 0.000e+00, 6.379e-04, 0.000e+00, 2.113e+00, 9.984e+02, 2.739e-07
2.055e+00, 5.000e-01, -7.850e-01, 1.162e+05, 0.000e+00, 6.305e-04, 0.000e+00, 2.111e+00, 9.984e+02, 2.707e-07
2.055e+00, 5.000e-01, -7.750e-01, 1.161e+05, 0.000e+00, 6.129e-04, 0.000e+00, 2.109e+00, 9.984e+02, 2.631e-07
2.055e+00, 5.000e-01, -7.650e-01, 1.160e+05, 0.000e+00, 5.789e-04, 0.000e+00, 2.107e+00, 9.984e+02, 2.485e-07
2.055e+00, 5.000e-01, -7.550e-01, 1.159e+05, 0.000e+00, 5.411e-04, 0.000e+00, 2.106e+00, 9.984e+02, 2.323e-07
2.055e+00, 5.000e-01, -7.450e-01, 1.158e+05, 0.000e+00, 5.233e-04, 0.000e+00, 2.104e+00, 9.984e+02, 2.247e-07
2.055e+00, 5.000e-01, -7.350e-01, 1.157e+05, 6.754e-07, 5.865e-04, 0.000e+00, 2.102e+00, 9.984e+02, 2.518e-07
2.055e+00, 5.000e-01, -7.250e-01, 1.156e+05, 4.720e-01, 1.895e-03, 0.000e+00, 2.100e+00, 9.986e+02, 8.559e-07
2.055e+00, 5.000e-01, -7.150e-01, 1.156e+05, 8.683e-01, 1.895e-03, 0.000e+00, 2.100e+00, 9.986e+02, 8.914e-07
2.055e+00, 5.000e-01, -7.050e-01, 1.156e+05, 8.724e-01, 1.895e-03, 0.000e+00, 2.100e+00, 9.986e+02, 8.917e-07
2.055e+00, 5.000e-01, -6.950e-01, 1.156e+05, 8.738e-01, 1.895e-03, 0.000e+00, 2.100e+00, 9.986e+02, 8.943e-07
2.055e+00, 5.000e-01, -6.850e-01, 1.167e+05, 0.000e+00, 4.032e-04, 0.000e+00, 2.120e+00, 9.983e+02, 1.771e-07
2.055e+00, 5.000e-01, -6.750e-01, 1.166e+05, 0.000e+00, 2.600e-04, 0.000e+00, 2.119e+00, 9.983e+02, 1.142e-07
2.055e+00, 5.000e-01, -6.650e-01, 1.165e+05, 0.000e+00, 1.569e-04, 0.000e+00, 2.117e+00, 9.983e+02, 6.891e-08
2.055e+00, 5.000e-01, -6.550e-01, 1.164e+05, 0.000e+00, 8.856e-05, 0.000e+00, 2.115e+00, 9.983e+02, 3.890e-08
2.055e+00, 5.000e-01, -6.450e-01, 1.163e+05, 0.000e+00, 4.765e-05, 0.000e+00, 2.113e+00, 9.983e+02, 2.093e-08
2.055e+00, 5.000e-01, -6.350e-01, 1.162e+05, 0.000e+00, 2.734e-05, 0.000e+00, 2.111e+00, 9.983e+02, 1.201e-08
2.055e+00, 5.000e-01, -6.250e-01, 1.161e+05, 0.000e+00, 2.404e-05, 0.000e+00, 2.110e+00, 9.983e+02, 1.056e-08
2.055e+00, 5.000e-01, -6.150e-01, 1.160e+05, 0.000e+00, 3.933e-05, 0.000e+00, 2.108e+00, 9.983e+02, 1.727e-08
2.055e+00, 5.000e-01, -6.050e-01, 1.159e+05, 0.000e+00, 8.041e-05, 0.000e+00, 2.106e+00, 9.983e+02, 3.532e-08
2.055e+00, 5.000e-01, -5.950e-01, 1.158e+05, 0.000e+00, 1.575e-04, 0.000e+00, 2.104e+00, 9.983e+02, 6.918e-08
2.055e+00, 5.000e-01, -5.850e-01, 1.157e+05, 0.000e+00, 2.782e-04, 0.000e+00, 2.102e+00, 9.983e+02, 1.222e-07
2.055e+00, 5.000e-01, -5.750e-01, 1.156e+05, 0.000e+00, 4.480e-04, 0.000e+00, 2.101e+00, 9.983e+02, 1.968e-07
2.055e+00, 5.000e-01, -5.650e-01, 1.141e+05, 0.000e+00, 6.893e-04, 0.000e+00, 2.072e+00, 9.984e+02, 3.091e-07
2.055e+00, 5.000e-01, -5.550e-01, 1.140e+05, 0.000e+00, 8.057e-04, 0.000e+00, 2.070e+00, 9.984e+02, 3.620e-07
2.055e+00, 5.000e-01, -5.450e-01, 1.139e+05, 0.000e+00, 8.484e-04, 0.000e+00, 2.068e+00, 9.984e+02, 3.812e-07
2.055e+00, 5.000e-01, -5.350e-01, 1.138e+05, 0.000e+00, 8.510e-04, 0.000e+00, 2.067e+00, 9.984e+02, 3.823e-07
2.055e+00, 5.000e-01, -5.250e-01, 1.137e+05, 0.000e+00, 8.370e-04, 0.000e+00, 2.065e+00, 9.984e+02, 3.761e-07
2.055e+00, 5.000e-01, -5.150e-01, 1.136e+05, 0.000e+00, 8.172e-04, 0.000e+00, 2.063e+00, 9.984e+02, 3.672e-07
2.055e+00, 5.000e-01, -5.050e-01, 1.135e+05, 0.000e+00, 7.958e-04, 0.000e+00, 2.061e+00, 9.984e+02, 3.575e-07
2.055e+00, 5.000e-01, -4.950e-01, 1.134e+05, 0.000e+00, 7.732e-04, 0.000e+00, 2.059e+00, 9.984e+02, 3.474e-07
2.055e+00, 5.000e-01, -4.850e-01, 1.133e+05, 0.000e+00, 7.480e-04, 0.000e+00, 2.058e+00, 9.984e+02, 3.317e-07
2.055e+00, 5.000e-01, -4.750e-01, 1.132e+05, 0.000e+00, 7.174e-04, 0.000e+00, 2.056e+00, 9.984e+02, 3.080e-07
2.055e+00, 5.000e-01, -4.650e-01, 1.131e+05, 0.000e+00, 6.766e-04, 0.000e+00, 2.054e+00, 9.984e+02, 2.905e-07
2.055e+00, 5.000e-01, -4.550e-01, 1.130e+05, 0.000e+00, 6.288e-04, 0.000e+00, 2.052e+00, 9.984e+02, 2.699e-07
2.055e+00, 5.000e-01, -4.450e-01, 1.129e+05, 0.000e+00, 5.714e-04, 0.000e+00, 2.050e+00, 9.984e+02, 2.453e-07
2.055e+00, 5.000e-01, -4.350e-01, 1.128e+05, 0.000e+00, 5.275e-04, 0.000e+00, 2.048e+00, 9.984e+02, 2.265e-07
2.055e+00, 5.000e-01, -4.250e-01, 1.127e+05, 0.000e+00, 5.056e-04, 0.000e+00, 2.047e+00, 9.984e+02, 2.170e-07
2.055e+00, 5.000e-01, -4.150e-01, 1.126e+05, 0.000e+00, 5.019e-04, 0.000e+00, 2.045e+00, 9.984e+02, 2.155e-07
2.055e+00, 5.000e-01, -4.050e-01, 1.125e+05, 0.000e+00, 5.132e-04, 0.000e+00, 2.043e+00, 9.984e+02, 2.203e-07
2.055e+00, 5.000e-01, -3.950e-01, 1.124e+05, 0.000e+00, 5.307e-04, 0.000e+00, 2.041e+00, 9.984e+02, 2.278e-07
2.055e+00, 5.000e-01, -3.850e-01, 1.123e+05, 0.000e+00, 5.455e-04, 0.000e+00, 2.039e+00, 9.984e+02, 2.342e-07
2.055e+00, 5.000e-01, -3.750e-01, 1.122e+05, 0.000e+00, 5.542e-04, 0.000e+00, 2.038e+00, 9.984e+02, 2.379e-07
2.055e+00, 5.000e-01, -3.650e-01, 1.121e+05, 0.000e+00, 5.571e-04, 0.000e+00, 2.036e+00, 9.984e+02, 2.392e-07
2.055e+00, 5.000e-01, -3.550e-01, 1.120e+05, 0.000e+00, 5.527e-04, 0.000e+00, 2.034e+00, 9.984e+02, 2.391e-07
2.055e+00, 5.000e-01, -3.450e-01, 1.119e+05, 0.000e+00, 5.383e-04, 0.000e+00, 2.033e+00, 9.984e+02, 2.418e-07
2.055e+00, 5.000e-01, -3.350e-01, 1.118e+05, 0.000e+00, 5.403e-04, 0.000e+00, 2.031e+00, 9.984e+02, 2.427e-07
2.055e+00, 5.000e-01, -3.250e-01, 1.117e+05, 0.000e+00, 5.431e-04, 0.000e+00, 2.029e+00, 9.984e+02, 2.440e-07
2.055e+00, 5.000e-01, -3.150e-01, 1.116e+05, 0.000e+00, 5.398e-04, 0.000e+00, 2.027e+00, 9.984e+02, 2.425e-07
2.055e+00, 5.000e-01, -3.050e-01, 1.115e+05, 0.000e+00, 5.256e-04, 0.000e+00, 2.025e+00, 9.984e+02, 2.361e-07
2.055e+00, 5.000e-01, -2.950e-01, 1.114e+05, 0.000e+00, 4.983e-04, 0.000e+00, 2.024e+00, 9.984e+02, 2.238e-07
2.055e+00, 5.000e-01, -2.850e-01, 1.113e+05, 0.000e+00, 4.628e-04, 0.000e+00, 2.022e+00, 9.983e+02, 2.079e-07
2.055e+00, 5.000e-01, -2.750e-01, 1.112e+05, 0.000e+00, 4.291e-04, 0.000e+00, 2.020e+00, 9.983e+02, 1.928e-07
2.055e+00, 5.000e-01, -2.650e-01, 1.112e+05, 0.000e+00, 3.987e-04, 0.000e+00, 2.020e+00, 9.983e+02, 1.758e-07
2.055e+00, 5.000e-01, -2.550e-01, 1.111e+05, 0.000e+00, 3.706e-04, 0.000e+00, 2.018e+00, 9.983e+02, 1.628e-07
2.055e+00, 5.000e-01, -2.450e-01, 1.110e+05, 0.000e+00, 3.448e-04, 0.000e+00, 2.016e+00, 9.983e+02, 1.514e-07
2.055e+00, 5.000e-01, -2.350e-01, 1.109e+05, 0.000e+00, 3.214e-04, 0.000e+00, 2.014e+00, 9.983e+02, 1.412e-07
2.055e+00, 5.000e-01, -2.250e-01, 1.108e+05, 0.000e+00, 3.006e-04, 0.000e+00, 2.012e+00, 9.983e+02, 1.320e-07
2.055e+00, 5.000e-01, -2.150e-01, 1.107e+05, 0.000e+00, 2.824e-04, 0.000e+00, 2.011e+00, 9.983e+02, 1.240e-07
2.055e+00, 5.000e-01, -2.050e-01, 1.106e+05, 0.000e+00, 2.667e-04, 0.000e+00, 2.009e+00, 9.983e+02, 1.172e-07
2.055e+00, 5.000e-01, -1.950e-01, 1.105e+05, 0.000e+00, 2.545e-04, 0.000e+00, 2.007e+00, 9.983e+02, 1.118e-07
2.055e+00, 5.000e-01, -1.850e-01, 1.104e+05, 0.000e+00, 2.486e-04, 0.000e+00, 2.005e+00, 9.983e+02, 1.085e-07
2.055e+00, 5.000e-01, -1.750e-01, 1.105e+05, 0.000e+00, 2.557e-04, 0.000e+00, 2.007e+00, 9.983e+02, 1.097e-07
2.055e+00, 5.000e-01, -1.650e-01, 1.104e+05, 0.000e+00, 2.833e-04, 0.000e+00, 2.005e+00, 9.983e+02, 1.216e-07
2.055e+00, 5.000e-01, -1.550e-01, 1.103e+05, 0.000e+00, 3.339e-04, 0.000e+00, 2.004e+00, 9.983e+02, 1.433e-07
2.055e+00, 5.000e-01, -1.450e-01, 1.102e+05, 0.000e+00, 3.927e-04, 0.000e+00, 2.002e+00, 9.983e+02, 1.686e-07
2.055e+00, 5.000e-01, -1.350e-01, 1.101e+05, 0.000e+00, 4.125e-04, 0.000e+00, 2.000e+00, 9.983e+02, 1.771e-07
2.055e+00, 5.000e-01, -1.250e-01, 1.100e+05, 0.000e+00, 3.641e-04, 0.000e+00, 1.998e+00, 9.983e+02, 1.563e-07
2.055e+00, 5.000e-01, -1.150e-01, 1.099e+05, 0.000e+00, 2.700e-04, 0.000e+00, 1.996e+00, 9.983e+02, 1.169e-07
2.055e+00, 5.000e-01, -1.050e-01, 1.110e+05, 0.000e+00, 1.698e-04, 0.000e+00, 2.017e+00, 9.983e+02, 7.457e-08
2.055e+00, 5.000e-01, -9.500e-02, 1.109e+05, 0.000e+00, 9.347e-05, 0.000e+00, 2.015e+00, 9.983e+02, 4.105e-08
2.055e+00, 5.000e-01, -8.500e-02, 1.108e+05, 0.000e+00, 4.649e-05, 0.000e+00, 2.013e+00, 9.983e+02, 2.042e-08
2.055e+00, 5.000e-01, -7.500e-02, 1.107e+05, 0.000e+00, 2.164e-05, 0.000e+00, 2.011e+00, 9.983e+02, 9.506e-09
2.055e+00, 5.000e-01, -6.500e-02, 1.106e+05, 0.000e+00, 9.693e-06, 0.000e+00, 2.009e+00, 9.983e+02, 4.258e-09
2.055e+00, 5.000e-01, -5.500e-02, 1.105e+05, 0.000e+00, 4.241e-06, 0.000e+00, 2.008e+00, 9.983e+02, 1.863e-09
2.055e+00, 5.000e-01, -4.500e-02, 1.104e+05, 0.000e+00, 1.817e-06, 0.000e+00, 2.006e+00, 9.983e+02, 7.981e-10
2.055e+00, 5.000e-01, -3.500e-02, 1.103e+05, 0.000e+00, 7.592e-07, 0.000e+00, 2.004e+00, 9.983e+02, 3.335e-10
2.055e+00, 5.000e-01, -2.500e-02, 1.102e+05, 0.000e+00, 3.078e-07, 0.000e+00, 2.002e+00, 9.983e+02, 1.352e-10
2.055e+00, 5.000e-01, -1.500e-02, 1.101e+05, 0.000e+00, 1.215e-07, 0.000e+00, 2.000e+00, 9.983e+02, 5.335e-11
2.055e+00, 5.000e-01, -5.000e-03, 1.100e+05, 0.000e+00, 4.781e-08, 0.000e+00, 1.999e+00, 9.983e+02, 2.100e-11
2.065e+00, 5.000e-01, -1.195e+00, 1.202e+05, 0.000e+00, 1.002e-13, 0.000e+00, 2.184e+00, 9.983e+02, 2.000e-17
2.065e+00, 5.000e-01, -1.185e+00, 1.201e+05, 0.000e+00, 1.002e-13, 0.000e+00, 2.182e+00, 9.983e+02, 2.000e-17
2.065e+00, 5.000e-01, -1.175e+00, 1.200e+05, 0.000e+00, 1.002e-13, 0.000e+00, 2.181e+00, 9.983e+02, 2.000e-17
2.065e+00, 5.000e-01, -1.165e+00, 1.199e+05, 0.000e+00, 1.002e-13, 0.000e+00, 2.179e+00, 9.983e+02, 2.000e-17
2.065e+00, 5.000e-01, -1.155e+00, 1.198e+05, 0.000e+00, 1.002e-13, 0.000e+00, 2.177e+00, 9.983e+02, 2.000e-17
2.065e+00, 5.000e-01, -1.145e+00, 1.197e+05, 0.000e+00, 1.002e-13, 0.000e+00, 2.175e+00, 9.983e+02, 2.000e-17
2.065e+00, 5.000e-01, -1.135e+00, 1.196e+05, 0.000e+00, 1.002e-13, 0.000e+00, 2.173e+00, 9.983e+02, 2.000e-17
2.065e+00, 5.000e-01, -1.125e+00, 1.195e+05, 0.000e+00, 1.002e-13, 0.000e+00, 2.172e+00, 9.983e+02, 2.000e-17
2.065e+00, 5.000e-01, -1.115e+00, 1.194e+05, 0.000e+00, 1.002e-13, 0.000e+00, 2.170e+00, 9.983e+02, 2.000e-17
2.065e+00, 5.000e-01, -1.105e+00, 1.193e+05, 0.000e+00, 1.002e-13, 0.000e+00, 2.168e+00, 9.983e+02, 2.000e-17
2.065e+00, 5.000e-01, -1.095e+00, 1.192e+05, 0.000e+00, 1.002e-13, 0.000e+00, 2.166e+00, 9.983e+02, 2.000e-17
2.065e+00, 5.000e-01, -1.085e+00, 1.191e+05, 0.000e+00, 1.002e-13, 0.000e+00, 2.165e+00, 9.983e+02, 2.000e-17
2.065e+00, 5.000e-01, -1.075e+00, 1.190e+05, 0.000e+00, 2.518e-09, 0.000e+00, 2.163e+00, 9.983e+02, 1.066e-12
2.065e+00, 5.000e-01, -1.065e+00, 1.189e+05, 0.000e+00, 5.103e-04, 0.000e+00, 2.161e+00, 9.984e+02, 2.044e-07
2.065e+00, 5.000e-01, -1.055e+00, 1.188e+05, 0.000e+00, 5.305e-04, 0.000e+00, 2.159e+00, 9.984e+02, 2.277e-07
2.065e+00, 5.000e-01, -1.045e+00, 1.187e+05, 0.000e+00, 5.466e-04, 0.000e+00, 2.158e+00, 9.984e+02, 2.347e-07
2.065e+00, 5.000e-01, -1.035e+00, 1.186e+05, 0.000e+00, 5.602e-04, 0.000e+00, 2.156e+00, 9.984e+02, 2.405e-07
2.065e+00, 5.000e-01, -1.025e+00, 1.185e+05, 0.000e+00, 5.682e-04, 0.000e+00, 2.154e+00, 9.984e+02, 2.439e-07
2.065e+00, 5.000e-01, -1.015e+00, 1.185e+05, 0.000e+00, 5.693e-04, 0.000e+00, 2.152e+00, 9.984e+02, 2.444e-07
2.065e+00, 5.000e-01, -1.005e+00, 1.184e+05, 0.000e+00, 5.649e-04, 0.000e+00, 2.150e+00, 9.984e+02, 2.425e-07
2.065e+00, 5.000e-01, -9.950e-01, 1.183e+05, 0.000e+00, 5.570e-04, 0.000e+00, 2.149e+00, 9.984e+02, 2.391e-07
2.065e+00, 5.000e-01, -9.850e-01, 1.182e+05, 0.000e+00, 5.502e-04, 0.000e+00, 2.147e+00, 9.984e+02, 2.362e-07
2.065e+00, 5.000e-01, -9.750e-01, 1.181e+05, 0.000e+00, 5.551e-04, 0.000e+00, 2.145e+00, 9.984e+02, 2.383e-07
2.065e+00, 5.000e-01, -9.650e-01, 1.180e+05, 0.000e+00, 5.846e-04, 0.000e+00, 2.143e+00, 9.984e+02, 2.510e-07
2.065e+00, 5.000e-01, -9.550e-01, 1.179e+05, 0.000e+00, 6.359e-04, 0.000e+00, 2.141e+00, 9.984e+02, 2.730e-07
2.065e+00, 5.000e-01, -9.450e-01, 1.178e+05, 0.000e+00, 6.829e-04, 0.000e+00, 2.140e+00, 9.984e+02, 2.932e-07
2.065e+00, 5.000e-01, -9.350e-01, 1.177e+05, 0.000e+00, 7.079e-04, 0.000e+00, 2.138e+00, 9.984e+02, 3.039e-07
2.065e+00, 5.000e-01, -9.250e-01, 1.176e+05, 0.000e+00, 7.118e-04, 0.000e+00, 2.136e+00, 9.984e+02, 3.056e-07
2.065e+00, 5.000e-01, -9.150e-01, 1.175e+05, 0.000e+00, 7.089e-04, 0.000e+00, 2.134e+00, 9.984e+02, 3.043e-07
2.065e+00, 5.000e-01, -9.050e-01, 1.174e+05, 0.000e+00, 7.125e-04, 0.000e+00, 2.132e+00, 9.984e+02, 3.059e-07
2.065e+00, 5.000e-01, -8.950e-01, 1.173e+05, 0.000e+00, 7.143e-04, 0.000e+00, 2.131e+00, 9.984e+02, 3.066e-07
2.065e+00, 5.000e-01, -8.850e-01, 1.172e+05, 0.000e+00, 7.046e-04, 0.000e+00, 2.129e+00, 9.984e+02, 3.025e-07
2.065e+00, 5.000e-01, -8.750e-01, 1.171e+05, 0.000e+00, 6.831e-04, 0.000e+00, 2.127e+00, 9.984e+02, 2.933e-07
2.065e+00, 5.000e-01, -8.650e-01, 1.170e+05, 0.000e+00, 6.516e-04, 0.000e+00, 2.125e+00, 9.984e+02, 2.797e-07
2.065e+00, 5.000e-01, -8.550e-01, 1.169e+05, 0.000e+00, 6.171e-04, 0.000e+00, 2.124e+00, 9.984e+02, 2.649e-07
2.065e+00, 5.000e-01, -8.450e-01, 1.168e+05, 0.000e+00, 5.912e-04, 0.000e+00, 2.122e+00, 9.984e+02, 2.538e-07
2.065e+00, 5.000e-01, -8.350e-01, 1.167e+05, 0.000e+00, 5.778e-04, 0.000e+00, 2.120e+00, 9.984e+02, 2.480e-07
2.065e+00, 5.000e-01, -8.250e-01, 1.166e+05, 0.000e+00, 5.754e-04, 0.000e+00, 2.118e+00, 9.984e+02, 2.470e-07
2.065e+00, 5.000e-01, -8.150e-01, 1.165e+05, 0.000e+00, 5.812e-04, 0.000e+00, 2.116e+00, 9.984e+02, 2.495e-07
2.065e+00, 5.000e-01, -8.050e-01, 1.164e+05, 0.000e+00, 5.934e-04, 0.000e+00, 2.115e+00, 9.984e+02, 2.547e-07
2.065e+00, 5.000e-01, -7.950e-01, 1.163e+05, 0.000e+00, 6.090e-04, 0.000e+00, 2.113e+00, 9.984e+02, 2.614e-07
2.065e+00, 5.000e-01, -7.850e-01, 1.162e+05, 0.000e+00, 6.232e-04, 0.000e+00, 2.111e+00, 9.984e+02, 2.675e-07
2.065e+00, 5.000e-01, -7.750e-01, 1.161e+05, 0.000e+00, 6.306e-04, 0.000e+00, 2.109e+00, 9.984e+02, 2.707e-07
2.065e+00, 5.000e-01, -7.650e-01, 1.160e+05, 0.000e+00, 6.290e-04, 0.000e+00, 2.107e+00, 9.984e+02, 2.700e-07
2.065e+00, 5.000e-01, -7.550e-01, 1.159e+05, 0.000e+00, 6.197e-04, 0.000e+00, 2.106e+00, 9.984e+02, 2.660e-07
2.065e+00, 5.000e-01, -7.450e-01, 1.158e+05, 0.000e+00, 6.126e-04, 0.000e+00, 2.104e+00, 9.984e+02, 2.630e-07
2.065e+00, 5.000e-01, -7.350e-01, 1.157e+05, 6.754e-07, 6.534e-04, 0.000e+00, 2.102e+00, 9.984e+02, 2.805e-07
2.065e+00, 5.000e-01, -7.250e-01, 1.156e+05, 4.721e-01, 1.895e-03, 0.000e+00, 2.100e+00, 9.986e+02, 8.559e-07
2.065e+00, 5.000e-01, -7.150e-01, 1.156e+05, 8.683e-01, 1.895e-03, 0.000e+00, 2.100e+00, 9.986e+02, 8.914e-07
2.065e+00, 5.000e-01, -7.050e-01, 1.156e+05, 8.724e-01, 1.895e-03, 0.000e+00, 2.100e+00, 9.986e+02, 8.917e-07
2.065e+00, 5.000e-01, -6.950e-01, 1.156e+05, 8.738e-01, 1.895e-03, 0.000e+00, 2.100e+00, 9.986e+02, 8.961e-07
2.065e+00, 5.000e-01, -6.850e-01, 1.167e+05, 0.000e+00, 3.963e-04, 0.000e+00, 2.120e+00, 9.983e+02, 1.741e-07
2.065e+00, 5.000e-01, -6.750e-01, 1.166e+05, 0.000e+00, 2.537e-04, 0.000e+00, 2.119e+00, 9.983e+02, 1.114e-07
2.065e+00, 5.000e-01, -6.650e-01, 1.165e+05, 0.000e+00, 1.521e-04, 0.000e+00, 2.117e+00, 9.983e+02, 6.683e-08
2.065e+00, 5.000e-01, -6.550e-01, 1.164e+05, 0.000e+00, 8.547e-05, 0.000e+00, 2.115e+00, 9.983e+02, 3.754e-08
2.065e+00, 5.000e-01, -6.450e-01, 1.163e+05, 0.000e+00, 4.580e-05, 0.000e+00, 2.113e+00, 9.983e+02, 2.012e-08
2.065e+00, 5.000e-01, -6.350e-01, 1.162e+05, 0.000e+00, 2.620e-05, 0.000e+00, 2.111e+00, 9.983e+02, 1.151e-08
2.065e+00, 5.000e-01, -6.250e-01, 1.161e+05, 0.000e+00, 2.309e-05, 0.000e+00, 2.110e+00, 9.983e+02, 1.014e-08
2.065e+00, 5.000e-01, -6.150e-01, 1.160e+05, 0.000e+00, 3.814e-05, 0.000e+00, 2.108e+00, 9.983e+02, 1.675e-08
2.065e+00, 5.000e-01, -6.050e-01, 1.159e+05, 0.000e+00, 7.875e-05, 0.000e+00, 2.106e+00, 9.983e+02, 3.459e-08
2.065e+00, 5.000e-01, -5.950e-01, 1.158e+05, 0.000e+00, 1.555e-04, 0.000e+00, 2.104e+00, 9.983e+02, 6.828e-08
2.065e+00, 5.000e-01, -5.850e-01, 1.157e+05, 0.000e+00, 2.760e-04, 0.000e+00, 2.102e+00, 9.983e+02, 1.212e-07
2.065e+00, 5.000e-01, -5.750e-01, 1.156e+05, 0.000e+00, 4.453e-04, 0.000e+00, 2.101e+00, 9.983e+02, 1.957e-07
2.065e+00, 5.000e-01, -5.650e-01, 1.141e+05, 0.000e+00, 6.793e-04, 0.000e+00, 2.072e+00, 9.984e+02, 3.052e-07
2.065e+00, 5.000e-01, -5.550e-01, 1.140e+05, 0.000e+00, 7.863e-04, 0.000e+00, 2.070e+00, 9.984e+02, 3.533e-07
2.065e+00, 5.000e-01, -5.450e-01, 1.139e+05, 0.000e+00, 8.239e-04, 0.000e+00, 2.068e+00, 9.984e+02, 3.702e-07
2.065e+00, 5.000e-01, -5.350e-01, 1.138e+05, 0.000e+00, 8.256e-04, 0.000e+00, 2.067e+00, 9.984e+02, 3.709e-07
2.065e+00, 5.000e-01, -5.250e-01, 1.137e+05, 0.000e+00, 8.118e-04, 0.000e+00, 2.065e+00, 9.984e+02, 3.647e-07
2.065e+00, 5.000e-01, -5.150e-01, 1.136e+05, 0.000e+00, 7.928e-04, 0.000e+00, 2.063e+00, 9.984e+02, 3.562e-07
2.065e+00, 5.000e-01, -5.050e-01, 1.135e+05, 0.000e+00, 7.731e-04, 0.000e+00, 2.061e+00, 9.984e+02, 3.473e-07
2.065e+00, 5.000e-01, -4.950e-01, 1.134e+05, 0.000e+00, 7.536e-04, 0.000e+00, 2.059e+00, 9.984e+02, 3.386e-07
2.065e+00, 5.000e-01, -4.850e-01, 1.133e+05, 0.000e+00, 7.319e-04, 0.000e+00, 2.058e+00, 9.984e+02, 3.241e-07
2.065e+00, 5.000e-01, -4.750e-01, 1.132e+05, 0.000e+00, 7.022e-04, 0.000e+00, 2.056e+00, 9.984e+02, 3.014e-07
2.065e+00, 5.000e-01, -4.650e-01, 1.131e+05, 0.000e+00, 6.579e-04, 0.000e+00, 2.054e+00, 9.984e+02, 2.825e-07
2.065e+00, 5.000e-01, -4.550e-01, 1.130e+05, 0.000e+00, 6.016e-04, 0.000e+00, 2.052e+00, 9.984e+02, 2.583e-07
2.065e+00, 5.000e-01, -4.450e-01, 1.129e+05, 0.000e+00, 5.484e-04, 0.000e+00, 2.050e+00, 9.984e+02, 2.354e-07
2.065e+00, 5.000e-01, -4.350e-01, 1.128e+05, 0.000e+00, 5.142e-04, 0.000e+00, 2.048e+00, 9.984e+02, 2.207e-07
2.065e+00, 5.000e-01, -4.250e-01, 1.127e+05, 0.000e+00, 5.007e-04, 0.000e+00, 2.047e+00, 9.984e+02, 2.149e-07
2.065e+00, 5.000e-01, -4.150e-01, 1.126e+05, 0.000e+00, 5.071e-04, 0.000e+00, 2.045e+00, 9.984e+02, 2.177e-07
2.065e+00, 5.000e-01, -4.050e-01, 1.125e+05, 0.000e+00, 5.282e-04, 0.000e+00, 2.043e+00, 9.984e+02, 2.267e-07
2.065e+00, 5.000e-01, -3.950e-01, 1.124e+05, 0.000e+00, 5.487e-04, 0.000e+00, 2.041e+00, 9.984e+02, 2.356e-07
2.065e+00, 5.000e-01, -3.850e-01, 1.123e+05, 0.000e+00, 5.618e-04, 0.000e+00, 2.039e+00, 9.984e+02, 2.412e-07
2.065e+00, 5.000e-01, -3.750e-01, 1.122e+05, 0.000e+00, 5.685e-04, 0.000e+00, 2.038e+00, 9.984e+02, 2.441e-07
2.065e+00, 5.000e-01, -3.650e-01, 1.121e+05, 0.000e+00, 5.719e-04, 0.000e+00, 2.036e+00, 9.984e+02, 2.455e-07
2.065e+00, 5.000e-01, -3.550e-01, 1.120e+05, 0.000e+00, 5.730e-04, 0.000e+00, 2.034e+00, 9.984e+02, 2.478e-07
2.065e+00, 5.000e-01, -3.450e-01, 1.119e+05, 0.000e+00, 5.713e-04, 0.000e+00, 2.033e+00, 9.984e+02, 2.566e-07
2.065e+00, 5.000e-01, -3.350e-01, 1.118e+05, 0.000e+00, 5.795e-04, 0.000e+00, 2.031e+00, 9.984e+02, 2.603e-07
2.065e+00, 5.000e-01, -3.250e-01, 1.117e+05, 0.000e+00, 5.868e-04, 0.000e+00, 2.029e+00, 9.984e+02, 2.636e-07
2.065e+00, 5.000e-01, -3.150e-01, 1.116e+05, 0.000e+00, 5.883e-04, 0.000e+00, 2.027e+00, 9.984e+02, 2.643e-07
2.065e+00, 5.000e-01, -3.050e-01, 1.115e+05, 0.000e+00, 5.784e-04, 0.000e+00, 2.025e+00, 9.984e+02, 2.599e-07
2.065e+00, 5.000e-01, -2.950e-01, 1.114e+05, 0.000e+00, 5.491e-04, 0.000e+00, 2.024e+00, 9.984e+02, 2.467e-07
2.065e+00, 5.000e-01, -2.850e-01, 1.113e+05, 0.000e+00, 5.013e-04, 0.000e+00, 2.022e+00, 9.984e+02, 2.252e-07
2.065e+00, 5.000e-01, -2.750e-01, 1.112e+05, 0.000e+00, 4.520e-04, 0.000e+00, 2.020e+00, 9.983e+02, 2.030e-07
2.065e+00, 5.000e-01, -2.650e-01, 1.112e+05, 0.000e+00, 4.142e-04, 0.000e+00, 2.020e+00, 9.983e+02, 1.826e-07
2.065e+00, 5.000e-01, -2.550e-01, 1.111e+05, 0.000e+00, 3.809e-04, 0.000e+00, 2.018e+00, 9.983e+02, 1.673e-07
2.065e+00, 5.000e-01, -2.450e-01, 1.110e+05, 0.000e+00, 3.518e-04, 0.000e+00, 2.016e+00, 9.983e+02, 1.545e-07
2.065e+00, 5.000e-01, -2.350e-01, 1.109e+05, 0.000e+00, 3.266e-04, 0.000e+00, 2.014e+00, 9.983e+02, 1.435e-07
2.065e+00, 5.000e-01, -2.250e-01, 1.108e+05, 0.000e+00, 3.051e-04, 0.000e+00, 2.012e+00, 9.983e+02, 1.340e-07
2.065e+00, 5.000e-01, -2.150e-01, 1.107e+05, 0.000e+00, 2.870e-04, 0.000e+00, 2.011e+00, 9.983e+02, 1.261e-07
2.065e+00, 5.000e-01, -2.050e-01, 1.106e+05, 0.000e+00, 2.722e-04, 0.000e+00, 2.009e+00, 9.983e+02, 1.196e-07
2.065e+00, 5.000e-01, -1.950e-01, 1.105e+05, 0.000e+00, 2.611e-04, 0.000e+00, 2.007e+00, 9.983e+02, 1.147e-07
2.065e+00, 5.000e-01, -1.850e-01, 1.104e+05, 0.000e+00, 2.561e-04, 0.000e+00, 2.005e+00, 9.983e+02, 1.117e-07
2.065e+00, 5.000e-01, -1.750e-01, 1.105e+05, 0.000e+00, 2.621e-04, 0.000e+00, 2.007e+00, 9.983e+02, 1.125e-07
2.065e+00, 5.000e-01, -1.650e-01, 1.104e+05, 0.000e+00, 2.852e-04, 0.000e+00, 2.005e+00, 9.983e+02, 1.224e-07
2.065e+00, 5.000e-01, -1.550e-01, 1.103e+05, 0.000e+00, 3.276e-04, 0.000e+00, 2.004e+00, 9.983e+02, 1.406e-07
2.065e+00, 5.000e-01, -1.450e-01, 1.102e+05, 0.000e+00, 3.775e-04, 0.000e+00, 2.002e+00, 9.983e+02, 1.620e-07
2.065e+00, 5.000e-01, -1.350e-01, 1.101e+05, 0.000e+00, 3.990e-04, 0.000e+00, 2.000e+00, 9.983e+02, 1.713e-07
2.065e+00, 5.000e-01, -1.250e-01, 1.100e+05, 0.000e+00, 3.595e-04, 0.000e+00, 1.998e+00, 9.983e+02, 1.543e-07
2.065e+00, 5.000e-01, -1.150e-01, 1.099e+05, 0.000e+00, 2.726e-04, 0.000e+00, 1.996e+00, 9.983e+02, 1.180e-07
2.065e+00, 5.000e-01, -1.050e-01, 1.110e+05, 0.000e+00, 1.747e-04, 0.000e+00, 2.017e+00, 9.983e+02, 7.674e-08
2.065e+00, 5.000e-01, -9.500e-02, 1.109e+05, 0.000e+00, 9.735e-05, 0.000e+00, 2.015e+00, 9.983e+02, 4.276e-08
2.065e+00, 5.000e-01, -8.500e-02, 1.108e+05, 0.000e+00, 4.868e-05, 0.000e+00, 2.013e+00, 9.983e+02, 2.138e-08
2.065e+00, 5.000e-01, -7.500e-02, 1.107e+05, 0.000e+00, 2.266e-05, 0.000e+00, 2.011e+00, 9.983e+02, 9.951e-09
2.065e+00, 5.000e-01, -6.500e-02, 1.106e+05, 0.000e+00, 1.011e-05, 0.000e+00, 2.009e+00, 9.983e+02, 4.440e-09
2.065e+00, 5.000e-01, -5.500e-02, 1.105e+05, 0.000e+00, 4.398e-06, 0.000e+00, 2.008e+00, 9.983e+02, 1.932e-09
2.065e+00, 5.000e-01, -4.500e-02, 1.104e+05, 0.000e+00, 1.875e-06, 0.000e+00, 2.006e+00, 9.983e+02, 8.234e-10
2.065e+00, 5.000e-01, -3.500e-02, 1.103e+05, 0.000e+00, 7.797e-07, 0.000e+00, 2.004e+00, 9.983e+02, 3.425e-10
2.065e+00, 5.000e-01, -2.500e-02, 1.102e+05, 0.000e+00, 3.151e-07, 0.000e+00, 2.002e+00, 9.983e+02, 1.384e-10
2.065e+00, 5.000e-01, -1.500e-02, 1.101e+05, 0.000e+00, 1.241e-07, 0.000e+00, 2.000e+00, 9.983e+02, 5.450e-11
2.065e+00, 5.000e-01, -5.000e-03, 1.100e+05, 0.000e+00, 4.884e-08, 0.000e+00, 1.999e+00, 9.983e+02, 2.145e-11
2.075e+00, 5.000e-01, -1.195e+00, 1.202e+05, 0.000e+00, 1.002e-13, 0.000e+00, 2.184e+00, 9.983e+02, 2.000e-17
2.075e+00, 5.000e-01, -1.185e+00, 1.201e+05, 0.000e+00, 1.002e-13, 0.000e+00, 2.182e+00, 9.983e+02, 2.000e-17
2.075e+00, 5.000e-01, -1.175e+00, 1.200e+05, 0.000e+00, 1.002e-13, 0.000e+00, 2.181e+00, 9.983e+02, 2.000e-17
2.075e+00, 5.000e-01, -1.165e+00, 1.199e+05, 0.000e+00, 1.002e-13, 0.000e+00, 2.179e+00, 9.983e+02, 2.000e-17
2.075e+00, 5.000e-01, -1.155e+00, 1.198e+05, 0.000e+00, 1.002e-13, 0.000e+00, 2.177e+00, 9.983e+02, 2.000e-17
2.075e+00, 5.000e-01, -1.145e+00, 1.197e+05, 0.000e+00, 1.002e-13, 0.000e+00, 2.175e+00, 9.983e+02, 2.000e-17
2.075e+00, 5.000e-01, -1.135e+00, 1.196e+05, 0.000e+00, 1.002e-13, 0.000e+00, 2.173e+00, 9.983e+02, 2.000e-17
2.075e+00, 5.000e-01, -1.125e+00, 1.195e+05, 0.000e+00, 1.002e-13, 0.000e+00, 2.172e+00, 9.983e+02, 2.000e-17
2.075e+00, 5.000e-01, -1.115e+00, 1.194e+05, 0.000e+00, 1.002e-13, 0.000e+00, 2.170e+00, 9.983e+02, 2.000e-17
2.075e+00, 5.000e-01, -1.105e+00, 1.193e+05, 0.000e+00, 1.002e-13, 0.000e+00, 2.168e+00, 9.983e+02, 2.000e-17
2.075e+00, 5.000e-01, -1.095e+00, 1.192e+05, 0.000e+00, 1.002e-13, 0.000e+00, 2.166e+00, 9.983e+02, 2.000e-17
2.075e+00, 5.000e-01, -1.085e+00, 1.191e+05, 0.000e+00, 1.002e-13, 0.000e+00, 2.165e+00, 9.983e+02, 2.000e-17
2.075e+00, 5.000e-01, -1.075e+00, 1.190e+05, 0.000e+00, 2.518e-09, 0.000e+00, 2.163e+00, 9.983e+02, 1.066e-12
2.075e+00, 5.000e-01, -1.065e+00, 1.189e+05, 0.000e+00, 5.280e-04, 0.000e+00, 2.161e+00, 9.984e+02, 2.236e-07
2.075e+00, 5.000e-01, -1.055e+00, 1.188e+05, 0.000e+00, 5.401e-04, 0.000e+00, 2.159e+00, 9.984e+02, 2.319e-07
2.075e+00, 5.000e-01, -1.045e+00, 1.187e+05, 0.000e+00, 5.596e-04, 0.000e+00, 2.158e+00, 9.984e+02, 2.402e-07
2.075e+00, 5.000e-01, -1.035e+00, 1.186e+05, 0.000e+00, 5.785e-04, 0.000e+00, 2.156e+00, 9.984e+02, 2.484e-07
2.075e+00, 5.000e-01, -1.025e+00, 1.185e+05, 0.000e+00, 5.902e-04, 0.000e+00, 2.154e+00, 9.984e+02, 2.534e-07
2.075e+00, 5.000e-01, -1.015e+00, 1.185e+05, 0.000e+00, 5.928e-04, 0.000e+00, 2.152e+00, 9.984e+02, 2.545e-07
2.075e+00, 5.000e-01, -1.005e+00, 1.184e+05, 0.000e+00, 5.889e-04, 0.000e+00, 2.150e+00, 9.984e+02, 2.528e-07
2.075e+00, 5.000e-01, -9.950e-01, 1.183e+05, 0.000e+00, 5.817e-04, 0.000e+00, 2.149e+00, 9.984e+02, 2.497e-07
2.075e+00, 5.000e-01, -9.850e-01, 1.182e+05, 0.000e+00, 5.749e-04, 0.000e+00, 2.147e+00, 9.984e+02, 2.468e-07
2.075e+00, 5.000e-01, -9.750e-01, 1.181e+05, 0.000e+00, 5.746e-04, 0.000e+00, 2.145e+00, 9.984e+02, 2.467e-07
2.075e+00, 5.000e-01, -9.650e-01, 1.180e+05, 0.000e+00, 5.882e-04, 0.000e+00, 2.143e+00, 9.984e+02, 2.525e-07
2.075e+00, 5.000e-01, -9.550e-01, 1.179e+05, 0.000e+00, 6.177e-04, 0.000e+00, 2.141e+00, 9.984e+02, 2.652e-07
2.075e+00, 5.000e-01, -9.450e-01, 1.178e+05, 0.000e+00, 6.533e-04, 0.000e+00, 2.140e+00, 9.984e+02, 2.805e-07
2.075e+00, 5.000e-01, -9.350e-01, 1.177e+05, 0.000e+00, 6.822e-04, 0.000e+00, 2.138e+00, 9.984e+02, 2.929e-07
2.075e+00, 5.000e-01, -9.250e-01, 1.176e+05, 0.000e+00, 6.984e-04, 0.000e+00, 2.136e+00, 9.984e+02, 2.998e-07
2.075e+00, 5.000e-01, -9.150e-01, 1.175e+05, 0.000e+00, 7.020e-04, 0.000e+00, 2.134e+00, 9.984e+02, 3.014e-07
2.075e+00, 5.000e-01, -9.050e-01, 1.174e+05, 0.000e+00, 6.956e-04, 0.000e+00, 2.132e+00, 9.984e+02, 2.986e-07
2.075e+00, 5.000e-01, -8.950e-01, 1.173e+05, 0.000e+00, 6.788e-04, 0.000e+00, 2.131e+00, 9.984e+02, 2.914e-07
2.075e+00, 5.000e-01, -8.850e-01, 1.172e+05, 0.000e+00, 6.480e-04, 0.000e+00, 2.129e+00, 9.984e+02, 2.782e-07
2.075e+00, 5.000e-01, -8.750e-01, 1.171e+05, 0.000e+00, 6.042e-04, 0.000e+00, 2.127e+00, 9.984e+02, 2.594e-07
2.075e+00, 5.000e-01, -8.650e-01, 1.170e+05, 0.000e+00, 5.610e-04, 0.000e+00, 2.125e+00, 9.984e+02, 2.408e-07
2.075e+00, 5.000e-01, -8.550e-01, 1.169e+05, 0.000e+00, 5.289e-04, 0.000e+00, 2.124e+00, 9.984e+02, 2.270e-07
2.075e+00, 5.000e-01, -8.450e-01, 1.168e+05, 0.000e+00, 5.136e-04, 0.000e+00, 2.122e+00, 9.984e+02, 2.205e-07
2.075e+00, 5.000e-01, -8.350e-01, 1.167e+05, 0.000e+00, 5.133e-04, 0.000e+00, 2.120e+00, 9.984e+02, 2.203e-07
2.075e+00, 5.000e-01, -8.250e-01, 1.166e+05, 0.000e+00, 5.215e-04, 0.000e+00, 2.118e+00, 9.984e+02, 2.239e-07
2.075e+00, 5.000e-01, -8.150e-01, 1.165e+05, 0.000e+00, 5.326e-04, 0.000e+00, 2.116e+00, 9.984e+02, 2.286e-07
2.075e+00, 5.000e-01, -8.050e-01, 1.164e+05, 0.000e+00, 5.442e-04, 0.000e+00, 2.115e+00, 9.984e+02, 2.336e-07
2.075e+00, 5.000e-01, -7.950e-01, 1.163e+05, 0.000e+00, 5.544e-04, 0.000e+00, 2.113e+00, 9.984e+02, 2.380e-07
2.075e+00, 5.000e-01, -7.850e-01, 1.162e+05, 0.000e+00, 5.608e-04, 0.000e+00, 2.111e+00, 9.984e+02, 2.408e-07
2.075e+00, 5.000e-01, -7.750e-01, 1.161e+05, 0.000e+00, 5.620e-04, 0.000e+00, 2.109e+00, 9.984e+02, 2.413e-07
2.075e+00, 5.000e-01, -7.650e-01, 1.160e+05, 0.000e+00, 5.619e-04, 0.000e+00, 2.107e+00, 9.984e+02, 2.412e-07
2.075e+00, 5.000e-01, -7.550e-01, 1.159e+05, 0.000e+00, 5.634e-04, 0.000e+00, 2.106e+00, 9.984e+02, 2.419e-07
2.075e+00, 5.000e-01, -7.450e-01, 1.158e+05, 0.000e+00, 5.800e-04, 0.000e+00, 2.104e+00, 9.984e+02, 2.490e-07
2.075e+00, 5.000e-01, -7.350e-01, 1.157e+05, 6.754e-07, 6.591e-04, 0.000e+00, 2.102e+00, 9.984e+02, 2.830e-07
2.075e+00, 5.000e-01, -7.250e-01, 1.156e+05, 4.721e-01, 1.895e-03, 0.000e+00, 2.100e+00, 9.986e+02, 8.559e-07
2.075e+00, 5.000e-01, -7.150e-01, 1.156e+05, 8.683e-01, 1.895e-03, 0.000e+00, 2.100e+00, 9.986e+02, 8.914e-07
2.075e+00, 5.000e-01, -7.050e-01, 1.156e+05, 8.724e-01, 1.895e-03, 0.000e+00, 2.100e+00, 9.986e+02, 8.917e-07
2.075e+00, 5.000e-01, -6.950e-01, 1.156e+05, 8.738e-01, 1.895e-03, 0.000e+00, 2.100e+00, 9.986e+02, 8.979e-07
2.075e+00, 5.000e-01, -6.850e-01, 1.167e+05, 0.000e+00, 3.918e-04, 0.000e+00, 2.120e+00, 9.983e+02, 1.721e-07
2.075e+00, 5.000e-01, -6.750e-01, 1.166e+05, 0.000e+00, 2.495e-04, 0.000e+00, 2.119e+00, 9.983e+02, 1.096e-07
2.075e+00, 5.000e-01, -6.650e-01, 1.165e+05, 0.000e+00, 1.492e-04, 0.000e+00, 2.117e+00, 9.983e+02, 6.553e-08
2.075e+00, 5.000e-01, -6.550e-01, 1.164e+05, 0.000e+00, 8.372e-05, 0.000e+00, 2.115e+00, 9.983e+02, 3.677e-08
2.075e+00, 5.000e-01, -6.450e-01, 1.163e+05, 0.000e+00, 4.484e-05, 0.000e+00, 2.113e+00, 9.983e+02, 1.970e-08
2.075e+00, 5.000e-01, -6.350e-01, 1.162e+05, 0.000e+00, 2.557e-05, 0.000e+00, 2.111e+00, 9.983e+02, 1.123e-08
2.075e+00, 5.000e-01, -6.250e-01, 1.161e+05, 0.000e+00, 2.236e-05, 0.000e+00, 2.110e+00, 9.983e+02, 9.823e-09
2.075e+00, 5.000e-01, -6.150e-01, 1.160e+05, 0.000e+00, 3.698e-05, 0.000e+00, 2.108e+00, 9.983e+02, 1.624e-08
2.075e+00, 5.000e-01, -6.050e-01, 1.159e+05, 0.000e+00, 7.707e-05, 0.000e+00, 2.106e+00, 9.983e+02, 3.385e-08
2.075e+00, 5.000e-01, -5.950e-01, 1.158e+05, 0.000e+00, 1.537e-04, 0.000e+00, 2.104e+00, 9.983e+02, 6.751e-08
2.075e+00, 5.000e-01, -5.850e-01, 1.157e+05, 0.000e+00, 2.750e-04, 0.000e+00, 2.102e+00, 9.983e+02, 1.208e-07
2.075e+00, 5.000e-01, -5.750e-01, 1.156e+05, 0.000e+00, 4.440e-04, 0.000e+00, 2.101e+00, 9.983e+02, 1.954e-07
2.075e+00, 5.000e-01, -5.650e-01, 1.141e+05, 0.000e+00, 6.614e-04, 0.000e+00, 2.072e+00, 9.984e+02, 2.971e-07
2.075e+00, 5.000e-01, -5.550e-01, 1.140e+05, 0.000e+00, 7.618e-04, 0.000e+00, 2.070e+00, 9.984e+02, 3.423e-07
2.075e+00, 5.000e-01, -5.450e-01, 1.139e+05, 0.000e+00, 7.963e-04, 0.000e+00, 2.068e+00, 9.984e+02, 3.577e-07
2.075e+00, 5.000e-01, -5.350e-01, 1.138e+05, 0.000e+00, 7.973e-04, 0.000e+00, 2.067e+00, 9.984e+02, 3.582e-07
2.075e+00, 5.000e-01, -5.250e-01, 1.137e+05, 0.000e+00, 7.835e-04, 0.000e+00, 2.065e+00, 9.984e+02, 3.520e-07
2.075e+00, 5.000e-01, -5.150e-01, 1.136e+05, 0.000e+00, 7.645e-04, 0.000e+00, 2.063e+00, 9.984e+02, 3.435e-07
2.075e+00, 5.000e-01, -5.050e-01, 1.135e+05, 0.000e+00, 7.454e-04, 0.000e+00, 2.061e+00, 9.984e+02, 3.349e-07
2.075e+00, 5.000e-01, -4.950e-01, 1.134e+05, 0.000e+00, 7.285e-04, 0.000e+00, 2.059e+00, 9.984e+02, 3.273e-07
2.075e+00, 5.000e-01, -4.850e-01, 1.133e+05, 0.000e+00, 7.117e-04, 0.000e+00, 2.058e+00, 9.984e+02, 3.146e-07
2.075e+00, 5.000e-01, -4.750e-01, 1.132e+05, 0.000e+00, 6.839e-04, 0.000e+00, 2.056e+00, 9.984e+02, 2.936e-07
2.075e+00, 5.000e-01, -4.650e-01, 1.131e+05, 0.000e+00, 6.368e-04, 0.000e+00, 2.054e+00, 9.984e+02, 2.734e-07
2.075e+00, 5.000e-01, -4.550e-01, 1.130e+05, 0.000e+00, 5.759e-04, 0.000e+00, 2.052e+00, 9.984e+02, 2.472e-07
2.075e+00, 5.000e-01, -4.450e-01, 1.129e+05, 0.000e+00, 5.305e-04, 0.000e+00, 2.050e+00, 9.984e+02, 2.277e-07
2.075e+00, 5.000e-01, -4.350e-01, 1.128e+05, 0.000e+00, 5.054e-04, 0.000e+00, 2.048e+00, 9.984e+02, 2.170e-07
2.075e+00, 5.000e-01, -4.250e-01, 1.127e+05, 0.000e+00, 5.006e-04, 0.000e+00, 2.047e+00, 9.984e+02, 2.149e-07
2.075e+00, 5.000e-01, -4.150e-01, 1.126e+05, 0.000e+00, 5.180e-04, 0.000e+00, 2.045e+00, 9.984e+02, 2.224e-07
2.075e+00, 5.000e-01, -4.050e-01, 1.125e+05, 0.000e+00, 5.441e-04, 0.000e+00, 2.043e+00, 9.984e+02, 2.336e-07
2.075e+00, 5.000e-01, -3.950e-01, 1.124e+05, 0.000e+00, 5.624e-04, 0.000e+00, 2.041e+00, 9.984e+02, 2.414e-07
2.075e+00, 5.000e-01, -3.850e-01, 1.123e+05, 0.000e+00, 5.712e-04, 0.000e+00, 2.039e+00, 9.984e+02, 2.452e-07
2.075e+00, 5.000e-01, -3.750e-01, 1.122e+05, 0.000e+00, 5.754e-04, 0.000e+00, 2.038e+00, 9.984e+02, 2.470e-07
2.075e+00, 5.000e-01, -3.650e-01, 1.121e+05, 0.000e+00, 5.801e-04, 0.000e+00, 2.036e+00, 9.984e+02, 2.490e-07
2.075e+00, 5.000e-01, -3.550e-01, 1.120e+05, 0.000e+00, 5.880e-04, 0.000e+00, 2.034e+00, 9.984e+02, 2.543e-07
2.075e+00, 5.000e-01, -3.450e-01, 1.119e+05, 0.000e+00, 5.984e-04, 0.000e+00, 2.033e+00, 9.984e+02, 2.688e-07
2.075e+00, 5.000e-01, -3.350e-01, 1.118e+05, 0.000e+00, 6.100e-04, 0.000e+00, 2.031e+00, 9.984e+02, 2.741e-07
2.075e+00, 5.000e-01, -3.250e-01, 1.117e+05, 0.000e+00, 6.213e-04, 0.000e+00, 2.029e+00, 9.984e+02, 2.791e-07
2.075e+00, 5.000e-01, -3.150e-01, 1.116e+05, 0.000e+00, 6.284e-04, 0.000e+00, 2.027e+00, 9.984e+02, 2.823e-07
2.075e+00, 5.000e-01, -3.050e-01, 1.115e+05, 0.000e+00, 6.245e-04, 0.000e+00, 2.025e+00, 9.984e+02, 2.806e-07
2.075e+00, 5.000e-01, -2.950e-01, 1.114e+05, 0.000e+00, 6.022e-04, 0.000e+00, 2.024e+00, 9.984e+02, 2.705e-07
2.075e+00, 5.000e-01, -2.850e-01, 1.113e+05, 0.000e+00, 5.557e-04, 0.000e+00, 2.022e+00, 9.984e+02, 2.496e-07
2.075e+00, 5.000e-01, -2.750e-01, 1.112e+05, 0.000e+00, 4.813e-04, 0.000e+00, 2.020e+00, 9.983e+02, 2.162e-07
2.075e+00, 5.000e-01, -2.650e-01, 1.112e+05, 0.000e+00, 4.332e-04, 0.000e+00, 2.020e+00, 9.983e+02, 1.910e-07
2.075e+00, 5.000e-01, -2.550e-01, 1.111e+05, 0.000e+00, 3.936e-04, 0.000e+00, 2.018e+00, 9.983e+02, 1.729e-07
2.075e+00, 5.000e-01, -2.450e-01, 1.110e+05, 0.000e+00, 3.608e-04, 0.000e+00, 2.016e+00, 9.983e+02, 1.585e-07
2.075e+00, 5.000e-01, -2.350e-01, 1.109e+05, 0.000e+00, 3.337e-04, 0.000e+00, 2.014e+00, 9.983e+02, 1.466e-07
2.075e+00, 5.000e-01, -2.250e-01, 1.108e+05, 0.000e+00, 3.117e-04, 0.000e+00, 2.012e+00, 9.983e+02, 1.369e-07
2.075e+00, 5.000e-01, -2.150e-01, 1.107e+05, 0.000e+00, 2.939e-04, 0.000e+00, 2.011e+00, 9.983e+02, 1.291e-07
2.075e+00, 5.000e-01, -2.050e-01, 1.106e+05, 0.000e+00, 2.803e-04, 0.000e+00, 2.009e+00, 9.983e+02, 1.231e-07
2.075e+00, 5.000e-01, -1.950e-01, 1.105e+05, 0.000e+00, 2.711e-04, 0.000e+00, 2.007e+00, 9.983e+02, 1.191e-07
2.075e+00, 5.000e-01, -1.850e-01, 1.104e+05, 0.000e+00, 2.684e-04, 0.000e+00, 2.005e+00, 9.983e+02, 1.171e-07
2.075e+00, 5.000e-01, -1.750e-01, 1.105e+05, 0.000e+00, 2.754e-04, 0.000e+00, 2.007e+00, 9.983e+02, 1.182e-07
2.075e+00, 5.000e-01, -1.650e-01, 1.104e+05, 0.000e+00, 2.952e-04, 0.000e+00, 2.005e+00, 9.983e+02, 1.267e-07
2.075e+00, 5.000e-01, -1.550e-01, 1.103e+05, 0.000e+00, 3.283e-04, 0.000e+00, 2.004e+00, 9.983e+02, 1.410e-07
2.075e+00, 5.000e-01, -1.450e-01, 1.102e+05, 0.000e+00, 3.668e-04, 0.000e+00, 2.002e+00, 9.983e+02, 1.575e-07
2.075e+00, 5.000e-01, -1.350e-01, 1.101e+05, 0.000e+00, 3.859e-04, 0.000e+00, 2.000e+00, 9.983e+02, 1.657e-07
2.075e+00, 5.000e-01, -1.250e-01, 1.100e+05, 0.000e+00, 3.534e-04, 0.000e+00, 1.998e+00, 9.983e+02, 1.517e-07
2.075e+00, 5.000e-01, -1.150e-01, 1.099e+05, 0.000e+00, 2.732e-04, 0.000e+00, 1.996e+00, 9.983e+02, 1.183e-07
2.075e+00, 5.000e-01, -1.050e-01, 1.110e+05, 0.000e+00, 1.783e-04, 0.000e+00, 2.017e+00, 9.983e+02, 7.833e-08
2.075e+00, 5.000e-01, -9.500e-02, 1.109e+05, 0.000e+00, 1.006e-04, 0.000e+00, 2.015e+00, 9.983e+02, 4.418e-08
2.075e+00, 5.000e-01, -8.500e-02, 1.108e+05, 0.000e+00, 5.062e-05, 0.000e+00, 2.013e+00, 9.983e+02, 2.224e-08
2.075e+00, 5.000e-01, -7.500e-02, 1.107e+05, 0.000e+00, 2.360e-05, 0.000e+00, 2.011e+00, 9.983e+02, 1.036e-08
2.075e+00, 5.000e-01, -6.500e-02, 1.106e+05, 0.000e+00, 1.051e-05, 0.000e+00, 2.009e+00, 9.983e+02, 4.615e-09
2.075e+00, 5.000e-01, -5.500e-02, 1.105e+05, 0.000e+00, 4.555e-06, 0.000e+00, 2.008e+00, 9.983e+02, 2.001e-09
2.075e+00, 5.000e-01, -4.500e-02, 1.104e+05, 0.000e+00, 1.933e-06, 0.000e+00, 2.006e+00, 9.983e+02, 8.492e-10
2.075e+00, 5.000e-01, -3.500e-02, 1.103e+05, 0.000e+00, 8.014e-07, 0.000e+00, 2.004e+00, 9.983e+02, 3.520e-10
2.075e+00, 5.000e-01, -2.500e-02, 1.102e+05, 0.000e+00, 3.230e-07, 0.000e+00, 2.002e+00, 9.983e+02, 1.419e-10
2.075e+00, 5.000e-01, -1.500e-02, 1.101e+05, 0.000e+00, 1.270e-07, 0.000e+00, 2.000e+00, 9.983e+02, 5.580e-11
2.075e+00, 5.000e-01, -5.000e-03, 1.100e+05, 0.000e+00, 5.003e-08, 0.000e+00, 1.999e+00, 9.983e+02, 2.198e-11
2.085e+00, 5.000e-01, -1.195e+00, 1.202e+05, 0.000e+00, 1.002e-13, 0.000e+00, 2.184e+00, 9.983e+02, 2.000e-17
2.085e+00, 5.000e-01, -1.185e+00, 1.201e+05, 0.000e+00, 1.002e-13, 0.000e+00, 2.182e+00, 9.983e+02, 2.000e-17
2.085e+00, 5.000e-01, -1.175e+00, 1.200e+05, 0.000e+00, 1.002e-13, 0.000e+00, 2.181e+00, 9.983e+02, 2.000e-17
2.085e+00, 5.000e-01, -1.165e+00, 1.199e+05, 0.000e+00, 1.002e-13, 0.000e+00, 2.179e+00, 9.983e+02, 2.000e-17
2.085e+00, 5.000e-01, -1.155e+00, 1.198e+05, 0.000e+00, 1.002e-13, 0.000e+00, 2.177e+00, 9.983e+02, 2.000e-17
2.085e+00, 5.000e-01, -1.145e+00, 1.197e+05, 0.000e+00, 1.002e-13, 0.000e+00, 2.175e+00, 9.983e+02, 2.000e-17
2.085e+00, 5.000e-01, -1.135e+00, 1.196e+05, 0.000e+00, 1.002e-13, 0.000e+00, 2.173e+00, 9.983e+02, 2.000e-17
2.085e+00, 5.000e-01, -1.125e+00, 1.195e+05, 0.000e+00, 1.002e-13, 0.000e+00, 2.172e+00, 9.983e+02, 2.000e-17
2.085e+00, 5.000e-01, -1.115e+00, 1.194e+05, 0.000e+00, 1.002e-13, 0.000e+00, 2.170e+00, 9.983e+02, 2.000e-17
2.085e+00, 5.000e-01, -1.105e+00, 1.193e+05, 0.000e+00, 1.002e-13, 0.000e+00, 2.168e+00, 9.983e+02, 2.000e-17
2.085e+00, 5.000e-01, -1.095e+00, 1.192e+05, 0.000e+00, 1.002e-13, 0.000e+00, 2.166e+00, 9.983e+02, 2.000e-17
2.085e+00, 5.000e-01, -1.085e+00, 1.191e+05, 0.000e+00, 1.002e-13, 0.000e+00, 2.165e+00, 9.983e+02, 2.000e-17
2.085e+00, 5.000e-01, -1.075e+00, 1.190e+05, 0.000e+00, 2.527e-09, 0.000e+00, 2.163e+00, 9.983e+02, 1.085e-12
2.085e+00, 5.000e-01, -1.065e+00, 1.189e+05, 0.000e+00, 5.308e-04, 0.000e+00, 2.161e+00, 9.984e+02, 2.279e-07
2.085e+00, 5.000e-01, -1.055e+00, 1.188e+05, 0.000e+00, 5.412e-04, 0.000e+00, 2.159e+00, 9.984e+02, 2.323e-07
2.085e+00, 5.000e-01, -1.045e+00, 1.187e+05, 0.000e+00, 5.583e-04, 0.000e+00, 2.158e+00, 9.984e+02, 2.397e-07
2.085e+00, 5.000e-01, -1.035e+00, 1.186e+05, 0.000e+00, 5.766e-04, 0.000e+00, 2.156e+00, 9.984e+02, 2.475e-07
2.085e+00, 5.000e-01, -1.025e+00, 1.185e+05, 0.000e+00, 5.893e-04, 0.000e+00, 2.154e+00, 9.984e+02, 2.530e-07
2.085e+00, 5.000e-01, -1.015e+00, 1.185e+05, 0.000e+00, 5.937e-04, 0.000e+00, 2.152e+00, 9.984e+02, 2.549e-07
2.085e+00, 5.000e-01, -1.005e+00, 1.184e+05, 0.000e+00, 5.921e-04, 0.000e+00, 2.150e+00, 9.984e+02, 2.542e-07
2.085e+00, 5.000e-01, -9.950e-01, 1.183e+05, 0.000e+00, 5.873e-04, 0.000e+00, 2.149e+00, 9.984e+02, 2.521e-07
2.085e+00, 5.000e-01, -9.850e-01, 1.182e+05, 0.000e+00, 5.819e-04, 0.000e+00, 2.147e+00, 9.984e+02, 2.498e-07
2.085e+00, 5.000e-01, -9.750e-01, 1.181e+05, 0.000e+00, 5.789e-04, 0.000e+00, 2.145e+00, 9.984e+02, 2.485e-07
2.085e+00, 5.000e-01, -9.650e-01, 1.180e+05, 0.000e+00, 5.820e-04, 0.000e+00, 2.143e+00, 9.984e+02, 2.499e-07
2.085e+00, 5.000e-01, -9.550e-01, 1.179e+05, 0.000e+00, 5.936e-04, 0.000e+00, 2.141e+00, 9.984e+02, 2.548e-07
2.085e+00, 5.000e-01, -9.450e-01, 1.178e+05, 0.000e+00, 6.111e-04, 0.000e+00, 2.140e+00, 9.984e+02, 2.623e-07
2.085e+00, 5.000e-01, -9.350e-01, 1.177e+05, 0.000e+00, 6.278e-04, 0.000e+00, 2.138e+00, 9.984e+02, 2.695e-07
2.085e+00, 5.000e-01, -9.250e-01, 1.176e+05, 0.000e+00, 6.383e-04, 0.000e+00, 2.136e+00, 9.984e+02, 2.740e-07
2.085e+00, 5.000e-01, -9.150e-01, 1.175e+05, 0.000e+00, 6.399e-04, 0.000e+00, 2.134e+00, 9.984e+02, 2.747e-07
2.085e+00, 5.000e-01, -9.050e-01, 1.174e+05, 0.000e+00, 6.305e-04, 0.000e+00, 2.132e+00, 9.984e+02, 2.707e-07
2.085e+00, 5.000e-01, -8.950e-01, 1.173e+05, 0.000e+00, 6.063e-04, 0.000e+00, 2.131e+00, 9.984e+02, 2.603e-07
2.085e+00, 5.000e-01, -8.850e-01, 1.172e+05, 0.000e+00, 5.694e-04, 0.000e+00, 2.129e+00, 9.984e+02, 2.444e-07
2.085e+00, 5.000e-01, -8.750e-01, 1.171e+05, 0.000e+00, 5.311e-04, 0.000e+00, 2.127e+00, 9.984e+02, 2.280e-07
2.085e+00, 5.000e-01, -8.650e-01, 1.170e+05, 0.000e+00, 4.976e-04, 0.000e+00, 2.125e+00, 9.984e+02, 2.136e-07
2.085e+00, 5.000e-01, -8.550e-01, 1.169e+05, 0.000e+00, 4.804e-04, 0.000e+00, 2.124e+00, 9.984e+02, 2.062e-07
2.085e+00, 5.000e-01, -8.450e-01, 1.168e+05, 0.000e+00, 4.894e-04, 0.000e+00, 2.122e+00, 9.984e+02, 2.101e-07
2.085e+00, 5.000e-01, -8.350e-01, 1.167e+05, 0.000e+00, 5.110e-04, 0.000e+00, 2.120e+00, 9.984e+02, 2.194e-07
2.085e+00, 5.000e-01, -8.250e-01, 1.166e+05, 0.000e+00, 5.338e-04, 0.000e+00, 2.118e+00, 9.984e+02, 2.292e-07
2.085e+00, 5.000e-01, -8.150e-01, 1.165e+05, 0.000e+00, 5.556e-04, 0.000e+00, 2.116e+00, 9.984e+02, 2.385e-07
2.085e+00, 5.000e-01, -8.050e-01, 1.164e+05, 0.000e+00, 5.751e-04, 0.000e+00, 2.115e+00, 9.984e+02, 2.469e-07
2.085e+00, 5.000e-01, -7.950e-01, 1.163e+05, 0.000e+00, 5.899e-04, 0.000e+00, 2.113e+00, 9.984e+02, 2.532e-07
2.085e+00, 5.000e-01, -7.850e-01, 1.162e+05, 0.000e+00, 5.961e-04, 0.000e+00, 2.111e+00, 9.984e+02, 2.559e-07
2.085e+00, 5.000e-01, -7.750e-01, 1.161e+05, 0.000e+00, 5.883e-04, 0.000e+00, 2.109e+00, 9.984e+02, 2.526e-07
2.085e+00, 5.000e-01, -7.650e-01, 1.160e+05, 0.000e+00, 5.622e-04, 0.000e+00, 2.107e+00, 9.984e+02, 2.413e-07
2.085e+00, 5.000e-01, -7.550e-01, 1.159e+05, 0.000e+00, 5.419e-04, 0.000e+00, 2.106e+00, 9.984e+02, 2.326e-07
2.085e+00, 5.000e-01, -7.450e-01, 1.158e+05, 0.000e+00, 5.352e-04, 0.000e+00, 2.104e+00, 9.984e+02, 2.297e-07
2.085e+00, 5.000e-01, -7.350e-01, 1.157e+05, 6.754e-07, 5.856e-04, 0.000e+00, 2.102e+00, 9.984e+02, 2.514e-07
2.085e+00, 5.000e-01, -7.250e-01, 1.156e+05, 4.721e-01, 1.895e-03, 0.000e+00, 2.100e+00, 9.986e+02, 8.559e-07
2.085e+00, 5.000e-01, -7.150e-01, 1.156e+05, 8.683e-01, 1.895e-03, 0.000e+00, 2.100e+00, 9.986e+02, 8.914e-07
2.085e+00, 5.000e-01, -7.050e-01, 1.156e+05, 8.724e-01, 1.895e-03, 0.000e+00, 2.100e+00, 9.986e+02, 8.917e-07
2.085e+00, 5.000e-01, -6.950e-01, 1.156e+05, 8.738e-01, 1.895e-03, 0.000e+00, 2.100e+00, 9.986e+02, 8.997e-07
2.085e+00, 5.000e-01, -6.850e-01, 1.167e+05, 0.000e+00, 3.871e-04, 0.000e+00, 2.120e+00, 9.983e+02, 1.700e-07
2.085e+00, 5.000e-01, -6.750e-01, 1.166e+05, 0.000e+00, 2.458e-04, 0.000e+00, 2.119e+00, 9.983e+02, 1.080e-07
2.085e+00, 5.000e-01, -6.650e-01, 1.165e+05, 0.000e+00, 1.471e-04, 0.000e+00, 2.117e+00, 9.983e+02, 6.461e-08
2.085e+00, 5.000e-01, -6.550e-01, 1.164e+05, 0.000e+00, 8.277e-05, 0.000e+00, 2.115e+00, 9.983e+02, 3.636e-08
2.085e+00, 5.000e-01, -6.450e-01, 1.163e+05, 0.000e+00, 4.445e-05, 0.000e+00, 2.113e+00, 9.983e+02, 1.953e-08
2.085e+00, 5.000e-01, -6.350e-01, 1.162e+05, 0.000e+00, 2.526e-05, 0.000e+00, 2.111e+00, 9.983e+02, 1.110e-08
2.085e+00, 5.000e-01, -6.250e-01, 1.161e+05, 0.000e+00, 2.177e-05, 0.000e+00, 2.110e+00, 9.983e+02, 9.562e-09
2.085e+00, 5.000e-01, -6.150e-01, 1.160e+05, 0.000e+00, 3.580e-05, 0.000e+00, 2.108e+00, 9.983e+02, 1.572e-08
2.085e+00, 5.000e-01, -6.050e-01, 1.159e+05, 0.000e+00, 7.522e-05, 0.000e+00, 2.106e+00, 9.983e+02, 3.304e-08
2.085e+00, 5.000e-01, -5.950e-01, 1.158e+05, 0.000e+00, 1.517e-04, 0.000e+00, 2.104e+00, 9.983e+02, 6.661e-08
2.085e+00, 5.000e-01, -5.850e-01, 1.157e+05, 0.000e+00, 2.735e-04, 0.000e+00, 2.102e+00, 9.983e+02, 1.202e-07
2.085e+00, 5.000e-01, -5.750e-01, 1.156e+05, 0.000e+00, 4.413e-04, 0.000e+00, 2.101e+00, 9.983e+02, 1.947e-07
2.085e+00, 5.000e-01, -5.650e-01, 1.141e+05, 0.000e+00, 6.406e-04, 0.000e+00, 2.072e+00, 9.984e+02, 2.878e-07
2.085e+00, 5.000e-01, -5.550e-01, 1.140e+05, 0.000e+00, 7.346e-04, 0.000e+00, 2.070e+00, 9.984e+02, 3.301e-07
2.085e+00, 5.000e-01, -5.450e-01, 1.139e+05, 0.000e+00, 7.667e-04, 0.000e+00, 2.068e+00, 9.984e+02, 3.445e-07
2.085e+00, 5.000e-01, -5.350e-01, 1.138e+05, 0.000e+00, 7.673e-04, 0.000e+00, 2.067e+00, 9.984e+02, 3.447e-07
2.085e+00, 5.000e-01, -5.250e-01, 1.137e+05, 0.000e+00, 7.533e-04, 0.000e+00, 2.065e+00, 9.984e+02, 3.385e-07
2.085e+00, 5.000e-01, -5.150e-01, 1.136e+05, 0.000e+00, 7.337e-04, 0.000e+00, 2.063e+00, 9.984e+02, 3.296e-07
2.085e+00, 5.000e-01, -5.050e-01, 1.135e+05, 0.000e+00, 7.139e-04, 0.000e+00, 2.061e+00, 9.984e+02, 3.207e-07
2.085e+00, 5.000e-01, -4.950e-01, 1.134e+05, 0.000e+00, 6.980e-04, 0.000e+00, 2.059e+00, 9.984e+02, 3.136e-07
2.085e+00, 5.000e-01, -4.850e-01, 1.133e+05, 0.000e+00, 6.864e-04, 0.000e+00, 2.058e+00, 9.984e+02, 3.030e-07
2.085e+00, 5.000e-01, -4.750e-01, 1.132e+05, 0.000e+00, 6.619e-04, 0.000e+00, 2.056e+00, 9.984e+02, 2.842e-07
2.085e+00, 5.000e-01, -4.650e-01, 1.131e+05, 0.000e+00, 6.100e-04, 0.000e+00, 2.054e+00, 9.984e+02, 2.619e-07
2.085e+00, 5.000e-01, -4.550e-01, 1.130e+05, 0.000e+00, 5.530e-04, 0.000e+00, 2.052e+00, 9.984e+02, 2.374e-07
2.085e+00, 5.000e-01, -4.450e-01, 1.129e+05, 0.000e+00, 5.175e-04, 0.000e+00, 2.050e+00, 9.984e+02, 2.222e-07
2.085e+00, 5.000e-01, -4.350e-01, 1.128e+05, 0.000e+00, 5.004e-04, 0.000e+00, 2.048e+00, 9.984e+02, 2.148e-07
2.085e+00, 5.000e-01, -4.250e-01, 1.127e+05, 0.000e+00, 5.046e-04, 0.000e+00, 2.047e+00, 9.984e+02, 2.166e-07
2.085e+00, 5.000e-01, -4.150e-01, 1.126e+05, 0.000e+00, 5.301e-04, 0.000e+00, 2.045e+00, 9.984e+02, 2.276e-07
2.085e+00, 5.000e-01, -4.050e-01, 1.125e+05, 0.000e+00, 5.555e-04, 0.000e+00, 2.043e+00, 9.984e+02, 2.385e-07
2.085e+00, 5.000e-01, -3.950e-01, 1.124e+05, 0.000e+00, 5.679e-04, 0.000e+00, 2.041e+00, 9.984e+02, 2.438e-07
2.085e+00, 5.000e-01, -3.850e-01, 1.123e+05, 0.000e+00, 5.703e-04, 0.000e+00, 2.039e+00, 9.984e+02, 2.448e-07
2.085e+00, 5.000e-01, -3.750e-01, 1.122e+05, 0.000e+00, 5.699e-04, 0.000e+00, 2.038e+00, 9.984e+02, 2.447e-07
2.085e+00, 5.000e-01, -3.650e-01, 1.121e+05, 0.000e+00, 5.733e-04, 0.000e+00, 2.036e+00, 9.984e+02, 2.461e-07
2.085e+00, 5.000e-01, -3.550e-01, 1.120e+05, 0.000e+00, 5.848e-04, 0.000e+00, 2.034e+00, 9.984e+02, 2.528e-07
2.085e+00, 5.000e-01, -3.450e-01, 1.119e+05, 0.000e+00, 6.038e-04, 0.000e+00, 2.033e+00, 9.984e+02, 2.713e-07
2.085e+00, 5.000e-01, -3.350e-01, 1.118e+05, 0.000e+00, 6.192e-04, 0.000e+00, 2.031e+00, 9.984e+02, 2.782e-07
2.085e+00, 5.000e-01, -3.250e-01, 1.117e+05, 0.000e+00, 6.372e-04, 0.000e+00, 2.029e+00, 9.984e+02, 2.863e-07
2.085e+00, 5.000e-01, -3.150e-01, 1.116e+05, 0.000e+00, 6.541e-04, 0.000e+00, 2.027e+00, 9.984e+02, 2.939e-07
2.085e+00, 5.000e-01, -3.050e-01, 1.115e+05, 0.000e+00, 6.598e-04, 0.000e+00, 2.025e+00, 9.984e+02, 2.965e-07
2.085e+00, 5.000e-01, -2.950e-01, 1.114e+05, 0.000e+00, 6.445e-04, 0.000e+00, 2.024e+00, 9.984e+02, 2.895e-07
2.085e+00, 5.000e-01, -2.850e-01, 1.113e+05, 0.000e+00, 6.043e-04, 0.000e+00, 2.022e+00, 9.984e+02, 2.715e-07
2.085e+00, 5.000e-01, -2.750e-01, 1.112e+05, 0.000e+00, 5.395e-04, 0.000e+00, 2.020e+00, 9.984e+02, 2.424e-07
2.085e+00, 5.000e-01, -2.650e-01, 1.112e+05, 0.000e+00, 4.599e-04, 0.000e+00, 2.020e+00, 9.983e+02, 2.027e-07
2.085e+00, 5.000e-01, -2.550e-01, 1.111e+05, 0.000e+00, 4.102e-04, 0.000e+00, 2.018e+00, 9.983e+02, 1.802e-07
2.085e+00, 5.000e-01, -2.450e-01, 1.110e+05, 0.000e+00, 3.731e-04, 0.000e+00, 2.016e+00, 9.983e+02, 1.639e-07
2.085e+00, 5.000e-01, -2.350e-01, 1.109e+05, 0.000e+00, 3.436e-04, 0.000e+00, 2.014e+00, 9.983e+02, 1.509e-07
2.085e+00, 5.000e-01, -2.250e-01, 1.108e+05, 0.000e+00, 3.203e-04, 0.000e+00, 2.012e+00, 9.983e+02, 1.407e-07
2.085e+00, 5.000e-01, -2.150e-01, 1.107e+05, 0.000e+00, 3.024e-04, 0.000e+00, 2.011e+00, 9.983e+02, 1.328e-07
2.085e+00, 5.000e-01, -2.050e-01, 1.106e+05, 0.000e+00, 2.896e-04, 0.000e+00, 2.009e+00, 9.983e+02, 1.272e-07
2.085e+00, 5.000e-01, -1.950e-01, 1.105e+05, 0.000e+00, 2.822e-04, 0.000e+00, 2.007e+00, 9.983e+02, 1.239e-07
2.085e+00, 5.000e-01, -1.850e-01, 1.104e+05, 0.000e+00, 2.814e-04, 0.000e+00, 2.005e+00, 9.983e+02, 1.229e-07
2.085e+00, 5.000e-01, -1.750e-01, 1.105e+05, 0.000e+00, 2.887e-04, 0.000e+00, 2.007e+00, 9.983e+02, 1.239e-07
2.085e+00, 5.000e-01, -1.650e-01, 1.104e+05, 0.000e+00, 3.037e-04, 0.000e+00, 2.005e+00, 9.983e+02, 1.304e-07
2.085e+00, 5.000e-01, -1.550e-01, 1.103e+05, 0.000e+00, 3.267e-04, 0.000e+00, 2.004e+00, 9.983e+02, 1.402e-07
2.085e+00, 5.000e-01, -1.450e-01, 1.102e+05, 0.000e+00, 3.551e-04, 0.000e+00, 2.002e+00, 9.983e+02, 1.524e-07
2.085e+00, 5.000e-01, -1.350e-01, 1.101e+05, 0.000e+00, 3.725e-04, 0.000e+00, 2.000e+00, 9.983e+02, 1.599e-07
2.085e+00, 5.000e-01, -1.250e-01, 1.100e+05, 0.000e+00, 3.462e-04, 0.000e+00, 1.998e+00, 9.983e+02, 1.486e-07
2.085e+00, 5.000e-01, -1.150e-01, 1.099e+05, 0.000e+00, 2.721e-04, 0.000e+00, 1.996e+00, 9.983e+02, 1.178e-07
2.085e+00, 5.000e-01, -1.050e-01, 1.110e+05, 0.000e+00, 1.803e-04, 0.000e+00, 2.017e+00, 9.983e+02, 7.921e-08
2.085e+00, 5.000e-01, -9.500e-02, 1.109e+05, 0.000e+00, 1.029e-04, 0.000e+00, 2.015e+00, 9.983e+02, 4.518e-08
2.085e+00, 5.000e-01, -8.500e-02, 1.108e+05, 0.000e+00, 5.212e-05, 0.000e+00, 2.013e+00, 9.983e+02, 2.289e-08
2.085e+00, 5.000e-01, -7.500e-02, 1.107e+05, 0.000e+00, 2.437e-05, 0.000e+00, 2.011e+00, 9.983e+02, 1.070e-08
2.085e+00, 5.000e-01, -6.500e-02, 1.106e+05, 0.000e+00, 1.085e-05, 0.000e+00, 2.009e+00, 9.983e+02, 4.767e-09
2.085e+00, 5.000e-01, -5.500e-02, 1.105e+05, 0.000e+00, 4.697e-06, 0.000e+00, 2.008e+00, 9.983e+02, 2.063e-09
2.085e+00, 5.000e-01, -4.500e-02, 1.104e+05, 0.000e+00, 1.989e-06, 0.000e+00, 2.006e+00, 9.983e+02, 8.738e-10
2.085e+00, 5.000e-01, -3.500e-02, 1.103e+05, 0.000e+00, 8.231e-07, 0.000e+00, 2.004e+00, 9.983e+02, 3.615e-10
2.085e+00, 5.000e-01, -2.500e-02, 1.102e+05, 0.000e+00, 3.314e-07, 0.000e+00, 2.002e+00, 9.983e+02, 1.455e-10
2.085e+00, 5.000e-01, -1.500e-02, 1.101e+05, 0.000e+00, 1.303e-07, 0.000e+00, 2.000e+00, 9.983e+02, 5.721e-11
2.085e+00, 5.000e-01, -5.000e-03, 1.100e+05, 0.000e+00, 5.137e-08, 0.000e+00, 1.999e+00, 9.983e+02, 2.256e-11
2.095e+00, 5.000e-01, -1.195e+00, 1.202e+05, 0.000e+00, 1.002e-13, 0.000e+00, 2.184e+00, 9.983e+02, 2.000e-17
2.095e+00, 5.000e-01, -1.185e+00, 1.201e+05, 0.000e+00, 1.002e-13, 0.000e+00, 2.182e+00, 9.983e+02, 2.000e-17
2.095e+00, 5.000e-01, -1.175e+00, 1.200e+05, 0.000e+00, 1.002e-13, 0.000e+00, 2.181e+00, 9.983e+02, 2.000e-17
2.095e+00, 5.000e-01, -1.165e+00, 1.199e+05, 0.000e+00, 1.002e-13, 0.000e+00, 2.179e+00, 9.983e+02, 2.000e-17
2.095e+00, 5.000e-01, -1.155e+00, 1.198e+05, 0.000e+00, 1.002e-13, 0.000e+00, 2.177e+00, 9.983e+02, 2.000e-17
2.095e+00, 5.000e-01, -1.145e+00, 1.197e+05, 0.000e+00, 1.002e-13, 0.000e+00, 2.175e+00, 9.983e+02, 2.000e-17
2.095e+00, 5.000e-01, -1.135e+00, 1.196e+05, 0.000e+00, 1.002e-13, 0.000e+00, 2.173e+00, 9.983e+02, 2.000e-17
2.095e+00, 5.000e-01, -1.125e+00, 1.195e+05, 0.000e+00, 1.002e-13, 0.000e+00, 2.172e+00, 9.983e+02, 2.000e-17
2.095e+00, 5.000e-01, -1.115e+00, 1.194e+05, 0.000e+00, 1.002e-13, 0.000e+00, 2.170e+00, 9.983e+02, 2.000e-17
2.095e+00, 5.000e-01, -1.105e+00, 1.193e+05, 0.000e+00, 1.002e-13, 0.000e+00, 2.168e+00, 9.983e+02, 2.000e-17
2.095e+00, 5.000e-01, -1.095e+00, 1.192e+05, 0.000e+00, 1.002e-13, 0.000e+00, 2.166e+00, 9.983e+02, 2.000e-17
2.095e+00, 5.000e-01, -1.085e+00, 1.191e+05, 0.000e+00, 1.002e-13, 0.000e+00, 2.165e+00, 9.983e+02, 2.002e-17
2.095e+00, 5.000e-01, -1.075e+00, 1.190e+05, 0.000e+00, 2.527e-09, 0.000e+00, 2.163e+00, 9.983e+02, 1.085e-12
2.095e+00, 5.000e-01, -1.065e+00, 1.189e+05, 0.000e+00, 5.298e-04, 0.000e+00, 2.161e+00, 9.984e+02, 2.274e-07
2.095e+00, 5.000e-01, -1.055e+00, 1.188e+05, 0.000e+00, 5.374e-04, 0.000e+00, 2.159e+00, 9.984e+02, 2.307e-07
2.095e+00, 5.000e-01, -1.045e+00, 1.187e+05, 0.000e+00, 5.493e-04, 0.000e+00, 2.158e+00, 9.984e+02, 2.358e-07
2.095e+00, 5.000e-01, -1.035e+00, 1.186e+05, 0.000e+00, 5.632e-04, 0.000e+00, 2.156e+00, 9.984e+02, 2.418e-07
2.095e+00, 5.000e-01, -1.025e+00, 1.185e+05, 0.000e+00, 5.739e-04, 0.000e+00, 2.154e+00, 9.984e+02, 2.464e-07
2.095e+00, 5.000e-01, -1.015e+00, 1.185e+05, 0.000e+00, 5.780e-04, 0.000e+00, 2.152e+00, 9.984e+02, 2.481e-07
2.095e+00, 5.000e-01, -1.005e+00, 1.184e+05, 0.000e+00, 5.769e-04, 0.000e+00, 2.150e+00, 9.984e+02, 2.477e-07
2.095e+00, 5.000e-01, -9.950e-01, 1.183e+05, 0.000e+00, 5.733e-04, 0.000e+00, 2.149e+00, 9.984e+02, 2.461e-07
2.095e+00, 5.000e-01, -9.850e-01, 1.182e+05, 0.000e+00, 5.694e-04, 0.000e+00, 2.147e+00, 9.984e+02, 2.444e-07
2.095e+00, 5.000e-01, -9.750e-01, 1.181e+05, 0.000e+00, 5.668e-04, 0.000e+00, 2.145e+00, 9.984e+02, 2.433e-07
2.095e+00, 5.000e-01, -9.650e-01, 1.180e+05, 0.000e+00, 5.668e-04, 0.000e+00, 2.143e+00, 9.984e+02, 2.433e-07
2.095e+00, 5.000e-01, -9.550e-01, 1.179e+05, 0.000e+00, 5.700e-04, 0.000e+00, 2.141e+00, 9.984e+02, 2.447e-07
2.095e+00, 5.000e-01, -9.450e-01, 1.178e+05, 0.000e+00, 5.759e-04, 0.000e+00, 2.140e+00, 9.984e+02, 2.472e-07
2.095e+00, 5.000e-01, -9.350e-01, 1.177e+05, 0.000e+00, 5.818e-04, 0.000e+00, 2.138e+00, 9.984e+02, 2.498e-07
2.095e+00, 5.000e-01, -9.250e-01, 1.176e+05, 0.000e+00, 5.844e-04, 0.000e+00, 2.136e+00, 9.984e+02, 2.509e-07
2.095e+00, 5.000e-01, -9.150e-01, 1.175e+05, 0.000e+00, 5.807e-04, 0.000e+00, 2.134e+00, 9.984e+02, 2.493e-07
2.095e+00, 5.000e-01, -9.050e-01, 1.174e+05, 0.000e+00, 5.676e-04, 0.000e+00, 2.132e+00, 9.984e+02, 2.437e-07
2.095e+00, 5.000e-01, -8.950e-01, 1.173e+05, 0.000e+00, 5.433e-04, 0.000e+00, 2.131e+00, 9.984e+02, 2.332e-07
2.095e+00, 5.000e-01, -8.850e-01, 1.172e+05, 0.000e+00, 5.130e-04, 0.000e+00, 2.129e+00, 9.984e+02, 2.202e-07
2.095e+00, 5.000e-01, -8.750e-01, 1.171e+05, 0.000e+00, 4.819e-04, 0.000e+00, 2.127e+00, 9.984e+02, 2.069e-07
2.095e+00, 5.000e-01, -8.650e-01, 1.170e+05, 0.000e+00, 4.616e-04, 0.000e+00, 2.125e+00, 9.983e+02, 1.981e-07
2.095e+00, 5.000e-01, -8.550e-01, 1.169e+05, 0.000e+00, 4.734e-04, 0.000e+00, 2.124e+00, 9.983e+02, 2.032e-07
2.095e+00, 5.000e-01, -8.450e-01, 1.168e+05, 0.000e+00, 5.145e-04, 0.000e+00, 2.122e+00, 9.984e+02, 2.209e-07
2.095e+00, 5.000e-01, -8.350e-01, 1.167e+05, 0.000e+00, 5.580e-04, 0.000e+00, 2.120e+00, 9.984e+02, 2.395e-07
2.095e+00, 5.000e-01, -8.250e-01, 1.166e+05, 0.000e+00, 5.961e-04, 0.000e+00, 2.118e+00, 9.984e+02, 2.559e-07
2.095e+00, 5.000e-01, -8.150e-01, 1.165e+05, 0.000e+00, 6.287e-04, 0.000e+00, 2.116e+00, 9.984e+02, 2.699e-07
2.095e+00, 5.000e-01, -8.050e-01, 1.164e+05, 0.000e+00, 6.545e-04, 0.000e+00, 2.115e+00, 9.984e+02, 2.810e-07
2.095e+00, 5.000e-01, -7.950e-01, 1.163e+05, 0.000e+00, 6.703e-04, 0.000e+00, 2.113e+00, 9.984e+02, 2.877e-07
2.095e+00, 5.000e-01, -7.850e-01, 1.162e+05, 0.000e+00, 6.740e-04, 0.000e+00, 2.111e+00, 9.984e+02, 2.893e-07
2.095e+00, 5.000e-01, -7.750e-01, 1.161e+05, 0.000e+00, 6.654e-04, 0.000e+00, 2.109e+00, 9.984e+02, 2.856e-07
2.095e+00, 5.000e-01, -7.650e-01, 1.160e+05, 0.000e+00, 6.436e-04, 0.000e+00, 2.107e+00, 9.984e+02, 2.763e-07
2.095e+00, 5.000e-01, -7.550e-01, 1.159e+05, 0.000e+00, 5.966e-04, 0.000e+00, 2.106e+00, 9.984e+02, 2.561e-07
2.095e+00, 5.000e-01, -7.450e-01, 1.158e+05, 0.000e+00, 5.480e-04, 0.000e+00, 2.104e+00, 9.984e+02, 2.353e-07
2.095e+00, 5.000e-01, -7.350e-01, 1.157e+05, 6.755e-07, 5.963e-04, 0.000e+00, 2.102e+00, 9.984e+02, 2.560e-07
2.095e+00, 5.000e-01, -7.250e-01, 1.156e+05, 4.721e-01, 1.895e-03, 0.000e+00, 2.100e+00, 9.986e+02, 8.559e-07
2.095e+00, 5.000e-01, -7.150e-01, 1.156e+05, 8.683e-01, 1.895e-03, 0.000e+00, 2.100e+00, 9.986e+02, 8.914e-07
2.095e+00, 5.000e-01, -7.050e-01, 1.156e+05, 8.724e-01, 1.895e-03, 0.000e+00, 2.100e+00, 9.986e+02, 8.917e-07
2.095e+00, 5.000e-01, -6.950e-01, 1.156e+05, 8.738e-01, 1.895e-03, 0.000e+00, 2.100e+00, 9.986e+02, 9.015e-07
2.095e+00, 5.000e-01, -6.850e-01, 1.167e+05, 0.000e+00, 3.777e-04, 0.000e+00, 2.120e+00, 9.983e+02, 1.659e-07
2.095e+00, 5.000e-01, -6.750e-01, 1.166e+05, 0.000e+00, 2.402e-04, 0.000e+00, 2.119e+00, 9.983e+02, 1.055e-07
2.095e+00, 5.000e-01, -6.650e-01, 1.165e+05, 0.000e+00, 1.445e-04, 0.000e+00, 2.117e+00, 9.983e+02, 6.349e-08
2.095e+00, 5.000e-01, -6.550e-01, 1.164e+05, 0.000e+00, 8.185e-05, 0.000e+00, 2.115e+00, 9.983e+02, 3.595e-08
2.095e+00, 5.000e-01, -6.450e-01, 1.163e+05, 0.000e+00, 4.417e-05, 0.000e+00, 2.113e+00, 9.983e+02, 1.940e-08
2.095e+00, 5.000e-01, -6.350e-01, 1.162e+05, 0.000e+00, 2.504e-05, 0.000e+00, 2.111e+00, 9.983e+02, 1.100e-08
2.095e+00, 5.000e-01, -6.250e-01, 1.161e+05, 0.000e+00, 2.121e-05, 0.000e+00, 2.110e+00, 9.983e+02, 9.316e-09
2.095e+00, 5.000e-01, -6.150e-01, 1.160e+05, 0.000e+00, 3.457e-05, 0.000e+00, 2.108e+00, 9.983e+02, 1.519e-08
2.095e+00, 5.000e-01, -6.050e-01, 1.159e+05, 0.000e+00, 7.320e-05, 0.000e+00, 2.106e+00, 9.983e+02, 3.215e-08
2.095e+00, 5.000e-01, -5.950e-01, 1.158e+05, 0.000e+00, 1.492e-04, 0.000e+00, 2.104e+00, 9.983e+02, 6.556e-08
2.095e+00, 5.000e-01, -5.850e-01, 1.157e+05, 0.000e+00, 2.715e-04, 0.000e+00, 2.102e+00, 9.983e+02, 1.193e-07
2.095e+00, 5.000e-01, -5.750e-01, 1.156e+05, 0.000e+00, 4.381e-04, 0.000e+00, 2.101e+00, 9.983e+02, 1.937e-07
2.095e+00, 5.000e-01, -5.650e-01, 1.141e+05, 0.000e+00, 6.191e-04, 0.000e+00, 2.072e+00, 9.984e+02, 2.782e-07
2.095e+00, 5.000e-01, -5.550e-01, 1.140e+05, 0.000e+00, 7.068e-04, 0.000e+00, 2.070e+00, 9.984e+02, 3.176e-07
2.095e+00, 5.000e-01, -5.450e-01, 1.139e+05, 0.000e+00, 7.368e-04, 0.000e+00, 2.068e+00, 9.984e+02, 3.310e-07
2.095e+00, 5.000e-01, -5.350e-01, 1.138e+05, 0.000e+00, 7.369e-04, 0.000e+00, 2.067e+00, 9.984e+02, 3.311e-07
2.095e+00, 5.000e-01, -5.250e-01, 1.137e+05, 0.000e+00, 7.227e-04, 0.000e+00, 2.065e+00, 9.984e+02, 3.247e-07
2.095e+00, 5.000e-01, -5.150e-01, 1.136e+05, 0.000e+00, 7.024e-04, 0.000e+00, 2.063e+00, 9.984e+02, 3.156e-07
2.095e+00, 5.000e-01, -5.050e-01, 1.135e+05, 0.000e+00, 6.811e-04, 0.000e+00, 2.061e+00, 9.984e+02, 3.060e-07
2.095e+00, 5.000e-01, -4.950e-01, 1.134e+05, 0.000e+00, 6.639e-04, 0.000e+00, 2.059e+00, 9.984e+02, 2.983e-07
2.095e+00, 5.000e-01, -4.850e-01, 1.133e+05, 0.000e+00, 6.559e-04, 0.000e+00, 2.058e+00, 9.984e+02, 2.891e-07
2.095e+00, 5.000e-01, -4.750e-01, 1.132e+05, 0.000e+00, 6.353e-04, 0.000e+00, 2.056e+00, 9.984e+02, 2.727e-07
2.095e+00, 5.000e-01, -4.650e-01, 1.131e+05, 0.000e+00, 5.791e-04, 0.000e+00, 2.054e+00, 9.984e+02, 2.486e-07
2.095e+00, 5.000e-01, -4.550e-01, 1.130e+05, 0.000e+00, 5.340e-04, 0.000e+00, 2.052e+00, 9.984e+02, 2.293e-07
2.095e+00, 5.000e-01, -4.450e-01, 1.129e+05, 0.000e+00, 5.085e-04, 0.000e+00, 2.050e+00, 9.984e+02, 2.183e-07
2.095e+00, 5.000e-01, -4.350e-01, 1.128e+05, 0.000e+00, 4.985e-04, 0.000e+00, 2.048e+00, 9.984e+02, 2.140e-07
2.095e+00, 5.000e-01, -4.250e-01, 1.127e+05, 0.000e+00, 5.109e-04, 0.000e+00, 2.047e+00, 9.984e+02, 2.193e-07
2.095e+00, 5.000e-01, -4.150e-01, 1.126e+05, 0.000e+00, 5.400e-04, 0.000e+00, 2.045e+00, 9.984e+02, 2.318e-07
2.095e+00, 5.000e-01, -4.050e-01, 1.125e+05, 0.000e+00, 5.601e-04, 0.000e+00, 2.043e+00, 9.984e+02, 2.405e-07
2.095e+00, 5.000e-01, -3.950e-01, 1.124e+05, 0.000e+00, 5.638e-04, 0.000e+00, 2.041e+00, 9.984e+02, 2.420e-07
2.095e+00, 5.000e-01, -3.850e-01, 1.123e+05, 0.000e+00, 5.573e-04, 0.000e+00, 2.039e+00, 9.984e+02, 2.392e-07
2.095e+00, 5.000e-01, -3.750e-01, 1.122e+05, 0.000e+00, 5.495e-04, 0.000e+00, 2.038e+00, 9.984e+02, 2.359e-07
2.095e+00, 5.000e-01, -3.650e-01, 1.121e+05, 0.000e+00, 5.483e-04, 0.000e+00, 2.036e+00, 9.984e+02, 2.354e-07
2.095e+00, 5.000e-01, -3.550e-01, 1.120e+05, 0.000e+00, 5.601e-04, 0.000e+00, 2.034e+00, 9.984e+02, 2.421e-07
2.095e+00, 5.000e-01, -3.450e-01, 1.119e+05, 0.000e+00, 5.849e-04, 0.000e+00, 2.033e+00, 9.984e+02, 2.628e-07
2.095e+00, 5.000e-01, -3.350e-01, 1.118e+05, 0.000e+00, 6.052e-04, 0.000e+00, 2.031e+00, 9.984e+02, 2.719e-07
2.095e+00, 5.000e-01, -3.250e-01, 1.117e+05, 0.000e+00, 6.332e-04, 0.000e+00, 2.029e+00, 9.984e+02, 2.845e-07
2.095e+00, 5.000e-01, -3.150e-01, 1.116e+05, 0.000e+00, 6.647e-04, 0.000e+00, 2.027e+00, 9.984e+02, 2.986e-07
2.095e+00, 5.000e-01, -3.050e-01, 1.115e+05, 0.000e+00, 6.846e-04, 0.000e+00, 2.025e+00, 9.984e+02, 3.076e-07
2.095e+00, 5.000e-01, -2.950e-01, 1.114e+05, 0.000e+00, 6.785e-04, 0.000e+00, 2.024e+00, 9.984e+02, 3.048e-07
2.095e+00, 5.000e-01, -2.850e-01, 1.113e+05, 0.000e+00, 6.447e-04, 0.000e+00, 2.022e+00, 9.984e+02, 2.896e-07
2.095e+00, 5.000e-01, -2.750e-01, 1.112e+05, 0.000e+00, 5.873e-04, 0.000e+00, 2.020e+00, 9.984e+02, 2.639e-07
2.095e+00, 5.000e-01, -2.650e-01, 1.112e+05, 0.000e+00, 5.079e-04, 0.000e+00, 2.020e+00, 9.984e+02, 2.238e-07
2.095e+00, 5.000e-01, -2.550e-01, 1.111e+05, 0.000e+00, 4.452e-04, 0.000e+00, 2.018e+00, 9.983e+02, 1.956e-07
2.095e+00, 5.000e-01, -2.450e-01, 1.110e+05, 0.000e+00, 3.964e-04, 0.000e+00, 2.016e+00, 9.983e+02, 1.741e-07
2.095e+00, 5.000e-01, -2.350e-01, 1.109e+05, 0.000e+00, 3.598e-04, 0.000e+00, 2.014e+00, 9.983e+02, 1.581e-07
2.095e+00, 5.000e-01, -2.250e-01, 1.108e+05, 0.000e+00, 3.325e-04, 0.000e+00, 2.012e+00, 9.983e+02, 1.461e-07
2.095e+00, 5.000e-01, -2.150e-01, 1.107e+05, 0.000e+00, 3.124e-04, 0.000e+00, 2.011e+00, 9.983e+02, 1.372e-07
2.095e+00, 5.000e-01, -2.050e-01, 1.106e+05, 0.000e+00, 2.987e-04, 0.000e+00, 2.009e+00, 9.983e+02, 1.312e-07
2.095e+00, 5.000e-01, -1.950e-01, 1.105e+05, 0.000e+00, 2.914e-04, 0.000e+00, 2.007e+00, 9.983e+02, 1.280e-07
2.095e+00, 5.000e-01, -1.850e-01, 1.104e+05, 0.000e+00, 2.906e-04, 0.000e+00, 2.005e+00, 9.983e+02, 1.269e-07
2.095e+00, 5.000e-01, -1.750e-01, 1.105e+05, 0.000e+00, 2.956e-04, 0.000e+00, 2.007e+00, 9.983e+02, 1.269e-07
2.095e+00, 5.000e-01, -1.650e-01, 1.104e+05, 0.000e+00, 3.046e-04, 0.000e+00, 2.005e+00, 9.983e+02, 1.308e-07
2.095e+00, 5.000e-01, -1.550e-01, 1.103e+05, 0.000e+00, 3.192e-04, 0.000e+00, 2.004e+00, 9.983e+02, 1.370e-07
2.095e+00, 5.000e-01, -1.450e-01, 1.102e+05, 0.000e+00, 3.416e-04, 0.000e+00, 2.002e+00, 9.983e+02, 1.466e-07
2.095e+00, 5.000e-01, -1.350e-01, 1.101e+05, 0.000e+00, 3.596e-04, 0.000e+00, 2.000e+00, 9.983e+02, 1.544e-07
2.095e+00, 5.000e-01, -1.250e-01, 1.100e+05, 0.000e+00, 3.385e-04, 0.000e+00, 1.998e+00, 9.983e+02, 1.453e-07
2.095e+00, 5.000e-01, -1.150e-01, 1.099e+05, 0.000e+00, 2.693e-04, 0.000e+00, 1.996e+00, 9.983e+02, 1.166e-07
2.095e+00, 5.000e-01, -1.050e-01, 1.110e+05, 0.000e+00, 1.805e-04, 0.000e+00, 2.017e+00, 9.983e+02, 7.931e-08
2.095e+00, 5.000e-01, -9.500e-02, 1.109e+05, 0.000e+00, 1.039e-04, 0.000e+00, 2.015e+00, 9.983e+02, 4.565e-08
2.095e+00, 5.000e-01, -8.500e-02, 1.108e+05, 0.000e+00, 5.301e-05, 0.000e+00, 2.013e+00, 9.983e+02, 2.328e-08
2.095e+00, 5.000e-01, -7.500e-02, 1.107e+05, 0.000e+00, 2.489e-05, 0.000e+00, 2.011e+00, 9.983e+02, 1.093e-08
2.095e+00, 5.000e-01, -6.500e-02, 1.106e+05, 0.000e+00, 1.111e-05, 0.000e+00, 2.009e+00, 9.983e+02, 4.880e-09
2.095e+00, 5.000e-01, -5.500e-02, 1.105e+05, 0.000e+00, 4.813e-06, 0.000e+00, 2.008e+00, 9.983e+02, 2.114e-09
2.095e+00, 5.000e-01, -4.500e-02, 1.104e+05, 0.000e+00, 2.040e-06, 0.000e+00, 2.006e+00, 9.983e+02, 8.958e-10
2.095e+00, 5.000e-01, -3.500e-02, 1.103e+05, 0.000e+00, 8.441e-07, 0.000e+00, 2.004e+00, 9.983e+02, 3.708e-10
2.095e+00, 5.000e-01, -2.500e-02, 1.102e+05, 0.000e+00, 3.400e-07, 0.000e+00, 2.002e+00, 9.983e+02, 1.493e-10
2.095e+00, 5.000e-01, -1.500e-02, 1.101e+05, 0.000e+00, 1.338e-07, 0.000e+00, 2.000e+00, 9.983e+02, 5.877e-11
2.095e+00, 5.000e-01, -5.000e-03, 1.100e+05, 0.000e+00, 5.288e-08, 0.000e+00, 1.999e+00, 9.983e+02, 2.323e-11
2.105e+00, 5.000e-01, -1.195e+00, 1.202e+05, 0.000e+00, 1.002e-13, 0.000e+00, 2.184e+00, 9.983e+02, 2.000e-17
2.105e+00, 5.000e-01, -1.185e+00, 1.201e+05, 0.000e+00, 1.002e-13, 0.000e+00, 2.182e+00, 9.983e+02, 2.000e-17
2.105e+00, 5.000e-01, -1.175e+00, 1.200e+05, 0.000e+00, 1.002e-13, 0.000e+00, 2.181e+00, 9.983e+02, 2.000e-17
2.105e+00, 5.000e-01, -1.165e+00, 1.199e+05, 0.000e+00, 1.002e-13, 0.000e+00, 2.179e+00, 9.983e+02, 2.000e-17
2.105e+00, 5.000e-01, -1.155e+00, 1.198e+05, 0.000e+00, 1.002e-13, 0.000e+00, 2.177e+00, 9.983e+02, 2.000e-17
2.105e+00, 5.000e-01, -1.145e+00, 1.197e+05, 0.000e+00, 1.002e-13, 0.000e+00, 2.175e+00, 9.983e+02, 2.000e-17
2.105e+00, 5.000e-01, -1.135e+00, 1.196e+05, 0.000e+00, 1.002e-13, 0.000e+00, 2.173e+00, 9.983e+02, 2.000e-17
2.105e+00, 5.000e-01, -1.125e+00, 1.195e+05, 0.000e+00, 1.002e-13, 0.000e+00, 2.172e+00, 9.983e+02, 2.000e-17
2.105e+00, 5.000e-01, -1.115e+00, 1.194e+05, 0.000e+00, 1.002e-13, 0.000e+00, 2.170e+00, 9.983e+02, 2.000e-17
2.105e+00, 5.000e-01, -1.105e+00, 1.193e+05, 0.000e+00, 1.002e-13, 0.000e+00, 2.168e+00, 9.983e+02, 2.000e-17
2.105e+00, 5.000e-01, -1.095e+00, 1.192e+05, 0.000e+00, 1.002e-13, 0.000e+00, 2.166e+00, 9.983e+02, 2.000e-17
2.105e+00, 5.000e-01, -1.085e+00, 1.191e+05, 0.000e+00, 1.002e-13, 0.000e+00, 2.165e+00, 9.983e+02, 2.002e-17
2.105e+00, 5.000e-01, -1.075e+00, 1.190e+05, 0.000e+00, 2.518e-09, 0.000e+00, 2.163e+00, 9.983e+02, 1.079e-12
2.105e+00, 5.000e-01, -1.065e+00, 1.189e+05, 0.000e+00, 5.278e-04, 0.000e+00, 2.161e+00, 9.984e+02, 2.266e-07
2.105e+00, 5.000e-01, -1.055e+00, 1.188e+05, 0.000e+00, 5.325e-04, 0.000e+00, 2.159e+00, 9.984e+02, 2.286e-07
2.105e+00, 5.000e-01, -1.045e+00, 1.187e+05, 0.000e+00, 5.386e-04, 0.000e+00, 2.158e+00, 9.984e+02, 2.312e-07
2.105e+00, 5.000e-01, -1.035e+00, 1.186e+05, 0.000e+00, 5.466e-04, 0.000e+00, 2.156e+00, 9.984e+02, 2.347e-07
2.105e+00, 5.000e-01, -1.025e+00, 1.185e+05, 0.000e+00, 5.534e-04, 0.000e+00, 2.154e+00, 9.984e+02, 2.376e-07
2.105e+00, 5.000e-01, -1.015e+00, 1.185e+05, 0.000e+00, 5.556e-04, 0.000e+00, 2.152e+00, 9.984e+02, 2.385e-07
2.105e+00, 5.000e-01, -1.005e+00, 1.184e+05, 0.000e+00, 5.535e-04, 0.000e+00, 2.150e+00, 9.984e+02, 2.376e-07
2.105e+00, 5.000e-01, -9.950e-01, 1.183e+05, 0.000e+00, 5.491e-04, 0.000e+00, 2.149e+00, 9.984e+02, 2.357e-07
2.105e+00, 5.000e-01, -9.850e-01, 1.182e+05, 0.000e+00, 5.445e-04, 0.000e+00, 2.147e+00, 9.984e+02, 2.337e-07
2.105e+00, 5.000e-01, -9.750e-01, 1.181e+05, 0.000e+00, 5.410e-04, 0.000e+00, 2.145e+00, 9.984e+02, 2.323e-07
2.105e+00, 5.000e-01, -9.650e-01, 1.180e+05, 0.000e+00, 5.394e-04, 0.000e+00, 2.143e+00, 9.984e+02, 2.316e-07
2.105e+00, 5.000e-01, -9.550e-01, 1.179e+05, 0.000e+00, 5.395e-04, 0.000e+00, 2.141e+00, 9.984e+02, 2.316e-07
2.105e+00, 5.000e-01, -9.450e-01, 1.178e+05, 0.000e+00, 5.405e-04, 0.000e+00, 2.140e+00, 9.984e+02, 2.320e-07
2.105e+00, 5.000e-01, -9.350e-01, 1.177e+05, 0.000e+00, 5.408e-04, 0.000e+00, 2.138e+00, 9.984e+02, 2.322e-07
2.105e+00, 5.000e-01, -9.250e-01, 1.176e+05, 0.000e+00, 5.386e-04, 0.000e+00, 2.136e+00, 9.984e+02, 2.312e-07
2.105e+00, 5.000e-01, -9.150e-01, 1.175e+05, 0.000e+00, 5.319e-04, 0.000e+00, 2.134e+00, 9.984e+02, 2.283e-07
2.105e+00, 5.000e-01, -9.050e-01, 1.174e+05, 0.000e+00, 5.172e-04, 0.000e+00, 2.132e+00, 9.984e+02, 2.220e-07
2.105e+00, 5.000e-01, -8.950e-01, 1.173e+05, 0.000e+00, 4.962e-04, 0.000e+00, 2.131e+00, 9.984e+02, 2.130e-07
2.105e+00, 5.000e-01, -8.850e-01, 1.172e+05, 0.000e+00, 4.709e-04, 0.000e+00, 2.129e+00, 9.983e+02, 2.021e-07
2.105e+00, 5.000e-01, -8.750e-01, 1.171e+05, 0.000e+00, 4.495e-04, 0.000e+00, 2.127e+00, 9.983e+02, 1.929e-07
2.105e+00, 5.000e-01, -8.650e-01, 1.170e+05, 0.000e+00, 4.557e-04, 0.000e+00, 2.125e+00, 9.983e+02, 1.956e-07
2.105e+00, 5.000e-01, -8.550e-01, 1.169e+05, 0.000e+00, 5.125e-04, 0.000e+00, 2.124e+00, 9.984e+02, 2.200e-07
2.105e+00, 5.000e-01, -8.450e-01, 1.168e+05, 0.000e+00, 5.847e-04, 0.000e+00, 2.122e+00, 9.984e+02, 2.510e-07
2.105e+00, 5.000e-01, -8.350e-01, 1.167e+05, 0.000e+00, 6.433e-04, 0.000e+00, 2.120e+00, 9.984e+02, 2.762e-07
2.105e+00, 5.000e-01, -8.250e-01, 1.166e+05, 0.000e+00, 6.872e-04, 0.000e+00, 2.118e+00, 9.984e+02, 2.950e-07
2.105e+00, 5.000e-01, -8.150e-01, 1.165e+05, 0.000e+00, 7.155e-04, 0.000e+00, 2.116e+00, 9.984e+02, 3.072e-07
2.105e+00, 5.000e-01, -8.050e-01, 1.164e+05, 0.000e+00, 7.275e-04, 0.000e+00, 2.115e+00, 9.984e+02, 3.123e-07
2.105e+00, 5.000e-01, -7.950e-01, 1.163e+05, 0.000e+00, 7.284e-04, 0.000e+00, 2.113e+00, 9.984e+02, 3.127e-07
2.105e+00, 5.000e-01, -7.850e-01, 1.162e+05, 0.000e+00, 7.230e-04, 0.000e+00, 2.111e+00, 9.984e+02, 3.104e-07
2.105e+00, 5.000e-01, -7.750e-01, 1.161e+05, 0.000e+00, 7.135e-04, 0.000e+00, 2.109e+00, 9.984e+02, 3.063e-07
2.105e+00, 5.000e-01, -7.650e-01, 1.160e+05, 0.000e+00, 7.004e-04, 0.000e+00, 2.107e+00, 9.984e+02, 3.007e-07
2.105e+00, 5.000e-01, -7.550e-01, 1.159e+05, 0.000e+00, 6.832e-04, 0.000e+00, 2.106e+00, 9.984e+02, 2.933e-07
2.105e+00, 5.000e-01, -7.450e-01, 1.158e+05, 0.000e+00, 6.544e-04, 0.000e+00, 2.104e+00, 9.984e+02, 2.809e-07
2.105e+00, 5.000e-01, -7.350e-01, 1.157e+05, 6.755e-07, 6.376e-04, 0.000e+00, 2.102e+00, 9.984e+02, 2.737e-07
2.105e+00, 5.000e-01, -7.250e-01, 1.156e+05, 4.722e-01, 1.895e-03, 0.000e+00, 2.100e+00, 9.986e+02, 8.559e-07
2.105e+00, 5.000e-01, -7.150e-01, 1.156e+05, 8.683e-01, 1.895e-03, 0.000e+00, 2.100e+00, 9.986e+02, 8.914e-07
2.105e+00, 5.000e-01, -7.050e-01, 1.156e+05, 8.724e-01, 1.895e-03, 0.000e+00, 2.100e+00, 9.986e+02, 8.917e-07
2.105e+00, 5.000e-01, -6.950e-01, 1.168e+05, 6.240e-07, 5.278e-04, 0.000e+00, 2.122e+00, 9.984e+02, 2.295e-07
2.105e+00, 5.000e-01, -6.850e-01, 1.167e+05, 0.000e+00, 3.573e-04, 0.000e+00, 2.120e+00, 9.983e+02, 1.569e-07
2.105e+00, 5.000e-01, -6.750e-01, 1.166e+05, 0.000e+00, 2.311e-04, 0.000e+00, 2.119e+00, 9.983e+02, 1.015e-07
2.105e+00, 5.000e-01, -6.650e-01, 1.165e+05, 0.000e+00, 1.406e-04, 0.000e+00, 2.117e+00, 9.983e+02, 6.178e-08
2.105e+00, 5.000e-01, -6.550e-01, 1.164e+05, 0.000e+00, 8.026e-05, 0.000e+00, 2.115e+00, 9.983e+02, 3.525e-08
2.105e+00, 5.000e-01, -6.450e-01, 1.163e+05, 0.000e+00, 4.351e-05, 0.000e+00, 2.113e+00, 9.983e+02, 1.911e-08
2.105e+00, 5.000e-01, -6.350e-01, 1.162e+05, 0.000e+00, 2.464e-05, 0.000e+00, 2.111e+00, 9.983e+02, 1.082e-08
2.105e+00, 5.000e-01, -6.250e-01, 1.161e+05, 0.000e+00, 2.063e-05, 0.000e+00, 2.110e+00, 9.983e+02, 9.063e-09
2.105e+00, 5.000e-01, -6.150e-01, 1.160e+05, 0.000e+00, 3.346e-05, 0.000e+00, 2.108e+00, 9.983e+02, 1.470e-08
2.105e+00, 5.000e-01, -6.050e-01, 1.159e+05, 0.000e+00, 7.138e-05, 0.000e+00, 2.106e+00, 9.983e+02, 3.135e-08
2.105e+00, 5.000e-01, -5.950e-01, 1.158e+05, 0.000e+00, 1.471e-04, 0.000e+00, 2.104e+00, 9.983e+02, 6.461e-08
2.105e+00, 5.000e-01, -5.850e-01, 1.157e+05, 0.000e+00, 2.699e-04, 0.000e+00, 2.102e+00, 9.983e+02, 1.186e-07
2.105e+00, 5.000e-01, -5.750e-01, 1.156e+05, 0.000e+00, 4.361e-04, 0.000e+00, 2.101e+00, 9.983e+02, 1.932e-07
2.105e+00, 5.000e-01, -5.650e-01, 1.141e+05, 0.000e+00, 5.987e-04, 0.000e+00, 2.072e+00, 9.984e+02, 2.690e-07
2.105e+00, 5.000e-01, -5.550e-01, 1.140e+05, 0.000e+00, 6.802e-04, 0.000e+00, 2.070e+00, 9.984e+02, 3.056e-07
2.105e+00, 5.000e-01, -5.450e-01, 1.139e+05, 0.000e+00, 7.080e-04, 0.000e+00, 2.068e+00, 9.984e+02, 3.181e-07
2.105e+00, 5.000e-01, -5.350e-01, 1.138e+05, 0.000e+00, 7.073e-04, 0.000e+00, 2.067e+00, 9.984e+02, 3.178e-07
2.105e+00, 5.000e-01, -5.250e-01, 1.137e+05, 0.000e+00, 6.928e-04, 0.000e+00, 2.065e+00, 9.984e+02, 3.113e-07
2.105e+00, 5.000e-01, -5.150e-01, 1.136e+05, 0.000e+00, 6.720e-04, 0.000e+00, 2.063e+00, 9.984e+02, 3.019e-07
2.105e+00, 5.000e-01, -5.050e-01, 1.135e+05, 0.000e+00, 6.494e-04, 0.000e+00, 2.061e+00, 9.984e+02, 2.917e-07
2.105e+00, 5.000e-01, -4.950e-01, 1.134e+05, 0.000e+00, 6.301e-04, 0.000e+00, 2.059e+00, 9.984e+02, 2.831e-07
2.105e+00, 5.000e-01, -4.850e-01, 1.133e+05, 0.000e+00, 6.222e-04, 0.000e+00, 2.058e+00, 9.984e+02, 2.738e-07
2.105e+00, 5.000e-01, -4.750e-01, 1.132e+05, 0.000e+00, 6.010e-04, 0.000e+00, 2.056e+00, 9.984e+02, 2.580e-07
2.105e+00, 5.000e-01, -4.650e-01, 1.131e+05, 0.000e+00, 5.523e-04, 0.000e+00, 2.054e+00, 9.984e+02, 2.371e-07
2.105e+00, 5.000e-01, -4.550e-01, 1.130e+05, 0.000e+00, 5.189e-04, 0.000e+00, 2.052e+00, 9.984e+02, 2.228e-07
2.105e+00, 5.000e-01, -4.450e-01, 1.129e+05, 0.000e+00, 5.022e-04, 0.000e+00, 2.050e+00, 9.984e+02, 2.156e-07
2.105e+00, 5.000e-01, -4.350e-01, 1.128e+05, 0.000e+00, 4.996e-04, 0.000e+00, 2.048e+00, 9.984e+02, 2.145e-07
2.105e+00, 5.000e-01, -4.250e-01, 1.127e+05, 0.000e+00, 5.190e-04, 0.000e+00, 2.047e+00, 9.984e+02, 2.228e-07
2.105e+00, 5.000e-01, -4.150e-01, 1.126e+05, 0.000e+00, 5.470e-04, 0.000e+00, 2.045e+00, 9.984e+02, 2.348e-07
2.105e+00, 5.000e-01, -4.050e-01, 1.125e+05, 0.000e+00, 5.588e-04, 0.000e+00, 2.043e+00, 9.984e+02, 2.399e-07
2.105e+00, 5.000e-01, -3.950e-01, 1.124e+05, 0.000e+00, 5.524e-04, 0.000e+00, 2.041e+00, 9.984e+02, 2.372e-07
2.105e+00, 5.000e-01, -3.850e-01, 1.123e+05, 0.000e+00, 5.364e-04, 0.000e+00, 2.039e+00, 9.984e+02, 2.303e-07
2.105e+00, 5.000e-01, -3.750e-01, 1.122e+05, 0.000e+00, 5.205e-04, 0.000e+00, 2.038e+00, 9.984e+02, 2.234e-07
2.105e+00, 5.000e-01, -3.650e-01, 1.121e+05, 0.000e+00, 5.132e-04, 0.000e+00, 2.036e+00, 9.984e+02, 2.203e-07
2.105e+00, 5.000e-01, -3.550e-01, 1.120e+05, 0.000e+00, 5.224e-04, 0.000e+00, 2.034e+00, 9.984e+02, 2.258e-07
2.105e+00, 5.000e-01, -3.450e-01, 1.119e+05, 0.000e+00, 5.484e-04, 0.000e+00, 2.033e+00, 9.984e+02, 2.464e-07
2.105e+00, 5.000e-01, -3.350e-01, 1.118e+05, 0.000e+00, 5.727e-04, 0.000e+00, 2.031e+00, 9.984e+02, 2.573e-07
2.105e+00, 5.000e-01, -3.250e-01, 1.117e+05, 0.000e+00, 6.122e-04, 0.000e+00, 2.029e+00, 9.984e+02, 2.750e-07
2.105e+00, 5.000e-01, -3.150e-01, 1.116e+05, 0.000e+00, 6.628e-04, 0.000e+00, 2.027e+00, 9.984e+02, 2.978e-07
2.105e+00, 5.000e-01, -3.050e-01, 1.115e+05, 0.000e+00, 7.006e-04, 0.000e+00, 2.025e+00, 9.984e+02, 3.148e-07
2.105e+00, 5.000e-01, -2.950e-01, 1.114e+05, 0.000e+00, 7.053e-04, 0.000e+00, 2.024e+00, 9.984e+02, 3.169e-07
2.105e+00, 5.000e-01, -2.850e-01, 1.113e+05, 0.000e+00, 6.780e-04, 0.000e+00, 2.022e+00, 9.984e+02, 3.046e-07
2.105e+00, 5.000e-01, -2.750e-01, 1.112e+05, 0.000e+00, 6.273e-04, 0.000e+00, 2.020e+00, 9.984e+02, 2.818e-07
2.105e+00, 5.000e-01, -2.650e-01, 1.112e+05, 0.000e+00, 5.584e-04, 0.000e+00, 2.020e+00, 9.984e+02, 2.460e-07
2.105e+00, 5.000e-01, -2.550e-01, 1.111e+05, 0.000e+00, 5.006e-04, 0.000e+00, 2.018e+00, 9.984e+02, 2.199e-07
2.105e+00, 5.000e-01, -2.450e-01, 1.110e+05, 0.000e+00, 4.460e-04, 0.000e+00, 2.016e+00, 9.983e+02, 1.959e-07
2.105e+00, 5.000e-01, -2.350e-01, 1.109e+05, 0.000e+00, 3.948e-04, 0.000e+00, 2.014e+00, 9.983e+02, 1.734e-07
2.105e+00, 5.000e-01, -2.250e-01, 1.108e+05, 0.000e+00, 3.546e-04, 0.000e+00, 2.012e+00, 9.983e+02, 1.558e-07
2.105e+00, 5.000e-01, -2.150e-01, 1.107e+05, 0.000e+00, 3.270e-04, 0.000e+00, 2.011e+00, 9.983e+02, 1.436e-07
2.105e+00, 5.000e-01, -2.050e-01, 1.106e+05, 0.000e+00, 3.093e-04, 0.000e+00, 2.009e+00, 9.983e+02, 1.359e-07
2.105e+00, 5.000e-01, -1.950e-01, 1.105e+05, 0.000e+00, 2.997e-04, 0.000e+00, 2.007e+00, 9.983e+02, 1.316e-07
2.105e+00, 5.000e-01, -1.850e-01, 1.104e+05, 0.000e+00, 2.967e-04, 0.000e+00, 2.005e+00, 9.983e+02, 1.296e-07
2.105e+00, 5.000e-01, -1.750e-01, 1.105e+05, 0.000e+00, 2.984e-04, 0.000e+00, 2.007e+00, 9.983e+02, 1.281e-07
2.105e+00, 5.000e-01, -1.650e-01, 1.104e+05, 0.000e+00, 3.031e-04, 0.000e+00, 2.005e+00, 9.983e+02, 1.301e-07
2.105e+00, 5.000e-01, -1.550e-01, 1.103e+05, 0.000e+00, 3.133e-04, 0.000e+00, 2.004e+00, 9.983e+02, 1.345e-07
2.105e+00, 5.000e-01, -1.450e-01, 1.102e+05, 0.000e+00, 3.330e-04, 0.000e+00, 2.002e+00, 9.983e+02, 1.429e-07
2.105e+00, 5.000e-01, -1.350e-01, 1.101e+05, 0.000e+00, 3.511e-04, 0.000e+00, 2.000e+00, 9.983e+02, 1.507e-07
2.105e+00, 5.000e-01, -1.250e-01, 1.100e+05, 0.000e+00, 3.323e-04, 0.000e+00, 1.998e+00, 9.983e+02, 1.427e-07
2.105e+00, 5.000e-01, -1.150e-01, 1.099e+05, 0.000e+00, 2.657e-04, 0.000e+00, 1.996e+00, 9.983e+02, 1.151e-07
2.105e+00, 5.000e-01, -1.050e-01, 1.110e+05, 0.000e+00, 1.791e-04, 0.000e+00, 2.017e+00, 9.983e+02, 7.867e-08
2.105e+00, 5.000e-01, -9.500e-02, 1.109e+05, 0.000e+00, 1.037e-04, 0.000e+00, 2.015e+00, 9.983e+02, 4.555e-08
2.105e+00, 5.000e-01, -8.500e-02, 1.108e+05, 0.000e+00, 5.320e-05, 0.000e+00, 2.013e+00, 9.983e+02, 2.337e-08
2.105e+00, 5.000e-01, -7.500e-02, 1.107e+05, 0.000e+00, 2.511e-05, 0.000e+00, 2.011e+00, 9.983e+02, 1.103e-08
2.105e+00, 5.000e-01, -6.500e-02, 1.106e+05, 0.000e+00, 1.126e-05, 0.000e+00, 2.009e+00, 9.983e+02, 4.947e-09
2.105e+00, 5.000e-01, -5.500e-02, 1.105e+05, 0.000e+00, 4.899e-06, 0.000e+00, 2.008e+00, 9.983e+02, 2.152e-09
2.105e+00, 5.000e-01, -4.500e-02, 1.104e+05, 0.000e+00, 2.083e-06, 0.000e+00, 2.006e+00, 9.983e+02, 9.148e-10
2.105e+00, 5.000e-01, -3.500e-02, 1.103e+05, 0.000e+00, 8.644e-07, 0.000e+00, 2.004e+00, 9.983e+02, 3.797e-10
2.105e+00, 5.000e-01, -2.500e-02, 1.102e+05, 0.000e+00, 3.491e-07, 0.000e+00, 2.002e+00, 9.983e+02, 1.534e-10
2.105e+00, 5.000e-01, -1.500e-02, 1.101e+05, 0.000e+00, 1.378e-07, 0.000e+00, 2.000e+00, 9.983e+02, 6.052e-11
2.105e+00, 5.000e-01, -5.000e-03, 1.100e+05, 0.000e+00, 5.466e-08, 0.000e+00, 1.999e+00, 9.983e+02, 2.401e-11
2.115e+00, 5.000e-01, -1.195e+00, 1.202e+05, 0.000e+00, 1.002e-13, 0.000e+00, 2.184e+00, 9.983e+02, 2.000e-17
2.115e+00, 5.000e-01, -1.185e+00, 1.201e+05, 0.000e+00, 1.002e-13, 0.000e+00, 2.182e+00, 9.983e+02, 2.000e-17
2.115e+00, 5.000e-01, -1.175e+00, 1.200e+05, 0.000e+00, 1.002e-13, 0.000e+00, 2.181e+00, 9.983e+02, 2.000e-17
2.115e+00, 5.000e-01, -1.165e+00, 1.199e+05, 0.000e+00, 1.002e-13, 0.000e+00, 2.179e+00, 9.983e+02, 2.000e-17
2.115e+00, 5.000e-01, -1.155e+00, 1.198e+05, 0.000e+00, 1.002e-13, 0.000e+00, 2.177e+00, 9.983e+02, 2.000e-17
2.115e+00, 5.000e-01, -1.145e+00, 1.197e+05, 0.000e+00, 1.002e-13, 0.000e+00, 2.175e+00, 9.983e+02, 2.000e-17
2.115e+00, 5.000e-01, -1.135e+00, 1.196e+05, 0.000e+00, 1.002e-13, 0.000e+00, 2.173e+00, 9.983e+02, 2.000e-17
2.115e+00, 5.000e-01, -1.125e+00, 1.195e+05, 0.000e+00, 1.002e-13, 0.000e+00, 2.172e+00, 9.983e+02, 2.000e-17
2.115e+00, 5.000e-01, -1.115e+00, 1.194e+05, 0.000e+00, 1.002e-13, 0.000e+00, 2.170e+00, 9.983e+02, 2.000e-17
2.115e+00, 5.000e-01, -1.105e+00, 1.193e+05, 0.000e+00, 1.002e-13, 0.000e+00, 2.168e+00, 9.983e+02, 2.000e-17
2.115e+00, 5.000e-01, -1.095e+00, 1.192e+05, 0.000e+00, 1.002e-13, 0.000e+00, 2.166e+00, 9.983e+02, 2.000e-17
2.115e+00, 5.000e-01, -1.085e+00, 1.191e+05, 0.000e+00, 1.717e-09, 0.000e+00, 2.165e+00, 9.983e+02, 5.428e-13
2.115e+00, 5.000e-01, -1.075e+00, 1.190e+05, 0.000e+00, 9.977e-09, 0.000e+00, 2.163e+00, 9.983e+02, 3.376e-12
2.115e+00, 5.000e-01, -1.065e+00, 1.189e+05, 0.000e+00, 5.249e-04, 0.000e+00, 2.161e+00, 9.984e+02, 2.253e-07
2.115e+00, 5.000e-01, -1.055e+00, 1.188e+05, 0.000e+00, 5.276e-04, 0.000e+00, 2.159e+00, 9.984e+02, 2.265e-07
2.115e+00, 5.000e-01, -1.045e+00, 1.187e+05, 0.000e+00, 5.290e-04, 0.000e+00, 2.158e+00, 9.984e+02, 2.271e-07
2.115e+00, 5.000e-01, -1.035e+00, 1.186e+05, 0.000e+00, 5.312e-04, 0.000e+00, 2.156e+00, 9.984e+02, 2.281e-07
2.115e+00, 5.000e-01, -1.025e+00, 1.185e+05, 0.000e+00, 5.333e-04, 0.000e+00, 2.154e+00, 9.984e+02, 2.289e-07
2.115e+00, 5.000e-01, -1.015e+00, 1.185e+05, 0.000e+00, 5.327e-04, 0.000e+00, 2.152e+00, 9.984e+02, 2.287e-07
2.115e+00, 5.000e-01, -1.005e+00, 1.184e+05, 0.000e+00, 5.288e-04, 0.000e+00, 2.150e+00, 9.984e+02, 2.270e-07
2.115e+00, 5.000e-01, -9.950e-01, 1.183e+05, 0.000e+00, 5.229e-04, 0.000e+00, 2.149e+00, 9.984e+02, 2.245e-07
2.115e+00, 5.000e-01, -9.850e-01, 1.182e+05, 0.000e+00, 5.165e-04, 0.000e+00, 2.147e+00, 9.984e+02, 2.218e-07
2.115e+00, 5.000e-01, -9.750e-01, 1.181e+05, 0.000e+00, 5.109e-04, 0.000e+00, 2.145e+00, 9.984e+02, 2.193e-07
2.115e+00, 5.000e-01, -9.650e-01, 1.180e+05, 0.000e+00, 5.067e-04, 0.000e+00, 2.143e+00, 9.984e+02, 2.175e-07
2.115e+00, 5.000e-01, -9.550e-01, 1.179e+05, 0.000e+00, 5.038e-04, 0.000e+00, 2.141e+00, 9.984e+02, 2.163e-07
2.115e+00, 5.000e-01, -9.450e-01, 1.178e+05, 0.000e+00, 5.017e-04, 0.000e+00, 2.140e+00, 9.984e+02, 2.154e-07
2.115e+00, 5.000e-01, -9.350e-01, 1.177e+05, 0.000e+00, 4.990e-04, 0.000e+00, 2.138e+00, 9.984e+02, 2.142e-07
2.115e+00, 5.000e-01, -9.250e-01, 1.176e+05, 0.000e+00, 4.942e-04, 0.000e+00, 2.136e+00, 9.984e+02, 2.122e-07
2.115e+00, 5.000e-01, -9.150e-01, 1.175e+05, 0.000e+00, 4.854e-04, 0.000e+00, 2.134e+00, 9.984e+02, 2.084e-07
2.115e+00, 5.000e-01, -9.050e-01, 1.174e+05, 0.000e+00, 4.719e-04, 0.000e+00, 2.132e+00, 9.983e+02, 2.026e-07
2.115e+00, 5.000e-01, -8.950e-01, 1.173e+05, 0.000e+00, 4.570e-04, 0.000e+00, 2.131e+00, 9.983e+02, 1.962e-07
2.115e+00, 5.000e-01, -8.850e-01, 1.172e+05, 0.000e+00, 4.421e-04, 0.000e+00, 2.129e+00, 9.983e+02, 1.898e-07
2.115e+00, 5.000e-01, -8.750e-01, 1.171e+05, 0.000e+00, 4.362e-04, 0.000e+00, 2.127e+00, 9.983e+02, 1.873e-07
2.115e+00, 5.000e-01, -8.650e-01, 1.170e+05, 0.000e+00, 4.884e-04, 0.000e+00, 2.125e+00, 9.984e+02, 2.097e-07
2.115e+00, 5.000e-01, -8.550e-01, 1.169e+05, 0.000e+00, 5.922e-04, 0.000e+00, 2.124e+00, 9.984e+02, 2.542e-07
2.115e+00, 5.000e-01, -8.450e-01, 1.168e+05, 0.000e+00, 6.797e-04, 0.000e+00, 2.122e+00, 9.984e+02, 2.918e-07
2.115e+00, 5.000e-01, -8.350e-01, 1.167e+05, 0.000e+00, 7.227e-04, 0.000e+00, 2.120e+00, 9.984e+02, 3.103e-07
2.115e+00, 5.000e-01, -8.250e-01, 1.166e+05, 0.000e+00, 7.354e-04, 0.000e+00, 2.118e+00, 9.984e+02, 3.157e-07
2.115e+00, 5.000e-01, -8.150e-01, 1.165e+05, 0.000e+00, 7.339e-04, 0.000e+00, 2.116e+00, 9.984e+02, 3.151e-07
2.115e+00, 5.000e-01, -8.050e-01, 1.164e+05, 0.000e+00, 7.280e-04, 0.000e+00, 2.115e+00, 9.984e+02, 3.125e-07
2.115e+00, 5.000e-01, -7.950e-01, 1.163e+05, 0.000e+00, 7.245e-04, 0.000e+00, 2.113e+00, 9.984e+02, 3.111e-07
2.115e+00, 5.000e-01, -7.850e-01, 1.162e+05, 0.000e+00, 7.235e-04, 0.000e+00, 2.111e+00, 9.984e+02, 3.106e-07
2.115e+00, 5.000e-01, -7.750e-01, 1.161e+05, 0.000e+00, 7.226e-04, 0.000e+00, 2.109e+00, 9.984e+02, 3.102e-07
2.115e+00, 5.000e-01, -7.650e-01, 1.160e+05, 0.000e+00, 7.237e-04, 0.000e+00, 2.107e+00, 9.984e+02, 3.107e-07
2.115e+00, 5.000e-01, -7.550e-01, 1.159e+05, 0.000e+00, 7.334e-04, 0.000e+00, 2.106e+00, 9.984e+02, 3.149e-07
2.115e+00, 5.000e-01, -7.450e-01, 1.158e+05, 0.000e+00, 7.594e-04, 0.000e+00, 2.104e+00, 9.984e+02, 3.260e-07
2.115e+00, 5.000e-01, -7.350e-01, 1.157e+05, 6.754e-07, 8.090e-04, 0.000e+00, 2.102e+00, 9.984e+02, 3.473e-07
2.115e+00, 5.000e-01, -7.250e-01, 1.156e+05, 4.722e-01, 1.895e-03, 0.000e+00, 2.100e+00, 9.986e+02, 8.559e-07
2.115e+00, 5.000e-01, -7.150e-01, 1.156e+05, 8.683e-01, 1.895e-03, 0.000e+00, 2.100e+00, 9.986e+02, 8.914e-07
2.115e+00, 5.000e-01, -7.050e-01, 1.156e+05, 8.724e-01, 1.895e-03, 0.000e+00, 2.100e+00, 9.986e+02, 8.917e-07
2.115e+00, 5.000e-01, -6.950e-01, 1.168e+05, 6.240e-07, 4.949e-04, 0.000e+00, 2.122e+00, 9.984e+02, 2.156e-07
2.115e+00, 5.000e-01, -6.850e-01, 1.167e+05, 0.000e+00, 3.408e-04, 0.000e+00, 2.120e+00, 9.983e+02, 1.497e-07
2.115e+00, 5.000e-01, -6.750e-01, 1.166e+05, 0.000e+00, 2.222e-04, 0.000e+00, 2.119e+00, 9.983e+02, 9.762e-08
2.115e+00, 5.000e-01, -6.650e-01, 1.165e+05, 0.000e+00, 1.358e-04, 0.000e+00, 2.117e+00, 9.983e+02, 5.967e-08
2.115e+00, 5.000e-01, -6.550e-01, 1.164e+05, 0.000e+00, 7.769e-05, 0.000e+00, 2.115e+00, 9.983e+02, 3.412e-08
2.115e+00, 5.000e-01, -6.450e-01, 1.163e+05, 0.000e+00, 4.217e-05, 0.000e+00, 2.113e+00, 9.983e+02, 1.852e-08
2.115e+00, 5.000e-01, -6.350e-01, 1.162e+05, 0.000e+00, 2.392e-05, 0.000e+00, 2.111e+00, 9.983e+02, 1.051e-08
2.115e+00, 5.000e-01, -6.250e-01, 1.161e+05, 0.000e+00, 2.011e-05, 0.000e+00, 2.110e+00, 9.983e+02, 8.832e-09
2.115e+00, 5.000e-01, -6.150e-01, 1.160e+05, 0.000e+00, 3.278e-05, 0.000e+00, 2.108e+00, 9.983e+02, 1.440e-08
2.115e+00, 5.000e-01, -6.050e-01, 1.159e+05, 0.000e+00, 7.038e-05, 0.000e+00, 2.106e+00, 9.983e+02, 3.091e-08
2.115e+00, 5.000e-01, -5.950e-01, 1.158e+05, 0.000e+00, 1.461e-04, 0.000e+00, 2.104e+00, 9.983e+02, 6.419e-08
2.115e+00, 5.000e-01, -5.850e-01, 1.157e+05, 0.000e+00, 2.700e-04, 0.000e+00, 2.102e+00, 9.983e+02, 1.186e-07
2.115e+00, 5.000e-01, -5.750e-01, 1.156e+05, 0.000e+00, 4.363e-04, 0.000e+00, 2.101e+00, 9.983e+02, 1.937e-07
2.115e+00, 5.000e-01, -5.650e-01, 1.141e+05, 0.000e+00, 5.806e-04, 0.000e+00, 2.072e+00, 9.984e+02, 2.608e-07
2.115e+00, 5.000e-01, -5.550e-01, 1.140e+05, 0.000e+00, 6.563e-04, 0.000e+00, 2.070e+00, 9.984e+02, 2.949e-07
2.115e+00, 5.000e-01, -5.450e-01, 1.139e+05, 0.000e+00, 6.817e-04, 0.000e+00, 2.068e+00, 9.984e+02, 3.063e-07
2.115e+00, 5.000e-01, -5.350e-01, 1.138e+05, 0.000e+00, 6.798e-04, 0.000e+00, 2.067e+00, 9.984e+02, 3.054e-07
2.115e+00, 5.000e-01, -5.250e-01, 1.137e+05, 0.000e+00, 6.645e-04, 0.000e+00, 2.065e+00, 9.984e+02, 2.986e-07
2.115e+00, 5.000e-01, -5.150e-01, 1.136e+05, 0.000e+00, 6.431e-04, 0.000e+00, 2.063e+00, 9.984e+02, 2.889e-07
2.115e+00, 5.000e-01, -5.050e-01, 1.135e+05, 0.000e+00, 6.197e-04, 0.000e+00, 2.061e+00, 9.984e+02, 2.784e-07
2.115e+00, 5.000e-01, -4.950e-01, 1.134e+05, 0.000e+00, 5.988e-04, 0.000e+00, 2.059e+00, 9.984e+02, 2.690e-07
2.115e+00, 5.000e-01, -4.850e-01, 1.133e+05, 0.000e+00, 5.879e-04, 0.000e+00, 2.058e+00, 9.984e+02, 2.583e-07
2.115e+00, 5.000e-01, -4.750e-01, 1.132e+05, 0.000e+00, 5.651e-04, 0.000e+00, 2.056e+00, 9.984e+02, 2.426e-07
2.115e+00, 5.000e-01, -4.650e-01, 1.131e+05, 0.000e+00, 5.286e-04, 0.000e+00, 2.054e+00, 9.984e+02, 2.269e-07
2.115e+00, 5.000e-01, -4.550e-01, 1.130e+05, 0.000e+00, 5.060e-04, 0.000e+00, 2.052e+00, 9.984e+02, 2.172e-07
2.115e+00, 5.000e-01, -4.450e-01, 1.129e+05, 0.000e+00, 4.993e-04, 0.000e+00, 2.050e+00, 9.984e+02, 2.143e-07
2.115e+00, 5.000e-01, -4.350e-01, 1.128e+05, 0.000e+00, 5.051e-04, 0.000e+00, 2.048e+00, 9.984e+02, 2.169e-07
2.115e+00, 5.000e-01, -4.250e-01, 1.127e+05, 0.000e+00, 5.307e-04, 0.000e+00, 2.047e+00, 9.984e+02, 2.278e-07
2.115e+00, 5.000e-01, -4.150e-01, 1.126e+05, 0.000e+00, 5.521e-04, 0.000e+00, 2.045e+00, 9.984e+02, 2.370e-07
2.115e+00, 5.000e-01, -4.050e-01, 1.125e+05, 0.000e+00, 5.532e-04, 0.000e+00, 2.043e+00, 9.984e+02, 2.375e-07
2.115e+00, 5.000e-01, -3.950e-01, 1.124e+05, 0.000e+00, 5.375e-04, 0.000e+00, 2.041e+00, 9.984e+02, 2.307e-07
2.115e+00, 5.000e-01, -3.850e-01, 1.123e+05, 0.000e+00, 5.149e-04, 0.000e+00, 2.039e+00, 9.984e+02, 2.211e-07
2.115e+00, 5.000e-01, -3.750e-01, 1.122e+05, 0.000e+00, 4.940e-04, 0.000e+00, 2.038e+00, 9.984e+02, 2.121e-07
2.115e+00, 5.000e-01, -3.650e-01, 1.121e+05, 0.000e+00, 4.811e-04, 0.000e+00, 2.036e+00, 9.983e+02, 2.065e-07
2.115e+00, 5.000e-01, -3.550e-01, 1.120e+05, 0.000e+00, 4.841e-04, 0.000e+00, 2.034e+00, 9.983e+02, 2.094e-07
2.115e+00, 5.000e-01, -3.450e-01, 1.119e+05, 0.000e+00, 5.047e-04, 0.000e+00, 2.033e+00, 9.984e+02, 2.267e-07
2.115e+00, 5.000e-01, -3.350e-01, 1.118e+05, 0.000e+00, 5.293e-04, 0.000e+00, 2.031e+00, 9.984e+02, 2.378e-07
2.115e+00, 5.000e-01, -3.250e-01, 1.117e+05, 0.000e+00, 5.798e-04, 0.000e+00, 2.029e+00, 9.984e+02, 2.605e-07
2.115e+00, 5.000e-01, -3.150e-01, 1.116e+05, 0.000e+00, 6.527e-04, 0.000e+00, 2.027e+00, 9.984e+02, 2.932e-07
2.115e+00, 5.000e-01, -3.050e-01, 1.115e+05, 0.000e+00, 7.109e-04, 0.000e+00, 2.025e+00, 9.984e+02, 3.194e-07
2.115e+00, 5.000e-01, -2.950e-01, 1.114e+05, 0.000e+00, 7.267e-04, 0.000e+00, 2.024e+00, 9.984e+02, 3.265e-07
2.115e+00, 5.000e-01, -2.850e-01, 1.113e+05, 0.000e+00, 7.064e-04, 0.000e+00, 2.022e+00, 9.984e+02, 3.174e-07
2.115e+00, 5.000e-01, -2.750e-01, 1.112e+05, 0.000e+00, 6.639e-04, 0.000e+00, 2.020e+00, 9.984e+02, 2.983e-07
2.115e+00, 5.000e-01, -2.650e-01, 1.112e+05, 0.000e+00, 6.072e-04, 0.000e+00, 2.020e+00, 9.984e+02, 2.674e-07
2.115e+00, 5.000e-01, -2.550e-01, 1.111e+05, 0.000e+00, 5.570e-04, 0.000e+00, 2.018e+00, 9.984e+02, 2.447e-07
2.115e+00, 5.000e-01, -2.450e-01, 1.110e+05, 0.000e+00, 5.059e-04, 0.000e+00, 2.016e+00, 9.984e+02, 2.222e-07
2.115e+00, 5.000e-01, -2.350e-01, 1.109e+05, 0.000e+00, 4.525e-04, 0.000e+00, 2.014e+00, 9.983e+02, 1.988e-07
2.115e+00, 5.000e-01, -2.250e-01, 1.108e+05, 0.000e+00, 4.001e-04, 0.000e+00, 2.012e+00, 9.983e+02, 1.758e-07
2.115e+00, 5.000e-01, -2.150e-01, 1.107e+05, 0.000e+00, 3.565e-04, 0.000e+00, 2.011e+00, 9.983e+02, 1.566e-07
2.115e+00, 5.000e-01, -2.050e-01, 1.106e+05, 0.000e+00, 3.276e-04, 0.000e+00, 2.009e+00, 9.983e+02, 1.439e-07
2.115e+00, 5.000e-01, -1.950e-01, 1.105e+05, 0.000e+00, 3.122e-04, 0.000e+00, 2.007e+00, 9.983e+02, 1.371e-07
2.115e+00, 5.000e-01, -1.850e-01, 1.104e+05, 0.000e+00, 3.069e-04, 0.000e+00, 2.005e+00, 9.983e+02, 1.340e-07
2.115e+00, 5.000e-01, -1.750e-01, 1.105e+05, 0.000e+00, 3.078e-04, 0.000e+00, 2.007e+00, 9.983e+02, 1.321e-07
2.115e+00, 5.000e-01, -1.650e-01, 1.104e+05, 0.000e+00, 3.124e-04, 0.000e+00, 2.005e+00, 9.983e+02, 1.341e-07
2.115e+00, 5.000e-01, -1.550e-01, 1.103e+05, 0.000e+00, 3.232e-04, 0.000e+00, 2.004e+00, 9.983e+02, 1.388e-07
2.115e+00, 5.000e-01, -1.450e-01, 1.102e+05, 0.000e+00, 3.417e-04, 0.000e+00, 2.002e+00, 9.983e+02, 1.467e-07
2.115e+00, 5.000e-01, -1.350e-01, 1.101e+05, 0.000e+00, 3.544e-04, 0.000e+00, 2.000e+00, 9.983e+02, 1.521e-07
2.115e+00, 5.000e-01, -1.250e-01, 1.100e+05, 0.000e+00, 3.307e-04, 0.000e+00, 1.998e+00, 9.983e+02, 1.419e-07
2.115e+00, 5.000e-01, -1.150e-01, 1.099e+05, 0.000e+00, 2.626e-04, 0.000e+00, 1.996e+00, 9.983e+02, 1.138e-07
2.115e+00, 5.000e-01, -1.050e-01, 1.110e+05, 0.000e+00, 1.765e-04, 0.000e+00, 2.017e+00, 9.983e+02, 7.755e-08
2.115e+00, 5.000e-01, -9.500e-02, 1.109e+05, 0.000e+00, 1.023e-04, 0.000e+00, 2.015e+00, 9.983e+02, 4.495e-08
2.115e+00, 5.000e-01, -8.500e-02, 1.108e+05, 0.000e+00, 5.272e-05, 0.000e+00, 2.013e+00, 9.983e+02, 2.316e-08
2.115e+00, 5.000e-01, -7.500e-02, 1.107e+05, 0.000e+00, 2.504e-05, 0.000e+00, 2.011e+00, 9.983e+02, 1.100e-08
2.115e+00, 5.000e-01, -6.500e-02, 1.106e+05, 0.000e+00, 1.131e-05, 0.000e+00, 2.009e+00, 9.983e+02, 4.968e-09
2.115e+00, 5.000e-01, -5.500e-02, 1.105e+05, 0.000e+00, 4.955e-06, 0.000e+00, 2.008e+00, 9.983e+02, 2.176e-09
2.115e+00, 5.000e-01, -4.500e-02, 1.104e+05, 0.000e+00, 2.120e-06, 0.000e+00, 2.006e+00, 9.983e+02, 9.312e-10
2.115e+00, 5.000e-01, -3.500e-02, 1.103e+05, 0.000e+00, 8.850e-07, 0.000e+00, 2.004e+00, 9.983e+02, 3.887e-10
2.115e+00, 5.000e-01, -2.500e-02, 1.102e+05, 0.000e+00, 3.593e-07, 0.000e+00, 2.002e+00, 9.983e+02, 1.578e-10
2.115e+00, 5.000e-01, -1.500e-02, 1.101e+05, 0.000e+00, 1.425e-07, 0.000e+00, 2.000e+00, 9.983e+02, 6.258e-11
2.115e+00, 5.000e-01, -5.000e-03, 1.100e+05, 0.000e+00, 5.681e-08, 0.000e+00, 1.999e+00, 9.983e+02, 2.495e-11
2.125e+00, 5.000e-01, -1.195e+00, 1.202e+05, 0.000e+00, 1.002e-13, 0.000e+00, 2.184e+00, 9.983e+02, 2.000e-17
2.125e+00, 5.000e-01, -1.185e+00, 1.201e+05, 0.000e+00, 1.002e-13, 0.000e+00, 2.182e+00, 9.983e+02, 2.000e-17
2.125e+00, 5.000e-01, -1.175e+00, 1.200e+05, 0.000e+00, 1.002e-13, 0.000e+00, 2.181e+00, 9.983e+02, 2.000e-17
2.125e+00, 5.000e-01, -1.165e+00, 1.199e+05, 0.000e+00, 1.002e-13, 0.000e+00, 2.179e+00, 9.983e+02, 2.000e-17
2.125e+00, 5.000e-01, -1.155e+00, 1.198e+05, 0.000e+00, 1.002e-13, 0.000e+00, 2.177e+00, 9.983e+02, 2.000e-17
2.125e+00, 5.000e-01, -1.145e+00, 1.197e+05, 0.000e+00, 1.002e-13, 0.000e+00, 2.175e+00, 9.983e+02, 2.000e-17
2.125e+00, 5.000e-01, -1.135e+00, 1.196e+05, 0.000e+00, 1.002e-13, 0.000e+00, 2.173e+00, 9.983e+02, 2.000e-17
2.125e+00, 5.000e-01, -1.125e+00, 1.195e+05, 0.000e+00, 1.002e-13, 0.000e+00, 2.172e+00, 9.983e+02, 2.000e-17
2.125e+00, 5.000e-01, -1.115e+00, 1.194e+05, 0.000e+00, 1.002e-13, 0.000e+00, 2.170e+00, 9.983e+02, 2.000e-17
2.125e+00, 5.000e-01, -1.105e+00, 1.193e+05, 0.000e+00, 1.002e-13, 0.000e+00, 2.168e+00, 9.983e+02, 2.000e-17
2.125e+00, 5.000e-01, -1.095e+00, 1.192e+05, 0.000e+00, 1.002e-13, 0.000e+00, 2.166e+00, 9.983e+02, 2.000e-17
2.125e+00, 5.000e-01, -1.085e+00, 1.191e+05, 0.000e+00, 1.717e-09, 0.000e+00, 2.165e+00, 9.983e+02, 5.428e-13
2.125e+00, 5.000e-01, -1.075e+00, 1.190e+05, 0.000e+00, 4.501e-04, 0.000e+00, 2.163e+00, 9.983e+02, 1.423e-07
2.125e+00, 5.000e-01, -1.065e+00, 1.189e+05, 0.000e+00, 5.164e-04, 0.000e+00, 2.161e+00, 9.984e+02, 2.217e-07
2.125e+00, 5.000e-01, -1.055e+00, 1.188e+05, 0.000e+00, 5.222e-04, 0.000e+00, 2.159e+00, 9.984e+02, 2.242e-07
2.125e+00, 5.000e-01, -1.045e+00, 1.187e+05, 0.000e+00, 5.208e-04, 0.000e+00, 2.158e+00, 9.984e+02, 2.236e-07
2.125e+00, 5.000e-01, -1.035e+00, 1.186e+05, 0.000e+00, 5.184e-04, 0.000e+00, 2.156e+00, 9.984e+02, 2.226e-07
2.125e+00, 5.000e-01, -1.025e+00, 1.185e+05, 0.000e+00, 5.159e-04, 0.000e+00, 2.154e+00, 9.984e+02, 2.215e-07
2.125e+00, 5.000e-01, -1.015e+00, 1.185e+05, 0.000e+00, 5.121e-04, 0.000e+00, 2.152e+00, 9.984e+02, 2.198e-07
2.125e+00, 5.000e-01, -1.005e+00, 1.184e+05, 0.000e+00, 5.061e-04, 0.000e+00, 2.150e+00, 9.984e+02, 2.173e-07
2.125e+00, 5.000e-01, -9.950e-01, 1.183e+05, 0.000e+00, 4.985e-04, 0.000e+00, 2.149e+00, 9.984e+02, 2.140e-07
2.125e+00, 5.000e-01, -9.850e-01, 1.182e+05, 0.000e+00, 4.902e-04, 0.000e+00, 2.147e+00, 9.984e+02, 2.104e-07
2.125e+00, 5.000e-01, -9.750e-01, 1.181e+05, 0.000e+00, 4.825e-04, 0.000e+00, 2.145e+00, 9.984e+02, 2.071e-07
2.125e+00, 5.000e-01, -9.650e-01, 1.180e+05, 0.000e+00, 4.759e-04, 0.000e+00, 2.143e+00, 9.983e+02, 2.043e-07
2.125e+00, 5.000e-01, -9.550e-01, 1.179e+05, 0.000e+00, 4.705e-04, 0.000e+00, 2.141e+00, 9.983e+02, 2.020e-07
2.125e+00, 5.000e-01, -9.450e-01, 1.178e+05, 0.000e+00, 4.658e-04, 0.000e+00, 2.140e+00, 9.983e+02, 2.000e-07
2.125e+00, 5.000e-01, -9.350e-01, 1.177e+05, 0.000e+00, 4.609e-04, 0.000e+00, 2.138e+00, 9.983e+02, 1.979e-07
2.125e+00, 5.000e-01, -9.250e-01, 1.176e+05, 0.000e+00, 4.547e-04, 0.000e+00, 2.136e+00, 9.983e+02, 1.952e-07
2.125e+00, 5.000e-01, -9.150e-01, 1.175e+05, 0.000e+00, 4.463e-04, 0.000e+00, 2.134e+00, 9.983e+02, 1.916e-07
2.125e+00, 5.000e-01, -9.050e-01, 1.174e+05, 0.000e+00, 4.378e-04, 0.000e+00, 2.132e+00, 9.983e+02, 1.880e-07
2.125e+00, 5.000e-01, -8.950e-01, 1.173e+05, 0.000e+00, 4.299e-04, 0.000e+00, 2.131e+00, 9.983e+02, 1.845e-07
2.125e+00, 5.000e-01, -8.850e-01, 1.172e+05, 0.000e+00, 4.232e-04, 0.000e+00, 2.129e+00, 9.983e+02, 1.817e-07
2.125e+00, 5.000e-01, -8.750e-01, 1.171e+05, 0.000e+00, 4.414e-04, 0.000e+00, 2.127e+00, 9.983e+02, 1.895e-07
2.125e+00, 5.000e-01, -8.650e-01, 1.170e+05, 0.000e+00, 5.444e-04, 0.000e+00, 2.125e+00, 9.984e+02, 2.337e-07
2.125e+00, 5.000e-01, -8.550e-01, 1.169e+05, 0.000e+00, 6.388e-04, 0.000e+00, 2.124e+00, 9.984e+02, 2.743e-07
2.125e+00, 5.000e-01, -8.450e-01, 1.168e+05, 0.000e+00, 6.778e-04, 0.000e+00, 2.122e+00, 9.984e+02, 2.910e-07
2.125e+00, 5.000e-01, -8.350e-01, 1.167e+05, 0.000e+00, 6.882e-04, 0.000e+00, 2.120e+00, 9.984e+02, 2.955e-07
2.125e+00, 5.000e-01, -8.250e-01, 1.166e+05, 0.000e+00, 6.833e-04, 0.000e+00, 2.118e+00, 9.984e+02, 2.934e-07
2.125e+00, 5.000e-01, -8.150e-01, 1.165e+05, 0.000e+00, 6.721e-04, 0.000e+00, 2.116e+00, 9.984e+02, 2.885e-07
2.125e+00, 5.000e-01, -8.050e-01, 1.164e+05, 0.000e+00, 6.681e-04, 0.000e+00, 2.115e+00, 9.984e+02, 2.868e-07
2.125e+00, 5.000e-01, -7.950e-01, 1.163e+05, 0.000e+00, 6.727e-04, 0.000e+00, 2.113e+00, 9.984e+02, 2.888e-07
2.125e+00, 5.000e-01, -7.850e-01, 1.162e+05, 0.000e+00, 6.816e-04, 0.000e+00, 2.111e+00, 9.984e+02, 2.926e-07
2.125e+00, 5.000e-01, -7.750e-01, 1.161e+05, 0.000e+00, 6.863e-04, 0.000e+00, 2.109e+00, 9.984e+02, 2.947e-07
2.125e+00, 5.000e-01, -7.650e-01, 1.160e+05, 0.000e+00, 6.887e-04, 0.000e+00, 2.107e+00, 9.984e+02, 2.957e-07
2.125e+00, 5.000e-01, -7.550e-01, 1.159e+05, 0.000e+00, 7.062e-04, 0.000e+00, 2.106e+00, 9.984e+02, 3.032e-07
2.125e+00, 5.000e-01, -7.450e-01, 1.158e+05, 0.000e+00, 7.693e-04, 0.000e+00, 2.104e+00, 9.984e+02, 3.303e-07
2.125e+00, 5.000e-01, -7.350e-01, 1.157e+05, 6.754e-07, 9.021e-04, 0.000e+00, 2.102e+00, 9.984e+02, 3.873e-07
2.125e+00, 5.000e-01, -7.250e-01, 1.156e+05, 4.722e-01, 1.895e-03, 0.000e+00, 2.100e+00, 9.986e+02, 8.559e-07
2.125e+00, 5.000e-01, -7.150e-01, 1.156e+05, 8.683e-01, 1.895e-03, 0.000e+00, 2.100e+00, 9.986e+02, 8.914e-07
2.125e+00, 5.000e-01, -7.050e-01, 1.156e+05, 8.724e-01, 1.895e-03, 0.000e+00, 2.100e+00, 9.986e+02, 8.917e-07
2.125e+00, 5.000e-01, -6.950e-01, 1.168e+05, 6.240e-07, 4.816e-04, 0.000e+00, 2.122e+00, 9.984e+02, 2.102e-07
2.125e+00, 5.000e-01, -6.850e-01, 1.167e+05, 0.000e+00, 3.300e-04, 0.000e+00, 2.120e+00, 9.983e+02, 1.449e-07
2.125e+00, 5.000e-01, -6.750e-01, 1.166e+05, 0.000e+00, 2.139e-04, 0.000e+00, 2.119e+00, 9.983e+02, 9.394e-08
2.125e+00, 5.000e-01, -6.650e-01, 1.165e+05, 0.000e+00, 1.300e-04, 0.000e+00, 2.117e+00, 9.983e+02, 5.711e-08
2.125e+00, 5.000e-01, -6.550e-01, 1.164e+05, 0.000e+00, 7.399e-05, 0.000e+00, 2.115e+00, 9.983e+02, 3.250e-08
2.125e+00, 5.000e-01, -6.450e-01, 1.163e+05, 0.000e+00, 4.006e-05, 0.000e+00, 2.113e+00, 9.983e+02, 1.760e-08
2.125e+00, 5.000e-01, -6.350e-01, 1.162e+05, 0.000e+00, 2.289e-05, 0.000e+00, 2.111e+00, 9.983e+02, 1.005e-08
2.125e+00, 5.000e-01, -6.250e-01, 1.161e+05, 0.000e+00, 1.979e-05, 0.000e+00, 2.110e+00, 9.983e+02, 8.694e-09
2.125e+00, 5.000e-01, -6.150e-01, 1.160e+05, 0.000e+00, 3.292e-05, 0.000e+00, 2.108e+00, 9.983e+02, 1.446e-08
2.125e+00, 5.000e-01, -6.050e-01, 1.159e+05, 0.000e+00, 7.087e-05, 0.000e+00, 2.106e+00, 9.983e+02, 3.113e-08
2.125e+00, 5.000e-01, -5.950e-01, 1.158e+05, 0.000e+00, 1.473e-04, 0.000e+00, 2.104e+00, 9.983e+02, 6.470e-08
2.125e+00, 5.000e-01, -5.850e-01, 1.157e+05, 0.000e+00, 2.726e-04, 0.000e+00, 2.102e+00, 9.983e+02, 1.197e-07
2.125e+00, 5.000e-01, -5.750e-01, 1.142e+05, 0.000e+00, 4.390e-04, 0.000e+00, 2.074e+00, 9.983e+02, 1.953e-07
2.125e+00, 5.000e-01, -5.650e-01, 1.141e+05, 0.000e+00, 5.662e-04, 0.000e+00, 2.072e+00, 9.984e+02, 2.544e-07
2.125e+00, 5.000e-01, -5.550e-01, 1.140e+05, 0.000e+00, 6.363e-04, 0.000e+00, 2.070e+00, 9.984e+02, 2.859e-07
2.125e+00, 5.000e-01, -5.450e-01, 1.139e+05, 0.000e+00, 6.589e-04, 0.000e+00, 2.068e+00, 9.984e+02, 2.961e-07
2.125e+00, 5.000e-01, -5.350e-01, 1.138e+05, 0.000e+00, 6.550e-04, 0.000e+00, 2.067e+00, 9.984e+02, 2.943e-07
2.125e+00, 5.000e-01, -5.250e-01, 1.137e+05, 0.000e+00, 6.385e-04, 0.000e+00, 2.065e+00, 9.984e+02, 2.869e-07
2.125e+00, 5.000e-01, -5.150e-01, 1.136e+05, 0.000e+00, 6.163e-04, 0.000e+00, 2.063e+00, 9.984e+02, 2.769e-07
2.125e+00, 5.000e-01, -5.050e-01, 1.135e+05, 0.000e+00, 5.922e-04, 0.000e+00, 2.061e+00, 9.984e+02, 2.661e-07
2.125e+00, 5.000e-01, -4.950e-01, 1.134e+05, 0.000e+00, 5.700e-04, 0.000e+00, 2.059e+00, 9.984e+02, 2.561e-07
2.125e+00, 5.000e-01, -4.850e-01, 1.133e+05, 0.000e+00, 5.556e-04, 0.000e+00, 2.057e+00, 9.984e+02, 2.438e-07
2.125e+00, 5.000e-01, -4.750e-01, 1.132e+05, 0.000e+00, 5.328e-04, 0.000e+00, 2.056e+00, 9.984e+02, 2.288e-07
2.125e+00, 5.000e-01, -4.650e-01, 1.131e+05, 0.000e+00, 5.077e-04, 0.000e+00, 2.054e+00, 9.984e+02, 2.180e-07
2.125e+00, 5.000e-01, -4.550e-01, 1.130e+05, 0.000e+00, 4.972e-04, 0.000e+00, 2.052e+00, 9.984e+02, 2.135e-07
2.125e+00, 5.000e-01, -4.450e-01, 1.129e+05, 0.000e+00, 5.017e-04, 0.000e+00, 2.050e+00, 9.984e+02, 2.154e-07
2.125e+00, 5.000e-01, -4.350e-01, 1.128e+05, 0.000e+00, 5.185e-04, 0.000e+00, 2.048e+00, 9.984e+02, 2.226e-07
2.125e+00, 5.000e-01, -4.250e-01, 1.127e+05, 0.000e+00, 5.465e-04, 0.000e+00, 2.047e+00, 9.984e+02, 2.346e-07
2.125e+00, 5.000e-01, -4.150e-01, 1.126e+05, 0.000e+00, 5.530e-04, 0.000e+00, 2.045e+00, 9.984e+02, 2.374e-07
2.125e+00, 5.000e-01, -4.050e-01, 1.125e+05, 0.000e+00, 5.421e-04, 0.000e+00, 2.043e+00, 9.984e+02, 2.327e-07
2.125e+00, 5.000e-01, -3.950e-01, 1.124e+05, 0.000e+00, 5.200e-04, 0.000e+00, 2.041e+00, 9.984e+02, 2.232e-07
2.125e+00, 5.000e-01, -3.850e-01, 1.123e+05, 0.000e+00, 4.962e-04, 0.000e+00, 2.039e+00, 9.984e+02, 2.130e-07
2.125e+00, 5.000e-01, -3.750e-01, 1.122e+05, 0.000e+00, 4.765e-04, 0.000e+00, 2.038e+00, 9.983e+02, 2.046e-07
2.125e+00, 5.000e-01, -3.650e-01, 1.121e+05, 0.000e+00, 4.618e-04, 0.000e+00, 2.036e+00, 9.983e+02, 1.983e-07
2.125e+00, 5.000e-01, -3.550e-01, 1.120e+05, 0.000e+00, 4.561e-04, 0.000e+00, 2.034e+00, 9.983e+02, 1.981e-07
2.125e+00, 5.000e-01, -3.450e-01, 1.119e+05, 0.000e+00, 4.655e-04, 0.000e+00, 2.033e+00, 9.983e+02, 2.091e-07
2.125e+00, 5.000e-01, -3.350e-01, 1.118e+05, 0.000e+00, 4.856e-04, 0.000e+00, 2.031e+00, 9.983e+02, 2.182e-07
2.125e+00, 5.000e-01, -3.250e-01, 1.117e+05, 0.000e+00, 5.446e-04, 0.000e+00, 2.029e+00, 9.984e+02, 2.447e-07
2.125e+00, 5.000e-01, -3.150e-01, 1.116e+05, 0.000e+00, 6.410e-04, 0.000e+00, 2.027e+00, 9.984e+02, 2.880e-07
2.125e+00, 5.000e-01, -3.050e-01, 1.115e+05, 0.000e+00, 7.189e-04, 0.000e+00, 2.025e+00, 9.984e+02, 3.230e-07
2.125e+00, 5.000e-01, -2.950e-01, 1.114e+05, 0.000e+00, 7.440e-04, 0.000e+00, 2.024e+00, 9.984e+02, 3.343e-07
2.125e+00, 5.000e-01, -2.850e-01, 1.113e+05, 0.000e+00, 7.303e-04, 0.000e+00, 2.022e+00, 9.984e+02, 3.281e-07
2.125e+00, 5.000e-01, -2.750e-01, 1.112e+05, 0.000e+00, 6.966e-04, 0.000e+00, 2.020e+00, 9.984e+02, 3.130e-07
2.125e+00, 5.000e-01, -2.650e-01, 1.112e+05, 0.000e+00, 6.513e-04, 0.000e+00, 2.020e+00, 9.984e+02, 2.868e-07
2.125e+00, 5.000e-01, -2.550e-01, 1.111e+05, 0.000e+00, 6.091e-04, 0.000e+00, 2.018e+00, 9.984e+02, 2.676e-07
2.125e+00, 5.000e-01, -2.450e-01, 1.110e+05, 0.000e+00, 5.643e-04, 0.000e+00, 2.016e+00, 9.984e+02, 2.479e-07
2.125e+00, 5.000e-01, -2.350e-01, 1.109e+05, 0.000e+00, 5.158e-04, 0.000e+00, 2.014e+00, 9.984e+02, 2.266e-07
2.125e+00, 5.000e-01, -2.250e-01, 1.108e+05, 0.000e+00, 4.647e-04, 0.000e+00, 2.012e+00, 9.983e+02, 2.041e-07
2.125e+00, 5.000e-01, -2.150e-01, 1.107e+05, 0.000e+00, 4.142e-04, 0.000e+00, 2.011e+00, 9.983e+02, 1.819e-07
2.125e+00, 5.000e-01, -2.050e-01, 1.106e+05, 0.000e+00, 3.705e-04, 0.000e+00, 2.009e+00, 9.983e+02, 1.628e-07
2.125e+00, 5.000e-01, -1.950e-01, 1.105e+05, 0.000e+00, 3.425e-04, 0.000e+00, 2.007e+00, 9.983e+02, 1.504e-07
2.125e+00, 5.000e-01, -1.850e-01, 1.104e+05, 0.000e+00, 3.359e-04, 0.000e+00, 2.005e+00, 9.983e+02, 1.465e-07
2.125e+00, 5.000e-01, -1.750e-01, 1.105e+05, 0.000e+00, 3.407e-04, 0.000e+00, 2.007e+00, 9.983e+02, 1.463e-07
2.125e+00, 5.000e-01, -1.650e-01, 1.104e+05, 0.000e+00, 3.487e-04, 0.000e+00, 2.005e+00, 9.983e+02, 1.497e-07
2.125e+00, 5.000e-01, -1.550e-01, 1.103e+05, 0.000e+00, 3.596e-04, 0.000e+00, 2.004e+00, 9.983e+02, 1.544e-07
2.125e+00, 5.000e-01, -1.450e-01, 1.102e+05, 0.000e+00, 3.706e-04, 0.000e+00, 2.002e+00, 9.983e+02, 1.591e-07
2.125e+00, 5.000e-01, -1.350e-01, 1.101e+05, 0.000e+00, 3.685e-04, 0.000e+00, 2.000e+00, 9.983e+02, 1.582e-07
2.125e+00, 5.000e-01, -1.250e-01, 1.100e+05, 0.000e+00, 3.328e-04, 0.000e+00, 1.998e+00, 9.983e+02, 1.428e-07
2.125e+00, 5.000e-01, -1.150e-01, 1.099e+05, 0.000e+00, 2.597e-04, 0.000e+00, 1.996e+00, 9.983e+02, 1.125e-07
2.125e+00, 5.000e-01, -1.050e-01, 1.110e+05, 0.000e+00, 1.729e-04, 0.000e+00, 2.017e+00, 9.983e+02, 7.594e-08
2.125e+00, 5.000e-01, -9.500e-02, 1.109e+05, 0.000e+00, 9.994e-05, 0.000e+00, 2.015e+00, 9.983e+02, 4.390e-08
2.125e+00, 5.000e-01, -8.500e-02, 1.108e+05, 0.000e+00, 5.166e-05, 0.000e+00, 2.013e+00, 9.983e+02, 2.269e-08
2.125e+00, 5.000e-01, -7.500e-02, 1.107e+05, 0.000e+00, 2.472e-05, 0.000e+00, 2.011e+00, 9.983e+02, 1.086e-08
2.125e+00, 5.000e-01, -6.500e-02, 1.106e+05, 0.000e+00, 1.127e-05, 0.000e+00, 2.009e+00, 9.983e+02, 4.952e-09
2.125e+00, 5.000e-01, -5.500e-02, 1.105e+05, 0.000e+00, 4.989e-06, 0.000e+00, 2.008e+00, 9.983e+02, 2.191e-09
2.125e+00, 5.000e-01, -4.500e-02, 1.104e+05, 0.000e+00, 2.155e-06, 0.000e+00, 2.006e+00, 9.983e+02, 9.467e-10
2.125e+00, 5.000e-01, -3.500e-02, 1.103e+05, 0.000e+00, 9.073e-07, 0.000e+00, 2.004e+00, 9.983e+02, 3.985e-10
2.125e+00, 5.000e-01, -2.500e-02, 1.102e+05, 0.000e+00, 3.711e-07, 0.000e+00, 2.002e+00, 9.983e+02, 1.630e-10
2.125e+00, 5.000e-01, -1.500e-02, 1.101e+05, 0.000e+00, 1.481e-07, 0.000e+00, 2.000e+00, 9.983e+02, 6.507e-11
2.125e+00, 5.000e-01, -5.000e-03, 1.100e+05, 0.000e+00, 5.944e-08, 0.000e+00, 1.999e+00, 9.983e+02, 2.611e-11
2.135e+00, 5.000e-01, -1.195e+00, 1.202e+05, 0.000e+00, 1.002e-13, 0.000e+00, 2.184e+00, 9.983e+02, 2.000e-17
2.135e+00, 5.000e-01, -1.185e+00, 1.201e+05, 0.000e+00, 1.002e-13, 0.000e+00, 2.182e+00, 9.983e+02, 2.000e-17
2.135e+00, 5.000e-01, -1.175e+00, 1.200e+05, 0.000e+00, 1.002e-13, 0.000e+00, 2.181e+00, 9.983e+02, 2.000e-17
2.135e+00, 5.000e-01, -1.165e+00, 1.199e+05, 0.000e+00, 1.002e-13, 0.000e+00, 2.179e+00, 9.983e+02, 2.000e-17
2.135e+00, 5.000e-01, -1.155e+00, 1.198e+05, 0.000e+00, 1.002e-13, 0.000e+00, 2.177e+00, 9.983e+02, 2.000e-17
2.135e+00, 5.000e-01, -1.145e+00, 1.197e+05, 0.000e+00, 1.002e-13, 0.000e+00, 2.175e+00, 9.983e+02, 2.000e-17
2.135e+00, 5.000e-01, -1.135e+00, 1.196e+05, 0.000e+00, 1.002e-13, 0.000e+00, 2.173e+00, 9.983e+02, 2.000e-17
2.135e+00, 5.000e-01, -1.125e+00, 1.195e+05, 0.000e+00, 1.002e-13, 0.000e+00, 2.172e+00, 9.983e+02, 2.000e-17
2.135e+00, 5.000e-01, -1.115e+00, 1.194e+05, 0.000e+00, 1.002e-13, 0.000e+00, 2.170e+00, 9.983e+02, 2.000e-17
2.135e+00, 5.000e-01, -1.105e+00, 1.193e+05, 0.000e+00, 1.002e-13, 0.000e+00, 2.168e+00, 9.983e+02, 2.000e-17
2.135e+00, 5.000e-01, -1.095e+00, 1.192e+05, 0.000e+00, 1.002e-13, 0.000e+00, 2.166e+00, 9.983e+02, 2.000e-17
2.135e+00, 5.000e-01, -1.085e+00, 1.191e+05, 0.000e+00, 1.682e-09, 0.000e+00, 2.165e+00, 9.983e+02, 5.723e-13
2.135e+00, 5.000e-01, -1.075e+00, 1.190e+05, 0.000e+00, 4.408e-04, 0.000e+00, 2.163e+00, 9.983e+02, 1.500e-07
2.135e+00, 5.000e-01, -1.065e+00, 1.189e+05, 0.000e+00, 5.073e-04, 0.000e+00, 2.161e+00, 9.984e+02, 2.178e-07
2.135e+00, 5.000e-01, -1.055e+00, 1.188e+05, 0.000e+00, 5.159e-04, 0.000e+00, 2.159e+00, 9.984e+02, 2.215e-07
2.135e+00, 5.000e-01, -1.045e+00, 1.187e+05, 0.000e+00, 5.131e-04, 0.000e+00, 2.158e+00, 9.984e+02, 2.203e-07
2.135e+00, 5.000e-01, -1.035e+00, 1.186e+05, 0.000e+00, 5.073e-04, 0.000e+00, 2.156e+00, 9.984e+02, 2.178e-07
2.135e+00, 5.000e-01, -1.025e+00, 1.185e+05, 0.000e+00, 5.010e-04, 0.000e+00, 2.154e+00, 9.984e+02, 2.151e-07
2.135e+00, 5.000e-01, -1.015e+00, 1.185e+05, 0.000e+00, 4.941e-04, 0.000e+00, 2.152e+00, 9.984e+02, 2.121e-07
2.135e+00, 5.000e-01, -1.005e+00, 1.184e+05, 0.000e+00, 4.860e-04, 0.000e+00, 2.150e+00, 9.984e+02, 2.086e-07
2.135e+00, 5.000e-01, -9.950e-01, 1.183e+05, 0.000e+00, 4.767e-04, 0.000e+00, 2.149e+00, 9.983e+02, 2.047e-07
2.135e+00, 5.000e-01, -9.850e-01, 1.182e+05, 0.000e+00, 4.672e-04, 0.000e+00, 2.147e+00, 9.983e+02, 2.006e-07
2.135e+00, 5.000e-01, -9.750e-01, 1.181e+05, 0.000e+00, 4.582e-04, 0.000e+00, 2.145e+00, 9.983e+02, 1.967e-07
2.135e+00, 5.000e-01, -9.650e-01, 1.180e+05, 0.000e+00, 4.505e-04, 0.000e+00, 2.143e+00, 9.983e+02, 1.934e-07
2.135e+00, 5.000e-01, -9.550e-01, 1.179e+05, 0.000e+00, 4.441e-04, 0.000e+00, 2.141e+00, 9.983e+02, 1.906e-07
2.135e+00, 5.000e-01, -9.450e-01, 1.178e+05, 0.000e+00, 4.385e-04, 0.000e+00, 2.140e+00, 9.983e+02, 1.883e-07
2.135e+00, 5.000e-01, -9.350e-01, 1.177e+05, 0.000e+00, 4.333e-04, 0.000e+00, 2.138e+00, 9.983e+02, 1.860e-07
2.135e+00, 5.000e-01, -9.250e-01, 1.176e+05, 0.000e+00, 4.280e-04, 0.000e+00, 2.136e+00, 9.983e+02, 1.837e-07
2.135e+00, 5.000e-01, -9.150e-01, 1.175e+05, 0.000e+00, 4.232e-04, 0.000e+00, 2.134e+00, 9.983e+02, 1.817e-07
2.135e+00, 5.000e-01, -9.050e-01, 1.174e+05, 0.000e+00, 4.194e-04, 0.000e+00, 2.132e+00, 9.983e+02, 1.800e-07
2.135e+00, 5.000e-01, -8.950e-01, 1.173e+05, 0.000e+00, 4.163e-04, 0.000e+00, 2.131e+00, 9.983e+02, 1.787e-07
2.135e+00, 5.000e-01, -8.850e-01, 1.172e+05, 0.000e+00, 4.139e-04, 0.000e+00, 2.129e+00, 9.983e+02, 1.777e-07
2.135e+00, 5.000e-01, -8.750e-01, 1.171e+05, 0.000e+00, 4.151e-04, 0.000e+00, 2.127e+00, 9.983e+02, 1.782e-07
2.135e+00, 5.000e-01, -8.650e-01, 1.170e+05, 0.000e+00, 4.403e-04, 0.000e+00, 2.125e+00, 9.983e+02, 1.890e-07
2.135e+00, 5.000e-01, -8.550e-01, 1.169e+05, 0.000e+00, 4.911e-04, 0.000e+00, 2.124e+00, 9.984e+02, 2.108e-07
2.135e+00, 5.000e-01, -8.450e-01, 1.168e+05, 0.000e+00, 5.355e-04, 0.000e+00, 2.122e+00, 9.984e+02, 2.299e-07
2.135e+00, 5.000e-01, -8.350e-01, 1.167e+05, 0.000e+00, 5.628e-04, 0.000e+00, 2.120e+00, 9.984e+02, 2.416e-07
2.135e+00, 5.000e-01, -8.250e-01, 1.166e+05, 0.000e+00, 5.687e-04, 0.000e+00, 2.118e+00, 9.984e+02, 2.441e-07
2.135e+00, 5.000e-01, -8.150e-01, 1.165e+05, 0.000e+00, 5.686e-04, 0.000e+00, 2.116e+00, 9.984e+02, 2.441e-07
2.135e+00, 5.000e-01, -8.050e-01, 1.164e+05, 0.000e+00, 5.761e-04, 0.000e+00, 2.115e+00, 9.984e+02, 2.473e-07
2.135e+00, 5.000e-01, -7.950e-01, 1.163e+05, 0.000e+00, 5.908e-04, 0.000e+00, 2.113e+00, 9.984e+02, 2.536e-07
2.135e+00, 5.000e-01, -7.850e-01, 1.162e+05, 0.000e+00, 6.127e-04, 0.000e+00, 2.111e+00, 9.984e+02, 2.630e-07
2.135e+00, 5.000e-01, -7.750e-01, 1.161e+05, 0.000e+00, 6.173e-04, 0.000e+00, 2.109e+00, 9.984e+02, 2.650e-07
2.135e+00, 5.000e-01, -7.650e-01, 1.160e+05, 0.000e+00, 5.980e-04, 0.000e+00, 2.107e+00, 9.984e+02, 2.567e-07
2.135e+00, 5.000e-01, -7.550e-01, 1.159e+05, 0.000e+00, 5.849e-04, 0.000e+00, 2.106e+00, 9.984e+02, 2.511e-07
2.135e+00, 5.000e-01, -7.450e-01, 1.158e+05, 0.000e+00, 6.520e-04, 0.000e+00, 2.104e+00, 9.984e+02, 2.799e-07
2.135e+00, 5.000e-01, -7.350e-01, 1.157e+05, 6.752e-07, 8.212e-04, 0.000e+00, 2.102e+00, 9.984e+02, 3.525e-07
2.135e+00, 5.000e-01, -7.250e-01, 1.156e+05, 4.720e-01, 1.895e-03, 0.000e+00, 2.100e+00, 9.986e+02, 8.559e-07
2.135e+00, 5.000e-01, -7.150e-01, 1.156e+05, 8.683e-01, 1.895e-03, 0.000e+00, 2.100e+00, 9.986e+02, 8.914e-07
2.135e+00, 5.000e-01, -7.050e-01, 1.156e+05, 8.724e-01, 1.895e-03, 0.000e+00, 2.100e+00, 9.986e+02, 8.917e-07
2.135e+00, 5.000e-01, -6.950e-01, 1.168e+05, 6.240e-07, 4.700e-04, 0.000e+00, 2.122e+00, 9.983e+02, 2.056e-07
2.135e+00, 5.000e-01, -6.850e-01, 1.167e+05, 0.000e+00, 3.192e-04, 0.000e+00, 2.120e+00, 9.983e+02, 1.402e-07
2.135e+00, 5.000e-01, -6.750e-01, 1.166e+05, 0.000e+00, 2.046e-04, 0.000e+00, 2.119e+00, 9.983e+02, 8.986e-08
2.135e+00, 5.000e-01, -6.650e-01, 1.165e+05, 0.000e+00, 1.230e-04, 0.000e+00, 2.117e+00, 9.983e+02, 5.402e-08
2.135e+00, 5.000e-01, -6.550e-01, 1.164e+05, 0.000e+00, 6.931e-05, 0.000e+00, 2.115e+00, 9.983e+02, 3.045e-08
2.135e+00, 5.000e-01, -6.450e-01, 1.163e+05, 0.000e+00, 3.735e-05, 0.000e+00, 2.113e+00, 9.983e+02, 1.641e-08
2.135e+00, 5.000e-01, -6.350e-01, 1.162e+05, 0.000e+00, 2.172e-05, 0.000e+00, 2.111e+00, 9.983e+02, 9.539e-09
2.135e+00, 5.000e-01, -6.250e-01, 1.161e+05, 0.000e+00, 1.986e-05, 0.000e+00, 2.110e+00, 9.983e+02, 8.722e-09
2.135e+00, 5.000e-01, -6.150e-01, 1.160e+05, 0.000e+00, 3.413e-05, 0.000e+00, 2.108e+00, 9.983e+02, 1.499e-08
2.135e+00, 5.000e-01, -6.050e-01, 1.159e+05, 0.000e+00, 7.329e-05, 0.000e+00, 2.106e+00, 9.983e+02, 3.219e-08
2.135e+00, 5.000e-01, -5.950e-01, 1.158e+05, 0.000e+00, 1.512e-04, 0.000e+00, 2.104e+00, 9.983e+02, 6.641e-08
2.135e+00, 5.000e-01, -5.850e-01, 1.157e+05, 0.000e+00, 2.784e-04, 0.000e+00, 2.102e+00, 9.983e+02, 1.223e-07
2.135e+00, 5.000e-01, -5.750e-01, 1.142e+05, 0.000e+00, 4.450e-04, 0.000e+00, 2.074e+00, 9.983e+02, 1.983e-07
2.135e+00, 5.000e-01, -5.650e-01, 1.141e+05, 0.000e+00, 5.562e-04, 0.000e+00, 2.072e+00, 9.984e+02, 2.499e-07
2.135e+00, 5.000e-01, -5.550e-01, 1.140e+05, 0.000e+00, 6.205e-04, 0.000e+00, 2.070e+00, 9.984e+02, 2.788e-07
2.135e+00, 5.000e-01, -5.450e-01, 1.139e+05, 0.000e+00, 6.401e-04, 0.000e+00, 2.068e+00, 9.984e+02, 2.876e-07
2.135e+00, 5.000e-01, -5.350e-01, 1.138e+05, 0.000e+00, 6.335e-04, 0.000e+00, 2.067e+00, 9.984e+02, 2.846e-07
2.135e+00, 5.000e-01, -5.250e-01, 1.137e+05, 0.000e+00, 6.150e-04, 0.000e+00, 2.065e+00, 9.984e+02, 2.763e-07
2.135e+00, 5.000e-01, -5.150e-01, 1.136e+05, 0.000e+00, 5.913e-04, 0.000e+00, 2.063e+00, 9.984e+02, 2.656e-07
2.135e+00, 5.000e-01, -5.050e-01, 1.135e+05, 0.000e+00, 5.662e-04, 0.000e+00, 2.061e+00, 9.984e+02, 2.544e-07
2.135e+00, 5.000e-01, -4.950e-01, 1.134e+05, 0.000e+00, 5.429e-04, 0.000e+00, 2.059e+00, 9.984e+02, 2.439e-07
2.135e+00, 5.000e-01, -4.850e-01, 1.133e+05, 0.000e+00, 5.264e-04, 0.000e+00, 2.057e+00, 9.984e+02, 2.306e-07
2.135e+00, 5.000e-01, -4.750e-01, 1.132e+05, 0.000e+00, 5.062e-04, 0.000e+00, 2.056e+00, 9.984e+02, 2.173e-07
2.135e+00, 5.000e-01, -4.650e-01, 1.131e+05, 0.000e+00, 4.933e-04, 0.000e+00, 2.054e+00, 9.984e+02, 2.118e-07
2.135e+00, 5.000e-01, -4.550e-01, 1.130e+05, 0.000e+00, 4.961e-04, 0.000e+00, 2.052e+00, 9.984e+02, 2.130e-07
2.135e+00, 5.000e-01, -4.450e-01, 1.129e+05, 0.000e+00, 5.131e-04, 0.000e+00, 2.050e+00, 9.984e+02, 2.203e-07
2.135e+00, 5.000e-01, -4.350e-01, 1.128e+05, 0.000e+00, 5.429e-04, 0.000e+00, 2.048e+00, 9.984e+02, 2.331e-07
2.135e+00, 5.000e-01, -4.250e-01, 1.127e+05, 0.000e+00, 5.517e-04, 0.000e+00, 2.047e+00, 9.984e+02, 2.368e-07
2.135e+00, 5.000e-01, -4.150e-01, 1.126e+05, 0.000e+00, 5.447e-04, 0.000e+00, 2.045e+00, 9.984e+02, 2.338e-07
2.135e+00, 5.000e-01, -4.050e-01, 1.125e+05, 0.000e+00, 5.245e-04, 0.000e+00, 2.043e+00, 9.984e+02, 2.252e-07
2.135e+00, 5.000e-01, -3.950e-01, 1.124e+05, 0.000e+00, 5.003e-04, 0.000e+00, 2.041e+00, 9.984e+02, 2.148e-07
2.135e+00, 5.000e-01, -3.850e-01, 1.123e+05, 0.000e+00, 4.828e-04, 0.000e+00, 2.039e+00, 9.983e+02, 2.072e-07
2.135e+00, 5.000e-01, -3.750e-01, 1.122e+05, 0.000e+00, 4.680e-04, 0.000e+00, 2.038e+00, 9.983e+02, 2.009e-07
2.135e+00, 5.000e-01, -3.650e-01, 1.121e+05, 0.000e+00, 4.541e-04, 0.000e+00, 2.036e+00, 9.983e+02, 1.950e-07
2.135e+00, 5.000e-01, -3.550e-01, 1.120e+05, 0.000e+00, 4.430e-04, 0.000e+00, 2.034e+00, 9.983e+02, 1.931e-07
2.135e+00, 5.000e-01, -3.450e-01, 1.119e+05, 0.000e+00, 4.410e-04, 0.000e+00, 2.033e+00, 9.983e+02, 1.981e-07
2.135e+00, 5.000e-01, -3.350e-01, 1.118e+05, 0.000e+00, 4.557e-04, 0.000e+00, 2.031e+00, 9.983e+02, 2.047e-07
2.135e+00, 5.000e-01, -3.250e-01, 1.117e+05, 0.000e+00, 5.201e-04, 0.000e+00, 2.029e+00, 9.984e+02, 2.337e-07
2.135e+00, 5.000e-01, -3.150e-01, 1.116e+05, 0.000e+00, 6.364e-04, 0.000e+00, 2.027e+00, 9.984e+02, 2.859e-07
2.135e+00, 5.000e-01, -3.050e-01, 1.115e+05, 0.000e+00, 7.282e-04, 0.000e+00, 2.025e+00, 9.984e+02, 3.272e-07
2.135e+00, 5.000e-01, -2.950e-01, 1.114e+05, 0.000e+00, 7.583e-04, 0.000e+00, 2.024e+00, 9.984e+02, 3.407e-07
2.135e+00, 5.000e-01, -2.850e-01, 1.113e+05, 0.000e+00, 7.495e-04, 0.000e+00, 2.022e+00, 9.984e+02, 3.367e-07
2.135e+00, 5.000e-01, -2.750e-01, 1.112e+05, 0.000e+00, 7.239e-04, 0.000e+00, 2.020e+00, 9.984e+02, 3.252e-07
2.135e+00, 5.000e-01, -2.650e-01, 1.112e+05, 0.000e+00, 6.892e-04, 0.000e+00, 2.020e+00, 9.984e+02, 3.034e-07
2.135e+00, 5.000e-01, -2.550e-01, 1.111e+05, 0.000e+00, 6.550e-04, 0.000e+00, 2.018e+00, 9.984e+02, 2.877e-07
2.135e+00, 5.000e-01, -2.450e-01, 1.110e+05, 0.000e+00, 6.181e-04, 0.000e+00, 2.016e+00, 9.984e+02, 2.715e-07
2.135e+00, 5.000e-01, -2.350e-01, 1.109e+05, 0.000e+00, 5.781e-04, 0.000e+00, 2.014e+00, 9.984e+02, 2.540e-07
2.135e+00, 5.000e-01, -2.250e-01, 1.108e+05, 0.000e+00, 5.356e-04, 0.000e+00, 2.012e+00, 9.984e+02, 2.353e-07
2.135e+00, 5.000e-01, -2.150e-01, 1.107e+05, 0.000e+00, 4.917e-04, 0.000e+00, 2.011e+00, 9.983e+02, 2.160e-07
2.135e+00, 5.000e-01, -2.050e-01, 1.106e+05, 0.000e+00, 4.492e-04, 0.000e+00, 2.009e+00, 9.983e+02, 1.973e-07
2.135e+00, 5.000e-01, -1.950e-01, 1.105e+05, 0.000e+00, 4.148e-04, 0.000e+00, 2.007e+00, 9.983e+02, 1.822e-07
2.135e+00, 5.000e-01, -1.850e-01, 1.104e+05, 0.000e+00, 4.015e-04, 0.000e+00, 2.005e+00, 9.983e+02, 1.748e-07
2.135e+00, 5.000e-01, -1.750e-01, 1.105e+05, 0.000e+00, 4.070e-04, 0.000e+00, 2.007e+00, 9.983e+02, 1.747e-07
2.135e+00, 5.000e-01, -1.650e-01, 1.104e+05, 0.000e+00, 4.119e-04, 0.000e+00, 2.005e+00, 9.983e+02, 1.768e-07
2.135e+00, 5.000e-01, -1.550e-01, 1.103e+05, 0.000e+00, 4.127e-04, 0.000e+00, 2.004e+00, 9.983e+02, 1.772e-07
2.135e+00, 5.000e-01, -1.450e-01, 1.102e+05, 0.000e+00, 4.063e-04, 0.000e+00, 2.002e+00, 9.983e+02, 1.744e-07
2.135e+00, 5.000e-01, -1.350e-01, 1.101e+05, 0.000e+00, 3.834e-04, 0.000e+00, 2.000e+00, 9.983e+02, 1.646e-07
2.135e+00, 5.000e-01, -1.250e-01, 1.100e+05, 0.000e+00, 3.332e-04, 0.000e+00, 1.998e+00, 9.983e+02, 1.430e-07
2.135e+00, 5.000e-01, -1.150e-01, 1.099e+05, 0.000e+00, 2.544e-04, 0.000e+00, 1.996e+00, 9.983e+02, 1.102e-07
2.135e+00, 5.000e-01, -1.050e-01, 1.110e+05, 0.000e+00, 1.673e-04, 0.000e+00, 2.017e+00, 9.983e+02, 7.350e-08
2.135e+00, 5.000e-01, -9.500e-02, 1.109e+05, 0.000e+00, 9.639e-05, 0.000e+00, 2.015e+00, 9.983e+02, 4.234e-08
2.135e+00, 5.000e-01, -8.500e-02, 1.108e+05, 0.000e+00, 5.004e-05, 0.000e+00, 2.013e+00, 9.983e+02, 2.198e-08
2.135e+00, 5.000e-01, -7.500e-02, 1.107e+05, 0.000e+00, 2.418e-05, 0.000e+00, 2.011e+00, 9.983e+02, 1.062e-08
2.135e+00, 5.000e-01, -6.500e-02, 1.106e+05, 0.000e+00, 1.117e-05, 0.000e+00, 2.009e+00, 9.983e+02, 4.905e-09
2.135e+00, 5.000e-01, -5.500e-02, 1.105e+05, 0.000e+00, 5.008e-06, 0.000e+00, 2.008e+00, 9.983e+02, 2.200e-09
2.135e+00, 5.000e-01, -4.500e-02, 1.104e+05, 0.000e+00, 2.190e-06, 0.000e+00, 2.006e+00, 9.983e+02, 9.620e-10
2.135e+00, 5.000e-01, -3.500e-02, 1.103e+05, 0.000e+00, 9.319e-07, 0.000e+00, 2.004e+00, 9.983e+02, 4.093e-10
2.135e+00, 5.000e-01, -2.500e-02, 1.102e+05, 0.000e+00, 3.847e-07, 0.000e+00, 2.002e+00, 9.983e+02, 1.690e-10
2.135e+00, 5.000e-01, -1.500e-02, 1.101e+05, 0.000e+00, 1.548e-07, 0.000e+00, 2.000e+00, 9.983e+02, 6.799e-11
2.135e+00, 5.000e-01, -5.000e-03, 1.100e+05, 0.000e+00, 6.259e-08, 0.000e+00, 1.999e+00, 9.983e+02, 2.749e-11
2.145e+00, 5.000e-01, -1.195e+00, 1.202e+05, 0.000e+00, 1.002e-13, 0.000e+00, 2.184e+00, 9.983e+02, 2.000e-17
2.145e+00, 5.000e-01, -1.185e+00, 1.201e+05, 0.000e+00, 1.002e-13, 0.000e+00, 2.182e+00, 9.983e+02, 2.000e-17
2.145e+00, 5.000e-01, -1.175e+00, 1.200e+05, 0.000e+00, 1.002e-13, 0.000e+00, 2.181e+00, 9.983e+02, 2.000e-17
2.145e+00, 5.000e-01, -1.165e+00, 1.199e+05, 0.000e+00, 1.002e-13, 0.000e+00, 2.179e+00, 9.983e+02, 2.000e-17
2.145e+00, 5.000e-01, -1.155e+00, 1.198e+05, 0.000e+00, 1.002e-13, 0.000e+00, 2.177e+00, 9.983e+02, 2.000e-17
2.145e+00, 5.000e-01, -1.145e+00, 1.197e+05, 0.000e+00, 1.002e-13, 0.000e+00, 2.175e+00, 9.983e+02, 2.000e-17
2.145e+00, 5.000e-01, -1.135e+00, 1.196e+05, 0.000e+00, 1.002e-13, 0.000e+00, 2.173e+00, 9.983e+02, 2.000e-17
2.145e+00, 5.000e-01, -1.125e+00, 1.195e+05, 0.000e+00, 1.002e-13, 0.000e+00, 2.172e+00, 9.983e+02, 2.000e-17
2.145e+00, 5.000e-01, -1.115e+00, 1.194e+05, 0.000e+00, 1.002e-13, 0.000e+00, 2.170e+00, 9.983e+02, 2.000e-17
2.145e+00, 5.000e-01, -1.105e+00, 1.193e+05, 0.000e+00, 1.002e-13, 0.000e+00, 2.168e+00, 9.983e+02, 2.000e-17
2.145e+00, 5.000e-01, -1.095e+00, 1.192e+05, 0.000e+00, 1.002e-13, 0.000e+00, 2.166e+00, 9.983e+02, 2.000e-17
2.145e+00, 5.000e-01, -1.085e+00, 1.191e+05, 0.000e+00, 1.682e-09, 0.000e+00, 2.165e+00, 9.983e+02, 5.723e-13
2.145e+00, 5.000e-01, -1.075e+00, 1.190e+05, 0.000e+00, 4.327e-04, 0.000e+00, 2.163e+00, 9.983e+02, 1.578e-07
2.145e+00, 5.000e-01, -1.065e+00, 1.189e+05, 0.000e+00, 4.973e-04, 0.000e+00, 2.161e+00, 9.984e+02, 2.135e-07
2.145e+00, 5.000e-01, -1.055e+00, 1.188e+05, 0.000e+00, 5.077e-04, 0.000e+00, 2.159e+00, 9.984e+02, 2.180e-07
2.145e+00, 5.000e-01, -1.045e+00, 1.187e+05, 0.000e+00, 5.040e-04, 0.000e+00, 2.158e+00, 9.984e+02, 2.164e-07
2.145e+00, 5.000e-01, -1.035e+00, 1.186e+05, 0.000e+00, 4.962e-04, 0.000e+00, 2.156e+00, 9.984e+02, 2.130e-07
2.145e+00, 5.000e-01, -1.025e+00, 1.185e+05, 0.000e+00, 4.876e-04, 0.000e+00, 2.154e+00, 9.984e+02, 2.093e-07
2.145e+00, 5.000e-01, -1.015e+00, 1.185e+05, 0.000e+00, 4.784e-04, 0.000e+00, 2.152e+00, 9.984e+02, 2.054e-07
2.145e+00, 5.000e-01, -1.005e+00, 1.184e+05, 0.000e+00, 4.685e-04, 0.000e+00, 2.150e+00, 9.983e+02, 2.011e-07
2.145e+00, 5.000e-01, -9.950e-01, 1.183e+05, 0.000e+00, 4.580e-04, 0.000e+00, 2.149e+00, 9.983e+02, 1.966e-07
2.145e+00, 5.000e-01, -9.850e-01, 1.182e+05, 0.000e+00, 4.476e-04, 0.000e+00, 2.147e+00, 9.983e+02, 1.922e-07
2.145e+00, 5.000e-01, -9.750e-01, 1.181e+05, 0.000e+00, 4.386e-04, 0.000e+00, 2.145e+00, 9.983e+02, 1.883e-07
2.145e+00, 5.000e-01, -9.650e-01, 1.180e+05, 0.000e+00, 4.320e-04, 0.000e+00, 2.143e+00, 9.983e+02, 1.854e-07
2.145e+00, 5.000e-01, -9.550e-01, 1.179e+05, 0.000e+00, 4.275e-04, 0.000e+00, 2.141e+00, 9.983e+02, 1.835e-07
2.145e+00, 5.000e-01, -9.450e-01, 1.178e+05, 0.000e+00, 4.244e-04, 0.000e+00, 2.140e+00, 9.983e+02, 1.822e-07
2.145e+00, 5.000e-01, -9.350e-01, 1.177e+05, 0.000e+00, 4.224e-04, 0.000e+00, 2.138e+00, 9.983e+02, 1.813e-07
2.145e+00, 5.000e-01, -9.250e-01, 1.176e+05, 0.000e+00, 4.214e-04, 0.000e+00, 2.136e+00, 9.983e+02, 1.809e-07
2.145e+00, 5.000e-01, -9.150e-01, 1.175e+05, 0.000e+00, 4.219e-04, 0.000e+00, 2.134e+00, 9.983e+02, 1.811e-07
2.145e+00, 5.000e-01, -9.050e-01, 1.174e+05, 0.000e+00, 4.232e-04, 0.000e+00, 2.132e+00, 9.983e+02, 1.817e-07
2.145e+00, 5.000e-01, -8.950e-01, 1.173e+05, 0.000e+00, 4.251e-04, 0.000e+00, 2.131e+00, 9.983e+02, 1.825e-07
2.145e+00, 5.000e-01, -8.850e-01, 1.172e+05, 0.000e+00, 4.275e-04, 0.000e+00, 2.129e+00, 9.983e+02, 1.835e-07
2.145e+00, 5.000e-01, -8.750e-01, 1.171e+05, 0.000e+00, 4.295e-04, 0.000e+00, 2.127e+00, 9.983e+02, 1.844e-07
2.145e+00, 5.000e-01, -8.650e-01, 1.170e+05, 0.000e+00, 4.361e-04, 0.000e+00, 2.125e+00, 9.983e+02, 1.872e-07
2.145e+00, 5.000e-01, -8.550e-01, 1.169e+05, 0.000e+00, 4.556e-04, 0.000e+00, 2.124e+00, 9.983e+02, 1.956e-07
2.145e+00, 5.000e-01, -8.450e-01, 1.168e+05, 0.000e+00, 4.796e-04, 0.000e+00, 2.122e+00, 9.983e+02, 2.059e-07
2.145e+00, 5.000e-01, -8.350e-01, 1.167e+05, 0.000e+00, 4.984e-04, 0.000e+00, 2.120e+00, 9.984e+02, 2.140e-07
2.145e+00, 5.000e-01, -8.250e-01, 1.166e+05, 0.000e+00, 5.079e-04, 0.000e+00, 2.118e+00, 9.984e+02, 2.180e-07
2.145e+00, 5.000e-01, -8.150e-01, 1.165e+05, 0.000e+00, 5.091e-04, 0.000e+00, 2.116e+00, 9.984e+02, 2.185e-07
2.145e+00, 5.000e-01, -8.050e-01, 1.164e+05, 0.000e+00, 5.066e-04, 0.000e+00, 2.115e+00, 9.984e+02, 2.175e-07
2.145e+00, 5.000e-01, -7.950e-01, 1.163e+05, 0.000e+00, 5.098e-04, 0.000e+00, 2.113e+00, 9.984e+02, 2.188e-07
2.145e+00, 5.000e-01, -7.850e-01, 1.162e+05, 0.000e+00, 5.486e-04, 0.000e+00, 2.111e+00, 9.984e+02, 2.355e-07
2.145e+00, 5.000e-01, -7.750e-01, 1.161e+05, 0.000e+00, 5.607e-04, 0.000e+00, 2.109e+00, 9.984e+02, 2.407e-07
2.145e+00, 5.000e-01, -7.650e-01, 1.160e+05, 0.000e+00, 5.211e-04, 0.000e+00, 2.107e+00, 9.984e+02, 2.237e-07
2.145e+00, 5.000e-01, -7.550e-01, 1.159e+05, 0.000e+00, 4.768e-04, 0.000e+00, 2.106e+00, 9.983e+02, 2.047e-07
2.145e+00, 5.000e-01, -7.450e-01, 1.158e+05, 0.000e+00, 5.617e-04, 0.000e+00, 2.104e+00, 9.984e+02, 2.411e-07
2.145e+00, 5.000e-01, -7.350e-01, 1.157e+05, 6.752e-07, 7.626e-04, 0.000e+00, 2.102e+00, 9.984e+02, 3.274e-07
2.145e+00, 5.000e-01, -7.250e-01, 1.156e+05, 4.718e-01, 1.895e-03, 0.000e+00, 2.100e+00, 9.986e+02, 8.558e-07
2.145e+00, 5.000e-01, -7.150e-01, 1.156e+05, 8.683e-01, 1.895e-03, 0.000e+00, 2.100e+00, 9.986e+02, 8.914e-07
2.145e+00, 5.000e-01, -7.050e-01, 1.156e+05, 8.724e-01, 1.895e-03, 0.000e+00, 2.100e+00, 9.986e+02, 8.917e-07
2.145e+00, 5.000e-01, -6.950e-01, 1.168e+05, 6.240e-07, 4.563e-04, 0.000e+00, 2.122e+00, 9.983e+02, 2.000e-07
2.145e+00, 5.000e-01, -6.850e-01, 1.167e+05, 0.000e+00, 3.067e-04, 0.000e+00, 2.120e+00, 9.983e+02, 1.347e-07
2.145e+00, 5.000e-01, -6.750e-01, 1.166e+05, 0.000e+00, 1.942e-04, 0.000e+00, 2.119e+00, 9.983e+02, 8.531e-08
2.145e+00, 5.000e-01, -6.650e-01, 1.165e+05, 0.000e+00, 1.153e-04, 0.000e+00, 2.117e+00, 9.983e+02, 5.063e-08
2.145e+00, 5.000e-01, -6.550e-01, 1.164e+05, 0.000e+00, 6.420e-05, 0.000e+00, 2.115e+00, 9.983e+02, 2.820e-08
2.145e+00, 5.000e-01, -6.450e-01, 1.163e+05, 0.000e+00, 3.446e-05, 0.000e+00, 2.113e+00, 9.983e+02, 1.514e-08
2.145e+00, 5.000e-01, -6.350e-01, 1.162e+05, 0.000e+00, 2.061e-05, 0.000e+00, 2.111e+00, 9.983e+02, 9.052e-09
2.145e+00, 5.000e-01, -6.250e-01, 1.161e+05, 0.000e+00, 2.033e-05, 0.000e+00, 2.110e+00, 9.983e+02, 8.930e-09
2.145e+00, 5.000e-01, -6.150e-01, 1.160e+05, 0.000e+00, 3.625e-05, 0.000e+00, 2.108e+00, 9.983e+02, 1.592e-08
2.145e+00, 5.000e-01, -6.050e-01, 1.159e+05, 0.000e+00, 7.723e-05, 0.000e+00, 2.106e+00, 9.983e+02, 3.392e-08
2.145e+00, 5.000e-01, -5.950e-01, 1.158e+05, 0.000e+00, 1.571e-04, 0.000e+00, 2.104e+00, 9.983e+02, 6.902e-08
2.145e+00, 5.000e-01, -5.850e-01, 1.157e+05, 0.000e+00, 2.865e-04, 0.000e+00, 2.102e+00, 9.983e+02, 1.258e-07
2.145e+00, 5.000e-01, -5.750e-01, 1.142e+05, 0.000e+00, 4.534e-04, 0.000e+00, 2.074e+00, 9.983e+02, 2.025e-07
2.145e+00, 5.000e-01, -5.650e-01, 1.141e+05, 0.000e+00, 5.507e-04, 0.000e+00, 2.072e+00, 9.984e+02, 2.474e-07
2.145e+00, 5.000e-01, -5.550e-01, 1.140e+05, 0.000e+00, 6.086e-04, 0.000e+00, 2.070e+00, 9.984e+02, 2.734e-07
2.145e+00, 5.000e-01, -5.450e-01, 1.139e+05, 0.000e+00, 6.247e-04, 0.000e+00, 2.068e+00, 9.984e+02, 2.807e-07
2.145e+00, 5.000e-01, -5.350e-01, 1.138e+05, 0.000e+00, 6.146e-04, 0.000e+00, 2.067e+00, 9.984e+02, 2.761e-07
2.145e+00, 5.000e-01, -5.250e-01, 1.137e+05, 0.000e+00, 5.929e-04, 0.000e+00, 2.065e+00, 9.984e+02, 2.664e-07
2.145e+00, 5.000e-01, -5.150e-01, 1.136e+05, 0.000e+00, 5.671e-04, 0.000e+00, 2.063e+00, 9.984e+02, 2.548e-07
2.145e+00, 5.000e-01, -5.050e-01, 1.135e+05, 0.000e+00, 5.411e-04, 0.000e+00, 2.061e+00, 9.984e+02, 2.431e-07
2.145e+00, 5.000e-01, -4.950e-01, 1.134e+05, 0.000e+00, 5.180e-04, 0.000e+00, 2.059e+00, 9.984e+02, 2.327e-07
2.145e+00, 5.000e-01, -4.850e-01, 1.133e+05, 0.000e+00, 5.023e-04, 0.000e+00, 2.057e+00, 9.984e+02, 2.197e-07
2.145e+00, 5.000e-01, -4.750e-01, 1.132e+05, 0.000e+00, 4.894e-04, 0.000e+00, 2.056e+00, 9.984e+02, 2.101e-07
2.145e+00, 5.000e-01, -4.650e-01, 1.131e+05, 0.000e+00, 4.895e-04, 0.000e+00, 2.054e+00, 9.984e+02, 2.101e-07
2.145e+00, 5.000e-01, -4.550e-01, 1.130e+05, 0.000e+00, 5.078e-04, 0.000e+00, 2.052e+00, 9.984e+02, 2.180e-07
2.145e+00, 5.000e-01, -4.450e-01, 1.129e+05, 0.000e+00, 5.393e-04, 0.000e+00, 2.050e+00, 9.984e+02, 2.315e-07
2.145e+00, 5.000e-01, -4.350e-01, 1.128e+05, 0.000e+00, 5.487e-04, 0.000e+00, 2.048e+00, 9.984e+02, 2.355e-07
2.145e+00, 5.000e-01, -4.250e-01, 1.127e+05, 0.000e+00, 5.450e-04, 0.000e+00, 2.047e+00, 9.984e+02, 2.340e-07
2.145e+00, 5.000e-01, -4.150e-01, 1.126e+05, 0.000e+00, 5.263e-04, 0.000e+00, 2.045e+00, 9.984e+02, 2.260e-07
2.145e+00, 5.000e-01, -4.050e-01, 1.125e+05, 0.000e+00, 5.030e-04, 0.000e+00, 2.043e+00, 9.984e+02, 2.159e-07
2.145e+00, 5.000e-01, -3.950e-01, 1.124e+05, 0.000e+00, 4.882e-04, 0.000e+00, 2.041e+00, 9.983e+02, 2.096e-07
2.145e+00, 5.000e-01, -3.850e-01, 1.123e+05, 0.000e+00, 4.771e-04, 0.000e+00, 2.039e+00, 9.983e+02, 2.048e-07
2.145e+00, 5.000e-01, -3.750e-01, 1.122e+05, 0.000e+00, 4.661e-04, 0.000e+00, 2.038e+00, 9.983e+02, 2.001e-07
2.145e+00, 5.000e-01, -3.650e-01, 1.121e+05, 0.000e+00, 4.533e-04, 0.000e+00, 2.036e+00, 9.983e+02, 1.946e-07
2.145e+00, 5.000e-01, -3.550e-01, 1.120e+05, 0.000e+00, 4.402e-04, 0.000e+00, 2.034e+00, 9.983e+02, 1.926e-07
2.145e+00, 5.000e-01, -3.450e-01, 1.119e+05, 0.000e+00, 4.357e-04, 0.000e+00, 2.033e+00, 9.983e+02, 1.957e-07
2.145e+00, 5.000e-01, -3.350e-01, 1.118e+05, 0.000e+00, 4.540e-04, 0.000e+00, 2.031e+00, 9.983e+02, 2.040e-07
2.145e+00, 5.000e-01, -3.250e-01, 1.117e+05, 0.000e+00, 5.247e-04, 0.000e+00, 2.029e+00, 9.984e+02, 2.357e-07
2.145e+00, 5.000e-01, -3.150e-01, 1.116e+05, 0.000e+00, 6.490e-04, 0.000e+00, 2.027e+00, 9.984e+02, 2.916e-07
2.145e+00, 5.000e-01, -3.050e-01, 1.115e+05, 0.000e+00, 7.413e-04, 0.000e+00, 2.025e+00, 9.984e+02, 3.330e-07
2.145e+00, 5.000e-01, -2.950e-01, 1.114e+05, 0.000e+00, 7.690e-04, 0.000e+00, 2.024e+00, 9.984e+02, 3.455e-07
2.145e+00, 5.000e-01, -2.850e-01, 1.113e+05, 0.000e+00, 7.619e-04, 0.000e+00, 2.022e+00, 9.984e+02, 3.423e-07
2.145e+00, 5.000e-01, -2.750e-01, 1.112e+05, 0.000e+00, 7.429e-04, 0.000e+00, 2.020e+00, 9.984e+02, 3.337e-07
2.145e+00, 5.000e-01, -2.650e-01, 1.112e+05, 0.000e+00, 7.179e-04, 0.000e+00, 2.020e+00, 9.984e+02, 3.160e-07
2.145e+00, 5.000e-01, -2.550e-01, 1.111e+05, 0.000e+00, 6.910e-04, 0.000e+00, 2.018e+00, 9.984e+02, 3.036e-07
2.145e+00, 5.000e-01, -2.450e-01, 1.110e+05, 0.000e+00, 6.623e-04, 0.000e+00, 2.016e+00, 9.984e+02, 2.909e-07
2.145e+00, 5.000e-01, -2.350e-01, 1.109e+05, 0.000e+00, 6.322e-04, 0.000e+00, 2.014e+00, 9.984e+02, 2.777e-07
2.145e+00, 5.000e-01, -2.250e-01, 1.108e+05, 0.000e+00, 6.014e-04, 0.000e+00, 2.012e+00, 9.984e+02, 2.642e-07
2.145e+00, 5.000e-01, -2.150e-01, 1.107e+05, 0.000e+00, 5.707e-04, 0.000e+00, 2.011e+00, 9.984e+02, 2.507e-07
2.145e+00, 5.000e-01, -2.050e-01, 1.106e+05, 0.000e+00, 5.412e-04, 0.000e+00, 2.009e+00, 9.984e+02, 2.378e-07
2.145e+00, 5.000e-01, -1.950e-01, 1.105e+05, 0.000e+00, 5.152e-04, 0.000e+00, 2.007e+00, 9.984e+02, 2.263e-07
2.145e+00, 5.000e-01, -1.850e-01, 1.104e+05, 0.000e+00, 4.965e-04, 0.000e+00, 2.005e+00, 9.984e+02, 2.158e-07
2.145e+00, 5.000e-01, -1.750e-01, 1.105e+05, 0.000e+00, 4.878e-04, 0.000e+00, 2.007e+00, 9.983e+02, 2.094e-07
2.145e+00, 5.000e-01, -1.650e-01, 1.104e+05, 0.000e+00, 4.770e-04, 0.000e+00, 2.005e+00, 9.983e+02, 2.048e-07
2.145e+00, 5.000e-01, -1.550e-01, 1.103e+05, 0.000e+00, 4.589e-04, 0.000e+00, 2.004e+00, 9.983e+02, 1.970e-07
2.145e+00, 5.000e-01, -1.450e-01, 1.102e+05, 0.000e+00, 4.308e-04, 0.000e+00, 2.002e+00, 9.983e+02, 1.849e-07
2.145e+00, 5.000e-01, -1.350e-01, 1.101e+05, 0.000e+00, 3.878e-04, 0.000e+00, 2.000e+00, 9.983e+02, 1.665e-07
2.145e+00, 5.000e-01, -1.250e-01, 1.100e+05, 0.000e+00, 3.254e-04, 0.000e+00, 1.998e+00, 9.983e+02, 1.397e-07
2.145e+00, 5.000e-01, -1.150e-01, 1.099e+05, 0.000e+00, 2.439e-04, 0.000e+00, 1.996e+00, 9.983e+02, 1.057e-07
2.145e+00, 5.000e-01, -1.050e-01, 1.110e+05, 0.000e+00, 1.591e-04, 0.000e+00, 2.017e+00, 9.983e+02, 6.987e-08
2.145e+00, 5.000e-01, -9.500e-02, 1.109e+05, 0.000e+00, 9.157e-05, 0.000e+00, 2.015e+00, 9.983e+02, 4.022e-08
2.145e+00, 5.000e-01, -8.500e-02, 1.108e+05, 0.000e+00, 4.789e-05, 0.000e+00, 2.013e+00, 9.983e+02, 2.103e-08
2.145e+00, 5.000e-01, -7.500e-02, 1.107e+05, 0.000e+00, 2.345e-05, 0.000e+00, 2.011e+00, 9.983e+02, 1.030e-08
2.145e+00, 5.000e-01, -6.500e-02, 1.106e+05, 0.000e+00, 1.100e-05, 0.000e+00, 2.009e+00, 9.983e+02, 4.833e-09
2.145e+00, 5.000e-01, -5.500e-02, 1.105e+05, 0.000e+00, 5.013e-06, 0.000e+00, 2.008e+00, 9.983e+02, 2.202e-09
2.145e+00, 5.000e-01, -4.500e-02, 1.104e+05, 0.000e+00, 2.224e-06, 0.000e+00, 2.006e+00, 9.983e+02, 9.766e-10
2.145e+00, 5.000e-01, -3.500e-02, 1.103e+05, 0.000e+00, 9.575e-07, 0.000e+00, 2.004e+00, 9.983e+02, 4.206e-10
2.145e+00, 5.000e-01, -2.500e-02, 1.102e+05, 0.000e+00, 3.992e-07, 0.000e+00, 2.002e+00, 9.983e+02, 1.754e-10
2.145e+00, 5.000e-01, -1.500e-02, 1.101e+05, 0.000e+00, 1.621e-07, 0.000e+00, 2.000e+00, 9.983e+02, 7.120e-11
2.145e+00, 5.000e-01, -5.000e-03, 1.100e+05, 0.000e+00, 6.608e-08, 0.000e+00, 1.999e+00, 9.983e+02, 2.903e-11
2.155e+00, 5.000e-01, -1.195e+00, 1.202e+05, 0.000e+00, 1.002e-13, 0.000e+00, 2.184e+00, 9.983e+02, 2.000e-17
2.155e+00, 5.000e-01, -1.185e+00, 1.201e+05, 0.000e+00, 1.002e-13, 0.000e+00, 2.182e+00, 9.983e+02, 2.000e-17
2.155e+00, 5.000e-01, -1.175e+00, 1.200e+05, 0.000e+00, 1.002e-13, 0.000e+00, 2.181e+00, 9.983e+02, 2.000e-17
2.155e+00, 5.000e-01, -1.165e+00, 1.199e+05, 0.000e+00, 1.002e-13, 0.000e+00, 2.179e+00, 9.983e+02, 2.000e-17
2.155e+00, 5.000e-01, -1.155e+00, 1.198e+05, 0.000e+00, 1.002e-13, 0.000e+00, 2.177e+00, 9.983e+02, 2.000e-17
2.155e+00, 5.000e-01, -1.145e+00, 1.197e+05, 0.000e+00, 1.002e-13, 0.000e+00, 2.175e+00, 9.983e+02, 2.000e-17
2.155e+00, 5.000e-01, -1.135e+00, 1.196e+05, 0.000e+00, 1.002e-13, 0.000e+00, 2.173e+00, 9.983e+02, 2.000e-17
2.155e+00, 5.000e-01, -1.125e+00, 1.195e+05, 0.000e+00, 1.002e-13, 0.000e+00, 2.172e+00, 9.983e+02, 2.000e-17
2.155e+00, 5.000e-01, -1.115e+00, 1.194e+05, 0.000e+00, 1.002e-13, 0.000e+00, 2.170e+00, 9.983e+02, 2.000e-17
2.155e+00, 5.000e-01, -1.105e+00, 1.193e+05, 0.000e+00, 1.002e-13, 0.000e+00, 2.168e+00, 9.983e+02, 2.000e-17
2.155e+00, 5.000e-01, -1.095e+00, 1.192e+05, 0.000e+00, 1.002e-13, 0.000e+00, 2.166e+00, 9.983e+02, 2.000e-17
2.155e+00, 5.000e-01, -1.085e+00, 1.191e+05, 0.000e+00, 1.651e-09, 0.000e+00, 2.165e+00, 9.983e+02, 6.417e-13
2.155e+00, 5.000e-01, -1.075e+00, 1.190e+05, 0.000e+00, 4.326e-04, 0.000e+00, 2.163e+00, 9.983e+02, 1.682e-07
2.155e+00, 5.000e-01, -1.065e+00, 1.189e+05, 0.000e+00, 4.867e-04, 0.000e+00, 2.161e+00, 9.984e+02, 2.089e-07
2.155e+00, 5.000e-01, -1.055e+00, 1.188e+05, 0.000e+00, 4.968e-04, 0.000e+00, 2.159e+00, 9.984e+02, 2.133e-07
2.155e+00, 5.000e-01, -1.045e+00, 1.187e+05, 0.000e+00, 4.926e-04, 0.000e+00, 2.158e+00, 9.984e+02, 2.115e-07
2.155e+00, 5.000e-01, -1.035e+00, 1.186e+05, 0.000e+00, 4.842e-04, 0.000e+00, 2.156e+00, 9.984e+02, 2.079e-07
2.155e+00, 5.000e-01, -1.025e+00, 1.185e+05, 0.000e+00, 4.745e-04, 0.000e+00, 2.154e+00, 9.983e+02, 2.037e-07
2.155e+00, 5.000e-01, -1.015e+00, 1.185e+05, 0.000e+00, 4.641e-04, 0.000e+00, 2.152e+00, 9.983e+02, 1.992e-07
2.155e+00, 5.000e-01, -1.005e+00, 1.184e+05, 0.000e+00, 4.532e-04, 0.000e+00, 2.150e+00, 9.983e+02, 1.946e-07
2.155e+00, 5.000e-01, -9.950e-01, 1.183e+05, 0.000e+00, 4.421e-04, 0.000e+00, 2.149e+00, 9.983e+02, 1.898e-07
2.155e+00, 5.000e-01, -9.850e-01, 1.182e+05, 0.000e+00, 4.324e-04, 0.000e+00, 2.147e+00, 9.983e+02, 1.856e-07
2.155e+00, 5.000e-01, -9.750e-01, 1.181e+05, 0.000e+00, 4.275e-04, 0.000e+00, 2.145e+00, 9.983e+02, 1.835e-07
2.155e+00, 5.000e-01, -9.650e-01, 1.180e+05, 0.000e+00, 4.286e-04, 0.000e+00, 2.143e+00, 9.983e+02, 1.840e-07
2.155e+00, 5.000e-01, -9.550e-01, 1.179e+05, 0.000e+00, 4.319e-04, 0.000e+00, 2.141e+00, 9.983e+02, 1.854e-07
2.155e+00, 5.000e-01, -9.450e-01, 1.178e+05, 0.000e+00, 4.355e-04, 0.000e+00, 2.140e+00, 9.983e+02, 1.869e-07
2.155e+00, 5.000e-01, -9.350e-01, 1.177e+05, 0.000e+00, 4.394e-04, 0.000e+00, 2.138e+00, 9.983e+02, 1.886e-07
2.155e+00, 5.000e-01, -9.250e-01, 1.176e+05, 0.000e+00, 4.443e-04, 0.000e+00, 2.136e+00, 9.983e+02, 1.907e-07
2.155e+00, 5.000e-01, -9.150e-01, 1.175e+05, 0.000e+00, 4.518e-04, 0.000e+00, 2.134e+00, 9.983e+02, 1.940e-07
2.155e+00, 5.000e-01, -9.050e-01, 1.174e+05, 0.000e+00, 4.606e-04, 0.000e+00, 2.132e+00, 9.983e+02, 1.977e-07
2.155e+00, 5.000e-01, -8.950e-01, 1.173e+05, 0.000e+00, 4.668e-04, 0.000e+00, 2.131e+00, 9.983e+02, 2.004e-07
2.155e+00, 5.000e-01, -8.850e-01, 1.172e+05, 0.000e+00, 4.698e-04, 0.000e+00, 2.129e+00, 9.983e+02, 2.017e-07
2.155e+00, 5.000e-01, -8.750e-01, 1.171e+05, 0.000e+00, 4.691e-04, 0.000e+00, 2.127e+00, 9.983e+02, 2.014e-07
2.155e+00, 5.000e-01, -8.650e-01, 1.170e+05, 0.000e+00, 4.675e-04, 0.000e+00, 2.125e+00, 9.983e+02, 2.007e-07
2.155e+00, 5.000e-01, -8.550e-01, 1.169e+05, 0.000e+00, 4.706e-04, 0.000e+00, 2.124e+00, 9.983e+02, 2.020e-07
2.155e+00, 5.000e-01, -8.450e-01, 1.168e+05, 0.000e+00, 4.790e-04, 0.000e+00, 2.122e+00, 9.983e+02, 2.056e-07
2.155e+00, 5.000e-01, -8.350e-01, 1.167e+05, 0.000e+00, 4.882e-04, 0.000e+00, 2.120e+00, 9.984e+02, 2.096e-07
2.155e+00, 5.000e-01, -8.250e-01, 1.166e+05, 0.000e+00, 4.945e-04, 0.000e+00, 2.118e+00, 9.984e+02, 2.123e-07
2.155e+00, 5.000e-01, -8.150e-01, 1.165e+05, 0.000e+00, 4.968e-04, 0.000e+00, 2.116e+00, 9.984e+02, 2.133e-07
2.155e+00, 5.000e-01, -8.050e-01, 1.164e+05, 0.000e+00, 4.968e-04, 0.000e+00, 2.115e+00, 9.984e+02, 2.133e-07
2.155e+00, 5.000e-01, -7.950e-01, 1.163e+05, 0.000e+00, 4.983e-04, 0.000e+00, 2.113e+00, 9.984e+02, 2.139e-07
2.155e+00, 5.000e-01, -7.850e-01, 1.162e+05, 0.000e+00, 5.084e-04, 0.000e+00, 2.111e+00, 9.984e+02, 2.182e-07
2.155e+00, 5.000e-01, -7.750e-01, 1.161e+05, 0.000e+00, 5.147e-04, 0.000e+00, 2.109e+00, 9.984e+02, 2.210e-07
2.155e+00, 5.000e-01, -7.650e-01, 1.160e+05, 0.000e+00, 4.524e-04, 0.000e+00, 2.107e+00, 9.983e+02, 1.942e-07
2.155e+00, 5.000e-01, -7.550e-01, 1.159e+05, 0.000e+00, 4.051e-04, 0.000e+00, 2.106e+00, 9.983e+02, 1.739e-07
2.155e+00, 5.000e-01, -7.450e-01, 1.158e+05, 0.000e+00, 5.015e-04, 0.000e+00, 2.104e+00, 9.984e+02, 2.153e-07
2.155e+00, 5.000e-01, -7.350e-01, 1.157e+05, 6.746e-07, 7.017e-04, 0.000e+00, 2.102e+00, 9.984e+02, 3.013e-07
2.155e+00, 5.000e-01, -7.250e-01, 1.156e+05, 4.716e-01, 1.895e-03, 0.000e+00, 2.100e+00, 9.986e+02, 8.558e-07
2.155e+00, 5.000e-01, -7.150e-01, 1.156e+05, 8.683e-01, 1.895e-03, 0.000e+00, 2.100e+00, 9.986e+02, 8.914e-07
2.155e+00, 5.000e-01, -7.050e-01, 1.156e+05, 8.724e-01, 1.895e-03, 0.000e+00, 2.100e+00, 9.986e+02, 8.919e-07
2.155e+00, 5.000e-01, -6.950e-01, 1.168e+05, 6.240e-07, 4.408e-04, 0.000e+00, 2.122e+00, 9.983e+02, 1.936e-07
2.155e+00, 5.000e-01, -6.850e-01, 1.167e+05, 0.000e+00, 2.936e-04, 0.000e+00, 2.120e+00, 9.983e+02, 1.290e-07
2.155e+00, 5.000e-01, -6.750e-01, 1.166e+05, 0.000e+00, 1.839e-04, 0.000e+00, 2.119e+00, 9.983e+02, 8.076e-08
2.155e+00, 5.000e-01, -6.650e-01, 1.165e+05, 0.000e+00, 1.078e-04, 0.000e+00, 2.117e+00, 9.983e+02, 4.736e-08
2.155e+00, 5.000e-01, -6.550e-01, 1.164e+05, 0.000e+00, 5.942e-05, 0.000e+00, 2.115e+00, 9.983e+02, 2.610e-08
2.155e+00, 5.000e-01, -6.450e-01, 1.163e+05, 0.000e+00, 3.183e-05, 0.000e+00, 2.113e+00, 9.983e+02, 1.398e-08
2.155e+00, 5.000e-01, -6.350e-01, 1.162e+05, 0.000e+00, 1.971e-05, 0.000e+00, 2.111e+00, 9.983e+02, 8.659e-09
2.155e+00, 5.000e-01, -6.250e-01, 1.161e+05, 0.000e+00, 2.102e-05, 0.000e+00, 2.110e+00, 9.983e+02, 9.231e-09
2.155e+00, 5.000e-01, -6.150e-01, 1.160e+05, 0.000e+00, 3.864e-05, 0.000e+00, 2.108e+00, 9.983e+02, 1.697e-08
2.155e+00, 5.000e-01, -6.050e-01, 1.159e+05, 0.000e+00, 8.153e-05, 0.000e+00, 2.106e+00, 9.983e+02, 3.581e-08
2.155e+00, 5.000e-01, -5.950e-01, 1.158e+05, 0.000e+00, 1.634e-04, 0.000e+00, 2.104e+00, 9.983e+02, 7.177e-08
2.155e+00, 5.000e-01, -5.850e-01, 1.157e+05, 0.000e+00, 2.948e-04, 0.000e+00, 2.102e+00, 9.983e+02, 1.295e-07
2.155e+00, 5.000e-01, -5.750e-01, 1.142e+05, 0.000e+00, 4.624e-04, 0.000e+00, 2.074e+00, 9.983e+02, 2.069e-07
2.155e+00, 5.000e-01, -5.650e-01, 1.141e+05, 0.000e+00, 5.488e-04, 0.000e+00, 2.072e+00, 9.984e+02, 2.466e-07
2.155e+00, 5.000e-01, -5.550e-01, 1.140e+05, 0.000e+00, 5.994e-04, 0.000e+00, 2.070e+00, 9.984e+02, 2.693e-07
2.155e+00, 5.000e-01, -5.450e-01, 1.139e+05, 0.000e+00, 6.112e-04, 0.000e+00, 2.068e+00, 9.984e+02, 2.746e-07
2.155e+00, 5.000e-01, -5.350e-01, 1.138e+05, 0.000e+00, 5.970e-04, 0.000e+00, 2.067e+00, 9.984e+02, 2.682e-07
2.155e+00, 5.000e-01, -5.250e-01, 1.137e+05, 0.000e+00, 5.710e-04, 0.000e+00, 2.065e+00, 9.984e+02, 2.565e-07
2.155e+00, 5.000e-01, -5.150e-01, 1.136e+05, 0.000e+00, 5.430e-04, 0.000e+00, 2.063e+00, 9.984e+02, 2.439e-07
2.155e+00, 5.000e-01, -5.050e-01, 1.135e+05, 0.000e+00, 5.174e-04, 0.000e+00, 2.061e+00, 9.984e+02, 2.324e-07
2.155e+00, 5.000e-01, -4.950e-01, 1.134e+05, 0.000e+00, 4.981e-04, 0.000e+00, 2.059e+00, 9.984e+02, 2.238e-07
2.155e+00, 5.000e-01, -4.850e-01, 1.133e+05, 0.000e+00, 4.885e-04, 0.000e+00, 2.057e+00, 9.983e+02, 2.133e-07
2.155e+00, 5.000e-01, -4.750e-01, 1.132e+05, 0.000e+00, 4.878e-04, 0.000e+00, 2.056e+00, 9.983e+02, 2.094e-07
2.155e+00, 5.000e-01, -4.650e-01, 1.131e+05, 0.000e+00, 5.026e-04, 0.000e+00, 2.054e+00, 9.984e+02, 2.158e-07
2.155e+00, 5.000e-01, -4.550e-01, 1.130e+05, 0.000e+00, 5.292e-04, 0.000e+00, 2.052e+00, 9.984e+02, 2.272e-07
2.155e+00, 5.000e-01, -4.450e-01, 1.129e+05, 0.000e+00, 5.428e-04, 0.000e+00, 2.050e+00, 9.984e+02, 2.330e-07
2.155e+00, 5.000e-01, -4.350e-01, 1.128e+05, 0.000e+00, 5.424e-04, 0.000e+00, 2.048e+00, 9.984e+02, 2.328e-07
2.155e+00, 5.000e-01, -4.250e-01, 1.127e+05, 0.000e+00, 5.265e-04, 0.000e+00, 2.047e+00, 9.984e+02, 2.260e-07
2.155e+00, 5.000e-01, -4.150e-01, 1.126e+05, 0.000e+00, 5.038e-04, 0.000e+00, 2.045e+00, 9.984e+02, 2.163e-07
2.155e+00, 5.000e-01, -4.050e-01, 1.125e+05, 0.000e+00, 4.914e-04, 0.000e+00, 2.043e+00, 9.984e+02, 2.110e-07
2.155e+00, 5.000e-01, -3.950e-01, 1.124e+05, 0.000e+00, 4.846e-04, 0.000e+00, 2.041e+00, 9.983e+02, 2.080e-07
2.155e+00, 5.000e-01, -3.850e-01, 1.123e+05, 0.000e+00, 4.796e-04, 0.000e+00, 2.039e+00, 9.983e+02, 2.059e-07
2.155e+00, 5.000e-01, -3.750e-01, 1.122e+05, 0.000e+00, 4.720e-04, 0.000e+00, 2.038e+00, 9.983e+02, 2.026e-07
2.155e+00, 5.000e-01, -3.650e-01, 1.121e+05, 0.000e+00, 4.594e-04, 0.000e+00, 2.036e+00, 9.983e+02, 1.972e-07
2.155e+00, 5.000e-01, -3.550e-01, 1.120e+05, 0.000e+00, 4.480e-04, 0.000e+00, 2.034e+00, 9.983e+02, 1.968e-07
2.155e+00, 5.000e-01, -3.450e-01, 1.119e+05, 0.000e+00, 4.556e-04, 0.000e+00, 2.033e+00, 9.983e+02, 2.047e-07
2.155e+00, 5.000e-01, -3.350e-01, 1.118e+05, 0.000e+00, 4.965e-04, 0.000e+00, 2.031e+00, 9.984e+02, 2.231e-07
2.155e+00, 5.000e-01, -3.250e-01, 1.117e+05, 0.000e+00, 5.861e-04, 0.000e+00, 2.029e+00, 9.984e+02, 2.633e-07
2.155e+00, 5.000e-01, -3.150e-01, 1.116e+05, 0.000e+00, 6.936e-04, 0.000e+00, 2.027e+00, 9.984e+02, 3.116e-07
2.155e+00, 5.000e-01, -3.050e-01, 1.115e+05, 0.000e+00, 7.576e-04, 0.000e+00, 2.025e+00, 9.984e+02, 3.404e-07
2.155e+00, 5.000e-01, -2.950e-01, 1.114e+05, 0.000e+00, 7.715e-04, 0.000e+00, 2.024e+00, 9.984e+02, 3.466e-07
2.155e+00, 5.000e-01, -2.850e-01, 1.113e+05, 0.000e+00, 7.617e-04, 0.000e+00, 2.022e+00, 9.984e+02, 3.422e-07
2.155e+00, 5.000e-01, -2.750e-01, 1.112e+05, 0.000e+00, 7.474e-04, 0.000e+00, 2.020e+00, 9.984e+02, 3.358e-07
2.155e+00, 5.000e-01, -2.650e-01, 1.112e+05, 0.000e+00, 7.311e-04, 0.000e+00, 2.020e+00, 9.984e+02, 3.217e-07
2.155e+00, 5.000e-01, -2.550e-01, 1.111e+05, 0.000e+00, 7.094e-04, 0.000e+00, 2.018e+00, 9.984e+02, 3.117e-07
2.155e+00, 5.000e-01, -2.450e-01, 1.110e+05, 0.000e+00, 6.864e-04, 0.000e+00, 2.016e+00, 9.984e+02, 3.015e-07
2.155e+00, 5.000e-01, -2.350e-01, 1.109e+05, 0.000e+00, 6.632e-04, 0.000e+00, 2.014e+00, 9.984e+02, 2.913e-07
2.155e+00, 5.000e-01, -2.250e-01, 1.108e+05, 0.000e+00, 6.409e-04, 0.000e+00, 2.012e+00, 9.984e+02, 2.815e-07
2.155e+00, 5.000e-01, -2.150e-01, 1.107e+05, 0.000e+00, 6.198e-04, 0.000e+00, 2.011e+00, 9.984e+02, 2.722e-07
2.155e+00, 5.000e-01, -2.050e-01, 1.106e+05, 0.000e+00, 5.999e-04, 0.000e+00, 2.009e+00, 9.984e+02, 2.635e-07
2.155e+00, 5.000e-01, -1.950e-01, 1.105e+05, 0.000e+00, 5.805e-04, 0.000e+00, 2.007e+00, 9.984e+02, 2.550e-07
2.155e+00, 5.000e-01, -1.850e-01, 1.106e+05, 0.000e+00, 5.598e-04, 0.000e+00, 2.009e+00, 9.984e+02, 2.429e-07
2.155e+00, 5.000e-01, -1.750e-01, 1.105e+05, 0.000e+00, 5.368e-04, 0.000e+00, 2.007e+00, 9.984e+02, 2.304e-07
2.155e+00, 5.000e-01, -1.650e-01, 1.104e+05, 0.000e+00, 5.092e-04, 0.000e+00, 2.005e+00, 9.984e+02, 2.186e-07
2.155e+00, 5.000e-01, -1.550e-01, 1.103e+05, 0.000e+00, 4.749e-04, 0.000e+00, 2.004e+00, 9.983e+02, 2.039e-07
2.155e+00, 5.000e-01, -1.450e-01, 1.102e+05, 0.000e+00, 4.317e-04, 0.000e+00, 2.002e+00, 9.983e+02, 1.853e-07
2.155e+00, 5.000e-01, -1.350e-01, 1.101e+05, 0.000e+00, 3.771e-04, 0.000e+00, 2.000e+00, 9.983e+02, 1.619e-07
2.155e+00, 5.000e-01, -1.250e-01, 1.100e+05, 0.000e+00, 3.089e-04, 0.000e+00, 1.998e+00, 9.983e+02, 1.326e-07
2.155e+00, 5.000e-01, -1.150e-01, 1.099e+05, 0.000e+00, 2.284e-04, 0.000e+00, 1.996e+00, 9.983e+02, 9.902e-08
2.155e+00, 5.000e-01, -1.050e-01, 1.110e+05, 0.000e+00, 1.484e-04, 0.000e+00, 2.017e+00, 9.983e+02, 6.517e-08
2.155e+00, 5.000e-01, -9.500e-02, 1.109e+05, 0.000e+00, 8.572e-05, 0.000e+00, 2.015e+00, 9.983e+02, 3.765e-08
2.155e+00, 5.000e-01, -8.500e-02, 1.108e+05, 0.000e+00, 4.533e-05, 0.000e+00, 2.013e+00, 9.983e+02, 1.991e-08
2.155e+00, 5.000e-01, -7.500e-02, 1.107e+05, 0.000e+00, 2.256e-05, 0.000e+00, 2.011e+00, 9.983e+02, 9.908e-09
2.155e+00, 5.000e-01, -6.500e-02, 1.106e+05, 0.000e+00, 1.078e-05, 0.000e+00, 2.009e+00, 9.983e+02, 4.733e-09
2.155e+00, 5.000e-01, -5.500e-02, 1.105e+05, 0.000e+00, 4.993e-06, 0.000e+00, 2.008e+00, 9.983e+02, 2.193e-09
2.155e+00, 5.000e-01, -4.500e-02, 1.104e+05, 0.000e+00, 2.248e-06, 0.000e+00, 2.006e+00, 9.983e+02, 9.873e-10
2.155e+00, 5.000e-01, -3.500e-02, 1.103e+05, 0.000e+00, 9.798e-07, 0.000e+00, 2.004e+00, 9.983e+02, 4.304e-10
2.155e+00, 5.000e-01, -2.500e-02, 1.102e+05, 0.000e+00, 4.127e-07, 0.000e+00, 2.002e+00, 9.983e+02, 1.813e-10
2.155e+00, 5.000e-01, -1.500e-02, 1.101e+05, 0.000e+00, 1.690e-07, 0.000e+00, 2.000e+00, 9.983e+02, 7.425e-11
2.155e+00, 5.000e-01, -5.000e-03, 1.100e+05, 0.000e+00, 6.951e-08, 0.000e+00, 1.999e+00, 9.983e+02, 3.053e-11
2.165e+00, 5.000e-01, -1.195e+00, 1.202e+05, 0.000e+00, 1.002e-13, 0.000e+00, 2.184e+00, 9.983e+02, 2.000e-17
2.165e+00, 5.000e-01, -1.185e+00, 1.201e+05, 0.000e+00, 1.002e-13, 0.000e+00, 2.182e+00, 9.983e+02, 2.000e-17
2.165e+00, 5.000e-01, -1.175e+00, 1.200e+05, 0.000e+00, 1.002e-13, 0.000e+00, 2.181e+00, 9.983e+02, 2.000e-17
2.165e+00, 5.000e-01, -1.165e+00, 1.199e+05, 0.000e+00, 1.002e-13, 0.000e+00, 2.179e+00, 9.983e+02, 2.000e-17
2.165e+00, 5.000e-01, -1.155e+00, 1.198e+05, 0.000e+00, 1.002e-13, 0.000e+00, 2.177e+00, 9.983e+02, 2.000e-17
2.165e+00, 5.000e-01, -1.145e+00, 1.197e+05, 0.000e+00, 1.002e-13, 0.000e+00, 2.175e+00, 9.983e+02, 2.000e-17
2.165e+00, 5.000e-01, -1.135e+00, 1.196e+05, 0.000e+00, 1.002e-13, 0.000e+00, 2.173e+00, 9.983e+02, 2.000e-17
2.165e+00, 5.000e-01, -1.125e+00, 1.195e+05, 0.000e+00, 1.002e-13, 0.000e+00, 2.172e+00, 9.983e+02, 2.000e-17
2.165e+00, 5.000e-01, -1.115e+00, 1.194e+05, 0.000e+00, 1.002e-13, 0.000e+00, 2.170e+00, 9.983e+02, 2.000e-17
2.165e+00, 5.000e-01, -1.105e+00, 1.193e+05, 0.000e+00, 1.002e-13, 0.000e+00, 2.168e+00, 9.983e+02, 2.000e-17
2.165e+00, 5.000e-01, -1.095e+00, 1.192e+05, 0.000e+00, 1.002e-13, 0.000e+00, 2.166e+00, 9.983e+02, 2.000e-17
2.165e+00, 5.000e-01, -1.085e+00, 1.191e+05, 0.000e+00, 1.651e-09, 0.000e+00, 2.165e+00, 9.983e+02, 6.417e-13
2.165e+00, 5.000e-01, -1.075e+00, 1.190e+05, 0.000e+00, 4.441e-04, 0.000e+00, 2.163e+00, 9.983e+02, 1.834e-07
2.165e+00, 5.000e-01, -1.065e+00, 1.189e+05, 0.000e+00, 4.761e-04, 0.000e+00, 2.161e+00, 9.984e+02, 2.044e-07
2.165e+00, 5.000e-01, -1.055e+00, 1.188e+05, 0.000e+00, 4.831e-04, 0.000e+00, 2.159e+00, 9.984e+02, 2.074e-07
2.165e+00, 5.000e-01, -1.045e+00, 1.187e+05, 0.000e+00, 4.790e-04, 0.000e+00, 2.158e+00, 9.984e+02, 2.056e-07
2.165e+00, 5.000e-01, -1.035e+00, 1.186e+05, 0.000e+00, 4.711e-04, 0.000e+00, 2.156e+00, 9.983e+02, 2.022e-07
2.165e+00, 5.000e-01, -1.025e+00, 1.185e+05, 0.000e+00, 4.617e-04, 0.000e+00, 2.154e+00, 9.983e+02, 1.982e-07
2.165e+00, 5.000e-01, -1.015e+00, 1.185e+05, 0.000e+00, 4.515e-04, 0.000e+00, 2.152e+00, 9.983e+02, 1.938e-07
2.165e+00, 5.000e-01, -1.005e+00, 1.184e+05, 0.000e+00, 4.409e-04, 0.000e+00, 2.150e+00, 9.983e+02, 1.893e-07
2.165e+00, 5.000e-01, -9.950e-01, 1.183e+05, 0.000e+00, 4.311e-04, 0.000e+00, 2.149e+00, 9.983e+02, 1.851e-07
2.165e+00, 5.000e-01, -9.850e-01, 1.182e+05, 0.000e+00, 4.278e-04, 0.000e+00, 2.147e+00, 9.983e+02, 1.836e-07
2.165e+00, 5.000e-01, -9.750e-01, 1.181e+05, 0.000e+00, 4.381e-04, 0.000e+00, 2.145e+00, 9.983e+02, 1.881e-07
2.165e+00, 5.000e-01, -9.650e-01, 1.180e+05, 0.000e+00, 4.658e-04, 0.000e+00, 2.143e+00, 9.983e+02, 2.000e-07
2.165e+00, 5.000e-01, -9.550e-01, 1.179e+05, 0.000e+00, 4.764e-04, 0.000e+00, 2.141e+00, 9.983e+02, 2.045e-07
2.165e+00, 5.000e-01, -9.450e-01, 1.178e+05, 0.000e+00, 4.743e-04, 0.000e+00, 2.140e+00, 9.983e+02, 2.036e-07
2.165e+00, 5.000e-01, -9.350e-01, 1.177e+05, 0.000e+00, 4.763e-04, 0.000e+00, 2.138e+00, 9.983e+02, 2.045e-07
2.165e+00, 5.000e-01, -9.250e-01, 1.176e+05, 0.000e+00, 4.825e-04, 0.000e+00, 2.136e+00, 9.984e+02, 2.071e-07
2.165e+00, 5.000e-01, -9.150e-01, 1.175e+05, 0.000e+00, 4.898e-04, 0.000e+00, 2.134e+00, 9.984e+02, 2.103e-07
2.165e+00, 5.000e-01, -9.050e-01, 1.174e+05, 0.000e+00, 4.953e-04, 0.000e+00, 2.132e+00, 9.984e+02, 2.126e-07
2.165e+00, 5.000e-01, -8.950e-01, 1.173e+05, 0.000e+00, 4.993e-04, 0.000e+00, 2.131e+00, 9.984e+02, 2.143e-07
2.165e+00, 5.000e-01, -8.850e-01, 1.172e+05, 0.000e+00, 5.030e-04, 0.000e+00, 2.129e+00, 9.984e+02, 2.159e-07
2.165e+00, 5.000e-01, -8.750e-01, 1.171e+05, 0.000e+00, 5.053e-04, 0.000e+00, 2.127e+00, 9.984e+02, 2.169e-07
2.165e+00, 5.000e-01, -8.650e-01, 1.170e+05, 0.000e+00, 5.059e-04, 0.000e+00, 2.125e+00, 9.984e+02, 2.172e-07
2.165e+00, 5.000e-01, -8.550e-01, 1.169e+05, 0.000e+00, 5.066e-04, 0.000e+00, 2.124e+00, 9.984e+02, 2.175e-07
2.165e+00, 5.000e-01, -8.450e-01, 1.168e+05, 0.000e+00, 5.098e-04, 0.000e+00, 2.122e+00, 9.984e+02, 2.188e-07
2.165e+00, 5.000e-01, -8.350e-01, 1.167e+05, 0.000e+00, 5.160e-04, 0.000e+00, 2.120e+00, 9.984e+02, 2.215e-07
2.165e+00, 5.000e-01, -8.250e-01, 1.166e+05, 0.000e+00, 5.242e-04, 0.000e+00, 2.118e+00, 9.984e+02, 2.250e-07
2.165e+00, 5.000e-01, -8.150e-01, 1.165e+05, 0.000e+00, 5.351e-04, 0.000e+00, 2.116e+00, 9.984e+02, 2.297e-07
2.165e+00, 5.000e-01, -8.050e-01, 1.164e+05, 0.000e+00, 5.487e-04, 0.000e+00, 2.115e+00, 9.984e+02, 2.356e-07
2.165e+00, 5.000e-01, -7.950e-01, 1.163e+05, 0.000e+00, 5.542e-04, 0.000e+00, 2.113e+00, 9.984e+02, 2.379e-07
2.165e+00, 5.000e-01, -7.850e-01, 1.162e+05, 0.000e+00, 5.348e-04, 0.000e+00, 2.111e+00, 9.984e+02, 2.296e-07
2.165e+00, 5.000e-01, -7.750e-01, 1.161e+05, 0.000e+00, 4.754e-04, 0.000e+00, 2.109e+00, 9.983e+02, 2.041e-07
2.165e+00, 5.000e-01, -7.650e-01, 1.160e+05, 0.000e+00, 3.847e-04, 0.000e+00, 2.107e+00, 9.983e+02, 1.652e-07
2.165e+00, 5.000e-01, -7.550e-01, 1.159e+05, 0.000e+00, 3.641e-04, 0.000e+00, 2.106e+00, 9.983e+02, 1.563e-07
2.165e+00, 5.000e-01, -7.450e-01, 1.158e+05, 0.000e+00, 4.542e-04, 0.000e+00, 2.104e+00, 9.983e+02, 1.950e-07
2.165e+00, 5.000e-01, -7.350e-01, 1.157e+05, 6.746e-07, 6.370e-04, 0.000e+00, 2.102e+00, 9.984e+02, 2.735e-07
2.165e+00, 5.000e-01, -7.250e-01, 1.156e+05, 4.713e-01, 1.895e-03, 0.000e+00, 2.100e+00, 9.986e+02, 8.558e-07
2.165e+00, 5.000e-01, -7.150e-01, 1.156e+05, 8.683e-01, 1.895e-03, 0.000e+00, 2.100e+00, 9.986e+02, 8.914e-07
2.165e+00, 5.000e-01, -7.050e-01, 1.156e+05, 8.724e-01, 1.895e-03, 0.000e+00, 2.100e+00, 9.986e+02, 8.934e-07
2.165e+00, 5.000e-01, -6.950e-01, 1.168e+05, 6.240e-07, 4.271e-04, 0.000e+00, 2.122e+00, 9.983e+02, 1.876e-07
2.165e+00, 5.000e-01, -6.850e-01, 1.167e+05, 0.000e+00, 2.821e-04, 0.000e+00, 2.120e+00, 9.983e+02, 1.239e-07
2.165e+00, 5.000e-01, -6.750e-01, 1.166e+05, 0.000e+00, 1.750e-04, 0.000e+00, 2.119e+00, 9.983e+02, 7.687e-08
2.165e+00, 5.000e-01, -6.650e-01, 1.165e+05, 0.000e+00, 1.017e-04, 0.000e+00, 2.117e+00, 9.983e+02, 4.468e-08
2.165e+00, 5.000e-01, -6.550e-01, 1.164e+05, 0.000e+00, 5.563e-05, 0.000e+00, 2.115e+00, 9.983e+02, 2.443e-08
2.165e+00, 5.000e-01, -6.450e-01, 1.163e+05, 0.000e+00, 2.983e-05, 0.000e+00, 2.113e+00, 9.983e+02, 1.310e-08
2.165e+00, 5.000e-01, -6.350e-01, 1.162e+05, 0.000e+00, 1.908e-05, 0.000e+00, 2.111e+00, 9.983e+02, 8.379e-09
2.165e+00, 5.000e-01, -6.250e-01, 1.161e+05, 0.000e+00, 2.159e-05, 0.000e+00, 2.110e+00, 9.983e+02, 9.482e-09
2.165e+00, 5.000e-01, -6.150e-01, 1.160e+05, 0.000e+00, 4.049e-05, 0.000e+00, 2.108e+00, 9.983e+02, 1.779e-08
2.165e+00, 5.000e-01, -6.050e-01, 1.159e+05, 0.000e+00, 8.475e-05, 0.000e+00, 2.106e+00, 9.983e+02, 3.722e-08
2.165e+00, 5.000e-01, -5.950e-01, 1.158e+05, 0.000e+00, 1.680e-04, 0.000e+00, 2.104e+00, 9.983e+02, 7.378e-08
2.165e+00, 5.000e-01, -5.850e-01, 1.157e+05, 0.000e+00, 3.011e-04, 0.000e+00, 2.102e+00, 9.983e+02, 1.323e-07
2.165e+00, 5.000e-01, -5.750e-01, 1.142e+05, 0.000e+00, 4.697e-04, 0.000e+00, 2.074e+00, 9.983e+02, 2.106e-07
2.165e+00, 5.000e-01, -5.650e-01, 1.141e+05, 0.000e+00, 5.483e-04, 0.000e+00, 2.072e+00, 9.984e+02, 2.464e-07
2.165e+00, 5.000e-01, -5.550e-01, 1.140e+05, 0.000e+00, 5.913e-04, 0.000e+00, 2.070e+00, 9.984e+02, 2.657e-07
2.165e+00, 5.000e-01, -5.450e-01, 1.139e+05, 0.000e+00, 5.978e-04, 0.000e+00, 2.068e+00, 9.984e+02, 2.686e-07
2.165e+00, 5.000e-01, -5.350e-01, 1.138e+05, 0.000e+00, 5.794e-04, 0.000e+00, 2.067e+00, 9.984e+02, 2.603e-07
2.165e+00, 5.000e-01, -5.250e-01, 1.137e+05, 0.000e+00, 5.482e-04, 0.000e+00, 2.065e+00, 9.984e+02, 2.463e-07
2.165e+00, 5.000e-01, -5.150e-01, 1.136e+05, 0.000e+00, 5.195e-04, 0.000e+00, 2.063e+00, 9.984e+02, 2.334e-07
2.165e+00, 5.000e-01, -5.050e-01, 1.135e+05, 0.000e+00, 4.984e-04, 0.000e+00, 2.061e+00, 9.984e+02, 2.239e-07
2.165e+00, 5.000e-01, -4.950e-01, 1.134e+05, 0.000e+00, 4.881e-04, 0.000e+00, 2.059e+00, 9.983e+02, 2.193e-07
2.165e+00, 5.000e-01, -4.850e-01, 1.133e+05, 0.000e+00, 4.880e-04, 0.000e+00, 2.057e+00, 9.983e+02, 2.127e-07
2.165e+00, 5.000e-01, -4.750e-01, 1.132e+05, 0.000e+00, 4.970e-04, 0.000e+00, 2.056e+00, 9.984e+02, 2.133e-07
2.165e+00, 5.000e-01, -4.650e-01, 1.131e+05, 0.000e+00, 5.167e-04, 0.000e+00, 2.054e+00, 9.984e+02, 2.218e-07
2.165e+00, 5.000e-01, -4.550e-01, 1.130e+05, 0.000e+00, 5.325e-04, 0.000e+00, 2.052e+00, 9.984e+02, 2.286e-07
2.165e+00, 5.000e-01, -4.450e-01, 1.129e+05, 0.000e+00, 5.366e-04, 0.000e+00, 2.050e+00, 9.984e+02, 2.304e-07
2.165e+00, 5.000e-01, -4.350e-01, 1.128e+05, 0.000e+00, 5.254e-04, 0.000e+00, 2.048e+00, 9.984e+02, 2.255e-07
2.165e+00, 5.000e-01, -4.250e-01, 1.127e+05, 0.000e+00, 5.033e-04, 0.000e+00, 2.047e+00, 9.984e+02, 2.160e-07
2.165e+00, 5.000e-01, -4.150e-01, 1.126e+05, 0.000e+00, 4.934e-04, 0.000e+00, 2.045e+00, 9.984e+02, 2.118e-07
2.165e+00, 5.000e-01, -4.050e-01, 1.125e+05, 0.000e+00, 4.907e-04, 0.000e+00, 2.043e+00, 9.983e+02, 2.107e-07
2.165e+00, 5.000e-01, -3.950e-01, 1.124e+05, 0.000e+00, 4.928e-04, 0.000e+00, 2.041e+00, 9.984e+02, 2.115e-07
2.165e+00, 5.000e-01, -3.850e-01, 1.123e+05, 0.000e+00, 4.944e-04, 0.000e+00, 2.039e+00, 9.984e+02, 2.122e-07
2.165e+00, 5.000e-01, -3.750e-01, 1.122e+05, 0.000e+00, 4.907e-04, 0.000e+00, 2.038e+00, 9.983e+02, 2.107e-07
2.165e+00, 5.000e-01, -3.650e-01, 1.121e+05, 0.000e+00, 4.789e-04, 0.000e+00, 2.036e+00, 9.983e+02, 2.056e-07
2.165e+00, 5.000e-01, -3.550e-01, 1.120e+05, 0.000e+00, 4.930e-04, 0.000e+00, 2.034e+00, 9.984e+02, 2.174e-07
2.165e+00, 5.000e-01, -3.450e-01, 1.119e+05, 0.000e+00, 5.484e-04, 0.000e+00, 2.033e+00, 9.984e+02, 2.464e-07
2.165e+00, 5.000e-01, -3.350e-01, 1.118e+05, 0.000e+00, 6.228e-04, 0.000e+00, 2.031e+00, 9.984e+02, 2.798e-07
2.165e+00, 5.000e-01, -3.250e-01, 1.117e+05, 0.000e+00, 6.884e-04, 0.000e+00, 2.029e+00, 9.984e+02, 3.093e-07
2.165e+00, 5.000e-01, -3.150e-01, 1.116e+05, 0.000e+00, 7.397e-04, 0.000e+00, 2.027e+00, 9.984e+02, 3.323e-07
2.165e+00, 5.000e-01, -3.050e-01, 1.115e+05, 0.000e+00, 7.614e-04, 0.000e+00, 2.025e+00, 9.984e+02, 3.421e-07
2.165e+00, 5.000e-01, -2.950e-01, 1.114e+05, 0.000e+00, 7.534e-04, 0.000e+00, 2.024e+00, 9.984e+02, 3.385e-07
2.165e+00, 5.000e-01, -2.850e-01, 1.113e+05, 0.000e+00, 7.399e-04, 0.000e+00, 2.022e+00, 9.984e+02, 3.324e-07
2.165e+00, 5.000e-01, -2.750e-01, 1.112e+05, 0.000e+00, 7.315e-04, 0.000e+00, 2.020e+00, 9.984e+02, 3.285e-07
2.165e+00, 5.000e-01, -2.650e-01, 1.112e+05, 0.000e+00, 7.241e-04, 0.000e+00, 2.020e+00, 9.984e+02, 3.181e-07
2.165e+00, 5.000e-01, -2.550e-01, 1.111e+05, 0.000e+00, 7.050e-04, 0.000e+00, 2.018e+00, 9.984e+02, 3.097e-07
2.165e+00, 5.000e-01, -2.450e-01, 1.110e+05, 0.000e+00, 6.833e-04, 0.000e+00, 2.016e+00, 9.984e+02, 3.001e-07
2.165e+00, 5.000e-01, -2.350e-01, 1.109e+05, 0.000e+00, 6.612e-04, 0.000e+00, 2.014e+00, 9.984e+02, 2.904e-07
2.165e+00, 5.000e-01, -2.250e-01, 1.108e+05, 0.000e+00, 6.401e-04, 0.000e+00, 2.012e+00, 9.984e+02, 2.812e-07
2.165e+00, 5.000e-01, -2.150e-01, 1.107e+05, 0.000e+00, 6.206e-04, 0.000e+00, 2.011e+00, 9.984e+02, 2.726e-07
2.165e+00, 5.000e-01, -2.050e-01, 1.106e+05, 0.000e+00, 6.030e-04, 0.000e+00, 2.009e+00, 9.984e+02, 2.649e-07
2.165e+00, 5.000e-01, -1.950e-01, 1.105e+05, 0.000e+00, 5.863e-04, 0.000e+00, 2.007e+00, 9.984e+02, 2.575e-07
2.165e+00, 5.000e-01, -1.850e-01, 1.106e+05, 0.000e+00, 5.676e-04, 0.000e+00, 2.009e+00, 9.984e+02, 2.459e-07
2.165e+00, 5.000e-01, -1.750e-01, 1.105e+05, 0.000e+00, 5.400e-04, 0.000e+00, 2.007e+00, 9.984e+02, 2.318e-07
2.165e+00, 5.000e-01, -1.650e-01, 1.104e+05, 0.000e+00, 5.061e-04, 0.000e+00, 2.005e+00, 9.984e+02, 2.173e-07
2.165e+00, 5.000e-01, -1.550e-01, 1.103e+05, 0.000e+00, 4.661e-04, 0.000e+00, 2.004e+00, 9.983e+02, 2.001e-07
2.165e+00, 5.000e-01, -1.450e-01, 1.102e+05, 0.000e+00, 4.184e-04, 0.000e+00, 2.002e+00, 9.983e+02, 1.796e-07
2.165e+00, 5.000e-01, -1.350e-01, 1.101e+05, 0.000e+00, 3.609e-04, 0.000e+00, 2.000e+00, 9.983e+02, 1.549e-07
2.165e+00, 5.000e-01, -1.250e-01, 1.100e+05, 0.000e+00, 2.919e-04, 0.000e+00, 1.998e+00, 9.983e+02, 1.253e-07
2.165e+00, 5.000e-01, -1.150e-01, 1.099e+05, 0.000e+00, 2.124e-04, 0.000e+00, 1.996e+00, 9.983e+02, 9.224e-08
2.165e+00, 5.000e-01, -1.050e-01, 1.110e+05, 0.000e+00, 1.373e-04, 0.000e+00, 2.017e+00, 9.983e+02, 6.029e-08
2.165e+00, 5.000e-01, -9.500e-02, 1.109e+05, 0.000e+00, 7.966e-05, 0.000e+00, 2.015e+00, 9.983e+02, 3.499e-08
2.165e+00, 5.000e-01, -8.500e-02, 1.108e+05, 0.000e+00, 4.263e-05, 0.000e+00, 2.013e+00, 9.983e+02, 1.873e-08
2.165e+00, 5.000e-01, -7.500e-02, 1.107e+05, 0.000e+00, 2.156e-05, 0.000e+00, 2.011e+00, 9.983e+02, 9.470e-09
2.165e+00, 5.000e-01, -6.500e-02, 1.106e+05, 0.000e+00, 1.048e-05, 0.000e+00, 2.009e+00, 9.983e+02, 4.603e-09
2.165e+00, 5.000e-01, -5.500e-02, 1.105e+05, 0.000e+00, 4.935e-06, 0.000e+00, 2.008e+00, 9.983e+02, 2.168e-09
2.165e+00, 5.000e-01, -4.500e-02, 1.104e+05, 0.000e+00, 2.252e-06, 0.000e+00, 2.006e+00, 9.983e+02, 9.892e-10
2.165e+00, 5.000e-01, -3.500e-02, 1.103e+05, 0.000e+00, 9.927e-07, 0.000e+00, 2.004e+00, 9.983e+02, 4.360e-10
2.165e+00, 5.000e-01, -2.500e-02, 1.102e+05, 0.000e+00, 4.220e-07, 0.000e+00, 2.002e+00, 9.983e+02, 1.853e-10
2.165e+00, 5.000e-01, -1.500e-02, 1.101e+05, 0.000e+00, 1.742e-07, 0.000e+00, 2.000e+00, 9.983e+02, 7.653e-11
2.165e+00, 5.000e-01, -5.000e-03, 1.100e+05, 0.000e+00, 7.223e-08, 0.000e+00, 1.999e+00, 9.983e+02, 3.172e-11
2.175e+00, 5.000e-01, -1.195e+00, 1.202e+05, 0.000e+00, 1.002e-13, 0.000e+00, 2.184e+00, 9.983e+02, 2.000e-17
2.175e+00, 5.000e-01, -1.185e+00, 1.201e+05, 0.000e+00, 1.002e-13, 0.000e+00, 2.182e+00, 9.983e+02, 2.000e-17
2.175e+00, 5.000e-01, -1.175e+00, 1.200e+05, 0.000e+00, 1.002e-13, 0.000e+00, 2.181e+00, 9.983e+02, 2.000e-17
2.175e+00, 5.000e-01, -1.165e+00, 1.199e+05, 0.000e+00, 1.002e-13, 0.000e+00, 2.179e+00, 9.983e+02, 2.000e-17
2.175e+00, 5.000e-01, -1.155e+00, 1.198e+05, 0.000e+00, 1.002e-13, 0.000e+00, 2.177e+00, 9.983e+02, 2.000e-17
2.175e+00, 5.000e-01, -1.145e+00, 1.197e+05, 0.000e+00, 1.002e-13, 0.000e+00, 2.175e+00, 9.983e+02, 2.000e-17
2.175e+00, 5.000e-01, -1.135e+00, 1.196e+05, 0.000e+00, 1.002e-13, 0.000e+00, 2.173e+00, 9.983e+02, 2.000e-17
2.175e+00, 5.000e-01, -1.125e+00, 1.195e+05, 0.000e+00, 1.002e-13, 0.000e+00, 2.172e+00, 9.983e+02, 2.000e-17
2.175e+00, 5.000e-01, -1.115e+00, 1.194e+05, 0.000e+00, 1.002e-13, 0.000e+00, 2.170e+00, 9.983e+02, 2.000e-17
2.175e+00, 5.000e-01, -1.105e+00, 1.193e+05, 0.000e+00, 1.002e-13, 0.000e+00, 2.168e+00, 9.983e+02, 2.000e-17
2.175e+00, 5.000e-01, -1.095e+00, 1.192e+05, 0.000e+00, 1.002e-13, 0.000e+00, 2.166e+00, 9.983e+02, 2.000e-17
2.175e+00, 5.000e-01, -1.085e+00, 1.191e+05, 0.000e+00, 1.694e-09, 0.000e+00, 2.165e+00, 9.983e+02, 6.997e-13
2.175e+00, 5.000e-01, -1.075e+00, 1.190e+05, 0.000e+00, 4.533e-04, 0.000e+00, 2.163e+00, 9.983e+02, 1.944e-07
2.175e+00, 5.000e-01, -1.065e+00, 1.189e+05, 0.000e+00, 4.663e-04, 0.000e+00, 2.161e+00, 9.983e+02, 2.002e-07
2.175e+00, 5.000e-01, -1.055e+00, 1.188e+05, 0.000e+00, 4.696e-04, 0.000e+00, 2.159e+00, 9.983e+02, 2.016e-07
2.175e+00, 5.000e-01, -1.045e+00, 1.187e+05, 0.000e+00, 4.662e-04, 0.000e+00, 2.158e+00, 9.983e+02, 2.001e-07
2.175e+00, 5.000e-01, -1.035e+00, 1.186e+05, 0.000e+00, 4.598e-04, 0.000e+00, 2.156e+00, 9.983e+02, 1.974e-07
2.175e+00, 5.000e-01, -1.025e+00, 1.185e+05, 0.000e+00, 4.518e-04, 0.000e+00, 2.154e+00, 9.983e+02, 1.940e-07
2.175e+00, 5.000e-01, -1.015e+00, 1.185e+05, 0.000e+00, 4.430e-04, 0.000e+00, 2.152e+00, 9.983e+02, 1.902e-07
2.175e+00, 5.000e-01, -1.005e+00, 1.184e+05, 0.000e+00, 4.343e-04, 0.000e+00, 2.150e+00, 9.983e+02, 1.864e-07
2.175e+00, 5.000e-01, -9.950e-01, 1.183e+05, 0.000e+00, 4.307e-04, 0.000e+00, 2.149e+00, 9.983e+02, 1.849e-07
2.175e+00, 5.000e-01, -9.850e-01, 1.182e+05, 0.000e+00, 4.544e-04, 0.000e+00, 2.147e+00, 9.983e+02, 1.951e-07
2.175e+00, 5.000e-01, -9.750e-01, 1.181e+05, 0.000e+00, 4.952e-04, 0.000e+00, 2.145e+00, 9.984e+02, 2.126e-07
2.175e+00, 5.000e-01, -9.650e-01, 1.180e+05, 0.000e+00, 5.116e-04, 0.000e+00, 2.143e+00, 9.984e+02, 2.196e-07
2.175e+00, 5.000e-01, -9.550e-01, 1.179e+05, 0.000e+00, 5.111e-04, 0.000e+00, 2.141e+00, 9.984e+02, 2.194e-07
2.175e+00, 5.000e-01, -9.450e-01, 1.178e+05, 0.000e+00, 5.073e-04, 0.000e+00, 2.140e+00, 9.984e+02, 2.178e-07
2.175e+00, 5.000e-01, -9.350e-01, 1.177e+05, 0.000e+00, 5.085e-04, 0.000e+00, 2.138e+00, 9.984e+02, 2.183e-07
2.175e+00, 5.000e-01, -9.250e-01, 1.176e+05, 0.000e+00, 5.142e-04, 0.000e+00, 2.136e+00, 9.984e+02, 2.208e-07
2.175e+00, 5.000e-01, -9.150e-01, 1.175e+05, 0.000e+00, 5.231e-04, 0.000e+00, 2.134e+00, 9.984e+02, 2.246e-07
2.175e+00, 5.000e-01, -9.050e-01, 1.174e+05, 0.000e+00, 5.359e-04, 0.000e+00, 2.132e+00, 9.984e+02, 2.301e-07
2.175e+00, 5.000e-01, -8.950e-01, 1.173e+05, 0.000e+00, 5.548e-04, 0.000e+00, 2.131e+00, 9.984e+02, 2.382e-07
2.175e+00, 5.000e-01, -8.850e-01, 1.172e+05, 0.000e+00, 5.752e-04, 0.000e+00, 2.129e+00, 9.984e+02, 2.469e-07
2.175e+00, 5.000e-01, -8.750e-01, 1.171e+05, 0.000e+00, 5.883e-04, 0.000e+00, 2.127e+00, 9.984e+02, 2.526e-07
2.175e+00, 5.000e-01, -8.650e-01, 1.170e+05, 0.000e+00, 5.920e-04, 0.000e+00, 2.125e+00, 9.984e+02, 2.541e-07
2.175e+00, 5.000e-01, -8.550e-01, 1.169e+05, 0.000e+00, 5.907e-04, 0.000e+00, 2.124e+00, 9.984e+02, 2.536e-07
2.175e+00, 5.000e-01, -8.450e-01, 1.168e+05, 0.000e+00, 5.887e-04, 0.000e+00, 2.122e+00, 9.984e+02, 2.527e-07
2.175e+00, 5.000e-01, -8.350e-01, 1.167e+05, 0.000e+00, 5.875e-04, 0.000e+00, 2.120e+00, 9.984e+02, 2.522e-07
2.175e+00, 5.000e-01, -8.250e-01, 1.166e+05, 0.000e+00, 5.859e-04, 0.000e+00, 2.118e+00, 9.984e+02, 2.515e-07
2.175e+00, 5.000e-01, -8.150e-01, 1.165e+05, 0.000e+00, 5.815e-04, 0.000e+00, 2.116e+00, 9.984e+02, 2.497e-07
2.175e+00, 5.000e-01, -8.050e-01, 1.164e+05, 0.000e+00, 5.706e-04, 0.000e+00, 2.115e+00, 9.984e+02, 2.450e-07
2.175e+00, 5.000e-01, -7.950e-01, 1.163e+05, 0.000e+00, 5.418e-04, 0.000e+00, 2.113e+00, 9.984e+02, 2.326e-07
2.175e+00, 5.000e-01, -7.850e-01, 1.162e+05, 0.000e+00, 4.873e-04, 0.000e+00, 2.111e+00, 9.984e+02, 2.092e-07
2.175e+00, 5.000e-01, -7.750e-01, 1.161e+05, 0.000e+00, 4.080e-04, 0.000e+00, 2.109e+00, 9.983e+02, 1.751e-07
2.175e+00, 5.000e-01, -7.650e-01, 1.160e+05, 0.000e+00, 3.457e-04, 0.000e+00, 2.107e+00, 9.983e+02, 1.484e-07
2.175e+00, 5.000e-01, -7.550e-01, 1.159e+05, 0.000e+00, 3.377e-04, 0.000e+00, 2.106e+00, 9.983e+02, 1.450e-07
2.175e+00, 5.000e-01, -7.450e-01, 1.158e+05, 0.000e+00, 4.097e-04, 0.000e+00, 2.104e+00, 9.983e+02, 1.759e-07
2.175e+00, 5.000e-01, -7.350e-01, 1.157e+05, 6.742e-07, 5.771e-04, 0.000e+00, 2.102e+00, 9.984e+02, 2.478e-07
2.175e+00, 5.000e-01, -7.250e-01, 1.156e+05, 4.711e-01, 1.895e-03, 0.000e+00, 2.100e+00, 9.986e+02, 8.558e-07
2.175e+00, 5.000e-01, -7.150e-01, 1.156e+05, 8.683e-01, 1.895e-03, 0.000e+00, 2.100e+00, 9.986e+02, 8.914e-07
2.175e+00, 5.000e-01, -7.050e-01, 1.156e+05, 8.724e-01, 1.895e-03, 0.000e+00, 2.100e+00, 9.986e+02, 8.952e-07
2.175e+00, 5.000e-01, -6.950e-01, 1.168e+05, 6.240e-07, 4.177e-04, 0.000e+00, 2.122e+00, 9.983e+02, 1.835e-07
2.175e+00, 5.000e-01, -6.850e-01, 1.167e+05, 0.000e+00, 2.737e-04, 0.000e+00, 2.120e+00, 9.983e+02, 1.202e-07
2.175e+00, 5.000e-01, -6.750e-01, 1.166e+05, 0.000e+00, 1.687e-04, 0.000e+00, 2.119e+00, 9.983e+02, 7.411e-08
2.175e+00, 5.000e-01, -6.650e-01, 1.165e+05, 0.000e+00, 9.757e-05, 0.000e+00, 2.117e+00, 9.983e+02, 4.286e-08
2.175e+00, 5.000e-01, -6.550e-01, 1.164e+05, 0.000e+00, 5.321e-05, 0.000e+00, 2.115e+00, 9.983e+02, 2.337e-08
2.175e+00, 5.000e-01, -6.450e-01, 1.163e+05, 0.000e+00, 2.861e-05, 0.000e+00, 2.113e+00, 9.983e+02, 1.257e-08
2.175e+00, 5.000e-01, -6.350e-01, 1.162e+05, 0.000e+00, 1.867e-05, 0.000e+00, 2.111e+00, 9.983e+02, 8.202e-09
2.175e+00, 5.000e-01, -6.250e-01, 1.161e+05, 0.000e+00, 2.180e-05, 0.000e+00, 2.110e+00, 9.983e+02, 9.575e-09
2.175e+00, 5.000e-01, -6.150e-01, 1.160e+05, 0.000e+00, 4.127e-05, 0.000e+00, 2.108e+00, 9.983e+02, 1.813e-08
2.175e+00, 5.000e-01, -6.050e-01, 1.159e+05, 0.000e+00, 8.609e-05, 0.000e+00, 2.106e+00, 9.983e+02, 3.782e-08
2.175e+00, 5.000e-01, -5.950e-01, 1.158e+05, 0.000e+00, 1.700e-04, 0.000e+00, 2.104e+00, 9.983e+02, 7.466e-08
2.175e+00, 5.000e-01, -5.850e-01, 1.157e+05, 0.000e+00, 3.046e-04, 0.000e+00, 2.102e+00, 9.983e+02, 1.338e-07
2.175e+00, 5.000e-01, -5.750e-01, 1.142e+05, 0.000e+00, 4.719e-04, 0.000e+00, 2.074e+00, 9.983e+02, 2.119e-07
2.175e+00, 5.000e-01, -5.650e-01, 1.141e+05, 0.000e+00, 5.469e-04, 0.000e+00, 2.072e+00, 9.984e+02, 2.457e-07
2.175e+00, 5.000e-01, -5.550e-01, 1.140e+05, 0.000e+00, 5.825e-04, 0.000e+00, 2.070e+00, 9.984e+02, 2.617e-07
2.175e+00, 5.000e-01, -5.450e-01, 1.139e+05, 0.000e+00, 5.831e-04, 0.000e+00, 2.068e+00, 9.984e+02, 2.620e-07
2.175e+00, 5.000e-01, -5.350e-01, 1.138e+05, 0.000e+00, 5.599e-04, 0.000e+00, 2.067e+00, 9.984e+02, 2.515e-07
2.175e+00, 5.000e-01, -5.250e-01, 1.137e+05, 0.000e+00, 5.256e-04, 0.000e+00, 2.065e+00, 9.984e+02, 2.361e-07
2.175e+00, 5.000e-01, -5.150e-01, 1.136e+05, 0.000e+00, 4.999e-04, 0.000e+00, 2.063e+00, 9.984e+02, 2.246e-07
2.175e+00, 5.000e-01, -5.050e-01, 1.135e+05, 0.000e+00, 4.882e-04, 0.000e+00, 2.061e+00, 9.983e+02, 2.193e-07
2.175e+00, 5.000e-01, -4.950e-01, 1.134e+05, 0.000e+00, 4.891e-04, 0.000e+00, 2.059e+00, 9.984e+02, 2.197e-07
2.175e+00, 5.000e-01, -4.850e-01, 1.133e+05, 0.000e+00, 4.958e-04, 0.000e+00, 2.057e+00, 9.984e+02, 2.158e-07
2.175e+00, 5.000e-01, -4.750e-01, 1.132e+05, 0.000e+00, 5.073e-04, 0.000e+00, 2.056e+00, 9.984e+02, 2.178e-07
2.175e+00, 5.000e-01, -4.650e-01, 1.131e+05, 0.000e+00, 5.207e-04, 0.000e+00, 2.054e+00, 9.984e+02, 2.235e-07
2.175e+00, 5.000e-01, -4.550e-01, 1.130e+05, 0.000e+00, 5.278e-04, 0.000e+00, 2.052e+00, 9.984e+02, 2.266e-07
2.175e+00, 5.000e-01, -4.450e-01, 1.129e+05, 0.000e+00, 5.229e-04, 0.000e+00, 2.050e+00, 9.984e+02, 2.245e-07
2.175e+00, 5.000e-01, -4.350e-01, 1.128e+05, 0.000e+00, 5.012e-04, 0.000e+00, 2.048e+00, 9.984e+02, 2.152e-07
2.175e+00, 5.000e-01, -4.250e-01, 1.127e+05, 0.000e+00, 4.946e-04, 0.000e+00, 2.047e+00, 9.984e+02, 2.123e-07
2.175e+00, 5.000e-01, -4.150e-01, 1.126e+05, 0.000e+00, 4.969e-04, 0.000e+00, 2.045e+00, 9.984e+02, 2.133e-07
2.175e+00, 5.000e-01, -4.050e-01, 1.125e+05, 0.000e+00, 5.060e-04, 0.000e+00, 2.043e+00, 9.984e+02, 2.172e-07
2.175e+00, 5.000e-01, -3.950e-01, 1.124e+05, 0.000e+00, 5.199e-04, 0.000e+00, 2.041e+00, 9.984e+02, 2.232e-07
2.175e+00, 5.000e-01, -3.850e-01, 1.123e+05, 0.000e+00, 5.292e-04, 0.000e+00, 2.039e+00, 9.984e+02, 2.272e-07
2.175e+00, 5.000e-01, -3.750e-01, 1.122e+05, 0.000e+00, 5.441e-04, 0.000e+00, 2.038e+00, 9.984e+02, 2.336e-07
2.175e+00, 5.000e-01, -3.650e-01, 1.121e+05, 0.000e+00, 5.819e-04, 0.000e+00, 2.036e+00, 9.984e+02, 2.498e-07
2.175e+00, 5.000e-01, -3.550e-01, 1.120e+05, 0.000e+00, 6.196e-04, 0.000e+00, 2.034e+00, 9.984e+02, 2.742e-07
2.175e+00, 5.000e-01, -3.450e-01, 1.119e+05, 0.000e+00, 6.602e-04, 0.000e+00, 2.033e+00, 9.984e+02, 2.966e-07
2.175e+00, 5.000e-01, -3.350e-01, 1.118e+05, 0.000e+00, 6.968e-04, 0.000e+00, 2.031e+00, 9.984e+02, 3.130e-07
2.175e+00, 5.000e-01, -3.250e-01, 1.117e+05, 0.000e+00, 7.246e-04, 0.000e+00, 2.029e+00, 9.984e+02, 3.255e-07
2.175e+00, 5.000e-01, -3.150e-01, 1.116e+05, 0.000e+00, 7.359e-04, 0.000e+00, 2.027e+00, 9.984e+02, 3.306e-07
2.175e+00, 5.000e-01, -3.050e-01, 1.115e+05, 0.000e+00, 7.244e-04, 0.000e+00, 2.025e+00, 9.984e+02, 3.255e-07
2.175e+00, 5.000e-01, -2.950e-01, 1.114e+05, 0.000e+00, 7.025e-04, 0.000e+00, 2.024e+00, 9.984e+02, 3.156e-07
2.175e+00, 5.000e-01, -2.850e-01, 1.113e+05, 0.000e+00, 6.921e-04, 0.000e+00, 2.022e+00, 9.984e+02, 3.109e-07
2.175e+00, 5.000e-01, -2.750e-01, 1.112e+05, 0.000e+00, 6.954e-04, 0.000e+00, 2.020e+00, 9.984e+02, 3.118e-07
2.175e+00, 5.000e-01, -2.650e-01, 1.112e+05, 0.000e+00, 6.991e-04, 0.000e+00, 2.020e+00, 9.984e+02, 3.071e-07
2.175e+00, 5.000e-01, -2.550e-01, 1.111e+05, 0.000e+00, 6.820e-04, 0.000e+00, 2.018e+00, 9.984e+02, 2.996e-07
2.175e+00, 5.000e-01, -2.450e-01, 1.110e+05, 0.000e+00, 6.588e-04, 0.000e+00, 2.016e+00, 9.984e+02, 2.894e-07
2.175e+00, 5.000e-01, -2.350e-01, 1.109e+05, 0.000e+00, 6.336e-04, 0.000e+00, 2.014e+00, 9.984e+02, 2.783e-07
2.175e+00, 5.000e-01, -2.250e-01, 1.108e+05, 0.000e+00, 6.093e-04, 0.000e+00, 2.012e+00, 9.984e+02, 2.676e-07
2.175e+00, 5.000e-01, -2.150e-01, 1.107e+05, 0.000e+00, 5.878e-04, 0.000e+00, 2.011e+00, 9.984e+02, 2.582e-07
2.175e+00, 5.000e-01, -2.050e-01, 1.106e+05, 0.000e+00, 5.708e-04, 0.000e+00, 2.009e+00, 9.984e+02, 2.507e-07
2.175e+00, 5.000e-01, -1.950e-01, 1.105e+05, 0.000e+00, 5.587e-04, 0.000e+00, 2.007e+00, 9.984e+02, 2.454e-07
2.175e+00, 5.000e-01, -1.850e-01, 1.106e+05, 0.000e+00, 5.490e-04, 0.000e+00, 2.009e+00, 9.984e+02, 2.374e-07
2.175e+00, 5.000e-01, -1.750e-01, 1.105e+05, 0.000e+00, 5.229e-04, 0.000e+00, 2.007e+00, 9.984e+02, 2.245e-07
2.175e+00, 5.000e-01, -1.650e-01, 1.104e+05, 0.000e+00, 4.893e-04, 0.000e+00, 2.005e+00, 9.983e+02, 2.101e-07
2.175e+00, 5.000e-01, -1.550e-01, 1.103e+05, 0.000e+00, 4.503e-04, 0.000e+00, 2.004e+00, 9.983e+02, 1.933e-07
2.175e+00, 5.000e-01, -1.450e-01, 1.102e+05, 0.000e+00, 4.044e-04, 0.000e+00, 2.002e+00, 9.983e+02, 1.736e-07
2.175e+00, 5.000e-01, -1.350e-01, 1.101e+05, 0.000e+00, 3.486e-04, 0.000e+00, 2.000e+00, 9.983e+02, 1.496e-07
2.175e+00, 5.000e-01, -1.250e-01, 1.100e+05, 0.000e+00, 2.802e-04, 0.000e+00, 1.998e+00, 9.983e+02, 1.203e-07
2.175e+00, 5.000e-01, -1.150e-01, 1.111e+05, 0.000e+00, 2.000e-04, 0.000e+00, 2.018e+00, 9.983e+02, 8.697e-08
2.175e+00, 5.000e-01, -1.050e-01, 1.110e+05, 0.000e+00, 1.279e-04, 0.000e+00, 2.017e+00, 9.983e+02, 5.619e-08
2.175e+00, 5.000e-01, -9.500e-02, 1.109e+05, 0.000e+00, 7.432e-05, 0.000e+00, 2.015e+00, 9.983e+02, 3.265e-08
2.175e+00, 5.000e-01, -8.500e-02, 1.108e+05, 0.000e+00, 4.011e-05, 0.000e+00, 2.013e+00, 9.983e+02, 1.762e-08
2.175e+00, 5.000e-01, -7.500e-02, 1.107e+05, 0.000e+00, 2.054e-05, 0.000e+00, 2.011e+00, 9.983e+02, 9.022e-09
2.175e+00, 5.000e-01, -6.500e-02, 1.106e+05, 0.000e+00, 1.012e-05, 0.000e+00, 2.009e+00, 9.983e+02, 4.447e-09
2.175e+00, 5.000e-01, -5.500e-02, 1.105e+05, 0.000e+00, 4.829e-06, 0.000e+00, 2.008e+00, 9.983e+02, 2.121e-09
2.175e+00, 5.000e-01, -4.500e-02, 1.104e+05, 0.000e+00, 2.227e-06, 0.000e+00, 2.006e+00, 9.983e+02, 9.784e-10
2.175e+00, 5.000e-01, -3.500e-02, 1.103e+05, 0.000e+00, 9.904e-07, 0.000e+00, 2.004e+00, 9.983e+02, 4.350e-10
2.175e+00, 5.000e-01, -2.500e-02, 1.102e+05, 0.000e+00, 4.240e-07, 0.000e+00, 2.002e+00, 9.983e+02, 1.862e-10
2.175e+00, 5.000e-01, -1.500e-02, 1.101e+05, 0.000e+00, 1.762e-07, 0.000e+00, 2.000e+00, 9.983e+02, 7.740e-11
2.175e+00, 5.000e-01, -5.000e-03, 1.100e+05, 0.000e+00, 7.359e-08, 0.000e+00, 1.999e+00, 9.983e+02, 3.233e-11
2.185e+00, 5.000e-01, -1.195e+00, 1.202e+05, 0.000e+00, 1.002e-13, 0.000e+00, 2.184e+00, 9.983e+02, 2.000e-17
2.185e+00, 5.000e-01, -1.185e+00, 1.201e+05, 0.000e+00, 1.002e-13, 0.000e+00, 2.182e+00, 9.983e+02, 2.000e-17
2.185e+00, 5.000e-01, -1.175e+00, 1.200e+05, 0.000e+00, 1.002e-13, 0.000e+00, 2.181e+00, 9.983e+02, 2.000e-17
2.185e+00, 5.000e-01, -1.165e+00, 1.199e+05, 0.000e+00, 1.002e-13, 0.000e+00, 2.179e+00, 9.983e+02, 2.000e-17
2.185e+00, 5.000e-01, -1.155e+00, 1.198e+05, 0.000e+00, 1.002e-13, 0.000e+00, 2.177e+00, 9.983e+02, 2.000e-17
2.185e+00, 5.000e-01, -1.145e+00, 1.197e+05, 0.000e+00, 1.002e-13, 0.000e+00, 2.175e+00, 9.983e+02, 2.000e-17
2.185e+00, 5.000e-01, -1.135e+00, 1.196e+05, 0.000e+00, 1.002e-13, 0.000e+00, 2.173e+00, 9.983e+02, 2.000e-17
2.185e+00, 5.000e-01, -1.125e+00, 1.195e+05, 0.000e+00, 1.002e-13, 0.000e+00, 2.172e+00, 9.983e+02, 2.000e-17
2.185e+00, 5.000e-01, -1.115e+00, 1.194e+05, 0.000e+00, 1.002e-13, 0.000e+00, 2.170e+00, 9.983e+02, 2.000e-17
2.185e+00, 5.000e-01, -1.105e+00, 1.193e+05, 0.000e+00, 1.002e-13, 0.000e+00, 2.168e+00, 9.983e+02, 2.000e-17
2.185e+00, 5.000e-01, -1.095e+00, 1.192e+05, 0.000e+00, 1.002e-13, 0.000e+00, 2.166e+00, 9.983e+02, 2.000e-17
2.185e+00, 5.000e-01, -1.085e+00, 1.191e+05, 0.000e+00, 1.730e-09, 0.000e+00, 2.165e+00, 9.983e+02, 7.419e-13
2.185e+00, 5.000e-01, -1.075e+00, 1.190e+05, 0.000e+00, 4.672e-04, 0.000e+00, 2.163e+00, 9.983e+02, 2.006e-07
2.185e+00, 5.000e-01, -1.065e+00, 1.189e+05, 0.000e+00, 4.652e-04, 0.000e+00, 2.161e+00, 9.983e+02, 1.997e-07
2.185e+00, 5.000e-01, -1.055e+00, 1.188e+05, 0.000e+00, 4.643e-04, 0.000e+00, 2.159e+00, 9.983e+02, 1.993e-07
2.185e+00, 5.000e-01, -1.045e+00, 1.187e+05, 0.000e+00, 4.607e-04, 0.000e+00, 2.158e+00, 9.983e+02, 1.978e-07
2.185e+00, 5.000e-01, -1.035e+00, 1.186e+05, 0.000e+00, 4.552e-04, 0.000e+00, 2.156e+00, 9.983e+02, 1.954e-07
2.185e+00, 5.000e-01, -1.025e+00, 1.185e+05, 0.000e+00, 4.484e-04, 0.000e+00, 2.154e+00, 9.983e+02, 1.925e-07
2.185e+00, 5.000e-01, -1.015e+00, 1.185e+05, 0.000e+00, 4.410e-04, 0.000e+00, 2.152e+00, 9.983e+02, 1.893e-07
2.185e+00, 5.000e-01, -1.005e+00, 1.184e+05, 0.000e+00, 4.349e-04, 0.000e+00, 2.150e+00, 9.983e+02, 1.867e-07
2.185e+00, 5.000e-01, -9.950e-01, 1.183e+05, 0.000e+00, 4.430e-04, 0.000e+00, 2.149e+00, 9.983e+02, 1.902e-07
2.185e+00, 5.000e-01, -9.850e-01, 1.182e+05, 0.000e+00, 4.857e-04, 0.000e+00, 2.147e+00, 9.984e+02, 2.085e-07
2.185e+00, 5.000e-01, -9.750e-01, 1.181e+05, 0.000e+00, 5.217e-04, 0.000e+00, 2.145e+00, 9.984e+02, 2.240e-07
2.185e+00, 5.000e-01, -9.650e-01, 1.180e+05, 0.000e+00, 5.343e-04, 0.000e+00, 2.143e+00, 9.984e+02, 2.294e-07
2.185e+00, 5.000e-01, -9.550e-01, 1.179e+05, 0.000e+00, 5.335e-04, 0.000e+00, 2.141e+00, 9.984e+02, 2.290e-07
2.185e+00, 5.000e-01, -9.450e-01, 1.178e+05, 0.000e+00, 5.367e-04, 0.000e+00, 2.140e+00, 9.984e+02, 2.304e-07
2.185e+00, 5.000e-01, -9.350e-01, 1.177e+05, 0.000e+00, 5.583e-04, 0.000e+00, 2.138e+00, 9.984e+02, 2.397e-07
2.185e+00, 5.000e-01, -9.250e-01, 1.176e+05, 0.000e+00, 5.974e-04, 0.000e+00, 2.136e+00, 9.984e+02, 2.565e-07
2.185e+00, 5.000e-01, -9.150e-01, 1.175e+05, 0.000e+00, 6.343e-04, 0.000e+00, 2.134e+00, 9.984e+02, 2.723e-07
2.185e+00, 5.000e-01, -9.050e-01, 1.174e+05, 0.000e+00, 6.552e-04, 0.000e+00, 2.132e+00, 9.984e+02, 2.813e-07
2.185e+00, 5.000e-01, -8.950e-01, 1.173e+05, 0.000e+00, 6.647e-04, 0.000e+00, 2.131e+00, 9.984e+02, 2.854e-07
2.185e+00, 5.000e-01, -8.850e-01, 1.172e+05, 0.000e+00, 6.694e-04, 0.000e+00, 2.129e+00, 9.984e+02, 2.874e-07
2.185e+00, 5.000e-01, -8.750e-01, 1.171e+05, 0.000e+00, 6.699e-04, 0.000e+00, 2.127e+00, 9.984e+02, 2.876e-07
2.185e+00, 5.000e-01, -8.650e-01, 1.170e+05, 0.000e+00, 6.653e-04, 0.000e+00, 2.125e+00, 9.984e+02, 2.856e-07
2.185e+00, 5.000e-01, -8.550e-01, 1.169e+05, 0.000e+00, 6.563e-04, 0.000e+00, 2.124e+00, 9.984e+02, 2.817e-07
2.185e+00, 5.000e-01, -8.450e-01, 1.168e+05, 0.000e+00, 6.443e-04, 0.000e+00, 2.122e+00, 9.984e+02, 2.766e-07
2.185e+00, 5.000e-01, -8.350e-01, 1.167e+05, 0.000e+00, 6.294e-04, 0.000e+00, 2.120e+00, 9.984e+02, 2.702e-07
2.185e+00, 5.000e-01, -8.250e-01, 1.166e+05, 0.000e+00, 6.100e-04, 0.000e+00, 2.118e+00, 9.984e+02, 2.619e-07
2.185e+00, 5.000e-01, -8.150e-01, 1.165e+05, 0.000e+00, 5.825e-04, 0.000e+00, 2.116e+00, 9.984e+02, 2.501e-07
2.185e+00, 5.000e-01, -8.050e-01, 1.164e+05, 0.000e+00, 5.436e-04, 0.000e+00, 2.115e+00, 9.984e+02, 2.333e-07
2.185e+00, 5.000e-01, -7.950e-01, 1.163e+05, 0.000e+00, 4.917e-04, 0.000e+00, 2.113e+00, 9.984e+02, 2.111e-07
2.185e+00, 5.000e-01, -7.850e-01, 1.162e+05, 0.000e+00, 4.278e-04, 0.000e+00, 2.111e+00, 9.983e+02, 1.836e-07
2.185e+00, 5.000e-01, -7.750e-01, 1.161e+05, 0.000e+00, 3.653e-04, 0.000e+00, 2.109e+00, 9.983e+02, 1.568e-07
2.185e+00, 5.000e-01, -7.650e-01, 1.160e+05, 0.000e+00, 3.282e-04, 0.000e+00, 2.107e+00, 9.983e+02, 1.409e-07
2.185e+00, 5.000e-01, -7.550e-01, 1.159e+05, 0.000e+00, 3.234e-04, 0.000e+00, 2.106e+00, 9.983e+02, 1.388e-07
2.185e+00, 5.000e-01, -7.450e-01, 1.158e+05, 0.000e+00, 3.761e-04, 0.000e+00, 2.104e+00, 9.983e+02, 1.615e-07
2.185e+00, 5.000e-01, -7.350e-01, 1.157e+05, 6.736e-07, 5.357e-04, 0.000e+00, 2.102e+00, 9.984e+02, 2.300e-07
2.185e+00, 5.000e-01, -7.250e-01, 1.156e+05, 4.709e-01, 1.895e-03, 0.000e+00, 2.100e+00, 9.986e+02, 8.558e-07
2.185e+00, 5.000e-01, -7.150e-01, 1.156e+05, 8.683e-01, 1.895e-03, 0.000e+00, 2.100e+00, 9.986e+02, 8.914e-07
2.185e+00, 5.000e-01, -7.050e-01, 1.156e+05, 8.724e-01, 1.895e-03, 0.000e+00, 2.100e+00, 9.986e+02, 8.970e-07
2.185e+00, 5.000e-01, -6.950e-01, 1.168e+05, 6.240e-07, 4.120e-04, 0.000e+00, 2.122e+00, 9.983e+02, 1.810e-07
2.185e+00, 5.000e-01, -6.850e-01, 1.167e+05, 0.000e+00, 2.683e-04, 0.000e+00, 2.120e+00, 9.983e+02, 1.178e-07
2.185e+00, 5.000e-01, -6.750e-01, 1.166e+05, 0.000e+00, 1.649e-04, 0.000e+00, 2.119e+00, 9.983e+02, 7.242e-08
2.185e+00, 5.000e-01, -6.650e-01, 1.165e+05, 0.000e+00, 9.532e-05, 0.000e+00, 2.117e+00, 9.983e+02, 4.187e-08
2.185e+00, 5.000e-01, -6.550e-01, 1.164e+05, 0.000e+00, 5.208e-05, 0.000e+00, 2.115e+00, 9.983e+02, 2.288e-08
2.185e+00, 5.000e-01, -6.450e-01, 1.163e+05, 0.000e+00, 2.813e-05, 0.000e+00, 2.113e+00, 9.983e+02, 1.235e-08
2.185e+00, 5.000e-01, -6.350e-01, 1.162e+05, 0.000e+00, 1.847e-05, 0.000e+00, 2.111e+00, 9.983e+02, 8.112e-09
2.185e+00, 5.000e-01, -6.250e-01, 1.161e+05, 0.000e+00, 2.165e-05, 0.000e+00, 2.110e+00, 9.983e+02, 9.508e-09
2.185e+00, 5.000e-01, -6.150e-01, 1.160e+05, 0.000e+00, 4.105e-05, 0.000e+00, 2.108e+00, 9.983e+02, 1.803e-08
2.185e+00, 5.000e-01, -6.050e-01, 1.159e+05, 0.000e+00, 8.594e-05, 0.000e+00, 2.106e+00, 9.983e+02, 3.775e-08
2.185e+00, 5.000e-01, -5.950e-01, 1.158e+05, 0.000e+00, 1.707e-04, 0.000e+00, 2.104e+00, 9.983e+02, 7.497e-08
2.185e+00, 5.000e-01, -5.850e-01, 1.157e+05, 0.000e+00, 3.071e-04, 0.000e+00, 2.102e+00, 9.983e+02, 1.352e-07
2.185e+00, 5.000e-01, -5.750e-01, 1.142e+05, 0.000e+00, 4.691e-04, 0.000e+00, 2.074e+00, 9.983e+02, 2.107e-07
2.185e+00, 5.000e-01, -5.650e-01, 1.141e+05, 0.000e+00, 5.430e-04, 0.000e+00, 2.072e+00, 9.984e+02, 2.439e-07
2.185e+00, 5.000e-01, -5.550e-01, 1.140e+05, 0.000e+00, 5.718e-04, 0.000e+00, 2.070e+00, 9.984e+02, 2.569e-07
2.185e+00, 5.000e-01, -5.450e-01, 1.139e+05, 0.000e+00, 5.660e-04, 0.000e+00, 2.068e+00, 9.984e+02, 2.543e-07
2.185e+00, 5.000e-01, -5.350e-01, 1.138e+05, 0.000e+00, 5.386e-04, 0.000e+00, 2.067e+00, 9.984e+02, 2.420e-07
2.185e+00, 5.000e-01, -5.250e-01, 1.137e+05, 0.000e+00, 5.056e-04, 0.000e+00, 2.065e+00, 9.984e+02, 2.272e-07
2.185e+00, 5.000e-01, -5.150e-01, 1.136e+05, 0.000e+00, 4.878e-04, 0.000e+00, 2.063e+00, 9.983e+02, 2.191e-07
2.185e+00, 5.000e-01, -5.050e-01, 1.135e+05, 0.000e+00, 4.873e-04, 0.000e+00, 2.061e+00, 9.983e+02, 2.189e-07
2.185e+00, 5.000e-01, -4.950e-01, 1.134e+05, 0.000e+00, 4.952e-04, 0.000e+00, 2.059e+00, 9.984e+02, 2.225e-07
2.185e+00, 5.000e-01, -4.850e-01, 1.133e+05, 0.000e+00, 5.028e-04, 0.000e+00, 2.057e+00, 9.984e+02, 2.185e-07
2.185e+00, 5.000e-01, -4.750e-01, 1.132e+05, 0.000e+00, 5.110e-04, 0.000e+00, 2.056e+00, 9.984e+02, 2.194e-07
2.185e+00, 5.000e-01, -4.650e-01, 1.131e+05, 0.000e+00, 5.173e-04, 0.000e+00, 2.054e+00, 9.984e+02, 2.221e-07
2.185e+00, 5.000e-01, -4.550e-01, 1.130e+05, 0.000e+00, 5.157e-04, 0.000e+00, 2.052e+00, 9.984e+02, 2.214e-07
2.185e+00, 5.000e-01, -4.450e-01, 1.129e+05, 0.000e+00, 4.993e-04, 0.000e+00, 2.050e+00, 9.984e+02, 2.143e-07
2.185e+00, 5.000e-01, -4.350e-01, 1.128e+05, 0.000e+00, 4.934e-04, 0.000e+00, 2.048e+00, 9.984e+02, 2.122e-07
2.185e+00, 5.000e-01, -4.250e-01, 1.127e+05, 0.000e+00, 5.051e-04, 0.000e+00, 2.047e+00, 9.984e+02, 2.168e-07
2.185e+00, 5.000e-01, -4.150e-01, 1.126e+05, 0.000e+00, 5.236e-04, 0.000e+00, 2.045e+00, 9.984e+02, 2.248e-07
2.185e+00, 5.000e-01, -4.050e-01, 1.125e+05, 0.000e+00, 5.512e-04, 0.000e+00, 2.043e+00, 9.984e+02, 2.366e-07
2.185e+00, 5.000e-01, -3.950e-01, 1.124e+05, 0.000e+00, 5.880e-04, 0.000e+00, 2.041e+00, 9.984e+02, 2.524e-07
2.185e+00, 5.000e-01, -3.850e-01, 1.123e+05, 0.000e+00, 6.176e-04, 0.000e+00, 2.039e+00, 9.984e+02, 2.651e-07
2.185e+00, 5.000e-01, -3.750e-01, 1.122e+05, 0.000e+00, 6.340e-04, 0.000e+00, 2.038e+00, 9.984e+02, 2.722e-07
2.185e+00, 5.000e-01, -3.650e-01, 1.121e+05, 0.000e+00, 6.520e-04, 0.000e+00, 2.036e+00, 9.984e+02, 2.799e-07
2.185e+00, 5.000e-01, -3.550e-01, 1.120e+05, 0.000e+00, 6.784e-04, 0.000e+00, 2.034e+00, 9.984e+02, 3.014e-07
2.185e+00, 5.000e-01, -3.450e-01, 1.119e+05, 0.000e+00, 6.967e-04, 0.000e+00, 2.033e+00, 9.984e+02, 3.130e-07
2.185e+00, 5.000e-01, -3.350e-01, 1.118e+05, 0.000e+00, 7.042e-04, 0.000e+00, 2.031e+00, 9.984e+02, 3.164e-07
2.185e+00, 5.000e-01, -3.250e-01, 1.117e+05, 0.000e+00, 6.995e-04, 0.000e+00, 2.029e+00, 9.984e+02, 3.143e-07
2.185e+00, 5.000e-01, -3.150e-01, 1.116e+05, 0.000e+00, 6.778e-04, 0.000e+00, 2.027e+00, 9.984e+02, 3.045e-07
2.185e+00, 5.000e-01, -3.050e-01, 1.115e+05, 0.000e+00, 6.438e-04, 0.000e+00, 2.025e+00, 9.984e+02, 2.892e-07
2.185e+00, 5.000e-01, -2.950e-01, 1.114e+05, 0.000e+00, 6.238e-04, 0.000e+00, 2.024e+00, 9.984e+02, 2.802e-07
2.185e+00, 5.000e-01, -2.850e-01, 1.113e+05, 0.000e+00, 6.238e-04, 0.000e+00, 2.022e+00, 9.984e+02, 2.802e-07
2.185e+00, 5.000e-01, -2.750e-01, 1.112e+05, 0.000e+00, 6.442e-04, 0.000e+00, 2.020e+00, 9.984e+02, 2.883e-07
2.185e+00, 5.000e-01, -2.650e-01, 1.112e+05, 0.000e+00, 6.616e-04, 0.000e+00, 2.020e+00, 9.984e+02, 2.906e-07
2.185e+00, 5.000e-01, -2.550e-01, 1.111e+05, 0.000e+00, 6.483e-04, 0.000e+00, 2.018e+00, 9.984e+02, 2.848e-07
2.185e+00, 5.000e-01, -2.450e-01, 1.110e+05, 0.000e+00, 6.225e-04, 0.000e+00, 2.016e+00, 9.984e+02, 2.734e-07
2.185e+00, 5.000e-01, -2.350e-01, 1.109e+05, 0.000e+00, 5.913e-04, 0.000e+00, 2.014e+00, 9.984e+02, 2.597e-07
2.185e+00, 5.000e-01, -2.250e-01, 1.108e+05, 0.000e+00, 5.602e-04, 0.000e+00, 2.012e+00, 9.984e+02, 2.461e-07
2.185e+00, 5.000e-01, -2.150e-01, 1.107e+05, 0.000e+00, 5.339e-04, 0.000e+00, 2.011e+00, 9.984e+02, 2.345e-07
2.185e+00, 5.000e-01, -2.050e-01, 1.106e+05, 0.000e+00, 5.164e-04, 0.000e+00, 2.009e+00, 9.984e+02, 2.268e-07
2.185e+00, 5.000e-01, -1.950e-01, 1.105e+05, 0.000e+00, 5.109e-04, 0.000e+00, 2.007e+00, 9.984e+02, 2.244e-07
2.185e+00, 5.000e-01, -1.850e-01, 1.106e+05, 0.000e+00, 5.160e-04, 0.000e+00, 2.009e+00, 9.984e+02, 2.227e-07
2.185e+00, 5.000e-01, -1.750e-01, 1.105e+05, 0.000e+00, 4.944e-04, 0.000e+00, 2.007e+00, 9.983e+02, 2.123e-07
2.185e+00, 5.000e-01, -1.650e-01, 1.104e+05, 0.000e+00, 4.645e-04, 0.000e+00, 2.005e+00, 9.983e+02, 1.994e-07
2.185e+00, 5.000e-01, -1.550e-01, 1.103e+05, 0.000e+00, 4.305e-04, 0.000e+00, 2.004e+00, 9.983e+02, 1.848e-07
2.185e+00, 5.000e-01, -1.450e-01, 1.102e+05, 0.000e+00, 3.905e-04, 0.000e+00, 2.002e+00, 9.983e+02, 1.677e-07
2.185e+00, 5.000e-01, -1.350e-01, 1.101e+05, 0.000e+00, 3.401e-04, 0.000e+00, 2.000e+00, 9.983e+02, 1.460e-07
2.185e+00, 5.000e-01, -1.250e-01, 1.100e+05, 0.000e+00, 2.742e-04, 0.000e+00, 1.998e+00, 9.983e+02, 1.177e-07
2.185e+00, 5.000e-01, -1.150e-01, 1.111e+05, 0.000e+00, 1.925e-04, 0.000e+00, 2.018e+00, 9.983e+02, 8.385e-08
2.185e+00, 5.000e-01, -1.050e-01, 1.110e+05, 0.000e+00, 1.216e-04, 0.000e+00, 2.017e+00, 9.983e+02, 5.340e-08
2.185e+00, 5.000e-01, -9.500e-02, 1.109e+05, 0.000e+00, 7.031e-05, 0.000e+00, 2.015e+00, 9.983e+02, 3.088e-08
2.185e+00, 5.000e-01, -8.500e-02, 1.108e+05, 0.000e+00, 3.802e-05, 0.000e+00, 2.013e+00, 9.983e+02, 1.670e-08
2.185e+00, 5.000e-01, -7.500e-02, 1.107e+05, 0.000e+00, 1.959e-05, 0.000e+00, 2.011e+00, 9.983e+02, 8.603e-09
2.185e+00, 5.000e-01, -6.500e-02, 1.106e+05, 0.000e+00, 9.727e-06, 0.000e+00, 2.009e+00, 9.983e+02, 4.273e-09
2.185e+00, 5.000e-01, -5.500e-02, 1.105e+05, 0.000e+00, 4.675e-06, 0.000e+00, 2.008e+00, 9.983e+02, 2.053e-09
2.185e+00, 5.000e-01, -4.500e-02, 1.104e+05, 0.000e+00, 2.170e-06, 0.000e+00, 2.006e+00, 9.983e+02, 9.532e-10
2.185e+00, 5.000e-01, -3.500e-02, 1.103e+05, 0.000e+00, 9.701e-07, 0.000e+00, 2.004e+00, 9.983e+02, 4.261e-10
2.185e+00, 5.000e-01, -2.500e-02, 1.102e+05, 0.000e+00, 4.172e-07, 0.000e+00, 2.002e+00, 9.983e+02, 1.832e-10
2.185e+00, 5.000e-01, -1.500e-02, 1.101e+05, 0.000e+00, 1.741e-07, 0.000e+00, 2.000e+00, 9.983e+02, 7.649e-11
2.185e+00, 5.000e-01, -5.000e-03, 1.100e+05, 0.000e+00, 7.320e-08, 0.000e+00, 1.999e+00, 9.983e+02, 3.215e-11
2.195e+00, 5.000e-01, -1.195e+00, 1.202e+05, 0.000e+00, 1.002e-13, 0.000e+00, 2.184e+00, 9.983e+02, 2.000e-17
2.195e+00, 5.000e-01, -1.185e+00, 1.201e+05, 0.000e+00, 1.002e-13, 0.000e+00, 2.182e+00, 9.983e+02, 2.000e-17
2.195e+00, 5.000e-01, -1.175e+00, 1.200e+05, 0.000e+00, 1.002e-13, 0.000e+00, 2.181e+00, 9.983e+02, 2.000e-17
2.195e+00, 5.000e-01, -1.165e+00, 1.199e+05, 0.000e+00, 1.002e-13, 0.000e+00, 2.179e+00, 9.983e+02, 2.000e-17
2.195e+00, 5.000e-01, -1.155e+00, 1.198e+05, 0.000e+00, 1.002e-13, 0.000e+00, 2.177e+00, 9.983e+02, 2.000e-17
2.195e+00, 5.000e-01, -1.145e+00, 1.197e+05, 0.000e+00, 1.002e-13, 0.000e+00, 2.175e+00, 9.983e+02, 2.000e-17
2.195e+00, 5.000e-01, -1.135e+00, 1.196e+05, 0.000e+00, 1.002e-13, 0.000e+00, 2.173e+00, 9.983e+02, 2.000e-17
2.195e+00, 5.000e-01, -1.125e+00, 1.195e+05, 0.000e+00, 1.002e-13, 0.000e+00, 2.172e+00, 9.983e+02, 2.000e-17
2.195e+00, 5.000e-01, -1.115e+00, 1.194e+05, 0.000e+00, 1.002e-13, 0.000e+00, 2.170e+00, 9.983e+02, 2.000e-17
2.195e+00, 5.000e-01, -1.105e+00, 1.193e+05, 0.000e+00, 1.002e-13, 0.000e+00, 2.168e+00, 9.983e+02, 2.000e-17
2.195e+00, 5.000e-01, -1.095e+00, 1.192e+05, 0.000e+00, 1.002e-13, 0.000e+00, 2.166e+00, 9.983e+02, 2.000e-17
2.195e+00, 5.000e-01, -1.085e+00, 1.191e+05, 0.000e+00, 1.855e-09, 0.000e+00, 2.165e+00, 9.983e+02, 7.963e-13
2.195e+00, 5.000e-01, -1.075e+00, 1.190e+05, 0.000e+00, 4.862e-04, 0.000e+00, 2.163e+00, 9.984e+02, 2.087e-07
2.195e+00, 5.000e-01, -1.065e+00, 1.189e+05, 0.000e+00, 4.780e-04, 0.000e+00, 2.161e+00, 9.984e+02, 2.052e-07
2.195e+00, 5.000e-01, -1.055e+00, 1.188e+05, 0.000e+00, 4.717e-04, 0.000e+00, 2.159e+00, 9.983e+02, 2.025e-07
2.195e+00, 5.000e-01, -1.045e+00, 1.187e+05, 0.000e+00, 4.655e-04, 0.000e+00, 2.158e+00, 9.983e+02, 1.998e-07
2.195e+00, 5.000e-01, -1.035e+00, 1.186e+05, 0.000e+00, 4.588e-04, 0.000e+00, 2.156e+00, 9.983e+02, 1.970e-07
2.195e+00, 5.000e-01, -1.025e+00, 1.185e+05, 0.000e+00, 4.518e-04, 0.000e+00, 2.154e+00, 9.983e+02, 1.940e-07
2.195e+00, 5.000e-01, -1.015e+00, 1.185e+05, 0.000e+00, 4.448e-04, 0.000e+00, 2.152e+00, 9.983e+02, 1.910e-07
2.195e+00, 5.000e-01, -1.005e+00, 1.184e+05, 0.000e+00, 4.404e-04, 0.000e+00, 2.150e+00, 9.983e+02, 1.891e-07
2.195e+00, 5.000e-01, -9.950e-01, 1.183e+05, 0.000e+00, 4.561e-04, 0.000e+00, 2.149e+00, 9.983e+02, 1.958e-07
2.195e+00, 5.000e-01, -9.850e-01, 1.182e+05, 0.000e+00, 4.977e-04, 0.000e+00, 2.147e+00, 9.984e+02, 2.137e-07
2.195e+00, 5.000e-01, -9.750e-01, 1.181e+05, 0.000e+00, 5.313e-04, 0.000e+00, 2.145e+00, 9.984e+02, 2.281e-07
2.195e+00, 5.000e-01, -9.650e-01, 1.180e+05, 0.000e+00, 5.430e-04, 0.000e+00, 2.143e+00, 9.984e+02, 2.331e-07
2.195e+00, 5.000e-01, -9.550e-01, 1.179e+05, 0.000e+00, 5.414e-04, 0.000e+00, 2.141e+00, 9.984e+02, 2.324e-07
2.195e+00, 5.000e-01, -9.450e-01, 1.178e+05, 0.000e+00, 5.401e-04, 0.000e+00, 2.140e+00, 9.984e+02, 2.319e-07
2.195e+00, 5.000e-01, -9.350e-01, 1.177e+05, 0.000e+00, 5.509e-04, 0.000e+00, 2.138e+00, 9.984e+02, 2.365e-07
2.195e+00, 5.000e-01, -9.250e-01, 1.176e+05, 0.000e+00, 5.783e-04, 0.000e+00, 2.136e+00, 9.984e+02, 2.483e-07
2.195e+00, 5.000e-01, -9.150e-01, 1.175e+05, 0.000e+00, 6.139e-04, 0.000e+00, 2.134e+00, 9.984e+02, 2.635e-07
2.195e+00, 5.000e-01, -9.050e-01, 1.174e+05, 0.000e+00, 6.445e-04, 0.000e+00, 2.132e+00, 9.984e+02, 2.767e-07
2.195e+00, 5.000e-01, -8.950e-01, 1.173e+05, 0.000e+00, 6.641e-04, 0.000e+00, 2.131e+00, 9.984e+02, 2.851e-07
2.195e+00, 5.000e-01, -8.850e-01, 1.172e+05, 0.000e+00, 6.728e-04, 0.000e+00, 2.129e+00, 9.984e+02, 2.888e-07
2.195e+00, 5.000e-01, -8.750e-01, 1.171e+05, 0.000e+00, 6.719e-04, 0.000e+00, 2.127e+00, 9.984e+02, 2.885e-07
2.195e+00, 5.000e-01, -8.650e-01, 1.170e+05, 0.000e+00, 6.629e-04, 0.000e+00, 2.125e+00, 9.984e+02, 2.846e-07
2.195e+00, 5.000e-01, -8.550e-01, 1.169e+05, 0.000e+00, 6.471e-04, 0.000e+00, 2.124e+00, 9.984e+02, 2.778e-07
2.195e+00, 5.000e-01, -8.450e-01, 1.168e+05, 0.000e+00, 6.258e-04, 0.000e+00, 2.122e+00, 9.984e+02, 2.687e-07
2.195e+00, 5.000e-01, -8.350e-01, 1.167e+05, 0.000e+00, 5.997e-04, 0.000e+00, 2.120e+00, 9.984e+02, 2.574e-07
2.195e+00, 5.000e-01, -8.250e-01, 1.166e+05, 0.000e+00, 5.726e-04, 0.000e+00, 2.118e+00, 9.984e+02, 2.458e-07
2.195e+00, 5.000e-01, -8.150e-01, 1.165e+05, 0.000e+00, 5.403e-04, 0.000e+00, 2.116e+00, 9.984e+02, 2.320e-07
2.195e+00, 5.000e-01, -8.050e-01, 1.164e+05, 0.000e+00, 4.965e-04, 0.000e+00, 2.115e+00, 9.984e+02, 2.132e-07
2.195e+00, 5.000e-01, -7.950e-01, 1.163e+05, 0.000e+00, 4.422e-04, 0.000e+00, 2.113e+00, 9.983e+02, 1.898e-07
2.195e+00, 5.000e-01, -7.850e-01, 1.162e+05, 0.000e+00, 3.844e-04, 0.000e+00, 2.111e+00, 9.983e+02, 1.650e-07
2.195e+00, 5.000e-01, -7.750e-01, 1.161e+05, 0.000e+00, 3.477e-04, 0.000e+00, 2.109e+00, 9.983e+02, 1.492e-07
2.195e+00, 5.000e-01, -7.650e-01, 1.160e+05, 0.000e+00, 3.243e-04, 0.000e+00, 2.107e+00, 9.983e+02, 1.392e-07
2.195e+00, 5.000e-01, -7.550e-01, 1.159e+05, 0.000e+00, 3.239e-04, 0.000e+00, 2.106e+00, 9.983e+02, 1.390e-07
2.195e+00, 5.000e-01, -7.450e-01, 1.158e+05, 0.000e+00, 3.702e-04, 0.000e+00, 2.104e+00, 9.983e+02, 1.589e-07
2.195e+00, 5.000e-01, -7.350e-01, 1.157e+05, 6.736e-07, 5.294e-04, 0.000e+00, 2.102e+00, 9.984e+02, 2.273e-07
2.195e+00, 5.000e-01, -7.250e-01, 1.156e+05, 4.707e-01, 1.895e-03, 0.000e+00, 2.100e+00, 9.986e+02, 8.557e-07
2.195e+00, 5.000e-01, -7.150e-01, 1.156e+05, 8.683e-01, 1.895e-03, 0.000e+00, 2.100e+00, 9.986e+02, 8.914e-07
2.195e+00, 5.000e-01, -7.050e-01, 1.156e+05, 8.724e-01, 1.895e-03, 0.000e+00, 2.100e+00, 9.986e+02, 8.988e-07
2.195e+00, 5.000e-01, -6.950e-01, 1.168e+05, 6.240e-07, 4.061e-04, 0.000e+00, 2.122e+00, 9.983e+02, 1.784e-07
2.195e+00, 5.000e-01, -6.850e-01, 1.167e+05, 0.000e+00, 2.636e-04, 0.000e+00, 2.120e+00, 9.983e+02, 1.158e-07
2.195e+00, 5.000e-01, -6.750e-01, 1.166e+05, 0.000e+00, 1.622e-04, 0.000e+00, 2.119e+00, 9.983e+02, 7.124e-08
2.195e+00, 5.000e-01, -6.650e-01, 1.165e+05, 0.000e+00, 9.417e-05, 0.000e+00, 2.117e+00, 9.983e+02, 4.136e-08
2.195e+00, 5.000e-01, -6.550e-01, 1.164e+05, 0.000e+00, 5.176e-05, 0.000e+00, 2.115e+00, 9.983e+02, 2.274e-08
2.195e+00, 5.000e-01, -6.450e-01, 1.163e+05, 0.000e+00, 2.812e-05, 0.000e+00, 2.113e+00, 9.983e+02, 1.235e-08
2.195e+00, 5.000e-01, -6.350e-01, 1.162e+05, 0.000e+00, 1.846e-05, 0.000e+00, 2.111e+00, 9.983e+02, 8.108e-09
2.195e+00, 5.000e-01, -6.250e-01, 1.161e+05, 0.000e+00, 2.141e-05, 0.000e+00, 2.110e+00, 9.983e+02, 9.406e-09
2.195e+00, 5.000e-01, -6.150e-01, 1.160e+05, 0.000e+00, 4.042e-05, 0.000e+00, 2.108e+00, 9.983e+02, 1.775e-08
2.195e+00, 5.000e-01, -6.050e-01, 1.159e+05, 0.000e+00, 8.496e-05, 0.000e+00, 2.106e+00, 9.983e+02, 3.732e-08
2.195e+00, 5.000e-01, -5.950e-01, 1.158e+05, 0.000e+00, 1.702e-04, 0.000e+00, 2.104e+00, 9.983e+02, 7.476e-08
2.195e+00, 5.000e-01, -5.850e-01, 1.157e+05, 0.000e+00, 3.083e-04, 0.000e+00, 2.102e+00, 9.983e+02, 1.360e-07
2.195e+00, 5.000e-01, -5.750e-01, 1.142e+05, 0.000e+00, 4.643e-04, 0.000e+00, 2.074e+00, 9.983e+02, 2.086e-07
2.195e+00, 5.000e-01, -5.650e-01, 1.141e+05, 0.000e+00, 5.365e-04, 0.000e+00, 2.072e+00, 9.984e+02, 2.410e-07
2.195e+00, 5.000e-01, -5.550e-01, 1.140e+05, 0.000e+00, 5.589e-04, 0.000e+00, 2.070e+00, 9.984e+02, 2.511e-07
2.195e+00, 5.000e-01, -5.450e-01, 1.139e+05, 0.000e+00, 5.469e-04, 0.000e+00, 2.068e+00, 9.984e+02, 2.457e-07
2.195e+00, 5.000e-01, -5.350e-01, 1.138e+05, 0.000e+00, 5.172e-04, 0.000e+00, 2.067e+00, 9.984e+02, 2.324e-07
2.195e+00, 5.000e-01, -5.250e-01, 1.137e+05, 0.000e+00, 4.906e-04, 0.000e+00, 2.065e+00, 9.984e+02, 2.204e-07
2.195e+00, 5.000e-01, -5.150e-01, 1.136e+05, 0.000e+00, 4.833e-04, 0.000e+00, 2.063e+00, 9.983e+02, 2.171e-07
2.195e+00, 5.000e-01, -5.050e-01, 1.135e+05, 0.000e+00, 4.895e-04, 0.000e+00, 2.061e+00, 9.984e+02, 2.199e-07
2.195e+00, 5.000e-01, -4.950e-01, 1.134e+05, 0.000e+00, 4.983e-04, 0.000e+00, 2.059e+00, 9.984e+02, 2.239e-07
2.195e+00, 5.000e-01, -4.850e-01, 1.133e+05, 0.000e+00, 5.044e-04, 0.000e+00, 2.057e+00, 9.984e+02, 2.189e-07
2.195e+00, 5.000e-01, -4.750e-01, 1.132e+05, 0.000e+00, 5.082e-04, 0.000e+00, 2.056e+00, 9.984e+02, 2.182e-07
2.195e+00, 5.000e-01, -4.650e-01, 1.131e+05, 0.000e+00, 5.076e-04, 0.000e+00, 2.054e+00, 9.984e+02, 2.179e-07
2.195e+00, 5.000e-01, -4.550e-01, 1.130e+05, 0.000e+00, 4.989e-04, 0.000e+00, 2.052e+00, 9.984e+02, 2.142e-07
2.195e+00, 5.000e-01, -4.450e-01, 1.129e+05, 0.000e+00, 4.928e-04, 0.000e+00, 2.050e+00, 9.984e+02, 2.115e-07
2.195e+00, 5.000e-01, -4.350e-01, 1.128e+05, 0.000e+00, 5.128e-04, 0.000e+00, 2.048e+00, 9.984e+02, 2.218e-07
2.195e+00, 5.000e-01, -4.250e-01, 1.127e+05, 0.000e+00, 5.559e-04, 0.000e+00, 2.047e+00, 9.984e+02, 2.387e-07
2.195e+00, 5.000e-01, -4.150e-01, 1.126e+05, 0.000e+00, 5.982e-04, 0.000e+00, 2.045e+00, 9.984e+02, 2.568e-07
2.195e+00, 5.000e-01, -4.050e-01, 1.125e+05, 0.000e+00, 6.233e-04, 0.000e+00, 2.043e+00, 9.984e+02, 2.676e-07
2.195e+00, 5.000e-01, -3.950e-01, 1.124e+05, 0.000e+00, 6.395e-04, 0.000e+00, 2.041e+00, 9.984e+02, 2.745e-07
2.195e+00, 5.000e-01, -3.850e-01, 1.123e+05, 0.000e+00, 6.530e-04, 0.000e+00, 2.039e+00, 9.984e+02, 2.803e-07
2.195e+00, 5.000e-01, -3.750e-01, 1.122e+05, 0.000e+00, 6.622e-04, 0.000e+00, 2.038e+00, 9.984e+02, 2.843e-07
2.195e+00, 5.000e-01, -3.650e-01, 1.121e+05, 0.000e+00, 6.687e-04, 0.000e+00, 2.036e+00, 9.984e+02, 2.871e-07
2.195e+00, 5.000e-01, -3.550e-01, 1.120e+05, 0.000e+00, 6.726e-04, 0.000e+00, 2.034e+00, 9.984e+02, 3.000e-07
2.195e+00, 5.000e-01, -3.450e-01, 1.119e+05, 0.000e+00, 6.665e-04, 0.000e+00, 2.033e+00, 9.984e+02, 2.994e-07
2.195e+00, 5.000e-01, -3.350e-01, 1.118e+05, 0.000e+00, 6.486e-04, 0.000e+00, 2.031e+00, 9.984e+02, 2.914e-07
2.195e+00, 5.000e-01, -3.250e-01, 1.117e+05, 0.000e+00, 6.163e-04, 0.000e+00, 2.029e+00, 9.984e+02, 2.769e-07
2.195e+00, 5.000e-01, -3.150e-01, 1.116e+05, 0.000e+00, 5.780e-04, 0.000e+00, 2.027e+00, 9.984e+02, 2.597e-07
2.195e+00, 5.000e-01, -3.050e-01, 1.115e+05, 0.000e+00, 5.505e-04, 0.000e+00, 2.025e+00, 9.984e+02, 2.473e-07
2.195e+00, 5.000e-01, -2.950e-01, 1.114e+05, 0.000e+00, 5.381e-04, 0.000e+00, 2.024e+00, 9.984e+02, 2.417e-07
2.195e+00, 5.000e-01, -2.850e-01, 1.113e+05, 0.000e+00, 5.478e-04, 0.000e+00, 2.022e+00, 9.984e+02, 2.461e-07
2.195e+00, 5.000e-01, -2.750e-01, 1.112e+05, 0.000e+00, 5.845e-04, 0.000e+00, 2.020e+00, 9.984e+02, 2.611e-07
2.195e+00, 5.000e-01, -2.650e-01, 1.112e+05, 0.000e+00, 6.166e-04, 0.000e+00, 2.020e+00, 9.984e+02, 2.709e-07
2.195e+00, 5.000e-01, -2.550e-01, 1.111e+05, 0.000e+00, 6.105e-04, 0.000e+00, 2.018e+00, 9.984e+02, 2.682e-07
2.195e+00, 5.000e-01, -2.450e-01, 1.110e+05, 0.000e+00, 5.829e-04, 0.000e+00, 2.016e+00, 9.984e+02, 2.560e-07
2.195e+00, 5.000e-01, -2.350e-01, 1.109e+05, 0.000e+00, 5.436e-04, 0.000e+00, 2.014e+00, 9.984e+02, 2.388e-07
2.195e+00, 5.000e-01, -2.250e-01, 1.108e+05, 0.000e+00, 5.026e-04, 0.000e+00, 2.012e+00, 9.984e+02, 2.208e-07
2.195e+00, 5.000e-01, -2.150e-01, 1.107e+05, 0.000e+00, 4.679e-04, 0.000e+00, 2.011e+00, 9.983e+02, 2.055e-07
2.195e+00, 5.000e-01, -2.050e-01, 1.106e+05, 0.000e+00, 4.472e-04, 0.000e+00, 2.009e+00, 9.983e+02, 1.964e-07
2.195e+00, 5.000e-01, -1.950e-01, 1.105e+05, 0.000e+00, 4.475e-04, 0.000e+00, 2.007e+00, 9.983e+02, 1.966e-07
2.195e+00, 5.000e-01, -1.850e-01, 1.106e+05, 0.000e+00, 4.692e-04, 0.000e+00, 2.009e+00, 9.983e+02, 2.022e-07
2.195e+00, 5.000e-01, -1.750e-01, 1.105e+05, 0.000e+00, 4.533e-04, 0.000e+00, 2.007e+00, 9.983e+02, 1.946e-07
2.195e+00, 5.000e-01, -1.650e-01, 1.104e+05, 0.000e+00, 4.289e-04, 0.000e+00, 2.005e+00, 9.983e+02, 1.841e-07
2.195e+00, 5.000e-01, -1.550e-01, 1.103e+05, 0.000e+00, 4.027e-04, 0.000e+00, 2.004e+00, 9.983e+02, 1.729e-07
2.195e+00, 5.000e-01, -1.450e-01, 1.102e+05, 0.000e+00, 3.728e-04, 0.000e+00, 2.002e+00, 9.983e+02, 1.600e-07
2.195e+00, 5.000e-01, -1.350e-01, 1.101e+05, 0.000e+00, 3.316e-04, 0.000e+00, 2.000e+00, 9.983e+02, 1.424e-07
2.195e+00, 5.000e-01, -1.250e-01, 1.100e+05, 0.000e+00, 2.708e-04, 0.000e+00, 1.998e+00, 9.983e+02, 1.163e-07
2.195e+00, 5.000e-01, -1.150e-01, 1.111e+05, 0.000e+00, 1.893e-04, 0.000e+00, 2.018e+00, 9.983e+02, 8.254e-08
2.195e+00, 5.000e-01, -1.050e-01, 1.110e+05, 0.000e+00, 1.182e-04, 0.000e+00, 2.017e+00, 9.983e+02, 5.190e-08
2.195e+00, 5.000e-01, -9.500e-02, 1.109e+05, 0.000e+00, 6.774e-05, 0.000e+00, 2.015e+00, 9.983e+02, 2.976e-08
2.195e+00, 5.000e-01, -8.500e-02, 1.108e+05, 0.000e+00, 3.645e-05, 0.000e+00, 2.013e+00, 9.983e+02, 1.601e-08
2.195e+00, 5.000e-01, -7.500e-02, 1.107e+05, 0.000e+00, 1.875e-05, 0.000e+00, 2.011e+00, 9.983e+02, 8.234e-09
2.195e+00, 5.000e-01, -6.500e-02, 1.106e+05, 0.000e+00, 9.315e-06, 0.000e+00, 2.009e+00, 9.983e+02, 4.091e-09
2.195e+00, 5.000e-01, -5.500e-02, 1.105e+05, 0.000e+00, 4.483e-06, 0.000e+00, 2.008e+00, 9.983e+02, 1.969e-09
2.195e+00, 5.000e-01, -4.500e-02, 1.104e+05, 0.000e+00, 2.084e-06, 0.000e+00, 2.006e+00, 9.983e+02, 9.155e-10
2.195e+00, 5.000e-01, -3.500e-02, 1.103e+05, 0.000e+00, 9.331e-07, 0.000e+00, 2.004e+00, 9.983e+02, 4.099e-10
2.195e+00, 5.000e-01, -2.500e-02, 1.102e+05, 0.000e+00, 4.019e-07, 0.000e+00, 2.002e+00, 9.983e+02, 1.765e-10
2.195e+00, 5.000e-01, -1.500e-02, 1.101e+05, 0.000e+00, 1.681e-07, 0.000e+00, 2.000e+00, 9.983e+02, 7.385e-11
2.195e+00, 5.000e-01, -5.000e-03, 1.100e+05, 0.000e+00, 7.103e-08, 0.000e+00, 1.999e+00, 9.983e+02, 3.120e-11
2.205e+00, 5.000e-01, -1.195e+00, 1.202e+05, 0.000e+00, 1.002e-13, 0.000e+00, 2.184e+00, 9.983e+02, 2.000e-17
2.205e+00, 5.000e-01, -1.185e+00, 1.201e+05, 0.000e+00, 1.002e-13, 0.000e+00, 2.182e+00, 9.983e+02, 2.000e-17
2.205e+00, 5.000e-01, -1.175e+00, 1.200e+05, 0.000e+00, 1.002e-13, 0.000e+00, 2.181e+00, 9.983e+02, 2.000e-17
2.205e+00, 5.000e-01, -1.165e+00, 1.199e+05, 0.000e+00, 1.002e-13, 0.000e+00, 2.179e+00, 9.983e+02, 2.000e-17
2.205e+00, 5.000e-01, -1.155e+00, 1.198e+05, 0.000e+00, 1.002e-13, 0.000e+00, 2.177e+00, 9.983e+02, 2.000e-17
2.205e+00, 5.000e-01, -1.145e+00, 1.197e+05, 0.000e+00, 1.002e-13, 0.000e+00, 2.175e+00, 9.983e+02, 2.000e-17
2.205e+00, 5.000e-01, -1.135e+00, 1.196e+05, 0.000e+00, 1.002e-13, 0.000e+00, 2.173e+00, 9.983e+02, 2.000e-17
2.205e+00, 5.000e-01, -1.125e+00, 1.195e+05, 0.000e+00, 1.002e-13, 0.000e+00, 2.172e+00, 9.983e+02, 2.000e-17
2.205e+00, 5.000e-01, -1.115e+00, 1.194e+05, 0.000e+00, 1.002e-13, 0.000e+00, 2.170e+00, 9.983e+02, 2.000e-17
2.205e+00, 5.000e-01, -1.105e+00, 1.193e+05, 0.000e+00, 1.002e-13, 0.000e+00, 2.168e+00, 9.983e+02, 2.000e-17
2.205e+00, 5.000e-01, -1.095e+00, 1.192e+05, 0.000e+00, 1.002e-13, 0.000e+00, 2.166e+00, 9.983e+02, 2.000e-17
2.205e+00, 5.000e-01, -1.085e+00, 1.191e+05, 0.000e+00, 1.953e-09, 0.000e+00, 2.165e+00, 9.983e+02, 8.237e-13
2.205e+00, 5.000e-01, -1.075e+00, 1.190e+05, 0.000e+00, 5.000e-04, 0.000e+00, 2.163e+00, 9.984e+02, 2.146e-07
2.205e+00, 5.000e-01, -1.065e+00, 1.189e+05, 0.000e+00, 4.951e-04, 0.000e+00, 2.161e+00, 9.984e+02, 2.125e-07
2.205e+00, 5.000e-01, -1.055e+00, 1.188e+05, 0.000e+00, 4.863e-04, 0.000e+00, 2.159e+00, 9.984e+02, 2.088e-07
2.205e+00, 5.000e-01, -1.045e+00, 1.187e+05, 0.000e+00, 4.769e-04, 0.000e+00, 2.158e+00, 9.984e+02, 2.047e-07
2.205e+00, 5.000e-01, -1.035e+00, 1.186e+05, 0.000e+00, 4.680e-04, 0.000e+00, 2.156e+00, 9.983e+02, 2.009e-07
2.205e+00, 5.000e-01, -1.025e+00, 1.185e+05, 0.000e+00, 4.597e-04, 0.000e+00, 2.154e+00, 9.983e+02, 1.973e-07
2.205e+00, 5.000e-01, -1.015e+00, 1.185e+05, 0.000e+00, 4.519e-04, 0.000e+00, 2.152e+00, 9.983e+02, 1.940e-07
2.205e+00, 5.000e-01, -1.005e+00, 1.184e+05, 0.000e+00, 4.481e-04, 0.000e+00, 2.150e+00, 9.983e+02, 1.924e-07
2.205e+00, 5.000e-01, -9.950e-01, 1.183e+05, 0.000e+00, 4.629e-04, 0.000e+00, 2.149e+00, 9.983e+02, 1.987e-07
2.205e+00, 5.000e-01, -9.850e-01, 1.182e+05, 0.000e+00, 4.990e-04, 0.000e+00, 2.147e+00, 9.984e+02, 2.142e-07
2.205e+00, 5.000e-01, -9.750e-01, 1.181e+05, 0.000e+00, 5.300e-04, 0.000e+00, 2.145e+00, 9.984e+02, 2.275e-07
2.205e+00, 5.000e-01, -9.650e-01, 1.180e+05, 0.000e+00, 5.422e-04, 0.000e+00, 2.143e+00, 9.984e+02, 2.328e-07
2.205e+00, 5.000e-01, -9.550e-01, 1.179e+05, 0.000e+00, 5.411e-04, 0.000e+00, 2.141e+00, 9.984e+02, 2.323e-07
2.205e+00, 5.000e-01, -9.450e-01, 1.178e+05, 0.000e+00, 5.362e-04, 0.000e+00, 2.140e+00, 9.984e+02, 2.302e-07
2.205e+00, 5.000e-01, -9.350e-01, 1.177e+05, 0.000e+00, 5.357e-04, 0.000e+00, 2.138e+00, 9.984e+02, 2.300e-07
2.205e+00, 5.000e-01, -9.250e-01, 1.176e+05, 0.000e+00, 5.449e-04, 0.000e+00, 2.136e+00, 9.984e+02, 2.339e-07
2.205e+00, 5.000e-01, -9.150e-01, 1.175e+05, 0.000e+00, 5.625e-04, 0.000e+00, 2.134e+00, 9.984e+02, 2.415e-07
2.205e+00, 5.000e-01, -9.050e-01, 1.174e+05, 0.000e+00, 5.813e-04, 0.000e+00, 2.132e+00, 9.984e+02, 2.495e-07
2.205e+00, 5.000e-01, -8.950e-01, 1.173e+05, 0.000e+00, 5.945e-04, 0.000e+00, 2.131e+00, 9.984e+02, 2.552e-07
2.205e+00, 5.000e-01, -8.850e-01, 1.172e+05, 0.000e+00, 5.994e-04, 0.000e+00, 2.129e+00, 9.984e+02, 2.573e-07
2.205e+00, 5.000e-01, -8.750e-01, 1.171e+05, 0.000e+00, 5.956e-04, 0.000e+00, 2.127e+00, 9.984e+02, 2.557e-07
2.205e+00, 5.000e-01, -8.650e-01, 1.170e+05, 0.000e+00, 5.844e-04, 0.000e+00, 2.125e+00, 9.984e+02, 2.509e-07
2.205e+00, 5.000e-01, -8.550e-01, 1.169e+05, 0.000e+00, 5.682e-04, 0.000e+00, 2.124e+00, 9.984e+02, 2.439e-07
2.205e+00, 5.000e-01, -8.450e-01, 1.168e+05, 0.000e+00, 5.491e-04, 0.000e+00, 2.122e+00, 9.984e+02, 2.357e-07
2.205e+00, 5.000e-01, -8.350e-01, 1.167e+05, 0.000e+00, 5.385e-04, 0.000e+00, 2.120e+00, 9.984e+02, 2.312e-07
2.205e+00, 5.000e-01, -8.250e-01, 1.166e+05, 0.000e+00, 5.270e-04, 0.000e+00, 2.118e+00, 9.984e+02, 2.263e-07
2.205e+00, 5.000e-01, -8.150e-01, 1.165e+05, 0.000e+00, 5.011e-04, 0.000e+00, 2.116e+00, 9.984e+02, 2.151e-07
2.205e+00, 5.000e-01, -8.050e-01, 1.164e+05, 0.000e+00, 4.550e-04, 0.000e+00, 2.115e+00, 9.983e+02, 1.953e-07
2.205e+00, 5.000e-01, -7.950e-01, 1.163e+05, 0.000e+00, 4.026e-04, 0.000e+00, 2.113e+00, 9.983e+02, 1.728e-07
2.205e+00, 5.000e-01, -7.850e-01, 1.162e+05, 0.000e+00, 3.642e-04, 0.000e+00, 2.111e+00, 9.983e+02, 1.563e-07
2.205e+00, 5.000e-01, -7.750e-01, 1.161e+05, 0.000e+00, 3.430e-04, 0.000e+00, 2.109e+00, 9.983e+02, 1.472e-07
2.205e+00, 5.000e-01, -7.650e-01, 1.160e+05, 0.000e+00, 3.317e-04, 0.000e+00, 2.107e+00, 9.983e+02, 1.424e-07
2.205e+00, 5.000e-01, -7.550e-01, 1.159e+05, 0.000e+00, 3.420e-04, 0.000e+00, 2.106e+00, 9.983e+02, 1.468e-07
2.205e+00, 5.000e-01, -7.450e-01, 1.158e+05, 0.000e+00, 3.976e-04, 0.000e+00, 2.104e+00, 9.983e+02, 1.707e-07
2.205e+00, 5.000e-01, -7.350e-01, 1.157e+05, 6.732e-07, 5.610e-04, 0.000e+00, 2.102e+00, 9.984e+02, 2.408e-07
2.205e+00, 5.000e-01, -7.250e-01, 1.156e+05, 4.706e-01, 1.895e-03, 0.000e+00, 2.100e+00, 9.986e+02, 8.557e-07
2.205e+00, 5.000e-01, -7.150e-01, 1.156e+05, 8.683e-01, 1.895e-03, 0.000e+00, 2.100e+00, 9.986e+02, 8.914e-07
2.205e+00, 5.000e-01, -7.050e-01, 1.156e+05, 8.724e-01, 1.895e-03, 0.000e+00, 2.100e+00, 9.986e+02, 9.006e-07
2.205e+00, 5.000e-01, -6.950e-01, 1.168e+05, 6.240e-07, 3.941e-04, 0.000e+00, 2.122e+00, 9.983e+02, 1.731e-07
2.205e+00, 5.000e-01, -6.850e-01, 1.167e+05, 0.000e+00, 2.564e-04, 0.000e+00, 2.120e+00, 9.983e+02, 1.126e-07
2.205e+00, 5.000e-01, -6.750e-01, 1.166e+05, 0.000e+00, 1.589e-04, 0.000e+00, 2.119e+00, 9.983e+02, 6.978e-08
2.205e+00, 5.000e-01, -6.650e-01, 1.165e+05, 0.000e+00, 9.298e-05, 0.000e+00, 2.117e+00, 9.983e+02, 4.084e-08
2.205e+00, 5.000e-01, -6.550e-01, 1.164e+05, 0.000e+00, 5.154e-05, 0.000e+00, 2.115e+00, 9.983e+02, 2.264e-08
2.205e+00, 5.000e-01, -6.450e-01, 1.163e+05, 0.000e+00, 2.827e-05, 0.000e+00, 2.113e+00, 9.983e+02, 1.242e-08
2.205e+00, 5.000e-01, -6.350e-01, 1.162e+05, 0.000e+00, 1.875e-05, 0.000e+00, 2.111e+00, 9.983e+02, 8.236e-09
2.205e+00, 5.000e-01, -6.250e-01, 1.161e+05, 0.000e+00, 2.178e-05, 0.000e+00, 2.110e+00, 9.983e+02, 9.567e-09
2.205e+00, 5.000e-01, -6.150e-01, 1.160e+05, 0.000e+00, 4.081e-05, 0.000e+00, 2.108e+00, 9.983e+02, 1.793e-08
2.205e+00, 5.000e-01, -6.050e-01, 1.159e+05, 0.000e+00, 8.535e-05, 0.000e+00, 2.106e+00, 9.983e+02, 3.749e-08
2.205e+00, 5.000e-01, -5.950e-01, 1.158e+05, 0.000e+00, 1.711e-04, 0.000e+00, 2.104e+00, 9.983e+02, 7.518e-08
2.205e+00, 5.000e-01, -5.850e-01, 1.157e+05, 0.000e+00, 3.116e-04, 0.000e+00, 2.102e+00, 9.983e+02, 1.377e-07
2.205e+00, 5.000e-01, -5.750e-01, 1.142e+05, 0.000e+00, 4.593e-04, 0.000e+00, 2.074e+00, 9.983e+02, 2.063e-07
2.205e+00, 5.000e-01, -5.650e-01, 1.141e+05, 0.000e+00, 5.280e-04, 0.000e+00, 2.072e+00, 9.984e+02, 2.372e-07
2.205e+00, 5.000e-01, -5.550e-01, 1.140e+05, 0.000e+00, 5.438e-04, 0.000e+00, 2.070e+00, 9.984e+02, 2.443e-07
2.205e+00, 5.000e-01, -5.450e-01, 1.139e+05, 0.000e+00, 5.267e-04, 0.000e+00, 2.068e+00, 9.984e+02, 2.366e-07
2.205e+00, 5.000e-01, -5.350e-01, 1.138e+05, 0.000e+00, 4.983e-04, 0.000e+00, 2.067e+00, 9.984e+02, 2.239e-07
2.205e+00, 5.000e-01, -5.250e-01, 1.137e+05, 0.000e+00, 4.807e-04, 0.000e+00, 2.065e+00, 9.983e+02, 2.159e-07
2.205e+00, 5.000e-01, -5.150e-01, 1.136e+05, 0.000e+00, 4.810e-04, 0.000e+00, 2.063e+00, 9.983e+02, 2.161e-07
2.205e+00, 5.000e-01, -5.050e-01, 1.135e+05, 0.000e+00, 4.886e-04, 0.000e+00, 2.061e+00, 9.984e+02, 2.195e-07
2.205e+00, 5.000e-01, -4.950e-01, 1.134e+05, 0.000e+00, 4.956e-04, 0.000e+00, 2.059e+00, 9.984e+02, 2.226e-07
2.205e+00, 5.000e-01, -4.850e-01, 1.133e+05, 0.000e+00, 5.000e-04, 0.000e+00, 2.057e+00, 9.984e+02, 2.167e-07
2.205e+00, 5.000e-01, -4.750e-01, 1.132e+05, 0.000e+00, 5.002e-04, 0.000e+00, 2.056e+00, 9.984e+02, 2.147e-07
2.205e+00, 5.000e-01, -4.650e-01, 1.131e+05, 0.000e+00, 4.961e-04, 0.000e+00, 2.054e+00, 9.984e+02, 2.130e-07
2.205e+00, 5.000e-01, -4.550e-01, 1.130e+05, 0.000e+00, 5.015e-04, 0.000e+00, 2.052e+00, 9.984e+02, 2.153e-07
2.205e+00, 5.000e-01, -4.450e-01, 1.129e+05, 0.000e+00, 5.341e-04, 0.000e+00, 2.050e+00, 9.984e+02, 2.293e-07
2.205e+00, 5.000e-01, -4.350e-01, 1.128e+05, 0.000e+00, 5.688e-04, 0.000e+00, 2.048e+00, 9.984e+02, 2.474e-07
2.205e+00, 5.000e-01, -4.250e-01, 1.127e+05, 0.000e+00, 5.950e-04, 0.000e+00, 2.047e+00, 9.984e+02, 2.554e-07
2.205e+00, 5.000e-01, -4.150e-01, 1.126e+05, 0.000e+00, 6.167e-04, 0.000e+00, 2.045e+00, 9.984e+02, 2.648e-07
2.205e+00, 5.000e-01, -4.050e-01, 1.125e+05, 0.000e+00, 6.316e-04, 0.000e+00, 2.043e+00, 9.984e+02, 2.711e-07
2.205e+00, 5.000e-01, -3.950e-01, 1.124e+05, 0.000e+00, 6.385e-04, 0.000e+00, 2.041e+00, 9.984e+02, 2.741e-07
2.205e+00, 5.000e-01, -3.850e-01, 1.123e+05, 0.000e+00, 6.393e-04, 0.000e+00, 2.039e+00, 9.984e+02, 2.744e-07
2.205e+00, 5.000e-01, -3.750e-01, 1.122e+05, 0.000e+00, 6.332e-04, 0.000e+00, 2.038e+00, 9.984e+02, 2.718e-07
2.205e+00, 5.000e-01, -3.650e-01, 1.121e+05, 0.000e+00, 6.190e-04, 0.000e+00, 2.036e+00, 9.984e+02, 2.657e-07
2.205e+00, 5.000e-01, -3.550e-01, 1.120e+05, 0.000e+00, 5.944e-04, 0.000e+00, 2.034e+00, 9.984e+02, 2.661e-07
2.205e+00, 5.000e-01, -3.450e-01, 1.119e+05, 0.000e+00, 5.728e-04, 0.000e+00, 2.033e+00, 9.984e+02, 2.574e-07
2.205e+00, 5.000e-01, -3.350e-01, 1.118e+05, 0.000e+00, 5.471e-04, 0.000e+00, 2.031e+00, 9.984e+02, 2.458e-07
2.205e+00, 5.000e-01, -3.250e-01, 1.117e+05, 0.000e+00, 5.205e-04, 0.000e+00, 2.029e+00, 9.984e+02, 2.338e-07
2.205e+00, 5.000e-01, -3.150e-01, 1.116e+05, 0.000e+00, 4.964e-04, 0.000e+00, 2.027e+00, 9.984e+02, 2.230e-07
2.205e+00, 5.000e-01, -3.050e-01, 1.115e+05, 0.000e+00, 4.782e-04, 0.000e+00, 2.025e+00, 9.983e+02, 2.148e-07
2.205e+00, 5.000e-01, -2.950e-01, 1.114e+05, 0.000e+00, 4.701e-04, 0.000e+00, 2.024e+00, 9.983e+02, 2.112e-07
2.205e+00, 5.000e-01, -2.850e-01, 1.113e+05, 0.000e+00, 4.810e-04, 0.000e+00, 2.022e+00, 9.983e+02, 2.161e-07
2.205e+00, 5.000e-01, -2.750e-01, 1.112e+05, 0.000e+00, 5.238e-04, 0.000e+00, 2.020e+00, 9.984e+02, 2.336e-07
2.205e+00, 5.000e-01, -2.650e-01, 1.112e+05, 0.000e+00, 5.679e-04, 0.000e+00, 2.020e+00, 9.984e+02, 2.495e-07
2.205e+00, 5.000e-01, -2.550e-01, 1.111e+05, 0.000e+00, 5.732e-04, 0.000e+00, 2.018e+00, 9.984e+02, 2.518e-07
2.205e+00, 5.000e-01, -2.450e-01, 1.110e+05, 0.000e+00, 5.468e-04, 0.000e+00, 2.016e+00, 9.984e+02, 2.402e-07
2.205e+00, 5.000e-01, -2.350e-01, 1.109e+05, 0.000e+00, 4.996e-04, 0.000e+00, 2.014e+00, 9.984e+02, 2.195e-07
2.205e+00, 5.000e-01, -2.250e-01, 1.108e+05, 0.000e+00, 4.470e-04, 0.000e+00, 2.012e+00, 9.983e+02, 1.963e-07
2.205e+00, 5.000e-01, -2.150e-01, 1.107e+05, 0.000e+00, 4.010e-04, 0.000e+00, 2.011e+00, 9.983e+02, 1.762e-07
2.205e+00, 5.000e-01, -2.050e-01, 1.106e+05, 0.000e+00, 3.735e-04, 0.000e+00, 2.009e+00, 9.983e+02, 1.641e-07
2.205e+00, 5.000e-01, -1.950e-01, 1.105e+05, 0.000e+00, 3.764e-04, 0.000e+00, 2.007e+00, 9.983e+02, 1.653e-07
2.205e+00, 5.000e-01, -1.850e-01, 1.106e+05, 0.000e+00, 4.115e-04, 0.000e+00, 2.009e+00, 9.983e+02, 1.770e-07
2.205e+00, 5.000e-01, -1.750e-01, 1.105e+05, 0.000e+00, 4.008e-04, 0.000e+00, 2.007e+00, 9.983e+02, 1.720e-07
2.205e+00, 5.000e-01, -1.650e-01, 1.104e+05, 0.000e+00, 3.822e-04, 0.000e+00, 2.005e+00, 9.983e+02, 1.641e-07
2.205e+00, 5.000e-01, -1.550e-01, 1.103e+05, 0.000e+00, 3.655e-04, 0.000e+00, 2.004e+00, 9.983e+02, 1.569e-07
2.205e+00, 5.000e-01, -1.450e-01, 1.102e+05, 0.000e+00, 3.487e-04, 0.000e+00, 2.002e+00, 9.983e+02, 1.497e-07
2.205e+00, 5.000e-01, -1.350e-01, 1.101e+05, 0.000e+00, 3.208e-04, 0.000e+00, 2.000e+00, 9.983e+02, 1.377e-07
2.205e+00, 5.000e-01, -1.250e-01, 1.100e+05, 0.000e+00, 2.679e-04, 0.000e+00, 1.998e+00, 9.983e+02, 1.150e-07
2.205e+00, 5.000e-01, -1.150e-01, 1.111e+05, 0.000e+00, 1.887e-04, 0.000e+00, 2.018e+00, 9.983e+02, 8.240e-08
2.205e+00, 5.000e-01, -1.050e-01, 1.110e+05, 0.000e+00, 1.171e-04, 0.000e+00, 2.017e+00, 9.983e+02, 5.144e-08
2.205e+00, 5.000e-01, -9.500e-02, 1.109e+05, 0.000e+00, 6.645e-05, 0.000e+00, 2.015e+00, 9.983e+02, 2.919e-08
2.205e+00, 5.000e-01, -8.500e-02, 1.108e+05, 0.000e+00, 3.540e-05, 0.000e+00, 2.013e+00, 9.983e+02, 1.555e-08
2.205e+00, 5.000e-01, -7.500e-02, 1.107e+05, 0.000e+00, 1.806e-05, 0.000e+00, 2.011e+00, 9.983e+02, 7.931e-09
2.205e+00, 5.000e-01, -6.500e-02, 1.106e+05, 0.000e+00, 8.918e-06, 0.000e+00, 2.009e+00, 9.983e+02, 3.917e-09
2.205e+00, 5.000e-01, -5.500e-02, 1.105e+05, 0.000e+00, 4.274e-06, 0.000e+00, 2.008e+00, 9.983e+02, 1.877e-09
2.205e+00, 5.000e-01, -4.500e-02, 1.104e+05, 0.000e+00, 1.981e-06, 0.000e+00, 2.006e+00, 9.983e+02, 8.703e-10
2.205e+00, 5.000e-01, -3.500e-02, 1.103e+05, 0.000e+00, 8.851e-07, 0.000e+00, 2.004e+00, 9.983e+02, 3.888e-10
2.205e+00, 5.000e-01, -2.500e-02, 1.102e+05, 0.000e+00, 3.808e-07, 0.000e+00, 2.002e+00, 9.983e+02, 1.672e-10
2.205e+00, 5.000e-01, -1.500e-02, 1.101e+05, 0.000e+00, 1.593e-07, 0.000e+00, 2.000e+00, 9.983e+02, 6.996e-11
2.205e+00, 5.000e-01, -5.000e-03, 1.100e+05, 0.000e+00, 6.755e-08, 0.000e+00, 1.999e+00, 9.983e+02, 2.967e-11
2.215e+00, 5.000e-01, -1.195e+00, 1.202e+05, 0.000e+00, 1.002e-13, 0.000e+00, 2.184e+00, 9.983e+02, 2.000e-17
2.215e+00, 5.000e-01, -1.185e+00, 1.201e+05, 0.000e+00, 1.002e-13, 0.000e+00, 2.182e+00, 9.983e+02, 2.000e-17
2.215e+00, 5.000e-01, -1.175e+00, 1.200e+05, 0.000e+00, 1.002e-13, 0.000e+00, 2.181e+00, 9.983e+02, 2.000e-17
2.215e+00, 5.000e-01, -1.165e+00, 1.199e+05, 0.000e+00, 1.002e-13, 0.000e+00, 2.179e+00, 9.983e+02, 2.000e-17
2.215e+00, 5.000e-01, -1.155e+00, 1.198e+05, 0.000e+00, 1.002e-13, 0.000e+00, 2.177e+00, 9.983e+02, 2.000e-17
2.215e+00, 5.000e-01, -1.145e+00, 1.197e+05, 0.000e+00, 1.002e-13, 0.000e+00, 2.175e+00, 9.983e+02, 2.000e-17
2.215e+00, 5.000e-01, -1.135e+00, 1.196e+05, 0.000e+00, 1.002e-13, 0.000e+00, 2.173e+00, 9.983e+02, 2.000e-17
2.215e+00, 5.000e-01, -1.125e+00, 1.195e+05, 0.000e+00, 1.002e-13, 0.000e+00, 2.172e+00, 9.983e+02, 2.000e-17
2.215e+00, 5.000e-01, -1.115e+00, 1.194e+05, 0.000e+00, 1.002e-13, 0.000e+00, 2.170e+00, 9.983e+02, 2.000e-17
2.215e+00, 5.000e-01, -1.105e+00, 1.193e+05, 0.000e+00, 1.002e-13, 0.000e+00, 2.168e+00, 9.983e+02, 2.000e-17
2.215e+00, 5.000e-01, -1.095e+00, 1.192e+05, 0.000e+00, 1.439e-13, 0.000e+00, 2.166e+00, 9.983e+02, 3.332e-17
2.215e+00, 5.000e-01, -1.085e+00, 1.191e+05, 0.000e+00, 1.721e-08, 0.000e+00, 2.165e+00, 9.983e+02, 5.476e-12
2.215e+00, 5.000e-01, -1.075e+00, 1.190e+05, 0.000e+00, 5.064e-04, 0.000e+00, 2.163e+00, 9.984e+02, 2.174e-07
2.215e+00, 5.000e-01, -1.065e+00, 1.189e+05, 0.000e+00, 5.069e-04, 0.000e+00, 2.161e+00, 9.984e+02, 2.176e-07
2.215e+00, 5.000e-01, -1.055e+00, 1.188e+05, 0.000e+00, 4.998e-04, 0.000e+00, 2.159e+00, 9.984e+02, 2.145e-07
2.215e+00, 5.000e-01, -1.045e+00, 1.187e+05, 0.000e+00, 4.895e-04, 0.000e+00, 2.158e+00, 9.984e+02, 2.101e-07
2.215e+00, 5.000e-01, -1.035e+00, 1.186e+05, 0.000e+00, 4.791e-04, 0.000e+00, 2.156e+00, 9.984e+02, 2.057e-07
2.215e+00, 5.000e-01, -1.025e+00, 1.185e+05, 0.000e+00, 4.695e-04, 0.000e+00, 2.154e+00, 9.983e+02, 2.015e-07
2.215e+00, 5.000e-01, -1.015e+00, 1.185e+05, 0.000e+00, 4.608e-04, 0.000e+00, 2.152e+00, 9.983e+02, 1.978e-07
2.215e+00, 5.000e-01, -1.005e+00, 1.184e+05, 0.000e+00, 4.562e-04, 0.000e+00, 2.150e+00, 9.983e+02, 1.958e-07
2.215e+00, 5.000e-01, -9.950e-01, 1.183e+05, 0.000e+00, 4.661e-04, 0.000e+00, 2.149e+00, 9.983e+02, 2.001e-07
2.215e+00, 5.000e-01, -9.850e-01, 1.182e+05, 0.000e+00, 4.942e-04, 0.000e+00, 2.147e+00, 9.984e+02, 2.121e-07
2.215e+00, 5.000e-01, -9.750e-01, 1.181e+05, 0.000e+00, 5.217e-04, 0.000e+00, 2.145e+00, 9.984e+02, 2.239e-07
2.215e+00, 5.000e-01, -9.650e-01, 1.180e+05, 0.000e+00, 5.346e-04, 0.000e+00, 2.143e+00, 9.984e+02, 2.295e-07
2.215e+00, 5.000e-01, -9.550e-01, 1.179e+05, 0.000e+00, 5.348e-04, 0.000e+00, 2.141e+00, 9.984e+02, 2.296e-07
2.215e+00, 5.000e-01, -9.450e-01, 1.178e+05, 0.000e+00, 5.290e-04, 0.000e+00, 2.140e+00, 9.984e+02, 2.271e-07
2.215e+00, 5.000e-01, -9.350e-01, 1.177e+05, 0.000e+00, 5.225e-04, 0.000e+00, 2.138e+00, 9.984e+02, 2.243e-07
2.215e+00, 5.000e-01, -9.250e-01, 1.176e+05, 0.000e+00, 5.194e-04, 0.000e+00, 2.136e+00, 9.984e+02, 2.230e-07
2.215e+00, 5.000e-01, -9.150e-01, 1.175e+05, 0.000e+00, 5.210e-04, 0.000e+00, 2.134e+00, 9.984e+02, 2.236e-07
2.215e+00, 5.000e-01, -9.050e-01, 1.174e+05, 0.000e+00, 5.247e-04, 0.000e+00, 2.132e+00, 9.984e+02, 2.252e-07
2.215e+00, 5.000e-01, -8.950e-01, 1.173e+05, 0.000e+00, 5.263e-04, 0.000e+00, 2.131e+00, 9.984e+02, 2.260e-07
2.215e+00, 5.000e-01, -8.850e-01, 1.172e+05, 0.000e+00, 5.231e-04, 0.000e+00, 2.129e+00, 9.984e+02, 2.246e-07
2.215e+00, 5.000e-01, -8.750e-01, 1.171e+05, 0.000e+00, 5.140e-04, 0.000e+00, 2.127e+00, 9.984e+02, 2.206e-07
2.215e+00, 5.000e-01, -8.650e-01, 1.170e+05, 0.000e+00, 4.994e-04, 0.000e+00, 2.125e+00, 9.984e+02, 2.144e-07
2.215e+00, 5.000e-01, -8.550e-01, 1.169e+05, 0.000e+00, 4.813e-04, 0.000e+00, 2.124e+00, 9.984e+02, 2.066e-07
2.215e+00, 5.000e-01, -8.450e-01, 1.168e+05, 0.000e+00, 4.733e-04, 0.000e+00, 2.122e+00, 9.983e+02, 2.032e-07
2.215e+00, 5.000e-01, -8.350e-01, 1.167e+05, 0.000e+00, 4.818e-04, 0.000e+00, 2.120e+00, 9.984e+02, 2.068e-07
2.215e+00, 5.000e-01, -8.250e-01, 1.166e+05, 0.000e+00, 4.885e-04, 0.000e+00, 2.118e+00, 9.984e+02, 2.097e-07
2.215e+00, 5.000e-01, -8.150e-01, 1.165e+05, 0.000e+00, 4.655e-04, 0.000e+00, 2.116e+00, 9.983e+02, 1.998e-07
2.215e+00, 5.000e-01, -8.050e-01, 1.164e+05, 0.000e+00, 4.178e-04, 0.000e+00, 2.115e+00, 9.983e+02, 1.794e-07
2.215e+00, 5.000e-01, -7.950e-01, 1.163e+05, 0.000e+00, 3.782e-04, 0.000e+00, 2.113e+00, 9.983e+02, 1.624e-07
2.215e+00, 5.000e-01, -7.850e-01, 1.162e+05, 0.000e+00, 3.584e-04, 0.000e+00, 2.111e+00, 9.983e+02, 1.538e-07
2.215e+00, 5.000e-01, -7.750e-01, 1.161e+05, 0.000e+00, 3.477e-04, 0.000e+00, 2.109e+00, 9.983e+02, 1.493e-07
2.215e+00, 5.000e-01, -7.650e-01, 1.160e+05, 0.000e+00, 3.482e-04, 0.000e+00, 2.107e+00, 9.983e+02, 1.495e-07
2.215e+00, 5.000e-01, -7.550e-01, 1.159e+05, 0.000e+00, 3.731e-04, 0.000e+00, 2.106e+00, 9.983e+02, 1.602e-07
2.215e+00, 5.000e-01, -7.450e-01, 1.158e+05, 0.000e+00, 4.399e-04, 0.000e+00, 2.104e+00, 9.983e+02, 1.888e-07
2.215e+00, 5.000e-01, -7.350e-01, 1.157e+05, 6.732e-07, 5.865e-04, 0.000e+00, 2.102e+00, 9.984e+02, 2.518e-07
2.215e+00, 5.000e-01, -7.250e-01, 1.156e+05, 4.704e-01, 1.895e-03, 0.000e+00, 2.100e+00, 9.986e+02, 8.557e-07
2.215e+00, 5.000e-01, -7.150e-01, 1.156e+05, 8.683e-01, 1.895e-03, 0.000e+00, 2.100e+00, 9.986e+02, 8.914e-07
2.215e+00, 5.000e-01, -7.050e-01, 1.169e+05, 2.905e-06, 5.229e-04, 0.000e+00, 2.124e+00, 9.984e+02, 2.272e-07
2.215e+00, 5.000e-01, -6.950e-01, 1.168e+05, 0.000e+00, 3.675e-04, 0.000e+00, 2.122e+00, 9.983e+02, 1.614e-07
2.215e+00, 5.000e-01, -6.850e-01, 1.167e+05, 0.000e+00, 2.448e-04, 0.000e+00, 2.120e+00, 9.983e+02, 1.075e-07
2.215e+00, 5.000e-01, -6.750e-01, 1.166e+05, 0.000e+00, 1.538e-04, 0.000e+00, 2.119e+00, 9.983e+02, 6.757e-08
2.215e+00, 5.000e-01, -6.650e-01, 1.165e+05, 0.000e+00, 9.084e-05, 0.000e+00, 2.117e+00, 9.983e+02, 3.990e-08
2.215e+00, 5.000e-01, -6.550e-01, 1.164e+05, 0.000e+00, 5.078e-05, 0.000e+00, 2.115e+00, 9.983e+02, 2.230e-08
2.215e+00, 5.000e-01, -6.450e-01, 1.163e+05, 0.000e+00, 2.834e-05, 0.000e+00, 2.113e+00, 9.983e+02, 1.245e-08
2.215e+00, 5.000e-01, -6.350e-01, 1.162e+05, 0.000e+00, 1.965e-05, 0.000e+00, 2.111e+00, 9.983e+02, 8.632e-09
2.215e+00, 5.000e-01, -6.250e-01, 1.161e+05, 0.000e+00, 2.385e-05, 0.000e+00, 2.110e+00, 9.983e+02, 1.048e-08
2.215e+00, 5.000e-01, -6.150e-01, 1.160e+05, 0.000e+00, 4.444e-05, 0.000e+00, 2.108e+00, 9.983e+02, 1.952e-08
2.215e+00, 5.000e-01, -6.050e-01, 1.159e+05, 0.000e+00, 9.067e-05, 0.000e+00, 2.106e+00, 9.983e+02, 3.983e-08
2.215e+00, 5.000e-01, -5.950e-01, 1.158e+05, 0.000e+00, 1.786e-04, 0.000e+00, 2.104e+00, 9.983e+02, 7.844e-08
2.215e+00, 5.000e-01, -5.850e-01, 1.157e+05, 0.000e+00, 3.237e-04, 0.000e+00, 2.102e+00, 9.983e+02, 1.435e-07
2.215e+00, 5.000e-01, -5.750e-01, 1.142e+05, 0.000e+00, 4.551e-04, 0.000e+00, 2.074e+00, 9.983e+02, 2.044e-07
2.215e+00, 5.000e-01, -5.650e-01, 1.141e+05, 0.000e+00, 5.177e-04, 0.000e+00, 2.072e+00, 9.984e+02, 2.326e-07
2.215e+00, 5.000e-01, -5.550e-01, 1.140e+05, 0.000e+00, 5.271e-04, 0.000e+00, 2.070e+00, 9.984e+02, 2.368e-07
2.215e+00, 5.000e-01, -5.450e-01, 1.139e+05, 0.000e+00, 5.070e-04, 0.000e+00, 2.068e+00, 9.984e+02, 2.278e-07
2.215e+00, 5.000e-01, -5.350e-01, 1.138e+05, 0.000e+00, 4.826e-04, 0.000e+00, 2.067e+00, 9.983e+02, 2.168e-07
2.215e+00, 5.000e-01, -5.250e-01, 1.137e+05, 0.000e+00, 4.727e-04, 0.000e+00, 2.065e+00, 9.983e+02, 2.124e-07
2.215e+00, 5.000e-01, -5.150e-01, 1.136e+05, 0.000e+00, 4.760e-04, 0.000e+00, 2.063e+00, 9.983e+02, 2.138e-07
2.215e+00, 5.000e-01, -5.050e-01, 1.135e+05, 0.000e+00, 4.821e-04, 0.000e+00, 2.061e+00, 9.983e+02, 2.166e-07
2.215e+00, 5.000e-01, -4.950e-01, 1.134e+05, 0.000e+00, 4.868e-04, 0.000e+00, 2.059e+00, 9.983e+02, 2.187e-07
2.215e+00, 5.000e-01, -4.850e-01, 1.133e+05, 0.000e+00, 4.918e-04, 0.000e+00, 2.057e+00, 9.984e+02, 2.127e-07
2.215e+00, 5.000e-01, -4.750e-01, 1.132e+05, 0.000e+00, 4.945e-04, 0.000e+00, 2.056e+00, 9.984e+02, 2.123e-07
2.215e+00, 5.000e-01, -4.650e-01, 1.131e+05, 0.000e+00, 5.064e-04, 0.000e+00, 2.054e+00, 9.984e+02, 2.174e-07
2.215e+00, 5.000e-01, -4.550e-01, 1.130e+05, 0.000e+00, 5.298e-04, 0.000e+00, 2.052e+00, 9.984e+02, 2.275e-07
2.215e+00, 5.000e-01, -4.450e-01, 1.129e+05, 0.000e+00, 5.566e-04, 0.000e+00, 2.050e+00, 9.984e+02, 2.390e-07
2.215e+00, 5.000e-01, -4.350e-01, 1.128e+05, 0.000e+00, 5.823e-04, 0.000e+00, 2.048e+00, 9.984e+02, 2.546e-07
2.215e+00, 5.000e-01, -4.250e-01, 1.127e+05, 0.000e+00, 5.998e-04, 0.000e+00, 2.047e+00, 9.984e+02, 2.575e-07
2.215e+00, 5.000e-01, -4.150e-01, 1.126e+05, 0.000e+00, 6.107e-04, 0.000e+00, 2.045e+00, 9.984e+02, 2.622e-07
2.215e+00, 5.000e-01, -4.050e-01, 1.125e+05, 0.000e+00, 6.144e-04, 0.000e+00, 2.043e+00, 9.984e+02, 2.638e-07
2.215e+00, 5.000e-01, -3.950e-01, 1.124e+05, 0.000e+00, 6.093e-04, 0.000e+00, 2.041e+00, 9.984e+02, 2.616e-07
2.215e+00, 5.000e-01, -3.850e-01, 1.123e+05, 0.000e+00, 5.943e-04, 0.000e+00, 2.039e+00, 9.984e+02, 2.551e-07
2.215e+00, 5.000e-01, -3.750e-01, 1.122e+05, 0.000e+00, 5.667e-04, 0.000e+00, 2.038e+00, 9.984e+02, 2.433e-07
2.215e+00, 5.000e-01, -3.650e-01, 1.121e+05, 0.000e+00, 5.222e-04, 0.000e+00, 2.036e+00, 9.984e+02, 2.243e-07
2.215e+00, 5.000e-01, -3.550e-01, 1.120e+05, 0.000e+00, 5.069e-04, 0.000e+00, 2.034e+00, 9.984e+02, 2.276e-07
2.215e+00, 5.000e-01, -3.450e-01, 1.119e+05, 0.000e+00, 4.927e-04, 0.000e+00, 2.033e+00, 9.984e+02, 2.214e-07
2.215e+00, 5.000e-01, -3.350e-01, 1.118e+05, 0.000e+00, 4.779e-04, 0.000e+00, 2.031e+00, 9.983e+02, 2.147e-07
2.215e+00, 5.000e-01, -3.250e-01, 1.117e+05, 0.000e+00, 4.633e-04, 0.000e+00, 2.029e+00, 9.983e+02, 2.082e-07
2.215e+00, 5.000e-01, -3.150e-01, 1.116e+05, 0.000e+00, 4.508e-04, 0.000e+00, 2.027e+00, 9.983e+02, 2.025e-07
2.215e+00, 5.000e-01, -3.050e-01, 1.115e+05, 0.000e+00, 4.411e-04, 0.000e+00, 2.025e+00, 9.983e+02, 1.982e-07
2.215e+00, 5.000e-01, -2.950e-01, 1.114e+05, 0.000e+00, 4.356e-04, 0.000e+00, 2.024e+00, 9.983e+02, 1.957e-07
2.215e+00, 5.000e-01, -2.850e-01, 1.113e+05, 0.000e+00, 4.401e-04, 0.000e+00, 2.022e+00, 9.983e+02, 1.977e-07
2.215e+00, 5.000e-01, -2.750e-01, 1.112e+05, 0.000e+00, 4.724e-04, 0.000e+00, 2.020e+00, 9.983e+02, 2.102e-07
2.215e+00, 5.000e-01, -2.650e-01, 1.112e+05, 0.000e+00, 5.195e-04, 0.000e+00, 2.020e+00, 9.984e+02, 2.282e-07
2.215e+00, 5.000e-01, -2.550e-01, 1.111e+05, 0.000e+00, 5.376e-04, 0.000e+00, 2.018e+00, 9.984e+02, 2.361e-07
2.215e+00, 5.000e-01, -2.450e-01, 1.110e+05, 0.000e+00, 5.151e-04, 0.000e+00, 2.016e+00, 9.984e+02, 2.263e-07
2.215e+00, 5.000e-01, -2.350e-01, 1.109e+05, 0.000e+00, 4.622e-04, 0.000e+00, 2.014e+00, 9.983e+02, 2.030e-07
2.215e+00, 5.000e-01, -2.250e-01, 1.108e+05, 0.000e+00, 3.998e-04, 0.000e+00, 2.012e+00, 9.983e+02, 1.756e-07
2.215e+00, 5.000e-01, -2.150e-01, 1.107e+05, 0.000e+00, 3.432e-04, 0.000e+00, 2.011e+00, 9.983e+02, 1.508e-07
2.215e+00, 5.000e-01, -2.050e-01, 1.106e+05, 0.000e+00, 3.067e-04, 0.000e+00, 2.009e+00, 9.983e+02, 1.347e-07
2.215e+00, 5.000e-01, -1.950e-01, 1.105e+05, 0.000e+00, 3.074e-04, 0.000e+00, 2.007e+00, 9.983e+02, 1.350e-07
2.215e+00, 5.000e-01, -1.850e-01, 1.106e+05, 0.000e+00, 3.482e-04, 0.000e+00, 2.009e+00, 9.983e+02, 1.495e-07
2.215e+00, 5.000e-01, -1.750e-01, 1.105e+05, 0.000e+00, 3.417e-04, 0.000e+00, 2.007e+00, 9.983e+02, 1.467e-07
2.215e+00, 5.000e-01, -1.650e-01, 1.104e+05, 0.000e+00, 3.282e-04, 0.000e+00, 2.005e+00, 9.983e+02, 1.409e-07
2.215e+00, 5.000e-01, -1.550e-01, 1.103e+05, 0.000e+00, 3.208e-04, 0.000e+00, 2.004e+00, 9.983e+02, 1.377e-07
2.215e+00, 5.000e-01, -1.450e-01, 1.102e+05, 0.000e+00, 3.187e-04, 0.000e+00, 2.002e+00, 9.983e+02, 1.368e-07
2.215e+00, 5.000e-01, -1.350e-01, 1.101e+05, 0.000e+00, 3.070e-04, 0.000e+00, 2.000e+00, 9.983e+02, 1.318e-07
2.215e+00, 5.000e-01, -1.250e-01, 1.100e+05, 0.000e+00, 2.644e-04, 0.000e+00, 1.998e+00, 9.983e+02, 1.135e-07
2.215e+00, 5.000e-01, -1.150e-01, 1.111e+05, 0.000e+00, 1.895e-04, 0.000e+00, 2.018e+00, 9.983e+02, 8.289e-08
2.215e+00, 5.000e-01, -1.050e-01, 1.110e+05, 0.000e+00, 1.177e-04, 0.000e+00, 2.017e+00, 9.983e+02, 5.168e-08
2.215e+00, 5.000e-01, -9.500e-02, 1.109e+05, 0.000e+00, 6.617e-05, 0.000e+00, 2.015e+00, 9.983e+02, 2.907e-08
2.215e+00, 5.000e-01, -8.500e-02, 1.108e+05, 0.000e+00, 3.482e-05, 0.000e+00, 2.013e+00, 9.983e+02, 1.529e-08
2.215e+00, 5.000e-01, -7.500e-02, 1.107e+05, 0.000e+00, 1.755e-05, 0.000e+00, 2.011e+00, 9.983e+02, 7.709e-09
2.215e+00, 5.000e-01, -6.500e-02, 1.106e+05, 0.000e+00, 8.579e-06, 0.000e+00, 2.009e+00, 9.983e+02, 3.768e-09
2.215e+00, 5.000e-01, -5.500e-02, 1.105e+05, 0.000e+00, 4.077e-06, 0.000e+00, 2.008e+00, 9.983e+02, 1.791e-09
2.215e+00, 5.000e-01, -4.500e-02, 1.104e+05, 0.000e+00, 1.878e-06, 0.000e+00, 2.006e+00, 9.983e+02, 8.248e-10
2.215e+00, 5.000e-01, -3.500e-02, 1.103e+05, 0.000e+00, 8.346e-07, 0.000e+00, 2.004e+00, 9.983e+02, 3.666e-10
2.215e+00, 5.000e-01, -2.500e-02, 1.102e+05, 0.000e+00, 3.577e-07, 0.000e+00, 2.002e+00, 9.983e+02, 1.571e-10
2.215e+00, 5.000e-01, -1.500e-02, 1.101e+05, 0.000e+00, 1.493e-07, 0.000e+00, 2.000e+00, 9.983e+02, 6.559e-11
2.215e+00, 5.000e-01, -5.000e-03, 1.100e+05, 0.000e+00, 6.349e-08, 0.000e+00, 1.999e+00, 9.983e+02, 2.789e-11
2.225e+00, 5.000e-01, -1.195e+00, 1.202e+05, 0.000e+00, 1.002e-13, 0.000e+00, 2.184e+00, 9.983e+02, 2.000e-17
2.225e+00, 5.000e-01, -1.185e+00, 1.201e+05, 0.000e+00, 1.002e-13, 0.000e+00, 2.182e+00, 9.983e+02, 2.000e-17
2.225e+00, 5.000e-01, -1.175e+00, 1.200e+05, 0.000e+00, 1.002e-13, 0.000e+00, 2.181e+00, 9.983e+02, 2.000e-17
2.225e+00, 5.000e-01, -1.165e+00, 1.199e+05, 0.000e+00, 1.002e-13, 0.000e+00, 2.179e+00, 9.983e+02, 2.000e-17
2.225e+00, 5.000e-01, -1.155e+00, 1.198e+05, 0.000e+00, 1.002e-13, 0.000e+00, 2.177e+00, 9.983e+02, 2.000e-17
2.225e+00, 5.000e-01, -1.145e+00, 1.197e+05, 0.000e+00, 1.002e-13, 0.000e+00, 2.175e+00, 9.983e+02, 2.000e-17
2.225e+00, 5.000e-01, -1.135e+00, 1.196e+05, 0.000e+00, 1.002e-13, 0.000e+00, 2.173e+00, 9.983e+02, 2.000e-17
2.225e+00, 5.000e-01, -1.125e+00, 1.195e+05, 0.000e+00, 1.002e-13, 0.000e+00, 2.172e+00, 9.983e+02, 2.000e-17
2.225e+00, 5.000e-01, -1.115e+00, 1.194e+05, 0.000e+00, 1.002e-13, 0.000e+00, 2.170e+00, 9.983e+02, 2.000e-17
2.225e+00, 5.000e-01, -1.105e+00, 1.193e+05, 0.000e+00, 1.002e-13, 0.000e+00, 2.168e+00, 9.983e+02, 2.000e-17
2.225e+00, 5.000e-01, -1.095e+00, 1.192e+05, 0.000e+00, 1.327e-09, 0.000e+00, 2.166e+00, 9.983e+02, 4.362e-13
2.225e+00, 5.000e-01, -1.085e+00, 1.191e+05, 0.000e+00, 4.638e-04, 0.000e+00, 2.165e+00, 9.983e+02, 1.525e-07
2.225e+00, 5.000e-01, -1.075e+00, 1.190e+05, 0.000e+00, 5.033e-04, 0.000e+00, 2.163e+00, 9.984e+02, 2.161e-07
2.225e+00, 5.000e-01, -1.065e+00, 1.189e+05, 0.000e+00, 5.125e-04, 0.000e+00, 2.161e+00, 9.984e+02, 2.200e-07
2.225e+00, 5.000e-01, -1.055e+00, 1.188e+05, 0.000e+00, 5.085e-04, 0.000e+00, 2.159e+00, 9.984e+02, 2.183e-07
2.225e+00, 5.000e-01, -1.045e+00, 1.187e+05, 0.000e+00, 4.993e-04, 0.000e+00, 2.158e+00, 9.984e+02, 2.143e-07
2.225e+00, 5.000e-01, -1.035e+00, 1.186e+05, 0.000e+00, 4.890e-04, 0.000e+00, 2.156e+00, 9.984e+02, 2.099e-07
2.225e+00, 5.000e-01, -1.025e+00, 1.185e+05, 0.000e+00, 4.791e-04, 0.000e+00, 2.154e+00, 9.984e+02, 2.057e-07
2.225e+00, 5.000e-01, -1.015e+00, 1.185e+05, 0.000e+00, 4.701e-04, 0.000e+00, 2.152e+00, 9.983e+02, 2.018e-07
2.225e+00, 5.000e-01, -1.005e+00, 1.184e+05, 0.000e+00, 4.641e-04, 0.000e+00, 2.150e+00, 9.983e+02, 1.992e-07
2.225e+00, 5.000e-01, -9.950e-01, 1.183e+05, 0.000e+00, 4.681e-04, 0.000e+00, 2.149e+00, 9.983e+02, 2.010e-07
2.225e+00, 5.000e-01, -9.850e-01, 1.182e+05, 0.000e+00, 4.869e-04, 0.000e+00, 2.147e+00, 9.984e+02, 2.090e-07
2.225e+00, 5.000e-01, -9.750e-01, 1.181e+05, 0.000e+00, 5.092e-04, 0.000e+00, 2.145e+00, 9.984e+02, 2.186e-07
2.225e+00, 5.000e-01, -9.650e-01, 1.180e+05, 0.000e+00, 5.218e-04, 0.000e+00, 2.143e+00, 9.984e+02, 2.240e-07
2.225e+00, 5.000e-01, -9.550e-01, 1.179e+05, 0.000e+00, 5.234e-04, 0.000e+00, 2.141e+00, 9.984e+02, 2.247e-07
2.225e+00, 5.000e-01, -9.450e-01, 1.178e+05, 0.000e+00, 5.181e-04, 0.000e+00, 2.140e+00, 9.984e+02, 2.224e-07
2.225e+00, 5.000e-01, -9.350e-01, 1.177e+05, 0.000e+00, 5.097e-04, 0.000e+00, 2.138e+00, 9.984e+02, 2.188e-07
2.225e+00, 5.000e-01, -9.250e-01, 1.176e+05, 0.000e+00, 5.009e-04, 0.000e+00, 2.136e+00, 9.984e+02, 2.150e-07
2.225e+00, 5.000e-01, -9.150e-01, 1.175e+05, 0.000e+00, 4.932e-04, 0.000e+00, 2.134e+00, 9.984e+02, 2.117e-07
2.225e+00, 5.000e-01, -9.050e-01, 1.174e+05, 0.000e+00, 4.864e-04, 0.000e+00, 2.132e+00, 9.984e+02, 2.088e-07
2.225e+00, 5.000e-01, -8.950e-01, 1.173e+05, 0.000e+00, 4.790e-04, 0.000e+00, 2.131e+00, 9.983e+02, 2.056e-07
2.225e+00, 5.000e-01, -8.850e-01, 1.172e+05, 0.000e+00, 4.705e-04, 0.000e+00, 2.129e+00, 9.983e+02, 2.020e-07
2.225e+00, 5.000e-01, -8.750e-01, 1.171e+05, 0.000e+00, 4.599e-04, 0.000e+00, 2.127e+00, 9.983e+02, 1.974e-07
2.225e+00, 5.000e-01, -8.650e-01, 1.170e+05, 0.000e+00, 4.487e-04, 0.000e+00, 2.125e+00, 9.983e+02, 1.926e-07
2.225e+00, 5.000e-01, -8.550e-01, 1.169e+05, 0.000e+00, 4.405e-04, 0.000e+00, 2.124e+00, 9.983e+02, 1.891e-07
2.225e+00, 5.000e-01, -8.450e-01, 1.168e+05, 0.000e+00, 4.424e-04, 0.000e+00, 2.122e+00, 9.983e+02, 1.899e-07
2.225e+00, 5.000e-01, -8.350e-01, 1.167e+05, 0.000e+00, 4.545e-04, 0.000e+00, 2.120e+00, 9.983e+02, 1.951e-07
2.225e+00, 5.000e-01, -8.250e-01, 1.166e+05, 0.000e+00, 4.620e-04, 0.000e+00, 2.118e+00, 9.983e+02, 1.983e-07
2.225e+00, 5.000e-01, -8.150e-01, 1.165e+05, 0.000e+00, 4.298e-04, 0.000e+00, 2.116e+00, 9.983e+02, 1.845e-07
2.225e+00, 5.000e-01, -8.050e-01, 1.164e+05, 0.000e+00, 3.890e-04, 0.000e+00, 2.115e+00, 9.983e+02, 1.670e-07
2.225e+00, 5.000e-01, -7.950e-01, 1.163e+05, 0.000e+00, 3.696e-04, 0.000e+00, 2.113e+00, 9.983e+02, 1.587e-07
2.225e+00, 5.000e-01, -7.850e-01, 1.162e+05, 0.000e+00, 3.616e-04, 0.000e+00, 2.111e+00, 9.983e+02, 1.552e-07
2.225e+00, 5.000e-01, -7.750e-01, 1.161e+05, 0.000e+00, 3.580e-04, 0.000e+00, 2.109e+00, 9.983e+02, 1.537e-07
2.225e+00, 5.000e-01, -7.650e-01, 1.160e+05, 0.000e+00, 3.641e-04, 0.000e+00, 2.107e+00, 9.983e+02, 1.563e-07
2.225e+00, 5.000e-01, -7.550e-01, 1.159e+05, 0.000e+00, 3.877e-04, 0.000e+00, 2.106e+00, 9.983e+02, 1.664e-07
2.225e+00, 5.000e-01, -7.450e-01, 1.158e+05, 0.000e+00, 4.349e-04, 0.000e+00, 2.104e+00, 9.983e+02, 1.867e-07
2.225e+00, 5.000e-01, -7.350e-01, 1.157e+05, 6.730e-07, 5.595e-04, 0.000e+00, 2.102e+00, 9.984e+02, 2.402e-07
2.225e+00, 5.000e-01, -7.250e-01, 1.156e+05, 4.703e-01, 1.895e-03, 0.000e+00, 2.100e+00, 9.986e+02, 8.557e-07
2.225e+00, 5.000e-01, -7.150e-01, 1.156e+05, 8.683e-01, 1.895e-03, 0.000e+00, 2.100e+00, 9.986e+02, 8.914e-07
2.225e+00, 5.000e-01, -7.050e-01, 1.169e+05, 1.449e-06, 4.980e-04, 0.000e+00, 2.124e+00, 9.984e+02, 2.168e-07
2.225e+00, 5.000e-01, -6.950e-01, 1.168e+05, 0.000e+00, 3.503e-04, 0.000e+00, 2.122e+00, 9.983e+02, 1.539e-07
2.225e+00, 5.000e-01, -6.850e-01, 1.167e+05, 0.000e+00, 2.347e-04, 0.000e+00, 2.120e+00, 9.983e+02, 1.031e-07
2.225e+00, 5.000e-01, -6.750e-01, 1.166e+05, 0.000e+00, 1.479e-04, 0.000e+00, 2.119e+00, 9.983e+02, 6.497e-08
2.225e+00, 5.000e-01, -6.650e-01, 1.165e+05, 0.000e+00, 8.747e-05, 0.000e+00, 2.117e+00, 9.983e+02, 3.842e-08
2.225e+00, 5.000e-01, -6.550e-01, 1.164e+05, 0.000e+00, 4.918e-05, 0.000e+00, 2.115e+00, 9.983e+02, 2.160e-08
2.225e+00, 5.000e-01, -6.450e-01, 1.163e+05, 0.000e+00, 2.834e-05, 0.000e+00, 2.113e+00, 9.983e+02, 1.245e-08
2.225e+00, 5.000e-01, -6.350e-01, 1.162e+05, 0.000e+00, 2.166e-05, 0.000e+00, 2.111e+00, 9.983e+02, 9.514e-09
2.225e+00, 5.000e-01, -6.250e-01, 1.161e+05, 0.000e+00, 2.883e-05, 0.000e+00, 2.110e+00, 9.983e+02, 1.266e-08
2.225e+00, 5.000e-01, -6.150e-01, 1.160e+05, 0.000e+00, 5.337e-05, 0.000e+00, 2.108e+00, 9.983e+02, 2.344e-08
2.225e+00, 5.000e-01, -6.050e-01, 1.159e+05, 0.000e+00, 1.036e-04, 0.000e+00, 2.106e+00, 9.983e+02, 4.549e-08
2.225e+00, 5.000e-01, -5.950e-01, 1.158e+05, 0.000e+00, 1.948e-04, 0.000e+00, 2.104e+00, 9.983e+02, 8.558e-08
2.225e+00, 5.000e-01, -5.850e-01, 1.143e+05, 0.000e+00, 3.458e-04, 0.000e+00, 2.075e+00, 9.983e+02, 1.539e-07
2.225e+00, 5.000e-01, -5.750e-01, 1.142e+05, 0.000e+00, 4.524e-04, 0.000e+00, 2.074e+00, 9.983e+02, 2.032e-07
2.225e+00, 5.000e-01, -5.650e-01, 1.141e+05, 0.000e+00, 5.059e-04, 0.000e+00, 2.072e+00, 9.984e+02, 2.273e-07
2.225e+00, 5.000e-01, -5.550e-01, 1.140e+05, 0.000e+00, 5.095e-04, 0.000e+00, 2.070e+00, 9.984e+02, 2.289e-07
2.225e+00, 5.000e-01, -5.450e-01, 1.139e+05, 0.000e+00, 4.886e-04, 0.000e+00, 2.068e+00, 9.984e+02, 2.195e-07
2.225e+00, 5.000e-01, -5.350e-01, 1.138e+05, 0.000e+00, 4.690e-04, 0.000e+00, 2.067e+00, 9.983e+02, 2.107e-07
2.225e+00, 5.000e-01, -5.250e-01, 1.137e+05, 0.000e+00, 4.635e-04, 0.000e+00, 2.065e+00, 9.983e+02, 2.082e-07
2.225e+00, 5.000e-01, -5.150e-01, 1.136e+05, 0.000e+00, 4.665e-04, 0.000e+00, 2.063e+00, 9.983e+02, 2.096e-07
2.225e+00, 5.000e-01, -5.050e-01, 1.135e+05, 0.000e+00, 4.707e-04, 0.000e+00, 2.061e+00, 9.983e+02, 2.114e-07
2.225e+00, 5.000e-01, -4.950e-01, 1.134e+05, 0.000e+00, 4.765e-04, 0.000e+00, 2.059e+00, 9.983e+02, 2.141e-07
2.225e+00, 5.000e-01, -4.850e-01, 1.133e+05, 0.000e+00, 4.897e-04, 0.000e+00, 2.057e+00, 9.984e+02, 2.115e-07
2.225e+00, 5.000e-01, -4.750e-01, 1.132e+05, 0.000e+00, 5.058e-04, 0.000e+00, 2.056e+00, 9.984e+02, 2.171e-07
2.225e+00, 5.000e-01, -4.650e-01, 1.131e+05, 0.000e+00, 5.260e-04, 0.000e+00, 2.054e+00, 9.984e+02, 2.258e-07
2.225e+00, 5.000e-01, -4.550e-01, 1.130e+05, 0.000e+00, 5.473e-04, 0.000e+00, 2.052e+00, 9.984e+02, 2.350e-07
2.225e+00, 5.000e-01, -4.450e-01, 1.129e+05, 0.000e+00, 5.665e-04, 0.000e+00, 2.050e+00, 9.984e+02, 2.432e-07
2.225e+00, 5.000e-01, -4.350e-01, 1.128e+05, 0.000e+00, 5.825e-04, 0.000e+00, 2.049e+00, 9.984e+02, 2.561e-07
2.225e+00, 5.000e-01, -4.250e-01, 1.127e+05, 0.000e+00, 5.919e-04, 0.000e+00, 2.047e+00, 9.984e+02, 2.541e-07
2.225e+00, 5.000e-01, -4.150e-01, 1.126e+05, 0.000e+00, 5.941e-04, 0.000e+00, 2.045e+00, 9.984e+02, 2.550e-07
2.225e+00, 5.000e-01, -4.050e-01, 1.125e+05, 0.000e+00, 5.882e-04, 0.000e+00, 2.043e+00, 9.984e+02, 2.525e-07
2.225e+00, 5.000e-01, -3.950e-01, 1.124e+05, 0.000e+00, 5.728e-04, 0.000e+00, 2.041e+00, 9.984e+02, 2.459e-07
2.225e+00, 5.000e-01, -3.850e-01, 1.123e+05, 0.000e+00, 5.455e-04, 0.000e+00, 2.039e+00, 9.984e+02, 2.342e-07
2.225e+00, 5.000e-01, -3.750e-01, 1.122e+05, 0.000e+00, 5.023e-04, 0.000e+00, 2.038e+00, 9.984e+02, 2.156e-07
2.225e+00, 5.000e-01, -3.650e-01, 1.121e+05, 0.000e+00, 4.664e-04, 0.000e+00, 2.036e+00, 9.983e+02, 2.010e-07
2.225e+00, 5.000e-01, -3.550e-01, 1.120e+05, 0.000e+00, 4.572e-04, 0.000e+00, 2.034e+00, 9.983e+02, 2.054e-07
2.225e+00, 5.000e-01, -3.450e-01, 1.119e+05, 0.000e+00, 4.494e-04, 0.000e+00, 2.033e+00, 9.983e+02, 2.019e-07
2.225e+00, 5.000e-01, -3.350e-01, 1.118e+05, 0.000e+00, 4.434e-04, 0.000e+00, 2.031e+00, 9.983e+02, 1.992e-07
2.225e+00, 5.000e-01, -3.250e-01, 1.117e+05, 0.000e+00, 4.382e-04, 0.000e+00, 2.029e+00, 9.983e+02, 1.969e-07
2.225e+00, 5.000e-01, -3.150e-01, 1.116e+05, 0.000e+00, 4.340e-04, 0.000e+00, 2.027e+00, 9.983e+02, 1.950e-07
2.225e+00, 5.000e-01, -3.050e-01, 1.115e+05, 0.000e+00, 4.303e-04, 0.000e+00, 2.025e+00, 9.983e+02, 1.933e-07
2.225e+00, 5.000e-01, -2.950e-01, 1.114e+05, 0.000e+00, 4.272e-04, 0.000e+00, 2.024e+00, 9.983e+02, 1.919e-07
2.225e+00, 5.000e-01, -2.850e-01, 1.113e+05, 0.000e+00, 4.272e-04, 0.000e+00, 2.022e+00, 9.983e+02, 1.919e-07
2.225e+00, 5.000e-01, -2.750e-01, 1.112e+05, 0.000e+00, 4.427e-04, 0.000e+00, 2.020e+00, 9.983e+02, 1.967e-07
2.225e+00, 5.000e-01, -2.650e-01, 1.112e+05, 0.000e+00, 4.796e-04, 0.000e+00, 2.020e+00, 9.983e+02, 2.107e-07
2.225e+00, 5.000e-01, -2.550e-01, 1.111e+05, 0.000e+00, 5.037e-04, 0.000e+00, 2.018e+00, 9.984e+02, 2.213e-07
2.225e+00, 5.000e-01, -2.450e-01, 1.110e+05, 0.000e+00, 4.838e-04, 0.000e+00, 2.016e+00, 9.983e+02, 2.125e-07
2.225e+00, 5.000e-01, -2.350e-01, 1.109e+05, 0.000e+00, 4.277e-04, 0.000e+00, 2.014e+00, 9.983e+02, 1.879e-07
2.225e+00, 5.000e-01, -2.250e-01, 1.108e+05, 0.000e+00, 3.605e-04, 0.000e+00, 2.012e+00, 9.983e+02, 1.584e-07
2.225e+00, 5.000e-01, -2.150e-01, 1.107e+05, 0.000e+00, 2.982e-04, 0.000e+00, 2.011e+00, 9.983e+02, 1.310e-07
2.225e+00, 5.000e-01, -2.050e-01, 1.106e+05, 0.000e+00, 2.545e-04, 0.000e+00, 2.009e+00, 9.983e+02, 1.118e-07
2.225e+00, 5.000e-01, -1.950e-01, 1.105e+05, 0.000e+00, 2.485e-04, 0.000e+00, 2.007e+00, 9.983e+02, 1.090e-07
2.225e+00, 5.000e-01, -1.850e-01, 1.106e+05, 0.000e+00, 2.853e-04, 0.000e+00, 2.009e+00, 9.983e+02, 1.225e-07
2.225e+00, 5.000e-01, -1.750e-01, 1.105e+05, 0.000e+00, 2.818e-04, 0.000e+00, 2.007e+00, 9.983e+02, 1.210e-07
2.225e+00, 5.000e-01, -1.650e-01, 1.104e+05, 0.000e+00, 2.722e-04, 0.000e+00, 2.005e+00, 9.983e+02, 1.168e-07
2.225e+00, 5.000e-01, -1.550e-01, 1.103e+05, 0.000e+00, 2.724e-04, 0.000e+00, 2.004e+00, 9.983e+02, 1.169e-07
2.225e+00, 5.000e-01, -1.450e-01, 1.102e+05, 0.000e+00, 2.846e-04, 0.000e+00, 2.002e+00, 9.983e+02, 1.222e-07
2.225e+00, 5.000e-01, -1.350e-01, 1.101e+05, 0.000e+00, 2.908e-04, 0.000e+00, 2.000e+00, 9.983e+02, 1.248e-07
2.225e+00, 5.000e-01, -1.250e-01, 1.100e+05, 0.000e+00, 2.602e-04, 0.000e+00, 1.998e+00, 9.983e+02, 1.117e-07
2.225e+00, 5.000e-01, -1.150e-01, 1.111e+05, 0.000e+00, 1.910e-04, 0.000e+00, 2.018e+00, 9.983e+02, 8.368e-08
2.225e+00, 5.000e-01, -1.050e-01, 1.110e+05, 0.000e+00, 1.193e-04, 0.000e+00, 2.017e+00, 9.983e+02, 5.240e-08
2.225e+00, 5.000e-01, -9.500e-02, 1.109e+05, 0.000e+00, 6.671e-05, 0.000e+00, 2.015e+00, 9.983e+02, 2.930e-08
2.225e+00, 5.000e-01, -8.500e-02, 1.108e+05, 0.000e+00, 3.472e-05, 0.000e+00, 2.013e+00, 9.983e+02, 1.525e-08
2.225e+00, 5.000e-01, -7.500e-02, 1.107e+05, 0.000e+00, 1.728e-05, 0.000e+00, 2.011e+00, 9.983e+02, 7.590e-09
2.225e+00, 5.000e-01, -6.500e-02, 1.106e+05, 0.000e+00, 8.344e-06, 0.000e+00, 2.009e+00, 9.983e+02, 3.665e-09
2.225e+00, 5.000e-01, -5.500e-02, 1.105e+05, 0.000e+00, 3.924e-06, 0.000e+00, 2.008e+00, 9.983e+02, 1.723e-09
2.225e+00, 5.000e-01, -4.500e-02, 1.104e+05, 0.000e+00, 1.791e-06, 0.000e+00, 2.006e+00, 9.983e+02, 7.869e-10
2.225e+00, 5.000e-01, -3.500e-02, 1.103e+05, 0.000e+00, 7.906e-07, 0.000e+00, 2.004e+00, 9.983e+02, 3.472e-10
2.225e+00, 5.000e-01, -2.500e-02, 1.102e+05, 0.000e+00, 3.369e-07, 0.000e+00, 2.002e+00, 9.983e+02, 1.480e-10
2.225e+00, 5.000e-01, -1.500e-02, 1.101e+05, 0.000e+00, 1.401e-07, 0.000e+00, 2.000e+00, 9.983e+02, 6.155e-11
2.225e+00, 5.000e-01, -5.000e-03, 1.100e+05, 0.000e+00, 5.968e-08, 0.000e+00, 1.999e+00, 9.983e+02, 2.621e-11
2.235e+00, 5.000e-01, -1.195e+00, 1.202e+05, 0.000e+00, 1.002e-13, 0.000e+00, 2.184e+00, 9.983e+02, 2.000e-17
2.235e+00, 5.000e-01, -1.185e+00, 1.201e+05, 0.000e+00, 1.002e-13, 0.000e+00, 2.182e+00, 9.983e+02, 2.000e-17
2.235e+00, 5.000e-01, -1.175e+00, 1.200e+05, 0.000e+00, 1.002e-13, 0.000e+00, 2.181e+00, 9.983e+02, 2.000e-17
2.235e+00, 5.000e-01, -1.165e+00, 1.199e+05, 0.000e+00, 1.002e-13, 0.000e+00, 2.179e+00, 9.983e+02, 2.000e-17
2.235e+00, 5.000e-01, -1.155e+00, 1.198e+05, 0.000e+00, 1.002e-13, 0.000e+00, 2.177e+00, 9.983e+02, 2.000e-17
2.235e+00, 5.000e-01, -1.145e+00, 1.197e+05, 0.000e+00, 1.002e-13, 0.000e+00, 2.175e+00, 9.983e+02, 2.000e-17
2.235e+00, 5.000e-01, -1.135e+00, 1.196e+05, 0.000e+00, 1.002e-13, 0.000e+00, 2.173e+00, 9.983e+02, 2.000e-17
2.235e+00, 5.000e-01, -1.125e+00, 1.195e+05, 0.000e+00, 1.002e-13, 0.000e+00, 2.172e+00, 9.983e+02, 2.000e-17
2.235e+00, 5.000e-01, -1.115e+00, 1.194e+05, 0.000e+00, 1.002e-13, 0.000e+00, 2.170e+00, 9.983e+02, 2.000e-17
2.235e+00, 5.000e-01, -1.105e+00, 1.193e+05, 0.000e+00, 1.002e-13, 0.000e+00, 2.168e+00, 9.983e+02, 2.000e-17
2.235e+00, 5.000e-01, -1.095e+00, 1.192e+05, 0.000e+00, 1.322e-09, 0.000e+00, 2.166e+00, 9.983e+02, 4.505e-13
2.235e+00, 5.000e-01, -1.085e+00, 1.191e+05, 0.000e+00, 4.602e-04, 0.000e+00, 2.165e+00, 9.983e+02, 1.624e-07
2.235e+00, 5.000e-01, -1.075e+00, 1.190e+05, 0.000e+00, 5.003e-04, 0.000e+00, 2.163e+00, 9.984e+02, 2.148e-07
2.235e+00, 5.000e-01, -1.065e+00, 1.189e+05, 0.000e+00, 5.141e-04, 0.000e+00, 2.161e+00, 9.984e+02, 2.207e-07
2.235e+00, 5.000e-01, -1.055e+00, 1.188e+05, 0.000e+00, 5.125e-04, 0.000e+00, 2.159e+00, 9.984e+02, 2.200e-07
2.235e+00, 5.000e-01, -1.045e+00, 1.187e+05, 0.000e+00, 5.048e-04, 0.000e+00, 2.158e+00, 9.984e+02, 2.167e-07
2.235e+00, 5.000e-01, -1.035e+00, 1.186e+05, 0.000e+00, 4.956e-04, 0.000e+00, 2.156e+00, 9.984e+02, 2.128e-07
2.235e+00, 5.000e-01, -1.025e+00, 1.185e+05, 0.000e+00, 4.864e-04, 0.000e+00, 2.154e+00, 9.984e+02, 2.088e-07
2.235e+00, 5.000e-01, -1.015e+00, 1.185e+05, 0.000e+00, 4.777e-04, 0.000e+00, 2.152e+00, 9.984e+02, 2.051e-07
2.235e+00, 5.000e-01, -1.005e+00, 1.184e+05, 0.000e+00, 4.708e-04, 0.000e+00, 2.150e+00, 9.983e+02, 2.021e-07
2.235e+00, 5.000e-01, -9.950e-01, 1.183e+05, 0.000e+00, 4.700e-04, 0.000e+00, 2.149e+00, 9.983e+02, 2.018e-07
2.235e+00, 5.000e-01, -9.850e-01, 1.182e+05, 0.000e+00, 4.800e-04, 0.000e+00, 2.147e+00, 9.984e+02, 2.061e-07
2.235e+00, 5.000e-01, -9.750e-01, 1.181e+05, 0.000e+00, 4.957e-04, 0.000e+00, 2.145e+00, 9.984e+02, 2.128e-07
2.235e+00, 5.000e-01, -9.650e-01, 1.180e+05, 0.000e+00, 5.065e-04, 0.000e+00, 2.143e+00, 9.984e+02, 2.174e-07
2.235e+00, 5.000e-01, -9.550e-01, 1.179e+05, 0.000e+00, 5.086e-04, 0.000e+00, 2.141e+00, 9.984e+02, 2.183e-07
2.235e+00, 5.000e-01, -9.450e-01, 1.178e+05, 0.000e+00, 5.040e-04, 0.000e+00, 2.140e+00, 9.984e+02, 2.164e-07
2.235e+00, 5.000e-01, -9.350e-01, 1.177e+05, 0.000e+00, 4.955e-04, 0.000e+00, 2.138e+00, 9.984e+02, 2.127e-07
2.235e+00, 5.000e-01, -9.250e-01, 1.176e+05, 0.000e+00, 4.852e-04, 0.000e+00, 2.136e+00, 9.984e+02, 2.083e-07
2.235e+00, 5.000e-01, -9.150e-01, 1.175e+05, 0.000e+00, 4.739e-04, 0.000e+00, 2.134e+00, 9.983e+02, 2.034e-07
2.235e+00, 5.000e-01, -9.050e-01, 1.174e+05, 0.000e+00, 4.632e-04, 0.000e+00, 2.132e+00, 9.983e+02, 1.989e-07
2.235e+00, 5.000e-01, -8.950e-01, 1.173e+05, 0.000e+00, 4.546e-04, 0.000e+00, 2.131e+00, 9.983e+02, 1.952e-07
2.235e+00, 5.000e-01, -8.850e-01, 1.172e+05, 0.000e+00, 4.470e-04, 0.000e+00, 2.129e+00, 9.983e+02, 1.919e-07
2.235e+00, 5.000e-01, -8.750e-01, 1.171e+05, 0.000e+00, 4.402e-04, 0.000e+00, 2.127e+00, 9.983e+02, 1.890e-07
2.235e+00, 5.000e-01, -8.650e-01, 1.170e+05, 0.000e+00, 4.363e-04, 0.000e+00, 2.125e+00, 9.983e+02, 1.873e-07
2.235e+00, 5.000e-01, -8.550e-01, 1.169e+05, 0.000e+00, 4.374e-04, 0.000e+00, 2.124e+00, 9.983e+02, 1.878e-07
2.235e+00, 5.000e-01, -8.450e-01, 1.168e+05, 0.000e+00, 4.449e-04, 0.000e+00, 2.122e+00, 9.983e+02, 1.910e-07
2.235e+00, 5.000e-01, -8.350e-01, 1.167e+05, 0.000e+00, 4.536e-04, 0.000e+00, 2.120e+00, 9.983e+02, 1.947e-07
2.235e+00, 5.000e-01, -8.250e-01, 1.166e+05, 0.000e+00, 4.396e-04, 0.000e+00, 2.118e+00, 9.983e+02, 1.887e-07
2.235e+00, 5.000e-01, -8.150e-01, 1.165e+05, 0.000e+00, 3.965e-04, 0.000e+00, 2.116e+00, 9.983e+02, 1.702e-07
2.235e+00, 5.000e-01, -8.050e-01, 1.164e+05, 0.000e+00, 3.763e-04, 0.000e+00, 2.115e+00, 9.983e+02, 1.615e-07
2.235e+00, 5.000e-01, -7.950e-01, 1.163e+05, 0.000e+00, 3.724e-04, 0.000e+00, 2.113e+00, 9.983e+02, 1.599e-07
2.235e+00, 5.000e-01, -7.850e-01, 1.162e+05, 0.000e+00, 3.698e-04, 0.000e+00, 2.111e+00, 9.983e+02, 1.587e-07
2.235e+00, 5.000e-01, -7.750e-01, 1.161e+05, 0.000e+00, 3.633e-04, 0.000e+00, 2.109e+00, 9.983e+02, 1.559e-07
2.235e+00, 5.000e-01, -7.650e-01, 1.160e+05, 0.000e+00, 3.562e-04, 0.000e+00, 2.107e+00, 9.983e+02, 1.529e-07
2.235e+00, 5.000e-01, -7.550e-01, 1.159e+05, 0.000e+00, 3.504e-04, 0.000e+00, 2.106e+00, 9.983e+02, 1.504e-07
2.235e+00, 5.000e-01, -7.450e-01, 1.158e+05, 0.000e+00, 3.599e-04, 0.000e+00, 2.104e+00, 9.983e+02, 1.545e-07
2.235e+00, 5.000e-01, -7.350e-01, 1.157e+05, 6.724e-07, 5.010e-04, 0.000e+00, 2.102e+00, 9.984e+02, 2.151e-07
2.235e+00, 5.000e-01, -7.250e-01, 1.156e+05, 4.700e-01, 1.895e-03, 0.000e+00, 2.100e+00, 9.986e+02, 8.557e-07
2.235e+00, 5.000e-01, -7.150e-01, 1.156e+05, 8.683e-01, 1.895e-03, 0.000e+00, 2.100e+00, 9.986e+02, 8.914e-07
2.235e+00, 5.000e-01, -7.050e-01, 1.169e+05, 1.449e-06, 4.909e-04, 0.000e+00, 2.124e+00, 9.984e+02, 2.141e-07
2.235e+00, 5.000e-01, -6.950e-01, 1.168e+05, 0.000e+00, 3.413e-04, 0.000e+00, 2.122e+00, 9.983e+02, 1.499e-07
2.235e+00, 5.000e-01, -6.850e-01, 1.167e+05, 0.000e+00, 2.261e-04, 0.000e+00, 2.120e+00, 9.983e+02, 9.931e-08
2.235e+00, 5.000e-01, -6.750e-01, 1.166e+05, 0.000e+00, 1.411e-04, 0.000e+00, 2.119e+00, 9.983e+02, 6.196e-08
2.235e+00, 5.000e-01, -6.650e-01, 1.165e+05, 0.000e+00, 8.285e-05, 0.000e+00, 2.117e+00, 9.983e+02, 3.639e-08
2.235e+00, 5.000e-01, -6.550e-01, 1.164e+05, 0.000e+00, 4.683e-05, 0.000e+00, 2.115e+00, 9.983e+02, 2.057e-08
2.235e+00, 5.000e-01, -6.450e-01, 1.163e+05, 0.000e+00, 2.852e-05, 0.000e+00, 2.113e+00, 9.983e+02, 1.253e-08
2.235e+00, 5.000e-01, -6.350e-01, 1.162e+05, 0.000e+00, 2.528e-05, 0.000e+00, 2.111e+00, 9.983e+02, 1.110e-08
2.235e+00, 5.000e-01, -6.250e-01, 1.161e+05, 0.000e+00, 3.747e-05, 0.000e+00, 2.110e+00, 9.983e+02, 1.646e-08
2.235e+00, 5.000e-01, -6.150e-01, 1.160e+05, 0.000e+00, 6.829e-05, 0.000e+00, 2.108e+00, 9.983e+02, 3.000e-08
2.235e+00, 5.000e-01, -6.050e-01, 1.159e+05, 0.000e+00, 1.236e-04, 0.000e+00, 2.106e+00, 9.983e+02, 5.429e-08
2.235e+00, 5.000e-01, -5.950e-01, 1.158e+05, 0.000e+00, 2.159e-04, 0.000e+00, 2.104e+00, 9.983e+02, 9.484e-08
2.235e+00, 5.000e-01, -5.850e-01, 1.143e+05, 0.000e+00, 3.656e-04, 0.000e+00, 2.075e+00, 9.983e+02, 1.634e-07
2.235e+00, 5.000e-01, -5.750e-01, 1.142e+05, 0.000e+00, 4.497e-04, 0.000e+00, 2.074e+00, 9.983e+02, 2.020e-07
2.235e+00, 5.000e-01, -5.650e-01, 1.141e+05, 0.000e+00, 4.927e-04, 0.000e+00, 2.072e+00, 9.984e+02, 2.214e-07
2.235e+00, 5.000e-01, -5.550e-01, 1.140e+05, 0.000e+00, 4.916e-04, 0.000e+00, 2.070e+00, 9.984e+02, 2.208e-07
2.235e+00, 5.000e-01, -5.450e-01, 1.139e+05, 0.000e+00, 4.713e-04, 0.000e+00, 2.068e+00, 9.983e+02, 2.117e-07
2.235e+00, 5.000e-01, -5.350e-01, 1.138e+05, 0.000e+00, 4.556e-04, 0.000e+00, 2.067e+00, 9.983e+02, 2.047e-07
2.235e+00, 5.000e-01, -5.250e-01, 1.137e+05, 0.000e+00, 4.519e-04, 0.000e+00, 2.065e+00, 9.983e+02, 2.030e-07
2.235e+00, 5.000e-01, -5.150e-01, 1.136e+05, 0.000e+00, 4.539e-04, 0.000e+00, 2.063e+00, 9.983e+02, 2.039e-07
2.235e+00, 5.000e-01, -5.050e-01, 1.135e+05, 0.000e+00, 4.594e-04, 0.000e+00, 2.061e+00, 9.983e+02, 2.064e-07
2.235e+00, 5.000e-01, -4.950e-01, 1.134e+05, 0.000e+00, 4.744e-04, 0.000e+00, 2.059e+00, 9.983e+02, 2.131e-07
2.235e+00, 5.000e-01, -4.850e-01, 1.133e+05, 0.000e+00, 4.994e-04, 0.000e+00, 2.057e+00, 9.984e+02, 2.147e-07
2.235e+00, 5.000e-01, -4.750e-01, 1.132e+05, 0.000e+00, 5.217e-04, 0.000e+00, 2.056e+00, 9.984e+02, 2.240e-07
2.235e+00, 5.000e-01, -4.650e-01, 1.131e+05, 0.000e+00, 5.408e-04, 0.000e+00, 2.054e+00, 9.984e+02, 2.322e-07
2.235e+00, 5.000e-01, -4.550e-01, 1.130e+05, 0.000e+00, 5.565e-04, 0.000e+00, 2.052e+00, 9.984e+02, 2.389e-07
2.235e+00, 5.000e-01, -4.450e-01, 1.129e+05, 0.000e+00, 5.683e-04, 0.000e+00, 2.050e+00, 9.984e+02, 2.440e-07
2.235e+00, 5.000e-01, -4.350e-01, 1.128e+05, 0.000e+00, 5.757e-04, 0.000e+00, 2.049e+00, 9.984e+02, 2.545e-07
2.235e+00, 5.000e-01, -4.250e-01, 1.127e+05, 0.000e+00, 5.783e-04, 0.000e+00, 2.047e+00, 9.984e+02, 2.483e-07
2.235e+00, 5.000e-01, -4.150e-01, 1.126e+05, 0.000e+00, 5.731e-04, 0.000e+00, 2.045e+00, 9.984e+02, 2.460e-07
2.235e+00, 5.000e-01, -4.050e-01, 1.125e+05, 0.000e+00, 5.595e-04, 0.000e+00, 2.043e+00, 9.984e+02, 2.402e-07
2.235e+00, 5.000e-01, -3.950e-01, 1.124e+05, 0.000e+00, 5.359e-04, 0.000e+00, 2.041e+00, 9.984e+02, 2.301e-07
2.235e+00, 5.000e-01, -3.850e-01, 1.123e+05, 0.000e+00, 5.001e-04, 0.000e+00, 2.039e+00, 9.984e+02, 2.147e-07
2.235e+00, 5.000e-01, -3.750e-01, 1.122e+05, 0.000e+00, 4.624e-04, 0.000e+00, 2.038e+00, 9.983e+02, 1.985e-07
2.235e+00, 5.000e-01, -3.650e-01, 1.121e+05, 0.000e+00, 4.438e-04, 0.000e+00, 2.036e+00, 9.983e+02, 1.920e-07
2.235e+00, 5.000e-01, -3.550e-01, 1.120e+05, 0.000e+00, 4.365e-04, 0.000e+00, 2.034e+00, 9.983e+02, 1.961e-07
2.235e+00, 5.000e-01, -3.450e-01, 1.119e+05, 0.000e+00, 4.343e-04, 0.000e+00, 2.033e+00, 9.983e+02, 1.951e-07
2.235e+00, 5.000e-01, -3.350e-01, 1.118e+05, 0.000e+00, 4.343e-04, 0.000e+00, 2.031e+00, 9.983e+02, 1.951e-07
2.235e+00, 5.000e-01, -3.250e-01, 1.117e+05, 0.000e+00, 4.340e-04, 0.000e+00, 2.029e+00, 9.983e+02, 1.950e-07
2.235e+00, 5.000e-01, -3.150e-01, 1.116e+05, 0.000e+00, 4.325e-04, 0.000e+00, 2.027e+00, 9.983e+02, 1.943e-07
2.235e+00, 5.000e-01, -3.050e-01, 1.115e+05, 0.000e+00, 4.296e-04, 0.000e+00, 2.025e+00, 9.983e+02, 1.930e-07
2.235e+00, 5.000e-01, -2.950e-01, 1.114e+05, 0.000e+00, 4.254e-04, 0.000e+00, 2.024e+00, 9.983e+02, 1.911e-07
2.235e+00, 5.000e-01, -2.850e-01, 1.113e+05, 0.000e+00, 4.233e-04, 0.000e+00, 2.022e+00, 9.983e+02, 1.902e-07
2.235e+00, 5.000e-01, -2.750e-01, 1.113e+05, 0.000e+00, 4.360e-04, 0.000e+00, 2.021e+00, 9.983e+02, 1.934e-07
2.235e+00, 5.000e-01, -2.650e-01, 1.112e+05, 0.000e+00, 4.566e-04, 0.000e+00, 2.020e+00, 9.983e+02, 2.006e-07
2.235e+00, 5.000e-01, -2.550e-01, 1.111e+05, 0.000e+00, 4.720e-04, 0.000e+00, 2.018e+00, 9.983e+02, 2.073e-07
2.235e+00, 5.000e-01, -2.450e-01, 1.110e+05, 0.000e+00, 4.483e-04, 0.000e+00, 2.016e+00, 9.983e+02, 1.969e-07
2.235e+00, 5.000e-01, -2.350e-01, 1.109e+05, 0.000e+00, 3.913e-04, 0.000e+00, 2.014e+00, 9.983e+02, 1.719e-07
2.235e+00, 5.000e-01, -2.250e-01, 1.108e+05, 0.000e+00, 3.257e-04, 0.000e+00, 2.012e+00, 9.983e+02, 1.431e-07
2.235e+00, 5.000e-01, -2.150e-01, 1.107e+05, 0.000e+00, 2.640e-04, 0.000e+00, 2.011e+00, 9.983e+02, 1.160e-07
2.235e+00, 5.000e-01, -2.050e-01, 1.106e+05, 0.000e+00, 2.185e-04, 0.000e+00, 2.009e+00, 9.983e+02, 9.597e-08
2.235e+00, 5.000e-01, -1.950e-01, 1.105e+05, 0.000e+00, 2.038e-04, 0.000e+00, 2.007e+00, 9.983e+02, 8.921e-08
2.235e+00, 5.000e-01, -1.850e-01, 1.106e+05, 0.000e+00, 2.279e-04, 0.000e+00, 2.009e+00, 9.983e+02, 9.784e-08
2.235e+00, 5.000e-01, -1.750e-01, 1.105e+05, 0.000e+00, 2.259e-04, 0.000e+00, 2.007e+00, 9.983e+02, 9.699e-08
2.235e+00, 5.000e-01, -1.650e-01, 1.104e+05, 0.000e+00, 2.194e-04, 0.000e+00, 2.005e+00, 9.983e+02, 9.419e-08
2.235e+00, 5.000e-01, -1.550e-01, 1.103e+05, 0.000e+00, 2.253e-04, 0.000e+00, 2.004e+00, 9.983e+02, 9.671e-08
2.235e+00, 5.000e-01, -1.450e-01, 1.102e+05, 0.000e+00, 2.496e-04, 0.000e+00, 2.002e+00, 9.983e+02, 1.071e-07
2.235e+00, 5.000e-01, -1.350e-01, 1.101e+05, 0.000e+00, 2.733e-04, 0.000e+00, 2.000e+00, 9.983e+02, 1.173e-07
2.235e+00, 5.000e-01, -1.250e-01, 1.100e+05, 0.000e+00, 2.555e-04, 0.000e+00, 1.998e+00, 9.983e+02, 1.097e-07
2.235e+00, 5.000e-01, -1.150e-01, 1.111e+05, 0.000e+00, 1.928e-04, 0.000e+00, 2.018e+00, 9.983e+02, 8.457e-08
2.235e+00, 5.000e-01, -1.050e-01, 1.110e+05, 0.000e+00, 1.216e-04, 0.000e+00, 2.017e+00, 9.983e+02, 5.339e-08
2.235e+00, 5.000e-01, -9.500e-02, 1.109e+05, 0.000e+00, 6.790e-05, 0.000e+00, 2.015e+00, 9.983e+02, 2.982e-08
2.235e+00, 5.000e-01, -8.500e-02, 1.108e+05, 0.000e+00, 3.508e-05, 0.000e+00, 2.013e+00, 9.983e+02, 1.541e-08
2.235e+00, 5.000e-01, -7.500e-02, 1.107e+05, 0.000e+00, 1.728e-05, 0.000e+00, 2.011e+00, 9.983e+02, 7.591e-09
2.235e+00, 5.000e-01, -6.500e-02, 1.106e+05, 0.000e+00, 8.253e-06, 0.000e+00, 2.009e+00, 9.983e+02, 3.625e-09
2.235e+00, 5.000e-01, -5.500e-02, 1.105e+05, 0.000e+00, 3.841e-06, 0.000e+00, 2.008e+00, 9.983e+02, 1.687e-09
2.235e+00, 5.000e-01, -4.500e-02, 1.104e+05, 0.000e+00, 1.738e-06, 0.000e+00, 2.006e+00, 9.983e+02, 7.632e-10
2.235e+00, 5.000e-01, -3.500e-02, 1.103e+05, 0.000e+00, 7.608e-07, 0.000e+00, 2.004e+00, 9.983e+02, 3.342e-10
2.235e+00, 5.000e-01, -2.500e-02, 1.102e+05, 0.000e+00, 3.221e-07, 0.000e+00, 2.002e+00, 9.983e+02, 1.415e-10
2.235e+00, 5.000e-01, -1.500e-02, 1.101e+05, 0.000e+00, 1.334e-07, 0.000e+00, 2.000e+00, 9.983e+02, 5.859e-11
2.235e+00, 5.000e-01, -5.000e-03, 1.100e+05, 0.000e+00, 5.686e-08, 0.000e+00, 1.999e+00, 9.983e+02, 2.497e-11
2.245e+00, 5.000e-01, -1.195e+00, 1.202e+05, 0.000e+00, 1.002e-13, 0.000e+00, 2.184e+00, 9.983e+02, 2.000e-17
2.245e+00, 5.000e-01, -1.185e+00, 1.201e+05, 0.000e+00, 1.002e-13, 0.000e+00, 2.182e+00, 9.983e+02, 2.000e-17
2.245e+00, 5.000e-01, -1.175e+00, 1.200e+05, 0.000e+00, 1.002e-13, 0.000e+00, 2.181e+00, 9.983e+02, 2.000e-17
2.245e+00, 5.000e-01, -1.165e+00, 1.199e+05, 0.000e+00, 1.002e-13, 0.000e+00, 2.179e+00, 9.983e+02, 2.000e-17
2.245e+00, 5.000e-01, -1.155e+00, 1.198e+05, 0.000e+00, 1.002e-13, 0.000e+00, 2.177e+00, 9.983e+02, 2.000e-17
2.245e+00, 5.000e-01, -1.145e+00, 1.197e+05, 0.000e+00, 1.002e-13, 0.000e+00, 2.175e+00, 9.983e+02, 2.000e-17
2.245e+00, 5.000e-01, -1.135e+00, 1.196e+05, 0.000e+00, 1.002e-13, 0.000e+00, 2.173e+00, 9.983e+02, 2.000e-17
2.245e+00, 5.000e-01, -1.125e+00, 1.195e+05, 0.000e+00, 1.002e-13, 0.000e+00, 2.172e+00, 9.983e+02, 2.000e-17
2.245e+00, 5.000e-01, -1.115e+00, 1.194e+05, 0.000e+00, 1.002e-13, 0.000e+00, 2.170e+00, 9.983e+02, 2.000e-17
2.245e+00, 5.000e-01, -1.105e+00, 1.193e+05, 0.000e+00, 1.002e-13, 0.000e+00, 2.168e+00, 9.983e+02, 2.000e-17
2.245e+00, 5.000e-01, -1.095e+00, 1.192e+05, 0.000e+00, 1.315e-09, 0.000e+00, 2.166e+00, 9.983e+02, 4.904e-13
2.245e+00, 5.000e-01, -1.085e+00, 1.191e+05, 0.000e+00, 4.592e-04, 0.000e+00, 2.165e+00, 9.983e+02, 1.732e-07
2.245e+00, 5.000e-01, -1.075e+00, 1.190e+05, 0.000e+00, 4.976e-04, 0.000e+00, 2.163e+00, 9.984e+02, 2.136e-07
2.245e+00, 5.000e-01, -1.065e+00, 1.189e+05, 0.000e+00, 5.129e-04, 0.000e+00, 2.161e+00, 9.984e+02, 2.202e-07
2.245e+00, 5.000e-01, -1.055e+00, 1.188e+05, 0.000e+00, 5.126e-04, 0.000e+00, 2.159e+00, 9.984e+02, 2.200e-07
2.245e+00, 5.000e-01, -1.045e+00, 1.187e+05, 0.000e+00, 5.061e-04, 0.000e+00, 2.158e+00, 9.984e+02, 2.173e-07
2.245e+00, 5.000e-01, -1.035e+00, 1.186e+05, 0.000e+00, 4.981e-04, 0.000e+00, 2.156e+00, 9.984e+02, 2.138e-07
2.245e+00, 5.000e-01, -1.025e+00, 1.185e+05, 0.000e+00, 4.900e-04, 0.000e+00, 2.154e+00, 9.984e+02, 2.104e-07
2.245e+00, 5.000e-01, -1.015e+00, 1.185e+05, 0.000e+00, 4.824e-04, 0.000e+00, 2.152e+00, 9.984e+02, 2.071e-07
2.245e+00, 5.000e-01, -1.005e+00, 1.184e+05, 0.000e+00, 4.759e-04, 0.000e+00, 2.150e+00, 9.983e+02, 2.043e-07
2.245e+00, 5.000e-01, -9.950e-01, 1.183e+05, 0.000e+00, 4.724e-04, 0.000e+00, 2.149e+00, 9.983e+02, 2.028e-07
2.245e+00, 5.000e-01, -9.850e-01, 1.182e+05, 0.000e+00, 4.757e-04, 0.000e+00, 2.147e+00, 9.983e+02, 2.042e-07
2.245e+00, 5.000e-01, -9.750e-01, 1.181e+05, 0.000e+00, 4.847e-04, 0.000e+00, 2.145e+00, 9.984e+02, 2.081e-07
2.245e+00, 5.000e-01, -9.650e-01, 1.180e+05, 0.000e+00, 4.923e-04, 0.000e+00, 2.143e+00, 9.984e+02, 2.113e-07
2.245e+00, 5.000e-01, -9.550e-01, 1.179e+05, 0.000e+00, 4.939e-04, 0.000e+00, 2.141e+00, 9.984e+02, 2.120e-07
2.245e+00, 5.000e-01, -9.450e-01, 1.178e+05, 0.000e+00, 4.900e-04, 0.000e+00, 2.140e+00, 9.984e+02, 2.104e-07
2.245e+00, 5.000e-01, -9.350e-01, 1.177e+05, 0.000e+00, 4.830e-04, 0.000e+00, 2.138e+00, 9.984e+02, 2.073e-07
2.245e+00, 5.000e-01, -9.250e-01, 1.176e+05, 0.000e+00, 4.743e-04, 0.000e+00, 2.136e+00, 9.983e+02, 2.036e-07
2.245e+00, 5.000e-01, -9.150e-01, 1.175e+05, 0.000e+00, 4.648e-04, 0.000e+00, 2.134e+00, 9.983e+02, 1.995e-07
2.245e+00, 5.000e-01, -9.050e-01, 1.174e+05, 0.000e+00, 4.569e-04, 0.000e+00, 2.132e+00, 9.983e+02, 1.962e-07
2.245e+00, 5.000e-01, -8.950e-01, 1.173e+05, 0.000e+00, 4.522e-04, 0.000e+00, 2.131e+00, 9.983e+02, 1.941e-07
2.245e+00, 5.000e-01, -8.850e-01, 1.172e+05, 0.000e+00, 4.482e-04, 0.000e+00, 2.129e+00, 9.983e+02, 1.924e-07
2.245e+00, 5.000e-01, -8.750e-01, 1.171e+05, 0.000e+00, 4.455e-04, 0.000e+00, 2.127e+00, 9.983e+02, 1.912e-07
2.245e+00, 5.000e-01, -8.650e-01, 1.170e+05, 0.000e+00, 4.466e-04, 0.000e+00, 2.125e+00, 9.983e+02, 1.917e-07
2.245e+00, 5.000e-01, -8.550e-01, 1.169e+05, 0.000e+00, 4.506e-04, 0.000e+00, 2.124e+00, 9.983e+02, 1.934e-07
2.245e+00, 5.000e-01, -8.450e-01, 1.168e+05, 0.000e+00, 4.529e-04, 0.000e+00, 2.122e+00, 9.983e+02, 1.944e-07
2.245e+00, 5.000e-01, -8.350e-01, 1.167e+05, 0.000e+00, 4.411e-04, 0.000e+00, 2.120e+00, 9.983e+02, 1.893e-07
2.245e+00, 5.000e-01, -8.250e-01, 1.166e+05, 0.000e+00, 4.074e-04, 0.000e+00, 2.118e+00, 9.983e+02, 1.749e-07
2.245e+00, 5.000e-01, -8.150e-01, 1.165e+05, 0.000e+00, 3.793e-04, 0.000e+00, 2.116e+00, 9.983e+02, 1.628e-07
2.245e+00, 5.000e-01, -8.050e-01, 1.164e+05, 0.000e+00, 3.791e-04, 0.000e+00, 2.115e+00, 9.983e+02, 1.627e-07
2.245e+00, 5.000e-01, -7.950e-01, 1.163e+05, 0.000e+00, 3.823e-04, 0.000e+00, 2.113e+00, 9.983e+02, 1.641e-07
2.245e+00, 5.000e-01, -7.850e-01, 1.162e+05, 0.000e+00, 3.735e-04, 0.000e+00, 2.111e+00, 9.983e+02, 1.604e-07
2.245e+00, 5.000e-01, -7.750e-01, 1.161e+05, 0.000e+00, 3.508e-04, 0.000e+00, 2.109e+00, 9.983e+02, 1.506e-07
2.245e+00, 5.000e-01, -7.650e-01, 1.160e+05, 0.000e+00, 3.176e-04, 0.000e+00, 2.107e+00, 9.983e+02, 1.364e-07
2.245e+00, 5.000e-01, -7.550e-01, 1.159e+05, 0.000e+00, 2.799e-04, 0.000e+00, 2.106e+00, 9.983e+02, 1.201e-07
2.245e+00, 5.000e-01, -7.450e-01, 1.158e+05, 0.000e+00, 2.706e-04, 0.000e+00, 2.104e+00, 9.983e+02, 1.162e-07
2.245e+00, 5.000e-01, -7.350e-01, 1.157e+05, 6.720e-07, 4.554e-04, 0.000e+00, 2.102e+00, 9.983e+02, 1.955e-07
2.245e+00, 5.000e-01, -7.250e-01, 1.156e+05, 4.698e-01, 1.895e-03, 0.000e+00, 2.100e+00, 9.986e+02, 8.557e-07
2.245e+00, 5.000e-01, -7.150e-01, 1.156e+05, 8.683e-01, 1.895e-03, 0.000e+00, 2.100e+00, 9.986e+02, 8.914e-07
2.245e+00, 5.000e-01, -7.050e-01, 1.169e+05, 1.449e-06, 4.845e-04, 0.000e+00, 2.124e+00, 9.984e+02, 2.117e-07
2.245e+00, 5.000e-01, -6.950e-01, 1.168e+05, 0.000e+00, 3.325e-04, 0.000e+00, 2.122e+00, 9.983e+02, 1.461e-07
2.245e+00, 5.000e-01, -6.850e-01, 1.167e+05, 0.000e+00, 2.166e-04, 0.000e+00, 2.120e+00, 9.983e+02, 9.516e-08
2.245e+00, 5.000e-01, -6.750e-01, 1.166e+05, 0.000e+00, 1.331e-04, 0.000e+00, 2.119e+00, 9.983e+02, 5.846e-08
2.245e+00, 5.000e-01, -6.650e-01, 1.165e+05, 0.000e+00, 7.734e-05, 0.000e+00, 2.117e+00, 9.983e+02, 3.397e-08
2.245e+00, 5.000e-01, -6.550e-01, 1.164e+05, 0.000e+00, 4.420e-05, 0.000e+00, 2.115e+00, 9.983e+02, 1.941e-08
2.245e+00, 5.000e-01, -6.450e-01, 1.163e+05, 0.000e+00, 2.931e-05, 0.000e+00, 2.113e+00, 9.983e+02, 1.288e-08
2.245e+00, 5.000e-01, -6.350e-01, 1.162e+05, 0.000e+00, 3.086e-05, 0.000e+00, 2.111e+00, 9.983e+02, 1.355e-08
2.245e+00, 5.000e-01, -6.250e-01, 1.161e+05, 0.000e+00, 4.987e-05, 0.000e+00, 2.110e+00, 9.983e+02, 2.191e-08
2.245e+00, 5.000e-01, -6.150e-01, 1.160e+05, 0.000e+00, 8.864e-05, 0.000e+00, 2.108e+00, 9.983e+02, 3.894e-08
2.245e+00, 5.000e-01, -6.050e-01, 1.159e+05, 0.000e+00, 1.488e-04, 0.000e+00, 2.106e+00, 9.983e+02, 6.535e-08
2.245e+00, 5.000e-01, -5.950e-01, 1.158e+05, 0.000e+00, 2.375e-04, 0.000e+00, 2.104e+00, 9.983e+02, 1.043e-07
2.245e+00, 5.000e-01, -5.850e-01, 1.143e+05, 0.000e+00, 3.744e-04, 0.000e+00, 2.075e+00, 9.983e+02, 1.680e-07
2.245e+00, 5.000e-01, -5.750e-01, 1.142e+05, 0.000e+00, 4.445e-04, 0.000e+00, 2.074e+00, 9.983e+02, 1.997e-07
2.245e+00, 5.000e-01, -5.650e-01, 1.141e+05, 0.000e+00, 4.778e-04, 0.000e+00, 2.072e+00, 9.983e+02, 2.147e-07
2.245e+00, 5.000e-01, -5.550e-01, 1.140e+05, 0.000e+00, 4.735e-04, 0.000e+00, 2.070e+00, 9.983e+02, 2.127e-07
2.245e+00, 5.000e-01, -5.450e-01, 1.139e+05, 0.000e+00, 4.547e-04, 0.000e+00, 2.068e+00, 9.983e+02, 2.043e-07
2.245e+00, 5.000e-01, -5.350e-01, 1.138e+05, 0.000e+00, 4.415e-04, 0.000e+00, 2.067e+00, 9.983e+02, 1.984e-07
2.245e+00, 5.000e-01, -5.250e-01, 1.137e+05, 0.000e+00, 4.380e-04, 0.000e+00, 2.065e+00, 9.983e+02, 1.968e-07
2.245e+00, 5.000e-01, -5.150e-01, 1.136e+05, 0.000e+00, 4.403e-04, 0.000e+00, 2.063e+00, 9.983e+02, 1.978e-07
2.245e+00, 5.000e-01, -5.050e-01, 1.135e+05, 0.000e+00, 4.519e-04, 0.000e+00, 2.061e+00, 9.983e+02, 2.030e-07
2.245e+00, 5.000e-01, -4.950e-01, 1.134e+05, 0.000e+00, 4.794e-04, 0.000e+00, 2.059e+00, 9.983e+02, 2.146e-07
2.245e+00, 5.000e-01, -4.850e-01, 1.133e+05, 0.000e+00, 5.110e-04, 0.000e+00, 2.057e+00, 9.984e+02, 2.194e-07
2.245e+00, 5.000e-01, -4.750e-01, 1.132e+05, 0.000e+00, 5.340e-04, 0.000e+00, 2.056e+00, 9.984e+02, 2.292e-07
2.245e+00, 5.000e-01, -4.650e-01, 1.131e+05, 0.000e+00, 5.495e-04, 0.000e+00, 2.054e+00, 9.984e+02, 2.359e-07
2.245e+00, 5.000e-01, -4.550e-01, 1.130e+05, 0.000e+00, 5.595e-04, 0.000e+00, 2.052e+00, 9.984e+02, 2.402e-07
2.245e+00, 5.000e-01, -4.450e-01, 1.129e+05, 0.000e+00, 5.647e-04, 0.000e+00, 2.050e+00, 9.984e+02, 2.424e-07
2.245e+00, 5.000e-01, -4.350e-01, 1.128e+05, 0.000e+00, 5.646e-04, 0.000e+00, 2.049e+00, 9.984e+02, 2.509e-07
2.245e+00, 5.000e-01, -4.250e-01, 1.127e+05, 0.000e+00, 5.620e-04, 0.000e+00, 2.047e+00, 9.984e+02, 2.413e-07
2.245e+00, 5.000e-01, -4.150e-01, 1.126e+05, 0.000e+00, 5.504e-04, 0.000e+00, 2.045e+00, 9.984e+02, 2.363e-07
2.245e+00, 5.000e-01, -4.050e-01, 1.125e+05, 0.000e+00, 5.306e-04, 0.000e+00, 2.043e+00, 9.984e+02, 2.278e-07
2.245e+00, 5.000e-01, -3.950e-01, 1.124e+05, 0.000e+00, 5.014e-04, 0.000e+00, 2.041e+00, 9.984e+02, 2.153e-07
2.245e+00, 5.000e-01, -3.850e-01, 1.123e+05, 0.000e+00, 4.655e-04, 0.000e+00, 2.039e+00, 9.983e+02, 1.998e-07
2.245e+00, 5.000e-01, -3.750e-01, 1.122e+05, 0.000e+00, 4.470e-04, 0.000e+00, 2.038e+00, 9.983e+02, 1.919e-07
2.245e+00, 5.000e-01, -3.650e-01, 1.121e+05, 0.000e+00, 4.384e-04, 0.000e+00, 2.036e+00, 9.983e+02, 1.904e-07
2.245e+00, 5.000e-01, -3.550e-01, 1.120e+05, 0.000e+00, 4.350e-04, 0.000e+00, 2.034e+00, 9.983e+02, 1.954e-07
2.245e+00, 5.000e-01, -3.450e-01, 1.119e+05, 0.000e+00, 4.355e-04, 0.000e+00, 2.033e+00, 9.983e+02, 1.957e-07
2.245e+00, 5.000e-01, -3.350e-01, 1.118e+05, 0.000e+00, 4.361e-04, 0.000e+00, 2.031e+00, 9.983e+02, 1.959e-07
2.245e+00, 5.000e-01, -3.250e-01, 1.117e+05, 0.000e+00, 4.345e-04, 0.000e+00, 2.029e+00, 9.983e+02, 1.952e-07
2.245e+00, 5.000e-01, -3.150e-01, 1.116e+05, 0.000e+00, 4.306e-04, 0.000e+00, 2.027e+00, 9.983e+02, 1.934e-07
2.245e+00, 5.000e-01, -3.050e-01, 1.115e+05, 0.000e+00, 4.244e-04, 0.000e+00, 2.025e+00, 9.983e+02, 1.907e-07
2.245e+00, 5.000e-01, -2.950e-01, 1.114e+05, 0.000e+00, 4.167e-04, 0.000e+00, 2.024e+00, 9.983e+02, 1.872e-07
2.245e+00, 5.000e-01, -2.850e-01, 1.113e+05, 0.000e+00, 4.120e-04, 0.000e+00, 2.022e+00, 9.983e+02, 1.851e-07
2.245e+00, 5.000e-01, -2.750e-01, 1.113e+05, 0.000e+00, 4.297e-04, 0.000e+00, 2.021e+00, 9.983e+02, 1.902e-07
2.245e+00, 5.000e-01, -2.650e-01, 1.112e+05, 0.000e+00, 4.416e-04, 0.000e+00, 2.020e+00, 9.983e+02, 1.940e-07
2.245e+00, 5.000e-01, -2.550e-01, 1.111e+05, 0.000e+00, 4.385e-04, 0.000e+00, 2.018e+00, 9.983e+02, 1.926e-07
2.245e+00, 5.000e-01, -2.450e-01, 1.110e+05, 0.000e+00, 4.065e-04, 0.000e+00, 2.016e+00, 9.983e+02, 1.786e-07
2.245e+00, 5.000e-01, -2.350e-01, 1.109e+05, 0.000e+00, 3.527e-04, 0.000e+00, 2.014e+00, 9.983e+02, 1.549e-07
2.245e+00, 5.000e-01, -2.250e-01, 1.108e+05, 0.000e+00, 2.938e-04, 0.000e+00, 2.012e+00, 9.983e+02, 1.291e-07
2.245e+00, 5.000e-01, -2.150e-01, 1.107e+05, 0.000e+00, 2.388e-04, 0.000e+00, 2.011e+00, 9.983e+02, 1.049e-07
2.245e+00, 5.000e-01, -2.050e-01, 1.106e+05, 0.000e+00, 1.940e-04, 0.000e+00, 2.009e+00, 9.983e+02, 8.522e-08
2.245e+00, 5.000e-01, -1.950e-01, 1.105e+05, 0.000e+00, 1.729e-04, 0.000e+00, 2.007e+00, 9.983e+02, 7.558e-08
2.245e+00, 5.000e-01, -1.850e-01, 1.106e+05, 0.000e+00, 1.801e-04, 0.000e+00, 2.009e+00, 9.983e+02, 7.731e-08
2.245e+00, 5.000e-01, -1.750e-01, 1.105e+05, 0.000e+00, 1.778e-04, 0.000e+00, 2.007e+00, 9.983e+02, 7.633e-08
2.245e+00, 5.000e-01, -1.650e-01, 1.104e+05, 0.000e+00, 1.741e-04, 0.000e+00, 2.005e+00, 9.983e+02, 7.472e-08
2.245e+00, 5.000e-01, -1.550e-01, 1.103e+05, 0.000e+00, 1.839e-04, 0.000e+00, 2.004e+00, 9.983e+02, 7.893e-08
2.245e+00, 5.000e-01, -1.450e-01, 1.102e+05, 0.000e+00, 2.170e-04, 0.000e+00, 2.002e+00, 9.983e+02, 9.315e-08
2.245e+00, 5.000e-01, -1.350e-01, 1.101e+05, 0.000e+00, 2.558e-04, 0.000e+00, 2.000e+00, 9.983e+02, 1.098e-07
2.245e+00, 5.000e-01, -1.250e-01, 1.100e+05, 0.000e+00, 2.508e-04, 0.000e+00, 1.998e+00, 9.983e+02, 1.077e-07
2.245e+00, 5.000e-01, -1.150e-01, 1.111e+05, 0.000e+00, 1.942e-04, 0.000e+00, 2.018e+00, 9.983e+02, 8.528e-08
2.245e+00, 5.000e-01, -1.050e-01, 1.110e+05, 0.000e+00, 1.240e-04, 0.000e+00, 2.017e+00, 9.983e+02, 5.445e-08
2.245e+00, 5.000e-01, -9.500e-02, 1.109e+05, 0.000e+00, 6.950e-05, 0.000e+00, 2.015e+00, 9.983e+02, 3.053e-08
2.245e+00, 5.000e-01, -8.500e-02, 1.108e+05, 0.000e+00, 3.584e-05, 0.000e+00, 2.013e+00, 9.983e+02, 1.574e-08
2.245e+00, 5.000e-01, -7.500e-02, 1.107e+05, 0.000e+00, 1.756e-05, 0.000e+00, 2.011e+00, 9.983e+02, 7.712e-09
2.245e+00, 5.000e-01, -6.500e-02, 1.106e+05, 0.000e+00, 8.324e-06, 0.000e+00, 2.009e+00, 9.983e+02, 3.656e-09
2.245e+00, 5.000e-01, -5.500e-02, 1.105e+05, 0.000e+00, 3.843e-06, 0.000e+00, 2.008e+00, 9.983e+02, 1.688e-09
2.245e+00, 5.000e-01, -4.500e-02, 1.104e+05, 0.000e+00, 1.726e-06, 0.000e+00, 2.006e+00, 9.983e+02, 7.579e-10
2.245e+00, 5.000e-01, -3.500e-02, 1.103e+05, 0.000e+00, 7.504e-07, 0.000e+00, 2.004e+00, 9.983e+02, 3.296e-10
2.245e+00, 5.000e-01, -2.500e-02, 1.102e+05, 0.000e+00, 3.158e-07, 0.000e+00, 2.002e+00, 9.983e+02, 1.387e-10
2.245e+00, 5.000e-01, -1.500e-02, 1.101e+05, 0.000e+00, 1.302e-07, 0.000e+00, 2.000e+00, 9.983e+02, 5.719e-11
2.245e+00, 5.000e-01, -5.000e-03, 1.100e+05, 0.000e+00, 5.556e-08, 0.000e+00, 1.999e+00, 9.983e+02, 2.440e-11
2.255e+00, 5.000e-01, -1.195e+00, 1.202e+05, 0.000e+00, 1.002e-13, 0.000e+00, 2.184e+00, 9.983e+02, 2.000e-17
2.255e+00, 5.000e-01, -1.185e+00, 1.201e+05, 0.000e+00, 1.002e-13, 0.000e+00, 2.182e+00, 9.983e+02, 2.000e-17
2.255e+00, 5.000e-01, -1.175e+00, 1.200e+05, 0.000e+00, 1.002e-13, 0.000e+00, 2.181e+00, 9.983e+02, 2.000e-17
2.255e+00, 5.000e-01, -1.165e+00, 1.199e+05, 0.000e+00, 1.002e-13, 0.000e+00, 2.179e+00, 9.983e+02, 2.000e-17
2.255e+00, 5.000e-01, -1.155e+00, 1.198e+05, 0.000e+00, 1.002e-13, 0.000e+00, 2.177e+00, 9.983e+02, 2.000e-17
2.255e+00, 5.000e-01, -1.145e+00, 1.197e+05, 0.000e+00, 1.002e-13, 0.000e+00, 2.175e+00, 9.983e+02, 2.000e-17
2.255e+00, 5.000e-01, -1.135e+00, 1.196e+05, 0.000e+00, 1.002e-13, 0.000e+00, 2.173e+00, 9.983e+02, 2.000e-17
2.255e+00, 5.000e-01, -1.125e+00, 1.195e+05, 0.000e+00, 1.002e-13, 0.000e+00, 2.172e+00, 9.983e+02, 2.000e-17
2.255e+00, 5.000e-01, -1.115e+00, 1.194e+05, 0.000e+00, 1.002e-13, 0.000e+00, 2.170e+00, 9.983e+02, 2.000e-17
2.255e+00, 5.000e-01, -1.105e+00, 1.193e+05, 0.000e+00, 1.002e-13, 0.000e+00, 2.168e+00, 9.983e+02, 2.000e-17
2.255e+00, 5.000e-01, -1.095e+00, 1.192e+05, 0.000e+00, 1.343e-09, 0.000e+00, 2.166e+00, 9.983e+02, 5.442e-13
2.255e+00, 5.000e-01, -1.085e+00, 1.191e+05, 0.000e+00, 4.668e-04, 0.000e+00, 2.165e+00, 9.983e+02, 1.873e-07
2.255e+00, 5.000e-01, -1.075e+00, 1.190e+05, 0.000e+00, 4.961e-04, 0.000e+00, 2.163e+00, 9.984e+02, 2.130e-07
2.255e+00, 5.000e-01, -1.065e+00, 1.189e+05, 0.000e+00, 5.100e-04, 0.000e+00, 2.161e+00, 9.984e+02, 2.189e-07
2.255e+00, 5.000e-01, -1.055e+00, 1.188e+05, 0.000e+00, 5.099e-04, 0.000e+00, 2.159e+00, 9.984e+02, 2.189e-07
2.255e+00, 5.000e-01, -1.045e+00, 1.187e+05, 0.000e+00, 5.049e-04, 0.000e+00, 2.158e+00, 9.984e+02, 2.167e-07
2.255e+00, 5.000e-01, -1.035e+00, 1.186e+05, 0.000e+00, 4.991e-04, 0.000e+00, 2.156e+00, 9.984e+02, 2.143e-07
2.255e+00, 5.000e-01, -1.025e+00, 1.185e+05, 0.000e+00, 4.935e-04, 0.000e+00, 2.154e+00, 9.984e+02, 2.118e-07
2.255e+00, 5.000e-01, -1.015e+00, 1.185e+05, 0.000e+00, 4.881e-04, 0.000e+00, 2.152e+00, 9.984e+02, 2.095e-07
2.255e+00, 5.000e-01, -1.005e+00, 1.184e+05, 0.000e+00, 4.831e-04, 0.000e+00, 2.150e+00, 9.984e+02, 2.074e-07
2.255e+00, 5.000e-01, -9.950e-01, 1.183e+05, 0.000e+00, 4.787e-04, 0.000e+00, 2.149e+00, 9.984e+02, 2.055e-07
2.255e+00, 5.000e-01, -9.850e-01, 1.182e+05, 0.000e+00, 4.776e-04, 0.000e+00, 2.147e+00, 9.984e+02, 2.050e-07
2.255e+00, 5.000e-01, -9.750e-01, 1.181e+05, 0.000e+00, 4.809e-04, 0.000e+00, 2.145e+00, 9.984e+02, 2.064e-07
2.255e+00, 5.000e-01, -9.650e-01, 1.180e+05, 0.000e+00, 4.848e-04, 0.000e+00, 2.143e+00, 9.984e+02, 2.081e-07
2.255e+00, 5.000e-01, -9.550e-01, 1.179e+05, 0.000e+00, 4.856e-04, 0.000e+00, 2.141e+00, 9.984e+02, 2.084e-07
2.255e+00, 5.000e-01, -9.450e-01, 1.178e+05, 0.000e+00, 4.831e-04, 0.000e+00, 2.140e+00, 9.984e+02, 2.074e-07
2.255e+00, 5.000e-01, -9.350e-01, 1.177e+05, 0.000e+00, 4.793e-04, 0.000e+00, 2.138e+00, 9.984e+02, 2.058e-07
2.255e+00, 5.000e-01, -9.250e-01, 1.176e+05, 0.000e+00, 4.746e-04, 0.000e+00, 2.136e+00, 9.983e+02, 2.038e-07
2.255e+00, 5.000e-01, -9.150e-01, 1.175e+05, 0.000e+00, 4.695e-04, 0.000e+00, 2.134e+00, 9.983e+02, 2.016e-07
2.255e+00, 5.000e-01, -9.050e-01, 1.174e+05, 0.000e+00, 4.658e-04, 0.000e+00, 2.132e+00, 9.983e+02, 2.000e-07
2.255e+00, 5.000e-01, -8.950e-01, 1.173e+05, 0.000e+00, 4.637e-04, 0.000e+00, 2.131e+00, 9.983e+02, 1.991e-07
2.255e+00, 5.000e-01, -8.850e-01, 1.172e+05, 0.000e+00, 4.612e-04, 0.000e+00, 2.129e+00, 9.983e+02, 1.980e-07
2.255e+00, 5.000e-01, -8.750e-01, 1.171e+05, 0.000e+00, 4.592e-04, 0.000e+00, 2.127e+00, 9.983e+02, 1.971e-07
2.255e+00, 5.000e-01, -8.650e-01, 1.170e+05, 0.000e+00, 4.581e-04, 0.000e+00, 2.125e+00, 9.983e+02, 1.966e-07
2.255e+00, 5.000e-01, -8.550e-01, 1.169e+05, 0.000e+00, 4.546e-04, 0.000e+00, 2.124e+00, 9.983e+02, 1.952e-07
2.255e+00, 5.000e-01, -8.450e-01, 1.168e+05, 0.000e+00, 4.420e-04, 0.000e+00, 2.122e+00, 9.983e+02, 1.897e-07
2.255e+00, 5.000e-01, -8.350e-01, 1.167e+05, 0.000e+00, 4.115e-04, 0.000e+00, 2.120e+00, 9.983e+02, 1.767e-07
2.255e+00, 5.000e-01, -8.250e-01, 1.166e+05, 0.000e+00, 3.849e-04, 0.000e+00, 2.118e+00, 9.983e+02, 1.652e-07
2.255e+00, 5.000e-01, -8.150e-01, 1.165e+05, 0.000e+00, 3.837e-04, 0.000e+00, 2.116e+00, 9.983e+02, 1.647e-07
2.255e+00, 5.000e-01, -8.050e-01, 1.164e+05, 0.000e+00, 3.933e-04, 0.000e+00, 2.115e+00, 9.983e+02, 1.688e-07
2.255e+00, 5.000e-01, -7.950e-01, 1.163e+05, 0.000e+00, 3.892e-04, 0.000e+00, 2.113e+00, 9.983e+02, 1.671e-07
2.255e+00, 5.000e-01, -7.850e-01, 1.162e+05, 0.000e+00, 3.623e-04, 0.000e+00, 2.111e+00, 9.983e+02, 1.555e-07
2.255e+00, 5.000e-01, -7.750e-01, 1.161e+05, 0.000e+00, 3.171e-04, 0.000e+00, 2.109e+00, 9.983e+02, 1.361e-07
2.255e+00, 5.000e-01, -7.650e-01, 1.160e+05, 0.000e+00, 2.622e-04, 0.000e+00, 2.107e+00, 9.983e+02, 1.125e-07
2.255e+00, 5.000e-01, -7.550e-01, 1.159e+05, 0.000e+00, 2.107e-04, 0.000e+00, 2.106e+00, 9.983e+02, 9.047e-08
2.255e+00, 5.000e-01, -7.450e-01, 1.158e+05, 0.000e+00, 2.101e-04, 0.000e+00, 2.104e+00, 9.983e+02, 9.019e-08
2.255e+00, 5.000e-01, -7.350e-01, 1.157e+05, 6.717e-07, 4.241e-04, 0.000e+00, 2.102e+00, 9.983e+02, 1.821e-07
2.255e+00, 5.000e-01, -7.250e-01, 1.156e+05, 4.695e-01, 1.895e-03, 0.000e+00, 2.100e+00, 9.986e+02, 8.556e-07
2.255e+00, 5.000e-01, -7.150e-01, 1.156e+05, 8.683e-01, 1.895e-03, 0.000e+00, 2.100e+00, 9.986e+02, 8.914e-07
2.255e+00, 5.000e-01, -7.050e-01, 1.169e+05, 1.449e-06, 4.745e-04, 0.000e+00, 2.124e+00, 9.983e+02, 2.078e-07
2.255e+00, 5.000e-01, -6.950e-01, 1.168e+05, 0.000e+00, 3.212e-04, 0.000e+00, 2.122e+00, 9.983e+02, 1.411e-07
2.255e+00, 5.000e-01, -6.850e-01, 1.167e+05, 0.000e+00, 2.058e-04, 0.000e+00, 2.120e+00, 9.983e+02, 9.041e-08
2.255e+00, 5.000e-01, -6.750e-01, 1.166e+05, 0.000e+00, 1.244e-04, 0.000e+00, 2.119e+00, 9.983e+02, 5.466e-08
2.255e+00, 5.000e-01, -6.650e-01, 1.165e+05, 0.000e+00, 7.168e-05, 0.000e+00, 2.117e+00, 9.983e+02, 3.148e-08
2.255e+00, 5.000e-01, -6.550e-01, 1.164e+05, 0.000e+00, 4.189e-05, 0.000e+00, 2.115e+00, 9.983e+02, 1.840e-08
2.255e+00, 5.000e-01, -6.450e-01, 1.163e+05, 0.000e+00, 3.110e-05, 0.000e+00, 2.113e+00, 9.983e+02, 1.366e-08
2.255e+00, 5.000e-01, -6.350e-01, 1.162e+05, 0.000e+00, 3.840e-05, 0.000e+00, 2.111e+00, 9.983e+02, 1.687e-08
2.255e+00, 5.000e-01, -6.250e-01, 1.161e+05, 0.000e+00, 6.552e-05, 0.000e+00, 2.110e+00, 9.983e+02, 2.878e-08
2.255e+00, 5.000e-01, -6.150e-01, 1.160e+05, 0.000e+00, 1.134e-04, 0.000e+00, 2.108e+00, 9.983e+02, 4.981e-08
2.255e+00, 5.000e-01, -6.050e-01, 1.159e+05, 0.000e+00, 1.785e-04, 0.000e+00, 2.106e+00, 9.983e+02, 7.841e-08
2.255e+00, 5.000e-01, -5.950e-01, 1.158e+05, 0.000e+00, 2.600e-04, 0.000e+00, 2.104e+00, 9.983e+02, 1.146e-07
2.255e+00, 5.000e-01, -5.850e-01, 1.143e+05, 0.000e+00, 3.706e-04, 0.000e+00, 2.075e+00, 9.983e+02, 1.665e-07
2.255e+00, 5.000e-01, -5.750e-01, 1.142e+05, 0.000e+00, 4.345e-04, 0.000e+00, 2.074e+00, 9.983e+02, 1.952e-07
2.255e+00, 5.000e-01, -5.650e-01, 1.141e+05, 0.000e+00, 4.612e-04, 0.000e+00, 2.072e+00, 9.983e+02, 2.072e-07
2.255e+00, 5.000e-01, -5.550e-01, 1.140e+05, 0.000e+00, 4.554e-04, 0.000e+00, 2.070e+00, 9.983e+02, 2.046e-07
2.255e+00, 5.000e-01, -5.450e-01, 1.139e+05, 0.000e+00, 4.383e-04, 0.000e+00, 2.068e+00, 9.983e+02, 1.969e-07
2.255e+00, 5.000e-01, -5.350e-01, 1.138e+05, 0.000e+00, 4.265e-04, 0.000e+00, 2.067e+00, 9.983e+02, 1.916e-07
2.255e+00, 5.000e-01, -5.250e-01, 1.137e+05, 0.000e+00, 4.228e-04, 0.000e+00, 2.065e+00, 9.983e+02, 1.900e-07
2.255e+00, 5.000e-01, -5.150e-01, 1.136e+05, 0.000e+00, 4.265e-04, 0.000e+00, 2.063e+00, 9.983e+02, 1.916e-07
2.255e+00, 5.000e-01, -5.050e-01, 1.135e+05, 0.000e+00, 4.454e-04, 0.000e+00, 2.061e+00, 9.983e+02, 2.001e-07
2.255e+00, 5.000e-01, -4.950e-01, 1.134e+05, 0.000e+00, 4.832e-04, 0.000e+00, 2.059e+00, 9.983e+02, 2.153e-07
2.255e+00, 5.000e-01, -4.850e-01, 1.133e+05, 0.000e+00, 5.187e-04, 0.000e+00, 2.057e+00, 9.984e+02, 2.227e-07
2.255e+00, 5.000e-01, -4.750e-01, 1.132e+05, 0.000e+00, 5.407e-04, 0.000e+00, 2.056e+00, 9.984e+02, 2.321e-07
2.255e+00, 5.000e-01, -4.650e-01, 1.131e+05, 0.000e+00, 5.525e-04, 0.000e+00, 2.054e+00, 9.984e+02, 2.372e-07
2.255e+00, 5.000e-01, -4.550e-01, 1.130e+05, 0.000e+00, 5.575e-04, 0.000e+00, 2.052e+00, 9.984e+02, 2.394e-07
2.255e+00, 5.000e-01, -4.450e-01, 1.129e+05, 0.000e+00, 5.570e-04, 0.000e+00, 2.050e+00, 9.984e+02, 2.394e-07
2.255e+00, 5.000e-01, -4.350e-01, 1.128e+05, 0.000e+00, 5.507e-04, 0.000e+00, 2.049e+00, 9.984e+02, 2.458e-07
2.255e+00, 5.000e-01, -4.250e-01, 1.127e+05, 0.000e+00, 5.443e-04, 0.000e+00, 2.047e+00, 9.984e+02, 2.336e-07
2.255e+00, 5.000e-01, -4.150e-01, 1.126e+05, 0.000e+00, 5.275e-04, 0.000e+00, 2.045e+00, 9.984e+02, 2.264e-07
2.255e+00, 5.000e-01, -4.050e-01, 1.125e+05, 0.000e+00, 5.027e-04, 0.000e+00, 2.043e+00, 9.984e+02, 2.158e-07
2.255e+00, 5.000e-01, -3.950e-01, 1.124e+05, 0.000e+00, 4.717e-04, 0.000e+00, 2.041e+00, 9.983e+02, 2.025e-07
2.255e+00, 5.000e-01, -3.850e-01, 1.123e+05, 0.000e+00, 4.516e-04, 0.000e+00, 2.039e+00, 9.983e+02, 1.939e-07
2.255e+00, 5.000e-01, -3.750e-01, 1.122e+05, 0.000e+00, 4.396e-04, 0.000e+00, 2.038e+00, 9.983e+02, 1.887e-07
2.255e+00, 5.000e-01, -3.650e-01, 1.121e+05, 0.000e+00, 4.351e-04, 0.000e+00, 2.036e+00, 9.983e+02, 1.897e-07
2.255e+00, 5.000e-01, -3.550e-01, 1.120e+05, 0.000e+00, 4.359e-04, 0.000e+00, 2.034e+00, 9.983e+02, 1.958e-07
2.255e+00, 5.000e-01, -3.450e-01, 1.119e+05, 0.000e+00, 4.344e-04, 0.000e+00, 2.033e+00, 9.983e+02, 1.951e-07
2.255e+00, 5.000e-01, -3.350e-01, 1.118e+05, 0.000e+00, 4.305e-04, 0.000e+00, 2.031e+00, 9.983e+02, 1.934e-07
2.255e+00, 5.000e-01, -3.250e-01, 1.117e+05, 0.000e+00, 4.245e-04, 0.000e+00, 2.029e+00, 9.983e+02, 1.907e-07
2.255e+00, 5.000e-01, -3.150e-01, 1.116e+05, 0.000e+00, 4.167e-04, 0.000e+00, 2.027e+00, 9.983e+02, 1.872e-07
2.255e+00, 5.000e-01, -3.050e-01, 1.115e+05, 0.000e+00, 4.075e-04, 0.000e+00, 2.025e+00, 9.983e+02, 1.831e-07
2.255e+00, 5.000e-01, -2.950e-01, 1.114e+05, 0.000e+00, 3.974e-04, 0.000e+00, 2.024e+00, 9.983e+02, 1.785e-07
2.255e+00, 5.000e-01, -2.850e-01, 1.113e+05, 0.000e+00, 3.903e-04, 0.000e+00, 2.022e+00, 9.983e+02, 1.754e-07
2.255e+00, 5.000e-01, -2.750e-01, 1.113e+05, 0.000e+00, 4.067e-04, 0.000e+00, 2.021e+00, 9.983e+02, 1.797e-07
2.255e+00, 5.000e-01, -2.650e-01, 1.112e+05, 0.000e+00, 4.122e-04, 0.000e+00, 2.020e+00, 9.983e+02, 1.811e-07
2.255e+00, 5.000e-01, -2.550e-01, 1.111e+05, 0.000e+00, 3.973e-04, 0.000e+00, 2.018e+00, 9.983e+02, 1.745e-07
2.255e+00, 5.000e-01, -2.450e-01, 1.110e+05, 0.000e+00, 3.635e-04, 0.000e+00, 2.016e+00, 9.983e+02, 1.597e-07
2.255e+00, 5.000e-01, -2.350e-01, 1.109e+05, 0.000e+00, 3.174e-04, 0.000e+00, 2.014e+00, 9.983e+02, 1.394e-07
2.255e+00, 5.000e-01, -2.250e-01, 1.108e+05, 0.000e+00, 2.669e-04, 0.000e+00, 2.012e+00, 9.983e+02, 1.172e-07
2.255e+00, 5.000e-01, -2.150e-01, 1.107e+05, 0.000e+00, 2.175e-04, 0.000e+00, 2.011e+00, 9.983e+02, 9.556e-08
2.255e+00, 5.000e-01, -2.050e-01, 1.106e+05, 0.000e+00, 1.749e-04, 0.000e+00, 2.009e+00, 9.983e+02, 7.681e-08
2.255e+00, 5.000e-01, -1.950e-01, 1.105e+05, 0.000e+00, 1.503e-04, 0.000e+00, 2.007e+00, 9.983e+02, 6.558e-08
2.255e+00, 5.000e-01, -1.850e-01, 1.106e+05, 0.000e+00, 1.449e-04, 0.000e+00, 2.009e+00, 9.983e+02, 6.220e-08
2.255e+00, 5.000e-01, -1.750e-01, 1.105e+05, 0.000e+00, 1.397e-04, 0.000e+00, 2.007e+00, 9.983e+02, 5.998e-08
2.255e+00, 5.000e-01, -1.650e-01, 1.104e+05, 0.000e+00, 1.379e-04, 0.000e+00, 2.005e+00, 9.983e+02, 5.921e-08
2.255e+00, 5.000e-01, -1.550e-01, 1.103e+05, 0.000e+00, 1.512e-04, 0.000e+00, 2.004e+00, 9.983e+02, 6.490e-08
2.255e+00, 5.000e-01, -1.450e-01, 1.102e+05, 0.000e+00, 1.901e-04, 0.000e+00, 2.002e+00, 9.983e+02, 8.162e-08
2.255e+00, 5.000e-01, -1.350e-01, 1.101e+05, 0.000e+00, 2.405e-04, 0.000e+00, 2.000e+00, 9.983e+02, 1.032e-07
2.255e+00, 5.000e-01, -1.250e-01, 1.100e+05, 0.000e+00, 2.463e-04, 0.000e+00, 1.998e+00, 9.983e+02, 1.059e-07
2.255e+00, 5.000e-01, -1.150e-01, 1.111e+05, 0.000e+00, 1.947e-04, 0.000e+00, 2.018e+00, 9.983e+02, 8.554e-08
2.255e+00, 5.000e-01, -1.050e-01, 1.110e+05, 0.000e+00, 1.261e-04, 0.000e+00, 2.017e+00, 9.983e+02, 5.539e-08
2.255e+00, 5.000e-01, -9.500e-02, 1.109e+05, 0.000e+00, 7.128e-05, 0.000e+00, 2.015e+00, 9.983e+02, 3.131e-08
2.255e+00, 5.000e-01, -8.500e-02, 1.108e+05, 0.000e+00, 3.689e-05, 0.000e+00, 2.013e+00, 9.983e+02, 1.620e-08
2.255e+00, 5.000e-01, -7.500e-02, 1.107e+05, 0.000e+00, 1.807e-05, 0.000e+00, 2.011e+00, 9.983e+02, 7.937e-09
2.255e+00, 5.000e-01, -6.500e-02, 1.106e+05, 0.000e+00, 8.546e-06, 0.000e+00, 2.009e+00, 9.983e+02, 3.754e-09
2.255e+00, 5.000e-01, -5.500e-02, 1.105e+05, 0.000e+00, 3.931e-06, 0.000e+00, 2.008e+00, 9.983e+02, 1.727e-09
2.255e+00, 5.000e-01, -4.500e-02, 1.104e+05, 0.000e+00, 1.757e-06, 0.000e+00, 2.006e+00, 9.983e+02, 7.719e-10
2.255e+00, 5.000e-01, -3.500e-02, 1.103e+05, 0.000e+00, 7.608e-07, 0.000e+00, 2.004e+00, 9.983e+02, 3.342e-10
2.255e+00, 5.000e-01, -2.500e-02, 1.102e+05, 0.000e+00, 3.188e-07, 0.000e+00, 2.002e+00, 9.983e+02, 1.400e-10
2.255e+00, 5.000e-01, -1.500e-02, 1.101e+05, 0.000e+00, 1.311e-07, 0.000e+00, 2.000e+00, 9.983e+02, 5.758e-11
2.255e+00, 5.000e-01, -5.000e-03, 1.100e+05, 0.000e+00, 5.606e-08, 0.000e+00, 1.999e+00, 9.983e+02, 2.462e-11
2.265e+00, 5.000e-01, -1.195e+00, 1.202e+05, 0.000e+00, 1.002e-13, 0.000e+00, 2.184e+00, 9.983e+02, 2.000e-17
2.265e+00, 5.000e-01, -1.185e+00, 1.201e+05, 0.000e+00, 1.002e-13, 0.000e+00, 2.182e+00, 9.983e+02, 2.000e-17
2.265e+00, 5.000e-01, -1.175e+00, 1.200e+05, 0.000e+00, 1.002e-13, 0.000e+00, 2.181e+00, 9.983e+02, 2.000e-17
2.265e+00, 5.000e-01, -1.165e+00, 1.199e+05, 0.000e+00, 1.002e-13, 0.000e+00, 2.179e+00, 9.983e+02, 2.000e-17
2.265e+00, 5.000e-01, -1.155e+00, 1.198e+05, 0.000e+00, 1.002e-13, 0.000e+00, 2.177e+00, 9.983e+02, 2.000e-17
2.265e+00, 5.000e-01, -1.145e+00, 1.197e+05, 0.000e+00, 1.002e-13, 0.000e+00, 2.175e+00, 9.983e+02, 2.000e-17
2.265e+00, 5.000e-01, -1.135e+00, 1.196e+05, 0.000e+00, 1.002e-13, 0.000e+00, 2.173e+00, 9.983e+02, 2.000e-17
2.265e+00, 5.000e-01, -1.125e+00, 1.195e+05, 0.000e+00, 1.002e-13, 0.000e+00, 2.172e+00, 9.983e+02, 2.000e-17
2.265e+00, 5.000e-01, -1.115e+00, 1.194e+05, 0.000e+00, 1.002e-13, 0.000e+00, 2.170e+00, 9.983e+02, 2.000e-17
2.265e+00, 5.000e-01, -1.105e+00, 1.193e+05, 0.000e+00, 1.002e-13, 0.000e+00, 2.168e+00, 9.983e+02, 2.000e-17
2.265e+00, 5.000e-01, -1.095e+00, 1.192e+05, 0.000e+00, 1.379e-09, 0.000e+00, 2.166e+00, 9.983e+02, 5.848e-13
2.265e+00, 5.000e-01, -1.085e+00, 1.191e+05, 0.000e+00, 4.819e-04, 0.000e+00, 2.165e+00, 9.984e+02, 2.044e-07
2.265e+00, 5.000e-01, -1.075e+00, 1.190e+05, 0.000e+00, 4.962e-04, 0.000e+00, 2.163e+00, 9.984e+02, 2.130e-07
2.265e+00, 5.000e-01, -1.065e+00, 1.189e+05, 0.000e+00, 5.070e-04, 0.000e+00, 2.161e+00, 9.984e+02, 2.176e-07
2.265e+00, 5.000e-01, -1.055e+00, 1.188e+05, 0.000e+00, 5.089e-04, 0.000e+00, 2.159e+00, 9.984e+02, 2.185e-07
2.265e+00, 5.000e-01, -1.045e+00, 1.187e+05, 0.000e+00, 5.104e-04, 0.000e+00, 2.158e+00, 9.984e+02, 2.191e-07
2.265e+00, 5.000e-01, -1.035e+00, 1.186e+05, 0.000e+00, 5.126e-04, 0.000e+00, 2.156e+00, 9.984e+02, 2.201e-07
2.265e+00, 5.000e-01, -1.025e+00, 1.185e+05, 0.000e+00, 5.112e-04, 0.000e+00, 2.154e+00, 9.984e+02, 2.195e-07
2.265e+00, 5.000e-01, -1.015e+00, 1.185e+05, 0.000e+00, 5.061e-04, 0.000e+00, 2.152e+00, 9.984e+02, 2.173e-07
2.265e+00, 5.000e-01, -1.005e+00, 1.184e+05, 0.000e+00, 4.999e-04, 0.000e+00, 2.150e+00, 9.984e+02, 2.146e-07
2.265e+00, 5.000e-01, -9.950e-01, 1.183e+05, 0.000e+00, 4.937e-04, 0.000e+00, 2.149e+00, 9.984e+02, 2.119e-07
2.265e+00, 5.000e-01, -9.850e-01, 1.182e+05, 0.000e+00, 4.893e-04, 0.000e+00, 2.147e+00, 9.984e+02, 2.100e-07
2.265e+00, 5.000e-01, -9.750e-01, 1.181e+05, 0.000e+00, 4.881e-04, 0.000e+00, 2.145e+00, 9.984e+02, 2.095e-07
2.265e+00, 5.000e-01, -9.650e-01, 1.180e+05, 0.000e+00, 4.888e-04, 0.000e+00, 2.143e+00, 9.984e+02, 2.098e-07
2.265e+00, 5.000e-01, -9.550e-01, 1.179e+05, 0.000e+00, 4.890e-04, 0.000e+00, 2.141e+00, 9.984e+02, 2.099e-07
2.265e+00, 5.000e-01, -9.450e-01, 1.178e+05, 0.000e+00, 4.885e-04, 0.000e+00, 2.140e+00, 9.984e+02, 2.097e-07
2.265e+00, 5.000e-01, -9.350e-01, 1.177e+05, 0.000e+00, 4.875e-04, 0.000e+00, 2.138e+00, 9.984e+02, 2.093e-07
2.265e+00, 5.000e-01, -9.250e-01, 1.176e+05, 0.000e+00, 4.857e-04, 0.000e+00, 2.136e+00, 9.984e+02, 2.085e-07
2.265e+00, 5.000e-01, -9.150e-01, 1.175e+05, 0.000e+00, 4.830e-04, 0.000e+00, 2.134e+00, 9.984e+02, 2.074e-07
2.265e+00, 5.000e-01, -9.050e-01, 1.174e+05, 0.000e+00, 4.804e-04, 0.000e+00, 2.132e+00, 9.984e+02, 2.062e-07
2.265e+00, 5.000e-01, -8.950e-01, 1.173e+05, 0.000e+00, 4.773e-04, 0.000e+00, 2.131e+00, 9.983e+02, 2.049e-07
2.265e+00, 5.000e-01, -8.850e-01, 1.172e+05, 0.000e+00, 4.727e-04, 0.000e+00, 2.129e+00, 9.983e+02, 2.029e-07
2.265e+00, 5.000e-01, -8.750e-01, 1.171e+05, 0.000e+00, 4.668e-04, 0.000e+00, 2.127e+00, 9.983e+02, 2.004e-07
2.265e+00, 5.000e-01, -8.650e-01, 1.170e+05, 0.000e+00, 4.582e-04, 0.000e+00, 2.125e+00, 9.983e+02, 1.967e-07
2.265e+00, 5.000e-01, -8.550e-01, 1.169e+05, 0.000e+00, 4.429e-04, 0.000e+00, 2.124e+00, 9.983e+02, 1.901e-07
2.265e+00, 5.000e-01, -8.450e-01, 1.168e+05, 0.000e+00, 4.139e-04, 0.000e+00, 2.122e+00, 9.983e+02, 1.777e-07
2.265e+00, 5.000e-01, -8.350e-01, 1.167e+05, 0.000e+00, 3.883e-04, 0.000e+00, 2.120e+00, 9.983e+02, 1.667e-07
2.265e+00, 5.000e-01, -8.250e-01, 1.166e+05, 0.000e+00, 3.885e-04, 0.000e+00, 2.118e+00, 9.983e+02, 1.668e-07
2.265e+00, 5.000e-01, -8.150e-01, 1.165e+05, 0.000e+00, 4.031e-04, 0.000e+00, 2.116e+00, 9.983e+02, 1.731e-07
2.265e+00, 5.000e-01, -8.050e-01, 1.164e+05, 0.000e+00, 4.053e-04, 0.000e+00, 2.115e+00, 9.983e+02, 1.740e-07
2.265e+00, 5.000e-01, -7.950e-01, 1.163e+05, 0.000e+00, 3.799e-04, 0.000e+00, 2.113e+00, 9.983e+02, 1.631e-07
2.265e+00, 5.000e-01, -7.850e-01, 1.162e+05, 0.000e+00, 3.300e-04, 0.000e+00, 2.111e+00, 9.983e+02, 1.417e-07
2.265e+00, 5.000e-01, -7.750e-01, 1.161e+05, 0.000e+00, 2.680e-04, 0.000e+00, 2.109e+00, 9.983e+02, 1.150e-07
2.265e+00, 5.000e-01, -7.650e-01, 1.160e+05, 0.000e+00, 2.047e-04, 0.000e+00, 2.107e+00, 9.983e+02, 8.789e-08
2.265e+00, 5.000e-01, -7.550e-01, 1.159e+05, 0.000e+00, 1.607e-04, 0.000e+00, 2.106e+00, 9.983e+02, 6.898e-08
2.265e+00, 5.000e-01, -7.450e-01, 1.158e+05, 0.000e+00, 1.747e-04, 0.000e+00, 2.104e+00, 9.983e+02, 7.498e-08
2.265e+00, 5.000e-01, -7.350e-01, 1.157e+05, 6.713e-07, 4.166e-04, 0.000e+00, 2.102e+00, 9.983e+02, 1.788e-07
2.265e+00, 5.000e-01, -7.250e-01, 1.156e+05, 4.693e-01, 1.895e-03, 0.000e+00, 2.100e+00, 9.986e+02, 8.556e-07
2.265e+00, 5.000e-01, -7.150e-01, 1.156e+05, 8.683e-01, 1.895e-03, 0.000e+00, 2.100e+00, 9.986e+02, 8.914e-07
2.265e+00, 5.000e-01, -7.050e-01, 1.169e+05, 1.449e-06, 4.602e-04, 0.000e+00, 2.124e+00, 9.983e+02, 2.019e-07
2.265e+00, 5.000e-01, -6.950e-01, 1.168e+05, 0.000e+00, 3.073e-04, 0.000e+00, 2.122e+00, 9.983e+02, 1.350e-07
2.265e+00, 5.000e-01, -6.850e-01, 1.167e+05, 0.000e+00, 1.940e-04, 0.000e+00, 2.120e+00, 9.983e+02, 8.523e-08
2.265e+00, 5.000e-01, -6.750e-01, 1.166e+05, 0.000e+00, 1.158e-04, 0.000e+00, 2.119e+00, 9.983e+02, 5.088e-08
2.265e+00, 5.000e-01, -6.650e-01, 1.165e+05, 0.000e+00, 6.657e-05, 0.000e+00, 2.117e+00, 9.983e+02, 2.924e-08
2.265e+00, 5.000e-01, -6.550e-01, 1.164e+05, 0.000e+00, 4.040e-05, 0.000e+00, 2.115e+00, 9.983e+02, 1.775e-08
2.265e+00, 5.000e-01, -6.450e-01, 1.163e+05, 0.000e+00, 3.397e-05, 0.000e+00, 2.113e+00, 9.983e+02, 1.492e-08
2.265e+00, 5.000e-01, -6.350e-01, 1.162e+05, 0.000e+00, 4.739e-05, 0.000e+00, 2.111e+00, 9.983e+02, 2.082e-08
2.265e+00, 5.000e-01, -6.250e-01, 1.161e+05, 0.000e+00, 8.283e-05, 0.000e+00, 2.110e+00, 9.983e+02, 3.638e-08
2.265e+00, 5.000e-01, -6.150e-01, 1.160e+05, 0.000e+00, 1.393e-04, 0.000e+00, 2.108e+00, 9.983e+02, 6.121e-08
2.265e+00, 5.000e-01, -6.050e-01, 1.159e+05, 0.000e+00, 2.077e-04, 0.000e+00, 2.106e+00, 9.983e+02, 9.124e-08
2.265e+00, 5.000e-01, -5.950e-01, 1.158e+05, 0.000e+00, 2.796e-04, 0.000e+00, 2.104e+00, 9.983e+02, 1.237e-07
2.265e+00, 5.000e-01, -5.850e-01, 1.143e+05, 0.000e+00, 3.626e-04, 0.000e+00, 2.075e+00, 9.983e+02, 1.629e-07
2.265e+00, 5.000e-01, -5.750e-01, 1.142e+05, 0.000e+00, 4.204e-04, 0.000e+00, 2.074e+00, 9.983e+02, 1.888e-07
2.265e+00, 5.000e-01, -5.650e-01, 1.141e+05, 0.000e+00, 4.431e-04, 0.000e+00, 2.072e+00, 9.983e+02, 1.990e-07
2.265e+00, 5.000e-01, -5.550e-01, 1.140e+05, 0.000e+00, 4.372e-04, 0.000e+00, 2.070e+00, 9.983e+02, 1.964e-07
2.265e+00, 5.000e-01, -5.450e-01, 1.139e+05, 0.000e+00, 4.218e-04, 0.000e+00, 2.068e+00, 9.983e+02, 1.895e-07
2.265e+00, 5.000e-01, -5.350e-01, 1.138e+05, 0.000e+00, 4.109e-04, 0.000e+00, 2.067e+00, 9.983e+02, 1.846e-07
2.265e+00, 5.000e-01, -5.250e-01, 1.137e+05, 0.000e+00, 4.069e-04, 0.000e+00, 2.065e+00, 9.983e+02, 1.828e-07
2.265e+00, 5.000e-01, -5.150e-01, 1.136e+05, 0.000e+00, 4.114e-04, 0.000e+00, 2.063e+00, 9.983e+02, 1.848e-07
2.265e+00, 5.000e-01, -5.050e-01, 1.135e+05, 0.000e+00, 4.354e-04, 0.000e+00, 2.061e+00, 9.983e+02, 1.956e-07
2.265e+00, 5.000e-01, -4.950e-01, 1.134e+05, 0.000e+00, 4.813e-04, 0.000e+00, 2.059e+00, 9.983e+02, 2.134e-07
2.265e+00, 5.000e-01, -4.850e-01, 1.133e+05, 0.000e+00, 5.207e-04, 0.000e+00, 2.057e+00, 9.984e+02, 2.235e-07
2.265e+00, 5.000e-01, -4.750e-01, 1.132e+05, 0.000e+00, 5.416e-04, 0.000e+00, 2.056e+00, 9.984e+02, 2.325e-07
2.265e+00, 5.000e-01, -4.650e-01, 1.131e+05, 0.000e+00, 5.504e-04, 0.000e+00, 2.054e+00, 9.984e+02, 2.363e-07
2.265e+00, 5.000e-01, -4.550e-01, 1.130e+05, 0.000e+00, 5.513e-04, 0.000e+00, 2.052e+00, 9.984e+02, 2.367e-07
2.265e+00, 5.000e-01, -4.450e-01, 1.129e+05, 0.000e+00, 5.460e-04, 0.000e+00, 2.050e+00, 9.984e+02, 2.352e-07
2.265e+00, 5.000e-01, -4.350e-01, 1.128e+05, 0.000e+00, 5.346e-04, 0.000e+00, 2.049e+00, 9.984e+02, 2.393e-07
2.265e+00, 5.000e-01, -4.250e-01, 1.127e+05, 0.000e+00, 5.258e-04, 0.000e+00, 2.047e+00, 9.984e+02, 2.257e-07
2.265e+00, 5.000e-01, -4.150e-01, 1.126e+05, 0.000e+00, 5.054e-04, 0.000e+00, 2.045e+00, 9.984e+02, 2.170e-07
2.265e+00, 5.000e-01, -4.050e-01, 1.125e+05, 0.000e+00, 4.796e-04, 0.000e+00, 2.043e+00, 9.983e+02, 2.059e-07
2.265e+00, 5.000e-01, -3.950e-01, 1.124e+05, 0.000e+00, 4.574e-04, 0.000e+00, 2.041e+00, 9.983e+02, 1.964e-07
2.265e+00, 5.000e-01, -3.850e-01, 1.123e+05, 0.000e+00, 4.425e-04, 0.000e+00, 2.039e+00, 9.983e+02, 1.900e-07
2.265e+00, 5.000e-01, -3.750e-01, 1.122e+05, 0.000e+00, 4.240e-04, 0.000e+00, 2.038e+00, 9.983e+02, 1.820e-07
2.265e+00, 5.000e-01, -3.650e-01, 1.121e+05, 0.000e+00, 4.187e-04, 0.000e+00, 2.036e+00, 9.983e+02, 1.832e-07
2.265e+00, 5.000e-01, -3.550e-01, 1.120e+05, 0.000e+00, 4.209e-04, 0.000e+00, 2.034e+00, 9.983e+02, 1.891e-07
2.265e+00, 5.000e-01, -3.450e-01, 1.119e+05, 0.000e+00, 4.153e-04, 0.000e+00, 2.033e+00, 9.983e+02, 1.866e-07
2.265e+00, 5.000e-01, -3.350e-01, 1.118e+05, 0.000e+00, 4.075e-04, 0.000e+00, 2.031e+00, 9.983e+02, 1.831e-07
2.265e+00, 5.000e-01, -3.250e-01, 1.117e+05, 0.000e+00, 3.993e-04, 0.000e+00, 2.029e+00, 9.983e+02, 1.794e-07
2.265e+00, 5.000e-01, -3.150e-01, 1.116e+05, 0.000e+00, 3.915e-04, 0.000e+00, 2.027e+00, 9.983e+02, 1.759e-07
2.265e+00, 5.000e-01, -3.050e-01, 1.115e+05, 0.000e+00, 3.835e-04, 0.000e+00, 2.025e+00, 9.983e+02, 1.723e-07
2.265e+00, 5.000e-01, -2.950e-01, 1.114e+05, 0.000e+00, 3.747e-04, 0.000e+00, 2.024e+00, 9.983e+02, 1.683e-07
2.265e+00, 5.000e-01, -2.850e-01, 1.113e+05, 0.000e+00, 3.666e-04, 0.000e+00, 2.022e+00, 9.983e+02, 1.647e-07
2.265e+00, 5.000e-01, -2.750e-01, 1.113e+05, 0.000e+00, 3.732e-04, 0.000e+00, 2.021e+00, 9.983e+02, 1.646e-07
2.265e+00, 5.000e-01, -2.650e-01, 1.112e+05, 0.000e+00, 3.721e-04, 0.000e+00, 2.020e+00, 9.983e+02, 1.634e-07
2.265e+00, 5.000e-01, -2.550e-01, 1.111e+05, 0.000e+00, 3.556e-04, 0.000e+00, 2.018e+00, 9.983e+02, 1.562e-07
2.265e+00, 5.000e-01, -2.450e-01, 1.110e+05, 0.000e+00, 3.257e-04, 0.000e+00, 2.016e+00, 9.983e+02, 1.431e-07
2.265e+00, 5.000e-01, -2.350e-01, 1.109e+05, 0.000e+00, 2.869e-04, 0.000e+00, 2.014e+00, 9.983e+02, 1.260e-07
2.265e+00, 5.000e-01, -2.250e-01, 1.108e+05, 0.000e+00, 2.433e-04, 0.000e+00, 2.012e+00, 9.983e+02, 1.069e-07
2.265e+00, 5.000e-01, -2.150e-01, 1.107e+05, 0.000e+00, 1.992e-04, 0.000e+00, 2.011e+00, 9.983e+02, 8.749e-08
2.265e+00, 5.000e-01, -2.050e-01, 1.106e+05, 0.000e+00, 1.591e-04, 0.000e+00, 2.009e+00, 9.983e+02, 6.987e-08
2.265e+00, 5.000e-01, -1.950e-01, 1.105e+05, 0.000e+00, 1.329e-04, 0.000e+00, 2.007e+00, 9.983e+02, 5.788e-08
2.265e+00, 5.000e-01, -1.850e-01, 1.106e+05, 0.000e+00, 1.198e-04, 0.000e+00, 2.009e+00, 9.983e+02, 5.144e-08
2.265e+00, 5.000e-01, -1.750e-01, 1.105e+05, 0.000e+00, 1.115e-04, 0.000e+00, 2.007e+00, 9.983e+02, 4.785e-08
2.265e+00, 5.000e-01, -1.650e-01, 1.104e+05, 0.000e+00, 1.105e-04, 0.000e+00, 2.005e+00, 9.983e+02, 4.743e-08
2.265e+00, 5.000e-01, -1.550e-01, 1.103e+05, 0.000e+00, 1.270e-04, 0.000e+00, 2.004e+00, 9.983e+02, 5.452e-08
2.265e+00, 5.000e-01, -1.450e-01, 1.102e+05, 0.000e+00, 1.715e-04, 0.000e+00, 2.002e+00, 9.983e+02, 7.360e-08
2.265e+00, 5.000e-01, -1.350e-01, 1.101e+05, 0.000e+00, 2.299e-04, 0.000e+00, 2.000e+00, 9.983e+02, 9.868e-08
2.265e+00, 5.000e-01, -1.250e-01, 1.100e+05, 0.000e+00, 2.432e-04, 0.000e+00, 1.998e+00, 9.983e+02, 1.048e-07
2.265e+00, 5.000e-01, -1.150e-01, 1.111e+05, 0.000e+00, 1.952e-04, 0.000e+00, 2.018e+00, 9.983e+02, 8.574e-08
2.265e+00, 5.000e-01, -1.050e-01, 1.110e+05, 0.000e+00, 1.280e-04, 0.000e+00, 2.017e+00, 9.983e+02, 5.624e-08
2.265e+00, 5.000e-01, -9.500e-02, 1.109e+05, 0.000e+00, 7.307e-05, 0.000e+00, 2.015e+00, 9.983e+02, 3.210e-08
2.265e+00, 5.000e-01, -8.500e-02, 1.108e+05, 0.000e+00, 3.808e-05, 0.000e+00, 2.013e+00, 9.983e+02, 1.673e-08
2.265e+00, 5.000e-01, -7.500e-02, 1.107e+05, 0.000e+00, 1.874e-05, 0.000e+00, 2.011e+00, 9.983e+02, 8.230e-09
2.265e+00, 5.000e-01, -6.500e-02, 1.106e+05, 0.000e+00, 8.883e-06, 0.000e+00, 2.009e+00, 9.983e+02, 3.902e-09
2.265e+00, 5.000e-01, -5.500e-02, 1.105e+05, 0.000e+00, 4.089e-06, 0.000e+00, 2.008e+00, 9.983e+02, 1.796e-09
2.265e+00, 5.000e-01, -4.500e-02, 1.104e+05, 0.000e+00, 1.827e-06, 0.000e+00, 2.006e+00, 9.983e+02, 8.025e-10
2.265e+00, 5.000e-01, -3.500e-02, 1.103e+05, 0.000e+00, 7.900e-07, 0.000e+00, 2.004e+00, 9.983e+02, 3.470e-10
2.265e+00, 5.000e-01, -2.500e-02, 1.102e+05, 0.000e+00, 3.306e-07, 0.000e+00, 2.002e+00, 9.983e+02, 1.452e-10
2.265e+00, 5.000e-01, -1.500e-02, 1.101e+05, 0.000e+00, 1.358e-07, 0.000e+00, 2.000e+00, 9.983e+02, 5.965e-11
2.265e+00, 5.000e-01, -5.000e-03, 1.100e+05, 0.000e+00, 5.829e-08, 0.000e+00, 1.999e+00, 9.983e+02, 2.560e-11
2.275e+00, 5.000e-01, -1.195e+00, 1.202e+05, 0.000e+00, 1.002e-13, 0.000e+00, 2.184e+00, 9.983e+02, 2.000e-17
2.275e+00, 5.000e-01, -1.185e+00, 1.201e+05, 0.000e+00, 1.002e-13, 0.000e+00, 2.182e+00, 9.983e+02, 2.000e-17
2.275e+00, 5.000e-01, -1.175e+00, 1.200e+05, 0.000e+00, 1.002e-13, 0.000e+00, 2.181e+00, 9.983e+02, 2.000e-17
2.275e+00, 5.000e-01, -1.165e+00, 1.199e+05, 0.000e+00, 1.002e-13, 0.000e+00, 2.179e+00, 9.983e+02, 2.000e-17
2.275e+00, 5.000e-01, -1.155e+00, 1.198e+05, 0.000e+00, 1.002e-13, 0.000e+00, 2.177e+00, 9.983e+02, 2.000e-17
2.275e+00, 5.000e-01, -1.145e+00, 1.197e+05, 0.000e+00, 1.002e-13, 0.000e+00, 2.175e+00, 9.983e+02, 2.000e-17
2.275e+00, 5.000e-01, -1.135e+00, 1.196e+05, 0.000e+00, 1.002e-13, 0.000e+00, 2.173e+00, 9.983e+02, 2.000e-17
2.275e+00, 5.000e-01, -1.125e+00, 1.195e+05, 0.000e+00, 1.002e-13, 0.000e+00, 2.172e+00, 9.983e+02, 2.000e-17
2.275e+00, 5.000e-01, -1.115e+00, 1.194e+05, 0.000e+00, 1.002e-13, 0.000e+00, 2.170e+00, 9.983e+02, 2.000e-17
2.275e+00, 5.000e-01, -1.105e+00, 1.193e+05, 0.000e+00, 1.002e-13, 0.000e+00, 2.168e+00, 9.983e+02, 2.000e-17
2.275e+00, 5.000e-01, -1.095e+00, 1.192e+05, 0.000e+00, 1.373e-09, 0.000e+00, 2.166e+00, 9.983e+02, 5.893e-13
2.275e+00, 5.000e-01, -1.085e+00, 1.191e+05, 0.000e+00, 4.820e-04, 0.000e+00, 2.165e+00, 9.984e+02, 2.069e-07
2.275e+00, 5.000e-01, -1.075e+00, 1.190e+05, 0.000e+00, 4.954e-04, 0.000e+00, 2.163e+00, 9.984e+02, 2.127e-07
2.275e+00, 5.000e-01, -1.065e+00, 1.189e+05, 0.000e+00, 5.064e-04, 0.000e+00, 2.161e+00, 9.984e+02, 2.174e-07
2.275e+00, 5.000e-01, -1.055e+00, 1.188e+05, 0.000e+00, 5.160e-04, 0.000e+00, 2.159e+00, 9.984e+02, 2.215e-07
2.275e+00, 5.000e-01, -1.045e+00, 1.187e+05, 0.000e+00, 5.291e-04, 0.000e+00, 2.158e+00, 9.984e+02, 2.271e-07
2.275e+00, 5.000e-01, -1.035e+00, 1.186e+05, 0.000e+00, 5.391e-04, 0.000e+00, 2.156e+00, 9.984e+02, 2.314e-07
2.275e+00, 5.000e-01, -1.025e+00, 1.185e+05, 0.000e+00, 5.403e-04, 0.000e+00, 2.154e+00, 9.984e+02, 2.320e-07
2.275e+00, 5.000e-01, -1.015e+00, 1.185e+05, 0.000e+00, 5.346e-04, 0.000e+00, 2.152e+00, 9.984e+02, 2.295e-07
2.275e+00, 5.000e-01, -1.005e+00, 1.184e+05, 0.000e+00, 5.262e-04, 0.000e+00, 2.150e+00, 9.984e+02, 2.259e-07
2.275e+00, 5.000e-01, -9.950e-01, 1.183e+05, 0.000e+00, 5.175e-04, 0.000e+00, 2.149e+00, 9.984e+02, 2.222e-07
2.275e+00, 5.000e-01, -9.850e-01, 1.182e+05, 0.000e+00, 5.103e-04, 0.000e+00, 2.147e+00, 9.984e+02, 2.191e-07
2.275e+00, 5.000e-01, -9.750e-01, 1.181e+05, 0.000e+00, 5.060e-04, 0.000e+00, 2.145e+00, 9.984e+02, 2.172e-07
2.275e+00, 5.000e-01, -9.650e-01, 1.180e+05, 0.000e+00, 5.041e-04, 0.000e+00, 2.143e+00, 9.984e+02, 2.164e-07
2.275e+00, 5.000e-01, -9.550e-01, 1.179e+05, 0.000e+00, 5.034e-04, 0.000e+00, 2.141e+00, 9.984e+02, 2.161e-07
2.275e+00, 5.000e-01, -9.450e-01, 1.178e+05, 0.000e+00, 5.030e-04, 0.000e+00, 2.140e+00, 9.984e+02, 2.159e-07
2.275e+00, 5.000e-01, -9.350e-01, 1.177e+05, 0.000e+00, 5.022e-04, 0.000e+00, 2.138e+00, 9.984e+02, 2.156e-07
2.275e+00, 5.000e-01, -9.250e-01, 1.176e+05, 0.000e+00, 5.001e-04, 0.000e+00, 2.136e+00, 9.984e+02, 2.147e-07
2.275e+00, 5.000e-01, -9.150e-01, 1.175e+05, 0.000e+00, 4.966e-04, 0.000e+00, 2.134e+00, 9.984e+02, 2.132e-07
2.275e+00, 5.000e-01, -9.050e-01, 1.174e+05, 0.000e+00, 4.918e-04, 0.000e+00, 2.132e+00, 9.984e+02, 2.111e-07
2.275e+00, 5.000e-01, -8.950e-01, 1.173e+05, 0.000e+00, 4.853e-04, 0.000e+00, 2.131e+00, 9.984e+02, 2.083e-07
2.275e+00, 5.000e-01, -8.850e-01, 1.172e+05, 0.000e+00, 4.761e-04, 0.000e+00, 2.129e+00, 9.983e+02, 2.044e-07
2.275e+00, 5.000e-01, -8.750e-01, 1.171e+05, 0.000e+00, 4.637e-04, 0.000e+00, 2.127e+00, 9.983e+02, 1.991e-07
2.275e+00, 5.000e-01, -8.650e-01, 1.170e+05, 0.000e+00, 4.458e-04, 0.000e+00, 2.125e+00, 9.983e+02, 1.914e-07
2.275e+00, 5.000e-01, -8.550e-01, 1.169e+05, 0.000e+00, 4.193e-04, 0.000e+00, 2.124e+00, 9.983e+02, 1.800e-07
2.275e+00, 5.000e-01, -8.450e-01, 1.168e+05, 0.000e+00, 3.909e-04, 0.000e+00, 2.122e+00, 9.983e+02, 1.678e-07
2.275e+00, 5.000e-01, -8.350e-01, 1.167e+05, 0.000e+00, 3.915e-04, 0.000e+00, 2.120e+00, 9.983e+02, 1.681e-07
2.275e+00, 5.000e-01, -8.250e-01, 1.166e+05, 0.000e+00, 4.115e-04, 0.000e+00, 2.118e+00, 9.983e+02, 1.766e-07
2.275e+00, 5.000e-01, -8.150e-01, 1.165e+05, 0.000e+00, 4.197e-04, 0.000e+00, 2.116e+00, 9.983e+02, 1.802e-07
2.275e+00, 5.000e-01, -8.050e-01, 1.164e+05, 0.000e+00, 3.976e-04, 0.000e+00, 2.115e+00, 9.983e+02, 1.707e-07
2.275e+00, 5.000e-01, -7.950e-01, 1.163e+05, 0.000e+00, 3.469e-04, 0.000e+00, 2.113e+00, 9.983e+02, 1.489e-07
2.275e+00, 5.000e-01, -7.850e-01, 1.162e+05, 0.000e+00, 2.816e-04, 0.000e+00, 2.111e+00, 9.983e+02, 1.209e-07
2.275e+00, 5.000e-01, -7.750e-01, 1.161e+05, 0.000e+00, 2.147e-04, 0.000e+00, 2.109e+00, 9.983e+02, 9.218e-08
2.275e+00, 5.000e-01, -7.650e-01, 1.160e+05, 0.000e+00, 1.600e-04, 0.000e+00, 2.107e+00, 9.983e+02, 6.869e-08
2.275e+00, 5.000e-01, -7.550e-01, 1.159e+05, 0.000e+00, 1.287e-04, 0.000e+00, 2.106e+00, 9.983e+02, 5.524e-08
2.275e+00, 5.000e-01, -7.450e-01, 1.158e+05, 0.000e+00, 1.557e-04, 0.000e+00, 2.104e+00, 9.983e+02, 6.685e-08
2.275e+00, 5.000e-01, -7.350e-01, 1.157e+05, 6.708e-07, 4.313e-04, 0.000e+00, 2.102e+00, 9.983e+02, 1.851e-07
2.275e+00, 5.000e-01, -7.250e-01, 1.156e+05, 4.691e-01, 1.895e-03, 0.000e+00, 2.100e+00, 9.986e+02, 8.556e-07
2.275e+00, 5.000e-01, -7.150e-01, 1.156e+05, 8.683e-01, 1.895e-03, 0.000e+00, 2.100e+00, 9.986e+02, 8.922e-07
2.275e+00, 5.000e-01, -7.050e-01, 1.169e+05, 1.449e-06, 4.418e-04, 0.000e+00, 2.124e+00, 9.983e+02, 1.940e-07
2.275e+00, 5.000e-01, -6.950e-01, 1.168e+05, 0.000e+00, 2.911e-04, 0.000e+00, 2.122e+00, 9.983e+02, 1.279e-07
2.275e+00, 5.000e-01, -6.850e-01, 1.167e+05, 0.000e+00, 1.817e-04, 0.000e+00, 2.120e+00, 9.983e+02, 7.983e-08
2.275e+00, 5.000e-01, -6.750e-01, 1.166e+05, 0.000e+00, 1.078e-04, 0.000e+00, 2.119e+00, 9.983e+02, 4.735e-08
2.275e+00, 5.000e-01, -6.650e-01, 1.165e+05, 0.000e+00, 6.239e-05, 0.000e+00, 2.117e+00, 9.983e+02, 2.740e-08
2.275e+00, 5.000e-01, -6.550e-01, 1.164e+05, 0.000e+00, 3.989e-05, 0.000e+00, 2.115e+00, 9.983e+02, 1.752e-08
2.275e+00, 5.000e-01, -6.450e-01, 1.163e+05, 0.000e+00, 3.773e-05, 0.000e+00, 2.113e+00, 9.983e+02, 1.657e-08
2.275e+00, 5.000e-01, -6.350e-01, 1.162e+05, 0.000e+00, 5.694e-05, 0.000e+00, 2.111e+00, 9.983e+02, 2.501e-08
2.275e+00, 5.000e-01, -6.250e-01, 1.161e+05, 0.000e+00, 9.981e-05, 0.000e+00, 2.110e+00, 9.983e+02, 4.384e-08
2.275e+00, 5.000e-01, -6.150e-01, 1.160e+05, 0.000e+00, 1.633e-04, 0.000e+00, 2.108e+00, 9.983e+02, 7.173e-08
2.275e+00, 5.000e-01, -6.050e-01, 1.159e+05, 0.000e+00, 2.327e-04, 0.000e+00, 2.106e+00, 9.983e+02, 1.022e-07
2.275e+00, 5.000e-01, -5.950e-01, 1.144e+05, 0.000e+00, 2.933e-04, 0.000e+00, 2.077e+00, 9.983e+02, 1.303e-07
2.275e+00, 5.000e-01, -5.850e-01, 1.143e+05, 0.000e+00, 3.529e-04, 0.000e+00, 2.075e+00, 9.983e+02, 1.585e-07
2.275e+00, 5.000e-01, -5.750e-01, 1.142e+05, 0.000e+00, 4.032e-04, 0.000e+00, 2.074e+00, 9.983e+02, 1.811e-07
2.275e+00, 5.000e-01, -5.650e-01, 1.141e+05, 0.000e+00, 4.234e-04, 0.000e+00, 2.072e+00, 9.983e+02, 1.902e-07
2.275e+00, 5.000e-01, -5.550e-01, 1.140e+05, 0.000e+00, 4.186e-04, 0.000e+00, 2.070e+00, 9.983e+02, 1.881e-07
2.275e+00, 5.000e-01, -5.450e-01, 1.139e+05, 0.000e+00, 4.053e-04, 0.000e+00, 2.068e+00, 9.983e+02, 1.821e-07
2.275e+00, 5.000e-01, -5.350e-01, 1.138e+05, 0.000e+00, 3.953e-04, 0.000e+00, 2.067e+00, 9.983e+02, 1.776e-07
2.275e+00, 5.000e-01, -5.250e-01, 1.137e+05, 0.000e+00, 3.910e-04, 0.000e+00, 2.065e+00, 9.983e+02, 1.757e-07
2.275e+00, 5.000e-01, -5.150e-01, 1.136e+05, 0.000e+00, 3.949e-04, 0.000e+00, 2.063e+00, 9.983e+02, 1.774e-07
2.275e+00, 5.000e-01, -5.050e-01, 1.135e+05, 0.000e+00, 4.199e-04, 0.000e+00, 2.061e+00, 9.983e+02, 1.886e-07
2.275e+00, 5.000e-01, -4.950e-01, 1.134e+05, 0.000e+00, 4.723e-04, 0.000e+00, 2.059e+00, 9.983e+02, 2.084e-07
2.275e+00, 5.000e-01, -4.850e-01, 1.133e+05, 0.000e+00, 5.163e-04, 0.000e+00, 2.057e+00, 9.984e+02, 2.217e-07
2.275e+00, 5.000e-01, -4.750e-01, 1.132e+05, 0.000e+00, 5.370e-04, 0.000e+00, 2.056e+00, 9.984e+02, 2.305e-07
2.275e+00, 5.000e-01, -4.650e-01, 1.131e+05, 0.000e+00, 5.438e-04, 0.000e+00, 2.054e+00, 9.984e+02, 2.334e-07
2.275e+00, 5.000e-01, -4.550e-01, 1.130e+05, 0.000e+00, 5.415e-04, 0.000e+00, 2.052e+00, 9.984e+02, 2.324e-07
2.275e+00, 5.000e-01, -4.450e-01, 1.129e+05, 0.000e+00, 5.321e-04, 0.000e+00, 2.050e+00, 9.984e+02, 2.297e-07
2.275e+00, 5.000e-01, -4.350e-01, 1.128e+05, 0.000e+00, 5.169e-04, 0.000e+00, 2.049e+00, 9.984e+02, 2.321e-07
2.275e+00, 5.000e-01, -4.250e-01, 1.127e+05, 0.000e+00, 5.075e-04, 0.000e+00, 2.047e+00, 9.984e+02, 2.179e-07
2.275e+00, 5.000e-01, -4.150e-01, 1.126e+05, 0.000e+00, 4.869e-04, 0.000e+00, 2.045e+00, 9.983e+02, 2.090e-07
2.275e+00, 5.000e-01, -4.050e-01, 1.125e+05, 0.000e+00, 4.661e-04, 0.000e+00, 2.043e+00, 9.983e+02, 2.001e-07
2.275e+00, 5.000e-01, -3.950e-01, 1.124e+05, 0.000e+00, 4.497e-04, 0.000e+00, 2.041e+00, 9.983e+02, 1.931e-07
2.275e+00, 5.000e-01, -3.850e-01, 1.123e+05, 0.000e+00, 4.249e-04, 0.000e+00, 2.039e+00, 9.983e+02, 1.824e-07
2.275e+00, 5.000e-01, -3.750e-01, 1.122e+05, 0.000e+00, 3.914e-04, 0.000e+00, 2.038e+00, 9.983e+02, 1.680e-07
2.275e+00, 5.000e-01, -3.650e-01, 1.121e+05, 0.000e+00, 3.848e-04, 0.000e+00, 2.036e+00, 9.983e+02, 1.691e-07
2.275e+00, 5.000e-01, -3.550e-01, 1.120e+05, 0.000e+00, 3.868e-04, 0.000e+00, 2.034e+00, 9.983e+02, 1.738e-07
2.275e+00, 5.000e-01, -3.450e-01, 1.119e+05, 0.000e+00, 3.804e-04, 0.000e+00, 2.033e+00, 9.983e+02, 1.709e-07
2.275e+00, 5.000e-01, -3.350e-01, 1.118e+05, 0.000e+00, 3.737e-04, 0.000e+00, 2.031e+00, 9.983e+02, 1.679e-07
2.275e+00, 5.000e-01, -3.250e-01, 1.117e+05, 0.000e+00, 3.687e-04, 0.000e+00, 2.029e+00, 9.983e+02, 1.656e-07
2.275e+00, 5.000e-01, -3.150e-01, 1.116e+05, 0.000e+00, 3.650e-04, 0.000e+00, 2.027e+00, 9.983e+02, 1.640e-07
2.275e+00, 5.000e-01, -3.050e-01, 1.115e+05, 0.000e+00, 3.614e-04, 0.000e+00, 2.025e+00, 9.983e+02, 1.624e-07
2.275e+00, 5.000e-01, -2.950e-01, 1.114e+05, 0.000e+00, 3.562e-04, 0.000e+00, 2.024e+00, 9.983e+02, 1.600e-07
2.275e+00, 5.000e-01, -2.850e-01, 1.113e+05, 0.000e+00, 3.491e-04, 0.000e+00, 2.022e+00, 9.983e+02, 1.568e-07
2.275e+00, 5.000e-01, -2.750e-01, 1.113e+05, 0.000e+00, 3.465e-04, 0.000e+00, 2.021e+00, 9.983e+02, 1.525e-07
2.275e+00, 5.000e-01, -2.650e-01, 1.112e+05, 0.000e+00, 3.387e-04, 0.000e+00, 2.020e+00, 9.983e+02, 1.488e-07
2.275e+00, 5.000e-01, -2.550e-01, 1.111e+05, 0.000e+00, 3.218e-04, 0.000e+00, 2.018e+00, 9.983e+02, 1.414e-07
2.275e+00, 5.000e-01, -2.450e-01, 1.110e+05, 0.000e+00, 2.956e-04, 0.000e+00, 2.016e+00, 9.983e+02, 1.298e-07
2.275e+00, 5.000e-01, -2.350e-01, 1.109e+05, 0.000e+00, 2.620e-04, 0.000e+00, 2.014e+00, 9.983e+02, 1.151e-07
2.275e+00, 5.000e-01, -2.250e-01, 1.108e+05, 0.000e+00, 2.237e-04, 0.000e+00, 2.012e+00, 9.983e+02, 9.825e-08
2.275e+00, 5.000e-01, -2.150e-01, 1.107e+05, 0.000e+00, 1.837e-04, 0.000e+00, 2.011e+00, 9.983e+02, 8.067e-08
2.275e+00, 5.000e-01, -2.050e-01, 1.106e+05, 0.000e+00, 1.459e-04, 0.000e+00, 2.009e+00, 9.983e+02, 6.410e-08
2.275e+00, 5.000e-01, -1.950e-01, 1.105e+05, 0.000e+00, 1.191e-04, 0.000e+00, 2.007e+00, 9.983e+02, 5.175e-08
2.275e+00, 5.000e-01, -1.850e-01, 1.106e+05, 0.000e+00, 1.016e-04, 0.000e+00, 2.009e+00, 9.983e+02, 4.363e-08
2.275e+00, 5.000e-01, -1.750e-01, 1.105e+05, 0.000e+00, 9.099e-05, 0.000e+00, 2.007e+00, 9.983e+02, 3.906e-08
2.275e+00, 5.000e-01, -1.650e-01, 1.104e+05, 0.000e+00, 9.058e-05, 0.000e+00, 2.005e+00, 9.983e+02, 3.888e-08
2.275e+00, 5.000e-01, -1.550e-01, 1.103e+05, 0.000e+00, 1.103e-04, 0.000e+00, 2.004e+00, 9.983e+02, 4.733e-08
2.275e+00, 5.000e-01, -1.450e-01, 1.102e+05, 0.000e+00, 1.602e-04, 0.000e+00, 2.002e+00, 9.983e+02, 6.878e-08
2.275e+00, 5.000e-01, -1.350e-01, 1.101e+05, 0.000e+00, 2.251e-04, 0.000e+00, 2.000e+00, 9.983e+02, 9.665e-08
2.275e+00, 5.000e-01, -1.250e-01, 1.100e+05, 0.000e+00, 2.419e-04, 0.000e+00, 1.998e+00, 9.983e+02, 1.044e-07
2.275e+00, 5.000e-01, -1.150e-01, 1.111e+05, 0.000e+00, 1.958e-04, 0.000e+00, 2.018e+00, 9.983e+02, 8.600e-08
2.275e+00, 5.000e-01, -1.050e-01, 1.110e+05, 0.000e+00, 1.297e-04, 0.000e+00, 2.017e+00, 9.983e+02, 5.695e-08
2.275e+00, 5.000e-01, -9.500e-02, 1.109e+05, 0.000e+00, 7.468e-05, 0.000e+00, 2.015e+00, 9.983e+02, 3.280e-08
2.275e+00, 5.000e-01, -8.500e-02, 1.108e+05, 0.000e+00, 3.924e-05, 0.000e+00, 2.013e+00, 9.983e+02, 1.724e-08
2.275e+00, 5.000e-01, -7.500e-02, 1.107e+05, 0.000e+00, 1.945e-05, 0.000e+00, 2.011e+00, 9.983e+02, 8.543e-09
2.275e+00, 5.000e-01, -6.500e-02, 1.106e+05, 0.000e+00, 9.275e-06, 0.000e+00, 2.009e+00, 9.983e+02, 4.074e-09
2.275e+00, 5.000e-01, -5.500e-02, 1.105e+05, 0.000e+00, 4.287e-06, 0.000e+00, 2.008e+00, 9.983e+02, 1.883e-09
2.275e+00, 5.000e-01, -4.500e-02, 1.104e+05, 0.000e+00, 1.921e-06, 0.000e+00, 2.006e+00, 9.983e+02, 8.437e-10
2.275e+00, 5.000e-01, -3.500e-02, 1.103e+05, 0.000e+00, 8.317e-07, 0.000e+00, 2.004e+00, 9.983e+02, 3.653e-10
2.275e+00, 5.000e-01, -2.500e-02, 1.102e+05, 0.000e+00, 3.484e-07, 0.000e+00, 2.002e+00, 9.983e+02, 1.530e-10
2.275e+00, 5.000e-01, -1.500e-02, 1.101e+05, 0.000e+00, 1.433e-07, 0.000e+00, 2.000e+00, 9.983e+02, 6.295e-11
2.275e+00, 5.000e-01, -5.000e-03, 1.100e+05, 0.000e+00, 6.183e-08, 0.000e+00, 1.999e+00, 9.983e+02, 2.716e-11
2.285e+00, 5.000e-01, -1.195e+00, 1.202e+05, 0.000e+00, 1.002e-13, 0.000e+00, 2.184e+00, 9.983e+02, 2.000e-17
2.285e+00, 5.000e-01, -1.185e+00, 1.201e+05, 0.000e+00, 1.002e-13, 0.000e+00, 2.182e+00, 9.983e+02, 2.000e-17
2.285e+00, 5.000e-01, -1.175e+00, 1.200e+05, 0.000e+00, 1.002e-13, 0.000e+00, 2.181e+00, 9.983e+02, 2.000e-17
2.285e+00, 5.000e-01, -1.165e+00, 1.199e+05, 0.000e+00, 1.002e-13, 0.000e+00, 2.179e+00, 9.983e+02, 2.000e-17
2.285e+00, 5.000e-01, -1.155e+00, 1.198e+05, 0.000e+00, 1.002e-13, 0.000e+00, 2.177e+00, 9.983e+02, 2.000e-17
2.285e+00, 5.000e-01, -1.145e+00, 1.197e+05, 0.000e+00, 1.002e-13, 0.000e+00, 2.175e+00, 9.983e+02, 2.000e-17
2.285e+00, 5.000e-01, -1.135e+00, 1.196e+05, 0.000e+00, 1.002e-13, 0.000e+00, 2.173e+00, 9.983e+02, 2.000e-17
2.285e+00, 5.000e-01, -1.125e+00, 1.195e+05, 0.000e+00, 1.002e-13, 0.000e+00, 2.172e+00, 9.983e+02, 2.000e-17
2.285e+00, 5.000e-01, -1.115e+00, 1.194e+05, 0.000e+00, 1.002e-13, 0.000e+00, 2.170e+00, 9.983e+02, 2.000e-17
2.285e+00, 5.000e-01, -1.105e+00, 1.193e+05, 0.000e+00, 1.003e-13, 0.000e+00, 2.168e+00, 9.983e+02, 2.004e-17
2.285e+00, 5.000e-01, -1.095e+00, 1.192e+05, 0.000e+00, 1.376e-09, 0.000e+00, 2.166e+00, 9.983e+02, 5.898e-13
2.285e+00, 5.000e-01, -1.085e+00, 1.191e+05, 0.000e+00, 4.793e-04, 0.000e+00, 2.165e+00, 9.984e+02, 2.057e-07
2.285e+00, 5.000e-01, -1.075e+00, 1.190e+05, 0.000e+00, 4.934e-04, 0.000e+00, 2.163e+00, 9.984e+02, 2.118e-07
2.285e+00, 5.000e-01, -1.065e+00, 1.189e+05, 0.000e+00, 5.074e-04, 0.000e+00, 2.161e+00, 9.984e+02, 2.178e-07
2.285e+00, 5.000e-01, -1.055e+00, 1.188e+05, 0.000e+00, 5.255e-04, 0.000e+00, 2.159e+00, 9.984e+02, 2.256e-07
2.285e+00, 5.000e-01, -1.045e+00, 1.187e+05, 0.000e+00, 5.474e-04, 0.000e+00, 2.158e+00, 9.984e+02, 2.350e-07
2.285e+00, 5.000e-01, -1.035e+00, 1.186e+05, 0.000e+00, 5.633e-04, 0.000e+00, 2.156e+00, 9.984e+02, 2.418e-07
2.285e+00, 5.000e-01, -1.025e+00, 1.185e+05, 0.000e+00, 5.678e-04, 0.000e+00, 2.154e+00, 9.984e+02, 2.438e-07
2.285e+00, 5.000e-01, -1.015e+00, 1.185e+05, 0.000e+00, 5.634e-04, 0.000e+00, 2.152e+00, 9.984e+02, 2.419e-07
2.285e+00, 5.000e-01, -1.005e+00, 1.184e+05, 0.000e+00, 5.546e-04, 0.000e+00, 2.150e+00, 9.984e+02, 2.381e-07
2.285e+00, 5.000e-01, -9.950e-01, 1.183e+05, 0.000e+00, 5.446e-04, 0.000e+00, 2.149e+00, 9.984e+02, 2.338e-07
2.285e+00, 5.000e-01, -9.850e-01, 1.182e+05, 0.000e+00, 5.356e-04, 0.000e+00, 2.147e+00, 9.984e+02, 2.300e-07
2.285e+00, 5.000e-01, -9.750e-01, 1.181e+05, 0.000e+00, 5.289e-04, 0.000e+00, 2.145e+00, 9.984e+02, 2.271e-07
2.285e+00, 5.000e-01, -9.650e-01, 1.180e+05, 0.000e+00, 5.245e-04, 0.000e+00, 2.143e+00, 9.984e+02, 2.252e-07
2.285e+00, 5.000e-01, -9.550e-01, 1.179e+05, 0.000e+00, 5.216e-04, 0.000e+00, 2.141e+00, 9.984e+02, 2.239e-07
2.285e+00, 5.000e-01, -9.450e-01, 1.178e+05, 0.000e+00, 5.191e-04, 0.000e+00, 2.140e+00, 9.984e+02, 2.228e-07
2.285e+00, 5.000e-01, -9.350e-01, 1.177e+05, 0.000e+00, 5.159e-04, 0.000e+00, 2.138e+00, 9.984e+02, 2.215e-07
2.285e+00, 5.000e-01, -9.250e-01, 1.176e+05, 0.000e+00, 5.113e-04, 0.000e+00, 2.136e+00, 9.984e+02, 2.195e-07
2.285e+00, 5.000e-01, -9.150e-01, 1.175e+05, 0.000e+00, 5.048e-04, 0.000e+00, 2.134e+00, 9.984e+02, 2.167e-07
2.285e+00, 5.000e-01, -9.050e-01, 1.174e+05, 0.000e+00, 4.963e-04, 0.000e+00, 2.132e+00, 9.984e+02, 2.131e-07
2.285e+00, 5.000e-01, -8.950e-01, 1.173e+05, 0.000e+00, 4.852e-04, 0.000e+00, 2.131e+00, 9.984e+02, 2.083e-07
2.285e+00, 5.000e-01, -8.850e-01, 1.172e+05, 0.000e+00, 4.707e-04, 0.000e+00, 2.129e+00, 9.983e+02, 2.021e-07
2.285e+00, 5.000e-01, -8.750e-01, 1.171e+05, 0.000e+00, 4.513e-04, 0.000e+00, 2.127e+00, 9.983e+02, 1.937e-07
2.285e+00, 5.000e-01, -8.650e-01, 1.170e+05, 0.000e+00, 4.253e-04, 0.000e+00, 2.125e+00, 9.983e+02, 1.826e-07
2.285e+00, 5.000e-01, -8.550e-01, 1.169e+05, 0.000e+00, 3.965e-04, 0.000e+00, 2.124e+00, 9.983e+02, 1.702e-07
2.285e+00, 5.000e-01, -8.450e-01, 1.168e+05, 0.000e+00, 3.917e-04, 0.000e+00, 2.122e+00, 9.983e+02, 1.682e-07
2.285e+00, 5.000e-01, -8.350e-01, 1.167e+05, 0.000e+00, 4.138e-04, 0.000e+00, 2.120e+00, 9.983e+02, 1.777e-07
2.285e+00, 5.000e-01, -8.250e-01, 1.166e+05, 0.000e+00, 4.282e-04, 0.000e+00, 2.118e+00, 9.983e+02, 1.838e-07
2.285e+00, 5.000e-01, -8.150e-01, 1.165e+05, 0.000e+00, 4.106e-04, 0.000e+00, 2.116e+00, 9.983e+02, 1.763e-07
2.285e+00, 5.000e-01, -8.050e-01, 1.164e+05, 0.000e+00, 3.623e-04, 0.000e+00, 2.115e+00, 9.983e+02, 1.555e-07
2.285e+00, 5.000e-01, -7.950e-01, 1.163e+05, 0.000e+00, 2.967e-04, 0.000e+00, 2.113e+00, 9.983e+02, 1.274e-07
2.285e+00, 5.000e-01, -7.850e-01, 1.162e+05, 0.000e+00, 2.290e-04, 0.000e+00, 2.111e+00, 9.983e+02, 9.829e-08
2.285e+00, 5.000e-01, -7.750e-01, 1.161e+05, 0.000e+00, 1.720e-04, 0.000e+00, 2.109e+00, 9.983e+02, 7.383e-08
2.285e+00, 5.000e-01, -7.650e-01, 1.160e+05, 0.000e+00, 1.301e-04, 0.000e+00, 2.107e+00, 9.983e+02, 5.585e-08
2.285e+00, 5.000e-01, -7.550e-01, 1.159e+05, 0.000e+00, 1.081e-04, 0.000e+00, 2.106e+00, 9.983e+02, 4.639e-08
2.285e+00, 5.000e-01, -7.450e-01, 1.158e+05, 0.000e+00, 1.473e-04, 0.000e+00, 2.104e+00, 9.983e+02, 6.324e-08
2.285e+00, 5.000e-01, -7.350e-01, 1.157e+05, 6.705e-07, 4.602e-04, 0.000e+00, 2.102e+00, 9.983e+02, 1.976e-07
2.285e+00, 5.000e-01, -7.250e-01, 1.156e+05, 4.689e-01, 1.895e-03, 0.000e+00, 2.100e+00, 9.986e+02, 8.556e-07
2.285e+00, 5.000e-01, -7.150e-01, 1.156e+05, 8.683e-01, 1.895e-03, 0.000e+00, 2.100e+00, 9.986e+02, 8.947e-07
2.285e+00, 5.000e-01, -7.050e-01, 1.169e+05, 1.449e-06, 4.187e-04, 0.000e+00, 2.124e+00, 9.983e+02, 1.839e-07
2.285e+00, 5.000e-01, -6.950e-01, 1.168e+05, 0.000e+00, 2.722e-04, 0.000e+00, 2.122e+00, 9.983e+02, 1.196e-07
2.285e+00, 5.000e-01, -6.850e-01, 1.167e+05, 0.000e+00, 1.689e-04, 0.000e+00, 2.120e+00, 9.983e+02, 7.418e-08
2.285e+00, 5.000e-01, -6.750e-01, 1.166e+05, 0.000e+00, 1.003e-04, 0.000e+00, 2.119e+00, 9.983e+02, 4.405e-08
2.285e+00, 5.000e-01, -6.650e-01, 1.165e+05, 0.000e+00, 5.909e-05, 0.000e+00, 2.117e+00, 9.983e+02, 2.595e-08
2.285e+00, 5.000e-01, -6.550e-01, 1.164e+05, 0.000e+00, 4.023e-05, 0.000e+00, 2.115e+00, 9.983e+02, 1.767e-08
2.285e+00, 5.000e-01, -6.450e-01, 1.163e+05, 0.000e+00, 4.208e-05, 0.000e+00, 2.113e+00, 9.983e+02, 1.848e-08
2.285e+00, 5.000e-01, -6.350e-01, 1.162e+05, 0.000e+00, 6.643e-05, 0.000e+00, 2.111e+00, 9.983e+02, 2.918e-08
2.285e+00, 5.000e-01, -6.250e-01, 1.161e+05, 0.000e+00, 1.154e-04, 0.000e+00, 2.110e+00, 9.983e+02, 5.068e-08
2.285e+00, 5.000e-01, -6.150e-01, 1.160e+05, 0.000e+00, 1.840e-04, 0.000e+00, 2.108e+00, 9.983e+02, 8.084e-08
2.285e+00, 5.000e-01, -6.050e-01, 1.159e+05, 0.000e+00, 2.535e-04, 0.000e+00, 2.106e+00, 9.983e+02, 1.113e-07
2.285e+00, 5.000e-01, -5.950e-01, 1.144e+05, 0.000e+00, 3.021e-04, 0.000e+00, 2.077e+00, 9.983e+02, 1.348e-07
2.285e+00, 5.000e-01, -5.850e-01, 1.143e+05, 0.000e+00, 3.422e-04, 0.000e+00, 2.075e+00, 9.983e+02, 1.537e-07
2.285e+00, 5.000e-01, -5.750e-01, 1.142e+05, 0.000e+00, 3.841e-04, 0.000e+00, 2.074e+00, 9.983e+02, 1.726e-07
2.285e+00, 5.000e-01, -5.650e-01, 1.141e+05, 0.000e+00, 4.027e-04, 0.000e+00, 2.072e+00, 9.983e+02, 1.809e-07
2.285e+00, 5.000e-01, -5.550e-01, 1.140e+05, 0.000e+00, 3.998e-04, 0.000e+00, 2.070e+00, 9.983e+02, 1.796e-07
2.285e+00, 5.000e-01, -5.450e-01, 1.139e+05, 0.000e+00, 3.891e-04, 0.000e+00, 2.068e+00, 9.983e+02, 1.748e-07
2.285e+00, 5.000e-01, -5.350e-01, 1.138e+05, 0.000e+00, 3.806e-04, 0.000e+00, 2.067e+00, 9.983e+02, 1.710e-07
2.285e+00, 5.000e-01, -5.250e-01, 1.137e+05, 0.000e+00, 3.765e-04, 0.000e+00, 2.065e+00, 9.983e+02, 1.691e-07
2.285e+00, 5.000e-01, -5.150e-01, 1.136e+05, 0.000e+00, 3.786e-04, 0.000e+00, 2.063e+00, 9.983e+02, 1.701e-07
2.285e+00, 5.000e-01, -5.050e-01, 1.135e+05, 0.000e+00, 4.000e-04, 0.000e+00, 2.061e+00, 9.983e+02, 1.797e-07
2.285e+00, 5.000e-01, -4.950e-01, 1.134e+05, 0.000e+00, 4.565e-04, 0.000e+00, 2.059e+00, 9.983e+02, 2.004e-07
2.285e+00, 5.000e-01, -4.850e-01, 1.133e+05, 0.000e+00, 5.055e-04, 0.000e+00, 2.057e+00, 9.984e+02, 2.170e-07
2.285e+00, 5.000e-01, -4.750e-01, 1.132e+05, 0.000e+00, 5.270e-04, 0.000e+00, 2.056e+00, 9.984e+02, 2.262e-07
2.285e+00, 5.000e-01, -4.650e-01, 1.131e+05, 0.000e+00, 5.330e-04, 0.000e+00, 2.054e+00, 9.984e+02, 2.288e-07
2.285e+00, 5.000e-01, -4.550e-01, 1.130e+05, 0.000e+00, 5.287e-04, 0.000e+00, 2.052e+00, 9.984e+02, 2.270e-07
2.285e+00, 5.000e-01, -4.450e-01, 1.129e+05, 0.000e+00, 5.163e-04, 0.000e+00, 2.050e+00, 9.984e+02, 2.234e-07
2.285e+00, 5.000e-01, -4.350e-01, 1.128e+05, 0.000e+00, 4.995e-04, 0.000e+00, 2.049e+00, 9.984e+02, 2.244e-07
2.285e+00, 5.000e-01, -4.250e-01, 1.127e+05, 0.000e+00, 4.916e-04, 0.000e+00, 2.047e+00, 9.984e+02, 2.116e-07
2.285e+00, 5.000e-01, -4.150e-01, 1.126e+05, 0.000e+00, 4.751e-04, 0.000e+00, 2.045e+00, 9.983e+02, 2.040e-07
2.285e+00, 5.000e-01, -4.050e-01, 1.125e+05, 0.000e+00, 4.590e-04, 0.000e+00, 2.043e+00, 9.983e+02, 1.970e-07
2.285e+00, 5.000e-01, -3.950e-01, 1.124e+05, 0.000e+00, 4.367e-04, 0.000e+00, 2.041e+00, 9.983e+02, 1.875e-07
2.285e+00, 5.000e-01, -3.850e-01, 1.123e+05, 0.000e+00, 3.938e-04, 0.000e+00, 2.039e+00, 9.983e+02, 1.691e-07
2.285e+00, 5.000e-01, -3.750e-01, 1.122e+05, 0.000e+00, 3.557e-04, 0.000e+00, 2.038e+00, 9.983e+02, 1.527e-07
2.285e+00, 5.000e-01, -3.650e-01, 1.121e+05, 0.000e+00, 3.490e-04, 0.000e+00, 2.036e+00, 9.983e+02, 1.539e-07
2.285e+00, 5.000e-01, -3.550e-01, 1.120e+05, 0.000e+00, 3.480e-04, 0.000e+00, 2.034e+00, 9.983e+02, 1.564e-07
2.285e+00, 5.000e-01, -3.450e-01, 1.119e+05, 0.000e+00, 3.447e-04, 0.000e+00, 2.033e+00, 9.983e+02, 1.549e-07
2.285e+00, 5.000e-01, -3.350e-01, 1.118e+05, 0.000e+00, 3.429e-04, 0.000e+00, 2.031e+00, 9.983e+02, 1.540e-07
2.285e+00, 5.000e-01, -3.250e-01, 1.117e+05, 0.000e+00, 3.435e-04, 0.000e+00, 2.029e+00, 9.983e+02, 1.543e-07
2.285e+00, 5.000e-01, -3.150e-01, 1.116e+05, 0.000e+00, 3.456e-04, 0.000e+00, 2.027e+00, 9.983e+02, 1.553e-07
2.285e+00, 5.000e-01, -3.050e-01, 1.115e+05, 0.000e+00, 3.472e-04, 0.000e+00, 2.025e+00, 9.983e+02, 1.560e-07
2.285e+00, 5.000e-01, -2.950e-01, 1.114e+05, 0.000e+00, 3.460e-04, 0.000e+00, 2.024e+00, 9.983e+02, 1.555e-07
2.285e+00, 5.000e-01, -2.850e-01, 1.113e+05, 0.000e+00, 3.403e-04, 0.000e+00, 2.022e+00, 9.983e+02, 1.529e-07
2.285e+00, 5.000e-01, -2.750e-01, 1.113e+05, 0.000e+00, 3.317e-04, 0.000e+00, 2.021e+00, 9.983e+02, 1.457e-07
2.285e+00, 5.000e-01, -2.650e-01, 1.112e+05, 0.000e+00, 3.186e-04, 0.000e+00, 2.020e+00, 9.983e+02, 1.399e-07
2.285e+00, 5.000e-01, -2.550e-01, 1.111e+05, 0.000e+00, 2.997e-04, 0.000e+00, 2.018e+00, 9.983e+02, 1.316e-07
2.285e+00, 5.000e-01, -2.450e-01, 1.110e+05, 0.000e+00, 2.745e-04, 0.000e+00, 2.016e+00, 9.983e+02, 1.206e-07
2.285e+00, 5.000e-01, -2.350e-01, 1.109e+05, 0.000e+00, 2.435e-04, 0.000e+00, 2.014e+00, 9.983e+02, 1.069e-07
2.285e+00, 5.000e-01, -2.250e-01, 1.108e+05, 0.000e+00, 2.083e-04, 0.000e+00, 2.012e+00, 9.983e+02, 9.149e-08
2.285e+00, 5.000e-01, -2.150e-01, 1.107e+05, 0.000e+00, 1.711e-04, 0.000e+00, 2.011e+00, 9.983e+02, 7.515e-08
2.285e+00, 5.000e-01, -2.050e-01, 1.106e+05, 0.000e+00, 1.352e-04, 0.000e+00, 2.009e+00, 9.983e+02, 5.939e-08
2.285e+00, 5.000e-01, -1.950e-01, 1.107e+05, 0.000e+00, 1.080e-04, 0.000e+00, 2.011e+00, 9.983e+02, 4.683e-08
2.285e+00, 5.000e-01, -1.850e-01, 1.106e+05, 0.000e+00, 8.809e-05, 0.000e+00, 2.009e+00, 9.983e+02, 3.781e-08
2.285e+00, 5.000e-01, -1.750e-01, 1.105e+05, 0.000e+00, 7.622e-05, 0.000e+00, 2.007e+00, 9.983e+02, 3.272e-08
2.285e+00, 5.000e-01, -1.650e-01, 1.104e+05, 0.000e+00, 7.665e-05, 0.000e+00, 2.005e+00, 9.983e+02, 3.290e-08
2.285e+00, 5.000e-01, -1.550e-01, 1.103e+05, 0.000e+00, 9.969e-05, 0.000e+00, 2.004e+00, 9.983e+02, 4.279e-08
2.285e+00, 5.000e-01, -1.450e-01, 1.102e+05, 0.000e+00, 1.552e-04, 0.000e+00, 2.002e+00, 9.983e+02, 6.660e-08
2.285e+00, 5.000e-01, -1.350e-01, 1.101e+05, 0.000e+00, 2.254e-04, 0.000e+00, 2.000e+00, 9.983e+02, 9.675e-08
2.285e+00, 5.000e-01, -1.250e-01, 1.100e+05, 0.000e+00, 2.422e-04, 0.000e+00, 1.998e+00, 9.983e+02, 1.048e-07
2.285e+00, 5.000e-01, -1.150e-01, 1.111e+05, 0.000e+00, 1.965e-04, 0.000e+00, 2.018e+00, 9.983e+02, 8.632e-08
2.285e+00, 5.000e-01, -1.050e-01, 1.110e+05, 0.000e+00, 1.309e-04, 0.000e+00, 2.017e+00, 9.983e+02, 5.749e-08
2.285e+00, 5.000e-01, -9.500e-02, 1.109e+05, 0.000e+00, 7.593e-05, 0.000e+00, 2.015e+00, 9.983e+02, 3.335e-08
2.285e+00, 5.000e-01, -8.500e-02, 1.108e+05, 0.000e+00, 4.021e-05, 0.000e+00, 2.013e+00, 9.983e+02, 1.766e-08
2.285e+00, 5.000e-01, -7.500e-02, 1.107e+05, 0.000e+00, 2.009e-05, 0.000e+00, 2.011e+00, 9.983e+02, 8.825e-09
2.285e+00, 5.000e-01, -6.500e-02, 1.106e+05, 0.000e+00, 9.650e-06, 0.000e+00, 2.009e+00, 9.983e+02, 4.239e-09
2.285e+00, 5.000e-01, -5.500e-02, 1.105e+05, 0.000e+00, 4.487e-06, 0.000e+00, 2.008e+00, 9.983e+02, 1.971e-09
2.285e+00, 5.000e-01, -4.500e-02, 1.104e+05, 0.000e+00, 2.019e-06, 0.000e+00, 2.006e+00, 9.983e+02, 8.867e-10
2.285e+00, 5.000e-01, -3.500e-02, 1.103e+05, 0.000e+00, 8.769e-07, 0.000e+00, 2.004e+00, 9.983e+02, 3.852e-10
2.285e+00, 5.000e-01, -2.500e-02, 1.102e+05, 0.000e+00, 3.682e-07, 0.000e+00, 2.002e+00, 9.983e+02, 1.617e-10
2.285e+00, 5.000e-01, -1.500e-02, 1.101e+05, 0.000e+00, 1.519e-07, 0.000e+00, 2.000e+00, 9.983e+02, 6.671e-11
2.285e+00, 5.000e-01, -5.000e-03, 1.100e+05, 0.000e+00, 6.593e-08, 0.000e+00, 1.999e+00, 9.983e+02, 2.896e-11
2.295e+00, 5.000e-01, -1.195e+00, 1.202e+05, 0.000e+00, 1.002e-13, 0.000e+00, 2.184e+00, 9.983e+02, 2.000e-17
2.295e+00, 5.000e-01, -1.185e+00, 1.201e+05, 0.000e+00, 1.002e-13, 0.000e+00, 2.182e+00, 9.983e+02, 2.000e-17
2.295e+00, 5.000e-01, -1.175e+00, 1.200e+05, 0.000e+00, 1.002e-13, 0.000e+00, 2.181e+00, 9.983e+02, 2.000e-17
2.295e+00, 5.000e-01, -1.165e+00, 1.199e+05, 0.000e+00, 1.002e-13, 0.000e+00, 2.179e+00, 9.983e+02, 2.000e-17
2.295e+00, 5.000e-01, -1.155e+00, 1.198e+05, 0.000e+00, 1.002e-13, 0.000e+00, 2.177e+00, 9.983e+02, 2.000e-17
2.295e+00, 5.000e-01, -1.145e+00, 1.197e+05, 0.000e+00, 1.002e-13, 0.000e+00, 2.175e+00, 9.983e+02, 2.000e-17
2.295e+00, 5.000e-01, -1.135e+00, 1.196e+05, 0.000e+00, 1.002e-13, 0.000e+00, 2.173e+00, 9.983e+02, 2.000e-17
2.295e+00, 5.000e-01, -1.125e+00, 1.195e+05, 0.000e+00, 1.002e-13, 0.000e+00, 2.172e+00, 9.983e+02, 2.000e-17
2.295e+00, 5.000e-01, -1.115e+00, 1.194e+05, 0.000e+00, 1.002e-13, 0.000e+00, 2.170e+00, 9.983e+02, 2.000e-17
2.295e+00, 5.000e-01, -1.105e+00, 1.193e+05, 0.000e+00, 1.003e-13, 0.000e+00, 2.168e+00, 9.983e+02, 2.004e-17
2.295e+00, 5.000e-01, -1.095e+00, 1.192e+05, 0.000e+00, 1.442e-09, 0.000e+00, 2.166e+00, 9.983e+02, 6.060e-13
2.295e+00, 5.000e-01, -1.085e+00, 1.191e+05, 0.000e+00, 4.757e-04, 0.000e+00, 2.165e+00, 9.984e+02, 2.042e-07
2.295e+00, 5.000e-01, -1.075e+00, 1.190e+05, 0.000e+00, 4.896e-04, 0.000e+00, 2.163e+00, 9.984e+02, 2.102e-07
2.295e+00, 5.000e-01, -1.065e+00, 1.189e+05, 0.000e+00, 5.052e-04, 0.000e+00, 2.161e+00, 9.984e+02, 2.169e-07
2.295e+00, 5.000e-01, -1.055e+00, 1.188e+05, 0.000e+00, 5.275e-04, 0.000e+00, 2.159e+00, 9.984e+02, 2.264e-07
2.295e+00, 5.000e-01, -1.045e+00, 1.187e+05, 0.000e+00, 5.542e-04, 0.000e+00, 2.158e+00, 9.984e+02, 2.379e-07
2.295e+00, 5.000e-01, -1.035e+00, 1.186e+05, 0.000e+00, 5.749e-04, 0.000e+00, 2.156e+00, 9.984e+02, 2.468e-07
2.295e+00, 5.000e-01, -1.025e+00, 1.185e+05, 0.000e+00, 5.843e-04, 0.000e+00, 2.154e+00, 9.984e+02, 2.508e-07
2.295e+00, 5.000e-01, -1.015e+00, 1.185e+05, 0.000e+00, 5.838e-04, 0.000e+00, 2.152e+00, 9.984e+02, 2.506e-07
2.295e+00, 5.000e-01, -1.005e+00, 1.184e+05, 0.000e+00, 5.772e-04, 0.000e+00, 2.150e+00, 9.984e+02, 2.478e-07
2.295e+00, 5.000e-01, -9.950e-01, 1.183e+05, 0.000e+00, 5.678e-04, 0.000e+00, 2.149e+00, 9.984e+02, 2.437e-07
2.295e+00, 5.000e-01, -9.850e-01, 1.182e+05, 0.000e+00, 5.581e-04, 0.000e+00, 2.147e+00, 9.984e+02, 2.396e-07
2.295e+00, 5.000e-01, -9.750e-01, 1.181e+05, 0.000e+00, 5.496e-04, 0.000e+00, 2.145e+00, 9.984e+02, 2.359e-07
2.295e+00, 5.000e-01, -9.650e-01, 1.180e+05, 0.000e+00, 5.426e-04, 0.000e+00, 2.143e+00, 9.984e+02, 2.329e-07
2.295e+00, 5.000e-01, -9.550e-01, 1.179e+05, 0.000e+00, 5.367e-04, 0.000e+00, 2.141e+00, 9.984e+02, 2.304e-07
2.295e+00, 5.000e-01, -9.450e-01, 1.178e+05, 0.000e+00, 5.309e-04, 0.000e+00, 2.140e+00, 9.984e+02, 2.279e-07
2.295e+00, 5.000e-01, -9.350e-01, 1.177e+05, 0.000e+00, 5.243e-04, 0.000e+00, 2.138e+00, 9.984e+02, 2.251e-07
2.295e+00, 5.000e-01, -9.250e-01, 1.176e+05, 0.000e+00, 5.161e-04, 0.000e+00, 2.136e+00, 9.984e+02, 2.215e-07
2.295e+00, 5.000e-01, -9.150e-01, 1.175e+05, 0.000e+00, 5.059e-04, 0.000e+00, 2.134e+00, 9.984e+02, 2.172e-07
2.295e+00, 5.000e-01, -9.050e-01, 1.174e+05, 0.000e+00, 4.934e-04, 0.000e+00, 2.132e+00, 9.984e+02, 2.118e-07
2.295e+00, 5.000e-01, -8.950e-01, 1.173e+05, 0.000e+00, 4.779e-04, 0.000e+00, 2.131e+00, 9.983e+02, 2.052e-07
2.295e+00, 5.000e-01, -8.850e-01, 1.172e+05, 0.000e+00, 4.586e-04, 0.000e+00, 2.129e+00, 9.983e+02, 1.969e-07
2.295e+00, 5.000e-01, -8.750e-01, 1.171e+05, 0.000e+00, 4.342e-04, 0.000e+00, 2.127e+00, 9.983e+02, 1.864e-07
2.295e+00, 5.000e-01, -8.650e-01, 1.170e+05, 0.000e+00, 4.061e-04, 0.000e+00, 2.125e+00, 9.983e+02, 1.743e-07
2.295e+00, 5.000e-01, -8.550e-01, 1.169e+05, 0.000e+00, 3.905e-04, 0.000e+00, 2.124e+00, 9.983e+02, 1.676e-07
2.295e+00, 5.000e-01, -8.450e-01, 1.168e+05, 0.000e+00, 4.050e-04, 0.000e+00, 2.122e+00, 9.983e+02, 1.739e-07
2.295e+00, 5.000e-01, -8.350e-01, 1.167e+05, 0.000e+00, 4.224e-04, 0.000e+00, 2.120e+00, 9.983e+02, 1.813e-07
2.295e+00, 5.000e-01, -8.250e-01, 1.166e+05, 0.000e+00, 4.112e-04, 0.000e+00, 2.118e+00, 9.983e+02, 1.765e-07
2.295e+00, 5.000e-01, -8.150e-01, 1.165e+05, 0.000e+00, 3.703e-04, 0.000e+00, 2.116e+00, 9.983e+02, 1.590e-07
2.295e+00, 5.000e-01, -8.050e-01, 1.164e+05, 0.000e+00, 3.100e-04, 0.000e+00, 2.115e+00, 9.983e+02, 1.331e-07
2.295e+00, 5.000e-01, -7.950e-01, 1.163e+05, 0.000e+00, 2.433e-04, 0.000e+00, 2.113e+00, 9.983e+02, 1.044e-07
2.295e+00, 5.000e-01, -7.850e-01, 1.162e+05, 0.000e+00, 1.874e-04, 0.000e+00, 2.111e+00, 9.983e+02, 8.043e-08
2.295e+00, 5.000e-01, -7.750e-01, 1.161e+05, 0.000e+00, 1.429e-04, 0.000e+00, 2.109e+00, 9.983e+02, 6.133e-08
2.295e+00, 5.000e-01, -7.650e-01, 1.160e+05, 0.000e+00, 1.092e-04, 0.000e+00, 2.107e+00, 9.983e+02, 4.688e-08
2.295e+00, 5.000e-01, -7.550e-01, 1.159e+05, 0.000e+00, 9.457e-05, 0.000e+00, 2.106e+00, 9.983e+02, 4.060e-08
2.295e+00, 5.000e-01, -7.450e-01, 1.158e+05, 0.000e+00, 1.449e-04, 0.000e+00, 2.104e+00, 9.983e+02, 6.218e-08
2.295e+00, 5.000e-01, -7.350e-01, 1.157e+05, 6.705e-07, 4.893e-04, 0.000e+00, 2.102e+00, 9.984e+02, 2.100e-07
2.295e+00, 5.000e-01, -7.250e-01, 1.156e+05, 4.687e-01, 1.895e-03, 0.000e+00, 2.100e+00, 9.986e+02, 8.556e-07
2.295e+00, 5.000e-01, -7.150e-01, 1.156e+05, 8.683e-01, 1.895e-03, 0.000e+00, 2.100e+00, 9.986e+02, 8.997e-07
2.295e+00, 5.000e-01, -7.050e-01, 1.169e+05, 1.449e-06, 3.857e-04, 0.000e+00, 2.124e+00, 9.983e+02, 1.694e-07
2.295e+00, 5.000e-01, -6.950e-01, 1.168e+05, 0.000e+00, 2.490e-04, 0.000e+00, 2.122e+00, 9.983e+02, 1.094e-07
2.295e+00, 5.000e-01, -6.850e-01, 1.167e+05, 0.000e+00, 1.550e-04, 0.000e+00, 2.120e+00, 9.983e+02, 6.810e-08
2.295e+00, 5.000e-01, -6.750e-01, 1.166e+05, 0.000e+00, 9.305e-05, 0.000e+00, 2.119e+00, 9.983e+02, 4.087e-08
2.295e+00, 5.000e-01, -6.650e-01, 1.165e+05, 0.000e+00, 5.644e-05, 0.000e+00, 2.117e+00, 9.983e+02, 2.479e-08
2.295e+00, 5.000e-01, -6.550e-01, 1.164e+05, 0.000e+00, 4.133e-05, 0.000e+00, 2.115e+00, 9.983e+02, 1.815e-08
2.295e+00, 5.000e-01, -6.450e-01, 1.163e+05, 0.000e+00, 4.714e-05, 0.000e+00, 2.113e+00, 9.983e+02, 2.071e-08
2.295e+00, 5.000e-01, -6.350e-01, 1.162e+05, 0.000e+00, 7.627e-05, 0.000e+00, 2.111e+00, 9.983e+02, 3.350e-08
2.295e+00, 5.000e-01, -6.250e-01, 1.161e+05, 0.000e+00, 1.304e-04, 0.000e+00, 2.110e+00, 9.983e+02, 5.727e-08
2.295e+00, 5.000e-01, -6.150e-01, 1.160e+05, 0.000e+00, 2.027e-04, 0.000e+00, 2.108e+00, 9.983e+02, 8.905e-08
2.295e+00, 5.000e-01, -6.050e-01, 1.159e+05, 0.000e+00, 2.716e-04, 0.000e+00, 2.106e+00, 9.983e+02, 1.193e-07
2.295e+00, 5.000e-01, -5.950e-01, 1.144e+05, 0.000e+00, 3.079e-04, 0.000e+00, 2.077e+00, 9.983e+02, 1.380e-07
2.295e+00, 5.000e-01, -5.850e-01, 1.143e+05, 0.000e+00, 3.320e-04, 0.000e+00, 2.075e+00, 9.983e+02, 1.491e-07
2.295e+00, 5.000e-01, -5.750e-01, 1.142e+05, 0.000e+00, 3.652e-04, 0.000e+00, 2.074e+00, 9.983e+02, 1.641e-07
2.295e+00, 5.000e-01, -5.650e-01, 1.141e+05, 0.000e+00, 3.824e-04, 0.000e+00, 2.072e+00, 9.983e+02, 1.718e-07
2.295e+00, 5.000e-01, -5.550e-01, 1.140e+05, 0.000e+00, 3.817e-04, 0.000e+00, 2.070e+00, 9.983e+02, 1.715e-07
2.295e+00, 5.000e-01, -5.450e-01, 1.139e+05, 0.000e+00, 3.742e-04, 0.000e+00, 2.068e+00, 9.983e+02, 1.681e-07
2.295e+00, 5.000e-01, -5.350e-01, 1.138e+05, 0.000e+00, 3.678e-04, 0.000e+00, 2.067e+00, 9.983e+02, 1.652e-07
2.295e+00, 5.000e-01, -5.250e-01, 1.137e+05, 0.000e+00, 3.644e-04, 0.000e+00, 2.065e+00, 9.983e+02, 1.637e-07
2.295e+00, 5.000e-01, -5.150e-01, 1.136e+05, 0.000e+00, 3.650e-04, 0.000e+00, 2.063e+00, 9.983e+02, 1.640e-07
2.295e+00, 5.000e-01, -5.050e-01, 1.135e+05, 0.000e+00, 3.798e-04, 0.000e+00, 2.061e+00, 9.983e+02, 1.706e-07
2.295e+00, 5.000e-01, -4.950e-01, 1.134e+05, 0.000e+00, 4.353e-04, 0.000e+00, 2.059e+00, 9.983e+02, 1.902e-07
2.295e+00, 5.000e-01, -4.850e-01, 1.133e+05, 0.000e+00, 4.884e-04, 0.000e+00, 2.057e+00, 9.983e+02, 2.097e-07
2.295e+00, 5.000e-01, -4.750e-01, 1.132e+05, 0.000e+00, 5.115e-04, 0.000e+00, 2.056e+00, 9.984e+02, 2.196e-07
2.295e+00, 5.000e-01, -4.650e-01, 1.131e+05, 0.000e+00, 5.187e-04, 0.000e+00, 2.054e+00, 9.984e+02, 2.227e-07
2.295e+00, 5.000e-01, -4.550e-01, 1.130e+05, 0.000e+00, 5.145e-04, 0.000e+00, 2.052e+00, 9.984e+02, 2.209e-07
2.295e+00, 5.000e-01, -4.450e-01, 1.129e+05, 0.000e+00, 5.012e-04, 0.000e+00, 2.050e+00, 9.984e+02, 2.174e-07
2.295e+00, 5.000e-01, -4.350e-01, 1.128e+05, 0.000e+00, 4.860e-04, 0.000e+00, 2.049e+00, 9.983e+02, 2.183e-07
2.295e+00, 5.000e-01, -4.250e-01, 1.127e+05, 0.000e+00, 4.799e-04, 0.000e+00, 2.047e+00, 9.983e+02, 2.073e-07
2.295e+00, 5.000e-01, -4.150e-01, 1.126e+05, 0.000e+00, 4.670e-04, 0.000e+00, 2.045e+00, 9.983e+02, 2.005e-07
2.295e+00, 5.000e-01, -4.050e-01, 1.125e+05, 0.000e+00, 4.489e-04, 0.000e+00, 2.043e+00, 9.983e+02, 1.927e-07
2.295e+00, 5.000e-01, -3.950e-01, 1.124e+05, 0.000e+00, 4.110e-04, 0.000e+00, 2.041e+00, 9.983e+02, 1.764e-07
2.295e+00, 5.000e-01, -3.850e-01, 1.123e+05, 0.000e+00, 3.579e-04, 0.000e+00, 2.039e+00, 9.983e+02, 1.537e-07
2.295e+00, 5.000e-01, -3.750e-01, 1.122e+05, 0.000e+00, 3.328e-04, 0.000e+00, 2.038e+00, 9.983e+02, 1.428e-07
2.295e+00, 5.000e-01, -3.650e-01, 1.121e+05, 0.000e+00, 3.238e-04, 0.000e+00, 2.036e+00, 9.983e+02, 1.433e-07
2.295e+00, 5.000e-01, -3.550e-01, 1.120e+05, 0.000e+00, 3.204e-04, 0.000e+00, 2.034e+00, 9.983e+02, 1.440e-07
2.295e+00, 5.000e-01, -3.450e-01, 1.119e+05, 0.000e+00, 3.204e-04, 0.000e+00, 2.033e+00, 9.983e+02, 1.439e-07
2.295e+00, 5.000e-01, -3.350e-01, 1.118e+05, 0.000e+00, 3.243e-04, 0.000e+00, 2.031e+00, 9.983e+02, 1.457e-07
2.295e+00, 5.000e-01, -3.250e-01, 1.117e+05, 0.000e+00, 3.311e-04, 0.000e+00, 2.029e+00, 9.983e+02, 1.487e-07
2.295e+00, 5.000e-01, -3.150e-01, 1.116e+05, 0.000e+00, 3.388e-04, 0.000e+00, 2.027e+00, 9.983e+02, 1.522e-07
2.295e+00, 5.000e-01, -3.050e-01, 1.115e+05, 0.000e+00, 3.446e-04, 0.000e+00, 2.025e+00, 9.983e+02, 1.548e-07
2.295e+00, 5.000e-01, -2.950e-01, 1.114e+05, 0.000e+00, 3.460e-04, 0.000e+00, 2.024e+00, 9.983e+02, 1.554e-07
2.295e+00, 5.000e-01, -2.850e-01, 1.113e+05, 0.000e+00, 3.399e-04, 0.000e+00, 2.022e+00, 9.983e+02, 1.524e-07
2.295e+00, 5.000e-01, -2.750e-01, 1.113e+05, 0.000e+00, 3.266e-04, 0.000e+00, 2.021e+00, 9.983e+02, 1.435e-07
2.295e+00, 5.000e-01, -2.650e-01, 1.112e+05, 0.000e+00, 3.094e-04, 0.000e+00, 2.020e+00, 9.983e+02, 1.359e-07
2.295e+00, 5.000e-01, -2.550e-01, 1.111e+05, 0.000e+00, 2.878e-04, 0.000e+00, 2.018e+00, 9.983e+02, 1.264e-07
2.295e+00, 5.000e-01, -2.450e-01, 1.110e+05, 0.000e+00, 2.616e-04, 0.000e+00, 2.016e+00, 9.983e+02, 1.149e-07
2.295e+00, 5.000e-01, -2.350e-01, 1.109e+05, 0.000e+00, 2.311e-04, 0.000e+00, 2.014e+00, 9.983e+02, 1.015e-07
2.295e+00, 5.000e-01, -2.250e-01, 1.108e+05, 0.000e+00, 1.972e-04, 0.000e+00, 2.012e+00, 9.983e+02, 8.661e-08
2.295e+00, 5.000e-01, -2.150e-01, 1.107e+05, 0.000e+00, 1.615e-04, 0.000e+00, 2.011e+00, 9.983e+02, 7.094e-08
2.295e+00, 5.000e-01, -2.050e-01, 1.106e+05, 0.000e+00, 1.268e-04, 0.000e+00, 2.009e+00, 9.983e+02, 5.568e-08
2.295e+00, 5.000e-01, -1.950e-01, 1.107e+05, 0.000e+00, 9.909e-05, 0.000e+00, 2.011e+00, 9.983e+02, 4.289e-08
2.295e+00, 5.000e-01, -1.850e-01, 1.106e+05, 0.000e+00, 7.785e-05, 0.000e+00, 2.009e+00, 9.983e+02, 3.342e-08
2.295e+00, 5.000e-01, -1.750e-01, 1.105e+05, 0.000e+00, 6.556e-05, 0.000e+00, 2.007e+00, 9.983e+02, 2.814e-08
2.295e+00, 5.000e-01, -1.650e-01, 1.104e+05, 0.000e+00, 6.731e-05, 0.000e+00, 2.005e+00, 9.983e+02, 2.889e-08
2.295e+00, 5.000e-01, -1.550e-01, 1.103e+05, 0.000e+00, 9.400e-05, 0.000e+00, 2.004e+00, 9.983e+02, 4.035e-08
2.295e+00, 5.000e-01, -1.450e-01, 1.102e+05, 0.000e+00, 1.550e-04, 0.000e+00, 2.002e+00, 9.983e+02, 6.652e-08
2.295e+00, 5.000e-01, -1.350e-01, 1.101e+05, 0.000e+00, 2.293e-04, 0.000e+00, 2.000e+00, 9.983e+02, 9.844e-08
2.295e+00, 5.000e-01, -1.250e-01, 1.100e+05, 0.000e+00, 2.441e-04, 0.000e+00, 1.998e+00, 9.983e+02, 1.058e-07
2.295e+00, 5.000e-01, -1.150e-01, 1.111e+05, 0.000e+00, 1.975e-04, 0.000e+00, 2.018e+00, 9.983e+02, 8.676e-08
2.295e+00, 5.000e-01, -1.050e-01, 1.110e+05, 0.000e+00, 1.318e-04, 0.000e+00, 2.017e+00, 9.983e+02, 5.790e-08
2.295e+00, 5.000e-01, -9.500e-02, 1.109e+05, 0.000e+00, 7.680e-05, 0.000e+00, 2.015e+00, 9.983e+02, 3.373e-08
2.295e+00, 5.000e-01, -8.500e-02, 1.108e+05, 0.000e+00, 4.091e-05, 0.000e+00, 2.013e+00, 9.983e+02, 1.797e-08
2.295e+00, 5.000e-01, -7.500e-02, 1.107e+05, 0.000e+00, 2.057e-05, 0.000e+00, 2.011e+00, 9.983e+02, 9.037e-09
2.295e+00, 5.000e-01, -6.500e-02, 1.106e+05, 0.000e+00, 9.944e-06, 0.000e+00, 2.009e+00, 9.983e+02, 4.368e-09
2.295e+00, 5.000e-01, -5.500e-02, 1.105e+05, 0.000e+00, 4.648e-06, 0.000e+00, 2.008e+00, 9.983e+02, 2.042e-09
2.295e+00, 5.000e-01, -4.500e-02, 1.104e+05, 0.000e+00, 2.100e-06, 0.000e+00, 2.006e+00, 9.983e+02, 9.224e-10
2.295e+00, 5.000e-01, -3.500e-02, 1.103e+05, 0.000e+00, 9.152e-07, 0.000e+00, 2.004e+00, 9.983e+02, 4.020e-10
2.295e+00, 5.000e-01, -2.500e-02, 1.102e+05, 0.000e+00, 3.852e-07, 0.000e+00, 2.002e+00, 9.983e+02, 1.692e-10
2.295e+00, 5.000e-01, -1.500e-02, 1.101e+05, 0.000e+00, 1.594e-07, 0.000e+00, 2.000e+00, 9.983e+02, 7.001e-11
2.295e+00, 5.000e-01, -5.000e-03, 1.100e+05, 0.000e+00, 6.962e-08, 0.000e+00, 1.999e+00, 9.983e+02, 3.058e-11
2.305e+00, 5.000e-01, -1.195e+00, 1.202e+05, 0.000e+00, 1.002e-13, 0.000e+00, 2.184e+00, 9.983e+02, 2.000e-17
2.305e+00, 5.000e-01, -1.185e+00, 1.201e+05, 0.000e+00, 1.002e-13, 0.000e+00, 2.182e+00, 9.983e+02, 2.000e-17
2.305e+00, 5.000e-01, -1.175e+00, 1.200e+05, 0.000e+00, 1.002e-13, 0.000e+00, 2.181e+00, 9.983e+02, 2.000e-17
2.305e+00, 5.000e-01, -1.165e+00, 1.199e+05, 0.000e+00, 1.002e-13, 0.000e+00, 2.179e+00, 9.983e+02, 2.000e-17
2.305e+00, 5.000e-01, -1.155e+00, 1.198e+05, 0.000e+00, 1.002e-13, 0.000e+00, 2.177e+00, 9.983e+02, 2.000e-17
2.305e+00, 5.000e-01, -1.145e+00, 1.197e+05, 0.000e+00, 1.002e-13, 0.000e+00, 2.175e+00, 9.983e+02, 2.000e-17
2.305e+00, 5.000e-01, -1.135e+00, 1.196e+05, 0.000e+00, 1.002e-13, 0.000e+00, 2.173e+00, 9.983e+02, 2.000e-17
2.305e+00, 5.000e-01, -1.125e+00, 1.195e+05, 0.000e+00, 1.002e-13, 0.000e+00, 2.172e+00, 9.983e+02, 2.000e-17
2.305e+00, 5.000e-01, -1.115e+00, 1.194e+05, 0.000e+00, 1.002e-13, 0.000e+00, 2.170e+00, 9.983e+02, 2.000e-17
2.305e+00, 5.000e-01, -1.105e+00, 1.193e+05, 0.000e+00, 7.955e-10, 0.000e+00, 2.168e+00, 9.983e+02, 2.634e-13
2.305e+00, 5.000e-01, -1.095e+00, 1.192e+05, 0.000e+00, 3.806e-09, 0.000e+00, 2.166e+00, 9.983e+02, 1.335e-12
2.305e+00, 5.000e-01, -1.085e+00, 1.191e+05, 0.000e+00, 4.715e-04, 0.000e+00, 2.165e+00, 9.983e+02, 2.024e-07
2.305e+00, 5.000e-01, -1.075e+00, 1.190e+05, 0.000e+00, 4.842e-04, 0.000e+00, 2.163e+00, 9.984e+02, 2.079e-07
2.305e+00, 5.000e-01, -1.065e+00, 1.189e+05, 0.000e+00, 4.985e-04, 0.000e+00, 2.161e+00, 9.984e+02, 2.140e-07
2.305e+00, 5.000e-01, -1.055e+00, 1.188e+05, 0.000e+00, 5.199e-04, 0.000e+00, 2.159e+00, 9.984e+02, 2.232e-07
2.305e+00, 5.000e-01, -1.045e+00, 1.187e+05, 0.000e+00, 5.472e-04, 0.000e+00, 2.158e+00, 9.984e+02, 2.349e-07
2.305e+00, 5.000e-01, -1.035e+00, 1.186e+05, 0.000e+00, 5.711e-04, 0.000e+00, 2.156e+00, 9.984e+02, 2.452e-07
2.305e+00, 5.000e-01, -1.025e+00, 1.185e+05, 0.000e+00, 5.858e-04, 0.000e+00, 2.154e+00, 9.984e+02, 2.515e-07
2.305e+00, 5.000e-01, -1.015e+00, 1.185e+05, 0.000e+00, 5.908e-04, 0.000e+00, 2.152e+00, 9.984e+02, 2.536e-07
2.305e+00, 5.000e-01, -1.005e+00, 1.184e+05, 0.000e+00, 5.885e-04, 0.000e+00, 2.150e+00, 9.984e+02, 2.526e-07
2.305e+00, 5.000e-01, -9.950e-01, 1.183e+05, 0.000e+00, 5.816e-04, 0.000e+00, 2.149e+00, 9.984e+02, 2.497e-07
2.305e+00, 5.000e-01, -9.850e-01, 1.182e+05, 0.000e+00, 5.725e-04, 0.000e+00, 2.147e+00, 9.984e+02, 2.458e-07
2.305e+00, 5.000e-01, -9.750e-01, 1.181e+05, 0.000e+00, 5.630e-04, 0.000e+00, 2.145e+00, 9.984e+02, 2.417e-07
2.305e+00, 5.000e-01, -9.650e-01, 1.180e+05, 0.000e+00, 5.539e-04, 0.000e+00, 2.143e+00, 9.984e+02, 2.378e-07
2.305e+00, 5.000e-01, -9.550e-01, 1.179e+05, 0.000e+00, 5.450e-04, 0.000e+00, 2.141e+00, 9.984e+02, 2.340e-07
2.305e+00, 5.000e-01, -9.450e-01, 1.178e+05, 0.000e+00, 5.359e-04, 0.000e+00, 2.140e+00, 9.984e+02, 2.301e-07
2.305e+00, 5.000e-01, -9.350e-01, 1.177e+05, 0.000e+00, 5.257e-04, 0.000e+00, 2.138e+00, 9.984e+02, 2.257e-07
2.305e+00, 5.000e-01, -9.250e-01, 1.176e+05, 0.000e+00, 5.139e-04, 0.000e+00, 2.136e+00, 9.984e+02, 2.206e-07
2.305e+00, 5.000e-01, -9.150e-01, 1.175e+05, 0.000e+00, 5.001e-04, 0.000e+00, 2.134e+00, 9.984e+02, 2.147e-07
2.305e+00, 5.000e-01, -9.050e-01, 1.174e+05, 0.000e+00, 4.841e-04, 0.000e+00, 2.132e+00, 9.984e+02, 2.078e-07
2.305e+00, 5.000e-01, -8.950e-01, 1.173e+05, 0.000e+00, 4.654e-04, 0.000e+00, 2.131e+00, 9.983e+02, 1.998e-07
2.305e+00, 5.000e-01, -8.850e-01, 1.172e+05, 0.000e+00, 4.435e-04, 0.000e+00, 2.129e+00, 9.983e+02, 1.904e-07
2.305e+00, 5.000e-01, -8.750e-01, 1.171e+05, 0.000e+00, 4.180e-04, 0.000e+00, 2.127e+00, 9.983e+02, 1.795e-07
2.305e+00, 5.000e-01, -8.650e-01, 1.170e+05, 0.000e+00, 3.924e-04, 0.000e+00, 2.125e+00, 9.983e+02, 1.684e-07
2.305e+00, 5.000e-01, -8.550e-01, 1.169e+05, 0.000e+00, 3.809e-04, 0.000e+00, 2.124e+00, 9.983e+02, 1.635e-07
2.305e+00, 5.000e-01, -8.450e-01, 1.168e+05, 0.000e+00, 3.898e-04, 0.000e+00, 2.122e+00, 9.983e+02, 1.673e-07
2.305e+00, 5.000e-01, -8.350e-01, 1.167e+05, 0.000e+00, 3.888e-04, 0.000e+00, 2.120e+00, 9.983e+02, 1.669e-07
2.305e+00, 5.000e-01, -8.250e-01, 1.166e+05, 0.000e+00, 3.602e-04, 0.000e+00, 2.118e+00, 9.983e+02, 1.546e-07
2.305e+00, 5.000e-01, -8.150e-01, 1.165e+05, 0.000e+00, 3.144e-04, 0.000e+00, 2.116e+00, 9.983e+02, 1.350e-07
2.305e+00, 5.000e-01, -8.050e-01, 1.164e+05, 0.000e+00, 2.560e-04, 0.000e+00, 2.115e+00, 9.983e+02, 1.099e-07
2.305e+00, 5.000e-01, -7.950e-01, 1.163e+05, 0.000e+00, 2.036e-04, 0.000e+00, 2.113e+00, 9.983e+02, 8.739e-08
2.305e+00, 5.000e-01, -7.850e-01, 1.162e+05, 0.000e+00, 1.588e-04, 0.000e+00, 2.111e+00, 9.983e+02, 6.818e-08
2.305e+00, 5.000e-01, -7.750e-01, 1.161e+05, 0.000e+00, 1.214e-04, 0.000e+00, 2.109e+00, 9.983e+02, 5.210e-08
2.305e+00, 5.000e-01, -7.650e-01, 1.160e+05, 0.000e+00, 9.396e-05, 0.000e+00, 2.107e+00, 9.983e+02, 4.033e-08
2.305e+00, 5.000e-01, -7.550e-01, 1.159e+05, 0.000e+00, 8.543e-05, 0.000e+00, 2.106e+00, 9.983e+02, 3.667e-08
2.305e+00, 5.000e-01, -7.450e-01, 1.158e+05, 0.000e+00, 1.447e-04, 0.000e+00, 2.104e+00, 9.983e+02, 6.211e-08
2.305e+00, 5.000e-01, -7.350e-01, 1.157e+05, 6.698e-07, 4.906e-04, 0.000e+00, 2.102e+00, 9.984e+02, 2.106e-07
2.305e+00, 5.000e-01, -7.250e-01, 1.156e+05, 4.684e-01, 1.895e-03, 0.000e+00, 2.100e+00, 9.986e+02, 8.555e-07
2.305e+00, 5.000e-01, -7.150e-01, 1.170e+05, 0.000e+00, 4.701e-04, 0.000e+00, 2.126e+00, 9.983e+02, 2.049e-07
2.305e+00, 5.000e-01, -7.050e-01, 1.169e+05, 0.000e+00, 3.311e-04, 0.000e+00, 2.124e+00, 9.983e+02, 1.454e-07
2.305e+00, 5.000e-01, -6.950e-01, 1.168e+05, 0.000e+00, 2.206e-04, 0.000e+00, 2.122e+00, 9.983e+02, 9.690e-08
2.305e+00, 5.000e-01, -6.850e-01, 1.167e+05, 0.000e+00, 1.403e-04, 0.000e+00, 2.120e+00, 9.983e+02, 6.162e-08
2.305e+00, 5.000e-01, -6.750e-01, 1.166e+05, 0.000e+00, 8.599e-05, 0.000e+00, 2.119e+00, 9.983e+02, 3.777e-08
2.305e+00, 5.000e-01, -6.650e-01, 1.165e+05, 0.000e+00, 5.437e-05, 0.000e+00, 2.117e+00, 9.983e+02, 2.388e-08
2.305e+00, 5.000e-01, -6.550e-01, 1.164e+05, 0.000e+00, 4.340e-05, 0.000e+00, 2.115e+00, 9.983e+02, 1.906e-08
2.305e+00, 5.000e-01, -6.450e-01, 1.163e+05, 0.000e+00, 5.372e-05, 0.000e+00, 2.113e+00, 9.983e+02, 2.360e-08
2.305e+00, 5.000e-01, -6.350e-01, 1.162e+05, 0.000e+00, 8.826e-05, 0.000e+00, 2.111e+00, 9.983e+02, 3.877e-08
2.305e+00, 5.000e-01, -6.250e-01, 1.161e+05, 0.000e+00, 1.481e-04, 0.000e+00, 2.110e+00, 9.983e+02, 6.505e-08
2.305e+00, 5.000e-01, -6.150e-01, 1.160e+05, 0.000e+00, 2.243e-04, 0.000e+00, 2.108e+00, 9.983e+02, 9.852e-08
2.305e+00, 5.000e-01, -6.050e-01, 1.159e+05, 0.000e+00, 2.909e-04, 0.000e+00, 2.106e+00, 9.983e+02, 1.280e-07
2.305e+00, 5.000e-01, -5.950e-01, 1.144e+05, 0.000e+00, 3.144e-04, 0.000e+00, 2.077e+00, 9.983e+02, 1.412e-07
2.305e+00, 5.000e-01, -5.850e-01, 1.143e+05, 0.000e+00, 3.262e-04, 0.000e+00, 2.075e+00, 9.983e+02, 1.465e-07
2.305e+00, 5.000e-01, -5.750e-01, 1.142e+05, 0.000e+00, 3.504e-04, 0.000e+00, 2.074e+00, 9.983e+02, 1.574e-07
2.305e+00, 5.000e-01, -5.650e-01, 1.141e+05, 0.000e+00, 3.652e-04, 0.000e+00, 2.072e+00, 9.983e+02, 1.641e-07
2.305e+00, 5.000e-01, -5.550e-01, 1.140e+05, 0.000e+00, 3.663e-04, 0.000e+00, 2.070e+00, 9.983e+02, 1.646e-07
2.305e+00, 5.000e-01, -5.450e-01, 1.139e+05, 0.000e+00, 3.620e-04, 0.000e+00, 2.068e+00, 9.983e+02, 1.626e-07
2.305e+00, 5.000e-01, -5.350e-01, 1.138e+05, 0.000e+00, 3.580e-04, 0.000e+00, 2.067e+00, 9.983e+02, 1.608e-07
2.305e+00, 5.000e-01, -5.250e-01, 1.137e+05, 0.000e+00, 3.559e-04, 0.000e+00, 2.065e+00, 9.983e+02, 1.599e-07
2.305e+00, 5.000e-01, -5.150e-01, 1.136e+05, 0.000e+00, 3.561e-04, 0.000e+00, 2.063e+00, 9.983e+02, 1.600e-07
2.305e+00, 5.000e-01, -5.050e-01, 1.135e+05, 0.000e+00, 3.648e-04, 0.000e+00, 2.061e+00, 9.983e+02, 1.639e-07
2.305e+00, 5.000e-01, -4.950e-01, 1.134e+05, 0.000e+00, 4.116e-04, 0.000e+00, 2.059e+00, 9.983e+02, 1.789e-07
2.305e+00, 5.000e-01, -4.850e-01, 1.133e+05, 0.000e+00, 4.657e-04, 0.000e+00, 2.057e+00, 9.983e+02, 1.999e-07
2.305e+00, 5.000e-01, -4.750e-01, 1.132e+05, 0.000e+00, 4.907e-04, 0.000e+00, 2.056e+00, 9.984e+02, 2.107e-07
2.305e+00, 5.000e-01, -4.650e-01, 1.131e+05, 0.000e+00, 5.011e-04, 0.000e+00, 2.054e+00, 9.984e+02, 2.151e-07
2.305e+00, 5.000e-01, -4.550e-01, 1.130e+05, 0.000e+00, 5.002e-04, 0.000e+00, 2.052e+00, 9.984e+02, 2.147e-07
2.305e+00, 5.000e-01, -4.450e-01, 1.129e+05, 0.000e+00, 4.894e-04, 0.000e+00, 2.050e+00, 9.983e+02, 2.128e-07
2.305e+00, 5.000e-01, -4.350e-01, 1.128e+05, 0.000e+00, 4.782e-04, 0.000e+00, 2.049e+00, 9.983e+02, 2.148e-07
2.305e+00, 5.000e-01, -4.250e-01, 1.127e+05, 0.000e+00, 4.718e-04, 0.000e+00, 2.047e+00, 9.983e+02, 2.043e-07
2.305e+00, 5.000e-01, -4.150e-01, 1.126e+05, 0.000e+00, 4.581e-04, 0.000e+00, 2.045e+00, 9.983e+02, 1.966e-07
2.305e+00, 5.000e-01, -4.050e-01, 1.125e+05, 0.000e+00, 4.318e-04, 0.000e+00, 2.043e+00, 9.983e+02, 1.853e-07
2.305e+00, 5.000e-01, -3.950e-01, 1.124e+05, 0.000e+00, 3.698e-04, 0.000e+00, 2.041e+00, 9.983e+02, 1.588e-07
2.305e+00, 5.000e-01, -3.850e-01, 1.123e+05, 0.000e+00, 3.358e-04, 0.000e+00, 2.039e+00, 9.983e+02, 1.442e-07
2.305e+00, 5.000e-01, -3.750e-01, 1.122e+05, 0.000e+00, 3.197e-04, 0.000e+00, 2.038e+00, 9.983e+02, 1.372e-07
2.305e+00, 5.000e-01, -3.650e-01, 1.121e+05, 0.000e+00, 3.108e-04, 0.000e+00, 2.036e+00, 9.983e+02, 1.381e-07
2.305e+00, 5.000e-01, -3.550e-01, 1.120e+05, 0.000e+00, 3.083e-04, 0.000e+00, 2.034e+00, 9.983e+02, 1.385e-07
2.305e+00, 5.000e-01, -3.450e-01, 1.119e+05, 0.000e+00, 3.129e-04, 0.000e+00, 2.033e+00, 9.983e+02, 1.406e-07
2.305e+00, 5.000e-01, -3.350e-01, 1.118e+05, 0.000e+00, 3.229e-04, 0.000e+00, 2.031e+00, 9.983e+02, 1.451e-07
2.305e+00, 5.000e-01, -3.250e-01, 1.117e+05, 0.000e+00, 3.357e-04, 0.000e+00, 2.029e+00, 9.983e+02, 1.508e-07
2.305e+00, 5.000e-01, -3.150e-01, 1.116e+05, 0.000e+00, 3.477e-04, 0.000e+00, 2.027e+00, 9.983e+02, 1.562e-07
2.305e+00, 5.000e-01, -3.050e-01, 1.115e+05, 0.000e+00, 3.559e-04, 0.000e+00, 2.025e+00, 9.983e+02, 1.599e-07
2.305e+00, 5.000e-01, -2.950e-01, 1.114e+05, 0.000e+00, 3.570e-04, 0.000e+00, 2.024e+00, 9.983e+02, 1.604e-07
2.305e+00, 5.000e-01, -2.850e-01, 1.113e+05, 0.000e+00, 3.473e-04, 0.000e+00, 2.022e+00, 9.983e+02, 1.555e-07
2.305e+00, 5.000e-01, -2.750e-01, 1.113e+05, 0.000e+00, 3.288e-04, 0.000e+00, 2.021e+00, 9.983e+02, 1.444e-07
2.305e+00, 5.000e-01, -2.650e-01, 1.112e+05, 0.000e+00, 3.075e-04, 0.000e+00, 2.020e+00, 9.983e+02, 1.351e-07
2.305e+00, 5.000e-01, -2.550e-01, 1.111e+05, 0.000e+00, 2.829e-04, 0.000e+00, 2.018e+00, 9.983e+02, 1.243e-07
2.305e+00, 5.000e-01, -2.450e-01, 1.110e+05, 0.000e+00, 2.549e-04, 0.000e+00, 2.016e+00, 9.983e+02, 1.120e-07
2.305e+00, 5.000e-01, -2.350e-01, 1.109e+05, 0.000e+00, 2.237e-04, 0.000e+00, 2.014e+00, 9.983e+02, 9.827e-08
2.305e+00, 5.000e-01, -2.250e-01, 1.108e+05, 0.000e+00, 1.900e-04, 0.000e+00, 2.012e+00, 9.983e+02, 8.344e-08
2.305e+00, 5.000e-01, -2.150e-01, 1.107e+05, 0.000e+00, 1.548e-04, 0.000e+00, 2.011e+00, 9.983e+02, 6.800e-08
2.305e+00, 5.000e-01, -2.050e-01, 1.106e+05, 0.000e+00, 1.205e-04, 0.000e+00, 2.009e+00, 9.983e+02, 5.293e-08
2.305e+00, 5.000e-01, -1.950e-01, 1.107e+05, 0.000e+00, 9.215e-05, 0.000e+00, 2.011e+00, 9.983e+02, 3.981e-08
2.305e+00, 5.000e-01, -1.850e-01, 1.106e+05, 0.000e+00, 7.010e-05, 0.000e+00, 2.009e+00, 9.983e+02, 3.009e-08
2.305e+00, 5.000e-01, -1.750e-01, 1.105e+05, 0.000e+00, 5.796e-05, 0.000e+00, 2.007e+00, 9.983e+02, 2.488e-08
2.305e+00, 5.000e-01, -1.650e-01, 1.104e+05, 0.000e+00, 6.148e-05, 0.000e+00, 2.005e+00, 9.983e+02, 2.639e-08
2.305e+00, 5.000e-01, -1.550e-01, 1.103e+05, 0.000e+00, 9.216e-05, 0.000e+00, 2.004e+00, 9.983e+02, 3.956e-08
2.305e+00, 5.000e-01, -1.450e-01, 1.102e+05, 0.000e+00, 1.586e-04, 0.000e+00, 2.002e+00, 9.983e+02, 6.809e-08
2.305e+00, 5.000e-01, -1.350e-01, 1.101e+05, 0.000e+00, 2.358e-04, 0.000e+00, 2.000e+00, 9.983e+02, 1.012e-07
2.305e+00, 5.000e-01, -1.250e-01, 1.112e+05, 0.000e+00, 2.473e-04, 0.000e+00, 2.020e+00, 9.983e+02, 1.074e-07
2.305e+00, 5.000e-01, -1.150e-01, 1.111e+05, 0.000e+00, 1.991e-04, 0.000e+00, 2.018e+00, 9.983e+02, 8.746e-08
2.305e+00, 5.000e-01, -1.050e-01, 1.110e+05, 0.000e+00, 1.327e-04, 0.000e+00, 2.017e+00, 9.983e+02, 5.830e-08
2.305e+00, 5.000e-01, -9.500e-02, 1.109e+05, 0.000e+00, 7.742e-05, 0.000e+00, 2.015e+00, 9.983e+02, 3.400e-08
2.305e+00, 5.000e-01, -8.500e-02, 1.108e+05, 0.000e+00, 4.135e-05, 0.000e+00, 2.013e+00, 9.983e+02, 1.816e-08
2.305e+00, 5.000e-01, -7.500e-02, 1.107e+05, 0.000e+00, 2.086e-05, 0.000e+00, 2.011e+00, 9.983e+02, 9.164e-09
2.305e+00, 5.000e-01, -6.500e-02, 1.106e+05, 0.000e+00, 1.012e-05, 0.000e+00, 2.009e+00, 9.983e+02, 4.444e-09
2.305e+00, 5.000e-01, -5.500e-02, 1.105e+05, 0.000e+00, 4.744e-06, 0.000e+00, 2.008e+00, 9.983e+02, 2.084e-09
2.305e+00, 5.000e-01, -4.500e-02, 1.104e+05, 0.000e+00, 2.148e-06, 0.000e+00, 2.006e+00, 9.983e+02, 9.435e-10
2.305e+00, 5.000e-01, -3.500e-02, 1.103e+05, 0.000e+00, 9.377e-07, 0.000e+00, 2.004e+00, 9.983e+02, 4.119e-10
2.305e+00, 5.000e-01, -2.500e-02, 1.102e+05, 0.000e+00, 3.953e-07, 0.000e+00, 2.002e+00, 9.983e+02, 1.736e-10
2.305e+00, 5.000e-01, -1.500e-02, 1.101e+05, 0.000e+00, 1.639e-07, 0.000e+00, 2.000e+00, 9.983e+02, 7.199e-11
2.305e+00, 5.000e-01, -5.000e-03, 1.100e+05, 0.000e+00, 7.197e-08, 0.000e+00, 1.999e+00, 9.983e+02, 3.161e-11
2.315e+00, 5.000e-01, -1.195e+00, 1.202e+05, 0.000e+00, 1.002e-13, 0.000e+00, 2.184e+00, 9.983e+02, 2.000e-17
2.315e+00, 5.000e-01, -1.185e+00, 1.201e+05, 0.000e+00, 1.002e-13, 0.000e+00, 2.182e+00, 9.983e+02, 2.000e-17
2.315e+00, 5.000e-01, -1.175e+00, 1.200e+05, 0.000e+00, 1.002e-13, 0.000e+00, 2.181e+00, 9.983e+02, 2.000e-17
2.315e+00, 5.000e-01, -1.165e+00, 1.199e+05, 0.000e+00, 1.002e-13, 0.000e+00, 2.179e+00, 9.983e+02, 2.000e-17
2.315e+00, 5.000e-01, -1.155e+00, 1.198e+05, 0.000e+00, 1.002e-13, 0.000e+00, 2.177e+00, 9.983e+02, 2.000e-17
2.315e+00, 5.000e-01, -1.145e+00, 1.197e+05, 0.000e+00, 1.002e-13, 0.000e+00, 2.175e+00, 9.983e+02, 2.000e-17
2.315e+00, 5.000e-01, -1.135e+00, 1.196e+05, 0.000e+00, 1.002e-13, 0.000e+00, 2.173e+00, 9.983e+02, 2.000e-17
2.315e+00, 5.000e-01, -1.125e+00, 1.195e+05, 0.000e+00, 1.002e-13, 0.000e+00, 2.172e+00, 9.983e+02, 2.000e-17
2.315e+00, 5.000e-01, -1.115e+00, 1.194e+05, 0.000e+00, 1.002e-13, 0.000e+00, 2.170e+00, 9.983e+02, 2.000e-17
2.315e+00, 5.000e-01, -1.105e+00, 1.193e+05, 0.000e+00, 7.998e-10, 0.000e+00, 2.168e+00, 9.983e+02, 2.982e-13
2.315e+00, 5.000e-01, -1.095e+00, 1.192e+05, 0.000e+00, 4.170e-04, 0.000e+00, 2.167e+00, 9.983e+02, 1.381e-07
2.315e+00, 5.000e-01, -1.085e+00, 1.191e+05, 0.000e+00, 4.647e-04, 0.000e+00, 2.165e+00, 9.983e+02, 1.995e-07
2.315e+00, 5.000e-01, -1.075e+00, 1.190e+05, 0.000e+00, 4.777e-04, 0.000e+00, 2.163e+00, 9.984e+02, 2.051e-07
2.315e+00, 5.000e-01, -1.065e+00, 1.189e+05, 0.000e+00, 4.889e-04, 0.000e+00, 2.161e+00, 9.984e+02, 2.099e-07
2.315e+00, 5.000e-01, -1.055e+00, 1.188e+05, 0.000e+00, 5.057e-04, 0.000e+00, 2.159e+00, 9.984e+02, 2.171e-07
2.315e+00, 5.000e-01, -1.045e+00, 1.187e+05, 0.000e+00, 5.295e-04, 0.000e+00, 2.158e+00, 9.984e+02, 2.273e-07
2.315e+00, 5.000e-01, -1.035e+00, 1.186e+05, 0.000e+00, 5.538e-04, 0.000e+00, 2.156e+00, 9.984e+02, 2.377e-07
2.315e+00, 5.000e-01, -1.025e+00, 1.185e+05, 0.000e+00, 5.725e-04, 0.000e+00, 2.154e+00, 9.984e+02, 2.458e-07
2.315e+00, 5.000e-01, -1.015e+00, 1.185e+05, 0.000e+00, 5.835e-04, 0.000e+00, 2.152e+00, 9.984e+02, 2.505e-07
2.315e+00, 5.000e-01, -1.005e+00, 1.184e+05, 0.000e+00, 5.868e-04, 0.000e+00, 2.150e+00, 9.984e+02, 2.519e-07
2.315e+00, 5.000e-01, -9.950e-01, 1.183e+05, 0.000e+00, 5.839e-04, 0.000e+00, 2.149e+00, 9.984e+02, 2.507e-07
2.315e+00, 5.000e-01, -9.850e-01, 1.182e+05, 0.000e+00, 5.768e-04, 0.000e+00, 2.147e+00, 9.984e+02, 2.476e-07
2.315e+00, 5.000e-01, -9.750e-01, 1.181e+05, 0.000e+00, 5.674e-04, 0.000e+00, 2.145e+00, 9.984e+02, 2.436e-07
2.315e+00, 5.000e-01, -9.650e-01, 1.180e+05, 0.000e+00, 5.570e-04, 0.000e+00, 2.143e+00, 9.984e+02, 2.391e-07
2.315e+00, 5.000e-01, -9.550e-01, 1.179e+05, 0.000e+00, 5.458e-04, 0.000e+00, 2.141e+00, 9.984e+02, 2.343e-07
2.315e+00, 5.000e-01, -9.450e-01, 1.178e+05, 0.000e+00, 5.338e-04, 0.000e+00, 2.140e+00, 9.984e+02, 2.292e-07
2.315e+00, 5.000e-01, -9.350e-01, 1.177e+05, 0.000e+00, 5.205e-04, 0.000e+00, 2.138e+00, 9.984e+02, 2.234e-07
2.315e+00, 5.000e-01, -9.250e-01, 1.176e+05, 0.000e+00, 5.055e-04, 0.000e+00, 2.136e+00, 9.984e+02, 2.170e-07
2.315e+00, 5.000e-01, -9.150e-01, 1.175e+05, 0.000e+00, 4.887e-04, 0.000e+00, 2.134e+00, 9.984e+02, 2.098e-07
2.315e+00, 5.000e-01, -9.050e-01, 1.174e+05, 0.000e+00, 4.701e-04, 0.000e+00, 2.132e+00, 9.983e+02, 2.018e-07
2.315e+00, 5.000e-01, -8.950e-01, 1.173e+05, 0.000e+00, 4.497e-04, 0.000e+00, 2.131e+00, 9.983e+02, 1.931e-07
2.315e+00, 5.000e-01, -8.850e-01, 1.172e+05, 0.000e+00, 4.279e-04, 0.000e+00, 2.129e+00, 9.983e+02, 1.837e-07
2.315e+00, 5.000e-01, -8.750e-01, 1.171e+05, 0.000e+00, 4.050e-04, 0.000e+00, 2.127e+00, 9.983e+02, 1.739e-07
2.315e+00, 5.000e-01, -8.650e-01, 1.170e+05, 0.000e+00, 3.821e-04, 0.000e+00, 2.125e+00, 9.983e+02, 1.640e-07
2.315e+00, 5.000e-01, -8.550e-01, 1.169e+05, 0.000e+00, 3.617e-04, 0.000e+00, 2.124e+00, 9.983e+02, 1.553e-07
2.315e+00, 5.000e-01, -8.450e-01, 1.168e+05, 0.000e+00, 3.451e-04, 0.000e+00, 2.122e+00, 9.983e+02, 1.482e-07
2.315e+00, 5.000e-01, -8.350e-01, 1.167e+05, 0.000e+00, 3.243e-04, 0.000e+00, 2.120e+00, 9.983e+02, 1.392e-07
2.315e+00, 5.000e-01, -8.250e-01, 1.166e+05, 0.000e+00, 2.990e-04, 0.000e+00, 2.118e+00, 9.983e+02, 1.284e-07
2.315e+00, 5.000e-01, -8.150e-01, 1.165e+05, 0.000e+00, 2.621e-04, 0.000e+00, 2.116e+00, 9.983e+02, 1.125e-07
2.315e+00, 5.000e-01, -8.050e-01, 1.164e+05, 0.000e+00, 2.182e-04, 0.000e+00, 2.115e+00, 9.983e+02, 9.368e-08
2.315e+00, 5.000e-01, -7.950e-01, 1.163e+05, 0.000e+00, 1.755e-04, 0.000e+00, 2.113e+00, 9.983e+02, 7.534e-08
2.315e+00, 5.000e-01, -7.850e-01, 1.162e+05, 0.000e+00, 1.370e-04, 0.000e+00, 2.111e+00, 9.983e+02, 5.880e-08
2.315e+00, 5.000e-01, -7.750e-01, 1.161e+05, 0.000e+00, 1.047e-04, 0.000e+00, 2.109e+00, 9.983e+02, 4.493e-08
2.315e+00, 5.000e-01, -7.650e-01, 1.160e+05, 0.000e+00, 8.244e-05, 0.000e+00, 2.107e+00, 9.983e+02, 3.539e-08
2.315e+00, 5.000e-01, -7.550e-01, 1.159e+05, 0.000e+00, 7.882e-05, 0.000e+00, 2.106e+00, 9.983e+02, 3.384e-08
2.315e+00, 5.000e-01, -7.450e-01, 1.158e+05, 0.000e+00, 1.221e-04, 0.000e+00, 2.104e+00, 9.983e+02, 5.242e-08
2.315e+00, 5.000e-01, -7.350e-01, 1.157e+05, 6.698e-07, 3.871e-04, 0.000e+00, 2.102e+00, 9.983e+02, 1.662e-07
2.315e+00, 5.000e-01, -7.250e-01, 1.156e+05, 4.683e-01, 1.895e-03, 0.000e+00, 2.100e+00, 9.986e+02, 8.556e-07
2.315e+00, 5.000e-01, -7.150e-01, 1.170e+05, 0.000e+00, 4.585e-04, 0.000e+00, 2.126e+00, 9.983e+02, 2.010e-07
2.315e+00, 5.000e-01, -7.050e-01, 1.169e+05, 0.000e+00, 2.914e-04, 0.000e+00, 2.124e+00, 9.983e+02, 1.280e-07
2.315e+00, 5.000e-01, -6.950e-01, 1.168e+05, 0.000e+00, 1.967e-04, 0.000e+00, 2.122e+00, 9.983e+02, 8.641e-08
2.315e+00, 5.000e-01, -6.850e-01, 1.167e+05, 0.000e+00, 1.270e-04, 0.000e+00, 2.120e+00, 9.983e+02, 5.578e-08
2.315e+00, 5.000e-01, -6.750e-01, 1.166e+05, 0.000e+00, 7.955e-05, 0.000e+00, 2.119e+00, 9.983e+02, 3.494e-08
2.315e+00, 5.000e-01, -6.650e-01, 1.165e+05, 0.000e+00, 5.309e-05, 0.000e+00, 2.117e+00, 9.983e+02, 2.332e-08
2.315e+00, 5.000e-01, -6.550e-01, 1.164e+05, 0.000e+00, 4.688e-05, 0.000e+00, 2.115e+00, 9.983e+02, 2.059e-08
2.315e+00, 5.000e-01, -6.450e-01, 1.163e+05, 0.000e+00, 6.250e-05, 0.000e+00, 2.113e+00, 9.983e+02, 2.745e-08
2.315e+00, 5.000e-01, -6.350e-01, 1.162e+05, 0.000e+00, 1.032e-04, 0.000e+00, 2.111e+00, 9.983e+02, 4.534e-08
2.315e+00, 5.000e-01, -6.250e-01, 1.161e+05, 0.000e+00, 1.692e-04, 0.000e+00, 2.110e+00, 9.983e+02, 7.434e-08
2.315e+00, 5.000e-01, -6.150e-01, 1.160e+05, 0.000e+00, 2.489e-04, 0.000e+00, 2.108e+00, 9.983e+02, 1.093e-07
2.315e+00, 5.000e-01, -6.050e-01, 1.159e+05, 0.000e+00, 3.124e-04, 0.000e+00, 2.106e+00, 9.983e+02, 1.380e-07
2.315e+00, 5.000e-01, -5.950e-01, 1.144e+05, 0.000e+00, 3.251e-04, 0.000e+00, 2.077e+00, 9.983e+02, 1.461e-07
2.315e+00, 5.000e-01, -5.850e-01, 1.143e+05, 0.000e+00, 3.291e-04, 0.000e+00, 2.075e+00, 9.983e+02, 1.479e-07
2.315e+00, 5.000e-01, -5.750e-01, 1.142e+05, 0.000e+00, 3.436e-04, 0.000e+00, 2.074e+00, 9.983e+02, 1.544e-07
2.315e+00, 5.000e-01, -5.650e-01, 1.141e+05, 0.000e+00, 3.545e-04, 0.000e+00, 2.072e+00, 9.983e+02, 1.592e-07
2.315e+00, 5.000e-01, -5.550e-01, 1.140e+05, 0.000e+00, 3.563e-04, 0.000e+00, 2.070e+00, 9.983e+02, 1.601e-07
2.315e+00, 5.000e-01, -5.450e-01, 1.139e+05, 0.000e+00, 3.544e-04, 0.000e+00, 2.068e+00, 9.983e+02, 1.592e-07
2.315e+00, 5.000e-01, -5.350e-01, 1.138e+05, 0.000e+00, 3.525e-04, 0.000e+00, 2.067e+00, 9.983e+02, 1.584e-07
2.315e+00, 5.000e-01, -5.250e-01, 1.137e+05, 0.000e+00, 3.517e-04, 0.000e+00, 2.065e+00, 9.983e+02, 1.580e-07
2.315e+00, 5.000e-01, -5.150e-01, 1.136e+05, 0.000e+00, 3.523e-04, 0.000e+00, 2.063e+00, 9.983e+02, 1.583e-07
2.315e+00, 5.000e-01, -5.050e-01, 1.135e+05, 0.000e+00, 3.576e-04, 0.000e+00, 2.061e+00, 9.983e+02, 1.606e-07
2.315e+00, 5.000e-01, -4.950e-01, 1.134e+05, 0.000e+00, 3.902e-04, 0.000e+00, 2.059e+00, 9.983e+02, 1.687e-07
2.315e+00, 5.000e-01, -4.850e-01, 1.133e+05, 0.000e+00, 4.402e-04, 0.000e+00, 2.057e+00, 9.983e+02, 1.890e-07
2.315e+00, 5.000e-01, -4.750e-01, 1.132e+05, 0.000e+00, 4.662e-04, 0.000e+00, 2.056e+00, 9.983e+02, 2.002e-07
2.315e+00, 5.000e-01, -4.650e-01, 1.131e+05, 0.000e+00, 4.818e-04, 0.000e+00, 2.054e+00, 9.983e+02, 2.068e-07
2.315e+00, 5.000e-01, -4.550e-01, 1.130e+05, 0.000e+00, 4.877e-04, 0.000e+00, 2.052e+00, 9.983e+02, 2.094e-07
2.315e+00, 5.000e-01, -4.450e-01, 1.129e+05, 0.000e+00, 4.816e-04, 0.000e+00, 2.050e+00, 9.983e+02, 2.105e-07
2.315e+00, 5.000e-01, -4.350e-01, 1.128e+05, 0.000e+00, 4.734e-04, 0.000e+00, 2.049e+00, 9.983e+02, 2.127e-07
2.315e+00, 5.000e-01, -4.250e-01, 1.127e+05, 0.000e+00, 4.641e-04, 0.000e+00, 2.047e+00, 9.983e+02, 2.003e-07
2.315e+00, 5.000e-01, -4.150e-01, 1.126e+05, 0.000e+00, 4.441e-04, 0.000e+00, 2.045e+00, 9.983e+02, 1.907e-07
2.315e+00, 5.000e-01, -4.050e-01, 1.125e+05, 0.000e+00, 3.943e-04, 0.000e+00, 2.043e+00, 9.983e+02, 1.693e-07
2.315e+00, 5.000e-01, -3.950e-01, 1.124e+05, 0.000e+00, 3.402e-04, 0.000e+00, 2.041e+00, 9.983e+02, 1.460e-07
2.315e+00, 5.000e-01, -3.850e-01, 1.123e+05, 0.000e+00, 3.226e-04, 0.000e+00, 2.039e+00, 9.983e+02, 1.385e-07
2.315e+00, 5.000e-01, -3.750e-01, 1.122e+05, 0.000e+00, 3.161e-04, 0.000e+00, 2.038e+00, 9.983e+02, 1.357e-07
2.315e+00, 5.000e-01, -3.650e-01, 1.121e+05, 0.000e+00, 3.085e-04, 0.000e+00, 2.036e+00, 9.983e+02, 1.376e-07
2.315e+00, 5.000e-01, -3.550e-01, 1.120e+05, 0.000e+00, 3.108e-04, 0.000e+00, 2.034e+00, 9.983e+02, 1.396e-07
2.315e+00, 5.000e-01, -3.450e-01, 1.119e+05, 0.000e+00, 3.225e-04, 0.000e+00, 2.033e+00, 9.983e+02, 1.449e-07
2.315e+00, 5.000e-01, -3.350e-01, 1.118e+05, 0.000e+00, 3.395e-04, 0.000e+00, 2.031e+00, 9.983e+02, 1.525e-07
2.315e+00, 5.000e-01, -3.250e-01, 1.117e+05, 0.000e+00, 3.574e-04, 0.000e+00, 2.029e+00, 9.983e+02, 1.605e-07
2.315e+00, 5.000e-01, -3.150e-01, 1.116e+05, 0.000e+00, 3.720e-04, 0.000e+00, 2.027e+00, 9.983e+02, 1.671e-07
2.315e+00, 5.000e-01, -3.050e-01, 1.115e+05, 0.000e+00, 3.798e-04, 0.000e+00, 2.025e+00, 9.983e+02, 1.706e-07
2.315e+00, 5.000e-01, -2.950e-01, 1.114e+05, 0.000e+00, 3.776e-04, 0.000e+00, 2.024e+00, 9.983e+02, 1.696e-07
2.315e+00, 5.000e-01, -2.850e-01, 1.113e+05, 0.000e+00, 3.611e-04, 0.000e+00, 2.022e+00, 9.983e+02, 1.614e-07
2.315e+00, 5.000e-01, -2.750e-01, 1.113e+05, 0.000e+00, 3.361e-04, 0.000e+00, 2.021e+00, 9.983e+02, 1.477e-07
2.315e+00, 5.000e-01, -2.650e-01, 1.112e+05, 0.000e+00, 3.104e-04, 0.000e+00, 2.020e+00, 9.983e+02, 1.363e-07
2.315e+00, 5.000e-01, -2.550e-01, 1.111e+05, 0.000e+00, 2.828e-04, 0.000e+00, 2.018e+00, 9.983e+02, 1.242e-07
2.315e+00, 5.000e-01, -2.450e-01, 1.110e+05, 0.000e+00, 2.529e-04, 0.000e+00, 2.016e+00, 9.983e+02, 1.111e-07
2.315e+00, 5.000e-01, -2.350e-01, 1.109e+05, 0.000e+00, 2.207e-04, 0.000e+00, 2.014e+00, 9.983e+02, 9.693e-08
2.315e+00, 5.000e-01, -2.250e-01, 1.108e+05, 0.000e+00, 1.863e-04, 0.000e+00, 2.012e+00, 9.983e+02, 8.185e-08
2.315e+00, 5.000e-01, -2.150e-01, 1.107e+05, 0.000e+00, 1.510e-04, 0.000e+00, 2.011e+00, 9.983e+02, 6.631e-08
2.315e+00, 5.000e-01, -2.050e-01, 1.106e+05, 0.000e+00, 1.164e-04, 0.000e+00, 2.009e+00, 9.983e+02, 5.114e-08
2.315e+00, 5.000e-01, -1.950e-01, 1.107e+05, 0.000e+00, 8.697e-05, 0.000e+00, 2.011e+00, 9.983e+02, 3.749e-08
2.315e+00, 5.000e-01, -1.850e-01, 1.106e+05, 0.000e+00, 6.436e-05, 0.000e+00, 2.009e+00, 9.983e+02, 2.763e-08
2.315e+00, 5.000e-01, -1.750e-01, 1.105e+05, 0.000e+00, 5.276e-05, 0.000e+00, 2.007e+00, 9.983e+02, 2.265e-08
2.315e+00, 5.000e-01, -1.650e-01, 1.104e+05, 0.000e+00, 5.844e-05, 0.000e+00, 2.005e+00, 9.983e+02, 2.509e-08
2.315e+00, 5.000e-01, -1.550e-01, 1.103e+05, 0.000e+00, 9.342e-05, 0.000e+00, 2.004e+00, 9.983e+02, 4.010e-08
2.315e+00, 5.000e-01, -1.450e-01, 1.102e+05, 0.000e+00, 1.653e-04, 0.000e+00, 2.002e+00, 9.983e+02, 7.096e-08
2.315e+00, 5.000e-01, -1.350e-01, 1.101e+05, 0.000e+00, 2.442e-04, 0.000e+00, 2.000e+00, 9.983e+02, 1.048e-07
2.315e+00, 5.000e-01, -1.250e-01, 1.112e+05, 0.000e+00, 2.522e-04, 0.000e+00, 2.020e+00, 9.983e+02, 1.097e-07
2.315e+00, 5.000e-01, -1.150e-01, 1.111e+05, 0.000e+00, 2.017e-04, 0.000e+00, 2.018e+00, 9.983e+02, 8.858e-08
2.315e+00, 5.000e-01, -1.050e-01, 1.110e+05, 0.000e+00, 1.339e-04, 0.000e+00, 2.017e+00, 9.983e+02, 5.883e-08
2.315e+00, 5.000e-01, -9.500e-02, 1.109e+05, 0.000e+00, 7.799e-05, 0.000e+00, 2.015e+00, 9.983e+02, 3.425e-08
2.315e+00, 5.000e-01, -8.500e-02, 1.108e+05, 0.000e+00, 4.160e-05, 0.000e+00, 2.013e+00, 9.983e+02, 1.827e-08
2.315e+00, 5.000e-01, -7.500e-02, 1.107e+05, 0.000e+00, 2.098e-05, 0.000e+00, 2.011e+00, 9.983e+02, 9.213e-09
2.315e+00, 5.000e-01, -6.500e-02, 1.106e+05, 0.000e+00, 1.017e-05, 0.000e+00, 2.009e+00, 9.983e+02, 4.465e-09
2.315e+00, 5.000e-01, -5.500e-02, 1.105e+05, 0.000e+00, 4.762e-06, 0.000e+00, 2.008e+00, 9.983e+02, 2.092e-09
2.315e+00, 5.000e-01, -4.500e-02, 1.104e+05, 0.000e+00, 2.155e-06, 0.000e+00, 2.006e+00, 9.983e+02, 9.464e-10
2.315e+00, 5.000e-01, -3.500e-02, 1.103e+05, 0.000e+00, 9.399e-07, 0.000e+00, 2.004e+00, 9.983e+02, 4.128e-10
2.315e+00, 5.000e-01, -2.500e-02, 1.102e+05, 0.000e+00, 3.960e-07, 0.000e+00, 2.002e+00, 9.983e+02, 1.740e-10
2.315e+00, 5.000e-01, -1.500e-02, 1.101e+05, 0.000e+00, 1.643e-07, 0.000e+00, 2.000e+00, 9.983e+02, 7.215e-11
2.315e+00, 5.000e-01, -5.000e-03, 1.100e+05, 0.000e+00, 7.242e-08, 0.000e+00, 1.999e+00, 9.983e+02, 3.181e-11
2.325e+00, 5.000e-01, -1.195e+00, 1.202e+05, 0.000e+00, 1.002e-13, 0.000e+00, 2.184e+00, 9.983e+02, 2.000e-17
2.325e+00, 5.000e-01, -1.185e+00, 1.201e+05, 0.000e+00, 1.002e-13, 0.000e+00, 2.182e+00, 9.983e+02, 2.000e-17
2.325e+00, 5.000e-01, -1.175e+00, 1.200e+05, 0.000e+00, 1.002e-13, 0.000e+00, 2.181e+00, 9.983e+02, 2.000e-17
2.325e+00, 5.000e-01, -1.165e+00, 1.199e+05, 0.000e+00, 1.002e-13, 0.000e+00, 2.179e+00, 9.983e+02, 2.000e-17
2.325e+00, 5.000e-01, -1.155e+00, 1.198e+05, 0.000e+00, 1.002e-13, 0.000e+00, 2.177e+00, 9.983e+02, 2.000e-17
2.325e+00, 5.000e-01, -1.145e+00, 1.197e+05, 0.000e+00, 1.002e-13, 0.000e+00, 2.175e+00, 9.983e+02, 2.000e-17
2.325e+00, 5.000e-01, -1.135e+00, 1.196e+05, 0.000e+00, 1.002e-13, 0.000e+00, 2.173e+00, 9.983e+02, 2.000e-17
2.325e+00, 5.000e-01, -1.125e+00, 1.195e+05, 0.000e+00, 1.002e-13, 0.000e+00, 2.172e+00, 9.983e+02, 2.000e-17
2.325e+00, 5.000e-01, -1.115e+00, 1.194e+05, 0.000e+00, 1.002e-13, 0.000e+00, 2.170e+00, 9.983e+02, 2.000e-17
2.325e+00, 5.000e-01, -1.105e+00, 1.193e+05, 0.000e+00, 8.331e-10, 0.000e+00, 2.168e+00, 9.983e+02, 3.450e-13
2.325e+00, 5.000e-01, -1.095e+00, 1.192e+05, 0.000e+00, 4.191e-04, 0.000e+00, 2.167e+00, 9.983e+02, 1.563e-07
2.325e+00, 5.000e-01, -1.085e+00, 1.191e+05, 0.000e+00, 4.591e-04, 0.000e+00, 2.165e+00, 9.983e+02, 1.971e-07
2.325e+00, 5.000e-01, -1.075e+00, 1.190e+05, 0.000e+00, 4.710e-04, 0.000e+00, 2.163e+00, 9.983e+02, 2.022e-07
2.325e+00, 5.000e-01, -1.065e+00, 1.189e+05, 0.000e+00, 4.786e-04, 0.000e+00, 2.161e+00, 9.984e+02, 2.055e-07
2.325e+00, 5.000e-01, -1.055e+00, 1.188e+05, 0.000e+00, 4.893e-04, 0.000e+00, 2.159e+00, 9.984e+02, 2.101e-07
2.325e+00, 5.000e-01, -1.045e+00, 1.187e+05, 0.000e+00, 5.068e-04, 0.000e+00, 2.158e+00, 9.984e+02, 2.175e-07
2.325e+00, 5.000e-01, -1.035e+00, 1.186e+05, 0.000e+00, 5.279e-04, 0.000e+00, 2.156e+00, 9.984e+02, 2.266e-07
2.325e+00, 5.000e-01, -1.025e+00, 1.185e+05, 0.000e+00, 5.481e-04, 0.000e+00, 2.154e+00, 9.984e+02, 2.353e-07
2.325e+00, 5.000e-01, -1.015e+00, 1.185e+05, 0.000e+00, 5.638e-04, 0.000e+00, 2.152e+00, 9.984e+02, 2.420e-07
2.325e+00, 5.000e-01, -1.005e+00, 1.184e+05, 0.000e+00, 5.732e-04, 0.000e+00, 2.150e+00, 9.984e+02, 2.461e-07
2.325e+00, 5.000e-01, -9.950e-01, 1.183e+05, 0.000e+00, 5.755e-04, 0.000e+00, 2.149e+00, 9.984e+02, 2.471e-07
2.325e+00, 5.000e-01, -9.850e-01, 1.182e+05, 0.000e+00, 5.718e-04, 0.000e+00, 2.147e+00, 9.984e+02, 2.455e-07
2.325e+00, 5.000e-01, -9.750e-01, 1.181e+05, 0.000e+00, 5.637e-04, 0.000e+00, 2.145e+00, 9.984e+02, 2.420e-07
2.325e+00, 5.000e-01, -9.650e-01, 1.180e+05, 0.000e+00, 5.529e-04, 0.000e+00, 2.143e+00, 9.984e+02, 2.374e-07
2.325e+00, 5.000e-01, -9.550e-01, 1.179e+05, 0.000e+00, 5.403e-04, 0.000e+00, 2.141e+00, 9.984e+02, 2.319e-07
2.325e+00, 5.000e-01, -9.450e-01, 1.178e+05, 0.000e+00, 5.261e-04, 0.000e+00, 2.140e+00, 9.984e+02, 2.258e-07
2.325e+00, 5.000e-01, -9.350e-01, 1.177e+05, 0.000e+00, 5.103e-04, 0.000e+00, 2.138e+00, 9.984e+02, 2.191e-07
2.325e+00, 5.000e-01, -9.250e-01, 1.176e+05, 0.000e+00, 4.928e-04, 0.000e+00, 2.136e+00, 9.984e+02, 2.115e-07
2.325e+00, 5.000e-01, -9.150e-01, 1.175e+05, 0.000e+00, 4.737e-04, 0.000e+00, 2.134e+00, 9.983e+02, 2.033e-07
2.325e+00, 5.000e-01, -9.050e-01, 1.174e+05, 0.000e+00, 4.533e-04, 0.000e+00, 2.132e+00, 9.983e+02, 1.946e-07
2.325e+00, 5.000e-01, -8.950e-01, 1.173e+05, 0.000e+00, 4.326e-04, 0.000e+00, 2.131e+00, 9.983e+02, 1.857e-07
2.325e+00, 5.000e-01, -8.850e-01, 1.172e+05, 0.000e+00, 4.124e-04, 0.000e+00, 2.129e+00, 9.983e+02, 1.770e-07
2.325e+00, 5.000e-01, -8.750e-01, 1.171e+05, 0.000e+00, 3.934e-04, 0.000e+00, 2.127e+00, 9.983e+02, 1.689e-07
2.325e+00, 5.000e-01, -8.650e-01, 1.170e+05, 0.000e+00, 3.744e-04, 0.000e+00, 2.125e+00, 9.983e+02, 1.607e-07
2.325e+00, 5.000e-01, -8.550e-01, 1.169e+05, 0.000e+00, 3.522e-04, 0.000e+00, 2.124e+00, 9.983e+02, 1.512e-07
2.325e+00, 5.000e-01, -8.450e-01, 1.168e+05, 0.000e+00, 3.224e-04, 0.000e+00, 2.122e+00, 9.983e+02, 1.384e-07
2.325e+00, 5.000e-01, -8.350e-01, 1.167e+05, 0.000e+00, 2.923e-04, 0.000e+00, 2.120e+00, 9.983e+02, 1.255e-07
2.325e+00, 5.000e-01, -8.250e-01, 1.166e+05, 0.000e+00, 2.614e-04, 0.000e+00, 2.118e+00, 9.983e+02, 1.122e-07
2.325e+00, 5.000e-01, -8.150e-01, 1.165e+05, 0.000e+00, 2.273e-04, 0.000e+00, 2.116e+00, 9.983e+02, 9.755e-08
2.325e+00, 5.000e-01, -8.050e-01, 1.164e+05, 0.000e+00, 1.903e-04, 0.000e+00, 2.115e+00, 9.983e+02, 8.169e-08
2.325e+00, 5.000e-01, -7.950e-01, 1.163e+05, 0.000e+00, 1.534e-04, 0.000e+00, 2.113e+00, 9.983e+02, 6.583e-08
2.325e+00, 5.000e-01, -7.850e-01, 1.162e+05, 0.000e+00, 1.193e-04, 0.000e+00, 2.111e+00, 9.983e+02, 5.122e-08
2.325e+00, 5.000e-01, -7.750e-01, 1.161e+05, 0.000e+00, 9.116e-05, 0.000e+00, 2.109e+00, 9.983e+02, 3.913e-08
2.325e+00, 5.000e-01, -7.650e-01, 1.160e+05, 0.000e+00, 7.354e-05, 0.000e+00, 2.107e+00, 9.983e+02, 3.157e-08
2.325e+00, 5.000e-01, -7.550e-01, 1.159e+05, 0.000e+00, 7.466e-05, 0.000e+00, 2.106e+00, 9.983e+02, 3.205e-08
2.325e+00, 5.000e-01, -7.450e-01, 1.158e+05, 0.000e+00, 1.189e-04, 0.000e+00, 2.104e+00, 9.983e+02, 5.105e-08
2.325e+00, 5.000e-01, -7.350e-01, 1.157e+05, 6.696e-07, 3.932e-04, 0.000e+00, 2.102e+00, 9.983e+02, 1.688e-07
2.325e+00, 5.000e-01, -7.250e-01, 1.156e+05, 4.681e-01, 1.895e-03, 0.000e+00, 2.100e+00, 9.986e+02, 8.591e-07
2.325e+00, 5.000e-01, -7.150e-01, 1.170e+05, 0.000e+00, 4.506e-04, 0.000e+00, 2.126e+00, 9.983e+02, 1.979e-07
2.325e+00, 5.000e-01, -7.050e-01, 1.169e+05, 0.000e+00, 2.725e-04, 0.000e+00, 2.124e+00, 9.983e+02, 1.197e-07
2.325e+00, 5.000e-01, -6.950e-01, 1.168e+05, 0.000e+00, 1.790e-04, 0.000e+00, 2.122e+00, 9.983e+02, 7.864e-08
2.325e+00, 5.000e-01, -6.850e-01, 1.167e+05, 0.000e+00, 1.152e-04, 0.000e+00, 2.120e+00, 9.983e+02, 5.061e-08
2.325e+00, 5.000e-01, -6.750e-01, 1.166e+05, 0.000e+00, 7.386e-05, 0.000e+00, 2.119e+00, 9.983e+02, 3.244e-08
2.325e+00, 5.000e-01, -6.650e-01, 1.165e+05, 0.000e+00, 5.288e-05, 0.000e+00, 2.117e+00, 9.983e+02, 2.323e-08
2.325e+00, 5.000e-01, -6.550e-01, 1.164e+05, 0.000e+00, 5.202e-05, 0.000e+00, 2.115e+00, 9.983e+02, 2.285e-08
2.325e+00, 5.000e-01, -6.450e-01, 1.163e+05, 0.000e+00, 7.328e-05, 0.000e+00, 2.113e+00, 9.983e+02, 3.219e-08
2.325e+00, 5.000e-01, -6.350e-01, 1.162e+05, 0.000e+00, 1.197e-04, 0.000e+00, 2.111e+00, 9.983e+02, 5.258e-08
2.325e+00, 5.000e-01, -6.250e-01, 1.161e+05, 0.000e+00, 1.903e-04, 0.000e+00, 2.110e+00, 9.983e+02, 8.360e-08
2.325e+00, 5.000e-01, -6.150e-01, 1.160e+05, 0.000e+00, 2.716e-04, 0.000e+00, 2.108e+00, 9.983e+02, 1.193e-07
2.325e+00, 5.000e-01, -6.050e-01, 1.159e+05, 0.000e+00, 3.323e-04, 0.000e+00, 2.106e+00, 9.983e+02, 1.475e-07
2.325e+00, 5.000e-01, -5.950e-01, 1.144e+05, 0.000e+00, 3.394e-04, 0.000e+00, 2.077e+00, 9.983e+02, 1.525e-07
2.325e+00, 5.000e-01, -5.850e-01, 1.143e+05, 0.000e+00, 3.397e-04, 0.000e+00, 2.075e+00, 9.983e+02, 1.526e-07
2.325e+00, 5.000e-01, -5.750e-01, 1.142e+05, 0.000e+00, 3.457e-04, 0.000e+00, 2.074e+00, 9.983e+02, 1.553e-07
2.325e+00, 5.000e-01, -5.650e-01, 1.141e+05, 0.000e+00, 3.515e-04, 0.000e+00, 2.072e+00, 9.983e+02, 1.579e-07
2.325e+00, 5.000e-01, -5.550e-01, 1.140e+05, 0.000e+00, 3.529e-04, 0.000e+00, 2.070e+00, 9.983e+02, 1.585e-07
2.325e+00, 5.000e-01, -5.450e-01, 1.139e+05, 0.000e+00, 3.524e-04, 0.000e+00, 2.068e+00, 9.983e+02, 1.583e-07
2.325e+00, 5.000e-01, -5.350e-01, 1.138e+05, 0.000e+00, 3.521e-04, 0.000e+00, 2.067e+00, 9.983e+02, 1.582e-07
2.325e+00, 5.000e-01, -5.250e-01, 1.137e+05, 0.000e+00, 3.525e-04, 0.000e+00, 2.065e+00, 9.983e+02, 1.584e-07
2.325e+00, 5.000e-01, -5.150e-01, 1.136e+05, 0.000e+00, 3.536e-04, 0.000e+00, 2.063e+00, 9.983e+02, 1.588e-07
2.325e+00, 5.000e-01, -5.050e-01, 1.135e+05, 0.000e+00, 3.566e-04, 0.000e+00, 2.061e+00, 9.983e+02, 1.602e-07
2.325e+00, 5.000e-01, -4.950e-01, 1.134e+05, 0.000e+00, 3.766e-04, 0.000e+00, 2.059e+00, 9.983e+02, 1.620e-07
2.325e+00, 5.000e-01, -4.850e-01, 1.133e+05, 0.000e+00, 4.164e-04, 0.000e+00, 2.057e+00, 9.983e+02, 1.787e-07
2.325e+00, 5.000e-01, -4.750e-01, 1.132e+05, 0.000e+00, 4.420e-04, 0.000e+00, 2.056e+00, 9.983e+02, 1.897e-07
2.325e+00, 5.000e-01, -4.650e-01, 1.131e+05, 0.000e+00, 4.641e-04, 0.000e+00, 2.054e+00, 9.983e+02, 1.992e-07
2.325e+00, 5.000e-01, -4.550e-01, 1.130e+05, 0.000e+00, 4.785e-04, 0.000e+00, 2.052e+00, 9.983e+02, 2.054e-07
2.325e+00, 5.000e-01, -4.450e-01, 1.129e+05, 0.000e+00, 4.763e-04, 0.000e+00, 2.050e+00, 9.983e+02, 2.094e-07
2.325e+00, 5.000e-01, -4.350e-01, 1.128e+05, 0.000e+00, 4.678e-04, 0.000e+00, 2.049e+00, 9.983e+02, 2.100e-07
2.325e+00, 5.000e-01, -4.250e-01, 1.127e+05, 0.000e+00, 4.534e-04, 0.000e+00, 2.047e+00, 9.983e+02, 1.947e-07
2.325e+00, 5.000e-01, -4.150e-01, 1.126e+05, 0.000e+00, 4.239e-04, 0.000e+00, 2.045e+00, 9.983e+02, 1.820e-07
2.325e+00, 5.000e-01, -4.050e-01, 1.125e+05, 0.000e+00, 3.497e-04, 0.000e+00, 2.043e+00, 9.983e+02, 1.501e-07
2.325e+00, 5.000e-01, -3.950e-01, 1.124e+05, 0.000e+00, 3.243e-04, 0.000e+00, 2.041e+00, 9.983e+02, 1.392e-07
2.325e+00, 5.000e-01, -3.850e-01, 1.123e+05, 0.000e+00, 3.197e-04, 0.000e+00, 2.039e+00, 9.983e+02, 1.373e-07
2.325e+00, 5.000e-01, -3.750e-01, 1.122e+05, 0.000e+00, 3.218e-04, 0.000e+00, 2.038e+00, 9.983e+02, 1.381e-07
2.325e+00, 5.000e-01, -3.650e-01, 1.121e+05, 0.000e+00, 3.164e-04, 0.000e+00, 2.036e+00, 9.983e+02, 1.416e-07
2.325e+00, 5.000e-01, -3.550e-01, 1.120e+05, 0.000e+00, 3.273e-04, 0.000e+00, 2.034e+00, 9.983e+02, 1.470e-07
2.325e+00, 5.000e-01, -3.450e-01, 1.119e+05, 0.000e+00, 3.476e-04, 0.000e+00, 2.033e+00, 9.983e+02, 1.561e-07
2.325e+00, 5.000e-01, -3.350e-01, 1.118e+05, 0.000e+00, 3.702e-04, 0.000e+00, 2.031e+00, 9.983e+02, 1.663e-07
2.325e+00, 5.000e-01, -3.250e-01, 1.117e+05, 0.000e+00, 3.905e-04, 0.000e+00, 2.029e+00, 9.983e+02, 1.755e-07
2.325e+00, 5.000e-01, -3.150e-01, 1.116e+05, 0.000e+00, 4.050e-04, 0.000e+00, 2.027e+00, 9.983e+02, 1.819e-07
2.325e+00, 5.000e-01, -3.050e-01, 1.115e+05, 0.000e+00, 4.104e-04, 0.000e+00, 2.025e+00, 9.983e+02, 1.844e-07
2.325e+00, 5.000e-01, -2.950e-01, 1.114e+05, 0.000e+00, 4.031e-04, 0.000e+00, 2.024e+00, 9.983e+02, 1.811e-07
2.325e+00, 5.000e-01, -2.850e-01, 1.113e+05, 0.000e+00, 3.776e-04, 0.000e+00, 2.022e+00, 9.983e+02, 1.684e-07
2.325e+00, 5.000e-01, -2.750e-01, 1.113e+05, 0.000e+00, 3.462e-04, 0.000e+00, 2.021e+00, 9.983e+02, 1.521e-07
2.325e+00, 5.000e-01, -2.650e-01, 1.112e+05, 0.000e+00, 3.169e-04, 0.000e+00, 2.020e+00, 9.983e+02, 1.392e-07
2.325e+00, 5.000e-01, -2.550e-01, 1.111e+05, 0.000e+00, 2.871e-04, 0.000e+00, 2.018e+00, 9.983e+02, 1.261e-07
2.325e+00, 5.000e-01, -2.450e-01, 1.110e+05, 0.000e+00, 2.556e-04, 0.000e+00, 2.016e+00, 9.983e+02, 1.123e-07
2.325e+00, 5.000e-01, -2.350e-01, 1.109e+05, 0.000e+00, 2.220e-04, 0.000e+00, 2.014e+00, 9.983e+02, 9.753e-08
2.325e+00, 5.000e-01, -2.250e-01, 1.108e+05, 0.000e+00, 1.865e-04, 0.000e+00, 2.012e+00, 9.983e+02, 8.193e-08
2.325e+00, 5.000e-01, -2.150e-01, 1.107e+05, 0.000e+00, 1.501e-04, 0.000e+00, 2.011e+00, 9.983e+02, 6.592e-08
2.325e+00, 5.000e-01, -2.050e-01, 1.106e+05, 0.000e+00, 1.145e-04, 0.000e+00, 2.009e+00, 9.983e+02, 5.031e-08
2.325e+00, 5.000e-01, -1.950e-01, 1.107e+05, 0.000e+00, 8.345e-05, 0.000e+00, 2.011e+00, 9.983e+02, 3.590e-08
2.325e+00, 5.000e-01, -1.850e-01, 1.106e+05, 0.000e+00, 6.039e-05, 0.000e+00, 2.009e+00, 9.983e+02, 2.592e-08
2.325e+00, 5.000e-01, -1.750e-01, 1.105e+05, 0.000e+00, 4.958e-05, 0.000e+00, 2.007e+00, 9.983e+02, 2.128e-08
2.325e+00, 5.000e-01, -1.650e-01, 1.104e+05, 0.000e+00, 5.778e-05, 0.000e+00, 2.005e+00, 9.983e+02, 2.480e-08
2.325e+00, 5.000e-01, -1.550e-01, 1.103e+05, 0.000e+00, 9.737e-05, 0.000e+00, 2.004e+00, 9.983e+02, 4.180e-08
2.325e+00, 5.000e-01, -1.450e-01, 1.102e+05, 0.000e+00, 1.745e-04, 0.000e+00, 2.002e+00, 9.983e+02, 7.491e-08
2.325e+00, 5.000e-01, -1.350e-01, 1.101e+05, 0.000e+00, 2.542e-04, 0.000e+00, 2.000e+00, 9.983e+02, 1.091e-07
2.325e+00, 5.000e-01, -1.250e-01, 1.112e+05, 0.000e+00, 2.586e-04, 0.000e+00, 2.020e+00, 9.983e+02, 1.128e-07
2.325e+00, 5.000e-01, -1.150e-01, 1.111e+05, 0.000e+00, 2.052e-04, 0.000e+00, 2.018e+00, 9.983e+02, 9.015e-08
2.325e+00, 5.000e-01, -1.050e-01, 1.110e+05, 0.000e+00, 1.356e-04, 0.000e+00, 2.017e+00, 9.983e+02, 5.957e-08
2.325e+00, 5.000e-01, -9.500e-02, 1.109e+05, 0.000e+00, 7.860e-05, 0.000e+00, 2.015e+00, 9.983e+02, 3.452e-08
2.325e+00, 5.000e-01, -8.500e-02, 1.108e+05, 0.000e+00, 4.174e-05, 0.000e+00, 2.013e+00, 9.983e+02, 1.833e-08
2.325e+00, 5.000e-01, -7.500e-02, 1.107e+05, 0.000e+00, 2.094e-05, 0.000e+00, 2.011e+00, 9.983e+02, 9.199e-09
2.325e+00, 5.000e-01, -6.500e-02, 1.106e+05, 0.000e+00, 1.010e-05, 0.000e+00, 2.009e+00, 9.983e+02, 4.436e-09
2.325e+00, 5.000e-01, -5.500e-02, 1.105e+05, 0.000e+00, 4.709e-06, 0.000e+00, 2.008e+00, 9.983e+02, 2.069e-09
2.325e+00, 5.000e-01, -4.500e-02, 1.104e+05, 0.000e+00, 2.122e-06, 0.000e+00, 2.006e+00, 9.983e+02, 9.321e-10
2.325e+00, 5.000e-01, -3.500e-02, 1.103e+05, 0.000e+00, 9.224e-07, 0.000e+00, 2.004e+00, 9.983e+02, 4.052e-10
2.325e+00, 5.000e-01, -2.500e-02, 1.102e+05, 0.000e+00, 3.876e-07, 0.000e+00, 2.002e+00, 9.983e+02, 1.702e-10
2.325e+00, 5.000e-01, -1.500e-02, 1.101e+05, 0.000e+00, 1.605e-07, 0.000e+00, 2.000e+00, 9.983e+02, 7.049e-11
2.325e+00, 5.000e-01, -5.000e-03, 1.100e+05, 0.000e+00, 7.091e-08, 0.000e+00, 1.999e+00, 9.983e+02, 3.114e-11
2.335e+00, 5.000e-01, -1.195e+00, 1.202e+05, 0.000e+00, 1.002e-13, 0.000e+00, 2.184e+00, 9.983e+02, 2.000e-17
2.335e+00, 5.000e-01, -1.185e+00, 1.201e+05, 0.000e+00, 1.002e-13, 0.000e+00, 2.182e+00, 9.983e+02, 2.000e-17
2.335e+00, 5.000e-01, -1.175e+00, 1.200e+05, 0.000e+00, 1.002e-13, 0.000e+00, 2.181e+00, 9.983e+02, 2.000e-17
2.335e+00, 5.000e-01, -1.165e+00, 1.199e+05, 0.000e+00, 1.002e-13, 0.000e+00, 2.179e+00, 9.983e+02, 2.000e-17
2.335e+00, 5.000e-01, -1.155e+00, 1.198e+05, 0.000e+00, 1.002e-13, 0.000e+00, 2.177e+00, 9.983e+02, 2.000e-17
2.335e+00, 5.000e-01, -1.145e+00, 1.197e+05, 0.000e+00, 1.002e-13, 0.000e+00, 2.175e+00, 9.983e+02, 2.000e-17
2.335e+00, 5.000e-01, -1.135e+00, 1.196e+05, 0.000e+00, 1.002e-13, 0.000e+00, 2.173e+00, 9.983e+02, 2.000e-17
2.335e+00, 5.000e-01, -1.125e+00, 1.195e+05, 0.000e+00, 1.002e-13, 0.000e+00, 2.172e+00, 9.983e+02, 2.000e-17
2.335e+00, 5.000e-01, -1.115e+00, 1.194e+05, 0.000e+00, 1.002e-13, 0.000e+00, 2.170e+00, 9.983e+02, 2.000e-17
2.335e+00, 5.000e-01, -1.105e+00, 1.193e+05, 0.000e+00, 8.330e-10, 0.000e+00, 2.168e+00, 9.983e+02, 3.450e-13
2.335e+00, 5.000e-01, -1.095e+00, 1.192e+05, 0.000e+00, 4.365e-04, 0.000e+00, 2.167e+00, 9.983e+02, 1.808e-07
2.335e+00, 5.000e-01, -1.085e+00, 1.191e+05, 0.000e+00, 4.552e-04, 0.000e+00, 2.165e+00, 9.983e+02, 1.954e-07
2.335e+00, 5.000e-01, -1.075e+00, 1.190e+05, 0.000e+00, 4.645e-04, 0.000e+00, 2.163e+00, 9.983e+02, 1.994e-07
2.335e+00, 5.000e-01, -1.065e+00, 1.189e+05, 0.000e+00, 4.689e-04, 0.000e+00, 2.161e+00, 9.983e+02, 2.013e-07
2.335e+00, 5.000e-01, -1.055e+00, 1.188e+05, 0.000e+00, 4.741e-04, 0.000e+00, 2.159e+00, 9.983e+02, 2.035e-07
2.335e+00, 5.000e-01, -1.045e+00, 1.187e+05, 0.000e+00, 4.844e-04, 0.000e+00, 2.158e+00, 9.984e+02, 2.080e-07
2.335e+00, 5.000e-01, -1.035e+00, 1.186e+05, 0.000e+00, 5.001e-04, 0.000e+00, 2.156e+00, 9.984e+02, 2.147e-07
2.335e+00, 5.000e-01, -1.025e+00, 1.185e+05, 0.000e+00, 5.185e-04, 0.000e+00, 2.154e+00, 9.984e+02, 2.226e-07
2.335e+00, 5.000e-01, -1.015e+00, 1.185e+05, 0.000e+00, 5.365e-04, 0.000e+00, 2.152e+00, 9.984e+02, 2.303e-07
2.335e+00, 5.000e-01, -1.005e+00, 1.184e+05, 0.000e+00, 5.509e-04, 0.000e+00, 2.150e+00, 9.984e+02, 2.365e-07
2.335e+00, 5.000e-01, -9.950e-01, 1.183e+05, 0.000e+00, 5.589e-04, 0.000e+00, 2.149e+00, 9.984e+02, 2.399e-07
2.335e+00, 5.000e-01, -9.850e-01, 1.182e+05, 0.000e+00, 5.596e-04, 0.000e+00, 2.147e+00, 9.984e+02, 2.402e-07
2.335e+00, 5.000e-01, -9.750e-01, 1.181e+05, 0.000e+00, 5.540e-04, 0.000e+00, 2.145e+00, 9.984e+02, 2.378e-07
2.335e+00, 5.000e-01, -9.650e-01, 1.180e+05, 0.000e+00, 5.438e-04, 0.000e+00, 2.143e+00, 9.984e+02, 2.335e-07
2.335e+00, 5.000e-01, -9.550e-01, 1.179e+05, 0.000e+00, 5.305e-04, 0.000e+00, 2.141e+00, 9.984e+02, 2.278e-07
2.335e+00, 5.000e-01, -9.450e-01, 1.178e+05, 0.000e+00, 5.149e-04, 0.000e+00, 2.140e+00, 9.984e+02, 2.210e-07
2.335e+00, 5.000e-01, -9.350e-01, 1.177e+05, 0.000e+00, 4.973e-04, 0.000e+00, 2.138e+00, 9.984e+02, 2.135e-07
2.335e+00, 5.000e-01, -9.250e-01, 1.176e+05, 0.000e+00, 4.779e-04, 0.000e+00, 2.136e+00, 9.983e+02, 2.052e-07
2.335e+00, 5.000e-01, -9.150e-01, 1.175e+05, 0.000e+00, 4.572e-04, 0.000e+00, 2.134e+00, 9.983e+02, 1.963e-07
2.335e+00, 5.000e-01, -9.050e-01, 1.174e+05, 0.000e+00, 4.360e-04, 0.000e+00, 2.132e+00, 9.983e+02, 1.872e-07
2.335e+00, 5.000e-01, -8.950e-01, 1.173e+05, 0.000e+00, 4.158e-04, 0.000e+00, 2.131e+00, 9.983e+02, 1.785e-07
2.335e+00, 5.000e-01, -8.850e-01, 1.172e+05, 0.000e+00, 3.980e-04, 0.000e+00, 2.129e+00, 9.983e+02, 1.709e-07
2.335e+00, 5.000e-01, -8.750e-01, 1.171e+05, 0.000e+00, 3.825e-04, 0.000e+00, 2.127e+00, 9.983e+02, 1.642e-07
2.335e+00, 5.000e-01, -8.650e-01, 1.170e+05, 0.000e+00, 3.654e-04, 0.000e+00, 2.125e+00, 9.983e+02, 1.569e-07
2.335e+00, 5.000e-01, -8.550e-01, 1.169e+05, 0.000e+00, 3.400e-04, 0.000e+00, 2.124e+00, 9.983e+02, 1.460e-07
2.335e+00, 5.000e-01, -8.450e-01, 1.168e+05, 0.000e+00, 3.069e-04, 0.000e+00, 2.122e+00, 9.983e+02, 1.317e-07
2.335e+00, 5.000e-01, -8.350e-01, 1.167e+05, 0.000e+00, 2.734e-04, 0.000e+00, 2.120e+00, 9.983e+02, 1.174e-07
2.335e+00, 5.000e-01, -8.250e-01, 1.166e+05, 0.000e+00, 2.396e-04, 0.000e+00, 2.118e+00, 9.983e+02, 1.029e-07
2.335e+00, 5.000e-01, -8.150e-01, 1.165e+05, 0.000e+00, 2.048e-04, 0.000e+00, 2.116e+00, 9.983e+02, 8.791e-08
2.335e+00, 5.000e-01, -8.050e-01, 1.164e+05, 0.000e+00, 1.695e-04, 0.000e+00, 2.115e+00, 9.983e+02, 7.275e-08
2.335e+00, 5.000e-01, -7.950e-01, 1.163e+05, 0.000e+00, 1.353e-04, 0.000e+00, 2.113e+00, 9.983e+02, 5.809e-08
2.335e+00, 5.000e-01, -7.850e-01, 1.162e+05, 0.000e+00, 1.045e-04, 0.000e+00, 2.111e+00, 9.983e+02, 4.484e-08
2.335e+00, 5.000e-01, -7.750e-01, 1.161e+05, 0.000e+00, 7.990e-05, 0.000e+00, 2.109e+00, 9.983e+02, 3.430e-08
2.335e+00, 5.000e-01, -7.650e-01, 1.160e+05, 0.000e+00, 6.657e-05, 0.000e+00, 2.107e+00, 9.983e+02, 2.857e-08
2.335e+00, 5.000e-01, -7.550e-01, 1.159e+05, 0.000e+00, 7.209e-05, 0.000e+00, 2.106e+00, 9.983e+02, 3.094e-08
2.335e+00, 5.000e-01, -7.450e-01, 1.158e+05, 0.000e+00, 1.153e-04, 0.000e+00, 2.104e+00, 9.983e+02, 4.951e-08
2.335e+00, 5.000e-01, -7.350e-01, 1.157e+05, 0.000e+00, 3.790e-04, 0.000e+00, 2.102e+00, 9.983e+02, 1.627e-07
2.335e+00, 5.000e-01, -7.250e-01, 1.156e+05, 4.676e-01, 1.895e-03, 0.000e+00, 2.100e+00, 9.986e+02, 8.642e-07
2.335e+00, 5.000e-01, -7.150e-01, 1.170e+05, 0.000e+00, 4.169e-04, 0.000e+00, 2.126e+00, 9.983e+02, 1.831e-07
2.335e+00, 5.000e-01, -7.050e-01, 1.169e+05, 0.000e+00, 2.490e-04, 0.000e+00, 2.124e+00, 9.983e+02, 1.094e-07
2.335e+00, 5.000e-01, -6.950e-01, 1.168e+05, 0.000e+00, 1.618e-04, 0.000e+00, 2.122e+00, 9.983e+02, 7.106e-08
2.335e+00, 5.000e-01, -6.850e-01, 1.167e+05, 0.000e+00, 1.043e-04, 0.000e+00, 2.120e+00, 9.983e+02, 4.583e-08
2.335e+00, 5.000e-01, -6.750e-01, 1.166e+05, 0.000e+00, 6.919e-05, 0.000e+00, 2.119e+00, 9.983e+02, 3.039e-08
2.335e+00, 5.000e-01, -6.650e-01, 1.165e+05, 0.000e+00, 5.412e-05, 0.000e+00, 2.117e+00, 9.983e+02, 2.377e-08
2.335e+00, 5.000e-01, -6.550e-01, 1.164e+05, 0.000e+00, 5.898e-05, 0.000e+00, 2.115e+00, 9.983e+02, 2.590e-08
2.335e+00, 5.000e-01, -6.450e-01, 1.163e+05, 0.000e+00, 8.562e-05, 0.000e+00, 2.113e+00, 9.983e+02, 3.761e-08
2.335e+00, 5.000e-01, -6.350e-01, 1.162e+05, 0.000e+00, 1.364e-04, 0.000e+00, 2.111e+00, 9.983e+02, 5.992e-08
2.335e+00, 5.000e-01, -6.250e-01, 1.161e+05, 0.000e+00, 2.094e-04, 0.000e+00, 2.110e+00, 9.983e+02, 9.196e-08
2.335e+00, 5.000e-01, -6.150e-01, 1.160e+05, 0.000e+00, 2.904e-04, 0.000e+00, 2.108e+00, 9.983e+02, 1.276e-07
2.335e+00, 5.000e-01, -6.050e-01, 1.144e+05, 0.000e+00, 3.489e-04, 0.000e+00, 2.079e+00, 9.983e+02, 1.555e-07
2.335e+00, 5.000e-01, -5.950e-01, 1.144e+05, 0.000e+00, 3.543e-04, 0.000e+00, 2.077e+00, 9.983e+02, 1.592e-07
2.335e+00, 5.000e-01, -5.850e-01, 1.143e+05, 0.000e+00, 3.535e-04, 0.000e+00, 2.075e+00, 9.983e+02, 1.588e-07
2.335e+00, 5.000e-01, -5.750e-01, 1.142e+05, 0.000e+00, 3.537e-04, 0.000e+00, 2.074e+00, 9.983e+02, 1.589e-07
2.335e+00, 5.000e-01, -5.650e-01, 1.141e+05, 0.000e+00, 3.552e-04, 0.000e+00, 2.072e+00, 9.983e+02, 1.596e-07
2.335e+00, 5.000e-01, -5.550e-01, 1.140e+05, 0.000e+00, 3.557e-04, 0.000e+00, 2.070e+00, 9.983e+02, 1.598e-07
2.335e+00, 5.000e-01, -5.450e-01, 1.139e+05, 0.000e+00, 3.561e-04, 0.000e+00, 2.068e+00, 9.983e+02, 1.600e-07
2.335e+00, 5.000e-01, -5.350e-01, 1.138e+05, 0.000e+00, 3.571e-04, 0.000e+00, 2.067e+00, 9.983e+02, 1.604e-07
2.335e+00, 5.000e-01, -5.250e-01, 1.137e+05, 0.000e+00, 3.586e-04, 0.000e+00, 2.065e+00, 9.983e+02, 1.611e-07
2.335e+00, 5.000e-01, -5.150e-01, 1.136e+05, 0.000e+00, 3.599e-04, 0.000e+00, 2.063e+00, 9.983e+02, 1.617e-07
2.335e+00, 5.000e-01, -5.050e-01, 1.135e+05, 0.000e+00, 3.608e-04, 0.000e+00, 2.061e+00, 9.983e+02, 1.617e-07
2.335e+00, 5.000e-01, -4.950e-01, 1.134e+05, 0.000e+00, 3.698e-04, 0.000e+00, 2.059e+00, 9.983e+02, 1.587e-07
2.335e+00, 5.000e-01, -4.850e-01, 1.133e+05, 0.000e+00, 3.989e-04, 0.000e+00, 2.057e+00, 9.983e+02, 1.712e-07
2.335e+00, 5.000e-01, -4.750e-01, 1.132e+05, 0.000e+00, 4.241e-04, 0.000e+00, 2.056e+00, 9.983e+02, 1.821e-07
2.335e+00, 5.000e-01, -4.650e-01, 1.131e+05, 0.000e+00, 4.530e-04, 0.000e+00, 2.054e+00, 9.983e+02, 1.945e-07
2.335e+00, 5.000e-01, -4.550e-01, 1.130e+05, 0.000e+00, 4.726e-04, 0.000e+00, 2.052e+00, 9.983e+02, 2.029e-07
2.335e+00, 5.000e-01, -4.450e-01, 1.129e+05, 0.000e+00, 4.708e-04, 0.000e+00, 2.050e+00, 9.983e+02, 2.082e-07
2.335e+00, 5.000e-01, -4.350e-01, 1.128e+05, 0.000e+00, 4.580e-04, 0.000e+00, 2.049e+00, 9.983e+02, 2.045e-07
2.335e+00, 5.000e-01, -4.250e-01, 1.127e+05, 0.000e+00, 4.358e-04, 0.000e+00, 2.047e+00, 9.983e+02, 1.871e-07
2.335e+00, 5.000e-01, -4.150e-01, 1.126e+05, 0.000e+00, 3.802e-04, 0.000e+00, 2.045e+00, 9.983e+02, 1.632e-07
2.335e+00, 5.000e-01, -4.050e-01, 1.125e+05, 0.000e+00, 3.251e-04, 0.000e+00, 2.043e+00, 9.983e+02, 1.396e-07
2.335e+00, 5.000e-01, -3.950e-01, 1.124e+05, 0.000e+00, 3.190e-04, 0.000e+00, 2.041e+00, 9.983e+02, 1.369e-07
2.335e+00, 5.000e-01, -3.850e-01, 1.123e+05, 0.000e+00, 3.268e-04, 0.000e+00, 2.039e+00, 9.983e+02, 1.403e-07
2.335e+00, 5.000e-01, -3.750e-01, 1.122e+05, 0.000e+00, 3.359e-04, 0.000e+00, 2.038e+00, 9.983e+02, 1.443e-07
2.335e+00, 5.000e-01, -3.650e-01, 1.121e+05, 0.000e+00, 3.358e-04, 0.000e+00, 2.036e+00, 9.983e+02, 1.508e-07
2.335e+00, 5.000e-01, -3.550e-01, 1.120e+05, 0.000e+00, 3.564e-04, 0.000e+00, 2.034e+00, 9.983e+02, 1.601e-07
2.335e+00, 5.000e-01, -3.450e-01, 1.119e+05, 0.000e+00, 3.813e-04, 0.000e+00, 2.033e+00, 9.983e+02, 1.713e-07
2.335e+00, 5.000e-01, -3.350e-01, 1.118e+05, 0.000e+00, 4.042e-04, 0.000e+00, 2.031e+00, 9.983e+02, 1.816e-07
2.335e+00, 5.000e-01, -3.250e-01, 1.117e+05, 0.000e+00, 4.225e-04, 0.000e+00, 2.029e+00, 9.983e+02, 1.898e-07
2.335e+00, 5.000e-01, -3.150e-01, 1.116e+05, 0.000e+00, 4.345e-04, 0.000e+00, 2.027e+00, 9.983e+02, 1.952e-07
2.335e+00, 5.000e-01, -3.050e-01, 1.115e+05, 0.000e+00, 4.376e-04, 0.000e+00, 2.025e+00, 9.983e+02, 1.966e-07
2.335e+00, 5.000e-01, -2.950e-01, 1.114e+05, 0.000e+00, 4.273e-04, 0.000e+00, 2.024e+00, 9.983e+02, 1.919e-07
2.335e+00, 5.000e-01, -2.850e-01, 1.113e+05, 0.000e+00, 3.939e-04, 0.000e+00, 2.022e+00, 9.983e+02, 1.754e-07
2.335e+00, 5.000e-01, -2.750e-01, 1.113e+05, 0.000e+00, 3.584e-04, 0.000e+00, 2.021e+00, 9.983e+02, 1.574e-07
2.335e+00, 5.000e-01, -2.650e-01, 1.112e+05, 0.000e+00, 3.278e-04, 0.000e+00, 2.020e+00, 9.983e+02, 1.440e-07
2.335e+00, 5.000e-01, -2.550e-01, 1.111e+05, 0.000e+00, 2.972e-04, 0.000e+00, 2.018e+00, 9.983e+02, 1.306e-07
2.335e+00, 5.000e-01, -2.450e-01, 1.110e+05, 0.000e+00, 2.645e-04, 0.000e+00, 2.016e+00, 9.983e+02, 1.162e-07
2.335e+00, 5.000e-01, -2.350e-01, 1.109e+05, 0.000e+00, 2.290e-04, 0.000e+00, 2.014e+00, 9.983e+02, 1.006e-07
2.335e+00, 5.000e-01, -2.250e-01, 1.108e+05, 0.000e+00, 1.913e-04, 0.000e+00, 2.012e+00, 9.983e+02, 8.404e-08
2.335e+00, 5.000e-01, -2.150e-01, 1.107e+05, 0.000e+00, 1.527e-04, 0.000e+00, 2.011e+00, 9.983e+02, 6.706e-08
2.335e+00, 5.000e-01, -2.050e-01, 1.106e+05, 0.000e+00, 1.150e-04, 0.000e+00, 2.009e+00, 9.983e+02, 5.052e-08
2.335e+00, 5.000e-01, -1.950e-01, 1.107e+05, 0.000e+00, 8.159e-05, 0.000e+00, 2.011e+00, 9.983e+02, 3.504e-08
2.335e+00, 5.000e-01, -1.850e-01, 1.106e+05, 0.000e+00, 5.810e-05, 0.000e+00, 2.009e+00, 9.983e+02, 2.494e-08
2.335e+00, 5.000e-01, -1.750e-01, 1.105e+05, 0.000e+00, 4.825e-05, 0.000e+00, 2.007e+00, 9.983e+02, 2.071e-08
2.335e+00, 5.000e-01, -1.650e-01, 1.104e+05, 0.000e+00, 5.930e-05, 0.000e+00, 2.005e+00, 9.983e+02, 2.546e-08
2.335e+00, 5.000e-01, -1.550e-01, 1.103e+05, 0.000e+00, 1.039e-04, 0.000e+00, 2.004e+00, 9.983e+02, 4.459e-08
2.335e+00, 5.000e-01, -1.450e-01, 1.102e+05, 0.000e+00, 1.861e-04, 0.000e+00, 2.002e+00, 9.983e+02, 7.991e-08
2.335e+00, 5.000e-01, -1.350e-01, 1.101e+05, 0.000e+00, 2.658e-04, 0.000e+00, 2.000e+00, 9.983e+02, 1.141e-07
2.335e+00, 5.000e-01, -1.250e-01, 1.112e+05, 0.000e+00, 2.665e-04, 0.000e+00, 2.020e+00, 9.983e+02, 1.165e-07
2.335e+00, 5.000e-01, -1.150e-01, 1.111e+05, 0.000e+00, 2.097e-04, 0.000e+00, 2.018e+00, 9.983e+02, 9.213e-08
2.335e+00, 5.000e-01, -1.050e-01, 1.110e+05, 0.000e+00, 1.376e-04, 0.000e+00, 2.017e+00, 9.983e+02, 6.045e-08
2.335e+00, 5.000e-01, -9.500e-02, 1.109e+05, 0.000e+00, 7.923e-05, 0.000e+00, 2.015e+00, 9.983e+02, 3.480e-08
2.335e+00, 5.000e-01, -8.500e-02, 1.108e+05, 0.000e+00, 4.177e-05, 0.000e+00, 2.013e+00, 9.983e+02, 1.835e-08
2.335e+00, 5.000e-01, -7.500e-02, 1.107e+05, 0.000e+00, 2.080e-05, 0.000e+00, 2.011e+00, 9.983e+02, 9.135e-09
2.335e+00, 5.000e-01, -6.500e-02, 1.106e+05, 0.000e+00, 9.951e-06, 0.000e+00, 2.009e+00, 9.983e+02, 4.371e-09
2.335e+00, 5.000e-01, -5.500e-02, 1.105e+05, 0.000e+00, 4.605e-06, 0.000e+00, 2.008e+00, 9.983e+02, 2.023e-09
2.335e+00, 5.000e-01, -4.500e-02, 1.104e+05, 0.000e+00, 2.061e-06, 0.000e+00, 2.006e+00, 9.983e+02, 9.053e-10
2.335e+00, 5.000e-01, -3.500e-02, 1.103e+05, 0.000e+00, 8.906e-07, 0.000e+00, 2.004e+00, 9.983e+02, 3.912e-10
2.335e+00, 5.000e-01, -2.500e-02, 1.102e+05, 0.000e+00, 3.723e-07, 0.000e+00, 2.002e+00, 9.983e+02, 1.635e-10
2.335e+00, 5.000e-01, -1.500e-02, 1.101e+05, 0.000e+00, 1.536e-07, 0.000e+00, 2.000e+00, 9.983e+02, 6.747e-11
2.335e+00, 5.000e-01, -5.000e-03, 1.100e+05, 0.000e+00, 6.791e-08, 0.000e+00, 1.999e+00, 9.983e+02, 2.983e-11
2.345e+00, 5.000e-01, -1.195e+00, 1.202e+05, 0.000e+00, 1.002e-13, 0.000e+00, 2.184e+00, 9.983e+02, 2.000e-17
2.345e+00, 5.000e-01, -1.185e+00, 1.201e+05, 0.000e+00, 1.002e-13, 0.000e+00, 2.182e+00, 9.983e+02, 2.000e-17
2.345e+00, 5.000e-01, -1.175e+00, 1.200e+05, 0.000e+00, 1.002e-13, 0.000e+00, 2.181e+00, 9.983e+02, 2.000e-17
2.345e+00, 5.000e-01, -1.165e+00, 1.199e+05, 0.000e+00, 1.002e-13, 0.000e+00, 2.179e+00, 9.983e+02, 2.000e-17
2.345e+00, 5.000e-01, -1.155e+00, 1.198e+05, 0.000e+00, 1.002e-13, 0.000e+00, 2.177e+00, 9.983e+02, 2.000e-17
2.345e+00, 5.000e-01, -1.145e+00, 1.197e+05, 0.000e+00, 1.002e-13, 0.000e+00, 2.175e+00, 9.983e+02, 2.000e-17
2.345e+00, 5.000e-01, -1.135e+00, 1.196e+05, 0.000e+00, 1.002e-13, 0.000e+00, 2.173e+00, 9.983e+02, 2.000e-17
2.345e+00, 5.000e-01, -1.125e+00, 1.195e+05, 0.000e+00, 1.002e-13, 0.000e+00, 2.172e+00, 9.983e+02, 2.000e-17
2.345e+00, 5.000e-01, -1.115e+00, 1.194e+05, 0.000e+00, 1.003e-13, 0.000e+00, 2.170e+00, 9.983e+02, 2.003e-17
2.345e+00, 5.000e-01, -1.105e+00, 1.193e+05, 0.000e+00, 8.322e-10, 0.000e+00, 2.168e+00, 9.983e+02, 3.571e-13
2.345e+00, 5.000e-01, -1.095e+00, 1.192e+05, 0.000e+00, 4.394e-04, 0.000e+00, 2.167e+00, 9.983e+02, 1.886e-07
2.345e+00, 5.000e-01, -1.085e+00, 1.191e+05, 0.000e+00, 4.512e-04, 0.000e+00, 2.165e+00, 9.983e+02, 1.937e-07
2.345e+00, 5.000e-01, -1.075e+00, 1.190e+05, 0.000e+00, 4.579e-04, 0.000e+00, 2.163e+00, 9.983e+02, 1.966e-07
2.345e+00, 5.000e-01, -1.065e+00, 1.189e+05, 0.000e+00, 4.601e-04, 0.000e+00, 2.161e+00, 9.983e+02, 1.975e-07
2.345e+00, 5.000e-01, -1.055e+00, 1.188e+05, 0.000e+00, 4.616e-04, 0.000e+00, 2.159e+00, 9.983e+02, 1.981e-07
2.345e+00, 5.000e-01, -1.045e+00, 1.187e+05, 0.000e+00, 4.662e-04, 0.000e+00, 2.158e+00, 9.983e+02, 2.001e-07
2.345e+00, 5.000e-01, -1.035e+00, 1.186e+05, 0.000e+00, 4.761e-04, 0.000e+00, 2.156e+00, 9.984e+02, 2.044e-07
2.345e+00, 5.000e-01, -1.025e+00, 1.185e+05, 0.000e+00, 4.907e-04, 0.000e+00, 2.154e+00, 9.984e+02, 2.106e-07
2.345e+00, 5.000e-01, -1.015e+00, 1.185e+05, 0.000e+00, 5.080e-04, 0.000e+00, 2.152e+00, 9.984e+02, 2.181e-07
2.345e+00, 5.000e-01, -1.005e+00, 1.184e+05, 0.000e+00, 5.249e-04, 0.000e+00, 2.150e+00, 9.984e+02, 2.253e-07
2.345e+00, 5.000e-01, -9.950e-01, 1.183e+05, 0.000e+00, 5.375e-04, 0.000e+00, 2.149e+00, 9.984e+02, 2.307e-07
2.345e+00, 5.000e-01, -9.850e-01, 1.182e+05, 0.000e+00, 5.428e-04, 0.000e+00, 2.147e+00, 9.984e+02, 2.330e-07
2.345e+00, 5.000e-01, -9.750e-01, 1.181e+05, 0.000e+00, 5.404e-04, 0.000e+00, 2.145e+00, 9.984e+02, 2.320e-07
2.345e+00, 5.000e-01, -9.650e-01, 1.180e+05, 0.000e+00, 5.318e-04, 0.000e+00, 2.143e+00, 9.984e+02, 2.283e-07
2.345e+00, 5.000e-01, -9.550e-01, 1.179e+05, 0.000e+00, 5.186e-04, 0.000e+00, 2.141e+00, 9.984e+02, 2.227e-07
2.345e+00, 5.000e-01, -9.450e-01, 1.178e+05, 0.000e+00, 5.023e-04, 0.000e+00, 2.140e+00, 9.984e+02, 2.156e-07
2.345e+00, 5.000e-01, -9.350e-01, 1.177e+05, 0.000e+00, 4.835e-04, 0.000e+00, 2.138e+00, 9.984e+02, 2.076e-07
2.345e+00, 5.000e-01, -9.250e-01, 1.176e+05, 0.000e+00, 4.630e-04, 0.000e+00, 2.136e+00, 9.983e+02, 1.987e-07
2.345e+00, 5.000e-01, -9.150e-01, 1.175e+05, 0.000e+00, 4.414e-04, 0.000e+00, 2.134e+00, 9.983e+02, 1.895e-07
2.345e+00, 5.000e-01, -9.050e-01, 1.174e+05, 0.000e+00, 4.203e-04, 0.000e+00, 2.132e+00, 9.983e+02, 1.804e-07
2.345e+00, 5.000e-01, -8.950e-01, 1.173e+05, 0.000e+00, 4.014e-04, 0.000e+00, 2.131e+00, 9.983e+02, 1.723e-07
2.345e+00, 5.000e-01, -8.850e-01, 1.172e+05, 0.000e+00, 3.861e-04, 0.000e+00, 2.129e+00, 9.983e+02, 1.658e-07
2.345e+00, 5.000e-01, -8.750e-01, 1.171e+05, 0.000e+00, 3.725e-04, 0.000e+00, 2.127e+00, 9.983e+02, 1.599e-07
2.345e+00, 5.000e-01, -8.650e-01, 1.170e+05, 0.000e+00, 3.539e-04, 0.000e+00, 2.125e+00, 9.983e+02, 1.519e-07
2.345e+00, 5.000e-01, -8.550e-01, 1.169e+05, 0.000e+00, 3.249e-04, 0.000e+00, 2.124e+00, 9.983e+02, 1.395e-07
2.345e+00, 5.000e-01, -8.450e-01, 1.168e+05, 0.000e+00, 2.916e-04, 0.000e+00, 2.122e+00, 9.983e+02, 1.252e-07
2.345e+00, 5.000e-01, -8.350e-01, 1.167e+05, 0.000e+00, 2.569e-04, 0.000e+00, 2.120e+00, 9.983e+02, 1.103e-07
2.345e+00, 5.000e-01, -8.250e-01, 1.166e+05, 0.000e+00, 2.216e-04, 0.000e+00, 2.118e+00, 9.983e+02, 9.513e-08
2.345e+00, 5.000e-01, -8.150e-01, 1.165e+05, 0.000e+00, 1.863e-04, 0.000e+00, 2.116e+00, 9.983e+02, 7.999e-08
2.345e+00, 5.000e-01, -8.050e-01, 1.164e+05, 0.000e+00, 1.520e-04, 0.000e+00, 2.115e+00, 9.983e+02, 6.524e-08
2.345e+00, 5.000e-01, -7.950e-01, 1.163e+05, 0.000e+00, 1.198e-04, 0.000e+00, 2.113e+00, 9.983e+02, 5.142e-08
2.345e+00, 5.000e-01, -7.850e-01, 1.162e+05, 0.000e+00, 9.160e-05, 0.000e+00, 2.111e+00, 9.983e+02, 3.932e-08
2.345e+00, 5.000e-01, -7.750e-01, 1.161e+05, 0.000e+00, 7.032e-05, 0.000e+00, 2.109e+00, 9.983e+02, 3.019e-08
2.345e+00, 5.000e-01, -7.650e-01, 1.160e+05, 0.000e+00, 6.110e-05, 0.000e+00, 2.107e+00, 9.983e+02, 2.623e-08
2.345e+00, 5.000e-01, -7.550e-01, 1.159e+05, 0.000e+00, 7.093e-05, 0.000e+00, 2.106e+00, 9.983e+02, 3.045e-08
2.345e+00, 5.000e-01, -7.450e-01, 1.158e+05, 0.000e+00, 1.094e-04, 0.000e+00, 2.104e+00, 9.983e+02, 4.698e-08
2.345e+00, 5.000e-01, -7.350e-01, 1.157e+05, 0.000e+00, 2.241e-04, 0.000e+00, 2.102e+00, 9.983e+02, 9.621e-08
2.345e+00, 5.000e-01, -7.250e-01, 1.171e+05, 0.000e+00, 4.415e-04, 0.000e+00, 2.127e+00, 9.983e+02, 1.926e-07
2.345e+00, 5.000e-01, -7.150e-01, 1.170e+05, 0.000e+00, 3.247e-04, 0.000e+00, 2.126e+00, 9.983e+02, 1.426e-07
2.345e+00, 5.000e-01, -7.050e-01, 1.169e+05, 0.000e+00, 2.172e-04, 0.000e+00, 2.124e+00, 9.983e+02, 9.539e-08
2.345e+00, 5.000e-01, -6.950e-01, 1.168e+05, 0.000e+00, 1.430e-04, 0.000e+00, 2.122e+00, 9.983e+02, 6.281e-08
2.345e+00, 5.000e-01, -6.850e-01, 1.167e+05, 0.000e+00, 9.382e-05, 0.000e+00, 2.120e+00, 9.983e+02, 4.121e-08
2.345e+00, 5.000e-01, -6.750e-01, 1.166e+05, 0.000e+00, 6.572e-05, 0.000e+00, 2.119e+00, 9.983e+02, 2.887e-08
2.345e+00, 5.000e-01, -6.650e-01, 1.165e+05, 0.000e+00, 5.713e-05, 0.000e+00, 2.117e+00, 9.983e+02, 2.509e-08
2.345e+00, 5.000e-01, -6.550e-01, 1.164e+05, 0.000e+00, 6.803e-05, 0.000e+00, 2.115e+00, 9.983e+02, 2.988e-08
2.345e+00, 5.000e-01, -6.450e-01, 1.163e+05, 0.000e+00, 9.977e-05, 0.000e+00, 2.113e+00, 9.983e+02, 4.382e-08
2.345e+00, 5.000e-01, -6.350e-01, 1.162e+05, 0.000e+00, 1.536e-04, 0.000e+00, 2.111e+00, 9.983e+02, 6.746e-08
2.345e+00, 5.000e-01, -6.250e-01, 1.161e+05, 0.000e+00, 2.265e-04, 0.000e+00, 2.110e+00, 9.983e+02, 9.947e-08
2.345e+00, 5.000e-01, -6.150e-01, 1.160e+05, 0.000e+00, 3.052e-04, 0.000e+00, 2.108e+00, 9.983e+02, 1.341e-07
2.345e+00, 5.000e-01, -6.050e-01, 1.144e+05, 0.000e+00, 3.616e-04, 0.000e+00, 2.079e+00, 9.983e+02, 1.618e-07
2.345e+00, 5.000e-01, -5.950e-01, 1.144e+05, 0.000e+00, 3.679e-04, 0.000e+00, 2.077e+00, 9.983e+02, 1.653e-07
2.345e+00, 5.000e-01, -5.850e-01, 1.143e+05, 0.000e+00, 3.668e-04, 0.000e+00, 2.075e+00, 9.983e+02, 1.648e-07
2.345e+00, 5.000e-01, -5.750e-01, 1.142e+05, 0.000e+00, 3.643e-04, 0.000e+00, 2.074e+00, 9.983e+02, 1.636e-07
2.345e+00, 5.000e-01, -5.650e-01, 1.141e+05, 0.000e+00, 3.633e-04, 0.000e+00, 2.072e+00, 9.983e+02, 1.632e-07
2.345e+00, 5.000e-01, -5.550e-01, 1.140e+05, 0.000e+00, 3.634e-04, 0.000e+00, 2.070e+00, 9.983e+02, 1.633e-07
2.345e+00, 5.000e-01, -5.450e-01, 1.139e+05, 0.000e+00, 3.648e-04, 0.000e+00, 2.068e+00, 9.983e+02, 1.639e-07
2.345e+00, 5.000e-01, -5.350e-01, 1.138e+05, 0.000e+00, 3.670e-04, 0.000e+00, 2.067e+00, 9.983e+02, 1.649e-07
2.345e+00, 5.000e-01, -5.250e-01, 1.137e+05, 0.000e+00, 3.694e-04, 0.000e+00, 2.065e+00, 9.983e+02, 1.659e-07
2.345e+00, 5.000e-01, -5.150e-01, 1.136e+05, 0.000e+00, 3.705e-04, 0.000e+00, 2.063e+00, 9.983e+02, 1.665e-07
2.345e+00, 5.000e-01, -5.050e-01, 1.135e+05, 0.000e+00, 3.687e-04, 0.000e+00, 2.061e+00, 9.983e+02, 1.644e-07
2.345e+00, 5.000e-01, -4.950e-01, 1.134e+05, 0.000e+00, 3.682e-04, 0.000e+00, 2.059e+00, 9.983e+02, 1.581e-07
2.345e+00, 5.000e-01, -4.850e-01, 1.133e+05, 0.000e+00, 3.901e-04, 0.000e+00, 2.057e+00, 9.983e+02, 1.674e-07
2.345e+00, 5.000e-01, -4.750e-01, 1.132e+05, 0.000e+00, 4.172e-04, 0.000e+00, 2.056e+00, 9.983e+02, 1.791e-07
2.345e+00, 5.000e-01, -4.650e-01, 1.131e+05, 0.000e+00, 4.498e-04, 0.000e+00, 2.054e+00, 9.983e+02, 1.931e-07
2.345e+00, 5.000e-01, -4.550e-01, 1.130e+05, 0.000e+00, 4.680e-04, 0.000e+00, 2.052e+00, 9.983e+02, 2.009e-07
2.345e+00, 5.000e-01, -4.450e-01, 1.129e+05, 0.000e+00, 4.619e-04, 0.000e+00, 2.050e+00, 9.983e+02, 2.055e-07
2.345e+00, 5.000e-01, -4.350e-01, 1.128e+05, 0.000e+00, 4.424e-04, 0.000e+00, 2.049e+00, 9.983e+02, 1.965e-07
2.345e+00, 5.000e-01, -4.250e-01, 1.127e+05, 0.000e+00, 4.121e-04, 0.000e+00, 2.047e+00, 9.983e+02, 1.769e-07
2.345e+00, 5.000e-01, -4.150e-01, 1.126e+05, 0.000e+00, 3.355e-04, 0.000e+00, 2.045e+00, 9.983e+02, 1.440e-07
2.345e+00, 5.000e-01, -4.050e-01, 1.125e+05, 0.000e+00, 3.165e-04, 0.000e+00, 2.043e+00, 9.983e+02, 1.359e-07
2.345e+00, 5.000e-01, -3.950e-01, 1.124e+05, 0.000e+00, 3.256e-04, 0.000e+00, 2.041e+00, 9.983e+02, 1.398e-07
2.345e+00, 5.000e-01, -3.850e-01, 1.123e+05, 0.000e+00, 3.421e-04, 0.000e+00, 2.039e+00, 9.983e+02, 1.468e-07
2.345e+00, 5.000e-01, -3.750e-01, 1.122e+05, 0.000e+00, 3.550e-04, 0.000e+00, 2.038e+00, 9.983e+02, 1.530e-07
2.345e+00, 5.000e-01, -3.650e-01, 1.121e+05, 0.000e+00, 3.646e-04, 0.000e+00, 2.036e+00, 9.983e+02, 1.638e-07
2.345e+00, 5.000e-01, -3.550e-01, 1.120e+05, 0.000e+00, 3.861e-04, 0.000e+00, 2.034e+00, 9.983e+02, 1.735e-07
2.345e+00, 5.000e-01, -3.450e-01, 1.119e+05, 0.000e+00, 4.073e-04, 0.000e+00, 2.033e+00, 9.983e+02, 1.830e-07
2.345e+00, 5.000e-01, -3.350e-01, 1.118e+05, 0.000e+00, 4.262e-04, 0.000e+00, 2.031e+00, 9.983e+02, 1.915e-07
2.345e+00, 5.000e-01, -3.250e-01, 1.117e+05, 0.000e+00, 4.419e-04, 0.000e+00, 2.029e+00, 9.983e+02, 1.985e-07
2.345e+00, 5.000e-01, -3.150e-01, 1.116e+05, 0.000e+00, 4.525e-04, 0.000e+00, 2.027e+00, 9.983e+02, 2.033e-07
2.345e+00, 5.000e-01, -3.050e-01, 1.115e+05, 0.000e+00, 4.554e-04, 0.000e+00, 2.025e+00, 9.983e+02, 2.046e-07
2.345e+00, 5.000e-01, -2.950e-01, 1.114e+05, 0.000e+00, 4.461e-04, 0.000e+00, 2.024e+00, 9.983e+02, 2.004e-07
2.345e+00, 5.000e-01, -2.850e-01, 1.113e+05, 0.000e+00, 4.106e-04, 0.000e+00, 2.022e+00, 9.983e+02, 1.825e-07
2.345e+00, 5.000e-01, -2.750e-01, 1.113e+05, 0.000e+00, 3.750e-04, 0.000e+00, 2.021e+00, 9.983e+02, 1.647e-07
2.345e+00, 5.000e-01, -2.650e-01, 1.112e+05, 0.000e+00, 3.461e-04, 0.000e+00, 2.020e+00, 9.983e+02, 1.520e-07
2.345e+00, 5.000e-01, -2.550e-01, 1.111e+05, 0.000e+00, 3.159e-04, 0.000e+00, 2.018e+00, 9.983e+02, 1.388e-07
2.345e+00, 5.000e-01, -2.450e-01, 1.110e+05, 0.000e+00, 2.818e-04, 0.000e+00, 2.016e+00, 9.983e+02, 1.238e-07
2.345e+00, 5.000e-01, -2.350e-01, 1.109e+05, 0.000e+00, 2.435e-04, 0.000e+00, 2.014e+00, 9.983e+02, 1.069e-07
2.345e+00, 5.000e-01, -2.250e-01, 1.108e+05, 0.000e+00, 2.020e-04, 0.000e+00, 2.012e+00, 9.983e+02, 8.871e-08
2.345e+00, 5.000e-01, -2.150e-01, 1.107e+05, 0.000e+00, 1.594e-04, 0.000e+00, 2.011e+00, 9.983e+02, 7.002e-08
2.345e+00, 5.000e-01, -2.050e-01, 1.106e+05, 0.000e+00, 1.181e-04, 0.000e+00, 2.009e+00, 9.983e+02, 5.179e-08
2.345e+00, 5.000e-01, -1.950e-01, 1.107e+05, 0.000e+00, 8.169e-05, 0.000e+00, 2.011e+00, 9.983e+02, 3.506e-08
2.345e+00, 5.000e-01, -1.850e-01, 1.106e+05, 0.000e+00, 5.758e-05, 0.000e+00, 2.009e+00, 9.983e+02, 2.472e-08
2.345e+00, 5.000e-01, -1.750e-01, 1.105e+05, 0.000e+00, 4.876e-05, 0.000e+00, 2.007e+00, 9.983e+02, 2.093e-08
2.345e+00, 5.000e-01, -1.650e-01, 1.104e+05, 0.000e+00, 6.307e-05, 0.000e+00, 2.005e+00, 9.983e+02, 2.707e-08
2.345e+00, 5.000e-01, -1.550e-01, 1.103e+05, 0.000e+00, 1.132e-04, 0.000e+00, 2.004e+00, 9.983e+02, 4.860e-08
2.345e+00, 5.000e-01, -1.450e-01, 1.102e+05, 0.000e+00, 2.006e-04, 0.000e+00, 2.002e+00, 9.983e+02, 8.609e-08
2.345e+00, 5.000e-01, -1.350e-01, 1.101e+05, 0.000e+00, 2.792e-04, 0.000e+00, 2.000e+00, 9.983e+02, 1.198e-07
2.345e+00, 5.000e-01, -1.250e-01, 1.112e+05, 0.000e+00, 2.759e-04, 0.000e+00, 2.020e+00, 9.983e+02, 1.208e-07
2.345e+00, 5.000e-01, -1.150e-01, 1.111e+05, 0.000e+00, 2.149e-04, 0.000e+00, 2.018e+00, 9.983e+02, 9.438e-08
2.345e+00, 5.000e-01, -1.050e-01, 1.110e+05, 0.000e+00, 1.397e-04, 0.000e+00, 2.017e+00, 9.983e+02, 6.137e-08
2.345e+00, 5.000e-01, -9.500e-02, 1.109e+05, 0.000e+00, 7.977e-05, 0.000e+00, 2.015e+00, 9.983e+02, 3.504e-08
2.345e+00, 5.000e-01, -8.500e-02, 1.108e+05, 0.000e+00, 4.170e-05, 0.000e+00, 2.013e+00, 9.983e+02, 1.832e-08
2.345e+00, 5.000e-01, -7.500e-02, 1.107e+05, 0.000e+00, 2.058e-05, 0.000e+00, 2.011e+00, 9.983e+02, 9.038e-09
2.345e+00, 5.000e-01, -6.500e-02, 1.106e+05, 0.000e+00, 9.754e-06, 0.000e+00, 2.009e+00, 9.983e+02, 4.284e-09
2.345e+00, 5.000e-01, -5.500e-02, 1.105e+05, 0.000e+00, 4.474e-06, 0.000e+00, 2.008e+00, 9.983e+02, 1.965e-09
2.345e+00, 5.000e-01, -4.500e-02, 1.104e+05, 0.000e+00, 1.986e-06, 0.000e+00, 2.006e+00, 9.983e+02, 8.725e-10
2.345e+00, 5.000e-01, -3.500e-02, 1.103e+05, 0.000e+00, 8.522e-07, 0.000e+00, 2.004e+00, 9.983e+02, 3.743e-10
2.345e+00, 5.000e-01, -2.500e-02, 1.102e+05, 0.000e+00, 3.540e-07, 0.000e+00, 2.002e+00, 9.983e+02, 1.555e-10
2.345e+00, 5.000e-01, -1.500e-02, 1.101e+05, 0.000e+00, 1.453e-07, 0.000e+00, 2.000e+00, 9.983e+02, 6.384e-11
2.345e+00, 5.000e-01, -5.000e-03, 1.100e+05, 0.000e+00, 6.420e-08, 0.000e+00, 1.999e+00, 9.983e+02, 2.820e-11
2.355e+00, 5.000e-01, -1.195e+00, 1.202e+05, 0.000e+00, 1.002e-13, 0.000e+00, 2.184e+00, 9.983e+02, 2.000e-17
2.355e+00, 5.000e-01, -1.185e+00, 1.201e+05, 0.000e+00, 1.002e-13, 0.000e+00, 2.182e+00, 9.983e+02, 2.000e-17
2.355e+00, 5.000e-01, -1.175e+00, 1.200e+05, 0.000e+00, 1.002e-13, 0.000e+00, 2.181e+00, 9.983e+02, 2.000e-17
2.355e+00, 5.000e-01, -1.165e+00, 1.199e+05, 0.000e+00, 1.002e-13, 0.000e+00, 2.179e+00, 9.983e+02, 2.000e-17
2.355e+00, 5.000e-01, -1.155e+00, 1.198e+05, 0.000e+00, 1.002e-13, 0.000e+00, 2.177e+00, 9.983e+02, 2.000e-17
2.355e+00, 5.000e-01, -1.145e+00, 1.197e+05, 0.000e+00, 1.002e-13, 0.000e+00, 2.175e+00, 9.983e+02, 2.000e-17
2.355e+00, 5.000e-01, -1.135e+00, 1.196e+05, 0.000e+00, 1.002e-13, 0.000e+00, 2.173e+00, 9.983e+02, 2.000e-17
2.355e+00, 5.000e-01, -1.125e+00, 1.195e+05, 0.000e+00, 1.002e-13, 0.000e+00, 2.172e+00, 9.983e+02, 2.000e-17
2.355e+00, 5.000e-01, -1.115e+00, 1.194e+05, 0.000e+00, 1.115e-13, 0.000e+00, 2.170e+00, 9.983e+02, 2.353e-17
2.355e+00, 5.000e-01, -1.105e+00, 1.193e+05, 0.000e+00, 9.460e-10, 0.000e+00, 2.168e+00, 9.983e+02, 3.877e-13
2.355e+00, 5.000e-01, -1.095e+00, 1.192e+05, 0.000e+00, 4.358e-04, 0.000e+00, 2.167e+00, 9.983e+02, 1.871e-07
2.355e+00, 5.000e-01, -1.085e+00, 1.191e+05, 0.000e+00, 4.458e-04, 0.000e+00, 2.165e+00, 9.983e+02, 1.914e-07
2.355e+00, 5.000e-01, -1.075e+00, 1.190e+05, 0.000e+00, 4.510e-04, 0.000e+00, 2.163e+00, 9.983e+02, 1.936e-07
2.355e+00, 5.000e-01, -1.065e+00, 1.189e+05, 0.000e+00, 4.521e-04, 0.000e+00, 2.161e+00, 9.983e+02, 1.941e-07
2.355e+00, 5.000e-01, -1.055e+00, 1.188e+05, 0.000e+00, 4.518e-04, 0.000e+00, 2.159e+00, 9.983e+02, 1.940e-07
2.355e+00, 5.000e-01, -1.045e+00, 1.187e+05, 0.000e+00, 4.535e-04, 0.000e+00, 2.158e+00, 9.983e+02, 1.947e-07
2.355e+00, 5.000e-01, -1.035e+00, 1.186e+05, 0.000e+00, 4.595e-04, 0.000e+00, 2.156e+00, 9.983e+02, 1.973e-07
2.355e+00, 5.000e-01, -1.025e+00, 1.185e+05, 0.000e+00, 4.700e-04, 0.000e+00, 2.154e+00, 9.983e+02, 2.018e-07
2.355e+00, 5.000e-01, -1.015e+00, 1.185e+05, 0.000e+00, 4.842e-04, 0.000e+00, 2.152e+00, 9.984e+02, 2.079e-07
2.355e+00, 5.000e-01, -1.005e+00, 1.184e+05, 0.000e+00, 5.006e-04, 0.000e+00, 2.150e+00, 9.984e+02, 2.149e-07
2.355e+00, 5.000e-01, -9.950e-01, 1.183e+05, 0.000e+00, 5.155e-04, 0.000e+00, 2.149e+00, 9.984e+02, 2.213e-07
2.355e+00, 5.000e-01, -9.850e-01, 1.182e+05, 0.000e+00, 5.244e-04, 0.000e+00, 2.147e+00, 9.984e+02, 2.251e-07
2.355e+00, 5.000e-01, -9.750e-01, 1.181e+05, 0.000e+00, 5.252e-04, 0.000e+00, 2.145e+00, 9.984e+02, 2.255e-07
2.355e+00, 5.000e-01, -9.650e-01, 1.180e+05, 0.000e+00, 5.185e-04, 0.000e+00, 2.143e+00, 9.984e+02, 2.226e-07
2.355e+00, 5.000e-01, -9.550e-01, 1.179e+05, 0.000e+00, 5.060e-04, 0.000e+00, 2.141e+00, 9.984e+02, 2.172e-07
2.355e+00, 5.000e-01, -9.450e-01, 1.178e+05, 0.000e+00, 4.895e-04, 0.000e+00, 2.140e+00, 9.984e+02, 2.101e-07
2.355e+00, 5.000e-01, -9.350e-01, 1.177e+05, 0.000e+00, 4.701e-04, 0.000e+00, 2.138e+00, 9.983e+02, 2.018e-07
2.355e+00, 5.000e-01, -9.250e-01, 1.176e+05, 0.000e+00, 4.490e-04, 0.000e+00, 2.136e+00, 9.983e+02, 1.928e-07
2.355e+00, 5.000e-01, -9.150e-01, 1.175e+05, 0.000e+00, 4.274e-04, 0.000e+00, 2.134e+00, 9.983e+02, 1.835e-07
2.355e+00, 5.000e-01, -9.050e-01, 1.174e+05, 0.000e+00, 4.072e-04, 0.000e+00, 2.132e+00, 9.983e+02, 1.748e-07
2.355e+00, 5.000e-01, -8.950e-01, 1.173e+05, 0.000e+00, 3.904e-04, 0.000e+00, 2.131e+00, 9.983e+02, 1.676e-07
2.355e+00, 5.000e-01, -8.850e-01, 1.172e+05, 0.000e+00, 3.771e-04, 0.000e+00, 2.129e+00, 9.983e+02, 1.619e-07
2.355e+00, 5.000e-01, -8.750e-01, 1.171e+05, 0.000e+00, 3.625e-04, 0.000e+00, 2.127e+00, 9.983e+02, 1.556e-07
2.355e+00, 5.000e-01, -8.650e-01, 1.170e+05, 0.000e+00, 3.390e-04, 0.000e+00, 2.125e+00, 9.983e+02, 1.455e-07
2.355e+00, 5.000e-01, -8.550e-01, 1.169e+05, 0.000e+00, 3.095e-04, 0.000e+00, 2.124e+00, 9.983e+02, 1.329e-07
2.355e+00, 5.000e-01, -8.450e-01, 1.168e+05, 0.000e+00, 2.762e-04, 0.000e+00, 2.122e+00, 9.983e+02, 1.186e-07
2.355e+00, 5.000e-01, -8.350e-01, 1.167e+05, 0.000e+00, 2.408e-04, 0.000e+00, 2.120e+00, 9.983e+02, 1.034e-07
2.355e+00, 5.000e-01, -8.250e-01, 1.166e+05, 0.000e+00, 2.049e-04, 0.000e+00, 2.118e+00, 9.983e+02, 8.797e-08
2.355e+00, 5.000e-01, -8.150e-01, 1.165e+05, 0.000e+00, 1.698e-04, 0.000e+00, 2.116e+00, 9.983e+02, 7.287e-08
2.355e+00, 5.000e-01, -8.050e-01, 1.164e+05, 0.000e+00, 1.364e-04, 0.000e+00, 2.115e+00, 9.983e+02, 5.857e-08
2.355e+00, 5.000e-01, -7.950e-01, 1.163e+05, 0.000e+00, 1.061e-04, 0.000e+00, 2.113e+00, 9.983e+02, 4.556e-08
2.355e+00, 5.000e-01, -7.850e-01, 1.162e+05, 0.000e+00, 8.039e-05, 0.000e+00, 2.111e+00, 9.983e+02, 3.451e-08
2.355e+00, 5.000e-01, -7.750e-01, 1.161e+05, 0.000e+00, 6.220e-05, 0.000e+00, 2.109e+00, 9.983e+02, 2.670e-08
2.355e+00, 5.000e-01, -7.650e-01, 1.160e+05, 0.000e+00, 5.704e-05, 0.000e+00, 2.107e+00, 9.983e+02, 2.448e-08
2.355e+00, 5.000e-01, -7.550e-01, 1.159e+05, 0.000e+00, 7.159e-05, 0.000e+00, 2.106e+00, 9.983e+02, 3.073e-08
2.355e+00, 5.000e-01, -7.450e-01, 1.158e+05, 0.000e+00, 1.128e-04, 0.000e+00, 2.104e+00, 9.983e+02, 4.843e-08
2.355e+00, 5.000e-01, -7.350e-01, 1.157e+05, 0.000e+00, 2.329e-04, 0.000e+00, 2.102e+00, 9.983e+02, 1.000e-07
2.355e+00, 5.000e-01, -7.250e-01, 1.171e+05, 0.000e+00, 3.900e-04, 0.000e+00, 2.127e+00, 9.983e+02, 1.711e-07
2.355e+00, 5.000e-01, -7.150e-01, 1.170e+05, 0.000e+00, 2.845e-04, 0.000e+00, 2.126e+00, 9.983e+02, 1.250e-07
2.355e+00, 5.000e-01, -7.050e-01, 1.169e+05, 0.000e+00, 1.891e-04, 0.000e+00, 2.124e+00, 9.983e+02, 8.308e-08
2.355e+00, 5.000e-01, -6.950e-01, 1.168e+05, 0.000e+00, 1.251e-04, 0.000e+00, 2.122e+00, 9.983e+02, 5.496e-08
2.355e+00, 5.000e-01, -6.850e-01, 1.167e+05, 0.000e+00, 8.445e-05, 0.000e+00, 2.120e+00, 9.983e+02, 3.710e-08
2.355e+00, 5.000e-01, -6.750e-01, 1.166e+05, 0.000e+00, 6.378e-05, 0.000e+00, 2.119e+00, 9.983e+02, 2.801e-08
2.355e+00, 5.000e-01, -6.650e-01, 1.165e+05, 0.000e+00, 6.206e-05, 0.000e+00, 2.117e+00, 9.983e+02, 2.726e-08
2.355e+00, 5.000e-01, -6.550e-01, 1.164e+05, 0.000e+00, 7.933e-05, 0.000e+00, 2.115e+00, 9.983e+02, 3.485e-08
2.355e+00, 5.000e-01, -6.450e-01, 1.163e+05, 0.000e+00, 1.162e-04, 0.000e+00, 2.113e+00, 9.983e+02, 5.105e-08
2.355e+00, 5.000e-01, -6.350e-01, 1.162e+05, 0.000e+00, 1.726e-04, 0.000e+00, 2.111e+00, 9.983e+02, 7.583e-08
2.355e+00, 5.000e-01, -6.250e-01, 1.161e+05, 0.000e+00, 2.444e-04, 0.000e+00, 2.110e+00, 9.983e+02, 1.074e-07
2.355e+00, 5.000e-01, -6.150e-01, 1.160e+05, 0.000e+00, 3.188e-04, 0.000e+00, 2.108e+00, 9.983e+02, 1.402e-07
2.355e+00, 5.000e-01, -6.050e-01, 1.144e+05, 0.000e+00, 3.706e-04, 0.000e+00, 2.079e+00, 9.983e+02, 1.664e-07
2.355e+00, 5.000e-01, -5.950e-01, 1.144e+05, 0.000e+00, 3.790e-04, 0.000e+00, 2.077e+00, 9.983e+02, 1.703e-07
2.355e+00, 5.000e-01, -5.850e-01, 1.143e+05, 0.000e+00, 3.779e-04, 0.000e+00, 2.075e+00, 9.983e+02, 1.698e-07
2.355e+00, 5.000e-01, -5.750e-01, 1.142e+05, 0.000e+00, 3.746e-04, 0.000e+00, 2.074e+00, 9.983e+02, 1.683e-07
2.355e+00, 5.000e-01, -5.650e-01, 1.141e+05, 0.000e+00, 3.733e-04, 0.000e+00, 2.072e+00, 9.983e+02, 1.677e-07
2.355e+00, 5.000e-01, -5.550e-01, 1.140e+05, 0.000e+00, 3.743e-04, 0.000e+00, 2.070e+00, 9.983e+02, 1.681e-07
2.355e+00, 5.000e-01, -5.450e-01, 1.139e+05, 0.000e+00, 3.771e-04, 0.000e+00, 2.068e+00, 9.983e+02, 1.694e-07
2.355e+00, 5.000e-01, -5.350e-01, 1.138e+05, 0.000e+00, 3.807e-04, 0.000e+00, 2.067e+00, 9.983e+02, 1.710e-07
2.355e+00, 5.000e-01, -5.250e-01, 1.137e+05, 0.000e+00, 3.835e-04, 0.000e+00, 2.065e+00, 9.983e+02, 1.723e-07
2.355e+00, 5.000e-01, -5.150e-01, 1.136e+05, 0.000e+00, 3.837e-04, 0.000e+00, 2.063e+00, 9.983e+02, 1.724e-07
2.355e+00, 5.000e-01, -5.050e-01, 1.135e+05, 0.000e+00, 3.786e-04, 0.000e+00, 2.061e+00, 9.983e+02, 1.680e-07
2.355e+00, 5.000e-01, -4.950e-01, 1.134e+05, 0.000e+00, 3.729e-04, 0.000e+00, 2.059e+00, 9.983e+02, 1.601e-07
2.355e+00, 5.000e-01, -4.850e-01, 1.133e+05, 0.000e+00, 3.914e-04, 0.000e+00, 2.057e+00, 9.983e+02, 1.680e-07
2.355e+00, 5.000e-01, -4.750e-01, 1.132e+05, 0.000e+00, 4.201e-04, 0.000e+00, 2.056e+00, 9.983e+02, 1.803e-07
2.355e+00, 5.000e-01, -4.650e-01, 1.131e+05, 0.000e+00, 4.501e-04, 0.000e+00, 2.054e+00, 9.983e+02, 1.932e-07
2.355e+00, 5.000e-01, -4.550e-01, 1.130e+05, 0.000e+00, 4.619e-04, 0.000e+00, 2.052e+00, 9.983e+02, 1.983e-07
2.355e+00, 5.000e-01, -4.450e-01, 1.129e+05, 0.000e+00, 4.470e-04, 0.000e+00, 2.050e+00, 9.983e+02, 2.000e-07
2.355e+00, 5.000e-01, -4.350e-01, 1.128e+05, 0.000e+00, 4.177e-04, 0.000e+00, 2.049e+00, 9.983e+02, 1.845e-07
2.355e+00, 5.000e-01, -4.250e-01, 1.127e+05, 0.000e+00, 3.716e-04, 0.000e+00, 2.047e+00, 9.983e+02, 1.595e-07
2.355e+00, 5.000e-01, -4.150e-01, 1.126e+05, 0.000e+00, 3.155e-04, 0.000e+00, 2.045e+00, 9.983e+02, 1.354e-07
2.355e+00, 5.000e-01, -4.050e-01, 1.125e+05, 0.000e+00, 3.199e-04, 0.000e+00, 2.043e+00, 9.983e+02, 1.373e-07
2.355e+00, 5.000e-01, -3.950e-01, 1.124e+05, 0.000e+00, 3.396e-04, 0.000e+00, 2.041e+00, 9.983e+02, 1.458e-07
2.355e+00, 5.000e-01, -3.850e-01, 1.123e+05, 0.000e+00, 3.566e-04, 0.000e+00, 2.039e+00, 9.983e+02, 1.531e-07
2.355e+00, 5.000e-01, -3.750e-01, 1.122e+05, 0.000e+00, 3.697e-04, 0.000e+00, 2.038e+00, 9.983e+02, 1.600e-07
2.355e+00, 5.000e-01, -3.650e-01, 1.121e+05, 0.000e+00, 3.826e-04, 0.000e+00, 2.036e+00, 9.983e+02, 1.719e-07
2.355e+00, 5.000e-01, -3.550e-01, 1.120e+05, 0.000e+00, 3.976e-04, 0.000e+00, 2.034e+00, 9.983e+02, 1.786e-07
2.355e+00, 5.000e-01, -3.450e-01, 1.119e+05, 0.000e+00, 4.135e-04, 0.000e+00, 2.033e+00, 9.983e+02, 1.858e-07
2.355e+00, 5.000e-01, -3.350e-01, 1.118e+05, 0.000e+00, 4.308e-04, 0.000e+00, 2.031e+00, 9.983e+02, 1.936e-07
2.355e+00, 5.000e-01, -3.250e-01, 1.117e+05, 0.000e+00, 4.474e-04, 0.000e+00, 2.029e+00, 9.983e+02, 2.010e-07
2.355e+00, 5.000e-01, -3.150e-01, 1.116e+05, 0.000e+00, 4.597e-04, 0.000e+00, 2.027e+00, 9.983e+02, 2.065e-07
2.355e+00, 5.000e-01, -3.050e-01, 1.115e+05, 0.000e+00, 4.648e-04, 0.000e+00, 2.025e+00, 9.983e+02, 2.088e-07
2.355e+00, 5.000e-01, -2.950e-01, 1.114e+05, 0.000e+00, 4.585e-04, 0.000e+00, 2.024e+00, 9.983e+02, 2.060e-07
2.355e+00, 5.000e-01, -2.850e-01, 1.114e+05, 0.000e+00, 4.286e-04, 0.000e+00, 2.023e+00, 9.983e+02, 1.899e-07
2.355e+00, 5.000e-01, -2.750e-01, 1.113e+05, 0.000e+00, 3.996e-04, 0.000e+00, 2.021e+00, 9.983e+02, 1.755e-07
2.355e+00, 5.000e-01, -2.650e-01, 1.112e+05, 0.000e+00, 3.740e-04, 0.000e+00, 2.020e+00, 9.983e+02, 1.643e-07
2.355e+00, 5.000e-01, -2.550e-01, 1.111e+05, 0.000e+00, 3.448e-04, 0.000e+00, 2.018e+00, 9.983e+02, 1.515e-07
2.355e+00, 5.000e-01, -2.450e-01, 1.110e+05, 0.000e+00, 3.093e-04, 0.000e+00, 2.016e+00, 9.983e+02, 1.359e-07
2.355e+00, 5.000e-01, -2.350e-01, 1.109e+05, 0.000e+00, 2.671e-04, 0.000e+00, 2.014e+00, 9.983e+02, 1.173e-07
2.355e+00, 5.000e-01, -2.250e-01, 1.108e+05, 0.000e+00, 2.199e-04, 0.000e+00, 2.012e+00, 9.983e+02, 9.661e-08
2.355e+00, 5.000e-01, -2.150e-01, 1.107e+05, 0.000e+00, 1.713e-04, 0.000e+00, 2.011e+00, 9.983e+02, 7.524e-08
2.355e+00, 5.000e-01, -2.050e-01, 1.106e+05, 0.000e+00, 1.242e-04, 0.000e+00, 2.009e+00, 9.983e+02, 5.436e-08
2.355e+00, 5.000e-01, -1.950e-01, 1.107e+05, 0.000e+00, 8.405e-05, 0.000e+00, 2.011e+00, 9.983e+02, 3.608e-08
2.355e+00, 5.000e-01, -1.850e-01, 1.106e+05, 0.000e+00, 5.894e-05, 0.000e+00, 2.009e+00, 9.983e+02, 2.530e-08
2.355e+00, 5.000e-01, -1.750e-01, 1.105e+05, 0.000e+00, 5.124e-05, 0.000e+00, 2.007e+00, 9.983e+02, 2.199e-08
2.355e+00, 5.000e-01, -1.650e-01, 1.104e+05, 0.000e+00, 6.936e-05, 0.000e+00, 2.005e+00, 9.983e+02, 2.978e-08
2.355e+00, 5.000e-01, -1.550e-01, 1.103e+05, 0.000e+00, 1.260e-04, 0.000e+00, 2.004e+00, 9.983e+02, 5.407e-08
2.355e+00, 5.000e-01, -1.450e-01, 1.102e+05, 0.000e+00, 2.188e-04, 0.000e+00, 2.002e+00, 9.983e+02, 9.390e-08
2.355e+00, 5.000e-01, -1.350e-01, 1.101e+05, 0.000e+00, 2.949e-04, 0.000e+00, 2.000e+00, 9.983e+02, 1.266e-07
2.355e+00, 5.000e-01, -1.250e-01, 1.112e+05, 0.000e+00, 2.866e-04, 0.000e+00, 2.020e+00, 9.983e+02, 1.257e-07
2.355e+00, 5.000e-01, -1.150e-01, 1.111e+05, 0.000e+00, 2.202e-04, 0.000e+00, 2.018e+00, 9.983e+02, 9.670e-08
2.355e+00, 5.000e-01, -1.050e-01, 1.110e+05, 0.000e+00, 1.416e-04, 0.000e+00, 2.017e+00, 9.983e+02, 6.218e-08
2.355e+00, 5.000e-01, -9.500e-02, 1.109e+05, 0.000e+00, 8.008e-05, 0.000e+00, 2.015e+00, 9.983e+02, 3.518e-08
2.355e+00, 5.000e-01, -8.500e-02, 1.108e+05, 0.000e+00, 4.150e-05, 0.000e+00, 2.013e+00, 9.983e+02, 1.823e-08
2.355e+00, 5.000e-01, -7.500e-02, 1.107e+05, 0.000e+00, 2.030e-05, 0.000e+00, 2.011e+00, 9.983e+02, 8.918e-09
2.355e+00, 5.000e-01, -6.500e-02, 1.106e+05, 0.000e+00, 9.543e-06, 0.000e+00, 2.009e+00, 9.983e+02, 4.192e-09
2.355e+00, 5.000e-01, -5.500e-02, 1.105e+05, 0.000e+00, 4.341e-06, 0.000e+00, 2.008e+00, 9.983e+02, 1.907e-09
2.355e+00, 5.000e-01, -4.500e-02, 1.104e+05, 0.000e+00, 1.912e-06, 0.000e+00, 2.006e+00, 9.983e+02, 8.400e-10
2.355e+00, 5.000e-01, -3.500e-02, 1.103e+05, 0.000e+00, 8.147e-07, 0.000e+00, 2.004e+00, 9.983e+02, 3.578e-10
2.355e+00, 5.000e-01, -2.500e-02, 1.102e+05, 0.000e+00, 3.363e-07, 0.000e+00, 2.002e+00, 9.983e+02, 1.477e-10
2.355e+00, 5.000e-01, -1.500e-02, 1.101e+05, 0.000e+00, 1.373e-07, 0.000e+00, 2.000e+00, 9.983e+02, 6.033e-11
2.355e+00, 5.000e-01, -5.000e-03, 1.100e+05, 0.000e+00, 6.059e-08, 0.000e+00, 1.999e+00, 9.983e+02, 2.661e-11
2.365e+00, 5.000e-01, -1.195e+00, 1.202e+05, 0.000e+00, 1.002e-13, 0.000e+00, 2.184e+00, 9.983e+02, 2.000e-17
2.365e+00, 5.000e-01, -1.185e+00, 1.201e+05, 0.000e+00, 1.002e-13, 0.000e+00, 2.182e+00, 9.983e+02, 2.000e-17
2.365e+00, 5.000e-01, -1.175e+00, 1.200e+05, 0.000e+00, 1.002e-13, 0.000e+00, 2.181e+00, 9.983e+02, 2.000e-17
2.365e+00, 5.000e-01, -1.165e+00, 1.199e+05, 0.000e+00, 1.002e-13, 0.000e+00, 2.179e+00, 9.983e+02, 2.000e-17
2.365e+00, 5.000e-01, -1.155e+00, 1.198e+05, 0.000e+00, 1.002e-13, 0.000e+00, 2.177e+00, 9.983e+02, 2.000e-17
2.365e+00, 5.000e-01, -1.145e+00, 1.197e+05, 0.000e+00, 1.002e-13, 0.000e+00, 2.175e+00, 9.983e+02, 2.000e-17
2.365e+00, 5.000e-01, -1.135e+00, 1.196e+05, 0.000e+00, 1.002e-13, 0.000e+00, 2.173e+00, 9.983e+02, 2.000e-17
2.365e+00, 5.000e-01, -1.125e+00, 1.195e+05, 0.000e+00, 1.002e-13, 0.000e+00, 2.172e+00, 9.983e+02, 2.000e-17
2.365e+00, 5.000e-01, -1.115e+00, 1.194e+05, 0.000e+00, 1.116e-13, 0.000e+00, 2.170e+00, 9.983e+02, 2.353e-17
2.365e+00, 5.000e-01, -1.105e+00, 1.193e+05, 0.000e+00, 1.619e-08, 0.000e+00, 2.168e+00, 9.983e+02, 5.267e-12
2.365e+00, 5.000e-01, -1.095e+00, 1.192e+05, 0.000e+00, 4.319e-04, 0.000e+00, 2.167e+00, 9.983e+02, 1.854e-07
2.365e+00, 5.000e-01, -1.085e+00, 1.191e+05, 0.000e+00, 4.402e-04, 0.000e+00, 2.165e+00, 9.983e+02, 1.890e-07
2.365e+00, 5.000e-01, -1.075e+00, 1.190e+05, 0.000e+00, 4.444e-04, 0.000e+00, 2.163e+00, 9.983e+02, 1.908e-07
2.365e+00, 5.000e-01, -1.065e+00, 1.189e+05, 0.000e+00, 4.451e-04, 0.000e+00, 2.161e+00, 9.983e+02, 1.911e-07
2.365e+00, 5.000e-01, -1.055e+00, 1.188e+05, 0.000e+00, 4.449e-04, 0.000e+00, 2.159e+00, 9.983e+02, 1.910e-07
2.365e+00, 5.000e-01, -1.045e+00, 1.187e+05, 0.000e+00, 4.466e-04, 0.000e+00, 2.158e+00, 9.983e+02, 1.917e-07
2.365e+00, 5.000e-01, -1.035e+00, 1.186e+05, 0.000e+00, 4.512e-04, 0.000e+00, 2.156e+00, 9.983e+02, 1.937e-07
2.365e+00, 5.000e-01, -1.025e+00, 1.185e+05, 0.000e+00, 4.585e-04, 0.000e+00, 2.154e+00, 9.983e+02, 1.968e-07
2.365e+00, 5.000e-01, -1.015e+00, 1.185e+05, 0.000e+00, 4.686e-04, 0.000e+00, 2.152e+00, 9.983e+02, 2.012e-07
2.365e+00, 5.000e-01, -1.005e+00, 1.184e+05, 0.000e+00, 4.820e-04, 0.000e+00, 2.150e+00, 9.984e+02, 2.069e-07
2.365e+00, 5.000e-01, -9.950e-01, 1.183e+05, 0.000e+00, 4.965e-04, 0.000e+00, 2.149e+00, 9.984e+02, 2.132e-07
2.365e+00, 5.000e-01, -9.850e-01, 1.182e+05, 0.000e+00, 5.071e-04, 0.000e+00, 2.147e+00, 9.984e+02, 2.177e-07
2.365e+00, 5.000e-01, -9.750e-01, 1.181e+05, 0.000e+00, 5.101e-04, 0.000e+00, 2.145e+00, 9.984e+02, 2.190e-07
2.365e+00, 5.000e-01, -9.650e-01, 1.180e+05, 0.000e+00, 5.050e-04, 0.000e+00, 2.143e+00, 9.984e+02, 2.168e-07
2.365e+00, 5.000e-01, -9.550e-01, 1.179e+05, 0.000e+00, 4.934e-04, 0.000e+00, 2.141e+00, 9.984e+02, 2.118e-07
2.365e+00, 5.000e-01, -9.450e-01, 1.178e+05, 0.000e+00, 4.770e-04, 0.000e+00, 2.140e+00, 9.983e+02, 2.048e-07
2.365e+00, 5.000e-01, -9.350e-01, 1.177e+05, 0.000e+00, 4.576e-04, 0.000e+00, 2.138e+00, 9.983e+02, 1.964e-07
2.365e+00, 5.000e-01, -9.250e-01, 1.176e+05, 0.000e+00, 4.365e-04, 0.000e+00, 2.136e+00, 9.983e+02, 1.874e-07
2.365e+00, 5.000e-01, -9.150e-01, 1.175e+05, 0.000e+00, 4.155e-04, 0.000e+00, 2.134e+00, 9.983e+02, 1.784e-07
2.365e+00, 5.000e-01, -9.050e-01, 1.174e+05, 0.000e+00, 3.970e-04, 0.000e+00, 2.132e+00, 9.983e+02, 1.704e-07
2.365e+00, 5.000e-01, -8.950e-01, 1.173e+05, 0.000e+00, 3.823e-04, 0.000e+00, 2.131e+00, 9.983e+02, 1.641e-07
2.365e+00, 5.000e-01, -8.850e-01, 1.172e+05, 0.000e+00, 3.689e-04, 0.000e+00, 2.129e+00, 9.983e+02, 1.584e-07
2.365e+00, 5.000e-01, -8.750e-01, 1.171e+05, 0.000e+00, 3.492e-04, 0.000e+00, 2.127e+00, 9.983e+02, 1.499e-07
2.365e+00, 5.000e-01, -8.650e-01, 1.170e+05, 0.000e+00, 3.238e-04, 0.000e+00, 2.125e+00, 9.983e+02, 1.390e-07
2.365e+00, 5.000e-01, -8.550e-01, 1.169e+05, 0.000e+00, 2.944e-04, 0.000e+00, 2.124e+00, 9.983e+02, 1.264e-07
2.365e+00, 5.000e-01, -8.450e-01, 1.168e+05, 0.000e+00, 2.610e-04, 0.000e+00, 2.122e+00, 9.983e+02, 1.120e-07
2.365e+00, 5.000e-01, -8.350e-01, 1.167e+05, 0.000e+00, 2.252e-04, 0.000e+00, 2.120e+00, 9.983e+02, 9.668e-08
2.365e+00, 5.000e-01, -8.250e-01, 1.166e+05, 0.000e+00, 1.892e-04, 0.000e+00, 2.118e+00, 9.983e+02, 8.122e-08
2.365e+00, 5.000e-01, -8.150e-01, 1.165e+05, 0.000e+00, 1.546e-04, 0.000e+00, 2.116e+00, 9.983e+02, 6.637e-08
2.365e+00, 5.000e-01, -8.050e-01, 1.164e+05, 0.000e+00, 1.226e-04, 0.000e+00, 2.115e+00, 9.983e+02, 5.262e-08
2.365e+00, 5.000e-01, -7.950e-01, 1.163e+05, 0.000e+00, 9.410e-05, 0.000e+00, 2.113e+00, 9.983e+02, 4.039e-08
2.365e+00, 5.000e-01, -7.850e-01, 1.162e+05, 0.000e+00, 7.067e-05, 0.000e+00, 2.111e+00, 9.983e+02, 3.034e-08
2.365e+00, 5.000e-01, -7.750e-01, 1.161e+05, 0.000e+00, 5.544e-05, 0.000e+00, 2.109e+00, 9.983e+02, 2.380e-08
2.365e+00, 5.000e-01, -7.650e-01, 1.160e+05, 0.000e+00, 5.435e-05, 0.000e+00, 2.107e+00, 9.983e+02, 2.333e-08
2.365e+00, 5.000e-01, -7.550e-01, 1.159e+05, 0.000e+00, 7.382e-05, 0.000e+00, 2.106e+00, 9.983e+02, 3.169e-08
2.365e+00, 5.000e-01, -7.450e-01, 1.158e+05, 0.000e+00, 1.180e-04, 0.000e+00, 2.104e+00, 9.983e+02, 5.064e-08
2.365e+00, 5.000e-01, -7.350e-01, 1.157e+05, 0.000e+00, 2.708e-04, 0.000e+00, 2.102e+00, 9.983e+02, 1.169e-07
2.365e+00, 5.000e-01, -7.250e-01, 1.171e+05, 0.000e+00, 3.869e-04, 0.000e+00, 2.127e+00, 9.983e+02, 1.700e-07
2.365e+00, 5.000e-01, -7.150e-01, 1.170e+05, 0.000e+00, 2.606e-04, 0.000e+00, 2.126e+00, 9.983e+02, 1.145e-07
2.365e+00, 5.000e-01, -7.050e-01, 1.169e+05, 0.000e+00, 1.669e-04, 0.000e+00, 2.124e+00, 9.983e+02, 7.330e-08
2.365e+00, 5.000e-01, -6.950e-01, 1.168e+05, 0.000e+00, 1.100e-04, 0.000e+00, 2.122e+00, 9.983e+02, 4.834e-08
2.365e+00, 5.000e-01, -6.850e-01, 1.167e+05, 0.000e+00, 7.688e-05, 0.000e+00, 2.120e+00, 9.983e+02, 3.377e-08
2.365e+00, 5.000e-01, -6.750e-01, 1.166e+05, 0.000e+00, 6.331e-05, 0.000e+00, 2.119e+00, 9.983e+02, 2.781e-08
2.365e+00, 5.000e-01, -6.650e-01, 1.165e+05, 0.000e+00, 6.842e-05, 0.000e+00, 2.117e+00, 9.983e+02, 3.005e-08
2.365e+00, 5.000e-01, -6.550e-01, 1.164e+05, 0.000e+00, 9.206e-05, 0.000e+00, 2.115e+00, 9.983e+02, 4.044e-08
2.365e+00, 5.000e-01, -6.450e-01, 1.163e+05, 0.000e+00, 1.341e-04, 0.000e+00, 2.113e+00, 9.983e+02, 5.892e-08
2.365e+00, 5.000e-01, -6.350e-01, 1.162e+05, 0.000e+00, 1.935e-04, 0.000e+00, 2.111e+00, 9.983e+02, 8.502e-08
2.365e+00, 5.000e-01, -6.250e-01, 1.161e+05, 0.000e+00, 2.653e-04, 0.000e+00, 2.110e+00, 9.983e+02, 1.165e-07
2.365e+00, 5.000e-01, -6.150e-01, 1.160e+05, 0.000e+00, 3.348e-04, 0.000e+00, 2.108e+00, 9.983e+02, 1.477e-07
2.365e+00, 5.000e-01, -6.050e-01, 1.144e+05, 0.000e+00, 3.771e-04, 0.000e+00, 2.079e+00, 9.983e+02, 1.694e-07
2.365e+00, 5.000e-01, -5.950e-01, 1.144e+05, 0.000e+00, 3.872e-04, 0.000e+00, 2.077e+00, 9.983e+02, 1.739e-07
2.365e+00, 5.000e-01, -5.850e-01, 1.143e+05, 0.000e+00, 3.862e-04, 0.000e+00, 2.075e+00, 9.983e+02, 1.735e-07
2.365e+00, 5.000e-01, -5.750e-01, 1.142e+05, 0.000e+00, 3.835e-04, 0.000e+00, 2.074e+00, 9.983e+02, 1.723e-07
2.365e+00, 5.000e-01, -5.650e-01, 1.141e+05, 0.000e+00, 3.834e-04, 0.000e+00, 2.072e+00, 9.983e+02, 1.723e-07
2.365e+00, 5.000e-01, -5.550e-01, 1.140e+05, 0.000e+00, 3.864e-04, 0.000e+00, 2.070e+00, 9.983e+02, 1.736e-07
2.365e+00, 5.000e-01, -5.450e-01, 1.139e+05, 0.000e+00, 3.913e-04, 0.000e+00, 2.068e+00, 9.983e+02, 1.758e-07
2.365e+00, 5.000e-01, -5.350e-01, 1.138e+05, 0.000e+00, 3.961e-04, 0.000e+00, 2.067e+00, 9.983e+02, 1.780e-07
2.365e+00, 5.000e-01, -5.250e-01, 1.137e+05, 0.000e+00, 3.989e-04, 0.000e+00, 2.065e+00, 9.983e+02, 1.792e-07
2.365e+00, 5.000e-01, -5.150e-01, 1.136e+05, 0.000e+00, 3.977e-04, 0.000e+00, 2.063e+00, 9.983e+02, 1.787e-07
2.365e+00, 5.000e-01, -5.050e-01, 1.135e+05, 0.000e+00, 3.904e-04, 0.000e+00, 2.061e+00, 9.983e+02, 1.724e-07
2.365e+00, 5.000e-01, -4.950e-01, 1.134e+05, 0.000e+00, 3.839e-04, 0.000e+00, 2.059e+00, 9.983e+02, 1.648e-07
2.365e+00, 5.000e-01, -4.850e-01, 1.133e+05, 0.000e+00, 4.010e-04, 0.000e+00, 2.057e+00, 9.983e+02, 1.721e-07
2.365e+00, 5.000e-01, -4.750e-01, 1.132e+05, 0.000e+00, 4.272e-04, 0.000e+00, 2.056e+00, 9.983e+02, 1.834e-07
2.365e+00, 5.000e-01, -4.650e-01, 1.131e+05, 0.000e+00, 4.499e-04, 0.000e+00, 2.054e+00, 9.983e+02, 1.931e-07
2.365e+00, 5.000e-01, -4.550e-01, 1.130e+05, 0.000e+00, 4.524e-04, 0.000e+00, 2.052e+00, 9.983e+02, 1.945e-07
2.365e+00, 5.000e-01, -4.450e-01, 1.129e+05, 0.000e+00, 4.251e-04, 0.000e+00, 2.050e+00, 9.983e+02, 1.909e-07
2.365e+00, 5.000e-01, -4.350e-01, 1.128e+05, 0.000e+00, 3.876e-04, 0.000e+00, 2.048e+00, 9.983e+02, 1.703e-07
2.365e+00, 5.000e-01, -4.250e-01, 1.127e+05, 0.000e+00, 3.239e-04, 0.000e+00, 2.047e+00, 9.983e+02, 1.391e-07
2.365e+00, 5.000e-01, -4.150e-01, 1.126e+05, 0.000e+00, 3.122e-04, 0.000e+00, 2.045e+00, 9.983e+02, 1.340e-07
2.365e+00, 5.000e-01, -4.050e-01, 1.125e+05, 0.000e+00, 3.310e-04, 0.000e+00, 2.043e+00, 9.983e+02, 1.421e-07
2.365e+00, 5.000e-01, -3.950e-01, 1.124e+05, 0.000e+00, 3.490e-04, 0.000e+00, 2.041e+00, 9.983e+02, 1.498e-07
2.365e+00, 5.000e-01, -3.850e-01, 1.123e+05, 0.000e+00, 3.583e-04, 0.000e+00, 2.039e+00, 9.983e+02, 1.538e-07
2.365e+00, 5.000e-01, -3.750e-01, 1.122e+05, 0.000e+00, 3.660e-04, 0.000e+00, 2.038e+00, 9.983e+02, 1.590e-07
2.365e+00, 5.000e-01, -3.650e-01, 1.121e+05, 0.000e+00, 3.758e-04, 0.000e+00, 2.036e+00, 9.983e+02, 1.688e-07
2.365e+00, 5.000e-01, -3.550e-01, 1.120e+05, 0.000e+00, 3.857e-04, 0.000e+00, 2.034e+00, 9.983e+02, 1.733e-07
2.365e+00, 5.000e-01, -3.450e-01, 1.119e+05, 0.000e+00, 4.011e-04, 0.000e+00, 2.033e+00, 9.983e+02, 1.802e-07
2.365e+00, 5.000e-01, -3.350e-01, 1.118e+05, 0.000e+00, 4.215e-04, 0.000e+00, 2.031e+00, 9.983e+02, 1.894e-07
2.365e+00, 5.000e-01, -3.250e-01, 1.117e+05, 0.000e+00, 4.423e-04, 0.000e+00, 2.029e+00, 9.983e+02, 1.987e-07
2.365e+00, 5.000e-01, -3.150e-01, 1.116e+05, 0.000e+00, 4.585e-04, 0.000e+00, 2.027e+00, 9.983e+02, 2.060e-07
2.365e+00, 5.000e-01, -3.050e-01, 1.115e+05, 0.000e+00, 4.679e-04, 0.000e+00, 2.025e+00, 9.983e+02, 2.102e-07
2.365e+00, 5.000e-01, -2.950e-01, 1.114e+05, 0.000e+00, 4.673e-04, 0.000e+00, 2.024e+00, 9.983e+02, 2.099e-07
2.365e+00, 5.000e-01, -2.850e-01, 1.114e+05, 0.000e+00, 4.475e-04, 0.000e+00, 2.023e+00, 9.983e+02, 1.978e-07
2.365e+00, 5.000e-01, -2.750e-01, 1.113e+05, 0.000e+00, 4.278e-04, 0.000e+00, 2.021e+00, 9.983e+02, 1.879e-07
2.365e+00, 5.000e-01, -2.650e-01, 1.112e+05, 0.000e+00, 4.077e-04, 0.000e+00, 2.020e+00, 9.983e+02, 1.791e-07
2.365e+00, 5.000e-01, -2.550e-01, 1.111e+05, 0.000e+00, 3.819e-04, 0.000e+00, 2.018e+00, 9.983e+02, 1.677e-07
2.365e+00, 5.000e-01, -2.450e-01, 1.110e+05, 0.000e+00, 3.465e-04, 0.000e+00, 2.016e+00, 9.983e+02, 1.522e-07
2.365e+00, 5.000e-01, -2.350e-01, 1.109e+05, 0.000e+00, 3.008e-04, 0.000e+00, 2.014e+00, 9.983e+02, 1.321e-07
2.365e+00, 5.000e-01, -2.250e-01, 1.108e+05, 0.000e+00, 2.468e-04, 0.000e+00, 2.012e+00, 9.983e+02, 1.084e-07
2.365e+00, 5.000e-01, -2.150e-01, 1.107e+05, 0.000e+00, 1.897e-04, 0.000e+00, 2.011e+00, 9.983e+02, 8.331e-08
2.365e+00, 5.000e-01, -2.050e-01, 1.106e+05, 0.000e+00, 1.340e-04, 0.000e+00, 2.009e+00, 9.983e+02, 5.852e-08
2.365e+00, 5.000e-01, -1.950e-01, 1.107e+05, 0.000e+00, 8.902e-05, 0.000e+00, 2.011e+00, 9.983e+02, 3.821e-08
2.365e+00, 5.000e-01, -1.850e-01, 1.106e+05, 0.000e+00, 6.251e-05, 0.000e+00, 2.009e+00, 9.983e+02, 2.683e-08
2.365e+00, 5.000e-01, -1.750e-01, 1.105e+05, 0.000e+00, 5.604e-05, 0.000e+00, 2.007e+00, 9.983e+02, 2.406e-08
2.365e+00, 5.000e-01, -1.650e-01, 1.104e+05, 0.000e+00, 7.867e-05, 0.000e+00, 2.005e+00, 9.983e+02, 3.377e-08
2.365e+00, 5.000e-01, -1.550e-01, 1.103e+05, 0.000e+00, 1.431e-04, 0.000e+00, 2.004e+00, 9.983e+02, 6.143e-08
2.365e+00, 5.000e-01, -1.450e-01, 1.102e+05, 0.000e+00, 2.425e-04, 0.000e+00, 2.002e+00, 9.983e+02, 1.041e-07
2.365e+00, 5.000e-01, -1.350e-01, 1.101e+05, 0.000e+00, 3.137e-04, 0.000e+00, 2.000e+00, 9.983e+02, 1.348e-07
2.365e+00, 5.000e-01, -1.250e-01, 1.112e+05, 0.000e+00, 2.979e-04, 0.000e+00, 2.020e+00, 9.983e+02, 1.308e-07
2.365e+00, 5.000e-01, -1.150e-01, 1.111e+05, 0.000e+00, 2.249e-04, 0.000e+00, 2.018e+00, 9.983e+02, 9.877e-08
2.365e+00, 5.000e-01, -1.050e-01, 1.110e+05, 0.000e+00, 1.427e-04, 0.000e+00, 2.017e+00, 9.983e+02, 6.270e-08
2.365e+00, 5.000e-01, -9.500e-02, 1.109e+05, 0.000e+00, 7.998e-05, 0.000e+00, 2.015e+00, 9.983e+02, 3.513e-08
2.365e+00, 5.000e-01, -8.500e-02, 1.108e+05, 0.000e+00, 4.114e-05, 0.000e+00, 2.013e+00, 9.983e+02, 1.807e-08
2.365e+00, 5.000e-01, -7.500e-02, 1.107e+05, 0.000e+00, 1.999e-05, 0.000e+00, 2.011e+00, 9.983e+02, 8.779e-09
2.365e+00, 5.000e-01, -6.500e-02, 1.106e+05, 0.000e+00, 9.335e-06, 0.000e+00, 2.009e+00, 9.983e+02, 4.100e-09
2.365e+00, 5.000e-01, -5.500e-02, 1.105e+05, 0.000e+00, 4.221e-06, 0.000e+00, 2.008e+00, 9.983e+02, 1.854e-09
2.365e+00, 5.000e-01, -4.500e-02, 1.104e+05, 0.000e+00, 1.849e-06, 0.000e+00, 2.006e+00, 9.983e+02, 8.120e-10
2.365e+00, 5.000e-01, -3.500e-02, 1.103e+05, 0.000e+00, 7.832e-07, 0.000e+00, 2.004e+00, 9.983e+02, 3.440e-10
2.365e+00, 5.000e-01, -2.500e-02, 1.102e+05, 0.000e+00, 3.217e-07, 0.000e+00, 2.002e+00, 9.983e+02, 1.413e-10
2.365e+00, 5.000e-01, -1.500e-02, 1.101e+05, 0.000e+00, 1.308e-07, 0.000e+00, 2.000e+00, 9.983e+02, 5.744e-11
2.365e+00, 5.000e-01, -5.000e-03, 1.100e+05, 0.000e+00, 5.763e-08, 0.000e+00, 1.999e+00, 9.983e+02, 2.531e-11
2.375e+00, 5.000e-01, -1.195e+00, 1.202e+05, 0.000e+00, 1.002e-13, 0.000e+00, 2.184e+00, 9.983e+02, 2.000e-17
2.375e+00, 5.000e-01, -1.185e+00, 1.201e+05, 0.000e+00, 1.002e-13, 0.000e+00, 2.182e+00, 9.983e+02, 2.000e-17
2.375e+00, 5.000e-01, -1.175e+00, 1.200e+05, 0.000e+00, 1.002e-13, 0.000e+00, 2.181e+00, 9.983e+02, 2.000e-17
2.375e+00, 5.000e-01, -1.165e+00, 1.199e+05, 0.000e+00, 1.002e-13, 0.000e+00, 2.179e+00, 9.983e+02, 2.000e-17
2.375e+00, 5.000e-01, -1.155e+00, 1.198e+05, 0.000e+00, 1.002e-13, 0.000e+00, 2.177e+00, 9.983e+02, 2.000e-17
2.375e+00, 5.000e-01, -1.145e+00, 1.197e+05, 0.000e+00, 1.002e-13, 0.000e+00, 2.175e+00, 9.983e+02, 2.000e-17
2.375e+00, 5.000e-01, -1.135e+00, 1.196e+05, 0.000e+00, 1.002e-13, 0.000e+00, 2.173e+00, 9.983e+02, 2.000e-17
2.375e+00, 5.000e-01, -1.125e+00, 1.195e+05, 0.000e+00, 1.002e-13, 0.000e+00, 2.172e+00, 9.983e+02, 2.000e-17
2.375e+00, 5.000e-01, -1.115e+00, 1.194e+05, 0.000e+00, 3.644e-10, 0.000e+00, 2.170e+00, 9.983e+02, 1.283e-13
2.375e+00, 5.000e-01, -1.105e+00, 1.193e+05, 0.000e+00, 3.815e-04, 0.000e+00, 2.168e+00, 9.983e+02, 1.344e-07
2.375e+00, 5.000e-01, -1.095e+00, 1.192e+05, 0.000e+00, 4.259e-04, 0.000e+00, 2.167e+00, 9.983e+02, 1.828e-07
2.375e+00, 5.000e-01, -1.085e+00, 1.191e+05, 0.000e+00, 4.350e-04, 0.000e+00, 2.165e+00, 9.983e+02, 1.867e-07
2.375e+00, 5.000e-01, -1.075e+00, 1.190e+05, 0.000e+00, 4.386e-04, 0.000e+00, 2.163e+00, 9.983e+02, 1.883e-07
2.375e+00, 5.000e-01, -1.065e+00, 1.189e+05, 0.000e+00, 4.397e-04, 0.000e+00, 2.161e+00, 9.983e+02, 1.888e-07
2.375e+00, 5.000e-01, -1.055e+00, 1.188e+05, 0.000e+00, 4.413e-04, 0.000e+00, 2.159e+00, 9.983e+02, 1.894e-07
2.375e+00, 5.000e-01, -1.045e+00, 1.187e+05, 0.000e+00, 4.450e-04, 0.000e+00, 2.158e+00, 9.983e+02, 1.910e-07
2.375e+00, 5.000e-01, -1.035e+00, 1.186e+05, 0.000e+00, 4.500e-04, 0.000e+00, 2.156e+00, 9.983e+02, 1.932e-07
2.375e+00, 5.000e-01, -1.025e+00, 1.185e+05, 0.000e+00, 4.553e-04, 0.000e+00, 2.154e+00, 9.983e+02, 1.955e-07
2.375e+00, 5.000e-01, -1.015e+00, 1.185e+05, 0.000e+00, 4.617e-04, 0.000e+00, 2.152e+00, 9.983e+02, 1.982e-07
2.375e+00, 5.000e-01, -1.005e+00, 1.184e+05, 0.000e+00, 4.708e-04, 0.000e+00, 2.150e+00, 9.983e+02, 2.021e-07
2.375e+00, 5.000e-01, -9.950e-01, 1.183e+05, 0.000e+00, 4.828e-04, 0.000e+00, 2.149e+00, 9.984e+02, 2.073e-07
2.375e+00, 5.000e-01, -9.850e-01, 1.182e+05, 0.000e+00, 4.928e-04, 0.000e+00, 2.147e+00, 9.984e+02, 2.116e-07
2.375e+00, 5.000e-01, -9.750e-01, 1.181e+05, 0.000e+00, 4.965e-04, 0.000e+00, 2.145e+00, 9.984e+02, 2.131e-07
2.375e+00, 5.000e-01, -9.650e-01, 1.180e+05, 0.000e+00, 4.923e-04, 0.000e+00, 2.143e+00, 9.984e+02, 2.113e-07
2.375e+00, 5.000e-01, -9.550e-01, 1.179e+05, 0.000e+00, 4.812e-04, 0.000e+00, 2.141e+00, 9.984e+02, 2.066e-07
2.375e+00, 5.000e-01, -9.450e-01, 1.178e+05, 0.000e+00, 4.651e-04, 0.000e+00, 2.140e+00, 9.983e+02, 1.997e-07
2.375e+00, 5.000e-01, -9.350e-01, 1.177e+05, 0.000e+00, 4.458e-04, 0.000e+00, 2.138e+00, 9.983e+02, 1.914e-07
2.375e+00, 5.000e-01, -9.250e-01, 1.176e+05, 0.000e+00, 4.253e-04, 0.000e+00, 2.136e+00, 9.983e+02, 1.826e-07
2.375e+00, 5.000e-01, -9.150e-01, 1.175e+05, 0.000e+00, 4.058e-04, 0.000e+00, 2.134e+00, 9.983e+02, 1.742e-07
2.375e+00, 5.000e-01, -9.050e-01, 1.174e+05, 0.000e+00, 3.893e-04, 0.000e+00, 2.132e+00, 9.983e+02, 1.671e-07
2.375e+00, 5.000e-01, -8.950e-01, 1.173e+05, 0.000e+00, 3.753e-04, 0.000e+00, 2.131e+00, 9.983e+02, 1.611e-07
2.375e+00, 5.000e-01, -8.850e-01, 1.172e+05, 0.000e+00, 3.577e-04, 0.000e+00, 2.129e+00, 9.983e+02, 1.535e-07
2.375e+00, 5.000e-01, -8.750e-01, 1.171e+05, 0.000e+00, 3.341e-04, 0.000e+00, 2.127e+00, 9.983e+02, 1.434e-07
2.375e+00, 5.000e-01, -8.650e-01, 1.170e+05, 0.000e+00, 3.090e-04, 0.000e+00, 2.125e+00, 9.983e+02, 1.326e-07
2.375e+00, 5.000e-01, -8.550e-01, 1.169e+05, 0.000e+00, 2.797e-04, 0.000e+00, 2.124e+00, 9.983e+02, 1.201e-07
2.375e+00, 5.000e-01, -8.450e-01, 1.168e+05, 0.000e+00, 2.460e-04, 0.000e+00, 2.122e+00, 9.983e+02, 1.056e-07
2.375e+00, 5.000e-01, -8.350e-01, 1.167e+05, 0.000e+00, 2.101e-04, 0.000e+00, 2.120e+00, 9.983e+02, 9.019e-08
2.375e+00, 5.000e-01, -8.250e-01, 1.166e+05, 0.000e+00, 1.744e-04, 0.000e+00, 2.118e+00, 9.983e+02, 7.488e-08
2.375e+00, 5.000e-01, -8.150e-01, 1.165e+05, 0.000e+00, 1.408e-04, 0.000e+00, 2.116e+00, 9.983e+02, 6.044e-08
2.375e+00, 5.000e-01, -8.050e-01, 1.164e+05, 0.000e+00, 1.102e-04, 0.000e+00, 2.115e+00, 9.983e+02, 4.730e-08
2.375e+00, 5.000e-01, -7.950e-01, 1.163e+05, 0.000e+00, 8.353e-05, 0.000e+00, 2.113e+00, 9.983e+02, 3.585e-08
2.375e+00, 5.000e-01, -7.850e-01, 1.162e+05, 0.000e+00, 6.230e-05, 0.000e+00, 2.111e+00, 9.983e+02, 2.675e-08
2.375e+00, 5.000e-01, -7.750e-01, 1.161e+05, 0.000e+00, 4.994e-05, 0.000e+00, 2.109e+00, 9.983e+02, 2.144e-08
2.375e+00, 5.000e-01, -7.650e-01, 1.160e+05, 0.000e+00, 5.294e-05, 0.000e+00, 2.107e+00, 9.983e+02, 2.273e-08
2.375e+00, 5.000e-01, -7.550e-01, 1.159e+05, 0.000e+00, 7.725e-05, 0.000e+00, 2.106e+00, 9.983e+02, 3.316e-08
2.375e+00, 5.000e-01, -7.450e-01, 1.158e+05, 0.000e+00, 1.213e-04, 0.000e+00, 2.104e+00, 9.983e+02, 5.209e-08
2.375e+00, 5.000e-01, -7.350e-01, 1.157e+05, 0.000e+00, 2.961e-04, 0.000e+00, 2.102e+00, 9.983e+02, 1.285e-07
2.375e+00, 5.000e-01, -7.250e-01, 1.171e+05, 0.000e+00, 3.370e-04, 0.000e+00, 2.127e+00, 9.983e+02, 1.480e-07
2.375e+00, 5.000e-01, -7.150e-01, 1.170e+05, 0.000e+00, 2.275e-04, 0.000e+00, 2.126e+00, 9.983e+02, 9.992e-08
2.375e+00, 5.000e-01, -7.050e-01, 1.169e+05, 0.000e+00, 1.462e-04, 0.000e+00, 2.124e+00, 9.983e+02, 6.424e-08
2.375e+00, 5.000e-01, -6.950e-01, 1.168e+05, 0.000e+00, 9.727e-05, 0.000e+00, 2.122e+00, 9.983e+02, 4.273e-08
2.375e+00, 5.000e-01, -6.850e-01, 1.167e+05, 0.000e+00, 7.084e-05, 0.000e+00, 2.120e+00, 9.983e+02, 3.112e-08
2.375e+00, 5.000e-01, -6.750e-01, 1.166e+05, 0.000e+00, 6.370e-05, 0.000e+00, 2.119e+00, 9.983e+02, 2.798e-08
2.375e+00, 5.000e-01, -6.650e-01, 1.165e+05, 0.000e+00, 7.500e-05, 0.000e+00, 2.117e+00, 9.983e+02, 3.295e-08
2.375e+00, 5.000e-01, -6.550e-01, 1.164e+05, 0.000e+00, 1.042e-04, 0.000e+00, 2.115e+00, 9.983e+02, 4.576e-08
2.375e+00, 5.000e-01, -6.450e-01, 1.163e+05, 0.000e+00, 1.503e-04, 0.000e+00, 2.113e+00, 9.983e+02, 6.601e-08
2.375e+00, 5.000e-01, -6.350e-01, 1.162e+05, 0.000e+00, 2.113e-04, 0.000e+00, 2.111e+00, 9.983e+02, 9.281e-08
2.375e+00, 5.000e-01, -6.250e-01, 1.161e+05, 0.000e+00, 2.821e-04, 0.000e+00, 2.110e+00, 9.983e+02, 1.239e-07
2.375e+00, 5.000e-01, -6.150e-01, 1.160e+05, 0.000e+00, 3.485e-04, 0.000e+00, 2.108e+00, 9.983e+02, 1.544e-07
2.375e+00, 5.000e-01, -6.050e-01, 1.144e+05, 0.000e+00, 3.825e-04, 0.000e+00, 2.079e+00, 9.983e+02, 1.718e-07
2.375e+00, 5.000e-01, -5.950e-01, 1.144e+05, 0.000e+00, 3.925e-04, 0.000e+00, 2.077e+00, 9.983e+02, 1.763e-07
2.375e+00, 5.000e-01, -5.850e-01, 1.143e+05, 0.000e+00, 3.917e-04, 0.000e+00, 2.075e+00, 9.983e+02, 1.760e-07
2.375e+00, 5.000e-01, -5.750e-01, 1.142e+05, 0.000e+00, 3.903e-04, 0.000e+00, 2.074e+00, 9.983e+02, 1.753e-07
2.375e+00, 5.000e-01, -5.650e-01, 1.141e+05, 0.000e+00, 3.923e-04, 0.000e+00, 2.072e+00, 9.983e+02, 1.762e-07
2.375e+00, 5.000e-01, -5.550e-01, 1.140e+05, 0.000e+00, 3.978e-04, 0.000e+00, 2.070e+00, 9.983e+02, 1.787e-07
2.375e+00, 5.000e-01, -5.450e-01, 1.139e+05, 0.000e+00, 4.048e-04, 0.000e+00, 2.068e+00, 9.983e+02, 1.819e-07
2.375e+00, 5.000e-01, -5.350e-01, 1.138e+05, 0.000e+00, 4.107e-04, 0.000e+00, 2.067e+00, 9.983e+02, 1.845e-07
2.375e+00, 5.000e-01, -5.250e-01, 1.137e+05, 0.000e+00, 4.133e-04, 0.000e+00, 2.065e+00, 9.983e+02, 1.857e-07
2.375e+00, 5.000e-01, -5.150e-01, 1.136e+05, 0.000e+00, 4.112e-04, 0.000e+00, 2.063e+00, 9.983e+02, 1.847e-07
2.375e+00, 5.000e-01, -5.050e-01, 1.135e+05, 0.000e+00, 4.032e-04, 0.000e+00, 2.061e+00, 9.983e+02, 1.772e-07
2.375e+00, 5.000e-01, -4.950e-01, 1.134e+05, 0.000e+00, 3.987e-04, 0.000e+00, 2.059e+00, 9.983e+02, 1.712e-07
2.375e+00, 5.000e-01, -4.850e-01, 1.133e+05, 0.000e+00, 4.135e-04, 0.000e+00, 2.057e+00, 9.983e+02, 1.775e-07
2.375e+00, 5.000e-01, -4.750e-01, 1.132e+05, 0.000e+00, 4.336e-04, 0.000e+00, 2.056e+00, 9.983e+02, 1.862e-07
2.375e+00, 5.000e-01, -4.650e-01, 1.131e+05, 0.000e+00, 4.462e-04, 0.000e+00, 2.054e+00, 9.983e+02, 1.916e-07
2.375e+00, 5.000e-01, -4.550e-01, 1.130e+05, 0.000e+00, 4.374e-04, 0.000e+00, 2.052e+00, 9.983e+02, 1.892e-07
2.375e+00, 5.000e-01, -4.450e-01, 1.129e+05, 0.000e+00, 3.945e-04, 0.000e+00, 2.050e+00, 9.983e+02, 1.772e-07
2.375e+00, 5.000e-01, -4.350e-01, 1.128e+05, 0.000e+00, 3.489e-04, 0.000e+00, 2.048e+00, 9.983e+02, 1.524e-07
2.375e+00, 5.000e-01, -4.250e-01, 1.127e+05, 0.000e+00, 3.074e-04, 0.000e+00, 2.047e+00, 9.983e+02, 1.319e-07
2.375e+00, 5.000e-01, -4.150e-01, 1.126e+05, 0.000e+00, 3.184e-04, 0.000e+00, 2.045e+00, 9.983e+02, 1.367e-07
2.375e+00, 5.000e-01, -4.050e-01, 1.125e+05, 0.000e+00, 3.378e-04, 0.000e+00, 2.043e+00, 9.983e+02, 1.450e-07
2.375e+00, 5.000e-01, -3.950e-01, 1.124e+05, 0.000e+00, 3.441e-04, 0.000e+00, 2.041e+00, 9.983e+02, 1.477e-07
2.375e+00, 5.000e-01, -3.850e-01, 1.123e+05, 0.000e+00, 3.405e-04, 0.000e+00, 2.039e+00, 9.983e+02, 1.462e-07
2.375e+00, 5.000e-01, -3.750e-01, 1.122e+05, 0.000e+00, 3.424e-04, 0.000e+00, 2.038e+00, 9.983e+02, 1.496e-07
2.375e+00, 5.000e-01, -3.650e-01, 1.121e+05, 0.000e+00, 3.487e-04, 0.000e+00, 2.036e+00, 9.983e+02, 1.566e-07
2.375e+00, 5.000e-01, -3.550e-01, 1.120e+05, 0.000e+00, 3.576e-04, 0.000e+00, 2.034e+00, 9.983e+02, 1.607e-07
2.375e+00, 5.000e-01, -3.450e-01, 1.119e+05, 0.000e+00, 3.766e-04, 0.000e+00, 2.033e+00, 9.983e+02, 1.692e-07
2.375e+00, 5.000e-01, -3.350e-01, 1.118e+05, 0.000e+00, 4.033e-04, 0.000e+00, 2.031e+00, 9.983e+02, 1.812e-07
2.375e+00, 5.000e-01, -3.250e-01, 1.117e+05, 0.000e+00, 4.297e-04, 0.000e+00, 2.029e+00, 9.983e+02, 1.931e-07
2.375e+00, 5.000e-01, -3.150e-01, 1.116e+05, 0.000e+00, 4.506e-04, 0.000e+00, 2.027e+00, 9.983e+02, 2.024e-07
2.375e+00, 5.000e-01, -3.050e-01, 1.115e+05, 0.000e+00, 4.654e-04, 0.000e+00, 2.025e+00, 9.983e+02, 2.091e-07
2.375e+00, 5.000e-01, -2.950e-01, 1.114e+05, 0.000e+00, 4.728e-04, 0.000e+00, 2.024e+00, 9.983e+02, 2.124e-07
2.375e+00, 5.000e-01, -2.850e-01, 1.114e+05, 0.000e+00, 4.652e-04, 0.000e+00, 2.023e+00, 9.983e+02, 2.050e-07
2.375e+00, 5.000e-01, -2.750e-01, 1.113e+05, 0.000e+00, 4.536e-04, 0.000e+00, 2.021e+00, 9.983e+02, 1.993e-07
2.375e+00, 5.000e-01, -2.650e-01, 1.112e+05, 0.000e+00, 4.389e-04, 0.000e+00, 2.020e+00, 9.983e+02, 1.928e-07
2.375e+00, 5.000e-01, -2.550e-01, 1.111e+05, 0.000e+00, 4.182e-04, 0.000e+00, 2.018e+00, 9.983e+02, 1.837e-07
2.375e+00, 5.000e-01, -2.450e-01, 1.110e+05, 0.000e+00, 3.881e-04, 0.000e+00, 2.016e+00, 9.983e+02, 1.705e-07
2.375e+00, 5.000e-01, -2.350e-01, 1.109e+05, 0.000e+00, 3.442e-04, 0.000e+00, 2.014e+00, 9.983e+02, 1.512e-07
2.375e+00, 5.000e-01, -2.250e-01, 1.108e+05, 0.000e+00, 2.844e-04, 0.000e+00, 2.012e+00, 9.983e+02, 1.249e-07
2.375e+00, 5.000e-01, -2.150e-01, 1.107e+05, 0.000e+00, 2.165e-04, 0.000e+00, 2.011e+00, 9.983e+02, 9.511e-08
2.375e+00, 5.000e-01, -2.050e-01, 1.106e+05, 0.000e+00, 1.486e-04, 0.000e+00, 2.009e+00, 9.983e+02, 6.470e-08
2.375e+00, 5.000e-01, -1.950e-01, 1.107e+05, 0.000e+00, 9.741e-05, 0.000e+00, 2.011e+00, 9.983e+02, 4.182e-08
2.375e+00, 5.000e-01, -1.850e-01, 1.106e+05, 0.000e+00, 6.908e-05, 0.000e+00, 2.009e+00, 9.983e+02, 2.965e-08
2.375e+00, 5.000e-01, -1.750e-01, 1.105e+05, 0.000e+00, 6.383e-05, 0.000e+00, 2.007e+00, 9.983e+02, 2.740e-08
2.375e+00, 5.000e-01, -1.650e-01, 1.104e+05, 0.000e+00, 9.167e-05, 0.000e+00, 2.005e+00, 9.983e+02, 3.935e-08
2.375e+00, 5.000e-01, -1.550e-01, 1.103e+05, 0.000e+00, 1.659e-04, 0.000e+00, 2.004e+00, 9.983e+02, 7.121e-08
2.375e+00, 5.000e-01, -1.450e-01, 1.102e+05, 0.000e+00, 2.726e-04, 0.000e+00, 2.002e+00, 9.983e+02, 1.170e-07
2.375e+00, 5.000e-01, -1.350e-01, 1.101e+05, 0.000e+00, 3.351e-04, 0.000e+00, 2.000e+00, 9.983e+02, 1.443e-07
2.375e+00, 5.000e-01, -1.250e-01, 1.112e+05, 0.000e+00, 3.085e-04, 0.000e+00, 2.020e+00, 9.983e+02, 1.355e-07
2.375e+00, 5.000e-01, -1.150e-01, 1.111e+05, 0.000e+00, 2.280e-04, 0.000e+00, 2.018e+00, 9.983e+02, 1.002e-07
2.375e+00, 5.000e-01, -1.050e-01, 1.110e+05, 0.000e+00, 1.428e-04, 0.000e+00, 2.017e+00, 9.983e+02, 6.271e-08
2.375e+00, 5.000e-01, -9.500e-02, 1.109e+05, 0.000e+00, 7.927e-05, 0.000e+00, 2.015e+00, 9.983e+02, 3.482e-08
2.375e+00, 5.000e-01, -8.500e-02, 1.108e+05, 0.000e+00, 4.053e-05, 0.000e+00, 2.013e+00, 9.983e+02, 1.780e-08
2.375e+00, 5.000e-01, -7.500e-02, 1.107e+05, 0.000e+00, 1.961e-05, 0.000e+00, 2.011e+00, 9.983e+02, 8.614e-09
2.375e+00, 5.000e-01, -6.500e-02, 1.106e+05, 0.000e+00, 9.129e-06, 0.000e+00, 2.009e+00, 9.983e+02, 4.010e-09
2.375e+00, 5.000e-01, -5.500e-02, 1.105e+05, 0.000e+00, 4.115e-06, 0.000e+00, 2.008e+00, 9.983e+02, 1.808e-09
2.375e+00, 5.000e-01, -4.500e-02, 1.104e+05, 0.000e+00, 1.797e-06, 0.000e+00, 2.006e+00, 9.983e+02, 7.894e-10
2.375e+00, 5.000e-01, -3.500e-02, 1.103e+05, 0.000e+00, 7.590e-07, 0.000e+00, 2.004e+00, 9.983e+02, 3.334e-10
2.375e+00, 5.000e-01, -2.500e-02, 1.102e+05, 0.000e+00, 3.108e-07, 0.000e+00, 2.002e+00, 9.983e+02, 1.365e-10
2.375e+00, 5.000e-01, -1.500e-02, 1.101e+05, 0.000e+00, 1.260e-07, 0.000e+00, 2.000e+00, 9.983e+02, 5.535e-11
2.375e+00, 5.000e-01, -5.000e-03, 1.100e+05, 0.000e+00, 5.553e-08, 0.000e+00, 1.999e+00, 9.983e+02, 2.439e-11
2.385e+00, 5.000e-01, -1.195e+00, 1.202e+05, 0.000e+00, 1.002e-13, 0.000e+00, 2.184e+00, 9.983e+02, 2.000e-17
2.385e+00, 5.000e-01, -1.185e+00, 1.201e+05, 0.000e+00, 1.002e-13, 0.000e+00, 2.182e+00, 9.983e+02, 2.000e-17
2.385e+00, 5.000e-01, -1.175e+00, 1.200e+05, 0.000e+00, 1.002e-13, 0.000e+00, 2.181e+00, 9.983e+02, 2.000e-17
2.385e+00, 5.000e-01, -1.165e+00, 1.199e+05, 0.000e+00, 1.002e-13, 0.000e+00, 2.179e+00, 9.983e+02, 2.000e-17
2.385e+00, 5.000e-01, -1.155e+00, 1.198e+05, 0.000e+00, 1.002e-13, 0.000e+00, 2.177e+00, 9.983e+02, 2.000e-17
2.385e+00, 5.000e-01, -1.145e+00, 1.197e+05, 0.000e+00, 1.002e-13, 0.000e+00, 2.175e+00, 9.983e+02, 2.000e-17
2.385e+00, 5.000e-01, -1.135e+00, 1.196e+05, 0.000e+00, 1.002e-13, 0.000e+00, 2.173e+00, 9.983e+02, 2.000e-17
2.385e+00, 5.000e-01, -1.125e+00, 1.195e+05, 0.000e+00, 1.002e-13, 0.000e+00, 2.172e+00, 9.983e+02, 2.000e-17
2.385e+00, 5.000e-01, -1.115e+00, 1.194e+05, 0.000e+00, 3.722e-10, 0.000e+00, 2.170e+00, 9.983e+02, 1.466e-13
2.385e+00, 5.000e-01, -1.105e+00, 1.193e+05, 0.000e+00, 3.898e-04, 0.000e+00, 2.168e+00, 9.983e+02, 1.536e-07
2.385e+00, 5.000e-01, -1.095e+00, 1.192e+05, 0.000e+00, 4.216e-04, 0.000e+00, 2.167e+00, 9.983e+02, 1.810e-07
2.385e+00, 5.000e-01, -1.085e+00, 1.191e+05, 0.000e+00, 4.304e-04, 0.000e+00, 2.165e+00, 9.983e+02, 1.848e-07
2.385e+00, 5.000e-01, -1.075e+00, 1.190e+05, 0.000e+00, 4.339e-04, 0.000e+00, 2.163e+00, 9.983e+02, 1.863e-07
2.385e+00, 5.000e-01, -1.065e+00, 1.189e+05, 0.000e+00, 4.365e-04, 0.000e+00, 2.161e+00, 9.983e+02, 1.874e-07
2.385e+00, 5.000e-01, -1.055e+00, 1.188e+05, 0.000e+00, 4.412e-04, 0.000e+00, 2.159e+00, 9.983e+02, 1.894e-07
2.385e+00, 5.000e-01, -1.045e+00, 1.187e+05, 0.000e+00, 4.478e-04, 0.000e+00, 2.158e+00, 9.983e+02, 1.923e-07
2.385e+00, 5.000e-01, -1.035e+00, 1.186e+05, 0.000e+00, 4.539e-04, 0.000e+00, 2.156e+00, 9.983e+02, 1.948e-07
2.385e+00, 5.000e-01, -1.025e+00, 1.185e+05, 0.000e+00, 4.578e-04, 0.000e+00, 2.154e+00, 9.983e+02, 1.965e-07
2.385e+00, 5.000e-01, -1.015e+00, 1.185e+05, 0.000e+00, 4.611e-04, 0.000e+00, 2.152e+00, 9.983e+02, 1.980e-07
2.385e+00, 5.000e-01, -1.005e+00, 1.184e+05, 0.000e+00, 4.663e-04, 0.000e+00, 2.150e+00, 9.983e+02, 2.002e-07
2.385e+00, 5.000e-01, -9.950e-01, 1.183e+05, 0.000e+00, 4.745e-04, 0.000e+00, 2.149e+00, 9.983e+02, 2.037e-07
2.385e+00, 5.000e-01, -9.850e-01, 1.182e+05, 0.000e+00, 4.822e-04, 0.000e+00, 2.147e+00, 9.984e+02, 2.070e-07
2.385e+00, 5.000e-01, -9.750e-01, 1.181e+05, 0.000e+00, 4.850e-04, 0.000e+00, 2.145e+00, 9.984e+02, 2.082e-07
2.385e+00, 5.000e-01, -9.650e-01, 1.180e+05, 0.000e+00, 4.806e-04, 0.000e+00, 2.143e+00, 9.984e+02, 2.063e-07
2.385e+00, 5.000e-01, -9.550e-01, 1.179e+05, 0.000e+00, 4.697e-04, 0.000e+00, 2.141e+00, 9.983e+02, 2.016e-07
2.385e+00, 5.000e-01, -9.450e-01, 1.178e+05, 0.000e+00, 4.538e-04, 0.000e+00, 2.140e+00, 9.983e+02, 1.948e-07
2.385e+00, 5.000e-01, -9.350e-01, 1.177e+05, 0.000e+00, 4.350e-04, 0.000e+00, 2.138e+00, 9.983e+02, 1.867e-07
2.385e+00, 5.000e-01, -9.250e-01, 1.176e+05, 0.000e+00, 4.156e-04, 0.000e+00, 2.136e+00, 9.983e+02, 1.784e-07
2.385e+00, 5.000e-01, -9.150e-01, 1.175e+05, 0.000e+00, 3.978e-04, 0.000e+00, 2.134e+00, 9.983e+02, 1.708e-07
2.385e+00, 5.000e-01, -9.050e-01, 1.174e+05, 0.000e+00, 3.824e-04, 0.000e+00, 2.132e+00, 9.983e+02, 1.642e-07
2.385e+00, 5.000e-01, -8.950e-01, 1.173e+05, 0.000e+00, 3.660e-04, 0.000e+00, 2.131e+00, 9.983e+02, 1.571e-07
2.385e+00, 5.000e-01, -8.850e-01, 1.172e+05, 0.000e+00, 3.423e-04, 0.000e+00, 2.129e+00, 9.983e+02, 1.469e-07
2.385e+00, 5.000e-01, -8.750e-01, 1.171e+05, 0.000e+00, 3.196e-04, 0.000e+00, 2.127e+00, 9.983e+02, 1.372e-07
2.385e+00, 5.000e-01, -8.650e-01, 1.170e+05, 0.000e+00, 2.950e-04, 0.000e+00, 2.125e+00, 9.983e+02, 1.266e-07
2.385e+00, 5.000e-01, -8.550e-01, 1.169e+05, 0.000e+00, 2.654e-04, 0.000e+00, 2.124e+00, 9.983e+02, 1.139e-07
2.385e+00, 5.000e-01, -8.450e-01, 1.168e+05, 0.000e+00, 2.314e-04, 0.000e+00, 2.122e+00, 9.983e+02, 9.931e-08
2.385e+00, 5.000e-01, -8.350e-01, 1.167e+05, 0.000e+00, 1.955e-04, 0.000e+00, 2.120e+00, 9.983e+02, 8.394e-08
2.385e+00, 5.000e-01, -8.250e-01, 1.166e+05, 0.000e+00, 1.606e-04, 0.000e+00, 2.118e+00, 9.983e+02, 6.894e-08
2.385e+00, 5.000e-01, -8.150e-01, 1.165e+05, 0.000e+00, 1.282e-04, 0.000e+00, 2.116e+00, 9.983e+02, 5.502e-08
2.385e+00, 5.000e-01, -8.050e-01, 1.164e+05, 0.000e+00, 9.913e-05, 0.000e+00, 2.115e+00, 9.983e+02, 4.255e-08
2.385e+00, 5.000e-01, -7.950e-01, 1.163e+05, 0.000e+00, 7.426e-05, 0.000e+00, 2.113e+00, 9.983e+02, 3.188e-08
2.385e+00, 5.000e-01, -7.850e-01, 1.162e+05, 0.000e+00, 5.514e-05, 0.000e+00, 2.111e+00, 9.983e+02, 2.367e-08
2.385e+00, 5.000e-01, -7.750e-01, 1.161e+05, 0.000e+00, 4.556e-05, 0.000e+00, 2.109e+00, 9.983e+02, 1.956e-08
2.385e+00, 5.000e-01, -7.650e-01, 1.160e+05, 0.000e+00, 5.265e-05, 0.000e+00, 2.107e+00, 9.983e+02, 2.260e-08
2.385e+00, 5.000e-01, -7.550e-01, 1.159e+05, 0.000e+00, 8.180e-05, 0.000e+00, 2.106e+00, 9.983e+02, 3.511e-08
2.385e+00, 5.000e-01, -7.450e-01, 1.158e+05, 0.000e+00, 1.228e-04, 0.000e+00, 2.104e+00, 9.983e+02, 5.273e-08
2.385e+00, 5.000e-01, -7.350e-01, 1.172e+05, 0.000e+00, 2.700e-04, 0.000e+00, 2.129e+00, 9.983e+02, 1.179e-07
2.385e+00, 5.000e-01, -7.250e-01, 1.171e+05, 0.000e+00, 2.649e-04, 0.000e+00, 2.127e+00, 9.983e+02, 1.164e-07
2.385e+00, 5.000e-01, -7.150e-01, 1.170e+05, 0.000e+00, 1.893e-04, 0.000e+00, 2.126e+00, 9.983e+02, 8.313e-08
2.385e+00, 5.000e-01, -7.050e-01, 1.169e+05, 0.000e+00, 1.264e-04, 0.000e+00, 2.124e+00, 9.983e+02, 5.552e-08
2.385e+00, 5.000e-01, -6.950e-01, 1.168e+05, 0.000e+00, 8.602e-05, 0.000e+00, 2.122e+00, 9.983e+02, 3.778e-08
2.385e+00, 5.000e-01, -6.850e-01, 1.167e+05, 0.000e+00, 6.579e-05, 0.000e+00, 2.120e+00, 9.983e+02, 2.890e-08
2.385e+00, 5.000e-01, -6.750e-01, 1.166e+05, 0.000e+00, 6.432e-05, 0.000e+00, 2.119e+00, 9.983e+02, 2.825e-08
2.385e+00, 5.000e-01, -6.650e-01, 1.165e+05, 0.000e+00, 8.089e-05, 0.000e+00, 2.117e+00, 9.983e+02, 3.553e-08
2.385e+00, 5.000e-01, -6.550e-01, 1.164e+05, 0.000e+00, 1.144e-04, 0.000e+00, 2.115e+00, 9.983e+02, 5.027e-08
2.385e+00, 5.000e-01, -6.450e-01, 1.163e+05, 0.000e+00, 1.630e-04, 0.000e+00, 2.113e+00, 9.983e+02, 7.159e-08
2.385e+00, 5.000e-01, -6.350e-01, 1.162e+05, 0.000e+00, 2.239e-04, 0.000e+00, 2.111e+00, 9.983e+02, 9.837e-08
2.385e+00, 5.000e-01, -6.250e-01, 1.161e+05, 0.000e+00, 2.931e-04, 0.000e+00, 2.110e+00, 9.983e+02, 1.288e-07
2.385e+00, 5.000e-01, -6.150e-01, 1.145e+05, 0.000e+00, 3.587e-04, 0.000e+00, 2.081e+00, 9.983e+02, 1.596e-07
2.385e+00, 5.000e-01, -6.050e-01, 1.144e+05, 0.000e+00, 3.866e-04, 0.000e+00, 2.079e+00, 9.983e+02, 1.737e-07
2.385e+00, 5.000e-01, -5.950e-01, 1.144e+05, 0.000e+00, 3.954e-04, 0.000e+00, 2.077e+00, 9.983e+02, 1.776e-07
2.385e+00, 5.000e-01, -5.850e-01, 1.143e+05, 0.000e+00, 3.946e-04, 0.000e+00, 2.075e+00, 9.983e+02, 1.773e-07
2.385e+00, 5.000e-01, -5.750e-01, 1.142e+05, 0.000e+00, 3.943e-04, 0.000e+00, 2.074e+00, 9.983e+02, 1.771e-07
2.385e+00, 5.000e-01, -5.650e-01, 1.141e+05, 0.000e+00, 3.984e-04, 0.000e+00, 2.072e+00, 9.983e+02, 1.790e-07
2.385e+00, 5.000e-01, -5.550e-01, 1.140e+05, 0.000e+00, 4.062e-04, 0.000e+00, 2.070e+00, 9.983e+02, 1.825e-07
2.385e+00, 5.000e-01, -5.450e-01, 1.139e+05, 0.000e+00, 4.152e-04, 0.000e+00, 2.068e+00, 9.983e+02, 1.865e-07
2.385e+00, 5.000e-01, -5.350e-01, 1.138e+05, 0.000e+00, 4.221e-04, 0.000e+00, 2.067e+00, 9.983e+02, 1.896e-07
2.385e+00, 5.000e-01, -5.250e-01, 1.137e+05, 0.000e+00, 4.250e-04, 0.000e+00, 2.065e+00, 9.983e+02, 1.909e-07
2.385e+00, 5.000e-01, -5.150e-01, 1.136e+05, 0.000e+00, 4.228e-04, 0.000e+00, 2.063e+00, 9.983e+02, 1.900e-07
2.385e+00, 5.000e-01, -5.050e-01, 1.135e+05, 0.000e+00, 4.155e-04, 0.000e+00, 2.061e+00, 9.983e+02, 1.813e-07
2.385e+00, 5.000e-01, -4.950e-01, 1.134e+05, 0.000e+00, 4.130e-04, 0.000e+00, 2.059e+00, 9.983e+02, 1.773e-07
2.385e+00, 5.000e-01, -4.850e-01, 1.133e+05, 0.000e+00, 4.239e-04, 0.000e+00, 2.057e+00, 9.983e+02, 1.820e-07
2.385e+00, 5.000e-01, -4.750e-01, 1.132e+05, 0.000e+00, 4.358e-04, 0.000e+00, 2.056e+00, 9.983e+02, 1.871e-07
2.385e+00, 5.000e-01, -4.650e-01, 1.131e+05, 0.000e+00, 4.372e-04, 0.000e+00, 2.054e+00, 9.983e+02, 1.877e-07
2.385e+00, 5.000e-01, -4.550e-01, 1.130e+05, 0.000e+00, 4.158e-04, 0.000e+00, 2.052e+00, 9.983e+02, 1.809e-07
2.385e+00, 5.000e-01, -4.450e-01, 1.129e+05, 0.000e+00, 3.589e-04, 0.000e+00, 2.050e+00, 9.983e+02, 1.612e-07
2.385e+00, 5.000e-01, -4.350e-01, 1.128e+05, 0.000e+00, 3.126e-04, 0.000e+00, 2.048e+00, 9.983e+02, 1.358e-07
2.385e+00, 5.000e-01, -4.250e-01, 1.127e+05, 0.000e+00, 3.059e-04, 0.000e+00, 2.047e+00, 9.983e+02, 1.313e-07
2.385e+00, 5.000e-01, -4.150e-01, 1.126e+05, 0.000e+00, 3.252e-04, 0.000e+00, 2.045e+00, 9.983e+02, 1.396e-07
2.385e+00, 5.000e-01, -4.050e-01, 1.125e+05, 0.000e+00, 3.341e-04, 0.000e+00, 2.043e+00, 9.983e+02, 1.434e-07
2.385e+00, 5.000e-01, -3.950e-01, 1.124e+05, 0.000e+00, 3.245e-04, 0.000e+00, 2.041e+00, 9.983e+02, 1.393e-07
2.385e+00, 5.000e-01, -3.850e-01, 1.123e+05, 0.000e+00, 3.088e-04, 0.000e+00, 2.039e+00, 9.983e+02, 1.325e-07
2.385e+00, 5.000e-01, -3.750e-01, 1.122e+05, 0.000e+00, 3.087e-04, 0.000e+00, 2.038e+00, 9.983e+02, 1.358e-07
2.385e+00, 5.000e-01, -3.650e-01, 1.121e+05, 0.000e+00, 3.121e-04, 0.000e+00, 2.036e+00, 9.983e+02, 1.402e-07
2.385e+00, 5.000e-01, -3.550e-01, 1.120e+05, 0.000e+00, 3.221e-04, 0.000e+00, 2.034e+00, 9.983e+02, 1.447e-07
2.385e+00, 5.000e-01, -3.450e-01, 1.119e+05, 0.000e+00, 3.463e-04, 0.000e+00, 2.033e+00, 9.983e+02, 1.556e-07
2.385e+00, 5.000e-01, -3.350e-01, 1.118e+05, 0.000e+00, 3.800e-04, 0.000e+00, 2.031e+00, 9.983e+02, 1.707e-07
2.385e+00, 5.000e-01, -3.250e-01, 1.117e+05, 0.000e+00, 4.116e-04, 0.000e+00, 2.029e+00, 9.983e+02, 1.849e-07
2.385e+00, 5.000e-01, -3.150e-01, 1.116e+05, 0.000e+00, 4.362e-04, 0.000e+00, 2.027e+00, 9.983e+02, 1.960e-07
2.385e+00, 5.000e-01, -3.050e-01, 1.115e+05, 0.000e+00, 4.562e-04, 0.000e+00, 2.025e+00, 9.983e+02, 2.049e-07
2.385e+00, 5.000e-01, -2.950e-01, 1.114e+05, 0.000e+00, 4.727e-04, 0.000e+00, 2.024e+00, 9.983e+02, 2.123e-07
2.385e+00, 5.000e-01, -2.850e-01, 1.114e+05, 0.000e+00, 4.768e-04, 0.000e+00, 2.023e+00, 9.983e+02, 2.096e-07
2.385e+00, 5.000e-01, -2.750e-01, 1.113e+05, 0.000e+00, 4.716e-04, 0.000e+00, 2.021e+00, 9.983e+02, 2.072e-07
2.385e+00, 5.000e-01, -2.650e-01, 1.112e+05, 0.000e+00, 4.626e-04, 0.000e+00, 2.020e+00, 9.983e+02, 2.032e-07
2.385e+00, 5.000e-01, -2.550e-01, 1.111e+05, 0.000e+00, 4.482e-04, 0.000e+00, 2.018e+00, 9.983e+02, 1.969e-07
2.385e+00, 5.000e-01, -2.450e-01, 1.110e+05, 0.000e+00, 4.252e-04, 0.000e+00, 2.016e+00, 9.983e+02, 1.868e-07
2.385e+00, 5.000e-01, -2.350e-01, 1.109e+05, 0.000e+00, 3.888e-04, 0.000e+00, 2.014e+00, 9.983e+02, 1.708e-07
2.385e+00, 5.000e-01, -2.250e-01, 1.108e+05, 0.000e+00, 3.331e-04, 0.000e+00, 2.012e+00, 9.983e+02, 1.463e-07
2.385e+00, 5.000e-01, -2.150e-01, 1.107e+05, 0.000e+00, 2.553e-04, 0.000e+00, 2.011e+00, 9.983e+02, 1.121e-07
2.385e+00, 5.000e-01, -2.050e-01, 1.106e+05, 0.000e+00, 1.696e-04, 0.000e+00, 2.009e+00, 9.983e+02, 7.365e-08
2.385e+00, 5.000e-01, -1.950e-01, 1.107e+05, 0.000e+00, 1.110e-04, 0.000e+00, 2.011e+00, 9.983e+02, 4.765e-08
2.385e+00, 5.000e-01, -1.850e-01, 1.106e+05, 0.000e+00, 8.024e-05, 0.000e+00, 2.009e+00, 9.983e+02, 3.445e-08
2.385e+00, 5.000e-01, -1.750e-01, 1.105e+05, 0.000e+00, 7.579e-05, 0.000e+00, 2.007e+00, 9.983e+02, 3.253e-08
2.385e+00, 5.000e-01, -1.650e-01, 1.104e+05, 0.000e+00, 1.092e-04, 0.000e+00, 2.005e+00, 9.983e+02, 4.686e-08
2.385e+00, 5.000e-01, -1.550e-01, 1.103e+05, 0.000e+00, 1.954e-04, 0.000e+00, 2.004e+00, 9.983e+02, 8.388e-08
2.385e+00, 5.000e-01, -1.450e-01, 1.102e+05, 0.000e+00, 3.071e-04, 0.000e+00, 2.002e+00, 9.983e+02, 1.318e-07
2.385e+00, 5.000e-01, -1.350e-01, 1.101e+05, 0.000e+00, 3.566e-04, 0.000e+00, 2.000e+00, 9.983e+02, 1.538e-07
2.385e+00, 5.000e-01, -1.250e-01, 1.112e+05, 0.000e+00, 3.164e-04, 0.000e+00, 2.020e+00, 9.983e+02, 1.390e-07
2.385e+00, 5.000e-01, -1.150e-01, 1.111e+05, 0.000e+00, 2.285e-04, 0.000e+00, 2.018e+00, 9.983e+02, 1.004e-07
2.385e+00, 5.000e-01, -1.050e-01, 1.110e+05, 0.000e+00, 1.411e-04, 0.000e+00, 2.017e+00, 9.983e+02, 6.196e-08
2.385e+00, 5.000e-01, -9.500e-02, 1.109e+05, 0.000e+00, 7.771e-05, 0.000e+00, 2.015e+00, 9.983e+02, 3.413e-08
2.385e+00, 5.000e-01, -8.500e-02, 1.108e+05, 0.000e+00, 3.958e-05, 0.000e+00, 2.013e+00, 9.983e+02, 1.739e-08
2.385e+00, 5.000e-01, -7.500e-02, 1.107e+05, 0.000e+00, 1.913e-05, 0.000e+00, 2.011e+00, 9.983e+02, 8.402e-09
2.385e+00, 5.000e-01, -6.500e-02, 1.106e+05, 0.000e+00, 8.903e-06, 0.000e+00, 2.009e+00, 9.983e+02, 3.910e-09
2.385e+00, 5.000e-01, -5.500e-02, 1.105e+05, 0.000e+00, 4.014e-06, 0.000e+00, 2.008e+00, 9.983e+02, 1.763e-09
2.385e+00, 5.000e-01, -4.500e-02, 1.104e+05, 0.000e+00, 1.753e-06, 0.000e+00, 2.006e+00, 9.983e+02, 7.698e-10
2.385e+00, 5.000e-01, -3.500e-02, 1.103e+05, 0.000e+00, 7.399e-07, 0.000e+00, 2.004e+00, 9.983e+02, 3.250e-10
2.385e+00, 5.000e-01, -2.500e-02, 1.102e+05, 0.000e+00, 3.027e-07, 0.000e+00, 2.002e+00, 9.983e+02, 1.330e-10
2.385e+00, 5.000e-01, -1.500e-02, 1.101e+05, 0.000e+00, 1.226e-07, 0.000e+00, 2.000e+00, 9.983e+02, 5.387e-11
2.385e+00, 5.000e-01, -5.000e-03, 1.100e+05, 0.000e+00, 5.412e-08, 0.000e+00, 1.999e+00, 9.983e+02, 2.377e-11
2.395e+00, 5.000e-01, -1.195e+00, 1.202e+05, 0.000e+00, 1.002e-13, 0.000e+00, 2.184e+00, 9.983e+02, 2.000e-17
2.395e+00, 5.000e-01, -1.185e+00, 1.201e+05, 0.000e+00, 1.002e-13, 0.000e+00, 2.182e+00, 9.983e+02, 2.000e-17
2.395e+00, 5.000e-01, -1.175e+00, 1.200e+05, 0.000e+00, 1.002e-13, 0.000e+00, 2.181e+00, 9.983e+02, 2.000e-17
2.395e+00, 5.000e-01, -1.165e+00, 1.199e+05, 0.000e+00, 1.002e-13, 0.000e+00, 2.179e+00, 9.983e+02, 2.000e-17
2.395e+00, 5.000e-01, -1.155e+00, 1.198e+05, 0.000e+00, 1.002e-13, 0.000e+00, 2.177e+00, 9.983e+02, 2.000e-17
2.395e+00, 5.000e-01, -1.145e+00, 1.197e+05, 0.000e+00, 1.002e-13, 0.000e+00, 2.175e+00, 9.983e+02, 2.000e-17
2.395e+00, 5.000e-01, -1.135e+00, 1.196e+05, 0.000e+00, 1.002e-13, 0.000e+00, 2.173e+00, 9.983e+02, 2.000e-17
2.395e+00, 5.000e-01, -1.125e+00, 1.195e+05, 0.000e+00, 1.002e-13, 0.000e+00, 2.172e+00, 9.983e+02, 2.000e-17
2.395e+00, 5.000e-01, -1.115e+00, 1.194e+05, 0.000e+00, 3.724e-10, 0.000e+00, 2.170e+00, 9.983e+02, 1.466e-13
2.395e+00, 5.000e-01, -1.105e+00, 1.193e+05, 0.000e+00, 4.092e-04, 0.000e+00, 2.168e+00, 9.983e+02, 1.747e-07
2.395e+00, 5.000e-01, -1.095e+00, 1.192e+05, 0.000e+00, 4.194e-04, 0.000e+00, 2.167e+00, 9.983e+02, 1.800e-07
2.395e+00, 5.000e-01, -1.085e+00, 1.191e+05, 0.000e+00, 4.267e-04, 0.000e+00, 2.165e+00, 9.983e+02, 1.832e-07
2.395e+00, 5.000e-01, -1.075e+00, 1.190e+05, 0.000e+00, 4.308e-04, 0.000e+00, 2.163e+00, 9.983e+02, 1.850e-07
2.395e+00, 5.000e-01, -1.065e+00, 1.189e+05, 0.000e+00, 4.361e-04, 0.000e+00, 2.161e+00, 9.983e+02, 1.872e-07
2.395e+00, 5.000e-01, -1.055e+00, 1.188e+05, 0.000e+00, 4.444e-04, 0.000e+00, 2.159e+00, 9.983e+02, 1.908e-07
2.395e+00, 5.000e-01, -1.045e+00, 1.187e+05, 0.000e+00, 4.537e-04, 0.000e+00, 2.158e+00, 9.983e+02, 1.948e-07
2.395e+00, 5.000e-01, -1.035e+00, 1.186e+05, 0.000e+00, 4.603e-04, 0.000e+00, 2.156e+00, 9.983e+02, 1.976e-07
2.395e+00, 5.000e-01, -1.025e+00, 1.185e+05, 0.000e+00, 4.632e-04, 0.000e+00, 2.154e+00, 9.983e+02, 1.989e-07
2.395e+00, 5.000e-01, -1.015e+00, 1.185e+05, 0.000e+00, 4.642e-04, 0.000e+00, 2.152e+00, 9.983e+02, 1.993e-07
2.395e+00, 5.000e-01, -1.005e+00, 1.184e+05, 0.000e+00, 4.661e-04, 0.000e+00, 2.150e+00, 9.983e+02, 2.001e-07
2.395e+00, 5.000e-01, -9.950e-01, 1.183e+05, 0.000e+00, 4.703e-04, 0.000e+00, 2.149e+00, 9.983e+02, 2.019e-07
2.395e+00, 5.000e-01, -9.850e-01, 1.182e+05, 0.000e+00, 4.748e-04, 0.000e+00, 2.147e+00, 9.983e+02, 2.038e-07
2.395e+00, 5.000e-01, -9.750e-01, 1.181e+05, 0.000e+00, 4.754e-04, 0.000e+00, 2.145e+00, 9.983e+02, 2.041e-07
2.395e+00, 5.000e-01, -9.650e-01, 1.180e+05, 0.000e+00, 4.701e-04, 0.000e+00, 2.143e+00, 9.983e+02, 2.018e-07
2.395e+00, 5.000e-01, -9.550e-01, 1.179e+05, 0.000e+00, 4.588e-04, 0.000e+00, 2.141e+00, 9.983e+02, 1.970e-07
2.395e+00, 5.000e-01, -9.450e-01, 1.178e+05, 0.000e+00, 4.432e-04, 0.000e+00, 2.140e+00, 9.983e+02, 1.902e-07
2.395e+00, 5.000e-01, -9.350e-01, 1.177e+05, 0.000e+00, 4.251e-04, 0.000e+00, 2.138e+00, 9.983e+02, 1.825e-07
2.395e+00, 5.000e-01, -9.250e-01, 1.176e+05, 0.000e+00, 4.071e-04, 0.000e+00, 2.136e+00, 9.983e+02, 1.748e-07
2.395e+00, 5.000e-01, -9.150e-01, 1.175e+05, 0.000e+00, 3.905e-04, 0.000e+00, 2.134e+00, 9.983e+02, 1.676e-07
2.395e+00, 5.000e-01, -9.050e-01, 1.174e+05, 0.000e+00, 3.741e-04, 0.000e+00, 2.132e+00, 9.983e+02, 1.606e-07
2.395e+00, 5.000e-01, -8.950e-01, 1.173e+05, 0.000e+00, 3.510e-04, 0.000e+00, 2.131e+00, 9.983e+02, 1.507e-07
2.395e+00, 5.000e-01, -8.850e-01, 1.172e+05, 0.000e+00, 3.277e-04, 0.000e+00, 2.129e+00, 9.983e+02, 1.407e-07
2.395e+00, 5.000e-01, -8.750e-01, 1.171e+05, 0.000e+00, 3.063e-04, 0.000e+00, 2.127e+00, 9.983e+02, 1.315e-07
2.395e+00, 5.000e-01, -8.650e-01, 1.170e+05, 0.000e+00, 2.817e-04, 0.000e+00, 2.125e+00, 9.983e+02, 1.209e-07
2.395e+00, 5.000e-01, -8.550e-01, 1.169e+05, 0.000e+00, 2.515e-04, 0.000e+00, 2.124e+00, 9.983e+02, 1.079e-07
2.395e+00, 5.000e-01, -8.450e-01, 1.168e+05, 0.000e+00, 2.170e-04, 0.000e+00, 2.122e+00, 9.983e+02, 9.315e-08
2.395e+00, 5.000e-01, -8.350e-01, 1.167e+05, 0.000e+00, 1.816e-04, 0.000e+00, 2.120e+00, 9.983e+02, 7.795e-08
2.395e+00, 5.000e-01, -8.250e-01, 1.166e+05, 0.000e+00, 1.477e-04, 0.000e+00, 2.118e+00, 9.983e+02, 6.342e-08
2.395e+00, 5.000e-01, -8.150e-01, 1.165e+05, 0.000e+00, 1.167e-04, 0.000e+00, 2.116e+00, 9.983e+02, 5.011e-08
2.395e+00, 5.000e-01, -8.050e-01, 1.164e+05, 0.000e+00, 8.929e-05, 0.000e+00, 2.115e+00, 9.983e+02, 3.833e-08
2.395e+00, 5.000e-01, -7.950e-01, 1.163e+05, 0.000e+00, 6.617e-05, 0.000e+00, 2.113e+00, 9.983e+02, 2.840e-08
2.395e+00, 5.000e-01, -7.850e-01, 1.162e+05, 0.000e+00, 4.905e-05, 0.000e+00, 2.111e+00, 9.983e+02, 2.106e-08
2.395e+00, 5.000e-01, -7.750e-01, 1.161e+05, 0.000e+00, 4.215e-05, 0.000e+00, 2.109e+00, 9.983e+02, 1.809e-08
2.395e+00, 5.000e-01, -7.650e-01, 1.160e+05, 0.000e+00, 5.334e-05, 0.000e+00, 2.107e+00, 9.983e+02, 2.290e-08
2.395e+00, 5.000e-01, -7.550e-01, 1.159e+05, 0.000e+00, 8.795e-05, 0.000e+00, 2.106e+00, 9.983e+02, 3.775e-08
2.395e+00, 5.000e-01, -7.450e-01, 1.158e+05, 0.000e+00, 1.261e-04, 0.000e+00, 2.104e+00, 9.983e+02, 5.415e-08
2.395e+00, 5.000e-01, -7.350e-01, 1.172e+05, 0.000e+00, 2.337e-04, 0.000e+00, 2.129e+00, 9.983e+02, 1.026e-07
2.395e+00, 5.000e-01, -7.250e-01, 1.171e+05, 0.000e+00, 2.192e-04, 0.000e+00, 2.127e+00, 9.983e+02, 9.629e-08
2.395e+00, 5.000e-01, -7.150e-01, 1.170e+05, 0.000e+00, 1.612e-04, 0.000e+00, 2.126e+00, 9.983e+02, 7.080e-08
2.395e+00, 5.000e-01, -7.050e-01, 1.169e+05, 0.000e+00, 1.097e-04, 0.000e+00, 2.124e+00, 9.983e+02, 4.819e-08
2.395e+00, 5.000e-01, -6.950e-01, 1.168e+05, 0.000e+00, 7.620e-05, 0.000e+00, 2.122e+00, 9.983e+02, 3.347e-08
2.395e+00, 5.000e-01, -6.850e-01, 1.167e+05, 0.000e+00, 6.144e-05, 0.000e+00, 2.120e+00, 9.983e+02, 2.699e-08
2.395e+00, 5.000e-01, -6.750e-01, 1.166e+05, 0.000e+00, 6.496e-05, 0.000e+00, 2.119e+00, 9.983e+02, 2.853e-08
2.395e+00, 5.000e-01, -6.650e-01, 1.165e+05, 0.000e+00, 8.607e-05, 0.000e+00, 2.117e+00, 9.983e+02, 3.781e-08
2.395e+00, 5.000e-01, -6.550e-01, 1.164e+05, 0.000e+00, 1.231e-04, 0.000e+00, 2.115e+00, 9.983e+02, 5.406e-08
2.395e+00, 5.000e-01, -6.450e-01, 1.163e+05, 0.000e+00, 1.730e-04, 0.000e+00, 2.113e+00, 9.983e+02, 7.597e-08
2.395e+00, 5.000e-01, -6.350e-01, 1.162e+05, 0.000e+00, 2.326e-04, 0.000e+00, 2.111e+00, 9.983e+02, 1.021e-07
2.395e+00, 5.000e-01, -6.250e-01, 1.161e+05, 0.000e+00, 2.996e-04, 0.000e+00, 2.110e+00, 9.983e+02, 1.316e-07
2.395e+00, 5.000e-01, -6.150e-01, 1.145e+05, 0.000e+00, 3.658e-04, 0.000e+00, 2.081e+00, 9.983e+02, 1.635e-07
2.395e+00, 5.000e-01, -6.050e-01, 1.144e+05, 0.000e+00, 3.893e-04, 0.000e+00, 2.079e+00, 9.983e+02, 1.749e-07
2.395e+00, 5.000e-01, -5.950e-01, 1.144e+05, 0.000e+00, 3.962e-04, 0.000e+00, 2.077e+00, 9.983e+02, 1.780e-07
2.395e+00, 5.000e-01, -5.850e-01, 1.143e+05, 0.000e+00, 3.950e-04, 0.000e+00, 2.075e+00, 9.983e+02, 1.775e-07
2.395e+00, 5.000e-01, -5.750e-01, 1.142e+05, 0.000e+00, 3.951e-04, 0.000e+00, 2.074e+00, 9.983e+02, 1.775e-07
2.395e+00, 5.000e-01, -5.650e-01, 1.141e+05, 0.000e+00, 4.004e-04, 0.000e+00, 2.072e+00, 9.983e+02, 1.799e-07
2.395e+00, 5.000e-01, -5.550e-01, 1.140e+05, 0.000e+00, 4.098e-04, 0.000e+00, 2.070e+00, 9.983e+02, 1.841e-07
2.395e+00, 5.000e-01, -5.450e-01, 1.139e+05, 0.000e+00, 4.203e-04, 0.000e+00, 2.068e+00, 9.983e+02, 1.888e-07
2.395e+00, 5.000e-01, -5.350e-01, 1.138e+05, 0.000e+00, 4.286e-04, 0.000e+00, 2.067e+00, 9.983e+02, 1.925e-07
2.395e+00, 5.000e-01, -5.250e-01, 1.137e+05, 0.000e+00, 4.324e-04, 0.000e+00, 2.065e+00, 9.983e+02, 1.943e-07
2.395e+00, 5.000e-01, -5.150e-01, 1.136e+05, 0.000e+00, 4.311e-04, 0.000e+00, 2.063e+00, 9.983e+02, 1.937e-07
2.395e+00, 5.000e-01, -5.050e-01, 1.135e+05, 0.000e+00, 4.251e-04, 0.000e+00, 2.061e+00, 9.983e+02, 1.840e-07
2.395e+00, 5.000e-01, -4.950e-01, 1.134e+05, 0.000e+00, 4.235e-04, 0.000e+00, 2.059e+00, 9.983e+02, 1.818e-07
2.395e+00, 5.000e-01, -4.850e-01, 1.133e+05, 0.000e+00, 4.291e-04, 0.000e+00, 2.057e+00, 9.983e+02, 1.842e-07
2.395e+00, 5.000e-01, -4.750e-01, 1.132e+05, 0.000e+00, 4.319e-04, 0.000e+00, 2.056e+00, 9.983e+02, 1.854e-07
2.395e+00, 5.000e-01, -4.650e-01, 1.131e+05, 0.000e+00, 4.218e-04, 0.000e+00, 2.054e+00, 9.983e+02, 1.811e-07
2.395e+00, 5.000e-01, -4.550e-01, 1.130e+05, 0.000e+00, 3.866e-04, 0.000e+00, 2.052e+00, 9.983e+02, 1.692e-07
2.395e+00, 5.000e-01, -4.450e-01, 1.129e+05, 0.000e+00, 3.233e-04, 0.000e+00, 2.050e+00, 9.983e+02, 1.452e-07
2.395e+00, 5.000e-01, -4.350e-01, 1.128e+05, 0.000e+00, 3.005e-04, 0.000e+00, 2.048e+00, 9.983e+02, 1.298e-07
2.395e+00, 5.000e-01, -4.250e-01, 1.127e+05, 0.000e+00, 3.142e-04, 0.000e+00, 2.047e+00, 9.983e+02, 1.349e-07
2.395e+00, 5.000e-01, -4.150e-01, 1.126e+05, 0.000e+00, 3.265e-04, 0.000e+00, 2.045e+00, 9.983e+02, 1.402e-07
2.395e+00, 5.000e-01, -4.050e-01, 1.125e+05, 0.000e+00, 3.208e-04, 0.000e+00, 2.043e+00, 9.983e+02, 1.377e-07
2.395e+00, 5.000e-01, -3.950e-01, 1.124e+05, 0.000e+00, 2.968e-04, 0.000e+00, 2.041e+00, 9.983e+02, 1.274e-07
2.395e+00, 5.000e-01, -3.850e-01, 1.123e+05, 0.000e+00, 2.733e-04, 0.000e+00, 2.039e+00, 9.983e+02, 1.173e-07
2.395e+00, 5.000e-01, -3.750e-01, 1.122e+05, 0.000e+00, 2.744e-04, 0.000e+00, 2.038e+00, 9.983e+02, 1.216e-07
2.395e+00, 5.000e-01, -3.650e-01, 1.121e+05, 0.000e+00, 2.753e-04, 0.000e+00, 2.036e+00, 9.983e+02, 1.237e-07
2.395e+00, 5.000e-01, -3.550e-01, 1.120e+05, 0.000e+00, 2.861e-04, 0.000e+00, 2.034e+00, 9.983e+02, 1.285e-07
2.395e+00, 5.000e-01, -3.450e-01, 1.119e+05, 0.000e+00, 3.151e-04, 0.000e+00, 2.033e+00, 9.983e+02, 1.415e-07
2.395e+00, 5.000e-01, -3.350e-01, 1.118e+05, 0.000e+00, 3.545e-04, 0.000e+00, 2.031e+00, 9.983e+02, 1.593e-07
2.395e+00, 5.000e-01, -3.250e-01, 1.117e+05, 0.000e+00, 3.892e-04, 0.000e+00, 2.029e+00, 9.983e+02, 1.749e-07
2.395e+00, 5.000e-01, -3.150e-01, 1.116e+05, 0.000e+00, 4.152e-04, 0.000e+00, 2.027e+00, 9.983e+02, 1.865e-07
2.395e+00, 5.000e-01, -3.050e-01, 1.115e+05, 0.000e+00, 4.390e-04, 0.000e+00, 2.025e+00, 9.983e+02, 1.972e-07
2.395e+00, 5.000e-01, -2.950e-01, 1.114e+05, 0.000e+00, 4.649e-04, 0.000e+00, 2.024e+00, 9.983e+02, 2.084e-07
2.395e+00, 5.000e-01, -2.850e-01, 1.114e+05, 0.000e+00, 4.783e-04, 0.000e+00, 2.023e+00, 9.983e+02, 2.101e-07
2.395e+00, 5.000e-01, -2.750e-01, 1.113e+05, 0.000e+00, 4.786e-04, 0.000e+00, 2.021e+00, 9.983e+02, 2.102e-07
2.395e+00, 5.000e-01, -2.650e-01, 1.112e+05, 0.000e+00, 4.756e-04, 0.000e+00, 2.020e+00, 9.983e+02, 2.089e-07
2.395e+00, 5.000e-01, -2.550e-01, 1.111e+05, 0.000e+00, 4.688e-04, 0.000e+00, 2.018e+00, 9.983e+02, 2.059e-07
2.395e+00, 5.000e-01, -2.450e-01, 1.110e+05, 0.000e+00, 4.546e-04, 0.000e+00, 2.016e+00, 9.983e+02, 1.997e-07
2.395e+00, 5.000e-01, -2.350e-01, 1.109e+05, 0.000e+00, 4.280e-04, 0.000e+00, 2.014e+00, 9.983e+02, 1.880e-07
2.395e+00, 5.000e-01, -2.250e-01, 1.108e+05, 0.000e+00, 3.820e-04, 0.000e+00, 2.012e+00, 9.983e+02, 1.678e-07
2.395e+00, 5.000e-01, -2.150e-01, 1.107e+05, 0.000e+00, 3.079e-04, 0.000e+00, 2.011e+00, 9.983e+02, 1.352e-07
2.395e+00, 5.000e-01, -2.050e-01, 1.108e+05, 0.000e+00, 2.007e-04, 0.000e+00, 2.012e+00, 9.983e+02, 8.692e-08
2.395e+00, 5.000e-01, -1.950e-01, 1.107e+05, 0.000e+00, 1.338e-04, 0.000e+00, 2.011e+00, 9.983e+02, 5.745e-08
2.395e+00, 5.000e-01, -1.850e-01, 1.106e+05, 0.000e+00, 9.935e-05, 0.000e+00, 2.009e+00, 9.983e+02, 4.265e-08
2.395e+00, 5.000e-01, -1.750e-01, 1.105e+05, 0.000e+00, 9.414e-05, 0.000e+00, 2.007e+00, 9.983e+02, 4.041e-08
2.395e+00, 5.000e-01, -1.650e-01, 1.104e+05, 0.000e+00, 1.326e-04, 0.000e+00, 2.005e+00, 9.983e+02, 5.692e-08
2.395e+00, 5.000e-01, -1.550e-01, 1.103e+05, 0.000e+00, 2.303e-04, 0.000e+00, 2.004e+00, 9.983e+02, 9.886e-08
2.395e+00, 5.000e-01, -1.450e-01, 1.102e+05, 0.000e+00, 3.407e-04, 0.000e+00, 2.002e+00, 9.983e+02, 1.463e-07
2.395e+00, 5.000e-01, -1.350e-01, 1.101e+05, 0.000e+00, 3.723e-04, 0.000e+00, 2.000e+00, 9.983e+02, 1.610e-07
2.395e+00, 5.000e-01, -1.250e-01, 1.112e+05, 0.000e+00, 3.184e-04, 0.000e+00, 2.020e+00, 9.983e+02, 1.399e-07
2.395e+00, 5.000e-01, -1.150e-01, 1.111e+05, 0.000e+00, 2.248e-04, 0.000e+00, 2.018e+00, 9.983e+02, 9.875e-08
2.395e+00, 5.000e-01, -1.050e-01, 1.110e+05, 0.000e+00, 1.370e-04, 0.000e+00, 2.017e+00, 9.983e+02, 6.018e-08
2.395e+00, 5.000e-01, -9.500e-02, 1.109e+05, 0.000e+00, 7.502e-05, 0.000e+00, 2.015e+00, 9.983e+02, 3.295e-08
2.395e+00, 5.000e-01, -8.500e-02, 1.108e+05, 0.000e+00, 3.816e-05, 0.000e+00, 2.013e+00, 9.983e+02, 1.676e-08
2.395e+00, 5.000e-01, -7.500e-02, 1.107e+05, 0.000e+00, 1.847e-05, 0.000e+00, 2.011e+00, 9.983e+02, 8.111e-09
2.395e+00, 5.000e-01, -6.500e-02, 1.106e+05, 0.000e+00, 8.618e-06, 0.000e+00, 2.009e+00, 9.983e+02, 3.785e-09
2.395e+00, 5.000e-01, -5.500e-02, 1.105e+05, 0.000e+00, 3.896e-06, 0.000e+00, 2.008e+00, 9.983e+02, 1.711e-09
2.395e+00, 5.000e-01, -4.500e-02, 1.104e+05, 0.000e+00, 1.705e-06, 0.000e+00, 2.006e+00, 9.983e+02, 7.489e-10
2.395e+00, 5.000e-01, -3.500e-02, 1.103e+05, 0.000e+00, 7.208e-07, 0.000e+00, 2.004e+00, 9.983e+02, 3.166e-10
2.395e+00, 5.000e-01, -2.500e-02, 1.102e+05, 0.000e+00, 2.951e-07, 0.000e+00, 2.002e+00, 9.983e+02, 1.296e-10
2.395e+00, 5.000e-01, -1.500e-02, 1.101e+05, 0.000e+00, 1.196e-07, 0.000e+00, 2.000e+00, 9.983e+02, 5.255e-11
2.395e+00, 5.000e-01, -5.000e-03, 1.100e+05, 0.000e+00, 5.293e-08, 0.000e+00, 1.999e+00, 9.983e+02, 2.325e-11
2.405e+00, 5.000e-01, -1.195e+00, 1.202e+05, 0.000e+00, 1.002e-13, 0.000e+00, 2.184e+00, 9.983e+02, 2.000e-17
2.405e+00, 5.000e-01, -1.185e+00, 1.201e+05, 0.000e+00, 1.002e-13, 0.000e+00, 2.182e+00, 9.983e+02, 2.000e-17
2.405e+00, 5.000e-01, -1.175e+00, 1.200e+05, 0.000e+00, 1.002e-13, 0.000e+00, 2.181e+00, 9.983e+02, 2.000e-17
2.405e+00, 5.000e-01, -1.165e+00, 1.199e+05, 0.000e+00, 1.002e-13, 0.000e+00, 2.179e+00, 9.983e+02, 2.000e-17
2.405e+00, 5.000e-01, -1.155e+00, 1.198e+05, 0.000e+00, 1.002e-13, 0.000e+00, 2.177e+00, 9.983e+02, 2.000e-17
2.405e+00, 5.000e-01, -1.145e+00, 1.197e+05, 0.000e+00, 1.002e-13, 0.000e+00, 2.175e+00, 9.983e+02, 2.000e-17
2.405e+00, 5.000e-01, -1.135e+00, 1.196e+05, 0.000e+00, 1.002e-13, 0.000e+00, 2.173e+00, 9.983e+02, 2.000e-17
2.405e+00, 5.000e-01, -1.125e+00, 1.195e+05, 0.000e+00, 1.002e-13, 0.000e+00, 2.172e+00, 9.983e+02, 2.000e-17
2.405e+00, 5.000e-01, -1.115e+00, 1.194e+05, 0.000e+00, 3.981e-10, 0.000e+00, 2.170e+00, 9.983e+02, 1.692e-13
2.405e+00, 5.000e-01, -1.105e+00, 1.193e+05, 0.000e+00, 4.076e-04, 0.000e+00, 2.168e+00, 9.983e+02, 1.750e-07
2.405e+00, 5.000e-01, -1.095e+00, 1.192e+05, 0.000e+00, 4.167e-04, 0.000e+00, 2.167e+00, 9.983e+02, 1.789e-07
2.405e+00, 5.000e-01, -1.085e+00, 1.191e+05, 0.000e+00, 4.238e-04, 0.000e+00, 2.165e+00, 9.983e+02, 1.819e-07
2.405e+00, 5.000e-01, -1.075e+00, 1.190e+05, 0.000e+00, 4.295e-04, 0.000e+00, 2.163e+00, 9.983e+02, 1.844e-07
2.405e+00, 5.000e-01, -1.065e+00, 1.189e+05, 0.000e+00, 4.378e-04, 0.000e+00, 2.161e+00, 9.983e+02, 1.880e-07
2.405e+00, 5.000e-01, -1.055e+00, 1.188e+05, 0.000e+00, 4.494e-04, 0.000e+00, 2.159e+00, 9.983e+02, 1.929e-07
2.405e+00, 5.000e-01, -1.045e+00, 1.187e+05, 0.000e+00, 4.604e-04, 0.000e+00, 2.158e+00, 9.983e+02, 1.976e-07
2.405e+00, 5.000e-01, -1.035e+00, 1.186e+05, 0.000e+00, 4.671e-04, 0.000e+00, 2.156e+00, 9.983e+02, 2.005e-07
2.405e+00, 5.000e-01, -1.025e+00, 1.185e+05, 0.000e+00, 4.691e-04, 0.000e+00, 2.154e+00, 9.983e+02, 2.014e-07
2.405e+00, 5.000e-01, -1.015e+00, 1.185e+05, 0.000e+00, 4.683e-04, 0.000e+00, 2.152e+00, 9.983e+02, 2.011e-07
2.405e+00, 5.000e-01, -1.005e+00, 1.184e+05, 0.000e+00, 4.676e-04, 0.000e+00, 2.150e+00, 9.983e+02, 2.007e-07
2.405e+00, 5.000e-01, -9.950e-01, 1.183e+05, 0.000e+00, 4.684e-04, 0.000e+00, 2.149e+00, 9.983e+02, 2.011e-07
2.405e+00, 5.000e-01, -9.850e-01, 1.182e+05, 0.000e+00, 4.693e-04, 0.000e+00, 2.147e+00, 9.983e+02, 2.015e-07
2.405e+00, 5.000e-01, -9.750e-01, 1.181e+05, 0.000e+00, 4.674e-04, 0.000e+00, 2.145e+00, 9.983e+02, 2.006e-07
2.405e+00, 5.000e-01, -9.650e-01, 1.180e+05, 0.000e+00, 4.605e-04, 0.000e+00, 2.143e+00, 9.983e+02, 1.977e-07
2.405e+00, 5.000e-01, -9.550e-01, 1.179e+05, 0.000e+00, 4.487e-04, 0.000e+00, 2.141e+00, 9.983e+02, 1.926e-07
2.405e+00, 5.000e-01, -9.450e-01, 1.178e+05, 0.000e+00, 4.333e-04, 0.000e+00, 2.140e+00, 9.983e+02, 1.860e-07
2.405e+00, 5.000e-01, -9.350e-01, 1.177e+05, 0.000e+00, 4.163e-04, 0.000e+00, 2.138e+00, 9.983e+02, 1.787e-07
2.405e+00, 5.000e-01, -9.250e-01, 1.176e+05, 0.000e+00, 3.993e-04, 0.000e+00, 2.136e+00, 9.983e+02, 1.714e-07
2.405e+00, 5.000e-01, -9.150e-01, 1.175e+05, 0.000e+00, 3.823e-04, 0.000e+00, 2.134e+00, 9.983e+02, 1.641e-07
2.405e+00, 5.000e-01, -9.050e-01, 1.174e+05, 0.000e+00, 3.607e-04, 0.000e+00, 2.132e+00, 9.983e+02, 1.549e-07
2.405e+00, 5.000e-01, -8.950e-01, 1.173e+05, 0.000e+00, 3.356e-04, 0.000e+00, 2.131e+00, 9.983e+02, 1.441e-07
2.405e+00, 5.000e-01, -8.850e-01, 1.172e+05, 0.000e+00, 3.149e-04, 0.000e+00, 2.129e+00, 9.983e+02, 1.352e-07
2.405e+00, 5.000e-01, -8.750e-01, 1.171e+05, 0.000e+00, 2.943e-04, 0.000e+00, 2.127e+00, 9.983e+02, 1.263e-07
2.405e+00, 5.000e-01, -8.650e-01, 1.170e+05, 0.000e+00, 2.690e-04, 0.000e+00, 2.125e+00, 9.983e+02, 1.155e-07
2.405e+00, 5.000e-01, -8.550e-01, 1.169e+05, 0.000e+00, 2.376e-04, 0.000e+00, 2.124e+00, 9.983e+02, 1.020e-07
2.405e+00, 5.000e-01, -8.450e-01, 1.168e+05, 0.000e+00, 2.030e-04, 0.000e+00, 2.122e+00, 9.983e+02, 8.713e-08
2.405e+00, 5.000e-01, -8.350e-01, 1.167e+05, 0.000e+00, 1.684e-04, 0.000e+00, 2.120e+00, 9.983e+02, 7.228e-08
2.405e+00, 5.000e-01, -8.250e-01, 1.166e+05, 0.000e+00, 1.358e-04, 0.000e+00, 2.118e+00, 9.983e+02, 5.831e-08
2.405e+00, 5.000e-01, -8.150e-01, 1.165e+05, 0.000e+00, 1.064e-04, 0.000e+00, 2.116e+00, 9.983e+02, 4.566e-08
2.405e+00, 5.000e-01, -8.050e-01, 1.164e+05, 0.000e+00, 8.056e-05, 0.000e+00, 2.115e+00, 9.983e+02, 3.458e-08
2.405e+00, 5.000e-01, -7.950e-01, 1.163e+05, 0.000e+00, 5.913e-05, 0.000e+00, 2.113e+00, 9.983e+02, 2.538e-08
2.405e+00, 5.000e-01, -7.850e-01, 1.162e+05, 0.000e+00, 4.392e-05, 0.000e+00, 2.111e+00, 9.983e+02, 1.885e-08
2.405e+00, 5.000e-01, -7.750e-01, 1.161e+05, 0.000e+00, 3.957e-05, 0.000e+00, 2.109e+00, 9.983e+02, 1.699e-08
2.405e+00, 5.000e-01, -7.650e-01, 1.160e+05, 0.000e+00, 5.478e-05, 0.000e+00, 2.107e+00, 9.983e+02, 2.351e-08
2.405e+00, 5.000e-01, -7.550e-01, 1.159e+05, 0.000e+00, 9.551e-05, 0.000e+00, 2.106e+00, 9.983e+02, 4.100e-08
2.405e+00, 5.000e-01, -7.450e-01, 1.158e+05, 0.000e+00, 1.399e-04, 0.000e+00, 2.104e+00, 9.983e+02, 6.042e-08
2.405e+00, 5.000e-01, -7.350e-01, 1.172e+05, 0.000e+00, 2.128e-04, 0.000e+00, 2.129e+00, 9.983e+02, 9.349e-08
2.405e+00, 5.000e-01, -7.250e-01, 1.171e+05, 0.000e+00, 1.916e-04, 0.000e+00, 2.127e+00, 9.983e+02, 8.414e-08
2.405e+00, 5.000e-01, -7.150e-01, 1.170e+05, 0.000e+00, 1.404e-04, 0.000e+00, 2.126e+00, 9.983e+02, 6.167e-08
2.405e+00, 5.000e-01, -7.050e-01, 1.169e+05, 0.000e+00, 9.573e-05, 0.000e+00, 2.124e+00, 9.983e+02, 4.205e-08
2.405e+00, 5.000e-01, -6.950e-01, 1.168e+05, 0.000e+00, 6.772e-05, 0.000e+00, 2.122e+00, 9.983e+02, 2.975e-08
2.405e+00, 5.000e-01, -6.850e-01, 1.167e+05, 0.000e+00, 5.781e-05, 0.000e+00, 2.120e+00, 9.983e+02, 2.539e-08
2.405e+00, 5.000e-01, -6.750e-01, 1.166e+05, 0.000e+00, 6.585e-05, 0.000e+00, 2.119e+00, 9.983e+02, 2.893e-08
2.405e+00, 5.000e-01, -6.650e-01, 1.165e+05, 0.000e+00, 9.111e-05, 0.000e+00, 2.117e+00, 9.983e+02, 4.002e-08
2.405e+00, 5.000e-01, -6.550e-01, 1.164e+05, 0.000e+00, 1.313e-04, 0.000e+00, 2.115e+00, 9.983e+02, 5.767e-08
2.405e+00, 5.000e-01, -6.450e-01, 1.163e+05, 0.000e+00, 1.822e-04, 0.000e+00, 2.113e+00, 9.983e+02, 8.003e-08
2.405e+00, 5.000e-01, -6.350e-01, 1.162e+05, 0.000e+00, 2.397e-04, 0.000e+00, 2.111e+00, 9.983e+02, 1.053e-07
2.405e+00, 5.000e-01, -6.250e-01, 1.161e+05, 0.000e+00, 3.033e-04, 0.000e+00, 2.110e+00, 9.983e+02, 1.332e-07
2.405e+00, 5.000e-01, -6.150e-01, 1.145e+05, 0.000e+00, 3.691e-04, 0.000e+00, 2.081e+00, 9.983e+02, 1.656e-07
2.405e+00, 5.000e-01, -6.050e-01, 1.144e+05, 0.000e+00, 3.902e-04, 0.000e+00, 2.079e+00, 9.983e+02, 1.753e-07
2.405e+00, 5.000e-01, -5.950e-01, 1.144e+05, 0.000e+00, 3.951e-04, 0.000e+00, 2.077e+00, 9.983e+02, 1.775e-07
2.405e+00, 5.000e-01, -5.850e-01, 1.143e+05, 0.000e+00, 3.929e-04, 0.000e+00, 2.075e+00, 9.983e+02, 1.765e-07
2.405e+00, 5.000e-01, -5.750e-01, 1.142e+05, 0.000e+00, 3.925e-04, 0.000e+00, 2.074e+00, 9.983e+02, 1.763e-07
2.405e+00, 5.000e-01, -5.650e-01, 1.141e+05, 0.000e+00, 3.976e-04, 0.000e+00, 2.072e+00, 9.983e+02, 1.786e-07
2.405e+00, 5.000e-01, -5.550e-01, 1.140e+05, 0.000e+00, 4.075e-04, 0.000e+00, 2.070e+00, 9.983e+02, 1.831e-07
2.405e+00, 5.000e-01, -5.450e-01, 1.139e+05, 0.000e+00, 4.190e-04, 0.000e+00, 2.068e+00, 9.983e+02, 1.882e-07
2.405e+00, 5.000e-01, -5.350e-01, 1.138e+05, 0.000e+00, 4.288e-04, 0.000e+00, 2.067e+00, 9.983e+02, 1.926e-07
2.405e+00, 5.000e-01, -5.250e-01, 1.137e+05, 0.000e+00, 4.345e-04, 0.000e+00, 2.065e+00, 9.983e+02, 1.952e-07
2.405e+00, 5.000e-01, -5.150e-01, 1.136e+05, 0.000e+00, 4.349e-04, 0.000e+00, 2.063e+00, 9.983e+02, 1.952e-07
2.405e+00, 5.000e-01, -5.050e-01, 1.135e+05, 0.000e+00, 4.305e-04, 0.000e+00, 2.061e+00, 9.983e+02, 1.850e-07
2.405e+00, 5.000e-01, -4.950e-01, 1.134e+05, 0.000e+00, 4.281e-04, 0.000e+00, 2.059e+00, 9.983e+02, 1.838e-07
2.405e+00, 5.000e-01, -4.850e-01, 1.133e+05, 0.000e+00, 4.276e-04, 0.000e+00, 2.057e+00, 9.983e+02, 1.836e-07
2.405e+00, 5.000e-01, -4.750e-01, 1.132e+05, 0.000e+00, 4.211e-04, 0.000e+00, 2.056e+00, 9.983e+02, 1.808e-07
2.405e+00, 5.000e-01, -4.650e-01, 1.131e+05, 0.000e+00, 4.000e-04, 0.000e+00, 2.054e+00, 9.983e+02, 1.717e-07
2.405e+00, 5.000e-01, -4.550e-01, 1.130e+05, 0.000e+00, 3.507e-04, 0.000e+00, 2.052e+00, 9.983e+02, 1.544e-07
2.405e+00, 5.000e-01, -4.450e-01, 1.129e+05, 0.000e+00, 3.038e-04, 0.000e+00, 2.050e+00, 9.983e+02, 1.364e-07
2.405e+00, 5.000e-01, -4.350e-01, 1.128e+05, 0.000e+00, 3.073e-04, 0.000e+00, 2.048e+00, 9.983e+02, 1.321e-07
2.405e+00, 5.000e-01, -4.250e-01, 1.127e+05, 0.000e+00, 3.199e-04, 0.000e+00, 2.047e+00, 9.983e+02, 1.373e-07
2.405e+00, 5.000e-01, -4.150e-01, 1.126e+05, 0.000e+00, 3.202e-04, 0.000e+00, 2.045e+00, 9.983e+02, 1.374e-07
2.405e+00, 5.000e-01, -4.050e-01, 1.125e+05, 0.000e+00, 3.013e-04, 0.000e+00, 2.043e+00, 9.983e+02, 1.293e-07
2.405e+00, 5.000e-01, -3.950e-01, 1.124e+05, 0.000e+00, 2.676e-04, 0.000e+00, 2.041e+00, 9.983e+02, 1.149e-07
2.405e+00, 5.000e-01, -3.850e-01, 1.123e+05, 0.000e+00, 2.434e-04, 0.000e+00, 2.039e+00, 9.983e+02, 1.045e-07
2.405e+00, 5.000e-01, -3.750e-01, 1.122e+05, 0.000e+00, 2.452e-04, 0.000e+00, 2.038e+00, 9.983e+02, 1.094e-07
2.405e+00, 5.000e-01, -3.650e-01, 1.121e+05, 0.000e+00, 2.446e-04, 0.000e+00, 2.036e+00, 9.983e+02, 1.099e-07
2.405e+00, 5.000e-01, -3.550e-01, 1.120e+05, 0.000e+00, 2.557e-04, 0.000e+00, 2.034e+00, 9.983e+02, 1.149e-07
2.405e+00, 5.000e-01, -3.450e-01, 1.119e+05, 0.000e+00, 2.872e-04, 0.000e+00, 2.033e+00, 9.983e+02, 1.290e-07
2.405e+00, 5.000e-01, -3.350e-01, 1.118e+05, 0.000e+00, 3.294e-04, 0.000e+00, 2.031e+00, 9.983e+02, 1.480e-07
2.405e+00, 5.000e-01, -3.250e-01, 1.117e+05, 0.000e+00, 3.636e-04, 0.000e+00, 2.029e+00, 9.983e+02, 1.633e-07
2.405e+00, 5.000e-01, -3.150e-01, 1.116e+05, 0.000e+00, 3.879e-04, 0.000e+00, 2.027e+00, 9.983e+02, 1.743e-07
2.405e+00, 5.000e-01, -3.050e-01, 1.115e+05, 0.000e+00, 4.134e-04, 0.000e+00, 2.025e+00, 9.983e+02, 1.857e-07
2.405e+00, 5.000e-01, -2.950e-01, 1.114e+05, 0.000e+00, 4.484e-04, 0.000e+00, 2.024e+00, 9.983e+02, 2.004e-07
2.405e+00, 5.000e-01, -2.850e-01, 1.114e+05, 0.000e+00, 4.681e-04, 0.000e+00, 2.023e+00, 9.983e+02, 2.056e-07
2.405e+00, 5.000e-01, -2.750e-01, 1.113e+05, 0.000e+00, 4.733e-04, 0.000e+00, 2.021e+00, 9.983e+02, 2.079e-07
2.405e+00, 5.000e-01, -2.650e-01, 1.112e+05, 0.000e+00, 4.767e-04, 0.000e+00, 2.020e+00, 9.983e+02, 2.094e-07
2.405e+00, 5.000e-01, -2.550e-01, 1.111e+05, 0.000e+00, 4.782e-04, 0.000e+00, 2.018e+00, 9.983e+02, 2.101e-07
2.405e+00, 5.000e-01, -2.450e-01, 1.110e+05, 0.000e+00, 4.742e-04, 0.000e+00, 2.016e+00, 9.983e+02, 2.083e-07
2.405e+00, 5.000e-01, -2.350e-01, 1.109e+05, 0.000e+00, 4.591e-04, 0.000e+00, 2.014e+00, 9.983e+02, 2.017e-07
2.405e+00, 5.000e-01, -2.250e-01, 1.108e+05, 0.000e+00, 4.252e-04, 0.000e+00, 2.012e+00, 9.983e+02, 1.868e-07
2.405e+00, 5.000e-01, -2.150e-01, 1.107e+05, 0.000e+00, 3.617e-04, 0.000e+00, 2.011e+00, 9.983e+02, 1.589e-07
2.405e+00, 5.000e-01, -2.050e-01, 1.108e+05, 0.000e+00, 2.484e-04, 0.000e+00, 2.012e+00, 9.983e+02, 1.073e-07
2.405e+00, 5.000e-01, -1.950e-01, 1.107e+05, 0.000e+00, 1.749e-04, 0.000e+00, 2.011e+00, 9.983e+02, 7.509e-08
2.405e+00, 5.000e-01, -1.850e-01, 1.106e+05, 0.000e+00, 1.331e-04, 0.000e+00, 2.009e+00, 9.983e+02, 5.712e-08
2.405e+00, 5.000e-01, -1.750e-01, 1.105e+05, 0.000e+00, 1.234e-04, 0.000e+00, 2.007e+00, 9.983e+02, 5.298e-08
2.405e+00, 5.000e-01, -1.650e-01, 1.104e+05, 0.000e+00, 1.636e-04, 0.000e+00, 2.005e+00, 9.983e+02, 7.025e-08
2.405e+00, 5.000e-01, -1.550e-01, 1.103e+05, 0.000e+00, 2.642e-04, 0.000e+00, 2.004e+00, 9.983e+02, 1.134e-07
2.405e+00, 5.000e-01, -1.450e-01, 1.102e+05, 0.000e+00, 3.619e-04, 0.000e+00, 2.002e+00, 9.983e+02, 1.554e-07
2.405e+00, 5.000e-01, -1.350e-01, 1.101e+05, 0.000e+00, 3.768e-04, 0.000e+00, 2.000e+00, 9.983e+02, 1.632e-07
2.405e+00, 5.000e-01, -1.250e-01, 1.112e+05, 0.000e+00, 3.120e-04, 0.000e+00, 2.020e+00, 9.983e+02, 1.371e-07
2.405e+00, 5.000e-01, -1.150e-01, 1.111e+05, 0.000e+00, 2.160e-04, 0.000e+00, 2.018e+00, 9.983e+02, 9.487e-08
2.405e+00, 5.000e-01, -1.050e-01, 1.110e+05, 0.000e+00, 1.302e-04, 0.000e+00, 2.017e+00, 9.983e+02, 5.719e-08
2.405e+00, 5.000e-01, -9.500e-02, 1.109e+05, 0.000e+00, 7.102e-05, 0.000e+00, 2.015e+00, 9.983e+02, 3.119e-08
2.405e+00, 5.000e-01, -8.500e-02, 1.108e+05, 0.000e+00, 3.616e-05, 0.000e+00, 2.013e+00, 9.983e+02, 1.588e-08
2.405e+00, 5.000e-01, -7.500e-02, 1.107e+05, 0.000e+00, 1.756e-05, 0.000e+00, 2.011e+00, 9.983e+02, 7.714e-09
2.405e+00, 5.000e-01, -6.500e-02, 1.106e+05, 0.000e+00, 8.235e-06, 0.000e+00, 2.009e+00, 9.983e+02, 3.617e-09
2.405e+00, 5.000e-01, -5.500e-02, 1.105e+05, 0.000e+00, 3.739e-06, 0.000e+00, 2.008e+00, 9.983e+02, 1.642e-09
2.405e+00, 5.000e-01, -4.500e-02, 1.104e+05, 0.000e+00, 1.642e-06, 0.000e+00, 2.006e+00, 9.983e+02, 7.213e-10
2.405e+00, 5.000e-01, -3.500e-02, 1.103e+05, 0.000e+00, 6.960e-07, 0.000e+00, 2.004e+00, 9.983e+02, 3.057e-10
2.405e+00, 5.000e-01, -2.500e-02, 1.102e+05, 0.000e+00, 2.854e-07, 0.000e+00, 2.002e+00, 9.983e+02, 1.254e-10
2.405e+00, 5.000e-01, -1.500e-02, 1.101e+05, 0.000e+00, 1.158e-07, 0.000e+00, 2.000e+00, 9.983e+02, 5.088e-11
2.405e+00, 5.000e-01, -5.000e-03, 1.100e+05, 0.000e+00, 5.139e-08, 0.000e+00, 1.999e+00, 9.983e+02, 2.257e-11
2.415e+00, 5.000e-01, -1.195e+00, 1.202e+05, 0.000e+00, 1.002e-13, 0.000e+00, 2.184e+00, 9.983e+02, 2.000e-17
2.415e+00, 5.000e-01, -1.185e+00, 1.201e+05, 0.000e+00, 1.002e-13, 0.000e+00, 2.182e+00, 9.983e+02, 2.000e-17
2.415e+00, 5.000e-01, -1.175e+00, 1.200e+05, 0.000e+00, 1.002e-13, 0.000e+00, 2.181e+00, 9.983e+02, 2.000e-17
2.415e+00, 5.000e-01, -1.165e+00, 1.199e+05, 0.000e+00, 1.002e-13, 0.000e+00, 2.179e+00, 9.983e+02, 2.000e-17
2.415e+00, 5.000e-01, -1.155e+00, 1.198e+05, 0.000e+00, 1.002e-13, 0.000e+00, 2.177e+00, 9.983e+02, 2.000e-17
2.415e+00, 5.000e-01, -1.145e+00, 1.197e+05, 0.000e+00, 1.002e-13, 0.000e+00, 2.175e+00, 9.983e+02, 2.000e-17
2.415e+00, 5.000e-01, -1.135e+00, 1.196e+05, 0.000e+00, 1.002e-13, 0.000e+00, 2.173e+00, 9.983e+02, 2.000e-17
2.415e+00, 5.000e-01, -1.125e+00, 1.195e+05, 0.000e+00, 1.002e-13, 0.000e+00, 2.172e+00, 9.983e+02, 2.000e-17
2.415e+00, 5.000e-01, -1.115e+00, 1.194e+05, 0.000e+00, 1.554e-09, 0.000e+00, 2.170e+00, 9.983e+02, 5.045e-13
2.415e+00, 5.000e-01, -1.105e+00, 1.193e+05, 0.000e+00, 4.050e-04, 0.000e+00, 2.168e+00, 9.983e+02, 1.739e-07
2.415e+00, 5.000e-01, -1.095e+00, 1.192e+05, 0.000e+00, 4.139e-04, 0.000e+00, 2.167e+00, 9.983e+02, 1.777e-07
2.415e+00, 5.000e-01, -1.085e+00, 1.191e+05, 0.000e+00, 4.216e-04, 0.000e+00, 2.165e+00, 9.983e+02, 1.810e-07
2.415e+00, 5.000e-01, -1.075e+00, 1.190e+05, 0.000e+00, 4.293e-04, 0.000e+00, 2.163e+00, 9.983e+02, 1.843e-07
2.415e+00, 5.000e-01, -1.065e+00, 1.189e+05, 0.000e+00, 4.406e-04, 0.000e+00, 2.161e+00, 9.983e+02, 1.891e-07
2.415e+00, 5.000e-01, -1.055e+00, 1.188e+05, 0.000e+00, 4.544e-04, 0.000e+00, 2.159e+00, 9.983e+02, 1.951e-07
2.415e+00, 5.000e-01, -1.045e+00, 1.187e+05, 0.000e+00, 4.662e-04, 0.000e+00, 2.158e+00, 9.983e+02, 2.001e-07
2.415e+00, 5.000e-01, -1.035e+00, 1.186e+05, 0.000e+00, 4.726e-04, 0.000e+00, 2.156e+00, 9.983e+02, 2.029e-07
2.415e+00, 5.000e-01, -1.025e+00, 1.185e+05, 0.000e+00, 4.738e-04, 0.000e+00, 2.154e+00, 9.983e+02, 2.034e-07
2.415e+00, 5.000e-01, -1.015e+00, 1.185e+05, 0.000e+00, 4.718e-04, 0.000e+00, 2.152e+00, 9.983e+02, 2.025e-07
2.415e+00, 5.000e-01, -1.005e+00, 1.184e+05, 0.000e+00, 4.691e-04, 0.000e+00, 2.150e+00, 9.983e+02, 2.014e-07
2.415e+00, 5.000e-01, -9.950e-01, 1.183e+05, 0.000e+00, 4.671e-04, 0.000e+00, 2.149e+00, 9.983e+02, 2.005e-07
2.415e+00, 5.000e-01, -9.850e-01, 1.182e+05, 0.000e+00, 4.648e-04, 0.000e+00, 2.147e+00, 9.983e+02, 1.995e-07
2.415e+00, 5.000e-01, -9.750e-01, 1.181e+05, 0.000e+00, 4.602e-04, 0.000e+00, 2.145e+00, 9.983e+02, 1.976e-07
2.415e+00, 5.000e-01, -9.650e-01, 1.180e+05, 0.000e+00, 4.517e-04, 0.000e+00, 2.143e+00, 9.983e+02, 1.939e-07
2.415e+00, 5.000e-01, -9.550e-01, 1.179e+05, 0.000e+00, 4.394e-04, 0.000e+00, 2.141e+00, 9.983e+02, 1.886e-07
2.415e+00, 5.000e-01, -9.450e-01, 1.178e+05, 0.000e+00, 4.243e-04, 0.000e+00, 2.140e+00, 9.983e+02, 1.822e-07
2.415e+00, 5.000e-01, -9.350e-01, 1.177e+05, 0.000e+00, 4.079e-04, 0.000e+00, 2.138e+00, 9.983e+02, 1.751e-07
2.415e+00, 5.000e-01, -9.250e-01, 1.176e+05, 0.000e+00, 3.909e-04, 0.000e+00, 2.136e+00, 9.983e+02, 1.678e-07
2.415e+00, 5.000e-01, -9.150e-01, 1.175e+05, 0.000e+00, 3.701e-04, 0.000e+00, 2.134e+00, 9.983e+02, 1.589e-07
2.415e+00, 5.000e-01, -9.050e-01, 1.174e+05, 0.000e+00, 3.446e-04, 0.000e+00, 2.132e+00, 9.983e+02, 1.479e-07
2.415e+00, 5.000e-01, -8.950e-01, 1.173e+05, 0.000e+00, 3.227e-04, 0.000e+00, 2.131e+00, 9.983e+02, 1.385e-07
2.415e+00, 5.000e-01, -8.850e-01, 1.172e+05, 0.000e+00, 3.040e-04, 0.000e+00, 2.129e+00, 9.983e+02, 1.305e-07
2.415e+00, 5.000e-01, -8.750e-01, 1.171e+05, 0.000e+00, 2.832e-04, 0.000e+00, 2.127e+00, 9.983e+02, 1.216e-07
2.415e+00, 5.000e-01, -8.650e-01, 1.170e+05, 0.000e+00, 2.562e-04, 0.000e+00, 2.125e+00, 9.983e+02, 1.100e-07
2.415e+00, 5.000e-01, -8.550e-01, 1.169e+05, 0.000e+00, 2.238e-04, 0.000e+00, 2.124e+00, 9.983e+02, 9.607e-08
2.415e+00, 5.000e-01, -8.450e-01, 1.168e+05, 0.000e+00, 1.894e-04, 0.000e+00, 2.122e+00, 9.983e+02, 8.132e-08
2.415e+00, 5.000e-01, -8.350e-01, 1.167e+05, 0.000e+00, 1.560e-04, 0.000e+00, 2.120e+00, 9.983e+02, 6.695e-08
2.415e+00, 5.000e-01, -8.250e-01, 1.166e+05, 0.000e+00, 1.249e-04, 0.000e+00, 2.118e+00, 9.983e+02, 5.363e-08
2.415e+00, 5.000e-01, -8.150e-01, 1.165e+05, 0.000e+00, 9.706e-05, 0.000e+00, 2.116e+00, 9.983e+02, 4.167e-08
2.415e+00, 5.000e-01, -8.050e-01, 1.164e+05, 0.000e+00, 7.284e-05, 0.000e+00, 2.115e+00, 9.983e+02, 3.127e-08
2.415e+00, 5.000e-01, -7.950e-01, 1.163e+05, 0.000e+00, 5.303e-05, 0.000e+00, 2.113e+00, 9.983e+02, 2.276e-08
2.415e+00, 5.000e-01, -7.850e-01, 1.162e+05, 0.000e+00, 3.962e-05, 0.000e+00, 2.111e+00, 9.983e+02, 1.701e-08
2.415e+00, 5.000e-01, -7.750e-01, 1.161e+05, 0.000e+00, 3.769e-05, 0.000e+00, 2.109e+00, 9.983e+02, 1.618e-08
2.415e+00, 5.000e-01, -7.650e-01, 1.160e+05, 0.000e+00, 5.647e-05, 0.000e+00, 2.107e+00, 9.983e+02, 2.424e-08
2.415e+00, 5.000e-01, -7.550e-01, 1.159e+05, 0.000e+00, 1.023e-04, 0.000e+00, 2.106e+00, 9.983e+02, 4.391e-08
2.415e+00, 5.000e-01, -7.450e-01, 1.173e+05, 0.000e+00, 1.649e-04, 0.000e+00, 2.131e+00, 9.983e+02, 7.164e-08
2.415e+00, 5.000e-01, -7.350e-01, 1.172e+05, 0.000e+00, 2.021e-04, 0.000e+00, 2.129e+00, 9.983e+02, 8.876e-08
2.415e+00, 5.000e-01, -7.250e-01, 1.171e+05, 0.000e+00, 1.721e-04, 0.000e+00, 2.127e+00, 9.983e+02, 7.559e-08
2.415e+00, 5.000e-01, -7.150e-01, 1.170e+05, 0.000e+00, 1.238e-04, 0.000e+00, 2.126e+00, 9.983e+02, 5.440e-08
2.415e+00, 5.000e-01, -7.050e-01, 1.169e+05, 0.000e+00, 8.399e-05, 0.000e+00, 2.124e+00, 9.983e+02, 3.689e-08
2.415e+00, 5.000e-01, -6.950e-01, 1.168e+05, 0.000e+00, 6.056e-05, 0.000e+00, 2.122e+00, 9.983e+02, 2.660e-08
2.415e+00, 5.000e-01, -6.850e-01, 1.167e+05, 0.000e+00, 5.490e-05, 0.000e+00, 2.120e+00, 9.983e+02, 2.411e-08
2.415e+00, 5.000e-01, -6.750e-01, 1.166e+05, 0.000e+00, 6.705e-05, 0.000e+00, 2.119e+00, 9.983e+02, 2.945e-08
2.415e+00, 5.000e-01, -6.650e-01, 1.165e+05, 0.000e+00, 9.630e-05, 0.000e+00, 2.117e+00, 9.983e+02, 4.230e-08
2.415e+00, 5.000e-01, -6.550e-01, 1.164e+05, 0.000e+00, 1.399e-04, 0.000e+00, 2.115e+00, 9.983e+02, 6.144e-08
2.415e+00, 5.000e-01, -6.450e-01, 1.163e+05, 0.000e+00, 1.925e-04, 0.000e+00, 2.113e+00, 9.983e+02, 8.454e-08
2.415e+00, 5.000e-01, -6.350e-01, 1.162e+05, 0.000e+00, 2.490e-04, 0.000e+00, 2.111e+00, 9.983e+02, 1.094e-07
2.415e+00, 5.000e-01, -6.250e-01, 1.161e+05, 0.000e+00, 3.090e-04, 0.000e+00, 2.110e+00, 9.983e+02, 1.362e-07
2.415e+00, 5.000e-01, -6.150e-01, 1.145e+05, 0.000e+00, 3.684e-04, 0.000e+00, 2.081e+00, 9.983e+02, 1.655e-07
2.415e+00, 5.000e-01, -6.050e-01, 1.144e+05, 0.000e+00, 3.890e-04, 0.000e+00, 2.079e+00, 9.983e+02, 1.748e-07
2.415e+00, 5.000e-01, -5.950e-01, 1.144e+05, 0.000e+00, 3.923e-04, 0.000e+00, 2.077e+00, 9.983e+02, 1.762e-07
2.415e+00, 5.000e-01, -5.850e-01, 1.143e+05, 0.000e+00, 3.887e-04, 0.000e+00, 2.075e+00, 9.983e+02, 1.746e-07
2.415e+00, 5.000e-01, -5.750e-01, 1.142e+05, 0.000e+00, 3.867e-04, 0.000e+00, 2.074e+00, 9.983e+02, 1.737e-07
2.415e+00, 5.000e-01, -5.650e-01, 1.141e+05, 0.000e+00, 3.902e-04, 0.000e+00, 2.072e+00, 9.983e+02, 1.753e-07
2.415e+00, 5.000e-01, -5.550e-01, 1.140e+05, 0.000e+00, 3.990e-04, 0.000e+00, 2.070e+00, 9.983e+02, 1.793e-07
2.415e+00, 5.000e-01, -5.450e-01, 1.139e+05, 0.000e+00, 4.107e-04, 0.000e+00, 2.068e+00, 9.983e+02, 1.845e-07
2.415e+00, 5.000e-01, -5.350e-01, 1.138e+05, 0.000e+00, 4.222e-04, 0.000e+00, 2.067e+00, 9.983e+02, 1.897e-07
2.415e+00, 5.000e-01, -5.250e-01, 1.137e+05, 0.000e+00, 4.306e-04, 0.000e+00, 2.065e+00, 9.983e+02, 1.935e-07
2.415e+00, 5.000e-01, -5.150e-01, 1.136e+05, 0.000e+00, 4.339e-04, 0.000e+00, 2.063e+00, 9.983e+02, 1.936e-07
2.415e+00, 5.000e-01, -5.050e-01, 1.135e+05, 0.000e+00, 4.313e-04, 0.000e+00, 2.061e+00, 9.983e+02, 1.852e-07
2.415e+00, 5.000e-01, -4.950e-01, 1.134e+05, 0.000e+00, 4.266e-04, 0.000e+00, 2.059e+00, 9.983e+02, 1.831e-07
2.415e+00, 5.000e-01, -4.850e-01, 1.133e+05, 0.000e+00, 4.194e-04, 0.000e+00, 2.057e+00, 9.983e+02, 1.801e-07
2.415e+00, 5.000e-01, -4.750e-01, 1.132e+05, 0.000e+00, 4.040e-04, 0.000e+00, 2.056e+00, 9.983e+02, 1.734e-07
2.415e+00, 5.000e-01, -4.650e-01, 1.131e+05, 0.000e+00, 3.734e-04, 0.000e+00, 2.054e+00, 9.983e+02, 1.603e-07
2.415e+00, 5.000e-01, -4.550e-01, 1.130e+05, 0.000e+00, 3.210e-04, 0.000e+00, 2.052e+00, 9.983e+02, 1.421e-07
2.415e+00, 5.000e-01, -4.450e-01, 1.129e+05, 0.000e+00, 3.053e-04, 0.000e+00, 2.050e+00, 9.983e+02, 1.365e-07
2.415e+00, 5.000e-01, -4.350e-01, 1.128e+05, 0.000e+00, 3.147e-04, 0.000e+00, 2.048e+00, 9.983e+02, 1.351e-07
2.415e+00, 5.000e-01, -4.250e-01, 1.127e+05, 0.000e+00, 3.189e-04, 0.000e+00, 2.047e+00, 9.983e+02, 1.369e-07
2.415e+00, 5.000e-01, -4.150e-01, 1.126e+05, 0.000e+00, 3.082e-04, 0.000e+00, 2.045e+00, 9.983e+02, 1.323e-07
2.415e+00, 5.000e-01, -4.050e-01, 1.125e+05, 0.000e+00, 2.769e-04, 0.000e+00, 2.043e+00, 9.983e+02, 1.189e-07
2.415e+00, 5.000e-01, -3.950e-01, 1.124e+05, 0.000e+00, 2.412e-04, 0.000e+00, 2.041e+00, 9.983e+02, 1.035e-07
2.415e+00, 5.000e-01, -3.850e-01, 1.123e+05, 0.000e+00, 2.240e-04, 0.000e+00, 2.039e+00, 9.983e+02, 9.625e-08
2.415e+00, 5.000e-01, -3.750e-01, 1.122e+05, 0.000e+00, 2.235e-04, 0.000e+00, 2.038e+00, 9.983e+02, 1.003e-07
2.415e+00, 5.000e-01, -3.650e-01, 1.121e+05, 0.000e+00, 2.235e-04, 0.000e+00, 2.036e+00, 9.983e+02, 1.004e-07
2.415e+00, 5.000e-01, -3.550e-01, 1.120e+05, 0.000e+00, 2.348e-04, 0.000e+00, 2.034e+00, 9.983e+02, 1.055e-07
2.415e+00, 5.000e-01, -3.450e-01, 1.119e+05, 0.000e+00, 2.660e-04, 0.000e+00, 2.033e+00, 9.983e+02, 1.195e-07
2.415e+00, 5.000e-01, -3.350e-01, 1.118e+05, 0.000e+00, 3.065e-04, 0.000e+00, 2.031e+00, 9.983e+02, 1.377e-07
2.415e+00, 5.000e-01, -3.250e-01, 1.117e+05, 0.000e+00, 3.358e-04, 0.000e+00, 2.029e+00, 9.983e+02, 1.509e-07
2.415e+00, 5.000e-01, -3.150e-01, 1.116e+05, 0.000e+00, 3.551e-04, 0.000e+00, 2.027e+00, 9.983e+02, 1.595e-07
2.415e+00, 5.000e-01, -3.050e-01, 1.115e+05, 0.000e+00, 3.800e-04, 0.000e+00, 2.025e+00, 9.983e+02, 1.707e-07
2.415e+00, 5.000e-01, -2.950e-01, 1.114e+05, 0.000e+00, 4.233e-04, 0.000e+00, 2.024e+00, 9.983e+02, 1.887e-07
2.415e+00, 5.000e-01, -2.850e-01, 1.114e+05, 0.000e+00, 4.467e-04, 0.000e+00, 2.023e+00, 9.983e+02, 1.962e-07
2.415e+00, 5.000e-01, -2.750e-01, 1.113e+05, 0.000e+00, 4.560e-04, 0.000e+00, 2.021e+00, 9.983e+02, 2.003e-07
2.415e+00, 5.000e-01, -2.650e-01, 1.112e+05, 0.000e+00, 4.655e-04, 0.000e+00, 2.020e+00, 9.983e+02, 2.045e-07
2.415e+00, 5.000e-01, -2.550e-01, 1.111e+05, 0.000e+00, 4.757e-04, 0.000e+00, 2.018e+00, 9.983e+02, 2.089e-07
2.415e+00, 5.000e-01, -2.450e-01, 1.110e+05, 0.000e+00, 4.826e-04, 0.000e+00, 2.016e+00, 9.983e+02, 2.120e-07
2.415e+00, 5.000e-01, -2.350e-01, 1.109e+05, 0.000e+00, 4.802e-04, 0.000e+00, 2.014e+00, 9.983e+02, 2.110e-07
2.415e+00, 5.000e-01, -2.250e-01, 1.108e+05, 0.000e+00, 4.603e-04, 0.000e+00, 2.012e+00, 9.983e+02, 2.022e-07
2.415e+00, 5.000e-01, -2.150e-01, 1.107e+05, 0.000e+00, 4.105e-04, 0.000e+00, 2.011e+00, 9.983e+02, 1.803e-07
2.415e+00, 5.000e-01, -2.050e-01, 1.108e+05, 0.000e+00, 3.107e-04, 0.000e+00, 2.012e+00, 9.983e+02, 1.339e-07
2.415e+00, 5.000e-01, -1.950e-01, 1.107e+05, 0.000e+00, 2.411e-04, 0.000e+00, 2.011e+00, 9.983e+02, 1.035e-07
2.415e+00, 5.000e-01, -1.850e-01, 1.106e+05, 0.000e+00, 1.915e-04, 0.000e+00, 2.009e+00, 9.983e+02, 8.220e-08
2.415e+00, 5.000e-01, -1.750e-01, 1.105e+05, 0.000e+00, 1.725e-04, 0.000e+00, 2.007e+00, 9.983e+02, 7.406e-08
2.415e+00, 5.000e-01, -1.650e-01, 1.104e+05, 0.000e+00, 2.068e-04, 0.000e+00, 2.005e+00, 9.983e+02, 8.879e-08
2.415e+00, 5.000e-01, -1.550e-01, 1.103e+05, 0.000e+00, 2.967e-04, 0.000e+00, 2.004e+00, 9.983e+02, 1.274e-07
2.415e+00, 5.000e-01, -1.450e-01, 1.102e+05, 0.000e+00, 3.733e-04, 0.000e+00, 2.002e+00, 9.983e+02, 1.603e-07
2.415e+00, 5.000e-01, -1.350e-01, 1.101e+05, 0.000e+00, 3.710e-04, 0.000e+00, 2.000e+00, 9.983e+02, 1.611e-07
2.415e+00, 5.000e-01, -1.250e-01, 1.112e+05, 0.000e+00, 2.980e-04, 0.000e+00, 2.020e+00, 9.983e+02, 1.309e-07
2.415e+00, 5.000e-01, -1.150e-01, 1.111e+05, 0.000e+00, 2.024e-04, 0.000e+00, 2.018e+00, 9.983e+02, 8.890e-08
2.415e+00, 5.000e-01, -1.050e-01, 1.110e+05, 0.000e+00, 1.209e-04, 0.000e+00, 2.017e+00, 9.983e+02, 5.308e-08
2.415e+00, 5.000e-01, -9.500e-02, 1.109e+05, 0.000e+00, 6.576e-05, 0.000e+00, 2.015e+00, 9.983e+02, 2.889e-08
2.415e+00, 5.000e-01, -8.500e-02, 1.108e+05, 0.000e+00, 3.357e-05, 0.000e+00, 2.013e+00, 9.983e+02, 1.475e-08
2.415e+00, 5.000e-01, -7.500e-02, 1.107e+05, 0.000e+00, 1.640e-05, 0.000e+00, 2.011e+00, 9.983e+02, 7.202e-09
2.415e+00, 5.000e-01, -6.500e-02, 1.106e+05, 0.000e+00, 7.734e-06, 0.000e+00, 2.009e+00, 9.983e+02, 3.397e-09
2.415e+00, 5.000e-01, -5.500e-02, 1.105e+05, 0.000e+00, 3.530e-06, 0.000e+00, 2.008e+00, 9.983e+02, 1.551e-09
2.415e+00, 5.000e-01, -4.500e-02, 1.104e+05, 0.000e+00, 1.556e-06, 0.000e+00, 2.006e+00, 9.983e+02, 6.836e-10
2.415e+00, 5.000e-01, -3.500e-02, 1.103e+05, 0.000e+00, 6.613e-07, 0.000e+00, 2.004e+00, 9.983e+02, 2.905e-10
2.415e+00, 5.000e-01, -2.500e-02, 1.102e+05, 0.000e+00, 2.716e-07, 0.000e+00, 2.002e+00, 9.983e+02, 1.193e-10
2.415e+00, 5.000e-01, -1.500e-02, 1.101e+05, 0.000e+00, 1.103e-07, 0.000e+00, 2.000e+00, 9.983e+02, 4.844e-11
2.415e+00, 5.000e-01, -5.000e-03, 1.100e+05, 0.000e+00, 4.905e-08, 0.000e+00, 1.999e+00, 9.983e+02, 2.154e-11
2.425e+00, 5.000e-01, -1.195e+00, 1.202e+05, 0.000e+00, 1.002e-13, 0.000e+00, 2.184e+00, 9.983e+02, 2.000e-17
2.425e+00, 5.000e-01, -1.185e+00, 1.201e+05, 0.000e+00, 1.002e-13, 0.000e+00, 2.182e+00, 9.983e+02, 2.000e-17
2.425e+00, 5.000e-01, -1.175e+00, 1.200e+05, 0.000e+00, 1.002e-13, 0.000e+00, 2.181e+00, 9.983e+02, 2.000e-17
2.425e+00, 5.000e-01, -1.165e+00, 1.199e+05, 0.000e+00, 1.002e-13, 0.000e+00, 2.179e+00, 9.983e+02, 2.000e-17
2.425e+00, 5.000e-01, -1.155e+00, 1.198e+05, 0.000e+00, 1.002e-13, 0.000e+00, 2.177e+00, 9.983e+02, 2.000e-17
2.425e+00, 5.000e-01, -1.145e+00, 1.197e+05, 0.000e+00, 1.002e-13, 0.000e+00, 2.175e+00, 9.983e+02, 2.000e-17
2.425e+00, 5.000e-01, -1.135e+00, 1.196e+05, 0.000e+00, 1.002e-13, 0.000e+00, 2.173e+00, 9.983e+02, 2.000e-17
2.425e+00, 5.000e-01, -1.125e+00, 1.195e+05, 0.000e+00, 6.890e-13, 0.000e+00, 2.172e+00, 9.983e+02, 1.376e-16
2.425e+00, 5.000e-01, -1.115e+00, 1.194e+05, 0.000e+00, 3.535e-04, 0.000e+00, 2.170e+00, 9.983e+02, 1.172e-07
2.425e+00, 5.000e-01, -1.105e+00, 1.193e+05, 0.000e+00, 3.999e-04, 0.000e+00, 2.168e+00, 9.983e+02, 1.717e-07
2.425e+00, 5.000e-01, -1.095e+00, 1.192e+05, 0.000e+00, 4.115e-04, 0.000e+00, 2.167e+00, 9.983e+02, 1.766e-07
2.425e+00, 5.000e-01, -1.085e+00, 1.191e+05, 0.000e+00, 4.201e-04, 0.000e+00, 2.165e+00, 9.983e+02, 1.803e-07
2.425e+00, 5.000e-01, -1.075e+00, 1.190e+05, 0.000e+00, 4.298e-04, 0.000e+00, 2.163e+00, 9.983e+02, 1.845e-07
2.425e+00, 5.000e-01, -1.065e+00, 1.189e+05, 0.000e+00, 4.431e-04, 0.000e+00, 2.161e+00, 9.983e+02, 1.902e-07
2.425e+00, 5.000e-01, -1.055e+00, 1.188e+05, 0.000e+00, 4.581e-04, 0.000e+00, 2.159e+00, 9.983e+02, 1.967e-07
2.425e+00, 5.000e-01, -1.045e+00, 1.187e+05, 0.000e+00, 4.701e-04, 0.000e+00, 2.158e+00, 9.983e+02, 2.018e-07
2.425e+00, 5.000e-01, -1.035e+00, 1.186e+05, 0.000e+00, 4.761e-04, 0.000e+00, 2.156e+00, 9.984e+02, 2.044e-07
2.425e+00, 5.000e-01, -1.025e+00, 1.185e+05, 0.000e+00, 4.766e-04, 0.000e+00, 2.154e+00, 9.984e+02, 2.046e-07
2.425e+00, 5.000e-01, -1.015e+00, 1.185e+05, 0.000e+00, 4.737e-04, 0.000e+00, 2.152e+00, 9.983e+02, 2.033e-07
2.425e+00, 5.000e-01, -1.005e+00, 1.184e+05, 0.000e+00, 4.695e-04, 0.000e+00, 2.150e+00, 9.983e+02, 2.016e-07
2.425e+00, 5.000e-01, -9.950e-01, 1.183e+05, 0.000e+00, 4.652e-04, 0.000e+00, 2.149e+00, 9.983e+02, 1.997e-07
2.425e+00, 5.000e-01, -9.850e-01, 1.182e+05, 0.000e+00, 4.603e-04, 0.000e+00, 2.147e+00, 9.983e+02, 1.976e-07
2.425e+00, 5.000e-01, -9.750e-01, 1.181e+05, 0.000e+00, 4.534e-04, 0.000e+00, 2.145e+00, 9.983e+02, 1.946e-07
2.425e+00, 5.000e-01, -9.650e-01, 1.180e+05, 0.000e+00, 4.435e-04, 0.000e+00, 2.143e+00, 9.983e+02, 1.904e-07
2.425e+00, 5.000e-01, -9.550e-01, 1.179e+05, 0.000e+00, 4.307e-04, 0.000e+00, 2.141e+00, 9.983e+02, 1.849e-07
2.425e+00, 5.000e-01, -9.450e-01, 1.178e+05, 0.000e+00, 4.157e-04, 0.000e+00, 2.140e+00, 9.983e+02, 1.785e-07
2.425e+00, 5.000e-01, -9.350e-01, 1.177e+05, 0.000e+00, 3.992e-04, 0.000e+00, 2.138e+00, 9.983e+02, 1.714e-07
2.425e+00, 5.000e-01, -9.250e-01, 1.176e+05, 0.000e+00, 3.794e-04, 0.000e+00, 2.136e+00, 9.983e+02, 1.628e-07
2.425e+00, 5.000e-01, -9.150e-01, 1.175e+05, 0.000e+00, 3.549e-04, 0.000e+00, 2.134e+00, 9.983e+02, 1.523e-07
2.425e+00, 5.000e-01, -9.050e-01, 1.174e+05, 0.000e+00, 3.305e-04, 0.000e+00, 2.132e+00, 9.983e+02, 1.419e-07
2.425e+00, 5.000e-01, -8.950e-01, 1.173e+05, 0.000e+00, 3.121e-04, 0.000e+00, 2.131e+00, 9.983e+02, 1.340e-07
2.425e+00, 5.000e-01, -8.850e-01, 1.172e+05, 0.000e+00, 2.945e-04, 0.000e+00, 2.129e+00, 9.983e+02, 1.264e-07
2.425e+00, 5.000e-01, -8.750e-01, 1.171e+05, 0.000e+00, 2.723e-04, 0.000e+00, 2.127e+00, 9.983e+02, 1.169e-07
2.425e+00, 5.000e-01, -8.650e-01, 1.170e+05, 0.000e+00, 2.433e-04, 0.000e+00, 2.125e+00, 9.983e+02, 1.044e-07
2.425e+00, 5.000e-01, -8.550e-01, 1.169e+05, 0.000e+00, 2.102e-04, 0.000e+00, 2.124e+00, 9.983e+02, 9.023e-08
2.425e+00, 5.000e-01, -8.450e-01, 1.168e+05, 0.000e+00, 1.765e-04, 0.000e+00, 2.122e+00, 9.983e+02, 7.578e-08
2.425e+00, 5.000e-01, -8.350e-01, 1.167e+05, 0.000e+00, 1.445e-04, 0.000e+00, 2.120e+00, 9.983e+02, 6.201e-08
2.425e+00, 5.000e-01, -8.250e-01, 1.166e+05, 0.000e+00, 1.150e-04, 0.000e+00, 2.118e+00, 9.983e+02, 4.937e-08
2.425e+00, 5.000e-01, -8.150e-01, 1.165e+05, 0.000e+00, 8.871e-05, 0.000e+00, 2.116e+00, 9.983e+02, 3.808e-08
2.425e+00, 5.000e-01, -8.050e-01, 1.164e+05, 0.000e+00, 6.601e-05, 0.000e+00, 2.115e+00, 9.983e+02, 2.834e-08
2.425e+00, 5.000e-01, -7.950e-01, 1.163e+05, 0.000e+00, 4.774e-05, 0.000e+00, 2.113e+00, 9.983e+02, 2.049e-08
2.425e+00, 5.000e-01, -7.850e-01, 1.162e+05, 0.000e+00, 3.604e-05, 0.000e+00, 2.111e+00, 9.983e+02, 1.547e-08
2.425e+00, 5.000e-01, -7.750e-01, 1.161e+05, 0.000e+00, 3.630e-05, 0.000e+00, 2.109e+00, 9.983e+02, 1.558e-08
2.425e+00, 5.000e-01, -7.650e-01, 1.160e+05, 0.000e+00, 5.800e-05, 0.000e+00, 2.107e+00, 9.983e+02, 2.490e-08
2.425e+00, 5.000e-01, -7.550e-01, 1.159e+05, 0.000e+00, 1.067e-04, 0.000e+00, 2.106e+00, 9.983e+02, 4.580e-08
2.425e+00, 5.000e-01, -7.450e-01, 1.173e+05, 0.000e+00, 1.844e-04, 0.000e+00, 2.131e+00, 9.983e+02, 8.056e-08
2.425e+00, 5.000e-01, -7.350e-01, 1.172e+05, 0.000e+00, 1.953e-04, 0.000e+00, 2.129e+00, 9.983e+02, 8.577e-08
2.425e+00, 5.000e-01, -7.250e-01, 1.171e+05, 0.000e+00, 1.580e-04, 0.000e+00, 2.127e+00, 9.983e+02, 6.938e-08
2.425e+00, 5.000e-01, -7.150e-01, 1.170e+05, 0.000e+00, 1.109e-04, 0.000e+00, 2.126e+00, 9.983e+02, 4.873e-08
2.425e+00, 5.000e-01, -7.050e-01, 1.169e+05, 0.000e+00, 7.449e-05, 0.000e+00, 2.124e+00, 9.983e+02, 3.272e-08
2.425e+00, 5.000e-01, -6.950e-01, 1.168e+05, 0.000e+00, 5.466e-05, 0.000e+00, 2.122e+00, 9.983e+02, 2.401e-08
2.425e+00, 5.000e-01, -6.850e-01, 1.167e+05, 0.000e+00, 5.247e-05, 0.000e+00, 2.120e+00, 9.983e+02, 2.304e-08
2.425e+00, 5.000e-01, -6.750e-01, 1.166e+05, 0.000e+00, 6.805e-05, 0.000e+00, 2.119e+00, 9.983e+02, 2.989e-08
2.425e+00, 5.000e-01, -6.650e-01, 1.165e+05, 0.000e+00, 1.007e-04, 0.000e+00, 2.117e+00, 9.983e+02, 4.424e-08
2.425e+00, 5.000e-01, -6.550e-01, 1.164e+05, 0.000e+00, 1.473e-04, 0.000e+00, 2.115e+00, 9.983e+02, 6.470e-08
2.425e+00, 5.000e-01, -6.450e-01, 1.163e+05, 0.000e+00, 2.014e-04, 0.000e+00, 2.113e+00, 9.983e+02, 8.848e-08
2.425e+00, 5.000e-01, -6.350e-01, 1.162e+05, 0.000e+00, 2.571e-04, 0.000e+00, 2.111e+00, 9.983e+02, 1.129e-07
2.425e+00, 5.000e-01, -6.250e-01, 1.161e+05, 0.000e+00, 3.146e-04, 0.000e+00, 2.110e+00, 9.983e+02, 1.392e-07
2.425e+00, 5.000e-01, -6.150e-01, 1.145e+05, 0.000e+00, 3.660e-04, 0.000e+00, 2.081e+00, 9.983e+02, 1.644e-07
2.425e+00, 5.000e-01, -6.050e-01, 1.144e+05, 0.000e+00, 3.859e-04, 0.000e+00, 2.079e+00, 9.983e+02, 1.734e-07
2.425e+00, 5.000e-01, -5.950e-01, 1.144e+05, 0.000e+00, 3.880e-04, 0.000e+00, 2.077e+00, 9.983e+02, 1.743e-07
2.425e+00, 5.000e-01, -5.850e-01, 1.143e+05, 0.000e+00, 3.829e-04, 0.000e+00, 2.075e+00, 9.983e+02, 1.720e-07
2.425e+00, 5.000e-01, -5.750e-01, 1.142e+05, 0.000e+00, 3.786e-04, 0.000e+00, 2.074e+00, 9.983e+02, 1.701e-07
2.425e+00, 5.000e-01, -5.650e-01, 1.141e+05, 0.000e+00, 3.793e-04, 0.000e+00, 2.072e+00, 9.983e+02, 1.704e-07
2.425e+00, 5.000e-01, -5.550e-01, 1.140e+05, 0.000e+00, 3.856e-04, 0.000e+00, 2.070e+00, 9.983e+02, 1.732e-07
2.425e+00, 5.000e-01, -5.450e-01, 1.139e+05, 0.000e+00, 3.962e-04, 0.000e+00, 2.068e+00, 9.983e+02, 1.780e-07
2.425e+00, 5.000e-01, -5.350e-01, 1.138e+05, 0.000e+00, 4.088e-04, 0.000e+00, 2.067e+00, 9.983e+02, 1.837e-07
2.425e+00, 5.000e-01, -5.250e-01, 1.137e+05, 0.000e+00, 4.208e-04, 0.000e+00, 2.065e+00, 9.983e+02, 1.890e-07
2.425e+00, 5.000e-01, -5.150e-01, 1.136e+05, 0.000e+00, 4.285e-04, 0.000e+00, 2.063e+00, 9.983e+02, 1.897e-07
2.425e+00, 5.000e-01, -5.050e-01, 1.135e+05, 0.000e+00, 4.276e-04, 0.000e+00, 2.061e+00, 9.983e+02, 1.836e-07
2.425e+00, 5.000e-01, -4.950e-01, 1.134e+05, 0.000e+00, 4.193e-04, 0.000e+00, 2.059e+00, 9.983e+02, 1.800e-07
2.425e+00, 5.000e-01, -4.850e-01, 1.133e+05, 0.000e+00, 4.055e-04, 0.000e+00, 2.057e+00, 9.983e+02, 1.741e-07
2.425e+00, 5.000e-01, -4.750e-01, 1.132e+05, 0.000e+00, 3.819e-04, 0.000e+00, 2.056e+00, 9.983e+02, 1.640e-07
2.425e+00, 5.000e-01, -4.650e-01, 1.131e+05, 0.000e+00, 3.460e-04, 0.000e+00, 2.054e+00, 9.983e+02, 1.485e-07
2.425e+00, 5.000e-01, -4.550e-01, 1.130e+05, 0.000e+00, 3.138e-04, 0.000e+00, 2.052e+00, 9.983e+02, 1.398e-07
2.425e+00, 5.000e-01, -4.450e-01, 1.129e+05, 0.000e+00, 3.140e-04, 0.000e+00, 2.050e+00, 9.983e+02, 1.396e-07
2.425e+00, 5.000e-01, -4.350e-01, 1.128e+05, 0.000e+00, 3.172e-04, 0.000e+00, 2.048e+00, 9.983e+02, 1.362e-07
2.425e+00, 5.000e-01, -4.250e-01, 1.127e+05, 0.000e+00, 3.120e-04, 0.000e+00, 2.047e+00, 9.983e+02, 1.339e-07
2.425e+00, 5.000e-01, -4.150e-01, 1.126e+05, 0.000e+00, 2.907e-04, 0.000e+00, 2.045e+00, 9.983e+02, 1.248e-07
2.425e+00, 5.000e-01, -4.050e-01, 1.125e+05, 0.000e+00, 2.495e-04, 0.000e+00, 2.043e+00, 9.983e+02, 1.071e-07
2.425e+00, 5.000e-01, -3.950e-01, 1.124e+05, 0.000e+00, 2.227e-04, 0.000e+00, 2.041e+00, 9.983e+02, 9.559e-08
2.425e+00, 5.000e-01, -3.850e-01, 1.123e+05, 0.000e+00, 2.128e-04, 0.000e+00, 2.039e+00, 9.983e+02, 9.198e-08
2.425e+00, 5.000e-01, -3.750e-01, 1.122e+05, 0.000e+00, 2.105e-04, 0.000e+00, 2.038e+00, 9.983e+02, 9.456e-08
2.425e+00, 5.000e-01, -3.650e-01, 1.121e+05, 0.000e+00, 2.127e-04, 0.000e+00, 2.036e+00, 9.983e+02, 9.553e-08
2.425e+00, 5.000e-01, -3.550e-01, 1.120e+05, 0.000e+00, 2.245e-04, 0.000e+00, 2.034e+00, 9.983e+02, 1.009e-07
2.425e+00, 5.000e-01, -3.450e-01, 1.119e+05, 0.000e+00, 2.529e-04, 0.000e+00, 2.033e+00, 9.983e+02, 1.136e-07
2.425e+00, 5.000e-01, -3.350e-01, 1.118e+05, 0.000e+00, 2.864e-04, 0.000e+00, 2.031e+00, 9.983e+02, 1.286e-07
2.425e+00, 5.000e-01, -3.250e-01, 1.117e+05, 0.000e+00, 3.067e-04, 0.000e+00, 2.029e+00, 9.983e+02, 1.378e-07
2.425e+00, 5.000e-01, -3.150e-01, 1.116e+05, 0.000e+00, 3.183e-04, 0.000e+00, 2.027e+00, 9.983e+02, 1.430e-07
2.425e+00, 5.000e-01, -3.050e-01, 1.115e+05, 0.000e+00, 3.408e-04, 0.000e+00, 2.025e+00, 9.983e+02, 1.531e-07
2.425e+00, 5.000e-01, -2.950e-01, 1.114e+05, 0.000e+00, 3.913e-04, 0.000e+00, 2.024e+00, 9.983e+02, 1.740e-07
2.425e+00, 5.000e-01, -2.850e-01, 1.114e+05, 0.000e+00, 4.161e-04, 0.000e+00, 2.023e+00, 9.983e+02, 1.828e-07
2.425e+00, 5.000e-01, -2.750e-01, 1.113e+05, 0.000e+00, 4.283e-04, 0.000e+00, 2.021e+00, 9.983e+02, 1.881e-07
2.425e+00, 5.000e-01, -2.650e-01, 1.112e+05, 0.000e+00, 4.432e-04, 0.000e+00, 2.020e+00, 9.983e+02, 1.947e-07
2.425e+00, 5.000e-01, -2.550e-01, 1.111e+05, 0.000e+00, 4.615e-04, 0.000e+00, 2.018e+00, 9.983e+02, 2.027e-07
2.425e+00, 5.000e-01, -2.450e-01, 1.110e+05, 0.000e+00, 4.793e-04, 0.000e+00, 2.016e+00, 9.983e+02, 2.105e-07
2.425e+00, 5.000e-01, -2.350e-01, 1.109e+05, 0.000e+00, 4.902e-04, 0.000e+00, 2.014e+00, 9.983e+02, 2.153e-07
2.425e+00, 5.000e-01, -2.250e-01, 1.108e+05, 0.000e+00, 4.858e-04, 0.000e+00, 2.012e+00, 9.983e+02, 2.134e-07
2.425e+00, 5.000e-01, -2.150e-01, 1.107e+05, 0.000e+00, 4.538e-04, 0.000e+00, 2.011e+00, 9.983e+02, 1.993e-07
2.425e+00, 5.000e-01, -2.050e-01, 1.108e+05, 0.000e+00, 3.809e-04, 0.000e+00, 2.012e+00, 9.983e+02, 1.637e-07
2.425e+00, 5.000e-01, -1.950e-01, 1.107e+05, 0.000e+00, 3.244e-04, 0.000e+00, 2.011e+00, 9.983e+02, 1.393e-07
2.425e+00, 5.000e-01, -1.850e-01, 1.106e+05, 0.000e+00, 2.761e-04, 0.000e+00, 2.009e+00, 9.983e+02, 1.185e-07
2.425e+00, 5.000e-01, -1.750e-01, 1.105e+05, 0.000e+00, 2.498e-04, 0.000e+00, 2.007e+00, 9.983e+02, 1.072e-07
2.425e+00, 5.000e-01, -1.650e-01, 1.104e+05, 0.000e+00, 2.693e-04, 0.000e+00, 2.005e+00, 9.983e+02, 1.156e-07
2.425e+00, 5.000e-01, -1.550e-01, 1.103e+05, 0.000e+00, 3.320e-04, 0.000e+00, 2.004e+00, 9.983e+02, 1.425e-07
2.425e+00, 5.000e-01, -1.450e-01, 1.102e+05, 0.000e+00, 3.804e-04, 0.000e+00, 2.002e+00, 9.983e+02, 1.633e-07
2.425e+00, 5.000e-01, -1.350e-01, 1.113e+05, 0.000e+00, 3.588e-04, 0.000e+00, 2.022e+00, 9.983e+02, 1.563e-07
2.425e+00, 5.000e-01, -1.250e-01, 1.112e+05, 0.000e+00, 2.789e-04, 0.000e+00, 2.020e+00, 9.983e+02, 1.225e-07
2.425e+00, 5.000e-01, -1.150e-01, 1.111e+05, 0.000e+00, 1.858e-04, 0.000e+00, 2.018e+00, 9.983e+02, 8.160e-08
2.425e+00, 5.000e-01, -1.050e-01, 1.110e+05, 0.000e+00, 1.099e-04, 0.000e+00, 2.017e+00, 9.983e+02, 4.826e-08
2.425e+00, 5.000e-01, -9.500e-02, 1.109e+05, 0.000e+00, 5.969e-05, 0.000e+00, 2.015e+00, 9.983e+02, 2.622e-08
2.425e+00, 5.000e-01, -8.500e-02, 1.108e+05, 0.000e+00, 3.058e-05, 0.000e+00, 2.013e+00, 9.983e+02, 1.343e-08
2.425e+00, 5.000e-01, -7.500e-02, 1.107e+05, 0.000e+00, 1.503e-05, 0.000e+00, 2.011e+00, 9.983e+02, 6.600e-09
2.425e+00, 5.000e-01, -6.500e-02, 1.106e+05, 0.000e+00, 7.131e-06, 0.000e+00, 2.009e+00, 9.983e+02, 3.132e-09
2.425e+00, 5.000e-01, -5.500e-02, 1.105e+05, 0.000e+00, 3.271e-06, 0.000e+00, 2.008e+00, 9.983e+02, 1.437e-09
2.425e+00, 5.000e-01, -4.500e-02, 1.104e+05, 0.000e+00, 1.447e-06, 0.000e+00, 2.006e+00, 9.983e+02, 6.354e-10
2.425e+00, 5.000e-01, -3.500e-02, 1.103e+05, 0.000e+00, 6.158e-07, 0.000e+00, 2.004e+00, 9.983e+02, 2.705e-10
2.425e+00, 5.000e-01, -2.500e-02, 1.102e+05, 0.000e+00, 2.530e-07, 0.000e+00, 2.002e+00, 9.983e+02, 1.111e-10
2.425e+00, 5.000e-01, -1.500e-02, 1.101e+05, 0.000e+00, 1.027e-07, 0.000e+00, 2.000e+00, 9.983e+02, 4.512e-11
2.425e+00, 5.000e-01, -5.000e-03, 1.100e+05, 0.000e+00, 4.575e-08, 0.000e+00, 1.999e+00, 9.983e+02, 2.009e-11
2.435e+00, 5.000e-01, -1.195e+00, 1.202e+05, 0.000e+00, 1.002e-13, 0.000e+00, 2.184e+00, 9.983e+02, 2.000e-17
2.435e+00, 5.000e-01, -1.185e+00, 1.201e+05, 0.000e+00, 1.002e-13, 0.000e+00, 2.182e+00, 9.983e+02, 2.000e-17
2.435e+00, 5.000e-01, -1.175e+00, 1.200e+05, 0.000e+00, 1.002e-13, 0.000e+00, 2.181e+00, 9.983e+02, 2.000e-17
2.435e+00, 5.000e-01, -1.165e+00, 1.199e+05, 0.000e+00, 1.002e-13, 0.000e+00, 2.179e+00, 9.983e+02, 2.000e-17
2.435e+00, 5.000e-01, -1.155e+00, 1.198e+05, 0.000e+00, 1.002e-13, 0.000e+00, 2.177e+00, 9.983e+02, 2.000e-17
2.435e+00, 5.000e-01, -1.145e+00, 1.197e+05, 0.000e+00, 1.002e-13, 0.000e+00, 2.175e+00, 9.983e+02, 2.000e-17
2.435e+00, 5.000e-01, -1.135e+00, 1.196e+05, 0.000e+00, 1.002e-13, 0.000e+00, 2.173e+00, 9.983e+02, 2.000e-17
2.435e+00, 5.000e-01, -1.125e+00, 1.195e+05, 0.000e+00, 6.908e-13, 0.000e+00, 2.172e+00, 9.983e+02, 1.379e-16
2.435e+00, 5.000e-01, -1.115e+00, 1.194e+05, 0.000e+00, 3.593e-04, 0.000e+00, 2.170e+00, 9.983e+02, 1.341e-07
2.435e+00, 5.000e-01, -1.105e+00, 1.193e+05, 0.000e+00, 3.966e-04, 0.000e+00, 2.168e+00, 9.983e+02, 1.702e-07
2.435e+00, 5.000e-01, -1.095e+00, 1.192e+05, 0.000e+00, 4.096e-04, 0.000e+00, 2.167e+00, 9.983e+02, 1.759e-07
2.435e+00, 5.000e-01, -1.085e+00, 1.191e+05, 0.000e+00, 4.193e-04, 0.000e+00, 2.165e+00, 9.983e+02, 1.800e-07
2.435e+00, 5.000e-01, -1.075e+00, 1.190e+05, 0.000e+00, 4.304e-04, 0.000e+00, 2.163e+00, 9.983e+02, 1.848e-07
2.435e+00, 5.000e-01, -1.065e+00, 1.189e+05, 0.000e+00, 4.449e-04, 0.000e+00, 2.161e+00, 9.983e+02, 1.910e-07
2.435e+00, 5.000e-01, -1.055e+00, 1.188e+05, 0.000e+00, 4.602e-04, 0.000e+00, 2.159e+00, 9.983e+02, 1.976e-07
2.435e+00, 5.000e-01, -1.045e+00, 1.187e+05, 0.000e+00, 4.718e-04, 0.000e+00, 2.158e+00, 9.983e+02, 2.025e-07
2.435e+00, 5.000e-01, -1.035e+00, 1.186e+05, 0.000e+00, 4.772e-04, 0.000e+00, 2.156e+00, 9.984e+02, 2.049e-07
2.435e+00, 5.000e-01, -1.025e+00, 1.185e+05, 0.000e+00, 4.772e-04, 0.000e+00, 2.154e+00, 9.984e+02, 2.048e-07
2.435e+00, 5.000e-01, -1.015e+00, 1.185e+05, 0.000e+00, 4.736e-04, 0.000e+00, 2.152e+00, 9.983e+02, 2.033e-07
2.435e+00, 5.000e-01, -1.005e+00, 1.184e+05, 0.000e+00, 4.683e-04, 0.000e+00, 2.150e+00, 9.983e+02, 2.010e-07
2.435e+00, 5.000e-01, -9.950e-01, 1.183e+05, 0.000e+00, 4.623e-04, 0.000e+00, 2.149e+00, 9.983e+02, 1.985e-07
2.435e+00, 5.000e-01, -9.850e-01, 1.182e+05, 0.000e+00, 4.554e-04, 0.000e+00, 2.147e+00, 9.983e+02, 1.955e-07
2.435e+00, 5.000e-01, -9.750e-01, 1.181e+05, 0.000e+00, 4.467e-04, 0.000e+00, 2.145e+00, 9.983e+02, 1.918e-07
2.435e+00, 5.000e-01, -9.650e-01, 1.180e+05, 0.000e+00, 4.357e-04, 0.000e+00, 2.143e+00, 9.983e+02, 1.870e-07
2.435e+00, 5.000e-01, -9.550e-01, 1.179e+05, 0.000e+00, 4.223e-04, 0.000e+00, 2.141e+00, 9.983e+02, 1.813e-07
2.435e+00, 5.000e-01, -9.450e-01, 1.178e+05, 0.000e+00, 4.068e-04, 0.000e+00, 2.140e+00, 9.983e+02, 1.746e-07
2.435e+00, 5.000e-01, -9.350e-01, 1.177e+05, 0.000e+00, 3.883e-04, 0.000e+00, 2.138e+00, 9.983e+02, 1.667e-07
2.435e+00, 5.000e-01, -9.250e-01, 1.176e+05, 0.000e+00, 3.644e-04, 0.000e+00, 2.136e+00, 9.983e+02, 1.564e-07
2.435e+00, 5.000e-01, -9.150e-01, 1.175e+05, 0.000e+00, 3.390e-04, 0.000e+00, 2.134e+00, 9.983e+02, 1.455e-07
2.435e+00, 5.000e-01, -9.050e-01, 1.174e+05, 0.000e+00, 3.196e-04, 0.000e+00, 2.132e+00, 9.983e+02, 1.372e-07
2.435e+00, 5.000e-01, -8.950e-01, 1.173e+05, 0.000e+00, 3.037e-04, 0.000e+00, 2.131e+00, 9.983e+02, 1.304e-07
2.435e+00, 5.000e-01, -8.850e-01, 1.172e+05, 0.000e+00, 2.856e-04, 0.000e+00, 2.129e+00, 9.983e+02, 1.226e-07
2.435e+00, 5.000e-01, -8.750e-01, 1.171e+05, 0.000e+00, 2.608e-04, 0.000e+00, 2.127e+00, 9.983e+02, 1.120e-07
2.435e+00, 5.000e-01, -8.650e-01, 1.170e+05, 0.000e+00, 2.301e-04, 0.000e+00, 2.125e+00, 9.983e+02, 9.876e-08
2.435e+00, 5.000e-01, -8.550e-01, 1.169e+05, 0.000e+00, 1.970e-04, 0.000e+00, 2.124e+00, 9.983e+02, 8.456e-08
2.435e+00, 5.000e-01, -8.450e-01, 1.168e+05, 0.000e+00, 1.644e-04, 0.000e+00, 2.122e+00, 9.983e+02, 7.059e-08
2.435e+00, 5.000e-01, -8.350e-01, 1.167e+05, 0.000e+00, 1.339e-04, 0.000e+00, 2.120e+00, 9.983e+02, 5.748e-08
2.435e+00, 5.000e-01, -8.250e-01, 1.166e+05, 0.000e+00, 1.060e-04, 0.000e+00, 2.118e+00, 9.983e+02, 4.551e-08
2.435e+00, 5.000e-01, -8.150e-01, 1.165e+05, 0.000e+00, 8.123e-05, 0.000e+00, 2.116e+00, 9.983e+02, 3.487e-08
2.435e+00, 5.000e-01, -8.050e-01, 1.164e+05, 0.000e+00, 5.998e-05, 0.000e+00, 2.115e+00, 9.983e+02, 2.575e-08
2.435e+00, 5.000e-01, -7.950e-01, 1.163e+05, 0.000e+00, 4.315e-05, 0.000e+00, 2.113e+00, 9.983e+02, 1.852e-08
2.435e+00, 5.000e-01, -7.850e-01, 1.162e+05, 0.000e+00, 3.304e-05, 0.000e+00, 2.111e+00, 9.983e+02, 1.418e-08
2.435e+00, 5.000e-01, -7.750e-01, 1.161e+05, 0.000e+00, 3.527e-05, 0.000e+00, 2.109e+00, 9.983e+02, 1.514e-08
2.435e+00, 5.000e-01, -7.650e-01, 1.160e+05, 0.000e+00, 5.938e-05, 0.000e+00, 2.107e+00, 9.983e+02, 2.549e-08
2.435e+00, 5.000e-01, -7.550e-01, 1.159e+05, 0.000e+00, 1.088e-04, 0.000e+00, 2.106e+00, 9.983e+02, 4.670e-08
2.435e+00, 5.000e-01, -7.450e-01, 1.173e+05, 0.000e+00, 1.891e-04, 0.000e+00, 2.131e+00, 9.983e+02, 8.293e-08
2.435e+00, 5.000e-01, -7.350e-01, 1.172e+05, 0.000e+00, 1.893e-04, 0.000e+00, 2.129e+00, 9.983e+02, 8.313e-08
2.435e+00, 5.000e-01, -7.250e-01, 1.171e+05, 0.000e+00, 1.477e-04, 0.000e+00, 2.127e+00, 9.983e+02, 6.489e-08
2.435e+00, 5.000e-01, -7.150e-01, 1.170e+05, 0.000e+00, 1.013e-04, 0.000e+00, 2.126e+00, 9.983e+02, 4.449e-08
2.435e+00, 5.000e-01, -7.050e-01, 1.169e+05, 0.000e+00, 6.714e-05, 0.000e+00, 2.124e+00, 9.983e+02, 2.949e-08
2.435e+00, 5.000e-01, -6.950e-01, 1.168e+05, 0.000e+00, 4.992e-05, 0.000e+00, 2.122e+00, 9.983e+02, 2.193e-08
2.435e+00, 5.000e-01, -6.850e-01, 1.167e+05, 0.000e+00, 5.029e-05, 0.000e+00, 2.120e+00, 9.983e+02, 2.209e-08
2.435e+00, 5.000e-01, -6.750e-01, 1.166e+05, 0.000e+00, 6.838e-05, 0.000e+00, 2.119e+00, 9.983e+02, 3.004e-08
2.435e+00, 5.000e-01, -6.650e-01, 1.165e+05, 0.000e+00, 1.036e-04, 0.000e+00, 2.117e+00, 9.983e+02, 4.549e-08
2.435e+00, 5.000e-01, -6.550e-01, 1.164e+05, 0.000e+00, 1.523e-04, 0.000e+00, 2.115e+00, 9.983e+02, 6.690e-08
2.435e+00, 5.000e-01, -6.450e-01, 1.163e+05, 0.000e+00, 2.075e-04, 0.000e+00, 2.113e+00, 9.983e+02, 9.114e-08
2.435e+00, 5.000e-01, -6.350e-01, 1.162e+05, 0.000e+00, 2.622e-04, 0.000e+00, 2.111e+00, 9.983e+02, 1.152e-07
2.435e+00, 5.000e-01, -6.250e-01, 1.146e+05, 0.000e+00, 3.185e-04, 0.000e+00, 2.083e+00, 9.983e+02, 1.415e-07
2.435e+00, 5.000e-01, -6.150e-01, 1.145e+05, 0.000e+00, 3.626e-04, 0.000e+00, 2.081e+00, 9.983e+02, 1.629e-07
2.435e+00, 5.000e-01, -6.050e-01, 1.144e+05, 0.000e+00, 3.810e-04, 0.000e+00, 2.079e+00, 9.983e+02, 1.712e-07
2.435e+00, 5.000e-01, -5.950e-01, 1.144e+05, 0.000e+00, 3.822e-04, 0.000e+00, 2.077e+00, 9.983e+02, 1.717e-07
2.435e+00, 5.000e-01, -5.850e-01, 1.143e+05, 0.000e+00, 3.760e-04, 0.000e+00, 2.075e+00, 9.983e+02, 1.689e-07
2.435e+00, 5.000e-01, -5.750e-01, 1.142e+05, 0.000e+00, 3.694e-04, 0.000e+00, 2.074e+00, 9.983e+02, 1.660e-07
2.435e+00, 5.000e-01, -5.650e-01, 1.141e+05, 0.000e+00, 3.667e-04, 0.000e+00, 2.072e+00, 9.983e+02, 1.647e-07
2.435e+00, 5.000e-01, -5.550e-01, 1.140e+05, 0.000e+00, 3.693e-04, 0.000e+00, 2.070e+00, 9.983e+02, 1.659e-07
2.435e+00, 5.000e-01, -5.450e-01, 1.139e+05, 0.000e+00, 3.771e-04, 0.000e+00, 2.068e+00, 9.983e+02, 1.694e-07
2.435e+00, 5.000e-01, -5.350e-01, 1.138e+05, 0.000e+00, 3.896e-04, 0.000e+00, 2.067e+00, 9.983e+02, 1.750e-07
2.435e+00, 5.000e-01, -5.250e-01, 1.137e+05, 0.000e+00, 4.051e-04, 0.000e+00, 2.065e+00, 9.983e+02, 1.820e-07
2.435e+00, 5.000e-01, -5.150e-01, 1.136e+05, 0.000e+00, 4.190e-04, 0.000e+00, 2.063e+00, 9.983e+02, 1.841e-07
2.435e+00, 5.000e-01, -5.050e-01, 1.135e+05, 0.000e+00, 4.196e-04, 0.000e+00, 2.061e+00, 9.983e+02, 1.801e-07
2.435e+00, 5.000e-01, -4.950e-01, 1.134e+05, 0.000e+00, 4.075e-04, 0.000e+00, 2.059e+00, 9.983e+02, 1.749e-07
2.435e+00, 5.000e-01, -4.850e-01, 1.133e+05, 0.000e+00, 3.875e-04, 0.000e+00, 2.057e+00, 9.983e+02, 1.663e-07
2.435e+00, 5.000e-01, -4.750e-01, 1.132e+05, 0.000e+00, 3.584e-04, 0.000e+00, 2.056e+00, 9.983e+02, 1.538e-07
2.435e+00, 5.000e-01, -4.650e-01, 1.131e+05, 0.000e+00, 3.276e-04, 0.000e+00, 2.054e+00, 9.983e+02, 1.406e-07
2.435e+00, 5.000e-01, -4.550e-01, 1.130e+05, 0.000e+00, 3.170e-04, 0.000e+00, 2.052e+00, 9.983e+02, 1.420e-07
2.435e+00, 5.000e-01, -4.450e-01, 1.129e+05, 0.000e+00, 3.183e-04, 0.000e+00, 2.050e+00, 9.983e+02, 1.407e-07
2.435e+00, 5.000e-01, -4.350e-01, 1.128e+05, 0.000e+00, 3.143e-04, 0.000e+00, 2.048e+00, 9.983e+02, 1.349e-07
2.435e+00, 5.000e-01, -4.250e-01, 1.127e+05, 0.000e+00, 2.992e-04, 0.000e+00, 2.047e+00, 9.983e+02, 1.284e-07
2.435e+00, 5.000e-01, -4.150e-01, 1.126e+05, 0.000e+00, 2.636e-04, 0.000e+00, 2.045e+00, 9.983e+02, 1.132e-07
2.435e+00, 5.000e-01, -4.050e-01, 1.125e+05, 0.000e+00, 2.263e-04, 0.000e+00, 2.043e+00, 9.983e+02, 9.714e-08
2.435e+00, 5.000e-01, -3.950e-01, 1.124e+05, 0.000e+00, 2.121e-04, 0.000e+00, 2.041e+00, 9.983e+02, 9.106e-08
2.435e+00, 5.000e-01, -3.850e-01, 1.123e+05, 0.000e+00, 2.069e-04, 0.000e+00, 2.039e+00, 9.983e+02, 9.005e-08
2.435e+00, 5.000e-01, -3.750e-01, 1.122e+05, 0.000e+00, 2.053e-04, 0.000e+00, 2.038e+00, 9.983e+02, 9.222e-08
2.435e+00, 5.000e-01, -3.650e-01, 1.121e+05, 0.000e+00, 2.099e-04, 0.000e+00, 2.036e+00, 9.983e+02, 9.428e-08
2.435e+00, 5.000e-01, -3.550e-01, 1.120e+05, 0.000e+00, 2.229e-04, 0.000e+00, 2.034e+00, 9.983e+02, 1.002e-07
2.435e+00, 5.000e-01, -3.450e-01, 1.119e+05, 0.000e+00, 2.458e-04, 0.000e+00, 2.033e+00, 9.983e+02, 1.104e-07
2.435e+00, 5.000e-01, -3.350e-01, 1.118e+05, 0.000e+00, 2.676e-04, 0.000e+00, 2.031e+00, 9.983e+02, 1.202e-07
2.435e+00, 5.000e-01, -3.250e-01, 1.117e+05, 0.000e+00, 2.767e-04, 0.000e+00, 2.029e+00, 9.983e+02, 1.243e-07
2.435e+00, 5.000e-01, -3.150e-01, 1.116e+05, 0.000e+00, 2.802e-04, 0.000e+00, 2.027e+00, 9.983e+02, 1.259e-07
2.435e+00, 5.000e-01, -3.050e-01, 1.115e+05, 0.000e+00, 2.987e-04, 0.000e+00, 2.025e+00, 9.983e+02, 1.342e-07
2.435e+00, 5.000e-01, -2.950e-01, 1.115e+05, 0.000e+00, 3.547e-04, 0.000e+00, 2.025e+00, 9.983e+02, 1.572e-07
2.435e+00, 5.000e-01, -2.850e-01, 1.114e+05, 0.000e+00, 3.791e-04, 0.000e+00, 2.023e+00, 9.983e+02, 1.665e-07
2.435e+00, 5.000e-01, -2.750e-01, 1.113e+05, 0.000e+00, 3.931e-04, 0.000e+00, 2.021e+00, 9.983e+02, 1.727e-07
2.435e+00, 5.000e-01, -2.650e-01, 1.112e+05, 0.000e+00, 4.123e-04, 0.000e+00, 2.020e+00, 9.983e+02, 1.811e-07
2.435e+00, 5.000e-01, -2.550e-01, 1.111e+05, 0.000e+00, 4.377e-04, 0.000e+00, 2.018e+00, 9.983e+02, 1.923e-07
2.435e+00, 5.000e-01, -2.450e-01, 1.110e+05, 0.000e+00, 4.654e-04, 0.000e+00, 2.016e+00, 9.983e+02, 2.044e-07
2.435e+00, 5.000e-01, -2.350e-01, 1.109e+05, 0.000e+00, 4.888e-04, 0.000e+00, 2.014e+00, 9.983e+02, 2.147e-07
2.435e+00, 5.000e-01, -2.250e-01, 1.108e+05, 0.000e+00, 5.003e-04, 0.000e+00, 2.012e+00, 9.984e+02, 2.198e-07
2.435e+00, 5.000e-01, -2.150e-01, 1.107e+05, 0.000e+00, 4.889e-04, 0.000e+00, 2.011e+00, 9.983e+02, 2.144e-07
2.435e+00, 5.000e-01, -2.050e-01, 1.108e+05, 0.000e+00, 4.469e-04, 0.000e+00, 2.012e+00, 9.983e+02, 1.919e-07
2.435e+00, 5.000e-01, -1.950e-01, 1.107e+05, 0.000e+00, 4.077e-04, 0.000e+00, 2.011e+00, 9.983e+02, 1.750e-07
2.435e+00, 5.000e-01, -1.850e-01, 1.106e+05, 0.000e+00, 3.699e-04, 0.000e+00, 2.009e+00, 9.983e+02, 1.588e-07
2.435e+00, 5.000e-01, -1.750e-01, 1.105e+05, 0.000e+00, 3.442e-04, 0.000e+00, 2.007e+00, 9.983e+02, 1.477e-07
2.435e+00, 5.000e-01, -1.650e-01, 1.104e+05, 0.000e+00, 3.450e-04, 0.000e+00, 2.005e+00, 9.983e+02, 1.481e-07
2.435e+00, 5.000e-01, -1.550e-01, 1.103e+05, 0.000e+00, 3.706e-04, 0.000e+00, 2.004e+00, 9.983e+02, 1.591e-07
2.435e+00, 5.000e-01, -1.450e-01, 1.102e+05, 0.000e+00, 3.863e-04, 0.000e+00, 2.002e+00, 9.983e+02, 1.658e-07
2.435e+00, 5.000e-01, -1.350e-01, 1.113e+05, 0.000e+00, 3.440e-04, 0.000e+00, 2.022e+00, 9.983e+02, 1.504e-07
2.435e+00, 5.000e-01, -1.250e-01, 1.112e+05, 0.000e+00, 2.582e-04, 0.000e+00, 2.020e+00, 9.983e+02, 1.134e-07
2.435e+00, 5.000e-01, -1.150e-01, 1.111e+05, 0.000e+00, 1.684e-04, 0.000e+00, 2.018e+00, 9.983e+02, 7.395e-08
2.435e+00, 5.000e-01, -1.050e-01, 1.110e+05, 0.000e+00, 9.860e-05, 0.000e+00, 2.017e+00, 9.983e+02, 4.331e-08
2.435e+00, 5.000e-01, -9.500e-02, 1.109e+05, 0.000e+00, 5.349e-05, 0.000e+00, 2.015e+00, 9.983e+02, 2.349e-08
2.435e+00, 5.000e-01, -8.500e-02, 1.108e+05, 0.000e+00, 2.750e-05, 0.000e+00, 2.013e+00, 9.983e+02, 1.208e-08
2.435e+00, 5.000e-01, -7.500e-02, 1.107e+05, 0.000e+00, 1.358e-05, 0.000e+00, 2.011e+00, 9.983e+02, 5.966e-09
2.435e+00, 5.000e-01, -6.500e-02, 1.106e+05, 0.000e+00, 6.479e-06, 0.000e+00, 2.009e+00, 9.983e+02, 2.846e-09
2.435e+00, 5.000e-01, -5.500e-02, 1.105e+05, 0.000e+00, 2.982e-06, 0.000e+00, 2.008e+00, 9.983e+02, 1.310e-09
2.435e+00, 5.000e-01, -4.500e-02, 1.104e+05, 0.000e+00, 1.321e-06, 0.000e+00, 2.006e+00, 9.983e+02, 5.804e-10
2.435e+00, 5.000e-01, -3.500e-02, 1.103e+05, 0.000e+00, 5.626e-07, 0.000e+00, 2.004e+00, 9.983e+02, 2.471e-10
2.435e+00, 5.000e-01, -2.500e-02, 1.102e+05, 0.000e+00, 2.309e-07, 0.000e+00, 2.002e+00, 9.983e+02, 1.014e-10
2.435e+00, 5.000e-01, -1.500e-02, 1.101e+05, 0.000e+00, 9.359e-08, 0.000e+00, 2.000e+00, 9.983e+02, 4.111e-11
2.435e+00, 5.000e-01, -5.000e-03, 1.100e+05, 0.000e+00, 4.170e-08, 0.000e+00, 1.999e+00, 9.983e+02, 1.831e-11
2.445e+00, 5.000e-01, -1.195e+00, 1.202e+05, 0.000e+00, 1.002e-13, 0.000e+00, 2.184e+00, 9.983e+02, 2.000e-17
2.445e+00, 5.000e-01, -1.185e+00, 1.201e+05, 0.000e+00, 1.002e-13, 0.000e+00, 2.182e+00, 9.983e+02, 2.000e-17
2.445e+00, 5.000e-01, -1.175e+00, 1.200e+05, 0.000e+00, 1.002e-13, 0.000e+00, 2.181e+00, 9.983e+02, 2.000e-17
2.445e+00, 5.000e-01, -1.165e+00, 1.199e+05, 0.000e+00, 1.002e-13, 0.000e+00, 2.179e+00, 9.983e+02, 2.000e-17
2.445e+00, 5.000e-01, -1.155e+00, 1.198e+05, 0.000e+00, 1.002e-13, 0.000e+00, 2.177e+00, 9.983e+02, 2.000e-17
2.445e+00, 5.000e-01, -1.145e+00, 1.197e+05, 0.000e+00, 1.002e-13, 0.000e+00, 2.175e+00, 9.983e+02, 2.000e-17
2.445e+00, 5.000e-01, -1.135e+00, 1.196e+05, 0.000e+00, 1.002e-13, 0.000e+00, 2.173e+00, 9.983e+02, 2.000e-17
2.445e+00, 5.000e-01, -1.125e+00, 1.195e+05, 0.000e+00, 6.184e-13, 0.000e+00, 2.172e+00, 9.983e+02, 1.238e-16
2.445e+00, 5.000e-01, -1.115e+00, 1.194e+05, 0.000e+00, 3.820e-04, 0.000e+00, 2.170e+00, 9.983e+02, 1.583e-07
2.445e+00, 5.000e-01, -1.105e+00, 1.193e+05, 0.000e+00, 3.961e-04, 0.000e+00, 2.168e+00, 9.983e+02, 1.700e-07
2.445e+00, 5.000e-01, -1.095e+00, 1.192e+05, 0.000e+00, 4.089e-04, 0.000e+00, 2.167e+00, 9.983e+02, 1.755e-07
2.445e+00, 5.000e-01, -1.085e+00, 1.191e+05, 0.000e+00, 4.193e-04, 0.000e+00, 2.165e+00, 9.983e+02, 1.800e-07
2.445e+00, 5.000e-01, -1.075e+00, 1.190e+05, 0.000e+00, 4.313e-04, 0.000e+00, 2.163e+00, 9.983e+02, 1.851e-07
2.445e+00, 5.000e-01, -1.065e+00, 1.189e+05, 0.000e+00, 4.460e-04, 0.000e+00, 2.161e+00, 9.983e+02, 1.915e-07
2.445e+00, 5.000e-01, -1.055e+00, 1.188e+05, 0.000e+00, 4.609e-04, 0.000e+00, 2.159e+00, 9.983e+02, 1.978e-07
2.445e+00, 5.000e-01, -1.045e+00, 1.187e+05, 0.000e+00, 4.717e-04, 0.000e+00, 2.158e+00, 9.983e+02, 2.025e-07
2.445e+00, 5.000e-01, -1.035e+00, 1.186e+05, 0.000e+00, 4.765e-04, 0.000e+00, 2.156e+00, 9.984e+02, 2.046e-07
2.445e+00, 5.000e-01, -1.025e+00, 1.185e+05, 0.000e+00, 4.759e-04, 0.000e+00, 2.154e+00, 9.983e+02, 2.043e-07
2.445e+00, 5.000e-01, -1.015e+00, 1.185e+05, 0.000e+00, 4.718e-04, 0.000e+00, 2.152e+00, 9.983e+02, 2.025e-07
2.445e+00, 5.000e-01, -1.005e+00, 1.184e+05, 0.000e+00, 4.657e-04, 0.000e+00, 2.150e+00, 9.983e+02, 1.999e-07
2.445e+00, 5.000e-01, -9.950e-01, 1.183e+05, 0.000e+00, 4.584e-04, 0.000e+00, 2.149e+00, 9.983e+02, 1.968e-07
2.445e+00, 5.000e-01, -9.850e-01, 1.182e+05, 0.000e+00, 4.500e-04, 0.000e+00, 2.147e+00, 9.983e+02, 1.932e-07
2.445e+00, 5.000e-01, -9.750e-01, 1.181e+05, 0.000e+00, 4.399e-04, 0.000e+00, 2.145e+00, 9.983e+02, 1.888e-07
2.445e+00, 5.000e-01, -9.650e-01, 1.180e+05, 0.000e+00, 4.277e-04, 0.000e+00, 2.143e+00, 9.983e+02, 1.836e-07
2.445e+00, 5.000e-01, -9.550e-01, 1.179e+05, 0.000e+00, 4.134e-04, 0.000e+00, 2.141e+00, 9.983e+02, 1.775e-07
2.445e+00, 5.000e-01, -9.450e-01, 1.178e+05, 0.000e+00, 3.966e-04, 0.000e+00, 2.140e+00, 9.983e+02, 1.702e-07
2.445e+00, 5.000e-01, -9.350e-01, 1.177e+05, 0.000e+00, 3.734e-04, 0.000e+00, 2.138e+00, 9.983e+02, 1.603e-07
2.445e+00, 5.000e-01, -9.250e-01, 1.176e+05, 0.000e+00, 3.486e-04, 0.000e+00, 2.136e+00, 9.983e+02, 1.497e-07
2.445e+00, 5.000e-01, -9.150e-01, 1.175e+05, 0.000e+00, 3.270e-04, 0.000e+00, 2.134e+00, 9.983e+02, 1.404e-07
2.445e+00, 5.000e-01, -9.050e-01, 1.174e+05, 0.000e+00, 3.113e-04, 0.000e+00, 2.132e+00, 9.983e+02, 1.336e-07
2.445e+00, 5.000e-01, -8.950e-01, 1.173e+05, 0.000e+00, 2.963e-04, 0.000e+00, 2.131e+00, 9.983e+02, 1.272e-07
2.445e+00, 5.000e-01, -8.850e-01, 1.172e+05, 0.000e+00, 2.761e-04, 0.000e+00, 2.129e+00, 9.983e+02, 1.185e-07
2.445e+00, 5.000e-01, -8.750e-01, 1.171e+05, 0.000e+00, 2.486e-04, 0.000e+00, 2.127e+00, 9.983e+02, 1.067e-07
2.445e+00, 5.000e-01, -8.650e-01, 1.170e+05, 0.000e+00, 2.169e-04, 0.000e+00, 2.125e+00, 9.983e+02, 9.309e-08
2.445e+00, 5.000e-01, -8.550e-01, 1.169e+05, 0.000e+00, 1.844e-04, 0.000e+00, 2.124e+00, 9.983e+02, 7.916e-08
2.445e+00, 5.000e-01, -8.450e-01, 1.168e+05, 0.000e+00, 1.532e-04, 0.000e+00, 2.122e+00, 9.983e+02, 6.578e-08
2.445e+00, 5.000e-01, -8.350e-01, 1.167e+05, 0.000e+00, 1.243e-04, 0.000e+00, 2.120e+00, 9.983e+02, 5.334e-08
2.445e+00, 5.000e-01, -8.250e-01, 1.166e+05, 0.000e+00, 9.789e-05, 0.000e+00, 2.118e+00, 9.983e+02, 4.202e-08
2.445e+00, 5.000e-01, -8.150e-01, 1.165e+05, 0.000e+00, 7.453e-05, 0.000e+00, 2.116e+00, 9.983e+02, 3.199e-08
2.445e+00, 5.000e-01, -8.050e-01, 1.164e+05, 0.000e+00, 5.463e-05, 0.000e+00, 2.115e+00, 9.983e+02, 2.345e-08
2.445e+00, 5.000e-01, -7.950e-01, 1.163e+05, 0.000e+00, 3.915e-05, 0.000e+00, 2.113e+00, 9.983e+02, 1.680e-08
2.445e+00, 5.000e-01, -7.850e-01, 1.162e+05, 0.000e+00, 3.049e-05, 0.000e+00, 2.111e+00, 9.983e+02, 1.309e-08
2.445e+00, 5.000e-01, -7.750e-01, 1.161e+05, 0.000e+00, 3.452e-05, 0.000e+00, 2.109e+00, 9.983e+02, 1.482e-08
2.445e+00, 5.000e-01, -7.650e-01, 1.160e+05, 0.000e+00, 6.102e-05, 0.000e+00, 2.107e+00, 9.983e+02, 2.619e-08
2.445e+00, 5.000e-01, -7.550e-01, 1.159e+05, 0.000e+00, 1.106e-04, 0.000e+00, 2.106e+00, 9.983e+02, 4.751e-08
2.445e+00, 5.000e-01, -7.450e-01, 1.173e+05, 0.000e+00, 1.893e-04, 0.000e+00, 2.131e+00, 9.983e+02, 8.313e-08
2.445e+00, 5.000e-01, -7.350e-01, 1.172e+05, 0.000e+00, 1.841e-04, 0.000e+00, 2.129e+00, 9.983e+02, 8.087e-08
2.445e+00, 5.000e-01, -7.250e-01, 1.171e+05, 0.000e+00, 1.404e-04, 0.000e+00, 2.127e+00, 9.983e+02, 6.166e-08
2.445e+00, 5.000e-01, -7.150e-01, 1.170e+05, 0.000e+00, 9.441e-05, 0.000e+00, 2.126e+00, 9.983e+02, 4.147e-08
2.445e+00, 5.000e-01, -7.050e-01, 1.169e+05, 0.000e+00, 6.182e-05, 0.000e+00, 2.124e+00, 9.983e+02, 2.715e-08
2.445e+00, 5.000e-01, -6.950e-01, 1.168e+05, 0.000e+00, 4.638e-05, 0.000e+00, 2.122e+00, 9.983e+02, 2.037e-08
2.445e+00, 5.000e-01, -6.850e-01, 1.167e+05, 0.000e+00, 4.848e-05, 0.000e+00, 2.120e+00, 9.983e+02, 2.129e-08
2.445e+00, 5.000e-01, -6.750e-01, 1.166e+05, 0.000e+00, 6.830e-05, 0.000e+00, 2.119e+00, 9.983e+02, 3.000e-08
2.445e+00, 5.000e-01, -6.650e-01, 1.165e+05, 0.000e+00, 1.053e-04, 0.000e+00, 2.117e+00, 9.983e+02, 4.624e-08
2.445e+00, 5.000e-01, -6.550e-01, 1.164e+05, 0.000e+00, 1.558e-04, 0.000e+00, 2.115e+00, 9.983e+02, 6.842e-08
2.445e+00, 5.000e-01, -6.450e-01, 1.163e+05, 0.000e+00, 2.119e-04, 0.000e+00, 2.113e+00, 9.983e+02, 9.310e-08
2.445e+00, 5.000e-01, -6.350e-01, 1.162e+05, 0.000e+00, 2.659e-04, 0.000e+00, 2.111e+00, 9.983e+02, 1.168e-07
2.445e+00, 5.000e-01, -6.250e-01, 1.146e+05, 0.000e+00, 3.210e-04, 0.000e+00, 2.083e+00, 9.983e+02, 1.433e-07
2.445e+00, 5.000e-01, -6.150e-01, 1.145e+05, 0.000e+00, 3.580e-04, 0.000e+00, 2.081e+00, 9.983e+02, 1.608e-07
2.445e+00, 5.000e-01, -6.050e-01, 1.144e+05, 0.000e+00, 3.743e-04, 0.000e+00, 2.079e+00, 9.983e+02, 1.682e-07
2.445e+00, 5.000e-01, -5.950e-01, 1.144e+05, 0.000e+00, 3.752e-04, 0.000e+00, 2.077e+00, 9.983e+02, 1.685e-07
2.445e+00, 5.000e-01, -5.850e-01, 1.143e+05, 0.000e+00, 3.683e-04, 0.000e+00, 2.075e+00, 9.983e+02, 1.655e-07
2.445e+00, 5.000e-01, -5.750e-01, 1.142e+05, 0.000e+00, 3.600e-04, 0.000e+00, 2.074e+00, 9.983e+02, 1.617e-07
2.445e+00, 5.000e-01, -5.650e-01, 1.141e+05, 0.000e+00, 3.542e-04, 0.000e+00, 2.072e+00, 9.983e+02, 1.591e-07
2.445e+00, 5.000e-01, -5.550e-01, 1.140e+05, 0.000e+00, 3.527e-04, 0.000e+00, 2.070e+00, 9.983e+02, 1.584e-07
2.445e+00, 5.000e-01, -5.450e-01, 1.139e+05, 0.000e+00, 3.565e-04, 0.000e+00, 2.068e+00, 9.983e+02, 1.602e-07
2.445e+00, 5.000e-01, -5.350e-01, 1.138e+05, 0.000e+00, 3.667e-04, 0.000e+00, 2.067e+00, 9.983e+02, 1.648e-07
2.445e+00, 5.000e-01, -5.250e-01, 1.137e+05, 0.000e+00, 3.845e-04, 0.000e+00, 2.065e+00, 9.983e+02, 1.727e-07
2.445e+00, 5.000e-01, -5.150e-01, 1.136e+05, 0.000e+00, 4.062e-04, 0.000e+00, 2.063e+00, 9.983e+02, 1.770e-07
2.445e+00, 5.000e-01, -5.050e-01, 1.135e+05, 0.000e+00, 4.081e-04, 0.000e+00, 2.061e+00, 9.983e+02, 1.752e-07
2.445e+00, 5.000e-01, -4.950e-01, 1.134e+05, 0.000e+00, 3.925e-04, 0.000e+00, 2.059e+00, 9.983e+02, 1.685e-07
2.445e+00, 5.000e-01, -4.850e-01, 1.133e+05, 0.000e+00, 3.677e-04, 0.000e+00, 2.057e+00, 9.983e+02, 1.578e-07
2.445e+00, 5.000e-01, -4.750e-01, 1.132e+05, 0.000e+00, 3.380e-04, 0.000e+00, 2.056e+00, 9.983e+02, 1.451e-07
2.445e+00, 5.000e-01, -4.650e-01, 1.131e+05, 0.000e+00, 3.198e-04, 0.000e+00, 2.054e+00, 9.983e+02, 1.377e-07
2.445e+00, 5.000e-01, -4.550e-01, 1.130e+05, 0.000e+00, 3.195e-04, 0.000e+00, 2.052e+00, 9.983e+02, 1.435e-07
2.445e+00, 5.000e-01, -4.450e-01, 1.129e+05, 0.000e+00, 3.170e-04, 0.000e+00, 2.050e+00, 9.983e+02, 1.393e-07
2.445e+00, 5.000e-01, -4.350e-01, 1.128e+05, 0.000e+00, 3.059e-04, 0.000e+00, 2.048e+00, 9.983e+02, 1.313e-07
2.445e+00, 5.000e-01, -4.250e-01, 1.127e+05, 0.000e+00, 2.812e-04, 0.000e+00, 2.047e+00, 9.983e+02, 1.207e-07
2.445e+00, 5.000e-01, -4.150e-01, 1.126e+05, 0.000e+00, 2.356e-04, 0.000e+00, 2.045e+00, 9.983e+02, 1.011e-07
2.445e+00, 5.000e-01, -4.050e-01, 1.125e+05, 0.000e+00, 2.124e-04, 0.000e+00, 2.043e+00, 9.983e+02, 9.117e-08
2.445e+00, 5.000e-01, -3.950e-01, 1.124e+05, 0.000e+00, 2.059e-04, 0.000e+00, 2.041e+00, 9.983e+02, 8.838e-08
2.445e+00, 5.000e-01, -3.850e-01, 1.123e+05, 0.000e+00, 2.050e-04, 0.000e+00, 2.039e+00, 9.983e+02, 8.985e-08
2.445e+00, 5.000e-01, -3.750e-01, 1.122e+05, 0.000e+00, 2.058e-04, 0.000e+00, 2.038e+00, 9.983e+02, 9.246e-08
2.445e+00, 5.000e-01, -3.650e-01, 1.121e+05, 0.000e+00, 2.124e-04, 0.000e+00, 2.036e+00, 9.983e+02, 9.541e-08
2.445e+00, 5.000e-01, -3.550e-01, 1.120e+05, 0.000e+00, 2.247e-04, 0.000e+00, 2.034e+00, 9.983e+02, 1.009e-07
2.445e+00, 5.000e-01, -3.450e-01, 1.119e+05, 0.000e+00, 2.393e-04, 0.000e+00, 2.033e+00, 9.983e+02, 1.075e-07
2.445e+00, 5.000e-01, -3.350e-01, 1.118e+05, 0.000e+00, 2.478e-04, 0.000e+00, 2.031e+00, 9.983e+02, 1.113e-07
2.445e+00, 5.000e-01, -3.250e-01, 1.117e+05, 0.000e+00, 2.468e-04, 0.000e+00, 2.029e+00, 9.983e+02, 1.109e-07
2.445e+00, 5.000e-01, -3.150e-01, 1.116e+05, 0.000e+00, 2.443e-04, 0.000e+00, 2.027e+00, 9.983e+02, 1.098e-07
2.445e+00, 5.000e-01, -3.050e-01, 1.115e+05, 0.000e+00, 2.582e-04, 0.000e+00, 2.025e+00, 9.983e+02, 1.160e-07
2.445e+00, 5.000e-01, -2.950e-01, 1.115e+05, 0.000e+00, 3.156e-04, 0.000e+00, 2.025e+00, 9.983e+02, 1.395e-07
2.445e+00, 5.000e-01, -2.850e-01, 1.114e+05, 0.000e+00, 3.389e-04, 0.000e+00, 2.023e+00, 9.983e+02, 1.489e-07
2.445e+00, 5.000e-01, -2.750e-01, 1.113e+05, 0.000e+00, 3.540e-04, 0.000e+00, 2.021e+00, 9.983e+02, 1.555e-07
2.445e+00, 5.000e-01, -2.650e-01, 1.112e+05, 0.000e+00, 3.764e-04, 0.000e+00, 2.020e+00, 9.983e+02, 1.653e-07
2.445e+00, 5.000e-01, -2.550e-01, 1.111e+05, 0.000e+00, 4.077e-04, 0.000e+00, 2.018e+00, 9.983e+02, 1.791e-07
2.445e+00, 5.000e-01, -2.450e-01, 1.110e+05, 0.000e+00, 4.436e-04, 0.000e+00, 2.016e+00, 9.983e+02, 1.949e-07
2.445e+00, 5.000e-01, -2.350e-01, 1.109e+05, 0.000e+00, 4.776e-04, 0.000e+00, 2.014e+00, 9.983e+02, 2.098e-07
2.445e+00, 5.000e-01, -2.250e-01, 1.108e+05, 0.000e+00, 5.030e-04, 0.000e+00, 2.012e+00, 9.984e+02, 2.210e-07
2.445e+00, 5.000e-01, -2.150e-01, 1.107e+05, 0.000e+00, 5.115e-04, 0.000e+00, 2.011e+00, 9.984e+02, 2.237e-07
2.445e+00, 5.000e-01, -2.050e-01, 1.108e+05, 0.000e+00, 4.955e-04, 0.000e+00, 2.012e+00, 9.984e+02, 2.127e-07
2.445e+00, 5.000e-01, -1.950e-01, 1.107e+05, 0.000e+00, 4.727e-04, 0.000e+00, 2.011e+00, 9.983e+02, 2.029e-07
2.445e+00, 5.000e-01, -1.850e-01, 1.106e+05, 0.000e+00, 4.471e-04, 0.000e+00, 2.009e+00, 9.983e+02, 1.920e-07
2.445e+00, 5.000e-01, -1.750e-01, 1.105e+05, 0.000e+00, 4.251e-04, 0.000e+00, 2.007e+00, 9.983e+02, 1.825e-07
2.445e+00, 5.000e-01, -1.650e-01, 1.104e+05, 0.000e+00, 4.125e-04, 0.000e+00, 2.005e+00, 9.983e+02, 1.771e-07
2.445e+00, 5.000e-01, -1.550e-01, 1.103e+05, 0.000e+00, 4.072e-04, 0.000e+00, 2.004e+00, 9.983e+02, 1.748e-07
2.445e+00, 5.000e-01, -1.450e-01, 1.102e+05, 0.000e+00, 3.905e-04, 0.000e+00, 2.002e+00, 9.983e+02, 1.676e-07
2.445e+00, 5.000e-01, -1.350e-01, 1.113e+05, 0.000e+00, 3.286e-04, 0.000e+00, 2.022e+00, 9.983e+02, 1.441e-07
2.445e+00, 5.000e-01, -1.250e-01, 1.112e+05, 0.000e+00, 2.379e-04, 0.000e+00, 2.020e+00, 9.983e+02, 1.045e-07
2.445e+00, 5.000e-01, -1.150e-01, 1.111e+05, 0.000e+00, 1.519e-04, 0.000e+00, 2.018e+00, 9.983e+02, 6.671e-08
2.445e+00, 5.000e-01, -1.050e-01, 1.110e+05, 0.000e+00, 8.811e-05, 0.000e+00, 2.017e+00, 9.983e+02, 3.870e-08
2.445e+00, 5.000e-01, -9.500e-02, 1.109e+05, 0.000e+00, 4.772e-05, 0.000e+00, 2.015e+00, 9.983e+02, 2.096e-08
2.445e+00, 5.000e-01, -8.500e-02, 1.108e+05, 0.000e+00, 2.460e-05, 0.000e+00, 2.013e+00, 9.983e+02, 1.081e-08
2.445e+00, 5.000e-01, -7.500e-02, 1.107e+05, 0.000e+00, 1.220e-05, 0.000e+00, 2.011e+00, 9.983e+02, 5.359e-09
2.445e+00, 5.000e-01, -6.500e-02, 1.106e+05, 0.000e+00, 5.838e-06, 0.000e+00, 2.009e+00, 9.983e+02, 2.564e-09
2.445e+00, 5.000e-01, -5.500e-02, 1.105e+05, 0.000e+00, 2.691e-06, 0.000e+00, 2.008e+00, 9.983e+02, 1.182e-09
2.445e+00, 5.000e-01, -4.500e-02, 1.104e+05, 0.000e+00, 1.192e-06, 0.000e+00, 2.006e+00, 9.983e+02, 5.237e-10
2.445e+00, 5.000e-01, -3.500e-02, 1.103e+05, 0.000e+00, 5.069e-07, 0.000e+00, 2.004e+00, 9.983e+02, 2.226e-10
2.445e+00, 5.000e-01, -2.500e-02, 1.102e+05, 0.000e+00, 2.075e-07, 0.000e+00, 2.002e+00, 9.983e+02, 9.114e-11
2.445e+00, 5.000e-01, -1.500e-02, 1.101e+05, 0.000e+00, 8.384e-08, 0.000e+00, 2.000e+00, 9.983e+02, 3.683e-11
2.445e+00, 5.000e-01, -5.000e-03, 1.100e+05, 0.000e+00, 3.732e-08, 0.000e+00, 1.999e+00, 9.983e+02, 1.639e-11
2.455e+00, 5.000e-01, -1.195e+00, 1.202e+05, 0.000e+00, 1.002e-13, 0.000e+00, 2.184e+00, 9.983e+02, 2.000e-17
2.455e+00, 5.000e-01, -1.185e+00, 1.201e+05, 0.000e+00, 1.002e-13, 0.000e+00, 2.182e+00, 9.983e+02, 2.000e-17
2.455e+00, 5.000e-01, -1.175e+00, 1.200e+05, 0.000e+00, 1.002e-13, 0.000e+00, 2.181e+00, 9.983e+02, 2.000e-17
2.455e+00, 5.000e-01, -1.165e+00, 1.199e+05, 0.000e+00, 1.002e-13, 0.000e+00, 2.179e+00, 9.983e+02, 2.000e-17
2.455e+00, 5.000e-01, -1.155e+00, 1.198e+05, 0.000e+00, 1.002e-13, 0.000e+00, 2.177e+00, 9.983e+02, 2.000e-17
2.455e+00, 5.000e-01, -1.145e+00, 1.197e+05, 0.000e+00, 1.002e-13, 0.000e+00, 2.175e+00, 9.983e+02, 2.000e-17
2.455e+00, 5.000e-01, -1.135e+00, 1.196e+05, 0.000e+00, 1.002e-13, 0.000e+00, 2.173e+00, 9.983e+02, 2.000e-17
2.455e+00, 5.000e-01, -1.125e+00, 1.195e+05, 0.000e+00, 1.635e-12, 0.000e+00, 2.172e+00, 9.983e+02, 3.716e-16
2.455e+00, 5.000e-01, -1.115e+00, 1.194e+05, 0.000e+00, 3.882e-04, 0.000e+00, 2.170e+00, 9.983e+02, 1.666e-07
2.455e+00, 5.000e-01, -1.105e+00, 1.193e+05, 0.000e+00, 3.970e-04, 0.000e+00, 2.168e+00, 9.983e+02, 1.704e-07
2.455e+00, 5.000e-01, -1.095e+00, 1.192e+05, 0.000e+00, 4.091e-04, 0.000e+00, 2.167e+00, 9.983e+02, 1.756e-07
2.455e+00, 5.000e-01, -1.085e+00, 1.191e+05, 0.000e+00, 4.200e-04, 0.000e+00, 2.165e+00, 9.983e+02, 1.803e-07
2.455e+00, 5.000e-01, -1.075e+00, 1.190e+05, 0.000e+00, 4.324e-04, 0.000e+00, 2.163e+00, 9.983e+02, 1.856e-07
2.455e+00, 5.000e-01, -1.065e+00, 1.189e+05, 0.000e+00, 4.467e-04, 0.000e+00, 2.161e+00, 9.983e+02, 1.918e-07
2.455e+00, 5.000e-01, -1.055e+00, 1.188e+05, 0.000e+00, 4.606e-04, 0.000e+00, 2.159e+00, 9.983e+02, 1.977e-07
2.455e+00, 5.000e-01, -1.045e+00, 1.187e+05, 0.000e+00, 4.704e-04, 0.000e+00, 2.158e+00, 9.983e+02, 2.019e-07
2.455e+00, 5.000e-01, -1.035e+00, 1.186e+05, 0.000e+00, 4.744e-04, 0.000e+00, 2.156e+00, 9.983e+02, 2.037e-07
2.455e+00, 5.000e-01, -1.025e+00, 1.185e+05, 0.000e+00, 4.733e-04, 0.000e+00, 2.154e+00, 9.983e+02, 2.032e-07
2.455e+00, 5.000e-01, -1.015e+00, 1.185e+05, 0.000e+00, 4.687e-04, 0.000e+00, 2.152e+00, 9.983e+02, 2.012e-07
2.455e+00, 5.000e-01, -1.005e+00, 1.184e+05, 0.000e+00, 4.619e-04, 0.000e+00, 2.150e+00, 9.983e+02, 1.983e-07
2.455e+00, 5.000e-01, -9.950e-01, 1.183e+05, 0.000e+00, 4.536e-04, 0.000e+00, 2.149e+00, 9.983e+02, 1.947e-07
2.455e+00, 5.000e-01, -9.850e-01, 1.182e+05, 0.000e+00, 4.439e-04, 0.000e+00, 2.147e+00, 9.983e+02, 1.906e-07
2.455e+00, 5.000e-01, -9.750e-01, 1.181e+05, 0.000e+00, 4.325e-04, 0.000e+00, 2.145e+00, 9.983e+02, 1.857e-07
2.455e+00, 5.000e-01, -9.650e-01, 1.180e+05, 0.000e+00, 4.191e-04, 0.000e+00, 2.143e+00, 9.983e+02, 1.799e-07
2.455e+00, 5.000e-01, -9.550e-01, 1.179e+05, 0.000e+00, 4.032e-04, 0.000e+00, 2.141e+00, 9.983e+02, 1.731e-07
2.455e+00, 5.000e-01, -9.450e-01, 1.178e+05, 0.000e+00, 3.825e-04, 0.000e+00, 2.140e+00, 9.983e+02, 1.642e-07
2.455e+00, 5.000e-01, -9.350e-01, 1.177e+05, 0.000e+00, 3.574e-04, 0.000e+00, 2.138e+00, 9.983e+02, 1.534e-07
2.455e+00, 5.000e-01, -9.250e-01, 1.176e+05, 0.000e+00, 3.346e-04, 0.000e+00, 2.136e+00, 9.983e+02, 1.436e-07
2.455e+00, 5.000e-01, -9.150e-01, 1.175e+05, 0.000e+00, 3.182e-04, 0.000e+00, 2.134e+00, 9.983e+02, 1.366e-07
2.455e+00, 5.000e-01, -9.050e-01, 1.174e+05, 0.000e+00, 3.049e-04, 0.000e+00, 2.132e+00, 9.983e+02, 1.309e-07
2.455e+00, 5.000e-01, -8.950e-01, 1.173e+05, 0.000e+00, 2.889e-04, 0.000e+00, 2.131e+00, 9.983e+02, 1.240e-07
2.455e+00, 5.000e-01, -8.850e-01, 1.172e+05, 0.000e+00, 2.654e-04, 0.000e+00, 2.129e+00, 9.983e+02, 1.139e-07
2.455e+00, 5.000e-01, -8.750e-01, 1.171e+05, 0.000e+00, 2.358e-04, 0.000e+00, 2.127e+00, 9.983e+02, 1.012e-07
2.455e+00, 5.000e-01, -8.650e-01, 1.170e+05, 0.000e+00, 2.040e-04, 0.000e+00, 2.125e+00, 9.983e+02, 8.757e-08
2.455e+00, 5.000e-01, -8.550e-01, 1.169e+05, 0.000e+00, 1.727e-04, 0.000e+00, 2.124e+00, 9.983e+02, 7.412e-08
2.455e+00, 5.000e-01, -8.450e-01, 1.168e+05, 0.000e+00, 1.430e-04, 0.000e+00, 2.122e+00, 9.983e+02, 6.138e-08
2.455e+00, 5.000e-01, -8.350e-01, 1.167e+05, 0.000e+00, 1.155e-04, 0.000e+00, 2.120e+00, 9.983e+02, 4.958e-08
2.455e+00, 5.000e-01, -8.250e-01, 1.166e+05, 0.000e+00, 9.056e-05, 0.000e+00, 2.118e+00, 9.983e+02, 3.887e-08
2.455e+00, 5.000e-01, -8.150e-01, 1.165e+05, 0.000e+00, 6.852e-05, 0.000e+00, 2.116e+00, 9.983e+02, 2.941e-08
2.455e+00, 5.000e-01, -8.050e-01, 1.164e+05, 0.000e+00, 4.989e-05, 0.000e+00, 2.115e+00, 9.983e+02, 2.141e-08
2.455e+00, 5.000e-01, -7.950e-01, 1.163e+05, 0.000e+00, 3.565e-05, 0.000e+00, 2.113e+00, 9.983e+02, 1.530e-08
2.455e+00, 5.000e-01, -7.850e-01, 1.162e+05, 0.000e+00, 2.832e-05, 0.000e+00, 2.111e+00, 9.983e+02, 1.216e-08
2.455e+00, 5.000e-01, -7.750e-01, 1.161e+05, 0.000e+00, 3.402e-05, 0.000e+00, 2.109e+00, 9.983e+02, 1.460e-08
2.455e+00, 5.000e-01, -7.650e-01, 1.160e+05, 0.000e+00, 6.321e-05, 0.000e+00, 2.107e+00, 9.983e+02, 2.713e-08
2.455e+00, 5.000e-01, -7.550e-01, 1.159e+05, 0.000e+00, 1.165e-04, 0.000e+00, 2.106e+00, 9.983e+02, 5.015e-08
2.455e+00, 5.000e-01, -7.450e-01, 1.173e+05, 0.000e+00, 1.892e-04, 0.000e+00, 2.131e+00, 9.983e+02, 8.311e-08
2.455e+00, 5.000e-01, -7.350e-01, 1.172e+05, 0.000e+00, 1.799e-04, 0.000e+00, 2.129e+00, 9.983e+02, 7.901e-08
2.455e+00, 5.000e-01, -7.250e-01, 1.171e+05, 0.000e+00, 1.351e-04, 0.000e+00, 2.127e+00, 9.983e+02, 5.936e-08
2.455e+00, 5.000e-01, -7.150e-01, 1.170e+05, 0.000e+00, 8.979e-05, 0.000e+00, 2.126e+00, 9.983e+02, 3.944e-08
2.455e+00, 5.000e-01, -7.050e-01, 1.169e+05, 0.000e+00, 5.835e-05, 0.000e+00, 2.124e+00, 9.983e+02, 2.563e-08
2.455e+00, 5.000e-01, -6.950e-01, 1.168e+05, 0.000e+00, 4.413e-05, 0.000e+00, 2.122e+00, 9.983e+02, 1.938e-08
2.455e+00, 5.000e-01, -6.850e-01, 1.167e+05, 0.000e+00, 4.746e-05, 0.000e+00, 2.120e+00, 9.983e+02, 2.085e-08
2.455e+00, 5.000e-01, -6.750e-01, 1.166e+05, 0.000e+00, 6.877e-05, 0.000e+00, 2.119e+00, 9.983e+02, 3.021e-08
2.455e+00, 5.000e-01, -6.650e-01, 1.165e+05, 0.000e+00, 1.077e-04, 0.000e+00, 2.117e+00, 9.983e+02, 4.730e-08
2.455e+00, 5.000e-01, -6.550e-01, 1.164e+05, 0.000e+00, 1.604e-04, 0.000e+00, 2.115e+00, 9.983e+02, 7.046e-08
2.455e+00, 5.000e-01, -6.450e-01, 1.163e+05, 0.000e+00, 2.181e-04, 0.000e+00, 2.113e+00, 9.983e+02, 9.579e-08
2.455e+00, 5.000e-01, -6.350e-01, 1.162e+05, 0.000e+00, 2.708e-04, 0.000e+00, 2.111e+00, 9.983e+02, 1.189e-07
2.455e+00, 5.000e-01, -6.250e-01, 1.146e+05, 0.000e+00, 3.208e-04, 0.000e+00, 2.083e+00, 9.983e+02, 1.438e-07
2.455e+00, 5.000e-01, -6.150e-01, 1.145e+05, 0.000e+00, 3.516e-04, 0.000e+00, 2.081e+00, 9.983e+02, 1.579e-07
2.455e+00, 5.000e-01, -6.050e-01, 1.144e+05, 0.000e+00, 3.659e-04, 0.000e+00, 2.079e+00, 9.983e+02, 1.644e-07
2.455e+00, 5.000e-01, -5.950e-01, 1.144e+05, 0.000e+00, 3.668e-04, 0.000e+00, 2.077e+00, 9.983e+02, 1.648e-07
2.455e+00, 5.000e-01, -5.850e-01, 1.143e+05, 0.000e+00, 3.601e-04, 0.000e+00, 2.075e+00, 9.983e+02, 1.618e-07
2.455e+00, 5.000e-01, -5.750e-01, 1.142e+05, 0.000e+00, 3.509e-04, 0.000e+00, 2.074e+00, 9.983e+02, 1.576e-07
2.455e+00, 5.000e-01, -5.650e-01, 1.141e+05, 0.000e+00, 3.429e-04, 0.000e+00, 2.072e+00, 9.983e+02, 1.540e-07
2.455e+00, 5.000e-01, -5.550e-01, 1.140e+05, 0.000e+00, 3.379e-04, 0.000e+00, 2.070e+00, 9.983e+02, 1.518e-07
2.455e+00, 5.000e-01, -5.450e-01, 1.139e+05, 0.000e+00, 3.375e-04, 0.000e+00, 2.068e+00, 9.983e+02, 1.516e-07
2.455e+00, 5.000e-01, -5.350e-01, 1.138e+05, 0.000e+00, 3.438e-04, 0.000e+00, 2.067e+00, 9.983e+02, 1.545e-07
2.455e+00, 5.000e-01, -5.250e-01, 1.137e+05, 0.000e+00, 3.612e-04, 0.000e+00, 2.065e+00, 9.983e+02, 1.623e-07
2.455e+00, 5.000e-01, -5.150e-01, 1.136e+05, 0.000e+00, 3.908e-04, 0.000e+00, 2.063e+00, 9.983e+02, 1.690e-07
2.455e+00, 5.000e-01, -5.050e-01, 1.135e+05, 0.000e+00, 3.938e-04, 0.000e+00, 2.061e+00, 9.983e+02, 1.690e-07
2.455e+00, 5.000e-01, -4.950e-01, 1.134e+05, 0.000e+00, 3.757e-04, 0.000e+00, 2.059e+00, 9.983e+02, 1.613e-07
2.455e+00, 5.000e-01, -4.850e-01, 1.133e+05, 0.000e+00, 3.486e-04, 0.000e+00, 2.057e+00, 9.983e+02, 1.496e-07
2.455e+00, 5.000e-01, -4.750e-01, 1.132e+05, 0.000e+00, 3.243e-04, 0.000e+00, 2.056e+00, 9.983e+02, 1.392e-07
2.455e+00, 5.000e-01, -4.650e-01, 1.131e+05, 0.000e+00, 3.173e-04, 0.000e+00, 2.054e+00, 9.983e+02, 1.374e-07
2.455e+00, 5.000e-01, -4.550e-01, 1.130e+05, 0.000e+00, 3.182e-04, 0.000e+00, 2.052e+00, 9.983e+02, 1.429e-07
2.455e+00, 5.000e-01, -4.450e-01, 1.129e+05, 0.000e+00, 3.104e-04, 0.000e+00, 2.050e+00, 9.983e+02, 1.357e-07
2.455e+00, 5.000e-01, -4.350e-01, 1.128e+05, 0.000e+00, 2.918e-04, 0.000e+00, 2.048e+00, 9.983e+02, 1.253e-07
2.455e+00, 5.000e-01, -4.250e-01, 1.127e+05, 0.000e+00, 2.529e-04, 0.000e+00, 2.047e+00, 9.983e+02, 1.086e-07
2.455e+00, 5.000e-01, -4.150e-01, 1.126e+05, 0.000e+00, 2.152e-04, 0.000e+00, 2.045e+00, 9.983e+02, 9.239e-08
2.455e+00, 5.000e-01, -4.050e-01, 1.125e+05, 0.000e+00, 2.033e-04, 0.000e+00, 2.043e+00, 9.983e+02, 8.728e-08
2.455e+00, 5.000e-01, -3.950e-01, 1.124e+05, 0.000e+00, 2.020e-04, 0.000e+00, 2.041e+00, 9.983e+02, 8.671e-08
2.455e+00, 5.000e-01, -3.850e-01, 1.123e+05, 0.000e+00, 2.055e-04, 0.000e+00, 2.040e+00, 9.983e+02, 9.069e-08
2.455e+00, 5.000e-01, -3.750e-01, 1.122e+05, 0.000e+00, 2.090e-04, 0.000e+00, 2.038e+00, 9.983e+02, 9.388e-08
2.455e+00, 5.000e-01, -3.650e-01, 1.121e+05, 0.000e+00, 2.155e-04, 0.000e+00, 2.036e+00, 9.983e+02, 9.679e-08
2.455e+00, 5.000e-01, -3.550e-01, 1.120e+05, 0.000e+00, 2.230e-04, 0.000e+00, 2.034e+00, 9.983e+02, 1.002e-07
2.455e+00, 5.000e-01, -3.450e-01, 1.119e+05, 0.000e+00, 2.274e-04, 0.000e+00, 2.033e+00, 9.983e+02, 1.022e-07
2.455e+00, 5.000e-01, -3.350e-01, 1.118e+05, 0.000e+00, 2.254e-04, 0.000e+00, 2.031e+00, 9.983e+02, 1.013e-07
2.455e+00, 5.000e-01, -3.250e-01, 1.117e+05, 0.000e+00, 2.190e-04, 0.000e+00, 2.029e+00, 9.983e+02, 9.836e-08
2.455e+00, 5.000e-01, -3.150e-01, 1.116e+05, 0.000e+00, 2.146e-04, 0.000e+00, 2.027e+00, 9.983e+02, 9.639e-08
2.455e+00, 5.000e-01, -3.050e-01, 1.115e+05, 0.000e+00, 2.242e-04, 0.000e+00, 2.025e+00, 9.983e+02, 1.007e-07
2.455e+00, 5.000e-01, -2.950e-01, 1.115e+05, 0.000e+00, 2.757e-04, 0.000e+00, 2.025e+00, 9.983e+02, 1.215e-07
2.455e+00, 5.000e-01, -2.850e-01, 1.114e+05, 0.000e+00, 2.987e-04, 0.000e+00, 2.023e+00, 9.983e+02, 1.312e-07
2.455e+00, 5.000e-01, -2.750e-01, 1.113e+05, 0.000e+00, 3.149e-04, 0.000e+00, 2.021e+00, 9.983e+02, 1.383e-07
2.455e+00, 5.000e-01, -2.650e-01, 1.112e+05, 0.000e+00, 3.399e-04, 0.000e+00, 2.020e+00, 9.983e+02, 1.493e-07
2.455e+00, 5.000e-01, -2.550e-01, 1.111e+05, 0.000e+00, 3.759e-04, 0.000e+00, 2.018e+00, 9.983e+02, 1.651e-07
2.455e+00, 5.000e-01, -2.450e-01, 1.110e+05, 0.000e+00, 4.179e-04, 0.000e+00, 2.016e+00, 9.983e+02, 1.836e-07
2.455e+00, 5.000e-01, -2.350e-01, 1.109e+05, 0.000e+00, 4.596e-04, 0.000e+00, 2.014e+00, 9.983e+02, 2.019e-07
2.455e+00, 5.000e-01, -2.250e-01, 1.108e+05, 0.000e+00, 4.953e-04, 0.000e+00, 2.012e+00, 9.984e+02, 2.176e-07
2.455e+00, 5.000e-01, -2.150e-01, 1.107e+05, 0.000e+00, 5.189e-04, 0.000e+00, 2.011e+00, 9.984e+02, 2.263e-07
2.455e+00, 5.000e-01, -2.050e-01, 1.108e+05, 0.000e+00, 5.196e-04, 0.000e+00, 2.012e+00, 9.984e+02, 2.231e-07
2.455e+00, 5.000e-01, -1.950e-01, 1.107e+05, 0.000e+00, 5.083e-04, 0.000e+00, 2.011e+00, 9.984e+02, 2.182e-07
2.455e+00, 5.000e-01, -1.850e-01, 1.106e+05, 0.000e+00, 4.912e-04, 0.000e+00, 2.009e+00, 9.983e+02, 2.109e-07
2.455e+00, 5.000e-01, -1.750e-01, 1.105e+05, 0.000e+00, 4.715e-04, 0.000e+00, 2.007e+00, 9.983e+02, 2.024e-07
2.455e+00, 5.000e-01, -1.650e-01, 1.104e+05, 0.000e+00, 4.507e-04, 0.000e+00, 2.005e+00, 9.983e+02, 1.935e-07
2.455e+00, 5.000e-01, -1.550e-01, 1.103e+05, 0.000e+00, 4.259e-04, 0.000e+00, 2.004e+00, 9.983e+02, 1.829e-07
2.455e+00, 5.000e-01, -1.450e-01, 1.102e+05, 0.000e+00, 3.845e-04, 0.000e+00, 2.002e+00, 9.983e+02, 1.654e-07
2.455e+00, 5.000e-01, -1.350e-01, 1.113e+05, 0.000e+00, 3.097e-04, 0.000e+00, 2.022e+00, 9.983e+02, 1.360e-07
2.455e+00, 5.000e-01, -1.250e-01, 1.112e+05, 0.000e+00, 2.177e-04, 0.000e+00, 2.020e+00, 9.983e+02, 9.563e-08
2.455e+00, 5.000e-01, -1.150e-01, 1.111e+05, 0.000e+00, 1.367e-04, 0.000e+00, 2.018e+00, 9.983e+02, 6.006e-08
2.455e+00, 5.000e-01, -1.050e-01, 1.110e+05, 0.000e+00, 7.882e-05, 0.000e+00, 2.017e+00, 9.983e+02, 3.462e-08
2.455e+00, 5.000e-01, -9.500e-02, 1.109e+05, 0.000e+00, 4.268e-05, 0.000e+00, 2.015e+00, 9.983e+02, 1.874e-08
2.455e+00, 5.000e-01, -8.500e-02, 1.108e+05, 0.000e+00, 2.206e-05, 0.000e+00, 2.013e+00, 9.983e+02, 9.687e-09
2.455e+00, 5.000e-01, -7.500e-02, 1.107e+05, 0.000e+00, 1.097e-05, 0.000e+00, 2.011e+00, 9.983e+02, 4.816e-09
2.455e+00, 5.000e-01, -6.500e-02, 1.106e+05, 0.000e+00, 5.253e-06, 0.000e+00, 2.009e+00, 9.983e+02, 2.307e-09
2.455e+00, 5.000e-01, -5.500e-02, 1.105e+05, 0.000e+00, 2.421e-06, 0.000e+00, 2.008e+00, 9.983e+02, 1.063e-09
2.455e+00, 5.000e-01, -4.500e-02, 1.104e+05, 0.000e+00, 1.070e-06, 0.000e+00, 2.006e+00, 9.983e+02, 4.701e-10
2.455e+00, 5.000e-01, -3.500e-02, 1.103e+05, 0.000e+00, 4.536e-07, 0.000e+00, 2.004e+00, 9.983e+02, 1.992e-10
2.455e+00, 5.000e-01, -2.500e-02, 1.102e+05, 0.000e+00, 1.849e-07, 0.000e+00, 2.002e+00, 9.983e+02, 8.123e-11
2.455e+00, 5.000e-01, -1.500e-02, 1.101e+05, 0.000e+00, 7.438e-08, 0.000e+00, 2.000e+00, 9.983e+02, 3.267e-11
2.455e+00, 5.000e-01, -5.000e-03, 1.100e+05, 0.000e+00, 3.304e-08, 0.000e+00, 1.999e+00, 9.983e+02, 1.451e-11
2.465e+00, 5.000e-01, -1.195e+00, 1.202e+05, 0.000e+00, 1.002e-13, 0.000e+00, 2.184e+00, 9.983e+02, 2.000e-17
2.465e+00, 5.000e-01, -1.185e+00, 1.201e+05, 0.000e+00, 1.002e-13, 0.000e+00, 2.182e+00, 9.983e+02, 2.000e-17
2.465e+00, 5.000e-01, -1.175e+00, 1.200e+05, 0.000e+00, 1.002e-13, 0.000e+00, 2.181e+00, 9.983e+02, 2.000e-17
2.465e+00, 5.000e-01, -1.165e+00, 1.199e+05, 0.000e+00, 1.002e-13, 0.000e+00, 2.179e+00, 9.983e+02, 2.000e-17
2.465e+00, 5.000e-01, -1.155e+00, 1.198e+05, 0.000e+00, 1.002e-13, 0.000e+00, 2.177e+00, 9.983e+02, 2.000e-17
2.465e+00, 5.000e-01, -1.145e+00, 1.197e+05, 0.000e+00, 1.002e-13, 0.000e+00, 2.175e+00, 9.983e+02, 2.000e-17
2.465e+00, 5.000e-01, -1.135e+00, 1.196e+05, 0.000e+00, 1.002e-13, 0.000e+00, 2.173e+00, 9.983e+02, 2.000e-17
2.465e+00, 5.000e-01, -1.125e+00, 1.195e+05, 0.000e+00, 1.568e-10, 0.000e+00, 2.172e+00, 9.983e+02, 4.217e-14
2.465e+00, 5.000e-01, -1.115e+00, 1.194e+05, 0.000e+00, 3.883e-04, 0.000e+00, 2.170e+00, 9.983e+02, 1.667e-07
2.465e+00, 5.000e-01, -1.105e+00, 1.193e+05, 0.000e+00, 3.979e-04, 0.000e+00, 2.168e+00, 9.983e+02, 1.708e-07
2.465e+00, 5.000e-01, -1.095e+00, 1.192e+05, 0.000e+00, 4.101e-04, 0.000e+00, 2.167e+00, 9.983e+02, 1.760e-07
2.465e+00, 5.000e-01, -1.085e+00, 1.191e+05, 0.000e+00, 4.215e-04, 0.000e+00, 2.165e+00, 9.983e+02, 1.809e-07
2.465e+00, 5.000e-01, -1.075e+00, 1.190e+05, 0.000e+00, 4.338e-04, 0.000e+00, 2.163e+00, 9.983e+02, 1.862e-07
2.465e+00, 5.000e-01, -1.065e+00, 1.189e+05, 0.000e+00, 4.473e-04, 0.000e+00, 2.161e+00, 9.983e+02, 1.920e-07
2.465e+00, 5.000e-01, -1.055e+00, 1.188e+05, 0.000e+00, 4.598e-04, 0.000e+00, 2.159e+00, 9.983e+02, 1.974e-07
2.465e+00, 5.000e-01, -1.045e+00, 1.187e+05, 0.000e+00, 4.683e-04, 0.000e+00, 2.158e+00, 9.983e+02, 2.010e-07
2.465e+00, 5.000e-01, -1.035e+00, 1.186e+05, 0.000e+00, 4.714e-04, 0.000e+00, 2.156e+00, 9.983e+02, 2.024e-07
2.465e+00, 5.000e-01, -1.025e+00, 1.185e+05, 0.000e+00, 4.697e-04, 0.000e+00, 2.154e+00, 9.983e+02, 2.016e-07
2.465e+00, 5.000e-01, -1.015e+00, 1.185e+05, 0.000e+00, 4.646e-04, 0.000e+00, 2.152e+00, 9.983e+02, 1.994e-07
2.465e+00, 5.000e-01, -1.005e+00, 1.184e+05, 0.000e+00, 4.571e-04, 0.000e+00, 2.150e+00, 9.983e+02, 1.962e-07
2.465e+00, 5.000e-01, -9.950e-01, 1.183e+05, 0.000e+00, 4.478e-04, 0.000e+00, 2.149e+00, 9.983e+02, 1.922e-07
2.465e+00, 5.000e-01, -9.850e-01, 1.182e+05, 0.000e+00, 4.369e-04, 0.000e+00, 2.147e+00, 9.983e+02, 1.875e-07
2.465e+00, 5.000e-01, -9.750e-01, 1.181e+05, 0.000e+00, 4.241e-04, 0.000e+00, 2.145e+00, 9.983e+02, 1.821e-07
2.465e+00, 5.000e-01, -9.650e-01, 1.180e+05, 0.000e+00, 4.090e-04, 0.000e+00, 2.143e+00, 9.983e+02, 1.756e-07
2.465e+00, 5.000e-01, -9.550e-01, 1.179e+05, 0.000e+00, 3.902e-04, 0.000e+00, 2.141e+00, 9.983e+02, 1.675e-07
2.465e+00, 5.000e-01, -9.450e-01, 1.178e+05, 0.000e+00, 3.659e-04, 0.000e+00, 2.140e+00, 9.983e+02, 1.571e-07
2.465e+00, 5.000e-01, -9.350e-01, 1.177e+05, 0.000e+00, 3.430e-04, 0.000e+00, 2.138e+00, 9.983e+02, 1.472e-07
2.465e+00, 5.000e-01, -9.250e-01, 1.176e+05, 0.000e+00, 3.249e-04, 0.000e+00, 2.136e+00, 9.983e+02, 1.395e-07
2.465e+00, 5.000e-01, -9.150e-01, 1.175e+05, 0.000e+00, 3.120e-04, 0.000e+00, 2.134e+00, 9.983e+02, 1.339e-07
2.465e+00, 5.000e-01, -9.050e-01, 1.174e+05, 0.000e+00, 2.992e-04, 0.000e+00, 2.132e+00, 9.983e+02, 1.284e-07
2.465e+00, 5.000e-01, -8.950e-01, 1.173e+05, 0.000e+00, 2.802e-04, 0.000e+00, 2.131e+00, 9.983e+02, 1.203e-07
2.465e+00, 5.000e-01, -8.850e-01, 1.172e+05, 0.000e+00, 2.535e-04, 0.000e+00, 2.129e+00, 9.983e+02, 1.088e-07
2.465e+00, 5.000e-01, -8.750e-01, 1.171e+05, 0.000e+00, 2.229e-04, 0.000e+00, 2.127e+00, 9.983e+02, 9.569e-08
2.465e+00, 5.000e-01, -8.650e-01, 1.170e+05, 0.000e+00, 1.918e-04, 0.000e+00, 2.125e+00, 9.983e+02, 8.234e-08
2.465e+00, 5.000e-01, -8.550e-01, 1.169e+05, 0.000e+00, 1.618e-04, 0.000e+00, 2.124e+00, 9.983e+02, 6.947e-08
2.465e+00, 5.000e-01, -8.450e-01, 1.168e+05, 0.000e+00, 1.336e-04, 0.000e+00, 2.122e+00, 9.983e+02, 5.737e-08
2.465e+00, 5.000e-01, -8.350e-01, 1.167e+05, 0.000e+00, 1.076e-04, 0.000e+00, 2.120e+00, 9.983e+02, 4.618e-08
2.465e+00, 5.000e-01, -8.250e-01, 1.166e+05, 0.000e+00, 8.394e-05, 0.000e+00, 2.118e+00, 9.983e+02, 3.603e-08
2.465e+00, 5.000e-01, -8.150e-01, 1.165e+05, 0.000e+00, 6.313e-05, 0.000e+00, 2.116e+00, 9.983e+02, 2.710e-08
2.465e+00, 5.000e-01, -8.050e-01, 1.164e+05, 0.000e+00, 4.568e-05, 0.000e+00, 2.115e+00, 9.983e+02, 1.961e-08
2.465e+00, 5.000e-01, -7.950e-01, 1.163e+05, 0.000e+00, 3.260e-05, 0.000e+00, 2.113e+00, 9.983e+02, 1.399e-08
2.465e+00, 5.000e-01, -7.850e-01, 1.162e+05, 0.000e+00, 2.651e-05, 0.000e+00, 2.111e+00, 9.983e+02, 1.138e-08
2.465e+00, 5.000e-01, -7.750e-01, 1.161e+05, 0.000e+00, 3.367e-05, 0.000e+00, 2.109e+00, 9.983e+02, 1.445e-08
2.465e+00, 5.000e-01, -7.650e-01, 1.160e+05, 0.000e+00, 6.536e-05, 0.000e+00, 2.107e+00, 9.983e+02, 2.806e-08
2.465e+00, 5.000e-01, -7.550e-01, 1.159e+05, 0.000e+00, 1.255e-04, 0.000e+00, 2.106e+00, 9.983e+02, 5.417e-08
2.465e+00, 5.000e-01, -7.450e-01, 1.173e+05, 0.000e+00, 1.895e-04, 0.000e+00, 2.131e+00, 9.983e+02, 8.324e-08
2.465e+00, 5.000e-01, -7.350e-01, 1.172e+05, 0.000e+00, 1.763e-04, 0.000e+00, 2.129e+00, 9.983e+02, 7.742e-08
2.465e+00, 5.000e-01, -7.250e-01, 1.171e+05, 0.000e+00, 1.313e-04, 0.000e+00, 2.127e+00, 9.983e+02, 5.766e-08
2.465e+00, 5.000e-01, -7.150e-01, 1.170e+05, 0.000e+00, 8.685e-05, 0.000e+00, 2.126e+00, 9.983e+02, 3.815e-08
2.465e+00, 5.000e-01, -7.050e-01, 1.169e+05, 0.000e+00, 5.639e-05, 0.000e+00, 2.124e+00, 9.983e+02, 2.477e-08
2.465e+00, 5.000e-01, -6.950e-01, 1.168e+05, 0.000e+00, 4.305e-05, 0.000e+00, 2.122e+00, 9.983e+02, 1.891e-08
2.465e+00, 5.000e-01, -6.850e-01, 1.167e+05, 0.000e+00, 4.747e-05, 0.000e+00, 2.120e+00, 9.983e+02, 2.085e-08
2.465e+00, 5.000e-01, -6.750e-01, 1.166e+05, 0.000e+00, 7.060e-05, 0.000e+00, 2.119e+00, 9.983e+02, 3.101e-08
2.465e+00, 5.000e-01, -6.650e-01, 1.165e+05, 0.000e+00, 1.125e-04, 0.000e+00, 2.117e+00, 9.983e+02, 4.942e-08
2.465e+00, 5.000e-01, -6.550e-01, 1.164e+05, 0.000e+00, 1.692e-04, 0.000e+00, 2.115e+00, 9.983e+02, 7.433e-08
2.465e+00, 5.000e-01, -6.450e-01, 1.163e+05, 0.000e+00, 2.300e-04, 0.000e+00, 2.113e+00, 9.983e+02, 1.010e-07
2.465e+00, 5.000e-01, -6.350e-01, 1.162e+05, 0.000e+00, 2.804e-04, 0.000e+00, 2.111e+00, 9.983e+02, 1.234e-07
2.465e+00, 5.000e-01, -6.250e-01, 1.146e+05, 0.000e+00, 3.176e-04, 0.000e+00, 2.083e+00, 9.983e+02, 1.427e-07
2.465e+00, 5.000e-01, -6.150e-01, 1.145e+05, 0.000e+00, 3.433e-04, 0.000e+00, 2.081e+00, 9.983e+02, 1.542e-07
2.465e+00, 5.000e-01, -6.050e-01, 1.144e+05, 0.000e+00, 3.561e-04, 0.000e+00, 2.079e+00, 9.983e+02, 1.600e-07
2.465e+00, 5.000e-01, -5.950e-01, 1.144e+05, 0.000e+00, 3.576e-04, 0.000e+00, 2.077e+00, 9.983e+02, 1.607e-07
2.465e+00, 5.000e-01, -5.850e-01, 1.143e+05, 0.000e+00, 3.516e-04, 0.000e+00, 2.075e+00, 9.983e+02, 1.580e-07
2.465e+00, 5.000e-01, -5.750e-01, 1.142e+05, 0.000e+00, 3.425e-04, 0.000e+00, 2.074e+00, 9.983e+02, 1.539e-07
2.465e+00, 5.000e-01, -5.650e-01, 1.141e+05, 0.000e+00, 3.335e-04, 0.000e+00, 2.072e+00, 9.983e+02, 1.498e-07
2.465e+00, 5.000e-01, -5.550e-01, 1.140e+05, 0.000e+00, 3.264e-04, 0.000e+00, 2.070e+00, 9.983e+02, 1.466e-07
2.465e+00, 5.000e-01, -5.450e-01, 1.139e+05, 0.000e+00, 3.226e-04, 0.000e+00, 2.068e+00, 9.983e+02, 1.449e-07
2.465e+00, 5.000e-01, -5.350e-01, 1.138e+05, 0.000e+00, 3.246e-04, 0.000e+00, 2.067e+00, 9.983e+02, 1.458e-07
2.465e+00, 5.000e-01, -5.250e-01, 1.137e+05, 0.000e+00, 3.398e-04, 0.000e+00, 2.065e+00, 9.983e+02, 1.524e-07
2.465e+00, 5.000e-01, -5.150e-01, 1.136e+05, 0.000e+00, 3.741e-04, 0.000e+00, 2.063e+00, 9.983e+02, 1.607e-07
2.465e+00, 5.000e-01, -5.050e-01, 1.135e+05, 0.000e+00, 3.775e-04, 0.000e+00, 2.061e+00, 9.983e+02, 1.621e-07
2.465e+00, 5.000e-01, -4.950e-01, 1.134e+05, 0.000e+00, 3.583e-04, 0.000e+00, 2.059e+00, 9.983e+02, 1.538e-07
2.465e+00, 5.000e-01, -4.850e-01, 1.133e+05, 0.000e+00, 3.323e-04, 0.000e+00, 2.057e+00, 9.983e+02, 1.427e-07
2.465e+00, 5.000e-01, -4.750e-01, 1.132e+05, 0.000e+00, 3.165e-04, 0.000e+00, 2.056e+00, 9.983e+02, 1.359e-07
2.465e+00, 5.000e-01, -4.650e-01, 1.131e+05, 0.000e+00, 3.152e-04, 0.000e+00, 2.054e+00, 9.983e+02, 1.373e-07
2.465e+00, 5.000e-01, -4.550e-01, 1.130e+05, 0.000e+00, 3.125e-04, 0.000e+00, 2.052e+00, 9.983e+02, 1.404e-07
2.465e+00, 5.000e-01, -4.450e-01, 1.129e+05, 0.000e+00, 2.993e-04, 0.000e+00, 2.050e+00, 9.983e+02, 1.301e-07
2.465e+00, 5.000e-01, -4.350e-01, 1.128e+05, 0.000e+00, 2.733e-04, 0.000e+00, 2.048e+00, 9.983e+02, 1.173e-07
2.465e+00, 5.000e-01, -4.250e-01, 1.127e+05, 0.000e+00, 2.253e-04, 0.000e+00, 2.047e+00, 9.983e+02, 9.672e-08
2.465e+00, 5.000e-01, -4.150e-01, 1.126e+05, 0.000e+00, 2.028e-04, 0.000e+00, 2.045e+00, 9.983e+02, 8.706e-08
2.465e+00, 5.000e-01, -4.050e-01, 1.125e+05, 0.000e+00, 1.965e-04, 0.000e+00, 2.043e+00, 9.983e+02, 8.433e-08
2.465e+00, 5.000e-01, -3.950e-01, 1.124e+05, 0.000e+00, 1.979e-04, 0.000e+00, 2.041e+00, 9.983e+02, 8.496e-08
2.465e+00, 5.000e-01, -3.850e-01, 1.123e+05, 0.000e+00, 2.056e-04, 0.000e+00, 2.040e+00, 9.983e+02, 9.136e-08
2.465e+00, 5.000e-01, -3.750e-01, 1.122e+05, 0.000e+00, 2.098e-04, 0.000e+00, 2.038e+00, 9.983e+02, 9.426e-08
2.465e+00, 5.000e-01, -3.650e-01, 1.121e+05, 0.000e+00, 2.127e-04, 0.000e+00, 2.036e+00, 9.983e+02, 9.557e-08
2.465e+00, 5.000e-01, -3.550e-01, 1.120e+05, 0.000e+00, 2.131e-04, 0.000e+00, 2.034e+00, 9.983e+02, 9.573e-08
2.465e+00, 5.000e-01, -3.450e-01, 1.119e+05, 0.000e+00, 2.094e-04, 0.000e+00, 2.033e+00, 9.983e+02, 9.407e-08
2.465e+00, 5.000e-01, -3.350e-01, 1.118e+05, 0.000e+00, 2.026e-04, 0.000e+00, 2.031e+00, 9.983e+02, 9.099e-08
2.465e+00, 5.000e-01, -3.250e-01, 1.117e+05, 0.000e+00, 1.955e-04, 0.000e+00, 2.029e+00, 9.983e+02, 8.782e-08
2.465e+00, 5.000e-01, -3.150e-01, 1.116e+05, 0.000e+00, 1.920e-04, 0.000e+00, 2.027e+00, 9.983e+02, 8.623e-08
2.465e+00, 5.000e-01, -3.050e-01, 1.115e+05, 0.000e+00, 1.998e-04, 0.000e+00, 2.025e+00, 9.983e+02, 8.974e-08
2.465e+00, 5.000e-01, -2.950e-01, 1.115e+05, 0.000e+00, 2.381e-04, 0.000e+00, 2.025e+00, 9.983e+02, 1.047e-07
2.465e+00, 5.000e-01, -2.850e-01, 1.114e+05, 0.000e+00, 2.612e-04, 0.000e+00, 2.023e+00, 9.983e+02, 1.147e-07
2.465e+00, 5.000e-01, -2.750e-01, 1.113e+05, 0.000e+00, 2.795e-04, 0.000e+00, 2.021e+00, 9.983e+02, 1.228e-07
2.465e+00, 5.000e-01, -2.650e-01, 1.112e+05, 0.000e+00, 3.072e-04, 0.000e+00, 2.020e+00, 9.983e+02, 1.349e-07
2.465e+00, 5.000e-01, -2.550e-01, 1.111e+05, 0.000e+00, 3.467e-04, 0.000e+00, 2.018e+00, 9.983e+02, 1.523e-07
2.465e+00, 5.000e-01, -2.450e-01, 1.110e+05, 0.000e+00, 3.927e-04, 0.000e+00, 2.016e+00, 9.983e+02, 1.725e-07
2.465e+00, 5.000e-01, -2.350e-01, 1.109e+05, 0.000e+00, 4.389e-04, 0.000e+00, 2.014e+00, 9.983e+02, 1.928e-07
2.465e+00, 5.000e-01, -2.250e-01, 1.108e+05, 0.000e+00, 4.812e-04, 0.000e+00, 2.012e+00, 9.983e+02, 2.114e-07
2.465e+00, 5.000e-01, -2.150e-01, 1.107e+05, 0.000e+00, 5.142e-04, 0.000e+00, 2.011e+00, 9.984e+02, 2.236e-07
2.465e+00, 5.000e-01, -2.050e-01, 1.108e+05, 0.000e+00, 5.232e-04, 0.000e+00, 2.012e+00, 9.984e+02, 2.246e-07
2.465e+00, 5.000e-01, -1.950e-01, 1.107e+05, 0.000e+00, 5.181e-04, 0.000e+00, 2.011e+00, 9.984e+02, 2.224e-07
2.465e+00, 5.000e-01, -1.850e-01, 1.106e+05, 0.000e+00, 5.050e-04, 0.000e+00, 2.009e+00, 9.984e+02, 2.168e-07
2.465e+00, 5.000e-01, -1.750e-01, 1.105e+05, 0.000e+00, 4.855e-04, 0.000e+00, 2.007e+00, 9.983e+02, 2.084e-07
2.465e+00, 5.000e-01, -1.650e-01, 1.104e+05, 0.000e+00, 4.590e-04, 0.000e+00, 2.005e+00, 9.983e+02, 1.971e-07
2.465e+00, 5.000e-01, -1.550e-01, 1.103e+05, 0.000e+00, 4.226e-04, 0.000e+00, 2.004e+00, 9.983e+02, 1.814e-07
2.465e+00, 5.000e-01, -1.450e-01, 1.102e+05, 0.000e+00, 3.661e-04, 0.000e+00, 2.002e+00, 9.983e+02, 1.580e-07
2.465e+00, 5.000e-01, -1.350e-01, 1.113e+05, 0.000e+00, 2.863e-04, 0.000e+00, 2.022e+00, 9.983e+02, 1.258e-07
2.465e+00, 5.000e-01, -1.250e-01, 1.112e+05, 0.000e+00, 1.976e-04, 0.000e+00, 2.020e+00, 9.983e+02, 8.680e-08
2.465e+00, 5.000e-01, -1.150e-01, 1.111e+05, 0.000e+00, 1.230e-04, 0.000e+00, 2.018e+00, 9.983e+02, 5.403e-08
2.465e+00, 5.000e-01, -1.050e-01, 1.110e+05, 0.000e+00, 7.078e-05, 0.000e+00, 2.017e+00, 9.983e+02, 3.109e-08
2.465e+00, 5.000e-01, -9.500e-02, 1.109e+05, 0.000e+00, 3.839e-05, 0.000e+00, 2.015e+00, 9.983e+02, 1.686e-08
2.465e+00, 5.000e-01, -8.500e-02, 1.108e+05, 0.000e+00, 1.989e-05, 0.000e+00, 2.013e+00, 9.983e+02, 8.735e-09
2.465e+00, 5.000e-01, -7.500e-02, 1.107e+05, 0.000e+00, 9.900e-06, 0.000e+00, 2.011e+00, 9.983e+02, 4.348e-09
2.465e+00, 5.000e-01, -6.500e-02, 1.106e+05, 0.000e+00, 4.741e-06, 0.000e+00, 2.009e+00, 9.983e+02, 2.082e-09
2.465e+00, 5.000e-01, -5.500e-02, 1.105e+05, 0.000e+00, 2.180e-06, 0.000e+00, 2.008e+00, 9.983e+02, 9.574e-10
2.465e+00, 5.000e-01, -4.500e-02, 1.104e+05, 0.000e+00, 9.604e-07, 0.000e+00, 2.006e+00, 9.983e+02, 4.219e-10
2.465e+00, 5.000e-01, -3.500e-02, 1.103e+05, 0.000e+00, 4.052e-07, 0.000e+00, 2.004e+00, 9.983e+02, 1.780e-10
2.465e+00, 5.000e-01, -2.500e-02, 1.102e+05, 0.000e+00, 1.644e-07, 0.000e+00, 2.002e+00, 9.983e+02, 7.221e-11
2.465e+00, 5.000e-01, -1.500e-02, 1.101e+05, 0.000e+00, 6.575e-08, 0.000e+00, 2.000e+00, 9.983e+02, 2.888e-11
2.465e+00, 5.000e-01, -5.000e-03, 1.100e+05, 0.000e+00, 2.913e-08, 0.000e+00, 1.999e+00, 9.983e+02, 1.280e-11
2.475e+00, 5.000e-01, -1.195e+00, 1.202e+05, 0.000e+00, 1.002e-13, 0.000e+00, 2.184e+00, 9.983e+02, 2.000e-17
2.475e+00, 5.000e-01, -1.185e+00, 1.201e+05, 0.000e+00, 1.002e-13, 0.000e+00, 2.182e+00, 9.983e+02, 2.000e-17
2.475e+00, 5.000e-01, -1.175e+00, 1.200e+05, 0.000e+00, 1.002e-13, 0.000e+00, 2.181e+00, 9.983e+02, 2.000e-17
2.475e+00, 5.000e-01, -1.165e+00, 1.199e+05, 0.000e+00, 1.002e-13, 0.000e+00, 2.179e+00, 9.983e+02, 2.000e-17
2.475e+00, 5.000e-01, -1.155e+00, 1.198e+05, 0.000e+00, 1.002e-13, 0.000e+00, 2.177e+00, 9.983e+02, 2.000e-17
2.475e+00, 5.000e-01, -1.145e+00, 1.197e+05, 0.000e+00, 1.002e-13, 0.000e+00, 2.175e+00, 9.983e+02, 2.000e-17
2.475e+00, 5.000e-01, -1.135e+00, 1.196e+05, 0.000e+00, 1.002e-13, 0.000e+00, 2.173e+00, 9.983e+02, 2.000e-17
2.475e+00, 5.000e-01, -1.125e+00, 1.195e+05, 0.000e+00, 1.221e-08, 0.000e+00, 2.172e+00, 9.983e+02, 3.794e-12
2.475e+00, 5.000e-01, -1.115e+00, 1.194e+05, 0.000e+00, 3.878e-04, 0.000e+00, 2.170e+00, 9.983e+02, 1.665e-07
2.475e+00, 5.000e-01, -1.105e+00, 1.193e+05, 0.000e+00, 3.988e-04, 0.000e+00, 2.168e+00, 9.983e+02, 1.712e-07
2.475e+00, 5.000e-01, -1.095e+00, 1.192e+05, 0.000e+00, 4.116e-04, 0.000e+00, 2.167e+00, 9.983e+02, 1.767e-07
2.475e+00, 5.000e-01, -1.085e+00, 1.191e+05, 0.000e+00, 4.234e-04, 0.000e+00, 2.165e+00, 9.983e+02, 1.817e-07
2.475e+00, 5.000e-01, -1.075e+00, 1.190e+05, 0.000e+00, 4.354e-04, 0.000e+00, 2.163e+00, 9.983e+02, 1.869e-07
2.475e+00, 5.000e-01, -1.065e+00, 1.189e+05, 0.000e+00, 4.479e-04, 0.000e+00, 2.161e+00, 9.983e+02, 1.923e-07
2.475e+00, 5.000e-01, -1.055e+00, 1.188e+05, 0.000e+00, 4.587e-04, 0.000e+00, 2.159e+00, 9.983e+02, 1.969e-07
2.475e+00, 5.000e-01, -1.045e+00, 1.187e+05, 0.000e+00, 4.657e-04, 0.000e+00, 2.158e+00, 9.983e+02, 1.999e-07
2.475e+00, 5.000e-01, -1.035e+00, 1.186e+05, 0.000e+00, 4.677e-04, 0.000e+00, 2.156e+00, 9.983e+02, 2.008e-07
2.475e+00, 5.000e-01, -1.025e+00, 1.185e+05, 0.000e+00, 4.653e-04, 0.000e+00, 2.154e+00, 9.983e+02, 1.997e-07
2.475e+00, 5.000e-01, -1.015e+00, 1.185e+05, 0.000e+00, 4.594e-04, 0.000e+00, 2.152e+00, 9.983e+02, 1.972e-07
2.475e+00, 5.000e-01, -1.005e+00, 1.184e+05, 0.000e+00, 4.511e-04, 0.000e+00, 2.150e+00, 9.983e+02, 1.937e-07
2.475e+00, 5.000e-01, -9.950e-01, 1.183e+05, 0.000e+00, 4.408e-04, 0.000e+00, 2.149e+00, 9.983e+02, 1.892e-07
2.475e+00, 5.000e-01, -9.850e-01, 1.182e+05, 0.000e+00, 4.285e-04, 0.000e+00, 2.147e+00, 9.983e+02, 1.840e-07
2.475e+00, 5.000e-01, -9.750e-01, 1.181e+05, 0.000e+00, 4.140e-04, 0.000e+00, 2.145e+00, 9.983e+02, 1.777e-07
2.475e+00, 5.000e-01, -9.650e-01, 1.180e+05, 0.000e+00, 3.967e-04, 0.000e+00, 2.143e+00, 9.983e+02, 1.703e-07
2.475e+00, 5.000e-01, -9.550e-01, 1.179e+05, 0.000e+00, 3.736e-04, 0.000e+00, 2.141e+00, 9.983e+02, 1.604e-07
2.475e+00, 5.000e-01, -9.450e-01, 1.178e+05, 0.000e+00, 3.507e-04, 0.000e+00, 2.140e+00, 9.983e+02, 1.505e-07
2.475e+00, 5.000e-01, -9.350e-01, 1.177e+05, 0.000e+00, 3.317e-04, 0.000e+00, 2.138e+00, 9.983e+02, 1.424e-07
2.475e+00, 5.000e-01, -9.250e-01, 1.176e+05, 0.000e+00, 3.183e-04, 0.000e+00, 2.136e+00, 9.983e+02, 1.366e-07
2.475e+00, 5.000e-01, -9.150e-01, 1.175e+05, 0.000e+00, 3.072e-04, 0.000e+00, 2.134e+00, 9.983e+02, 1.319e-07
2.475e+00, 5.000e-01, -9.050e-01, 1.174e+05, 0.000e+00, 2.925e-04, 0.000e+00, 2.132e+00, 9.983e+02, 1.256e-07
2.475e+00, 5.000e-01, -8.950e-01, 1.173e+05, 0.000e+00, 2.697e-04, 0.000e+00, 2.131e+00, 9.983e+02, 1.158e-07
2.475e+00, 5.000e-01, -8.850e-01, 1.172e+05, 0.000e+00, 2.409e-04, 0.000e+00, 2.129e+00, 9.983e+02, 1.034e-07
2.475e+00, 5.000e-01, -8.750e-01, 1.171e+05, 0.000e+00, 2.104e-04, 0.000e+00, 2.127e+00, 9.983e+02, 9.032e-08
2.475e+00, 5.000e-01, -8.650e-01, 1.170e+05, 0.000e+00, 1.804e-04, 0.000e+00, 2.125e+00, 9.983e+02, 7.746e-08
2.475e+00, 5.000e-01, -8.550e-01, 1.169e+05, 0.000e+00, 1.519e-04, 0.000e+00, 2.124e+00, 9.983e+02, 6.521e-08
2.475e+00, 5.000e-01, -8.450e-01, 1.168e+05, 0.000e+00, 1.251e-04, 0.000e+00, 2.122e+00, 9.983e+02, 5.372e-08
2.475e+00, 5.000e-01, -8.350e-01, 1.167e+05, 0.000e+00, 1.004e-04, 0.000e+00, 2.120e+00, 9.983e+02, 4.309e-08
2.475e+00, 5.000e-01, -8.250e-01, 1.166e+05, 0.000e+00, 7.795e-05, 0.000e+00, 2.118e+00, 9.983e+02, 3.346e-08
2.475e+00, 5.000e-01, -8.150e-01, 1.165e+05, 0.000e+00, 5.829e-05, 0.000e+00, 2.116e+00, 9.983e+02, 2.502e-08
2.475e+00, 5.000e-01, -8.050e-01, 1.164e+05, 0.000e+00, 4.194e-05, 0.000e+00, 2.115e+00, 9.983e+02, 1.800e-08
2.475e+00, 5.000e-01, -7.950e-01, 1.163e+05, 0.000e+00, 2.996e-05, 0.000e+00, 2.113e+00, 9.983e+02, 1.286e-08
2.475e+00, 5.000e-01, -7.850e-01, 1.162e+05, 0.000e+00, 2.501e-05, 0.000e+00, 2.111e+00, 9.983e+02, 1.073e-08
2.475e+00, 5.000e-01, -7.750e-01, 1.161e+05, 0.000e+00, 3.337e-05, 0.000e+00, 2.109e+00, 9.983e+02, 1.433e-08
2.475e+00, 5.000e-01, -7.650e-01, 1.160e+05, 0.000e+00, 6.675e-05, 0.000e+00, 2.107e+00, 9.983e+02, 2.865e-08
2.475e+00, 5.000e-01, -7.550e-01, 1.159e+05, 0.000e+00, 1.350e-04, 0.000e+00, 2.106e+00, 9.983e+02, 5.840e-08
2.475e+00, 5.000e-01, -7.450e-01, 1.173e+05, 0.000e+00, 1.887e-04, 0.000e+00, 2.131e+00, 9.983e+02, 8.289e-08
2.475e+00, 5.000e-01, -7.350e-01, 1.172e+05, 0.000e+00, 1.722e-04, 0.000e+00, 2.129e+00, 9.983e+02, 7.565e-08
2.475e+00, 5.000e-01, -7.250e-01, 1.171e+05, 0.000e+00, 1.278e-04, 0.000e+00, 2.127e+00, 9.983e+02, 5.614e-08
2.475e+00, 5.000e-01, -7.150e-01, 1.170e+05, 0.000e+00, 8.473e-05, 0.000e+00, 2.126e+00, 9.983e+02, 3.722e-08
2.475e+00, 5.000e-01, -7.050e-01, 1.169e+05, 0.000e+00, 5.525e-05, 0.000e+00, 2.124e+00, 9.983e+02, 2.427e-08
2.475e+00, 5.000e-01, -6.950e-01, 1.168e+05, 0.000e+00, 4.261e-05, 0.000e+00, 2.122e+00, 9.983e+02, 1.871e-08
2.475e+00, 5.000e-01, -6.850e-01, 1.167e+05, 0.000e+00, 4.802e-05, 0.000e+00, 2.120e+00, 9.983e+02, 2.109e-08
2.475e+00, 5.000e-01, -6.750e-01, 1.166e+05, 0.000e+00, 7.320e-05, 0.000e+00, 2.119e+00, 9.983e+02, 3.215e-08
2.475e+00, 5.000e-01, -6.650e-01, 1.165e+05, 0.000e+00, 1.190e-04, 0.000e+00, 2.117e+00, 9.983e+02, 5.227e-08
2.475e+00, 5.000e-01, -6.550e-01, 1.164e+05, 0.000e+00, 1.812e-04, 0.000e+00, 2.115e+00, 9.983e+02, 7.961e-08
2.475e+00, 5.000e-01, -6.450e-01, 1.163e+05, 0.000e+00, 2.467e-04, 0.000e+00, 2.113e+00, 9.983e+02, 1.084e-07
2.475e+00, 5.000e-01, -6.350e-01, 1.162e+05, 0.000e+00, 2.946e-04, 0.000e+00, 2.111e+00, 9.983e+02, 1.302e-07
2.475e+00, 5.000e-01, -6.250e-01, 1.146e+05, 0.000e+00, 3.153e-04, 0.000e+00, 2.083e+00, 9.983e+02, 1.416e-07
2.475e+00, 5.000e-01, -6.150e-01, 1.145e+05, 0.000e+00, 3.354e-04, 0.000e+00, 2.081e+00, 9.983e+02, 1.507e-07
2.475e+00, 5.000e-01, -6.050e-01, 1.144e+05, 0.000e+00, 3.468e-04, 0.000e+00, 2.079e+00, 9.983e+02, 1.558e-07
2.475e+00, 5.000e-01, -5.950e-01, 1.144e+05, 0.000e+00, 3.489e-04, 0.000e+00, 2.077e+00, 9.983e+02, 1.567e-07
2.475e+00, 5.000e-01, -5.850e-01, 1.143e+05, 0.000e+00, 3.439e-04, 0.000e+00, 2.075e+00, 9.983e+02, 1.545e-07
2.475e+00, 5.000e-01, -5.750e-01, 1.142e+05, 0.000e+00, 3.355e-04, 0.000e+00, 2.074e+00, 9.983e+02, 1.507e-07
2.475e+00, 5.000e-01, -5.650e-01, 1.141e+05, 0.000e+00, 3.265e-04, 0.000e+00, 2.072e+00, 9.983e+02, 1.467e-07
2.475e+00, 5.000e-01, -5.550e-01, 1.140e+05, 0.000e+00, 3.185e-04, 0.000e+00, 2.070e+00, 9.983e+02, 1.431e-07
2.475e+00, 5.000e-01, -5.450e-01, 1.139e+05, 0.000e+00, 3.128e-04, 0.000e+00, 2.068e+00, 9.983e+02, 1.405e-07
2.475e+00, 5.000e-01, -5.350e-01, 1.138e+05, 0.000e+00, 3.114e-04, 0.000e+00, 2.067e+00, 9.983e+02, 1.399e-07
2.475e+00, 5.000e-01, -5.250e-01, 1.137e+05, 0.000e+00, 3.234e-04, 0.000e+00, 2.065e+00, 9.983e+02, 1.441e-07
2.475e+00, 5.000e-01, -5.150e-01, 1.136e+05, 0.000e+00, 3.569e-04, 0.000e+00, 2.063e+00, 9.983e+02, 1.532e-07
2.475e+00, 5.000e-01, -5.050e-01, 1.135e+05, 0.000e+00, 3.603e-04, 0.000e+00, 2.061e+00, 9.983e+02, 1.547e-07
2.475e+00, 5.000e-01, -4.950e-01, 1.134e+05, 0.000e+00, 3.415e-04, 0.000e+00, 2.059e+00, 9.983e+02, 1.466e-07
2.475e+00, 5.000e-01, -4.850e-01, 1.133e+05, 0.000e+00, 3.202e-04, 0.000e+00, 2.057e+00, 9.983e+02, 1.374e-07
2.475e+00, 5.000e-01, -4.750e-01, 1.132e+05, 0.000e+00, 3.119e-04, 0.000e+00, 2.056e+00, 9.983e+02, 1.339e-07
2.475e+00, 5.000e-01, -4.650e-01, 1.131e+05, 0.000e+00, 3.110e-04, 0.000e+00, 2.054e+00, 9.983e+02, 1.363e-07
2.475e+00, 5.000e-01, -4.550e-01, 1.130e+05, 0.000e+00, 3.024e-04, 0.000e+00, 2.052e+00, 9.983e+02, 1.358e-07
2.475e+00, 5.000e-01, -4.450e-01, 1.129e+05, 0.000e+00, 2.837e-04, 0.000e+00, 2.050e+00, 9.983e+02, 1.226e-07
2.475e+00, 5.000e-01, -4.350e-01, 1.128e+05, 0.000e+00, 2.464e-04, 0.000e+00, 2.048e+00, 9.983e+02, 1.058e-07
2.475e+00, 5.000e-01, -4.250e-01, 1.127e+05, 0.000e+00, 2.064e-04, 0.000e+00, 2.047e+00, 9.983e+02, 8.862e-08
2.475e+00, 5.000e-01, -4.150e-01, 1.126e+05, 0.000e+00, 1.937e-04, 0.000e+00, 2.045e+00, 9.983e+02, 8.316e-08
2.475e+00, 5.000e-01, -4.050e-01, 1.125e+05, 0.000e+00, 1.896e-04, 0.000e+00, 2.043e+00, 9.983e+02, 8.138e-08
2.475e+00, 5.000e-01, -3.950e-01, 1.124e+05, 0.000e+00, 1.916e-04, 0.000e+00, 2.041e+00, 9.983e+02, 8.224e-08
2.475e+00, 5.000e-01, -3.850e-01, 1.123e+05, 0.000e+00, 2.013e-04, 0.000e+00, 2.040e+00, 9.983e+02, 9.009e-08
2.475e+00, 5.000e-01, -3.750e-01, 1.122e+05, 0.000e+00, 2.036e-04, 0.000e+00, 2.038e+00, 9.983e+02, 9.145e-08
2.475e+00, 5.000e-01, -3.650e-01, 1.121e+05, 0.000e+00, 2.015e-04, 0.000e+00, 2.036e+00, 9.983e+02, 9.052e-08
2.475e+00, 5.000e-01, -3.550e-01, 1.120e+05, 0.000e+00, 1.963e-04, 0.000e+00, 2.034e+00, 9.983e+02, 8.819e-08
2.475e+00, 5.000e-01, -3.450e-01, 1.119e+05, 0.000e+00, 1.894e-04, 0.000e+00, 2.033e+00, 9.983e+02, 8.510e-08
2.475e+00, 5.000e-01, -3.350e-01, 1.118e+05, 0.000e+00, 1.828e-04, 0.000e+00, 2.031e+00, 9.983e+02, 8.211e-08
2.475e+00, 5.000e-01, -3.250e-01, 1.117e+05, 0.000e+00, 1.780e-04, 0.000e+00, 2.029e+00, 9.983e+02, 7.996e-08
2.475e+00, 5.000e-01, -3.150e-01, 1.116e+05, 0.000e+00, 1.766e-04, 0.000e+00, 2.027e+00, 9.983e+02, 7.935e-08
2.475e+00, 5.000e-01, -3.050e-01, 1.115e+05, 0.000e+00, 1.830e-04, 0.000e+00, 2.025e+00, 9.983e+02, 8.205e-08
2.475e+00, 5.000e-01, -2.950e-01, 1.115e+05, 0.000e+00, 2.093e-04, 0.000e+00, 2.025e+00, 9.983e+02, 9.193e-08
2.475e+00, 5.000e-01, -2.850e-01, 1.114e+05, 0.000e+00, 2.302e-04, 0.000e+00, 2.023e+00, 9.983e+02, 1.011e-07
2.475e+00, 5.000e-01, -2.750e-01, 1.113e+05, 0.000e+00, 2.509e-04, 0.000e+00, 2.021e+00, 9.983e+02, 1.102e-07
2.475e+00, 5.000e-01, -2.650e-01, 1.112e+05, 0.000e+00, 2.816e-04, 0.000e+00, 2.020e+00, 9.983e+02, 1.237e-07
2.475e+00, 5.000e-01, -2.550e-01, 1.111e+05, 0.000e+00, 3.237e-04, 0.000e+00, 2.018e+00, 9.983e+02, 1.422e-07
2.475e+00, 5.000e-01, -2.450e-01, 1.110e+05, 0.000e+00, 3.711e-04, 0.000e+00, 2.016e+00, 9.983e+02, 1.630e-07
2.475e+00, 5.000e-01, -2.350e-01, 1.109e+05, 0.000e+00, 4.190e-04, 0.000e+00, 2.014e+00, 9.983e+02, 1.840e-07
2.475e+00, 5.000e-01, -2.250e-01, 1.108e+05, 0.000e+00, 4.652e-04, 0.000e+00, 2.012e+00, 9.983e+02, 2.043e-07
2.475e+00, 5.000e-01, -2.150e-01, 1.109e+05, 0.000e+00, 5.035e-04, 0.000e+00, 2.014e+00, 9.984e+02, 2.184e-07
2.475e+00, 5.000e-01, -2.050e-01, 1.108e+05, 0.000e+00, 5.164e-04, 0.000e+00, 2.012e+00, 9.984e+02, 2.217e-07
2.475e+00, 5.000e-01, -1.950e-01, 1.107e+05, 0.000e+00, 5.144e-04, 0.000e+00, 2.011e+00, 9.984e+02, 2.208e-07
2.475e+00, 5.000e-01, -1.850e-01, 1.106e+05, 0.000e+00, 5.032e-04, 0.000e+00, 2.009e+00, 9.984e+02, 2.160e-07
2.475e+00, 5.000e-01, -1.750e-01, 1.105e+05, 0.000e+00, 4.833e-04, 0.000e+00, 2.007e+00, 9.983e+02, 2.075e-07
2.475e+00, 5.000e-01, -1.650e-01, 1.104e+05, 0.000e+00, 4.529e-04, 0.000e+00, 2.005e+00, 9.983e+02, 1.944e-07
2.475e+00, 5.000e-01, -1.550e-01, 1.103e+05, 0.000e+00, 4.089e-04, 0.000e+00, 2.004e+00, 9.983e+02, 1.755e-07
2.475e+00, 5.000e-01, -1.450e-01, 1.102e+05, 0.000e+00, 3.442e-04, 0.000e+00, 2.002e+00, 9.983e+02, 1.491e-07
2.475e+00, 5.000e-01, -1.350e-01, 1.113e+05, 0.000e+00, 2.628e-04, 0.000e+00, 2.022e+00, 9.983e+02, 1.154e-07
2.475e+00, 5.000e-01, -1.250e-01, 1.112e+05, 0.000e+00, 1.793e-04, 0.000e+00, 2.020e+00, 9.983e+02, 7.874e-08
2.475e+00, 5.000e-01, -1.150e-01, 1.111e+05, 0.000e+00, 1.112e-04, 0.000e+00, 2.018e+00, 9.983e+02, 4.884e-08
2.475e+00, 5.000e-01, -1.050e-01, 1.110e+05, 0.000e+00, 6.401e-05, 0.000e+00, 2.017e+00, 9.983e+02, 2.812e-08
2.475e+00, 5.000e-01, -9.500e-02, 1.109e+05, 0.000e+00, 3.479e-05, 0.000e+00, 2.015e+00, 9.983e+02, 1.528e-08
2.475e+00, 5.000e-01, -8.500e-02, 1.108e+05, 0.000e+00, 1.805e-05, 0.000e+00, 2.013e+00, 9.983e+02, 7.929e-09
2.475e+00, 5.000e-01, -7.500e-02, 1.107e+05, 0.000e+00, 8.985e-06, 0.000e+00, 2.011e+00, 9.983e+02, 3.946e-09
2.475e+00, 5.000e-01, -6.500e-02, 1.106e+05, 0.000e+00, 4.293e-06, 0.000e+00, 2.009e+00, 9.983e+02, 1.886e-09
2.475e+00, 5.000e-01, -5.500e-02, 1.105e+05, 0.000e+00, 1.967e-06, 0.000e+00, 2.008e+00, 9.983e+02, 8.639e-10
2.475e+00, 5.000e-01, -4.500e-02, 1.104e+05, 0.000e+00, 8.625e-07, 0.000e+00, 2.006e+00, 9.983e+02, 3.788e-10
2.475e+00, 5.000e-01, -3.500e-02, 1.103e+05, 0.000e+00, 3.619e-07, 0.000e+00, 2.004e+00, 9.983e+02, 1.590e-10
2.475e+00, 5.000e-01, -2.500e-02, 1.102e+05, 0.000e+00, 1.459e-07, 0.000e+00, 2.002e+00, 9.983e+02, 6.411e-11
2.475e+00, 5.000e-01, -1.500e-02, 1.101e+05, 0.000e+00, 5.800e-08, 0.000e+00, 2.000e+00, 9.983e+02, 2.548e-11
2.475e+00, 5.000e-01, -5.000e-03, 1.100e+05, 0.000e+00, 2.562e-08, 0.000e+00, 1.999e+00, 9.983e+02, 1.125e-11
2.485e+00, 5.000e-01, -1.195e+00, 1.202e+05, 0.000e+00, 1.002e-13, 0.000e+00, 2.184e+00, 9.983e+02, 2.000e-17
2.485e+00, 5.000e-01, -1.185e+00, 1.201e+05, 0.000e+00, 1.002e-13, 0.000e+00, 2.182e+00, 9.983e+02, 2.000e-17
2.485e+00, 5.000e-01, -1.175e+00, 1.200e+05, 0.000e+00, 1.002e-13, 0.000e+00, 2.181e+00, 9.983e+02, 2.000e-17
2.485e+00, 5.000e-01, -1.165e+00, 1.199e+05, 0.000e+00, 1.002e-13, 0.000e+00, 2.179e+00, 9.983e+02, 2.000e-17
2.485e+00, 5.000e-01, -1.155e+00, 1.198e+05, 0.000e+00, 1.002e-13, 0.000e+00, 2.177e+00, 9.983e+02, 2.000e-17
2.485e+00, 5.000e-01, -1.145e+00, 1.197e+05, 0.000e+00, 1.002e-13, 0.000e+00, 2.175e+00, 9.983e+02, 2.000e-17
2.485e+00, 5.000e-01, -1.135e+00, 1.196e+05, 0.000e+00, 8.192e-13, 0.000e+00, 2.173e+00, 9.983e+02, 1.636e-16
2.485e+00, 5.000e-01, -1.125e+00, 1.195e+05, 0.000e+00, 3.253e-04, 0.000e+00, 2.172e+00, 9.983e+02, 1.147e-07
2.485e+00, 5.000e-01, -1.115e+00, 1.194e+05, 0.000e+00, 3.844e-04, 0.000e+00, 2.170e+00, 9.983e+02, 1.650e-07
2.485e+00, 5.000e-01, -1.105e+00, 1.193e+05, 0.000e+00, 3.998e-04, 0.000e+00, 2.168e+00, 9.983e+02, 1.716e-07
2.485e+00, 5.000e-01, -1.095e+00, 1.192e+05, 0.000e+00, 4.133e-04, 0.000e+00, 2.167e+00, 9.983e+02, 1.774e-07
2.485e+00, 5.000e-01, -1.085e+00, 1.191e+05, 0.000e+00, 4.253e-04, 0.000e+00, 2.165e+00, 9.983e+02, 1.826e-07
2.485e+00, 5.000e-01, -1.075e+00, 1.190e+05, 0.000e+00, 4.369e-04, 0.000e+00, 2.163e+00, 9.983e+02, 1.876e-07
2.485e+00, 5.000e-01, -1.065e+00, 1.189e+05, 0.000e+00, 4.480e-04, 0.000e+00, 2.161e+00, 9.983e+02, 1.923e-07
2.485e+00, 5.000e-01, -1.055e+00, 1.188e+05, 0.000e+00, 4.571e-04, 0.000e+00, 2.159e+00, 9.983e+02, 1.962e-07
2.485e+00, 5.000e-01, -1.045e+00, 1.187e+05, 0.000e+00, 4.624e-04, 0.000e+00, 2.158e+00, 9.983e+02, 1.985e-07
2.485e+00, 5.000e-01, -1.035e+00, 1.186e+05, 0.000e+00, 4.632e-04, 0.000e+00, 2.156e+00, 9.983e+02, 1.988e-07
2.485e+00, 5.000e-01, -1.025e+00, 1.185e+05, 0.000e+00, 4.598e-04, 0.000e+00, 2.154e+00, 9.983e+02, 1.974e-07
2.485e+00, 5.000e-01, -1.015e+00, 1.185e+05, 0.000e+00, 4.531e-04, 0.000e+00, 2.152e+00, 9.983e+02, 1.945e-07
2.485e+00, 5.000e-01, -1.005e+00, 1.184e+05, 0.000e+00, 4.437e-04, 0.000e+00, 2.150e+00, 9.983e+02, 1.905e-07
2.485e+00, 5.000e-01, -9.950e-01, 1.183e+05, 0.000e+00, 4.322e-04, 0.000e+00, 2.149e+00, 9.983e+02, 1.855e-07
2.485e+00, 5.000e-01, -9.850e-01, 1.182e+05, 0.000e+00, 4.183e-04, 0.000e+00, 2.147e+00, 9.983e+02, 1.796e-07
2.485e+00, 5.000e-01, -9.750e-01, 1.181e+05, 0.000e+00, 4.018e-04, 0.000e+00, 2.145e+00, 9.983e+02, 1.725e-07
2.485e+00, 5.000e-01, -9.650e-01, 1.180e+05, 0.000e+00, 3.808e-04, 0.000e+00, 2.143e+00, 9.983e+02, 1.635e-07
2.485e+00, 5.000e-01, -9.550e-01, 1.179e+05, 0.000e+00, 3.579e-04, 0.000e+00, 2.141e+00, 9.983e+02, 1.536e-07
2.485e+00, 5.000e-01, -9.450e-01, 1.178e+05, 0.000e+00, 3.386e-04, 0.000e+00, 2.140e+00, 9.983e+02, 1.454e-07
2.485e+00, 5.000e-01, -9.350e-01, 1.177e+05, 0.000e+00, 3.241e-04, 0.000e+00, 2.138e+00, 9.983e+02, 1.391e-07
2.485e+00, 5.000e-01, -9.250e-01, 1.176e+05, 0.000e+00, 3.137e-04, 0.000e+00, 2.136e+00, 9.983e+02, 1.347e-07
2.485e+00, 5.000e-01, -9.150e-01, 1.175e+05, 0.000e+00, 3.024e-04, 0.000e+00, 2.134e+00, 9.983e+02, 1.298e-07
2.485e+00, 5.000e-01, -9.050e-01, 1.174e+05, 0.000e+00, 2.839e-04, 0.000e+00, 2.132e+00, 9.983e+02, 1.219e-07
2.485e+00, 5.000e-01, -8.950e-01, 1.173e+05, 0.000e+00, 2.578e-04, 0.000e+00, 2.131e+00, 9.983e+02, 1.106e-07
2.485e+00, 5.000e-01, -8.850e-01, 1.172e+05, 0.000e+00, 2.282e-04, 0.000e+00, 2.129e+00, 9.983e+02, 9.798e-08
2.485e+00, 5.000e-01, -8.750e-01, 1.171e+05, 0.000e+00, 1.986e-04, 0.000e+00, 2.127e+00, 9.983e+02, 8.524e-08
2.485e+00, 5.000e-01, -8.650e-01, 1.170e+05, 0.000e+00, 1.700e-04, 0.000e+00, 2.125e+00, 9.983e+02, 7.297e-08
2.485e+00, 5.000e-01, -8.550e-01, 1.169e+05, 0.000e+00, 1.429e-04, 0.000e+00, 2.124e+00, 9.983e+02, 6.133e-08
2.485e+00, 5.000e-01, -8.450e-01, 1.168e+05, 0.000e+00, 1.174e-04, 0.000e+00, 2.122e+00, 9.983e+02, 5.039e-08
2.485e+00, 5.000e-01, -8.350e-01, 1.167e+05, 0.000e+00, 9.382e-05, 0.000e+00, 2.120e+00, 9.983e+02, 4.027e-08
2.485e+00, 5.000e-01, -8.250e-01, 1.166e+05, 0.000e+00, 7.252e-05, 0.000e+00, 2.118e+00, 9.983e+02, 3.113e-08
2.485e+00, 5.000e-01, -8.150e-01, 1.165e+05, 0.000e+00, 5.392e-05, 0.000e+00, 2.116e+00, 9.983e+02, 2.315e-08
2.485e+00, 5.000e-01, -8.050e-01, 1.164e+05, 0.000e+00, 3.861e-05, 0.000e+00, 2.115e+00, 9.983e+02, 1.657e-08
2.485e+00, 5.000e-01, -7.950e-01, 1.163e+05, 0.000e+00, 2.766e-05, 0.000e+00, 2.113e+00, 9.983e+02, 1.187e-08
2.485e+00, 5.000e-01, -7.850e-01, 1.162e+05, 0.000e+00, 2.377e-05, 0.000e+00, 2.111e+00, 9.983e+02, 1.020e-08
2.485e+00, 5.000e-01, -7.750e-01, 1.161e+05, 0.000e+00, 3.306e-05, 0.000e+00, 2.109e+00, 9.983e+02, 1.419e-08
2.485e+00, 5.000e-01, -7.650e-01, 1.160e+05, 0.000e+00, 6.707e-05, 0.000e+00, 2.107e+00, 9.983e+02, 2.879e-08
2.485e+00, 5.000e-01, -7.550e-01, 1.159e+05, 0.000e+00, 1.425e-04, 0.000e+00, 2.106e+00, 9.983e+02, 6.179e-08
2.485e+00, 5.000e-01, -7.450e-01, 1.173e+05, 0.000e+00, 1.856e-04, 0.000e+00, 2.131e+00, 9.983e+02, 8.154e-08
2.485e+00, 5.000e-01, -7.350e-01, 1.172e+05, 0.000e+00, 1.669e-04, 0.000e+00, 2.129e+00, 9.983e+02, 7.332e-08
2.485e+00, 5.000e-01, -7.250e-01, 1.171e+05, 0.000e+00, 1.239e-04, 0.000e+00, 2.127e+00, 9.983e+02, 5.444e-08
2.485e+00, 5.000e-01, -7.150e-01, 1.170e+05, 0.000e+00, 8.260e-05, 0.000e+00, 2.126e+00, 9.983e+02, 3.628e-08
2.485e+00, 5.000e-01, -7.050e-01, 1.169e+05, 0.000e+00, 5.417e-05, 0.000e+00, 2.124e+00, 9.983e+02, 2.379e-08
2.485e+00, 5.000e-01, -6.950e-01, 1.168e+05, 0.000e+00, 4.207e-05, 0.000e+00, 2.122e+00, 9.983e+02, 1.848e-08
2.485e+00, 5.000e-01, -6.850e-01, 1.167e+05, 0.000e+00, 4.814e-05, 0.000e+00, 2.120e+00, 9.983e+02, 2.115e-08
2.485e+00, 5.000e-01, -6.750e-01, 1.166e+05, 0.000e+00, 7.503e-05, 0.000e+00, 2.119e+00, 9.983e+02, 3.295e-08
2.485e+00, 5.000e-01, -6.650e-01, 1.165e+05, 0.000e+00, 1.245e-04, 0.000e+00, 2.117e+00, 9.983e+02, 5.469e-08
2.485e+00, 5.000e-01, -6.550e-01, 1.164e+05, 0.000e+00, 1.926e-04, 0.000e+00, 2.115e+00, 9.983e+02, 8.458e-08
2.485e+00, 5.000e-01, -6.450e-01, 1.163e+05, 0.000e+00, 2.635e-04, 0.000e+00, 2.113e+00, 9.983e+02, 1.158e-07
2.485e+00, 5.000e-01, -6.350e-01, 1.162e+05, 0.000e+00, 3.101e-04, 0.000e+00, 2.111e+00, 9.983e+02, 1.376e-07
2.485e+00, 5.000e-01, -6.250e-01, 1.146e+05, 0.000e+00, 3.172e-04, 0.000e+00, 2.083e+00, 9.983e+02, 1.425e-07
2.485e+00, 5.000e-01, -6.150e-01, 1.145e+05, 0.000e+00, 3.311e-04, 0.000e+00, 2.081e+00, 9.983e+02, 1.487e-07
2.485e+00, 5.000e-01, -6.050e-01, 1.144e+05, 0.000e+00, 3.402e-04, 0.000e+00, 2.079e+00, 9.983e+02, 1.528e-07
2.485e+00, 5.000e-01, -5.950e-01, 1.144e+05, 0.000e+00, 3.422e-04, 0.000e+00, 2.077e+00, 9.983e+02, 1.537e-07
2.485e+00, 5.000e-01, -5.850e-01, 1.143e+05, 0.000e+00, 3.381e-04, 0.000e+00, 2.075e+00, 9.983e+02, 1.519e-07
2.485e+00, 5.000e-01, -5.750e-01, 1.142e+05, 0.000e+00, 3.307e-04, 0.000e+00, 2.074e+00, 9.983e+02, 1.486e-07
2.485e+00, 5.000e-01, -5.650e-01, 1.141e+05, 0.000e+00, 3.223e-04, 0.000e+00, 2.072e+00, 9.983e+02, 1.448e-07
2.485e+00, 5.000e-01, -5.550e-01, 1.140e+05, 0.000e+00, 3.144e-04, 0.000e+00, 2.070e+00, 9.983e+02, 1.412e-07
2.485e+00, 5.000e-01, -5.450e-01, 1.139e+05, 0.000e+00, 3.079e-04, 0.000e+00, 2.068e+00, 9.983e+02, 1.383e-07
2.485e+00, 5.000e-01, -5.350e-01, 1.138e+05, 0.000e+00, 3.043e-04, 0.000e+00, 2.067e+00, 9.983e+02, 1.367e-07
2.485e+00, 5.000e-01, -5.250e-01, 1.137e+05, 0.000e+00, 3.123e-04, 0.000e+00, 2.065e+00, 9.983e+02, 1.380e-07
2.485e+00, 5.000e-01, -5.150e-01, 1.136e+05, 0.000e+00, 3.402e-04, 0.000e+00, 2.063e+00, 9.983e+02, 1.460e-07
2.485e+00, 5.000e-01, -5.050e-01, 1.135e+05, 0.000e+00, 3.432e-04, 0.000e+00, 2.061e+00, 9.983e+02, 1.473e-07
2.485e+00, 5.000e-01, -4.950e-01, 1.134e+05, 0.000e+00, 3.269e-04, 0.000e+00, 2.059e+00, 9.983e+02, 1.403e-07
2.485e+00, 5.000e-01, -4.850e-01, 1.133e+05, 0.000e+00, 3.119e-04, 0.000e+00, 2.057e+00, 9.983e+02, 1.339e-07
2.485e+00, 5.000e-01, -4.750e-01, 1.132e+05, 0.000e+00, 3.079e-04, 0.000e+00, 2.056e+00, 9.983e+02, 1.322e-07
2.485e+00, 5.000e-01, -4.650e-01, 1.131e+05, 0.000e+00, 3.033e-04, 0.000e+00, 2.054e+00, 9.983e+02, 1.337e-07
2.485e+00, 5.000e-01, -4.550e-01, 1.130e+05, 0.000e+00, 2.874e-04, 0.000e+00, 2.052e+00, 9.983e+02, 1.291e-07
2.485e+00, 5.000e-01, -4.450e-01, 1.129e+05, 0.000e+00, 2.649e-04, 0.000e+00, 2.050e+00, 9.983e+02, 1.139e-07
2.485e+00, 5.000e-01, -4.350e-01, 1.128e+05, 0.000e+00, 2.160e-04, 0.000e+00, 2.048e+00, 9.983e+02, 9.272e-08
2.485e+00, 5.000e-01, -4.250e-01, 1.127e+05, 0.000e+00, 1.948e-04, 0.000e+00, 2.047e+00, 9.983e+02, 8.362e-08
2.485e+00, 5.000e-01, -4.150e-01, 1.126e+05, 0.000e+00, 1.859e-04, 0.000e+00, 2.045e+00, 9.983e+02, 7.982e-08
2.485e+00, 5.000e-01, -4.050e-01, 1.125e+05, 0.000e+00, 1.817e-04, 0.000e+00, 2.043e+00, 9.983e+02, 7.798e-08
2.485e+00, 5.000e-01, -3.950e-01, 1.124e+05, 0.000e+00, 1.825e-04, 0.000e+00, 2.041e+00, 9.983e+02, 7.856e-08
2.485e+00, 5.000e-01, -3.850e-01, 1.123e+05, 0.000e+00, 1.905e-04, 0.000e+00, 2.040e+00, 9.983e+02, 8.559e-08
2.485e+00, 5.000e-01, -3.750e-01, 1.122e+05, 0.000e+00, 1.900e-04, 0.000e+00, 2.038e+00, 9.983e+02, 8.533e-08
2.485e+00, 5.000e-01, -3.650e-01, 1.121e+05, 0.000e+00, 1.847e-04, 0.000e+00, 2.036e+00, 9.983e+02, 8.299e-08
2.485e+00, 5.000e-01, -3.550e-01, 1.120e+05, 0.000e+00, 1.781e-04, 0.000e+00, 2.034e+00, 9.983e+02, 8.001e-08
2.485e+00, 5.000e-01, -3.450e-01, 1.119e+05, 0.000e+00, 1.722e-04, 0.000e+00, 2.033e+00, 9.983e+02, 7.738e-08
2.485e+00, 5.000e-01, -3.350e-01, 1.118e+05, 0.000e+00, 1.684e-04, 0.000e+00, 2.031e+00, 9.983e+02, 7.567e-08
2.485e+00, 5.000e-01, -3.250e-01, 1.117e+05, 0.000e+00, 1.672e-04, 0.000e+00, 2.029e+00, 9.983e+02, 7.510e-08
2.485e+00, 5.000e-01, -3.150e-01, 1.116e+05, 0.000e+00, 1.684e-04, 0.000e+00, 2.027e+00, 9.983e+02, 7.566e-08
2.485e+00, 5.000e-01, -3.050e-01, 1.115e+05, 0.000e+00, 1.733e-04, 0.000e+00, 2.025e+00, 9.983e+02, 7.747e-08
2.485e+00, 5.000e-01, -2.950e-01, 1.115e+05, 0.000e+00, 1.901e-04, 0.000e+00, 2.025e+00, 9.983e+02, 8.352e-08
2.485e+00, 5.000e-01, -2.850e-01, 1.114e+05, 0.000e+00, 2.091e-04, 0.000e+00, 2.023e+00, 9.983e+02, 9.184e-08
2.485e+00, 5.000e-01, -2.750e-01, 1.113e+05, 0.000e+00, 2.324e-04, 0.000e+00, 2.021e+00, 9.983e+02, 1.021e-07
2.485e+00, 5.000e-01, -2.650e-01, 1.112e+05, 0.000e+00, 2.651e-04, 0.000e+00, 2.020e+00, 9.983e+02, 1.164e-07
2.485e+00, 5.000e-01, -2.550e-01, 1.111e+05, 0.000e+00, 3.079e-04, 0.000e+00, 2.018e+00, 9.983e+02, 1.353e-07
2.485e+00, 5.000e-01, -2.450e-01, 1.110e+05, 0.000e+00, 3.538e-04, 0.000e+00, 2.016e+00, 9.983e+02, 1.554e-07
2.485e+00, 5.000e-01, -2.350e-01, 1.109e+05, 0.000e+00, 4.008e-04, 0.000e+00, 2.014e+00, 9.983e+02, 1.761e-07
2.485e+00, 5.000e-01, -2.250e-01, 1.108e+05, 0.000e+00, 4.498e-04, 0.000e+00, 2.012e+00, 9.983e+02, 1.976e-07
2.485e+00, 5.000e-01, -2.150e-01, 1.109e+05, 0.000e+00, 4.916e-04, 0.000e+00, 2.014e+00, 9.983e+02, 2.127e-07
2.485e+00, 5.000e-01, -2.050e-01, 1.108e+05, 0.000e+00, 5.067e-04, 0.000e+00, 2.012e+00, 9.984e+02, 2.175e-07
2.485e+00, 5.000e-01, -1.950e-01, 1.107e+05, 0.000e+00, 5.070e-04, 0.000e+00, 2.011e+00, 9.984e+02, 2.177e-07
2.485e+00, 5.000e-01, -1.850e-01, 1.106e+05, 0.000e+00, 4.974e-04, 0.000e+00, 2.009e+00, 9.984e+02, 2.135e-07
2.485e+00, 5.000e-01, -1.750e-01, 1.105e+05, 0.000e+00, 4.777e-04, 0.000e+00, 2.007e+00, 9.983e+02, 2.051e-07
2.485e+00, 5.000e-01, -1.650e-01, 1.104e+05, 0.000e+00, 4.450e-04, 0.000e+00, 2.005e+00, 9.983e+02, 1.910e-07
2.485e+00, 5.000e-01, -1.550e-01, 1.103e+05, 0.000e+00, 3.955e-04, 0.000e+00, 2.004e+00, 9.983e+02, 1.698e-07
2.485e+00, 5.000e-01, -1.450e-01, 1.114e+05, 0.000e+00, 3.254e-04, 0.000e+00, 2.024e+00, 9.983e+02, 1.414e-07
2.485e+00, 5.000e-01, -1.350e-01, 1.113e+05, 0.000e+00, 2.435e-04, 0.000e+00, 2.022e+00, 9.983e+02, 1.070e-07
2.485e+00, 5.000e-01, -1.250e-01, 1.112e+05, 0.000e+00, 1.645e-04, 0.000e+00, 2.020e+00, 9.983e+02, 7.227e-08
2.485e+00, 5.000e-01, -1.150e-01, 1.111e+05, 0.000e+00, 1.017e-04, 0.000e+00, 2.018e+00, 9.983e+02, 4.469e-08
2.485e+00, 5.000e-01, -1.050e-01, 1.110e+05, 0.000e+00, 5.856e-05, 0.000e+00, 2.017e+00, 9.983e+02, 2.572e-08
2.485e+00, 5.000e-01, -9.500e-02, 1.109e+05, 0.000e+00, 3.183e-05, 0.000e+00, 2.015e+00, 9.983e+02, 1.398e-08
2.485e+00, 5.000e-01, -8.500e-02, 1.108e+05, 0.000e+00, 1.650e-05, 0.000e+00, 2.013e+00, 9.983e+02, 7.245e-09
2.485e+00, 5.000e-01, -7.500e-02, 1.107e+05, 0.000e+00, 8.187e-06, 0.000e+00, 2.011e+00, 9.983e+02, 3.596e-09
2.485e+00, 5.000e-01, -6.500e-02, 1.106e+05, 0.000e+00, 3.895e-06, 0.000e+00, 2.009e+00, 9.983e+02, 1.711e-09
2.485e+00, 5.000e-01, -5.500e-02, 1.105e+05, 0.000e+00, 1.775e-06, 0.000e+00, 2.008e+00, 9.983e+02, 7.795e-10
2.485e+00, 5.000e-01, -4.500e-02, 1.104e+05, 0.000e+00, 7.735e-07, 0.000e+00, 2.006e+00, 9.983e+02, 3.398e-10
2.485e+00, 5.000e-01, -3.500e-02, 1.103e+05, 0.000e+00, 3.225e-07, 0.000e+00, 2.004e+00, 9.983e+02, 1.417e-10
2.485e+00, 5.000e-01, -2.500e-02, 1.102e+05, 0.000e+00, 1.292e-07, 0.000e+00, 2.002e+00, 9.983e+02, 5.673e-11
2.485e+00, 5.000e-01, -1.500e-02, 1.101e+05, 0.000e+00, 5.097e-08, 0.000e+00, 2.000e+00, 9.983e+02, 2.239e-11
2.485e+00, 5.000e-01, -5.000e-03, 1.100e+05, 0.000e+00, 2.243e-08, 0.000e+00, 1.999e+00, 9.983e+02, 9.850e-12
2.495e+00, 5.000e-01, -1.195e+00, 1.202e+05, 0.000e+00, 1.002e-13, 0.000e+00, 2.184e+00, 9.983e+02, 2.000e-17
2.495e+00, 5.000e-01, -1.185e+00, 1.201e+05, 0.000e+00, 1.002e-13, 0.000e+00, 2.182e+00, 9.983e+02, 2.000e-17
2.495e+00, 5.000e-01, -1.175e+00, 1.200e+05, 0.000e+00, 1.002e-13, 0.000e+00, 2.181e+00, 9.983e+02, 2.000e-17
2.495e+00, 5.000e-01, -1.165e+00, 1.199e+05, 0.000e+00, 1.002e-13, 0.000e+00, 2.179e+00, 9.983e+02, 2.000e-17
2.495e+00, 5.000e-01, -1.155e+00, 1.198e+05, 0.000e+00, 1.002e-13, 0.000e+00, 2.177e+00, 9.983e+02, 2.000e-17
2.495e+00, 5.000e-01, -1.145e+00, 1.197e+05, 0.000e+00, 1.002e-13, 0.000e+00, 2.175e+00, 9.983e+02, 2.000e-17
2.495e+00, 5.000e-01, -1.135e+00, 1.196e+05, 0.000e+00, 7.490e-13, 0.000e+00, 2.173e+00, 9.983e+02, 1.495e-16
2.495e+00, 5.000e-01, -1.125e+00, 1.195e+05, 0.000e+00, 3.399e-04, 0.000e+00, 2.172e+00, 9.983e+02, 1.340e-07
2.495e+00, 5.000e-01, -1.115e+00, 1.194e+05, 0.000e+00, 3.834e-04, 0.000e+00, 2.170e+00, 9.983e+02, 1.646e-07
2.495e+00, 5.000e-01, -1.105e+00, 1.193e+05, 0.000e+00, 4.009e-04, 0.000e+00, 2.168e+00, 9.983e+02, 1.721e-07
2.495e+00, 5.000e-01, -1.095e+00, 1.192e+05, 0.000e+00, 4.148e-04, 0.000e+00, 2.167e+00, 9.983e+02, 1.781e-07
2.495e+00, 5.000e-01, -1.085e+00, 1.191e+05, 0.000e+00, 4.268e-04, 0.000e+00, 2.165e+00, 9.983e+02, 1.832e-07
2.495e+00, 5.000e-01, -1.075e+00, 1.190e+05, 0.000e+00, 4.377e-04, 0.000e+00, 2.163e+00, 9.983e+02, 1.879e-07
2.495e+00, 5.000e-01, -1.065e+00, 1.189e+05, 0.000e+00, 4.473e-04, 0.000e+00, 2.161e+00, 9.983e+02, 1.920e-07
2.495e+00, 5.000e-01, -1.055e+00, 1.188e+05, 0.000e+00, 4.545e-04, 0.000e+00, 2.159e+00, 9.983e+02, 1.951e-07
2.495e+00, 5.000e-01, -1.045e+00, 1.187e+05, 0.000e+00, 4.581e-04, 0.000e+00, 2.158e+00, 9.983e+02, 1.967e-07
2.495e+00, 5.000e-01, -1.035e+00, 1.186e+05, 0.000e+00, 4.575e-04, 0.000e+00, 2.156e+00, 9.983e+02, 1.964e-07
2.495e+00, 5.000e-01, -1.025e+00, 1.185e+05, 0.000e+00, 4.530e-04, 0.000e+00, 2.154e+00, 9.983e+02, 1.944e-07
2.495e+00, 5.000e-01, -1.015e+00, 1.185e+05, 0.000e+00, 4.451e-04, 0.000e+00, 2.152e+00, 9.983e+02, 1.911e-07
2.495e+00, 5.000e-01, -1.005e+00, 1.184e+05, 0.000e+00, 4.346e-04, 0.000e+00, 2.150e+00, 9.983e+02, 1.866e-07
2.495e+00, 5.000e-01, -9.950e-01, 1.183e+05, 0.000e+00, 4.216e-04, 0.000e+00, 2.149e+00, 9.983e+02, 1.810e-07
2.495e+00, 5.000e-01, -9.850e-01, 1.182e+05, 0.000e+00, 4.059e-04, 0.000e+00, 2.147e+00, 9.983e+02, 1.743e-07
2.495e+00, 5.000e-01, -9.750e-01, 1.181e+05, 0.000e+00, 3.866e-04, 0.000e+00, 2.145e+00, 9.983e+02, 1.660e-07
2.495e+00, 5.000e-01, -9.650e-01, 1.180e+05, 0.000e+00, 3.646e-04, 0.000e+00, 2.143e+00, 9.983e+02, 1.565e-07
2.495e+00, 5.000e-01, -9.550e-01, 1.179e+05, 0.000e+00, 3.451e-04, 0.000e+00, 2.141e+00, 9.983e+02, 1.482e-07
2.495e+00, 5.000e-01, -9.450e-01, 1.178e+05, 0.000e+00, 3.300e-04, 0.000e+00, 2.140e+00, 9.983e+02, 1.417e-07
2.495e+00, 5.000e-01, -9.350e-01, 1.177e+05, 0.000e+00, 3.192e-04, 0.000e+00, 2.138e+00, 9.983e+02, 1.370e-07
2.495e+00, 5.000e-01, -9.250e-01, 1.176e+05, 0.000e+00, 3.099e-04, 0.000e+00, 2.136e+00, 9.983e+02, 1.331e-07
2.495e+00, 5.000e-01, -9.150e-01, 1.175e+05, 0.000e+00, 2.959e-04, 0.000e+00, 2.134e+00, 9.983e+02, 1.270e-07
2.495e+00, 5.000e-01, -9.050e-01, 1.174e+05, 0.000e+00, 2.732e-04, 0.000e+00, 2.132e+00, 9.983e+02, 1.173e-07
2.495e+00, 5.000e-01, -8.950e-01, 1.173e+05, 0.000e+00, 2.452e-04, 0.000e+00, 2.131e+00, 9.983e+02, 1.052e-07
2.495e+00, 5.000e-01, -8.850e-01, 1.172e+05, 0.000e+00, 2.160e-04, 0.000e+00, 2.129e+00, 9.983e+02, 9.273e-08
2.495e+00, 5.000e-01, -8.750e-01, 1.171e+05, 0.000e+00, 1.876e-04, 0.000e+00, 2.127e+00, 9.983e+02, 8.053e-08
2.495e+00, 5.000e-01, -8.650e-01, 1.170e+05, 0.000e+00, 1.604e-04, 0.000e+00, 2.125e+00, 9.983e+02, 6.887e-08
2.495e+00, 5.000e-01, -8.550e-01, 1.169e+05, 0.000e+00, 1.346e-04, 0.000e+00, 2.124e+00, 9.983e+02, 5.779e-08
2.495e+00, 5.000e-01, -8.450e-01, 1.168e+05, 0.000e+00, 1.103e-04, 0.000e+00, 2.122e+00, 9.983e+02, 4.736e-08
2.495e+00, 5.000e-01, -8.350e-01, 1.167e+05, 0.000e+00, 8.784e-05, 0.000e+00, 2.120e+00, 9.983e+02, 3.770e-08
2.495e+00, 5.000e-01, -8.250e-01, 1.166e+05, 0.000e+00, 6.756e-05, 0.000e+00, 2.118e+00, 9.983e+02, 2.900e-08
2.495e+00, 5.000e-01, -8.150e-01, 1.165e+05, 0.000e+00, 4.996e-05, 0.000e+00, 2.116e+00, 9.983e+02, 2.144e-08
2.495e+00, 5.000e-01, -8.050e-01, 1.164e+05, 0.000e+00, 3.562e-05, 0.000e+00, 2.115e+00, 9.983e+02, 1.529e-08
2.495e+00, 5.000e-01, -7.950e-01, 1.163e+05, 0.000e+00, 2.565e-05, 0.000e+00, 2.113e+00, 9.983e+02, 1.101e-08
2.495e+00, 5.000e-01, -7.850e-01, 1.162e+05, 0.000e+00, 2.275e-05, 0.000e+00, 2.111e+00, 9.983e+02, 9.767e-09
2.495e+00, 5.000e-01, -7.750e-01, 1.161e+05, 0.000e+00, 3.272e-05, 0.000e+00, 2.109e+00, 9.983e+02, 1.405e-08
2.495e+00, 5.000e-01, -7.650e-01, 1.160e+05, 0.000e+00, 6.654e-05, 0.000e+00, 2.107e+00, 9.983e+02, 2.856e-08
2.495e+00, 5.000e-01, -7.550e-01, 1.174e+05, 0.000e+00, 1.468e-04, 0.000e+00, 2.133e+00, 9.983e+02, 6.379e-08
2.495e+00, 5.000e-01, -7.450e-01, 1.173e+05, 0.000e+00, 1.804e-04, 0.000e+00, 2.131e+00, 9.983e+02, 7.926e-08
2.495e+00, 5.000e-01, -7.350e-01, 1.172e+05, 0.000e+00, 1.604e-04, 0.000e+00, 2.129e+00, 9.983e+02, 7.046e-08
2.495e+00, 5.000e-01, -7.250e-01, 1.171e+05, 0.000e+00, 1.193e-04, 0.000e+00, 2.127e+00, 9.983e+02, 5.241e-08
2.495e+00, 5.000e-01, -7.150e-01, 1.170e+05, 0.000e+00, 7.995e-05, 0.000e+00, 2.126e+00, 9.983e+02, 3.512e-08
2.495e+00, 5.000e-01, -7.050e-01, 1.169e+05, 0.000e+00, 5.262e-05, 0.000e+00, 2.124e+00, 9.983e+02, 2.311e-08
2.495e+00, 5.000e-01, -6.950e-01, 1.168e+05, 0.000e+00, 4.092e-05, 0.000e+00, 2.122e+00, 9.983e+02, 1.797e-08
2.495e+00, 5.000e-01, -6.850e-01, 1.167e+05, 0.000e+00, 4.723e-05, 0.000e+00, 2.120e+00, 9.983e+02, 2.074e-08
2.495e+00, 5.000e-01, -6.750e-01, 1.166e+05, 0.000e+00, 7.506e-05, 0.000e+00, 2.119e+00, 9.983e+02, 3.297e-08
2.495e+00, 5.000e-01, -6.650e-01, 1.165e+05, 0.000e+00, 1.273e-04, 0.000e+00, 2.117e+00, 9.983e+02, 5.592e-08
2.495e+00, 5.000e-01, -6.550e-01, 1.164e+05, 0.000e+00, 2.006e-04, 0.000e+00, 2.115e+00, 9.983e+02, 8.813e-08
2.495e+00, 5.000e-01, -6.450e-01, 1.163e+05, 0.000e+00, 2.778e-04, 0.000e+00, 2.113e+00, 9.983e+02, 1.220e-07
2.495e+00, 5.000e-01, -6.350e-01, 1.147e+05, 0.000e+00, 3.249e-04, 0.000e+00, 2.084e+00, 9.983e+02, 1.448e-07
2.495e+00, 5.000e-01, -6.250e-01, 1.146e+05, 0.000e+00, 3.240e-04, 0.000e+00, 2.083e+00, 9.983e+02, 1.455e-07
2.495e+00, 5.000e-01, -6.150e-01, 1.145e+05, 0.000e+00, 3.321e-04, 0.000e+00, 2.081e+00, 9.983e+02, 1.492e-07
2.495e+00, 5.000e-01, -6.050e-01, 1.144e+05, 0.000e+00, 3.381e-04, 0.000e+00, 2.079e+00, 9.983e+02, 1.519e-07
2.495e+00, 5.000e-01, -5.950e-01, 1.144e+05, 0.000e+00, 3.391e-04, 0.000e+00, 2.077e+00, 9.983e+02, 1.523e-07
2.495e+00, 5.000e-01, -5.850e-01, 1.143e+05, 0.000e+00, 3.354e-04, 0.000e+00, 2.075e+00, 9.983e+02, 1.507e-07
2.495e+00, 5.000e-01, -5.750e-01, 1.142e+05, 0.000e+00, 3.288e-04, 0.000e+00, 2.074e+00, 9.983e+02, 1.477e-07
2.495e+00, 5.000e-01, -5.650e-01, 1.141e+05, 0.000e+00, 3.213e-04, 0.000e+00, 2.072e+00, 9.983e+02, 1.443e-07
2.495e+00, 5.000e-01, -5.550e-01, 1.140e+05, 0.000e+00, 3.138e-04, 0.000e+00, 2.070e+00, 9.983e+02, 1.410e-07
2.495e+00, 5.000e-01, -5.450e-01, 1.139e+05, 0.000e+00, 3.070e-04, 0.000e+00, 2.068e+00, 9.983e+02, 1.379e-07
2.495e+00, 5.000e-01, -5.350e-01, 1.138e+05, 0.000e+00, 3.018e-04, 0.000e+00, 2.067e+00, 9.983e+02, 1.356e-07
2.495e+00, 5.000e-01, -5.250e-01, 1.137e+05, 0.000e+00, 3.053e-04, 0.000e+00, 2.064e+00, 9.983e+02, 1.339e-07
2.495e+00, 5.000e-01, -5.150e-01, 1.136e+05, 0.000e+00, 3.254e-04, 0.000e+00, 2.063e+00, 9.983e+02, 1.397e-07
2.495e+00, 5.000e-01, -5.050e-01, 1.135e+05, 0.000e+00, 3.276e-04, 0.000e+00, 2.061e+00, 9.983e+02, 1.406e-07
2.495e+00, 5.000e-01, -4.950e-01, 1.134e+05, 0.000e+00, 3.153e-04, 0.000e+00, 2.059e+00, 9.983e+02, 1.354e-07
2.495e+00, 5.000e-01, -4.850e-01, 1.133e+05, 0.000e+00, 3.062e-04, 0.000e+00, 2.057e+00, 9.983e+02, 1.314e-07
2.495e+00, 5.000e-01, -4.750e-01, 1.132e+05, 0.000e+00, 3.026e-04, 0.000e+00, 2.056e+00, 9.983e+02, 1.299e-07
2.495e+00, 5.000e-01, -4.650e-01, 1.131e+05, 0.000e+00, 2.912e-04, 0.000e+00, 2.054e+00, 9.983e+02, 1.291e-07
2.495e+00, 5.000e-01, -4.550e-01, 1.130e+05, 0.000e+00, 2.665e-04, 0.000e+00, 2.052e+00, 9.983e+02, 1.192e-07
2.495e+00, 5.000e-01, -4.450e-01, 1.129e+05, 0.000e+00, 2.364e-04, 0.000e+00, 2.050e+00, 9.983e+02, 1.015e-07
2.495e+00, 5.000e-01, -4.350e-01, 1.128e+05, 0.000e+00, 1.990e-04, 0.000e+00, 2.048e+00, 9.983e+02, 8.541e-08
2.495e+00, 5.000e-01, -4.250e-01, 1.127e+05, 0.000e+00, 1.855e-04, 0.000e+00, 2.047e+00, 9.983e+02, 7.961e-08
2.495e+00, 5.000e-01, -4.150e-01, 1.126e+05, 0.000e+00, 1.784e-04, 0.000e+00, 2.045e+00, 9.983e+02, 7.657e-08
2.495e+00, 5.000e-01, -4.050e-01, 1.125e+05, 0.000e+00, 1.732e-04, 0.000e+00, 2.043e+00, 9.983e+02, 7.435e-08
2.495e+00, 5.000e-01, -3.950e-01, 1.124e+05, 0.000e+00, 1.720e-04, 0.000e+00, 2.041e+00, 9.983e+02, 7.460e-08
2.495e+00, 5.000e-01, -3.850e-01, 1.123e+05, 0.000e+00, 1.757e-04, 0.000e+00, 2.040e+00, 9.983e+02, 7.892e-08
2.495e+00, 5.000e-01, -3.750e-01, 1.122e+05, 0.000e+00, 1.733e-04, 0.000e+00, 2.038e+00, 9.983e+02, 7.784e-08
2.495e+00, 5.000e-01, -3.650e-01, 1.121e+05, 0.000e+00, 1.680e-04, 0.000e+00, 2.036e+00, 9.983e+02, 7.548e-08
2.495e+00, 5.000e-01, -3.550e-01, 1.120e+05, 0.000e+00, 1.631e-04, 0.000e+00, 2.034e+00, 9.983e+02, 7.329e-08
2.495e+00, 5.000e-01, -3.450e-01, 1.119e+05, 0.000e+00, 1.604e-04, 0.000e+00, 2.033e+00, 9.983e+02, 7.205e-08
2.495e+00, 5.000e-01, -3.350e-01, 1.118e+05, 0.000e+00, 1.603e-04, 0.000e+00, 2.031e+00, 9.983e+02, 7.201e-08
2.495e+00, 5.000e-01, -3.250e-01, 1.117e+05, 0.000e+00, 1.626e-04, 0.000e+00, 2.029e+00, 9.983e+02, 7.306e-08
2.495e+00, 5.000e-01, -3.150e-01, 1.116e+05, 0.000e+00, 1.665e-04, 0.000e+00, 2.027e+00, 9.983e+02, 7.482e-08
2.495e+00, 5.000e-01, -3.050e-01, 1.115e+05, 0.000e+00, 1.699e-04, 0.000e+00, 2.025e+00, 9.983e+02, 7.573e-08
2.495e+00, 5.000e-01, -2.950e-01, 1.115e+05, 0.000e+00, 1.807e-04, 0.000e+00, 2.025e+00, 9.983e+02, 7.938e-08
2.495e+00, 5.000e-01, -2.850e-01, 1.114e+05, 0.000e+00, 1.985e-04, 0.000e+00, 2.023e+00, 9.983e+02, 8.718e-08
2.495e+00, 5.000e-01, -2.750e-01, 1.113e+05, 0.000e+00, 2.239e-04, 0.000e+00, 2.021e+00, 9.983e+02, 9.835e-08
2.495e+00, 5.000e-01, -2.650e-01, 1.112e+05, 0.000e+00, 2.582e-04, 0.000e+00, 2.020e+00, 9.983e+02, 1.134e-07
2.495e+00, 5.000e-01, -2.550e-01, 1.111e+05, 0.000e+00, 2.981e-04, 0.000e+00, 2.018e+00, 9.983e+02, 1.309e-07
2.495e+00, 5.000e-01, -2.450e-01, 1.110e+05, 0.000e+00, 3.386e-04, 0.000e+00, 2.016e+00, 9.983e+02, 1.487e-07
2.495e+00, 5.000e-01, -2.350e-01, 1.109e+05, 0.000e+00, 3.828e-04, 0.000e+00, 2.014e+00, 9.983e+02, 1.682e-07
2.495e+00, 5.000e-01, -2.250e-01, 1.108e+05, 0.000e+00, 4.351e-04, 0.000e+00, 2.012e+00, 9.983e+02, 1.911e-07
2.495e+00, 5.000e-01, -2.150e-01, 1.109e+05, 0.000e+00, 4.799e-04, 0.000e+00, 2.014e+00, 9.983e+02, 2.071e-07
2.495e+00, 5.000e-01, -2.050e-01, 1.108e+05, 0.000e+00, 4.969e-04, 0.000e+00, 2.012e+00, 9.984e+02, 2.133e-07
2.495e+00, 5.000e-01, -1.950e-01, 1.107e+05, 0.000e+00, 4.993e-04, 0.000e+00, 2.011e+00, 9.984e+02, 2.144e-07
2.495e+00, 5.000e-01, -1.850e-01, 1.106e+05, 0.000e+00, 4.914e-04, 0.000e+00, 2.009e+00, 9.983e+02, 2.109e-07
2.495e+00, 5.000e-01, -1.750e-01, 1.105e+05, 0.000e+00, 4.723e-04, 0.000e+00, 2.007e+00, 9.983e+02, 2.028e-07
2.495e+00, 5.000e-01, -1.650e-01, 1.104e+05, 0.000e+00, 4.388e-04, 0.000e+00, 2.005e+00, 9.983e+02, 1.884e-07
2.495e+00, 5.000e-01, -1.550e-01, 1.103e+05, 0.000e+00, 3.855e-04, 0.000e+00, 2.004e+00, 9.983e+02, 1.655e-07
2.495e+00, 5.000e-01, -1.450e-01, 1.114e+05, 0.000e+00, 3.123e-04, 0.000e+00, 2.024e+00, 9.983e+02, 1.362e-07
2.495e+00, 5.000e-01, -1.350e-01, 1.113e+05, 0.000e+00, 2.300e-04, 0.000e+00, 2.022e+00, 9.983e+02, 1.010e-07
2.495e+00, 5.000e-01, -1.250e-01, 1.112e+05, 0.000e+00, 1.540e-04, 0.000e+00, 2.020e+00, 9.983e+02, 6.764e-08
2.495e+00, 5.000e-01, -1.150e-01, 1.111e+05, 0.000e+00, 9.471e-05, 0.000e+00, 2.018e+00, 9.983e+02, 4.160e-08
2.495e+00, 5.000e-01, -1.050e-01, 1.110e+05, 0.000e+00, 5.431e-05, 0.000e+00, 2.017e+00, 9.983e+02, 2.386e-08
2.495e+00, 5.000e-01, -9.500e-02, 1.109e+05, 0.000e+00, 2.941e-05, 0.000e+00, 2.015e+00, 9.983e+02, 1.292e-08
2.495e+00, 5.000e-01, -8.500e-02, 1.108e+05, 0.000e+00, 1.517e-05, 0.000e+00, 2.013e+00, 9.983e+02, 6.663e-09
2.495e+00, 5.000e-01, -7.500e-02, 1.107e+05, 0.000e+00, 7.485e-06, 0.000e+00, 2.011e+00, 9.983e+02, 3.288e-09
2.495e+00, 5.000e-01, -6.500e-02, 1.106e+05, 0.000e+00, 3.537e-06, 0.000e+00, 2.009e+00, 9.983e+02, 1.553e-09
2.495e+00, 5.000e-01, -5.500e-02, 1.105e+05, 0.000e+00, 1.599e-06, 0.000e+00, 2.008e+00, 9.983e+02, 7.025e-10
2.495e+00, 5.000e-01, -4.500e-02, 1.104e+05, 0.000e+00, 6.917e-07, 0.000e+00, 2.006e+00, 9.983e+02, 3.038e-10
2.495e+00, 5.000e-01, -3.500e-02, 1.103e+05, 0.000e+00, 2.861e-07, 0.000e+00, 2.004e+00, 9.983e+02, 1.257e-10
2.495e+00, 5.000e-01, -2.500e-02, 1.102e+05, 0.000e+00, 1.137e-07, 0.000e+00, 2.002e+00, 9.983e+02, 4.993e-11
2.495e+00, 5.000e-01, -1.500e-02, 1.101e+05, 0.000e+00, 4.450e-08, 0.000e+00, 2.000e+00, 9.983e+02, 1.955e-11
2.495e+00, 5.000e-01, -5.000e-03, 1.100e+05, 0.000e+00, 1.950e-08, 0.000e+00, 1.999e+00, 9.983e+02, 8.563e-12
2.505e+00, 5.000e-01, -1.195e+00, 1.202e+05, 0.000e+00, 1.002e-13, 0.000e+00, 2.184e+00, 9.983e+02, 2.000e-17
2.505e+00, 5.000e-01, -1.185e+00, 1.201e+05, 0.000e+00, 1.002e-13, 0.000e+00, 2.182e+00, 9.983e+02, 2.000e-17
2.505e+00, 5.000e-01, -1.175e+00, 1.200e+05, 0.000e+00, 1.002e-13, 0.000e+00, 2.181e+00, 9.983e+02, 2.000e-17
2.505e+00, 5.000e-01, -1.165e+00, 1.199e+05, 0.000e+00, 1.002e-13, 0.000e+00, 2.179e+00, 9.983e+02, 2.000e-17
2.505e+00, 5.000e-01, -1.155e+00, 1.198e+05, 0.000e+00, 1.002e-13, 0.000e+00, 2.177e+00, 9.983e+02, 2.000e-17
2.505e+00, 5.000e-01, -1.145e+00, 1.197e+05, 0.000e+00, 1.002e-13, 0.000e+00, 2.175e+00, 9.983e+02, 2.000e-17
2.505e+00, 5.000e-01, -1.135e+00, 1.196e+05, 0.000e+00, 9.935e-13, 0.000e+00, 2.173e+00, 9.983e+02, 2.075e-16
2.505e+00, 5.000e-01, -1.125e+00, 1.195e+05, 0.000e+00, 3.735e-04, 0.000e+00, 2.172e+00, 9.983e+02, 1.594e-07
2.505e+00, 5.000e-01, -1.115e+00, 1.194e+05, 0.000e+00, 3.856e-04, 0.000e+00, 2.170e+00, 9.983e+02, 1.655e-07
2.505e+00, 5.000e-01, -1.105e+00, 1.193e+05, 0.000e+00, 4.020e-04, 0.000e+00, 2.168e+00, 9.983e+02, 1.726e-07
2.505e+00, 5.000e-01, -1.095e+00, 1.192e+05, 0.000e+00, 4.156e-04, 0.000e+00, 2.167e+00, 9.983e+02, 1.784e-07
2.505e+00, 5.000e-01, -1.085e+00, 1.191e+05, 0.000e+00, 4.271e-04, 0.000e+00, 2.165e+00, 9.983e+02, 1.833e-07
2.505e+00, 5.000e-01, -1.075e+00, 1.190e+05, 0.000e+00, 4.369e-04, 0.000e+00, 2.163e+00, 9.983e+02, 1.876e-07
2.505e+00, 5.000e-01, -1.065e+00, 1.189e+05, 0.000e+00, 4.450e-04, 0.000e+00, 2.161e+00, 9.983e+02, 1.910e-07
2.505e+00, 5.000e-01, -1.055e+00, 1.188e+05, 0.000e+00, 4.504e-04, 0.000e+00, 2.159e+00, 9.983e+02, 1.933e-07
2.505e+00, 5.000e-01, -1.045e+00, 1.187e+05, 0.000e+00, 4.522e-04, 0.000e+00, 2.158e+00, 9.983e+02, 1.941e-07
2.505e+00, 5.000e-01, -1.035e+00, 1.186e+05, 0.000e+00, 4.501e-04, 0.000e+00, 2.156e+00, 9.983e+02, 1.932e-07
2.505e+00, 5.000e-01, -1.025e+00, 1.185e+05, 0.000e+00, 4.443e-04, 0.000e+00, 2.154e+00, 9.983e+02, 1.907e-07
2.505e+00, 5.000e-01, -1.015e+00, 1.185e+05, 0.000e+00, 4.353e-04, 0.000e+00, 2.152e+00, 9.983e+02, 1.869e-07
2.505e+00, 5.000e-01, -1.005e+00, 1.184e+05, 0.000e+00, 4.234e-04, 0.000e+00, 2.150e+00, 9.983e+02, 1.818e-07
2.505e+00, 5.000e-01, -9.950e-01, 1.183e+05, 0.000e+00, 4.088e-04, 0.000e+00, 2.149e+00, 9.983e+02, 1.755e-07
2.505e+00, 5.000e-01, -9.850e-01, 1.182e+05, 0.000e+00, 3.910e-04, 0.000e+00, 2.147e+00, 9.983e+02, 1.678e-07
2.505e+00, 5.000e-01, -9.750e-01, 1.181e+05, 0.000e+00, 3.702e-04, 0.000e+00, 2.145e+00, 9.983e+02, 1.589e-07
2.505e+00, 5.000e-01, -9.650e-01, 1.180e+05, 0.000e+00, 3.512e-04, 0.000e+00, 2.143e+00, 9.983e+02, 1.507e-07
2.505e+00, 5.000e-01, -9.550e-01, 1.179e+05, 0.000e+00, 3.357e-04, 0.000e+00, 2.141e+00, 9.983e+02, 1.441e-07
2.505e+00, 5.000e-01, -9.450e-01, 1.178e+05, 0.000e+00, 3.243e-04, 0.000e+00, 2.140e+00, 9.983e+02, 1.392e-07
2.505e+00, 5.000e-01, -9.350e-01, 1.177e+05, 0.000e+00, 3.158e-04, 0.000e+00, 2.138e+00, 9.983e+02, 1.356e-07
2.505e+00, 5.000e-01, -9.250e-01, 1.176e+05, 0.000e+00, 3.054e-04, 0.000e+00, 2.136e+00, 9.983e+02, 1.311e-07
2.505e+00, 5.000e-01, -9.150e-01, 1.175e+05, 0.000e+00, 2.869e-04, 0.000e+00, 2.134e+00, 9.983e+02, 1.231e-07
2.505e+00, 5.000e-01, -9.050e-01, 1.174e+05, 0.000e+00, 2.610e-04, 0.000e+00, 2.132e+00, 9.983e+02, 1.120e-07
2.505e+00, 5.000e-01, -8.950e-01, 1.173e+05, 0.000e+00, 2.326e-04, 0.000e+00, 2.131e+00, 9.983e+02, 9.985e-08
2.505e+00, 5.000e-01, -8.850e-01, 1.172e+05, 0.000e+00, 2.045e-04, 0.000e+00, 2.129e+00, 9.983e+02, 8.779e-08
2.505e+00, 5.000e-01, -8.750e-01, 1.171e+05, 0.000e+00, 1.775e-04, 0.000e+00, 2.127e+00, 9.983e+02, 7.621e-08
2.505e+00, 5.000e-01, -8.650e-01, 1.170e+05, 0.000e+00, 1.517e-04, 0.000e+00, 2.125e+00, 9.983e+02, 6.513e-08
2.505e+00, 5.000e-01, -8.550e-01, 1.169e+05, 0.000e+00, 1.271e-04, 0.000e+00, 2.124e+00, 9.983e+02, 5.455e-08
2.505e+00, 5.000e-01, -8.450e-01, 1.168e+05, 0.000e+00, 1.038e-04, 0.000e+00, 2.122e+00, 9.983e+02, 4.457e-08
2.505e+00, 5.000e-01, -8.350e-01, 1.167e+05, 0.000e+00, 8.233e-05, 0.000e+00, 2.120e+00, 9.983e+02, 3.534e-08
2.505e+00, 5.000e-01, -8.250e-01, 1.166e+05, 0.000e+00, 6.300e-05, 0.000e+00, 2.118e+00, 9.983e+02, 2.704e-08
2.505e+00, 5.000e-01, -8.150e-01, 1.165e+05, 0.000e+00, 4.632e-05, 0.000e+00, 2.116e+00, 9.983e+02, 1.988e-08
2.505e+00, 5.000e-01, -8.050e-01, 1.164e+05, 0.000e+00, 3.290e-05, 0.000e+00, 2.115e+00, 9.983e+02, 1.412e-08
2.505e+00, 5.000e-01, -7.950e-01, 1.163e+05, 0.000e+00, 2.386e-05, 0.000e+00, 2.113e+00, 9.983e+02, 1.024e-08
2.505e+00, 5.000e-01, -7.850e-01, 1.162e+05, 0.000e+00, 2.191e-05, 0.000e+00, 2.111e+00, 9.983e+02, 9.404e-09
2.505e+00, 5.000e-01, -7.750e-01, 1.161e+05, 0.000e+00, 3.244e-05, 0.000e+00, 2.109e+00, 9.983e+02, 1.393e-08
2.505e+00, 5.000e-01, -7.650e-01, 1.160e+05, 0.000e+00, 6.564e-05, 0.000e+00, 2.107e+00, 9.983e+02, 2.818e-08
2.505e+00, 5.000e-01, -7.550e-01, 1.174e+05, 0.000e+00, 1.466e-04, 0.000e+00, 2.133e+00, 9.983e+02, 6.387e-08
2.505e+00, 5.000e-01, -7.450e-01, 1.173e+05, 0.000e+00, 1.740e-04, 0.000e+00, 2.131e+00, 9.983e+02, 7.645e-08
2.505e+00, 5.000e-01, -7.350e-01, 1.172e+05, 0.000e+00, 1.534e-04, 0.000e+00, 2.129e+00, 9.983e+02, 6.740e-08
2.505e+00, 5.000e-01, -7.250e-01, 1.171e+05, 0.000e+00, 1.142e-04, 0.000e+00, 2.127e+00, 9.983e+02, 5.015e-08
2.505e+00, 5.000e-01, -7.150e-01, 1.170e+05, 0.000e+00, 7.672e-05, 0.000e+00, 2.126e+00, 9.983e+02, 3.370e-08
2.505e+00, 5.000e-01, -7.050e-01, 1.169e+05, 0.000e+00, 5.050e-05, 0.000e+00, 2.124e+00, 9.983e+02, 2.218e-08
2.505e+00, 5.000e-01, -6.950e-01, 1.168e+05, 0.000e+00, 3.913e-05, 0.000e+00, 2.122e+00, 9.983e+02, 1.719e-08
2.505e+00, 5.000e-01, -6.850e-01, 1.167e+05, 0.000e+00, 4.542e-05, 0.000e+00, 2.120e+00, 9.983e+02, 1.995e-08
2.505e+00, 5.000e-01, -6.750e-01, 1.166e+05, 0.000e+00, 7.362e-05, 0.000e+00, 2.119e+00, 9.983e+02, 3.234e-08
2.505e+00, 5.000e-01, -6.650e-01, 1.165e+05, 0.000e+00, 1.278e-04, 0.000e+00, 2.117e+00, 9.983e+02, 5.612e-08
2.505e+00, 5.000e-01, -6.550e-01, 1.164e+05, 0.000e+00, 2.055e-04, 0.000e+00, 2.115e+00, 9.983e+02, 9.025e-08
2.505e+00, 5.000e-01, -6.450e-01, 1.163e+05, 0.000e+00, 2.888e-04, 0.000e+00, 2.113e+00, 9.983e+02, 1.269e-07
2.505e+00, 5.000e-01, -6.350e-01, 1.147e+05, 0.000e+00, 3.382e-04, 0.000e+00, 2.084e+00, 9.983e+02, 1.513e-07
2.505e+00, 5.000e-01, -6.250e-01, 1.146e+05, 0.000e+00, 3.351e-04, 0.000e+00, 2.083e+00, 9.983e+02, 1.505e-07
2.505e+00, 5.000e-01, -6.150e-01, 1.145e+05, 0.000e+00, 3.383e-04, 0.000e+00, 2.081e+00, 9.983e+02, 1.520e-07
2.505e+00, 5.000e-01, -6.050e-01, 1.144e+05, 0.000e+00, 3.407e-04, 0.000e+00, 2.079e+00, 9.983e+02, 1.531e-07
2.505e+00, 5.000e-01, -5.950e-01, 1.144e+05, 0.000e+00, 3.401e-04, 0.000e+00, 2.077e+00, 9.983e+02, 1.528e-07
2.505e+00, 5.000e-01, -5.850e-01, 1.143e+05, 0.000e+00, 3.361e-04, 0.000e+00, 2.075e+00, 9.983e+02, 1.510e-07
2.505e+00, 5.000e-01, -5.750e-01, 1.142e+05, 0.000e+00, 3.300e-04, 0.000e+00, 2.074e+00, 9.983e+02, 1.483e-07
2.505e+00, 5.000e-01, -5.650e-01, 1.141e+05, 0.000e+00, 3.231e-04, 0.000e+00, 2.072e+00, 9.983e+02, 1.451e-07
2.505e+00, 5.000e-01, -5.550e-01, 1.140e+05, 0.000e+00, 3.159e-04, 0.000e+00, 2.070e+00, 9.983e+02, 1.419e-07
2.505e+00, 5.000e-01, -5.450e-01, 1.139e+05, 0.000e+00, 3.087e-04, 0.000e+00, 2.068e+00, 9.983e+02, 1.387e-07
2.505e+00, 5.000e-01, -5.350e-01, 1.138e+05, 0.000e+00, 3.021e-04, 0.000e+00, 2.067e+00, 9.983e+02, 1.357e-07
2.505e+00, 5.000e-01, -5.250e-01, 1.137e+05, 0.000e+00, 3.013e-04, 0.000e+00, 2.064e+00, 9.983e+02, 1.311e-07
2.505e+00, 5.000e-01, -5.150e-01, 1.136e+05, 0.000e+00, 3.134e-04, 0.000e+00, 2.063e+00, 9.983e+02, 1.345e-07
2.505e+00, 5.000e-01, -5.050e-01, 1.135e+05, 0.000e+00, 3.150e-04, 0.000e+00, 2.061e+00, 9.983e+02, 1.352e-07
2.505e+00, 5.000e-01, -4.950e-01, 1.134e+05, 0.000e+00, 3.070e-04, 0.000e+00, 2.059e+00, 9.983e+02, 1.318e-07
2.505e+00, 5.000e-01, -4.850e-01, 1.133e+05, 0.000e+00, 3.013e-04, 0.000e+00, 2.057e+00, 9.983e+02, 1.293e-07
2.505e+00, 5.000e-01, -4.750e-01, 1.132e+05, 0.000e+00, 2.952e-04, 0.000e+00, 2.056e+00, 9.983e+02, 1.267e-07
2.505e+00, 5.000e-01, -4.650e-01, 1.131e+05, 0.000e+00, 2.739e-04, 0.000e+00, 2.054e+00, 9.983e+02, 1.221e-07
2.505e+00, 5.000e-01, -4.550e-01, 1.130e+05, 0.000e+00, 2.407e-04, 0.000e+00, 2.052e+00, 9.983e+02, 1.071e-07
2.505e+00, 5.000e-01, -4.450e-01, 1.129e+05, 0.000e+00, 2.043e-04, 0.000e+00, 2.050e+00, 9.983e+02, 8.772e-08
2.505e+00, 5.000e-01, -4.350e-01, 1.128e+05, 0.000e+00, 1.868e-04, 0.000e+00, 2.048e+00, 9.983e+02, 8.017e-08
2.505e+00, 5.000e-01, -4.250e-01, 1.127e+05, 0.000e+00, 1.777e-04, 0.000e+00, 2.047e+00, 9.983e+02, 7.627e-08
2.505e+00, 5.000e-01, -4.150e-01, 1.126e+05, 0.000e+00, 1.715e-04, 0.000e+00, 2.045e+00, 9.983e+02, 7.360e-08
2.505e+00, 5.000e-01, -4.050e-01, 1.125e+05, 0.000e+00, 1.658e-04, 0.000e+00, 2.043e+00, 9.983e+02, 7.117e-08
2.505e+00, 5.000e-01, -3.950e-01, 1.124e+05, 0.000e+00, 1.627e-04, 0.000e+00, 2.041e+00, 9.983e+02, 7.103e-08
2.505e+00, 5.000e-01, -3.850e-01, 1.123e+05, 0.000e+00, 1.619e-04, 0.000e+00, 2.040e+00, 9.983e+02, 7.273e-08
2.505e+00, 5.000e-01, -3.750e-01, 1.122e+05, 0.000e+00, 1.588e-04, 0.000e+00, 2.038e+00, 9.983e+02, 7.135e-08
2.505e+00, 5.000e-01, -3.650e-01, 1.121e+05, 0.000e+00, 1.554e-04, 0.000e+00, 2.036e+00, 9.983e+02, 6.981e-08
2.505e+00, 5.000e-01, -3.550e-01, 1.120e+05, 0.000e+00, 1.537e-04, 0.000e+00, 2.034e+00, 9.983e+02, 6.903e-08
2.505e+00, 5.000e-01, -3.450e-01, 1.119e+05, 0.000e+00, 1.545e-04, 0.000e+00, 2.033e+00, 9.983e+02, 6.941e-08
2.505e+00, 5.000e-01, -3.350e-01, 1.118e+05, 0.000e+00, 1.577e-04, 0.000e+00, 2.031e+00, 9.983e+02, 7.087e-08
2.505e+00, 5.000e-01, -3.250e-01, 1.117e+05, 0.000e+00, 1.629e-04, 0.000e+00, 2.029e+00, 9.983e+02, 7.319e-08
2.505e+00, 5.000e-01, -3.150e-01, 1.116e+05, 0.000e+00, 1.693e-04, 0.000e+00, 2.027e+00, 9.983e+02, 7.603e-08
2.505e+00, 5.000e-01, -3.050e-01, 1.115e+05, 0.000e+00, 1.717e-04, 0.000e+00, 2.025e+00, 9.983e+02, 7.634e-08
2.505e+00, 5.000e-01, -2.950e-01, 1.115e+05, 0.000e+00, 1.799e-04, 0.000e+00, 2.025e+00, 9.983e+02, 7.901e-08
2.505e+00, 5.000e-01, -2.850e-01, 1.114e+05, 0.000e+00, 1.975e-04, 0.000e+00, 2.023e+00, 9.983e+02, 8.674e-08
2.505e+00, 5.000e-01, -2.750e-01, 1.113e+05, 0.000e+00, 2.239e-04, 0.000e+00, 2.021e+00, 9.983e+02, 9.833e-08
2.505e+00, 5.000e-01, -2.650e-01, 1.112e+05, 0.000e+00, 2.563e-04, 0.000e+00, 2.020e+00, 9.983e+02, 1.126e-07
2.505e+00, 5.000e-01, -2.550e-01, 1.111e+05, 0.000e+00, 2.887e-04, 0.000e+00, 2.018e+00, 9.983e+02, 1.268e-07
2.505e+00, 5.000e-01, -2.450e-01, 1.110e+05, 0.000e+00, 3.209e-04, 0.000e+00, 2.016e+00, 9.983e+02, 1.410e-07
2.505e+00, 5.000e-01, -2.350e-01, 1.109e+05, 0.000e+00, 3.618e-04, 0.000e+00, 2.014e+00, 9.983e+02, 1.589e-07
2.505e+00, 5.000e-01, -2.250e-01, 1.108e+05, 0.000e+00, 4.200e-04, 0.000e+00, 2.012e+00, 9.983e+02, 1.845e-07
2.505e+00, 5.000e-01, -2.150e-01, 1.109e+05, 0.000e+00, 4.688e-04, 0.000e+00, 2.014e+00, 9.983e+02, 2.017e-07
2.505e+00, 5.000e-01, -2.050e-01, 1.108e+05, 0.000e+00, 4.881e-04, 0.000e+00, 2.012e+00, 9.983e+02, 2.095e-07
2.505e+00, 5.000e-01, -1.950e-01, 1.107e+05, 0.000e+00, 4.926e-04, 0.000e+00, 2.011e+00, 9.983e+02, 2.115e-07
2.505e+00, 5.000e-01, -1.850e-01, 1.106e+05, 0.000e+00, 4.859e-04, 0.000e+00, 2.009e+00, 9.983e+02, 2.086e-07
2.505e+00, 5.000e-01, -1.750e-01, 1.105e+05, 0.000e+00, 4.674e-04, 0.000e+00, 2.007e+00, 9.983e+02, 2.007e-07
2.505e+00, 5.000e-01, -1.650e-01, 1.104e+05, 0.000e+00, 4.336e-04, 0.000e+00, 2.005e+00, 9.983e+02, 1.861e-07
2.505e+00, 5.000e-01, -1.550e-01, 1.103e+05, 0.000e+00, 3.782e-04, 0.000e+00, 2.004e+00, 9.983e+02, 1.623e-07
2.505e+00, 5.000e-01, -1.450e-01, 1.114e+05, 0.000e+00, 3.037e-04, 0.000e+00, 2.024e+00, 9.983e+02, 1.329e-07
2.505e+00, 5.000e-01, -1.350e-01, 1.113e+05, 0.000e+00, 2.213e-04, 0.000e+00, 2.022e+00, 9.983e+02, 9.722e-08
2.505e+00, 5.000e-01, -1.250e-01, 1.112e+05, 0.000e+00, 1.468e-04, 0.000e+00, 2.020e+00, 9.983e+02, 6.448e-08
2.505e+00, 5.000e-01, -1.150e-01, 1.111e+05, 0.000e+00, 8.961e-05, 0.000e+00, 2.018e+00, 9.983e+02, 3.936e-08
2.505e+00, 5.000e-01, -1.050e-01, 1.110e+05, 0.000e+00, 5.103e-05, 0.000e+00, 2.017e+00, 9.983e+02, 2.241e-08
2.505e+00, 5.000e-01, -9.500e-02, 1.109e+05, 0.000e+00, 2.744e-05, 0.000e+00, 2.015e+00, 9.983e+02, 1.205e-08
2.505e+00, 5.000e-01, -8.500e-02, 1.108e+05, 0.000e+00, 1.404e-05, 0.000e+00, 2.013e+00, 9.983e+02, 6.167e-09
2.505e+00, 5.000e-01, -7.500e-02, 1.107e+05, 0.000e+00, 6.868e-06, 0.000e+00, 2.011e+00, 9.983e+02, 3.017e-09
2.505e+00, 5.000e-01, -6.500e-02, 1.106e+05, 0.000e+00, 3.216e-06, 0.000e+00, 2.009e+00, 9.983e+02, 1.412e-09
2.505e+00, 5.000e-01, -5.500e-02, 1.105e+05, 0.000e+00, 1.441e-06, 0.000e+00, 2.008e+00, 9.983e+02, 6.328e-10
2.505e+00, 5.000e-01, -4.500e-02, 1.104e+05, 0.000e+00, 6.174e-07, 0.000e+00, 2.006e+00, 9.983e+02, 2.712e-10
2.505e+00, 5.000e-01, -3.500e-02, 1.103e+05, 0.000e+00, 2.531e-07, 0.000e+00, 2.004e+00, 9.983e+02, 1.112e-10
2.505e+00, 5.000e-01, -2.500e-02, 1.102e+05, 0.000e+00, 9.964e-08, 0.000e+00, 2.002e+00, 9.983e+02, 4.377e-11
2.505e+00, 5.000e-01, -1.500e-02, 1.101e+05, 0.000e+00, 3.865e-08, 0.000e+00, 2.000e+00, 9.983e+02, 1.698e-11
2.505e+00, 5.000e-01, -5.000e-03, 1.100e+05, 0.000e+00, 1.684e-08, 0.000e+00, 1.999e+00, 9.983e+02, 7.398e-12
2.515e+00, 5.000e-01, -1.195e+00, 1.202e+05, 0.000e+00, 1.002e-13, 0.000e+00, 2.184e+00, 9.983e+02, 2.000e-17
2.515e+00, 5.000e-01, -1.185e+00, 1.201e+05, 0.000e+00, 1.002e-13, 0.000e+00, 2.182e+00, 9.983e+02, 2.000e-17
2.515e+00, 5.000e-01, -1.175e+00, 1.200e+05, 0.000e+00, 1.002e-13, 0.000e+00, 2.181e+00, 9.983e+02, 2.000e-17
2.515e+00, 5.000e-01, -1.165e+00, 1.199e+05, 0.000e+00, 1.002e-13, 0.000e+00, 2.179e+00, 9.983e+02, 2.000e-17
2.515e+00, 5.000e-01, -1.155e+00, 1.198e+05, 0.000e+00, 1.002e-13, 0.000e+00, 2.177e+00, 9.983e+02, 2.000e-17
2.515e+00, 5.000e-01, -1.145e+00, 1.197e+05, 0.000e+00, 1.002e-13, 0.000e+00, 2.175e+00, 9.983e+02, 2.000e-17
2.515e+00, 5.000e-01, -1.135e+00, 1.196e+05, 0.000e+00, 1.306e-11, 0.000e+00, 2.173e+00, 9.983e+02, 3.243e-15
2.515e+00, 5.000e-01, -1.125e+00, 1.195e+05, 0.000e+00, 3.731e-04, 0.000e+00, 2.172e+00, 9.983e+02, 1.601e-07
2.515e+00, 5.000e-01, -1.115e+00, 1.194e+05, 0.000e+00, 3.864e-04, 0.000e+00, 2.170e+00, 9.983e+02, 1.659e-07
2.515e+00, 5.000e-01, -1.105e+00, 1.193e+05, 0.000e+00, 4.020e-04, 0.000e+00, 2.168e+00, 9.983e+02, 1.726e-07
2.515e+00, 5.000e-01, -1.095e+00, 1.192e+05, 0.000e+00, 4.149e-04, 0.000e+00, 2.167e+00, 9.983e+02, 1.781e-07
2.515e+00, 5.000e-01, -1.085e+00, 1.191e+05, 0.000e+00, 4.255e-04, 0.000e+00, 2.165e+00, 9.983e+02, 1.827e-07
2.515e+00, 5.000e-01, -1.075e+00, 1.190e+05, 0.000e+00, 4.341e-04, 0.000e+00, 2.163e+00, 9.983e+02, 1.864e-07
2.515e+00, 5.000e-01, -1.065e+00, 1.189e+05, 0.000e+00, 4.405e-04, 0.000e+00, 2.161e+00, 9.983e+02, 1.891e-07
2.515e+00, 5.000e-01, -1.055e+00, 1.188e+05, 0.000e+00, 4.441e-04, 0.000e+00, 2.159e+00, 9.983e+02, 1.906e-07
2.515e+00, 5.000e-01, -1.045e+00, 1.187e+05, 0.000e+00, 4.442e-04, 0.000e+00, 2.158e+00, 9.983e+02, 1.907e-07
2.515e+00, 5.000e-01, -1.035e+00, 1.186e+05, 0.000e+00, 4.406e-04, 0.000e+00, 2.156e+00, 9.983e+02, 1.891e-07
2.515e+00, 5.000e-01, -1.025e+00, 1.185e+05, 0.000e+00, 4.335e-04, 0.000e+00, 2.154e+00, 9.983e+02, 1.861e-07
2.515e+00, 5.000e-01, -1.015e+00, 1.185e+05, 0.000e+00, 4.232e-04, 0.000e+00, 2.152e+00, 9.983e+02, 1.817e-07
2.515e+00, 5.000e-01, -1.005e+00, 1.184e+05, 0.000e+00, 4.100e-04, 0.000e+00, 2.150e+00, 9.983e+02, 1.760e-07
2.515e+00, 5.000e-01, -9.950e-01, 1.183e+05, 0.000e+00, 3.937e-04, 0.000e+00, 2.149e+00, 9.983e+02, 1.690e-07
2.515e+00, 5.000e-01, -9.850e-01, 1.182e+05, 0.000e+00, 3.746e-04, 0.000e+00, 2.147e+00, 9.983e+02, 1.608e-07
2.515e+00, 5.000e-01, -9.750e-01, 1.181e+05, 0.000e+00, 3.564e-04, 0.000e+00, 2.145e+00, 9.983e+02, 1.530e-07
2.515e+00, 5.000e-01, -9.650e-01, 1.180e+05, 0.000e+00, 3.409e-04, 0.000e+00, 2.143e+00, 9.983e+02, 1.463e-07
2.515e+00, 5.000e-01, -9.550e-01, 1.179e+05, 0.000e+00, 3.291e-04, 0.000e+00, 2.141e+00, 9.983e+02, 1.413e-07
2.515e+00, 5.000e-01, -9.450e-01, 1.178e+05, 0.000e+00, 3.206e-04, 0.000e+00, 2.140e+00, 9.983e+02, 1.376e-07
2.515e+00, 5.000e-01, -9.350e-01, 1.177e+05, 0.000e+00, 3.124e-04, 0.000e+00, 2.138e+00, 9.983e+02, 1.341e-07
2.515e+00, 5.000e-01, -9.250e-01, 1.176e+05, 0.000e+00, 2.984e-04, 0.000e+00, 2.136e+00, 9.983e+02, 1.281e-07
2.515e+00, 5.000e-01, -9.150e-01, 1.175e+05, 0.000e+00, 2.755e-04, 0.000e+00, 2.134e+00, 9.983e+02, 1.183e-07
2.515e+00, 5.000e-01, -9.050e-01, 1.174e+05, 0.000e+00, 2.482e-04, 0.000e+00, 2.132e+00, 9.983e+02, 1.066e-07
2.515e+00, 5.000e-01, -8.950e-01, 1.173e+05, 0.000e+00, 2.206e-04, 0.000e+00, 2.131e+00, 9.983e+02, 9.468e-08
2.515e+00, 5.000e-01, -8.850e-01, 1.172e+05, 0.000e+00, 1.939e-04, 0.000e+00, 2.129e+00, 9.983e+02, 8.323e-08
2.515e+00, 5.000e-01, -8.750e-01, 1.171e+05, 0.000e+00, 1.683e-04, 0.000e+00, 2.127e+00, 9.983e+02, 7.225e-08
2.515e+00, 5.000e-01, -8.650e-01, 1.170e+05, 0.000e+00, 1.437e-04, 0.000e+00, 2.125e+00, 9.983e+02, 6.169e-08
2.515e+00, 5.000e-01, -8.550e-01, 1.169e+05, 0.000e+00, 1.202e-04, 0.000e+00, 2.124e+00, 9.983e+02, 5.158e-08
2.515e+00, 5.000e-01, -8.450e-01, 1.168e+05, 0.000e+00, 9.786e-05, 0.000e+00, 2.122e+00, 9.983e+02, 4.201e-08
2.515e+00, 5.000e-01, -8.350e-01, 1.167e+05, 0.000e+00, 7.724e-05, 0.000e+00, 2.120e+00, 9.983e+02, 3.316e-08
2.515e+00, 5.000e-01, -8.250e-01, 1.166e+05, 0.000e+00, 5.878e-05, 0.000e+00, 2.118e+00, 9.983e+02, 2.523e-08
2.515e+00, 5.000e-01, -8.150e-01, 1.165e+05, 0.000e+00, 4.296e-05, 0.000e+00, 2.116e+00, 9.983e+02, 1.844e-08
2.515e+00, 5.000e-01, -8.050e-01, 1.164e+05, 0.000e+00, 3.038e-05, 0.000e+00, 2.115e+00, 9.983e+02, 1.304e-08
2.515e+00, 5.000e-01, -7.950e-01, 1.163e+05, 0.000e+00, 2.222e-05, 0.000e+00, 2.113e+00, 9.983e+02, 9.536e-09
2.515e+00, 5.000e-01, -7.850e-01, 1.162e+05, 0.000e+00, 2.120e-05, 0.000e+00, 2.111e+00, 9.983e+02, 9.101e-09
2.515e+00, 5.000e-01, -7.750e-01, 1.161e+05, 0.000e+00, 3.237e-05, 0.000e+00, 2.109e+00, 9.983e+02, 1.389e-08
2.515e+00, 5.000e-01, -7.650e-01, 1.160e+05, 0.000e+00, 6.416e-05, 0.000e+00, 2.107e+00, 9.983e+02, 2.754e-08
2.515e+00, 5.000e-01, -7.550e-01, 1.174e+05, 0.000e+00, 1.443e-04, 0.000e+00, 2.133e+00, 9.983e+02, 6.299e-08
2.515e+00, 5.000e-01, -7.450e-01, 1.173e+05, 0.000e+00, 1.675e-04, 0.000e+00, 2.131e+00, 9.983e+02, 7.357e-08
2.515e+00, 5.000e-01, -7.350e-01, 1.172e+05, 0.000e+00, 1.466e-04, 0.000e+00, 2.129e+00, 9.983e+02, 6.438e-08
2.515e+00, 5.000e-01, -7.250e-01, 1.171e+05, 0.000e+00, 1.089e-04, 0.000e+00, 2.127e+00, 9.983e+02, 4.782e-08
2.515e+00, 5.000e-01, -7.150e-01, 1.170e+05, 0.000e+00, 7.310e-05, 0.000e+00, 2.126e+00, 9.983e+02, 3.211e-08
2.515e+00, 5.000e-01, -7.050e-01, 1.169e+05, 0.000e+00, 4.799e-05, 0.000e+00, 2.124e+00, 9.983e+02, 2.108e-08
2.515e+00, 5.000e-01, -6.950e-01, 1.168e+05, 0.000e+00, 3.708e-05, 0.000e+00, 2.122e+00, 9.983e+02, 1.629e-08
2.515e+00, 5.000e-01, -6.850e-01, 1.167e+05, 0.000e+00, 4.352e-05, 0.000e+00, 2.120e+00, 9.983e+02, 1.912e-08
2.515e+00, 5.000e-01, -6.750e-01, 1.166e+05, 0.000e+00, 7.233e-05, 0.000e+00, 2.119e+00, 9.983e+02, 3.177e-08
2.515e+00, 5.000e-01, -6.650e-01, 1.165e+05, 0.000e+00, 1.286e-04, 0.000e+00, 2.117e+00, 9.983e+02, 5.649e-08
2.515e+00, 5.000e-01, -6.550e-01, 1.164e+05, 0.000e+00, 2.105e-04, 0.000e+00, 2.115e+00, 9.983e+02, 9.248e-08
2.515e+00, 5.000e-01, -6.450e-01, 1.163e+05, 0.000e+00, 2.992e-04, 0.000e+00, 2.113e+00, 9.983e+02, 1.315e-07
2.515e+00, 5.000e-01, -6.350e-01, 1.147e+05, 0.000e+00, 3.502e-04, 0.000e+00, 2.084e+00, 9.983e+02, 1.572e-07
2.515e+00, 5.000e-01, -6.250e-01, 1.146e+05, 0.000e+00, 3.490e-04, 0.000e+00, 2.083e+00, 9.983e+02, 1.568e-07
2.515e+00, 5.000e-01, -6.150e-01, 1.145e+05, 0.000e+00, 3.485e-04, 0.000e+00, 2.081e+00, 9.983e+02, 1.566e-07
2.515e+00, 5.000e-01, -6.050e-01, 1.144e+05, 0.000e+00, 3.473e-04, 0.000e+00, 2.079e+00, 9.983e+02, 1.560e-07
2.515e+00, 5.000e-01, -5.950e-01, 1.144e+05, 0.000e+00, 3.445e-04, 0.000e+00, 2.077e+00, 9.983e+02, 1.548e-07
2.515e+00, 5.000e-01, -5.850e-01, 1.143e+05, 0.000e+00, 3.397e-04, 0.000e+00, 2.075e+00, 9.983e+02, 1.526e-07
2.515e+00, 5.000e-01, -5.750e-01, 1.142e+05, 0.000e+00, 3.336e-04, 0.000e+00, 2.074e+00, 9.983e+02, 1.499e-07
2.515e+00, 5.000e-01, -5.650e-01, 1.141e+05, 0.000e+00, 3.267e-04, 0.000e+00, 2.072e+00, 9.983e+02, 1.468e-07
2.515e+00, 5.000e-01, -5.550e-01, 1.140e+05, 0.000e+00, 3.192e-04, 0.000e+00, 2.070e+00, 9.983e+02, 1.434e-07
2.515e+00, 5.000e-01, -5.450e-01, 1.139e+05, 0.000e+00, 3.113e-04, 0.000e+00, 2.068e+00, 9.983e+02, 1.399e-07
2.515e+00, 5.000e-01, -5.350e-01, 1.138e+05, 0.000e+00, 3.033e-04, 0.000e+00, 2.067e+00, 9.983e+02, 1.363e-07
2.515e+00, 5.000e-01, -5.250e-01, 1.137e+05, 0.000e+00, 2.992e-04, 0.000e+00, 2.064e+00, 9.983e+02, 1.292e-07
2.515e+00, 5.000e-01, -5.150e-01, 1.136e+05, 0.000e+00, 3.050e-04, 0.000e+00, 2.063e+00, 9.983e+02, 1.309e-07
2.515e+00, 5.000e-01, -5.050e-01, 1.135e+05, 0.000e+00, 3.059e-04, 0.000e+00, 2.061e+00, 9.983e+02, 1.313e-07
2.515e+00, 5.000e-01, -4.950e-01, 1.134e+05, 0.000e+00, 3.008e-04, 0.000e+00, 2.059e+00, 9.983e+02, 1.291e-07
2.515e+00, 5.000e-01, -4.850e-01, 1.133e+05, 0.000e+00, 2.955e-04, 0.000e+00, 2.057e+00, 9.983e+02, 1.268e-07
2.515e+00, 5.000e-01, -4.750e-01, 1.132e+05, 0.000e+00, 2.847e-04, 0.000e+00, 2.056e+00, 9.983e+02, 1.222e-07
2.515e+00, 5.000e-01, -4.650e-01, 1.131e+05, 0.000e+00, 2.498e-04, 0.000e+00, 2.054e+00, 9.983e+02, 1.120e-07
2.515e+00, 5.000e-01, -4.550e-01, 1.130e+05, 0.000e+00, 2.126e-04, 0.000e+00, 2.052e+00, 9.983e+02, 9.405e-08
2.515e+00, 5.000e-01, -4.450e-01, 1.129e+05, 0.000e+00, 1.885e-04, 0.000e+00, 2.050e+00, 9.983e+02, 8.090e-08
2.515e+00, 5.000e-01, -4.350e-01, 1.128e+05, 0.000e+00, 1.778e-04, 0.000e+00, 2.048e+00, 9.983e+02, 7.630e-08
2.515e+00, 5.000e-01, -4.250e-01, 1.127e+05, 0.000e+00, 1.714e-04, 0.000e+00, 2.047e+00, 9.983e+02, 7.356e-08
2.515e+00, 5.000e-01, -4.150e-01, 1.126e+05, 0.000e+00, 1.661e-04, 0.000e+00, 2.045e+00, 9.983e+02, 7.129e-08
2.515e+00, 5.000e-01, -4.050e-01, 1.125e+05, 0.000e+00, 1.607e-04, 0.000e+00, 2.043e+00, 9.983e+02, 6.898e-08
2.515e+00, 5.000e-01, -3.950e-01, 1.124e+05, 0.000e+00, 1.561e-04, 0.000e+00, 2.041e+00, 9.983e+02, 6.861e-08
2.515e+00, 5.000e-01, -3.850e-01, 1.123e+05, 0.000e+00, 1.525e-04, 0.000e+00, 2.040e+00, 9.983e+02, 6.853e-08
2.515e+00, 5.000e-01, -3.750e-01, 1.122e+05, 0.000e+00, 1.498e-04, 0.000e+00, 2.038e+00, 9.983e+02, 6.730e-08
2.515e+00, 5.000e-01, -3.650e-01, 1.121e+05, 0.000e+00, 1.488e-04, 0.000e+00, 2.036e+00, 9.983e+02, 6.684e-08
2.515e+00, 5.000e-01, -3.550e-01, 1.120e+05, 0.000e+00, 1.501e-04, 0.000e+00, 2.034e+00, 9.983e+02, 6.745e-08
2.515e+00, 5.000e-01, -3.450e-01, 1.119e+05, 0.000e+00, 1.536e-04, 0.000e+00, 2.033e+00, 9.983e+02, 6.902e-08
2.515e+00, 5.000e-01, -3.350e-01, 1.118e+05, 0.000e+00, 1.585e-04, 0.000e+00, 2.031e+00, 9.983e+02, 7.122e-08
2.515e+00, 5.000e-01, -3.250e-01, 1.117e+05, 0.000e+00, 1.650e-04, 0.000e+00, 2.029e+00, 9.983e+02, 7.411e-08
2.515e+00, 5.000e-01, -3.150e-01, 1.116e+05, 0.000e+00, 1.737e-04, 0.000e+00, 2.027e+00, 9.983e+02, 7.802e-08
2.515e+00, 5.000e-01, -3.050e-01, 1.116e+05, 0.000e+00, 1.772e-04, 0.000e+00, 2.027e+00, 9.983e+02, 7.857e-08
2.515e+00, 5.000e-01, -2.950e-01, 1.115e+05, 0.000e+00, 1.855e-04, 0.000e+00, 2.025e+00, 9.983e+02, 8.148e-08
2.515e+00, 5.000e-01, -2.850e-01, 1.114e+05, 0.000e+00, 2.031e-04, 0.000e+00, 2.023e+00, 9.983e+02, 8.922e-08
2.515e+00, 5.000e-01, -2.750e-01, 1.113e+05, 0.000e+00, 2.272e-04, 0.000e+00, 2.021e+00, 9.983e+02, 9.982e-08
2.515e+00, 5.000e-01, -2.650e-01, 1.112e+05, 0.000e+00, 2.520e-04, 0.000e+00, 2.020e+00, 9.983e+02, 1.107e-07
2.515e+00, 5.000e-01, -2.550e-01, 1.111e+05, 0.000e+00, 2.732e-04, 0.000e+00, 2.018e+00, 9.983e+02, 1.200e-07
2.515e+00, 5.000e-01, -2.450e-01, 1.110e+05, 0.000e+00, 2.960e-04, 0.000e+00, 2.016e+00, 9.983e+02, 1.300e-07
2.515e+00, 5.000e-01, -2.350e-01, 1.109e+05, 0.000e+00, 3.342e-04, 0.000e+00, 2.014e+00, 9.983e+02, 1.468e-07
2.515e+00, 5.000e-01, -2.250e-01, 1.108e+05, 0.000e+00, 4.024e-04, 0.000e+00, 2.012e+00, 9.983e+02, 1.767e-07
2.515e+00, 5.000e-01, -2.150e-01, 1.109e+05, 0.000e+00, 4.585e-04, 0.000e+00, 2.014e+00, 9.983e+02, 1.969e-07
2.515e+00, 5.000e-01, -2.050e-01, 1.108e+05, 0.000e+00, 4.815e-04, 0.000e+00, 2.012e+00, 9.983e+02, 2.067e-07
2.515e+00, 5.000e-01, -1.950e-01, 1.107e+05, 0.000e+00, 4.883e-04, 0.000e+00, 2.011e+00, 9.983e+02, 2.096e-07
2.515e+00, 5.000e-01, -1.850e-01, 1.106e+05, 0.000e+00, 4.824e-04, 0.000e+00, 2.009e+00, 9.983e+02, 2.071e-07
2.515e+00, 5.000e-01, -1.750e-01, 1.105e+05, 0.000e+00, 4.635e-04, 0.000e+00, 2.007e+00, 9.983e+02, 1.990e-07
2.515e+00, 5.000e-01, -1.650e-01, 1.104e+05, 0.000e+00, 4.290e-04, 0.000e+00, 2.005e+00, 9.983e+02, 1.842e-07
2.515e+00, 5.000e-01, -1.550e-01, 1.103e+05, 0.000e+00, 3.721e-04, 0.000e+00, 2.004e+00, 9.983e+02, 1.598e-07
2.515e+00, 5.000e-01, -1.450e-01, 1.114e+05, 0.000e+00, 2.976e-04, 0.000e+00, 2.024e+00, 9.983e+02, 1.306e-07
2.515e+00, 5.000e-01, -1.350e-01, 1.113e+05, 0.000e+00, 2.152e-04, 0.000e+00, 2.022e+00, 9.983e+02, 9.453e-08
2.515e+00, 5.000e-01, -1.250e-01, 1.112e+05, 0.000e+00, 1.415e-04, 0.000e+00, 2.020e+00, 9.983e+02, 6.216e-08
2.515e+00, 5.000e-01, -1.150e-01, 1.111e+05, 0.000e+00, 8.567e-05, 0.000e+00, 2.018e+00, 9.983e+02, 3.763e-08
2.515e+00, 5.000e-01, -1.050e-01, 1.110e+05, 0.000e+00, 4.838e-05, 0.000e+00, 2.017e+00, 9.983e+02, 2.125e-08
2.515e+00, 5.000e-01, -9.500e-02, 1.109e+05, 0.000e+00, 2.579e-05, 0.000e+00, 2.015e+00, 9.983e+02, 1.133e-08
2.515e+00, 5.000e-01, -8.500e-02, 1.108e+05, 0.000e+00, 1.307e-05, 0.000e+00, 2.013e+00, 9.983e+02, 5.742e-09
2.515e+00, 5.000e-01, -7.500e-02, 1.107e+05, 0.000e+00, 6.332e-06, 0.000e+00, 2.011e+00, 9.983e+02, 2.781e-09
2.515e+00, 5.000e-01, -6.500e-02, 1.106e+05, 0.000e+00, 2.935e-06, 0.000e+00, 2.009e+00, 9.983e+02, 1.289e-09
2.515e+00, 5.000e-01, -5.500e-02, 1.105e+05, 0.000e+00, 1.301e-06, 0.000e+00, 2.008e+00, 9.983e+02, 5.716e-10
2.515e+00, 5.000e-01, -4.500e-02, 1.104e+05, 0.000e+00, 5.520e-07, 0.000e+00, 2.006e+00, 9.983e+02, 2.425e-10
2.515e+00, 5.000e-01, -3.500e-02, 1.103e+05, 0.000e+00, 2.240e-07, 0.000e+00, 2.004e+00, 9.983e+02, 9.841e-11
2.515e+00, 5.000e-01, -2.500e-02, 1.102e+05, 0.000e+00, 8.735e-08, 0.000e+00, 2.002e+00, 9.983e+02, 3.837e-11
2.515e+00, 5.000e-01, -1.500e-02, 1.101e+05, 0.000e+00, 3.355e-08, 0.000e+00, 2.000e+00, 9.983e+02, 1.474e-11
2.515e+00, 5.000e-01, -5.000e-03, 1.100e+05, 0.000e+00, 1.453e-08, 0.000e+00, 1.999e+00, 9.983e+02, 6.382e-12
2.525e+00, 5.000e-01, -1.195e+00, 1.202e+05, 0.000e+00, 1.002e-13, 0.000e+00, 2.184e+00, 9.983e+02, 2.000e-17
2.525e+00, 5.000e-01, -1.185e+00, 1.201e+05, 0.000e+00, 1.002e-13, 0.000e+00, 2.182e+00, 9.983e+02, 2.000e-17
2.525e+00, 5.000e-01, -1.175e+00, 1.200e+05, 0.000e+00, 1.002e-13, 0.000e+00, 2.181e+00, 9.983e+02, 2.000e-17
2.525e+00, 5.000e-01, -1.165e+00, 1.199e+05, 0.000e+00, 1.002e-13, 0.000e+00, 2.179e+00, 9.983e+02, 2.000e-17
2.525e+00, 5.000e-01, -1.155e+00, 1.198e+05, 0.000e+00, 1.002e-13, 0.000e+00, 2.177e+00, 9.983e+02, 2.000e-17
2.525e+00, 5.000e-01, -1.145e+00, 1.197e+05, 0.000e+00, 1.002e-13, 0.000e+00, 2.175e+00, 9.983e+02, 2.000e-17
2.525e+00, 5.000e-01, -1.135e+00, 1.196e+05, 0.000e+00, 2.230e-09, 0.000e+00, 2.173e+00, 9.983e+02, 6.776e-13
2.525e+00, 5.000e-01, -1.125e+00, 1.195e+05, 0.000e+00, 3.703e-04, 0.000e+00, 2.172e+00, 9.983e+02, 1.590e-07
2.525e+00, 5.000e-01, -1.115e+00, 1.194e+05, 0.000e+00, 3.849e-04, 0.000e+00, 2.170e+00, 9.983e+02, 1.653e-07
2.525e+00, 5.000e-01, -1.105e+00, 1.193e+05, 0.000e+00, 4.000e-04, 0.000e+00, 2.168e+00, 9.983e+02, 1.717e-07
2.525e+00, 5.000e-01, -1.095e+00, 1.192e+05, 0.000e+00, 4.121e-04, 0.000e+00, 2.167e+00, 9.983e+02, 1.769e-07
2.525e+00, 5.000e-01, -1.085e+00, 1.191e+05, 0.000e+00, 4.216e-04, 0.000e+00, 2.165e+00, 9.983e+02, 1.810e-07
2.525e+00, 5.000e-01, -1.075e+00, 1.190e+05, 0.000e+00, 4.288e-04, 0.000e+00, 2.163e+00, 9.983e+02, 1.841e-07
2.525e+00, 5.000e-01, -1.065e+00, 1.189e+05, 0.000e+00, 4.335e-04, 0.000e+00, 2.161e+00, 9.983e+02, 1.861e-07
2.525e+00, 5.000e-01, -1.055e+00, 1.188e+05, 0.000e+00, 4.353e-04, 0.000e+00, 2.159e+00, 9.983e+02, 1.869e-07
2.525e+00, 5.000e-01, -1.045e+00, 1.187e+05, 0.000e+00, 4.338e-04, 0.000e+00, 2.158e+00, 9.983e+02, 1.862e-07
2.525e+00, 5.000e-01, -1.035e+00, 1.186e+05, 0.000e+00, 4.288e-04, 0.000e+00, 2.156e+00, 9.983e+02, 1.841e-07
2.525e+00, 5.000e-01, -1.025e+00, 1.185e+05, 0.000e+00, 4.205e-04, 0.000e+00, 2.154e+00, 9.983e+02, 1.805e-07
2.525e+00, 5.000e-01, -1.015e+00, 1.185e+05, 0.000e+00, 4.090e-04, 0.000e+00, 2.152e+00, 9.983e+02, 1.756e-07
2.525e+00, 5.000e-01, -1.005e+00, 1.184e+05, 0.000e+00, 3.944e-04, 0.000e+00, 2.150e+00, 9.983e+02, 1.693e-07
2.525e+00, 5.000e-01, -9.950e-01, 1.183e+05, 0.000e+00, 3.773e-04, 0.000e+00, 2.149e+00, 9.983e+02, 1.620e-07
2.525e+00, 5.000e-01, -9.850e-01, 1.182e+05, 0.000e+00, 3.604e-04, 0.000e+00, 2.147e+00, 9.983e+02, 1.547e-07
2.525e+00, 5.000e-01, -9.750e-01, 1.181e+05, 0.000e+00, 3.455e-04, 0.000e+00, 2.145e+00, 9.983e+02, 1.483e-07
2.525e+00, 5.000e-01, -9.650e-01, 1.180e+05, 0.000e+00, 3.336e-04, 0.000e+00, 2.143e+00, 9.983e+02, 1.432e-07
2.525e+00, 5.000e-01, -9.550e-01, 1.179e+05, 0.000e+00, 3.248e-04, 0.000e+00, 2.141e+00, 9.983e+02, 1.394e-07
2.525e+00, 5.000e-01, -9.450e-01, 1.178e+05, 0.000e+00, 3.176e-04, 0.000e+00, 2.140e+00, 9.983e+02, 1.363e-07
2.525e+00, 5.000e-01, -9.350e-01, 1.177e+05, 0.000e+00, 3.076e-04, 0.000e+00, 2.138e+00, 9.983e+02, 1.320e-07
2.525e+00, 5.000e-01, -9.250e-01, 1.176e+05, 0.000e+00, 2.886e-04, 0.000e+00, 2.136e+00, 9.983e+02, 1.239e-07
2.525e+00, 5.000e-01, -9.150e-01, 1.175e+05, 0.000e+00, 2.629e-04, 0.000e+00, 2.134e+00, 9.983e+02, 1.128e-07
2.525e+00, 5.000e-01, -9.050e-01, 1.174e+05, 0.000e+00, 2.357e-04, 0.000e+00, 2.132e+00, 9.983e+02, 1.012e-07
2.525e+00, 5.000e-01, -8.950e-01, 1.173e+05, 0.000e+00, 2.093e-04, 0.000e+00, 2.131e+00, 9.983e+02, 8.986e-08
2.525e+00, 5.000e-01, -8.850e-01, 1.172e+05, 0.000e+00, 1.841e-04, 0.000e+00, 2.129e+00, 9.983e+02, 7.905e-08
2.525e+00, 5.000e-01, -8.750e-01, 1.171e+05, 0.000e+00, 1.599e-04, 0.000e+00, 2.127e+00, 9.983e+02, 6.863e-08
2.525e+00, 5.000e-01, -8.650e-01, 1.170e+05, 0.000e+00, 1.364e-04, 0.000e+00, 2.125e+00, 9.983e+02, 5.854e-08
2.525e+00, 5.000e-01, -8.550e-01, 1.169e+05, 0.000e+00, 1.137e-04, 0.000e+00, 2.124e+00, 9.983e+02, 4.882e-08
2.525e+00, 5.000e-01, -8.450e-01, 1.168e+05, 0.000e+00, 9.230e-05, 0.000e+00, 2.122e+00, 9.983e+02, 3.962e-08
2.525e+00, 5.000e-01, -8.350e-01, 1.167e+05, 0.000e+00, 7.250e-05, 0.000e+00, 2.120e+00, 9.983e+02, 3.112e-08
2.525e+00, 5.000e-01, -8.250e-01, 1.166e+05, 0.000e+00, 5.483e-05, 0.000e+00, 2.118e+00, 9.983e+02, 2.354e-08
2.525e+00, 5.000e-01, -8.150e-01, 1.165e+05, 0.000e+00, 3.980e-05, 0.000e+00, 2.116e+00, 9.983e+02, 1.708e-08
2.525e+00, 5.000e-01, -8.050e-01, 1.164e+05, 0.000e+00, 2.801e-05, 0.000e+00, 2.115e+00, 9.983e+02, 1.202e-08
2.525e+00, 5.000e-01, -7.950e-01, 1.163e+05, 0.000e+00, 2.068e-05, 0.000e+00, 2.113e+00, 9.983e+02, 8.876e-09
2.525e+00, 5.000e-01, -7.850e-01, 1.162e+05, 0.000e+00, 2.063e-05, 0.000e+00, 2.111e+00, 9.983e+02, 8.856e-09
2.525e+00, 5.000e-01, -7.750e-01, 1.161e+05, 0.000e+00, 3.279e-05, 0.000e+00, 2.109e+00, 9.983e+02, 1.408e-08
2.525e+00, 5.000e-01, -7.650e-01, 1.160e+05, 0.000e+00, 6.285e-05, 0.000e+00, 2.107e+00, 9.983e+02, 2.698e-08
2.525e+00, 5.000e-01, -7.550e-01, 1.174e+05, 0.000e+00, 1.418e-04, 0.000e+00, 2.133e+00, 9.983e+02, 6.208e-08
2.525e+00, 5.000e-01, -7.450e-01, 1.173e+05, 0.000e+00, 1.615e-04, 0.000e+00, 2.131e+00, 9.983e+02, 7.092e-08
2.525e+00, 5.000e-01, -7.350e-01, 1.172e+05, 0.000e+00, 1.400e-04, 0.000e+00, 2.129e+00, 9.983e+02, 6.151e-08
2.525e+00, 5.000e-01, -7.250e-01, 1.171e+05, 0.000e+00, 1.036e-04, 0.000e+00, 2.127e+00, 9.983e+02, 4.548e-08
2.525e+00, 5.000e-01, -7.150e-01, 1.170e+05, 0.000e+00, 6.932e-05, 0.000e+00, 2.126e+00, 9.983e+02, 3.045e-08
2.525e+00, 5.000e-01, -7.050e-01, 1.169e+05, 0.000e+00, 4.535e-05, 0.000e+00, 2.124e+00, 9.983e+02, 1.992e-08
2.525e+00, 5.000e-01, -6.950e-01, 1.168e+05, 0.000e+00, 3.511e-05, 0.000e+00, 2.122e+00, 9.983e+02, 1.542e-08
2.525e+00, 5.000e-01, -6.850e-01, 1.167e+05, 0.000e+00, 4.216e-05, 0.000e+00, 2.120e+00, 9.983e+02, 1.852e-08
2.525e+00, 5.000e-01, -6.750e-01, 1.166e+05, 0.000e+00, 7.256e-05, 0.000e+00, 2.119e+00, 9.983e+02, 3.187e-08
2.525e+00, 5.000e-01, -6.650e-01, 1.165e+05, 0.000e+00, 1.327e-04, 0.000e+00, 2.117e+00, 9.983e+02, 5.830e-08
2.525e+00, 5.000e-01, -6.550e-01, 1.164e+05, 0.000e+00, 2.209e-04, 0.000e+00, 2.115e+00, 9.983e+02, 9.703e-08
2.525e+00, 5.000e-01, -6.450e-01, 1.163e+05, 0.000e+00, 3.141e-04, 0.000e+00, 2.113e+00, 9.983e+02, 1.385e-07
2.525e+00, 5.000e-01, -6.350e-01, 1.147e+05, 0.000e+00, 3.614e-04, 0.000e+00, 2.084e+00, 9.983e+02, 1.624e-07
2.525e+00, 5.000e-01, -6.250e-01, 1.146e+05, 0.000e+00, 3.638e-04, 0.000e+00, 2.083e+00, 9.983e+02, 1.634e-07
2.525e+00, 5.000e-01, -6.150e-01, 1.145e+05, 0.000e+00, 3.604e-04, 0.000e+00, 2.081e+00, 9.983e+02, 1.619e-07
2.525e+00, 5.000e-01, -6.050e-01, 1.144e+05, 0.000e+00, 3.560e-04, 0.000e+00, 2.079e+00, 9.983e+02, 1.599e-07
2.525e+00, 5.000e-01, -5.950e-01, 1.144e+05, 0.000e+00, 3.510e-04, 0.000e+00, 2.077e+00, 9.983e+02, 1.577e-07
2.525e+00, 5.000e-01, -5.850e-01, 1.143e+05, 0.000e+00, 3.450e-04, 0.000e+00, 2.075e+00, 9.983e+02, 1.550e-07
2.525e+00, 5.000e-01, -5.750e-01, 1.142e+05, 0.000e+00, 3.382e-04, 0.000e+00, 2.074e+00, 9.983e+02, 1.519e-07
2.525e+00, 5.000e-01, -5.650e-01, 1.141e+05, 0.000e+00, 3.307e-04, 0.000e+00, 2.072e+00, 9.983e+02, 1.486e-07
2.525e+00, 5.000e-01, -5.550e-01, 1.140e+05, 0.000e+00, 3.225e-04, 0.000e+00, 2.070e+00, 9.983e+02, 1.449e-07
2.525e+00, 5.000e-01, -5.450e-01, 1.139e+05, 0.000e+00, 3.135e-04, 0.000e+00, 2.068e+00, 9.983e+02, 1.409e-07
2.525e+00, 5.000e-01, -5.350e-01, 1.138e+05, 0.000e+00, 3.042e-04, 0.000e+00, 2.067e+00, 9.983e+02, 1.363e-07
2.525e+00, 5.000e-01, -5.250e-01, 1.137e+05, 0.000e+00, 2.981e-04, 0.000e+00, 2.064e+00, 9.983e+02, 1.280e-07
2.525e+00, 5.000e-01, -5.150e-01, 1.136e+05, 0.000e+00, 2.996e-04, 0.000e+00, 2.063e+00, 9.983e+02, 1.286e-07
2.525e+00, 5.000e-01, -5.050e-01, 1.135e+05, 0.000e+00, 2.994e-04, 0.000e+00, 2.061e+00, 9.983e+02, 1.285e-07
2.525e+00, 5.000e-01, -4.950e-01, 1.134e+05, 0.000e+00, 2.947e-04, 0.000e+00, 2.059e+00, 9.983e+02, 1.265e-07
2.525e+00, 5.000e-01, -4.850e-01, 1.133e+05, 0.000e+00, 2.866e-04, 0.000e+00, 2.057e+00, 9.983e+02, 1.230e-07
2.525e+00, 5.000e-01, -4.750e-01, 1.132e+05, 0.000e+00, 2.695e-04, 0.000e+00, 2.056e+00, 9.983e+02, 1.162e-07
2.525e+00, 5.000e-01, -4.650e-01, 1.131e+05, 0.000e+00, 2.220e-04, 0.000e+00, 2.054e+00, 9.983e+02, 9.973e-08
2.525e+00, 5.000e-01, -4.550e-01, 1.130e+05, 0.000e+00, 1.926e-04, 0.000e+00, 2.052e+00, 9.983e+02, 8.474e-08
2.525e+00, 5.000e-01, -4.450e-01, 1.129e+05, 0.000e+00, 1.787e-04, 0.000e+00, 2.050e+00, 9.983e+02, 7.672e-08
2.525e+00, 5.000e-01, -4.350e-01, 1.128e+05, 0.000e+00, 1.716e-04, 0.000e+00, 2.048e+00, 9.983e+02, 7.368e-08
2.525e+00, 5.000e-01, -4.250e-01, 1.127e+05, 0.000e+00, 1.669e-04, 0.000e+00, 2.047e+00, 9.983e+02, 7.165e-08
2.525e+00, 5.000e-01, -4.150e-01, 1.126e+05, 0.000e+00, 1.628e-04, 0.000e+00, 2.045e+00, 9.983e+02, 6.988e-08
2.525e+00, 5.000e-01, -4.050e-01, 1.125e+05, 0.000e+00, 1.583e-04, 0.000e+00, 2.043e+00, 9.983e+02, 6.795e-08
2.525e+00, 5.000e-01, -3.950e-01, 1.124e+05, 0.000e+00, 1.527e-04, 0.000e+00, 2.041e+00, 9.983e+02, 6.762e-08
2.525e+00, 5.000e-01, -3.850e-01, 1.123e+05, 0.000e+00, 1.485e-04, 0.000e+00, 2.040e+00, 9.983e+02, 6.671e-08
2.525e+00, 5.000e-01, -3.750e-01, 1.122e+05, 0.000e+00, 1.470e-04, 0.000e+00, 2.038e+00, 9.983e+02, 6.602e-08
2.525e+00, 5.000e-01, -3.650e-01, 1.121e+05, 0.000e+00, 1.481e-04, 0.000e+00, 2.036e+00, 9.983e+02, 6.651e-08
2.525e+00, 5.000e-01, -3.550e-01, 1.120e+05, 0.000e+00, 1.511e-04, 0.000e+00, 2.034e+00, 9.983e+02, 6.789e-08
2.525e+00, 5.000e-01, -3.450e-01, 1.119e+05, 0.000e+00, 1.550e-04, 0.000e+00, 2.033e+00, 9.983e+02, 6.962e-08
2.525e+00, 5.000e-01, -3.350e-01, 1.118e+05, 0.000e+00, 1.588e-04, 0.000e+00, 2.031e+00, 9.983e+02, 7.135e-08
2.525e+00, 5.000e-01, -3.250e-01, 1.117e+05, 0.000e+00, 1.645e-04, 0.000e+00, 2.029e+00, 9.983e+02, 7.390e-08
2.525e+00, 5.000e-01, -3.150e-01, 1.116e+05, 0.000e+00, 1.760e-04, 0.000e+00, 2.027e+00, 9.983e+02, 7.908e-08
2.525e+00, 5.000e-01, -3.050e-01, 1.116e+05, 0.000e+00, 1.842e-04, 0.000e+00, 2.027e+00, 9.983e+02, 8.139e-08
2.525e+00, 5.000e-01, -2.950e-01, 1.115e+05, 0.000e+00, 1.938e-04, 0.000e+00, 2.025e+00, 9.983e+02, 8.511e-08
2.525e+00, 5.000e-01, -2.850e-01, 1.114e+05, 0.000e+00, 2.090e-04, 0.000e+00, 2.023e+00, 9.983e+02, 9.180e-08
2.525e+00, 5.000e-01, -2.750e-01, 1.113e+05, 0.000e+00, 2.257e-04, 0.000e+00, 2.021e+00, 9.983e+02, 9.916e-08
2.525e+00, 5.000e-01, -2.650e-01, 1.112e+05, 0.000e+00, 2.387e-04, 0.000e+00, 2.020e+00, 9.983e+02, 1.048e-07
2.525e+00, 5.000e-01, -2.550e-01, 1.111e+05, 0.000e+00, 2.478e-04, 0.000e+00, 2.018e+00, 9.983e+02, 1.088e-07
2.525e+00, 5.000e-01, -2.450e-01, 1.110e+05, 0.000e+00, 2.623e-04, 0.000e+00, 2.016e+00, 9.983e+02, 1.152e-07
2.525e+00, 5.000e-01, -2.350e-01, 1.109e+05, 0.000e+00, 2.990e-04, 0.000e+00, 2.014e+00, 9.983e+02, 1.313e-07
2.525e+00, 5.000e-01, -2.250e-01, 1.108e+05, 0.000e+00, 3.797e-04, 0.000e+00, 2.012e+00, 9.983e+02, 1.663e-07
2.525e+00, 5.000e-01, -2.150e-01, 1.109e+05, 0.000e+00, 4.477e-04, 0.000e+00, 2.014e+00, 9.983e+02, 1.922e-07
2.525e+00, 5.000e-01, -2.050e-01, 1.108e+05, 0.000e+00, 4.773e-04, 0.000e+00, 2.012e+00, 9.983e+02, 2.049e-07
2.525e+00, 5.000e-01, -1.950e-01, 1.107e+05, 0.000e+00, 4.876e-04, 0.000e+00, 2.011e+00, 9.983e+02, 2.093e-07
2.525e+00, 5.000e-01, -1.850e-01, 1.106e+05, 0.000e+00, 4.823e-04, 0.000e+00, 2.009e+00, 9.983e+02, 2.070e-07
2.525e+00, 5.000e-01, -1.750e-01, 1.105e+05, 0.000e+00, 4.616e-04, 0.000e+00, 2.007e+00, 9.983e+02, 1.981e-07
2.525e+00, 5.000e-01, -1.650e-01, 1.104e+05, 0.000e+00, 4.241e-04, 0.000e+00, 2.005e+00, 9.983e+02, 1.820e-07
2.525e+00, 5.000e-01, -1.550e-01, 1.103e+05, 0.000e+00, 3.664e-04, 0.000e+00, 2.004e+00, 9.983e+02, 1.578e-07
2.525e+00, 5.000e-01, -1.450e-01, 1.114e+05, 0.000e+00, 2.909e-04, 0.000e+00, 2.024e+00, 9.983e+02, 1.278e-07
2.525e+00, 5.000e-01, -1.350e-01, 1.113e+05, 0.000e+00, 2.092e-04, 0.000e+00, 2.022e+00, 9.983e+02, 9.190e-08
2.525e+00, 5.000e-01, -1.250e-01, 1.112e+05, 0.000e+00, 1.367e-04, 0.000e+00, 2.020e+00, 9.983e+02, 6.004e-08
2.525e+00, 5.000e-01, -1.150e-01, 1.111e+05, 0.000e+00, 8.216e-05, 0.000e+00, 2.018e+00, 9.983e+02, 3.609e-08
2.525e+00, 5.000e-01, -1.050e-01, 1.110e+05, 0.000e+00, 4.605e-05, 0.000e+00, 2.017e+00, 9.983e+02, 2.023e-08
2.525e+00, 5.000e-01, -9.500e-02, 1.109e+05, 0.000e+00, 2.434e-05, 0.000e+00, 2.015e+00, 9.983e+02, 1.069e-08
2.525e+00, 5.000e-01, -8.500e-02, 1.108e+05, 0.000e+00, 1.223e-05, 0.000e+00, 2.013e+00, 9.983e+02, 5.372e-09
2.525e+00, 5.000e-01, -7.500e-02, 1.107e+05, 0.000e+00, 5.868e-06, 0.000e+00, 2.011e+00, 9.983e+02, 2.578e-09
2.525e+00, 5.000e-01, -6.500e-02, 1.106e+05, 0.000e+00, 2.693e-06, 0.000e+00, 2.009e+00, 9.983e+02, 1.183e-09
2.525e+00, 5.000e-01, -5.500e-02, 1.105e+05, 0.000e+00, 1.182e-06, 0.000e+00, 2.008e+00, 9.983e+02, 5.192e-10
2.525e+00, 5.000e-01, -4.500e-02, 1.104e+05, 0.000e+00, 4.964e-07, 0.000e+00, 2.006e+00, 9.983e+02, 2.180e-10
2.525e+00, 5.000e-01, -3.500e-02, 1.103e+05, 0.000e+00, 1.994e-07, 0.000e+00, 2.004e+00, 9.983e+02, 8.760e-11
2.525e+00, 5.000e-01, -2.500e-02, 1.102e+05, 0.000e+00, 7.698e-08, 0.000e+00, 2.002e+00, 9.983e+02, 3.381e-11
2.525e+00, 5.000e-01, -1.500e-02, 1.101e+05, 0.000e+00, 2.927e-08, 0.000e+00, 2.000e+00, 9.983e+02, 1.286e-11
2.525e+00, 5.000e-01, -5.000e-03, 1.100e+05, 0.000e+00, 1.259e-08, 0.000e+00, 1.999e+00, 9.983e+02, 5.531e-12
2.535e+00, 5.000e-01, -1.195e+00, 1.202e+05, 0.000e+00, 1.002e-13, 0.000e+00, 2.184e+00, 9.983e+02, 2.000e-17
2.535e+00, 5.000e-01, -1.185e+00, 1.201e+05, 0.000e+00, 1.002e-13, 0.000e+00, 2.182e+00, 9.983e+02, 2.000e-17
2.535e+00, 5.000e-01, -1.175e+00, 1.200e+05, 0.000e+00, 1.002e-13, 0.000e+00, 2.181e+00, 9.983e+02, 2.000e-17
2.535e+00, 5.000e-01, -1.165e+00, 1.199e+05, 0.000e+00, 1.002e-13, 0.000e+00, 2.179e+00, 9.983e+02, 2.000e-17
2.535e+00, 5.000e-01, -1.155e+00, 1.198e+05, 0.000e+00, 1.002e-13, 0.000e+00, 2.177e+00, 9.983e+02, 2.000e-17
2.535e+00, 5.000e-01, -1.145e+00, 1.197e+05, 0.000e+00, 9.033e-13, 0.000e+00, 2.175e+00, 9.983e+02, 1.803e-16
2.535e+00, 5.000e-01, -1.135e+00, 1.196e+05, 0.000e+00, 3.081e-04, 0.000e+00, 2.174e+00, 9.983e+02, 1.022e-07
2.535e+00, 5.000e-01, -1.125e+00, 1.195e+05, 0.000e+00, 3.643e-04, 0.000e+00, 2.172e+00, 9.983e+02, 1.564e-07
2.535e+00, 5.000e-01, -1.115e+00, 1.194e+05, 0.000e+00, 3.817e-04, 0.000e+00, 2.170e+00, 9.983e+02, 1.638e-07
2.535e+00, 5.000e-01, -1.105e+00, 1.193e+05, 0.000e+00, 3.960e-04, 0.000e+00, 2.168e+00, 9.983e+02, 1.700e-07
2.535e+00, 5.000e-01, -1.095e+00, 1.192e+05, 0.000e+00, 4.070e-04, 0.000e+00, 2.167e+00, 9.983e+02, 1.747e-07
2.535e+00, 5.000e-01, -1.085e+00, 1.191e+05, 0.000e+00, 4.151e-04, 0.000e+00, 2.165e+00, 9.983e+02, 1.782e-07
2.535e+00, 5.000e-01, -1.075e+00, 1.190e+05, 0.000e+00, 4.207e-04, 0.000e+00, 2.163e+00, 9.983e+02, 1.806e-07
2.535e+00, 5.000e-01, -1.065e+00, 1.189e+05, 0.000e+00, 4.238e-04, 0.000e+00, 2.161e+00, 9.983e+02, 1.819e-07
2.535e+00, 5.000e-01, -1.055e+00, 1.188e+05, 0.000e+00, 4.240e-04, 0.000e+00, 2.159e+00, 9.983e+02, 1.820e-07
2.535e+00, 5.000e-01, -1.045e+00, 1.187e+05, 0.000e+00, 4.211e-04, 0.000e+00, 2.158e+00, 9.983e+02, 1.808e-07
2.535e+00, 5.000e-01, -1.035e+00, 1.186e+05, 0.000e+00, 4.149e-04, 0.000e+00, 2.156e+00, 9.983e+02, 1.781e-07
2.535e+00, 5.000e-01, -1.025e+00, 1.185e+05, 0.000e+00, 4.055e-04, 0.000e+00, 2.154e+00, 9.983e+02, 1.741e-07
2.535e+00, 5.000e-01, -1.015e+00, 1.185e+05, 0.000e+00, 3.928e-04, 0.000e+00, 2.152e+00, 9.983e+02, 1.686e-07
2.535e+00, 5.000e-01, -1.005e+00, 1.184e+05, 0.000e+00, 3.781e-04, 0.000e+00, 2.150e+00, 9.983e+02, 1.623e-07
2.535e+00, 5.000e-01, -9.950e-01, 1.183e+05, 0.000e+00, 3.629e-04, 0.000e+00, 2.149e+00, 9.983e+02, 1.558e-07
2.535e+00, 5.000e-01, -9.850e-01, 1.182e+05, 0.000e+00, 3.490e-04, 0.000e+00, 2.147e+00, 9.983e+02, 1.498e-07
2.535e+00, 5.000e-01, -9.750e-01, 1.181e+05, 0.000e+00, 3.374e-04, 0.000e+00, 2.145e+00, 9.983e+02, 1.448e-07
2.535e+00, 5.000e-01, -9.650e-01, 1.180e+05, 0.000e+00, 3.286e-04, 0.000e+00, 2.143e+00, 9.983e+02, 1.411e-07
2.535e+00, 5.000e-01, -9.550e-01, 1.179e+05, 0.000e+00, 3.218e-04, 0.000e+00, 2.141e+00, 9.983e+02, 1.381e-07
2.535e+00, 5.000e-01, -9.450e-01, 1.178e+05, 0.000e+00, 3.140e-04, 0.000e+00, 2.140e+00, 9.983e+02, 1.348e-07
2.535e+00, 5.000e-01, -9.350e-01, 1.177e+05, 0.000e+00, 2.998e-04, 0.000e+00, 2.138e+00, 9.983e+02, 1.287e-07
2.535e+00, 5.000e-01, -9.250e-01, 1.176e+05, 0.000e+00, 2.765e-04, 0.000e+00, 2.136e+00, 9.983e+02, 1.187e-07
2.535e+00, 5.000e-01, -9.150e-01, 1.175e+05, 0.000e+00, 2.499e-04, 0.000e+00, 2.134e+00, 9.983e+02, 1.073e-07
2.535e+00, 5.000e-01, -9.050e-01, 1.174e+05, 0.000e+00, 2.238e-04, 0.000e+00, 2.132e+00, 9.983e+02, 9.606e-08
2.535e+00, 5.000e-01, -8.950e-01, 1.173e+05, 0.000e+00, 1.990e-04, 0.000e+00, 2.131e+00, 9.983e+02, 8.542e-08
2.535e+00, 5.000e-01, -8.850e-01, 1.172e+05, 0.000e+00, 1.752e-04, 0.000e+00, 2.129e+00, 9.983e+02, 7.521e-08
2.535e+00, 5.000e-01, -8.750e-01, 1.171e+05, 0.000e+00, 1.521e-04, 0.000e+00, 2.127e+00, 9.983e+02, 6.530e-08
2.535e+00, 5.000e-01, -8.650e-01, 1.170e+05, 0.000e+00, 1.296e-04, 0.000e+00, 2.125e+00, 9.983e+02, 5.562e-08
2.535e+00, 5.000e-01, -8.550e-01, 1.169e+05, 0.000e+00, 1.078e-04, 0.000e+00, 2.124e+00, 9.983e+02, 4.627e-08
2.535e+00, 5.000e-01, -8.450e-01, 1.168e+05, 0.000e+00, 8.712e-05, 0.000e+00, 2.122e+00, 9.983e+02, 3.740e-08
2.535e+00, 5.000e-01, -8.350e-01, 1.167e+05, 0.000e+00, 6.806e-05, 0.000e+00, 2.120e+00, 9.983e+02, 2.922e-08
2.535e+00, 5.000e-01, -8.250e-01, 1.166e+05, 0.000e+00, 5.113e-05, 0.000e+00, 2.118e+00, 9.983e+02, 2.195e-08
2.535e+00, 5.000e-01, -8.150e-01, 1.165e+05, 0.000e+00, 3.682e-05, 0.000e+00, 2.116e+00, 9.983e+02, 1.581e-08
2.535e+00, 5.000e-01, -8.050e-01, 1.164e+05, 0.000e+00, 2.576e-05, 0.000e+00, 2.115e+00, 9.983e+02, 1.106e-08
2.535e+00, 5.000e-01, -7.950e-01, 1.163e+05, 0.000e+00, 1.922e-05, 0.000e+00, 2.113e+00, 9.983e+02, 8.252e-09
2.535e+00, 5.000e-01, -7.850e-01, 1.162e+05, 0.000e+00, 2.021e-05, 0.000e+00, 2.111e+00, 9.983e+02, 8.676e-09
2.535e+00, 5.000e-01, -7.750e-01, 1.161e+05, 0.000e+00, 3.413e-05, 0.000e+00, 2.109e+00, 9.983e+02, 1.465e-08
2.535e+00, 5.000e-01, -7.650e-01, 1.160e+05, 0.000e+00, 6.546e-05, 0.000e+00, 2.107e+00, 9.983e+02, 2.817e-08
2.535e+00, 5.000e-01, -7.550e-01, 1.174e+05, 0.000e+00, 1.410e-04, 0.000e+00, 2.133e+00, 9.983e+02, 6.195e-08
2.535e+00, 5.000e-01, -7.450e-01, 1.173e+05, 0.000e+00, 1.562e-04, 0.000e+00, 2.131e+00, 9.983e+02, 6.860e-08
2.535e+00, 5.000e-01, -7.350e-01, 1.172e+05, 0.000e+00, 1.337e-04, 0.000e+00, 2.129e+00, 9.983e+02, 5.871e-08
2.535e+00, 5.000e-01, -7.250e-01, 1.171e+05, 0.000e+00, 9.819e-05, 0.000e+00, 2.127e+00, 9.983e+02, 4.313e-08
2.535e+00, 5.000e-01, -7.150e-01, 1.170e+05, 0.000e+00, 6.546e-05, 0.000e+00, 2.126e+00, 9.983e+02, 2.875e-08
2.535e+00, 5.000e-01, -7.050e-01, 1.169e+05, 0.000e+00, 4.269e-05, 0.000e+00, 2.124e+00, 9.983e+02, 1.875e-08
2.535e+00, 5.000e-01, -6.950e-01, 1.168e+05, 0.000e+00, 3.318e-05, 0.000e+00, 2.122e+00, 9.983e+02, 1.457e-08
2.535e+00, 5.000e-01, -6.850e-01, 1.167e+05, 0.000e+00, 4.093e-05, 0.000e+00, 2.120e+00, 9.983e+02, 1.798e-08
2.535e+00, 5.000e-01, -6.750e-01, 1.166e+05, 0.000e+00, 7.308e-05, 0.000e+00, 2.119e+00, 9.983e+02, 3.210e-08
2.535e+00, 5.000e-01, -6.650e-01, 1.165e+05, 0.000e+00, 1.375e-04, 0.000e+00, 2.117e+00, 9.983e+02, 6.039e-08
2.535e+00, 5.000e-01, -6.550e-01, 1.164e+05, 0.000e+00, 2.325e-04, 0.000e+00, 2.115e+00, 9.983e+02, 1.021e-07
2.535e+00, 5.000e-01, -6.450e-01, 1.163e+05, 0.000e+00, 3.310e-04, 0.000e+00, 2.113e+00, 9.983e+02, 1.466e-07
2.535e+00, 5.000e-01, -6.350e-01, 1.147e+05, 0.000e+00, 3.724e-04, 0.000e+00, 2.084e+00, 9.983e+02, 1.673e-07
2.535e+00, 5.000e-01, -6.250e-01, 1.146e+05, 0.000e+00, 3.771e-04, 0.000e+00, 2.083e+00, 9.983e+02, 1.694e-07
2.535e+00, 5.000e-01, -6.150e-01, 1.145e+05, 0.000e+00, 3.720e-04, 0.000e+00, 2.081e+00, 9.983e+02, 1.671e-07
2.535e+00, 5.000e-01, -6.050e-01, 1.144e+05, 0.000e+00, 3.650e-04, 0.000e+00, 2.079e+00, 9.983e+02, 1.640e-07
2.535e+00, 5.000e-01, -5.950e-01, 1.144e+05, 0.000e+00, 3.578e-04, 0.000e+00, 2.077e+00, 9.983e+02, 1.608e-07
2.535e+00, 5.000e-01, -5.850e-01, 1.143e+05, 0.000e+00, 3.503e-04, 0.000e+00, 2.075e+00, 9.983e+02, 1.574e-07
2.535e+00, 5.000e-01, -5.750e-01, 1.142e+05, 0.000e+00, 3.423e-04, 0.000e+00, 2.074e+00, 9.983e+02, 1.538e-07
2.535e+00, 5.000e-01, -5.650e-01, 1.141e+05, 0.000e+00, 3.337e-04, 0.000e+00, 2.072e+00, 9.983e+02, 1.499e-07
2.535e+00, 5.000e-01, -5.550e-01, 1.140e+05, 0.000e+00, 3.244e-04, 0.000e+00, 2.070e+00, 9.983e+02, 1.458e-07
2.535e+00, 5.000e-01, -5.450e-01, 1.139e+05, 0.000e+00, 3.144e-04, 0.000e+00, 2.068e+00, 9.983e+02, 1.413e-07
2.535e+00, 5.000e-01, -5.350e-01, 1.138e+05, 0.000e+00, 3.042e-04, 0.000e+00, 2.067e+00, 9.983e+02, 1.353e-07
2.535e+00, 5.000e-01, -5.250e-01, 1.137e+05, 0.000e+00, 2.974e-04, 0.000e+00, 2.064e+00, 9.983e+02, 1.277e-07
2.535e+00, 5.000e-01, -5.150e-01, 1.136e+05, 0.000e+00, 2.958e-04, 0.000e+00, 2.063e+00, 9.983e+02, 1.270e-07
2.535e+00, 5.000e-01, -5.050e-01, 1.135e+05, 0.000e+00, 2.934e-04, 0.000e+00, 2.061e+00, 9.983e+02, 1.259e-07
2.535e+00, 5.000e-01, -4.950e-01, 1.134e+05, 0.000e+00, 2.864e-04, 0.000e+00, 2.059e+00, 9.983e+02, 1.230e-07
2.535e+00, 5.000e-01, -4.850e-01, 1.133e+05, 0.000e+00, 2.730e-04, 0.000e+00, 2.057e+00, 9.983e+02, 1.172e-07
2.535e+00, 5.000e-01, -4.750e-01, 1.132e+05, 0.000e+00, 2.461e-04, 0.000e+00, 2.056e+00, 9.983e+02, 1.069e-07
2.535e+00, 5.000e-01, -4.650e-01, 1.131e+05, 0.000e+00, 2.012e-04, 0.000e+00, 2.054e+00, 9.983e+02, 9.037e-08
2.535e+00, 5.000e-01, -4.550e-01, 1.130e+05, 0.000e+00, 1.818e-04, 0.000e+00, 2.052e+00, 9.983e+02, 7.949e-08
2.535e+00, 5.000e-01, -4.450e-01, 1.129e+05, 0.000e+00, 1.726e-04, 0.000e+00, 2.050e+00, 9.983e+02, 7.410e-08
2.535e+00, 5.000e-01, -4.350e-01, 1.128e+05, 0.000e+00, 1.677e-04, 0.000e+00, 2.048e+00, 9.983e+02, 7.197e-08
2.535e+00, 5.000e-01, -4.250e-01, 1.127e+05, 0.000e+00, 1.644e-04, 0.000e+00, 2.047e+00, 9.983e+02, 7.055e-08
2.535e+00, 5.000e-01, -4.150e-01, 1.126e+05, 0.000e+00, 1.614e-04, 0.000e+00, 2.045e+00, 9.983e+02, 6.929e-08
2.535e+00, 5.000e-01, -4.050e-01, 1.125e+05, 0.000e+00, 1.582e-04, 0.000e+00, 2.043e+00, 9.983e+02, 6.791e-08
2.535e+00, 5.000e-01, -3.950e-01, 1.124e+05, 0.000e+00, 1.526e-04, 0.000e+00, 2.041e+00, 9.983e+02, 6.801e-08
2.535e+00, 5.000e-01, -3.850e-01, 1.123e+05, 0.000e+00, 1.492e-04, 0.000e+00, 2.040e+00, 9.983e+02, 6.702e-08
2.535e+00, 5.000e-01, -3.750e-01, 1.122e+05, 0.000e+00, 1.490e-04, 0.000e+00, 2.038e+00, 9.983e+02, 6.694e-08
2.535e+00, 5.000e-01, -3.650e-01, 1.121e+05, 0.000e+00, 1.508e-04, 0.000e+00, 2.036e+00, 9.983e+02, 6.776e-08
2.535e+00, 5.000e-01, -3.550e-01, 1.120e+05, 0.000e+00, 1.531e-04, 0.000e+00, 2.034e+00, 9.983e+02, 6.876e-08
2.535e+00, 5.000e-01, -3.450e-01, 1.119e+05, 0.000e+00, 1.540e-04, 0.000e+00, 2.033e+00, 9.983e+02, 6.920e-08
2.535e+00, 5.000e-01, -3.350e-01, 1.118e+05, 0.000e+00, 1.540e-04, 0.000e+00, 2.031e+00, 9.983e+02, 6.920e-08
2.535e+00, 5.000e-01, -3.250e-01, 1.117e+05, 0.000e+00, 1.575e-04, 0.000e+00, 2.029e+00, 9.983e+02, 7.073e-08
2.535e+00, 5.000e-01, -3.150e-01, 1.116e+05, 0.000e+00, 1.725e-04, 0.000e+00, 2.027e+00, 9.983e+02, 7.750e-08
2.535e+00, 5.000e-01, -3.050e-01, 1.116e+05, 0.000e+00, 1.883e-04, 0.000e+00, 2.027e+00, 9.983e+02, 8.291e-08
2.535e+00, 5.000e-01, -2.950e-01, 1.115e+05, 0.000e+00, 1.979e-04, 0.000e+00, 2.025e+00, 9.983e+02, 8.694e-08
2.535e+00, 5.000e-01, -2.850e-01, 1.114e+05, 0.000e+00, 2.074e-04, 0.000e+00, 2.023e+00, 9.983e+02, 9.108e-08
2.535e+00, 5.000e-01, -2.750e-01, 1.113e+05, 0.000e+00, 2.138e-04, 0.000e+00, 2.021e+00, 9.983e+02, 9.389e-08
2.535e+00, 5.000e-01, -2.650e-01, 1.112e+05, 0.000e+00, 2.147e-04, 0.000e+00, 2.020e+00, 9.983e+02, 9.430e-08
2.535e+00, 5.000e-01, -2.550e-01, 1.111e+05, 0.000e+00, 2.140e-04, 0.000e+00, 2.018e+00, 9.983e+02, 9.401e-08
2.535e+00, 5.000e-01, -2.450e-01, 1.110e+05, 0.000e+00, 2.230e-04, 0.000e+00, 2.016e+00, 9.983e+02, 9.794e-08
2.535e+00, 5.000e-01, -2.350e-01, 1.109e+05, 0.000e+00, 2.587e-04, 0.000e+00, 2.014e+00, 9.983e+02, 1.136e-07
2.535e+00, 5.000e-01, -2.250e-01, 1.108e+05, 0.000e+00, 3.490e-04, 0.000e+00, 2.012e+00, 9.983e+02, 1.524e-07
2.535e+00, 5.000e-01, -2.150e-01, 1.109e+05, 0.000e+00, 4.328e-04, 0.000e+00, 2.014e+00, 9.983e+02, 1.858e-07
2.535e+00, 5.000e-01, -2.050e-01, 1.108e+05, 0.000e+00, 4.727e-04, 0.000e+00, 2.012e+00, 9.983e+02, 2.029e-07
2.535e+00, 5.000e-01, -1.950e-01, 1.107e+05, 0.000e+00, 4.890e-04, 0.000e+00, 2.011e+00, 9.983e+02, 2.099e-07
2.535e+00, 5.000e-01, -1.850e-01, 1.106e+05, 0.000e+00, 4.853e-04, 0.000e+00, 2.009e+00, 9.983e+02, 2.083e-07
2.535e+00, 5.000e-01, -1.750e-01, 1.105e+05, 0.000e+00, 4.623e-04, 0.000e+00, 2.007e+00, 9.983e+02, 1.985e-07
2.535e+00, 5.000e-01, -1.650e-01, 1.104e+05, 0.000e+00, 4.204e-04, 0.000e+00, 2.005e+00, 9.983e+02, 1.804e-07
2.535e+00, 5.000e-01, -1.550e-01, 1.103e+05, 0.000e+00, 3.597e-04, 0.000e+00, 2.004e+00, 9.983e+02, 1.554e-07
2.535e+00, 5.000e-01, -1.450e-01, 1.114e+05, 0.000e+00, 2.829e-04, 0.000e+00, 2.024e+00, 9.983e+02, 1.243e-07
2.535e+00, 5.000e-01, -1.350e-01, 1.113e+05, 0.000e+00, 2.023e-04, 0.000e+00, 2.022e+00, 9.983e+02, 8.887e-08
2.535e+00, 5.000e-01, -1.250e-01, 1.112e+05, 0.000e+00, 1.315e-04, 0.000e+00, 2.020e+00, 9.983e+02, 5.777e-08
2.535e+00, 5.000e-01, -1.150e-01, 1.111e+05, 0.000e+00, 7.861e-05, 0.000e+00, 2.018e+00, 9.983e+02, 3.453e-08
2.535e+00, 5.000e-01, -1.050e-01, 1.110e+05, 0.000e+00, 4.379e-05, 0.000e+00, 2.017e+00, 9.983e+02, 1.923e-08
2.535e+00, 5.000e-01, -9.500e-02, 1.109e+05, 0.000e+00, 2.299e-05, 0.000e+00, 2.015e+00, 9.983e+02, 1.010e-08
2.535e+00, 5.000e-01, -8.500e-02, 1.108e+05, 0.000e+00, 1.147e-05, 0.000e+00, 2.013e+00, 9.983e+02, 5.037e-09
2.535e+00, 5.000e-01, -7.500e-02, 1.107e+05, 0.000e+00, 5.457e-06, 0.000e+00, 2.011e+00, 9.983e+02, 2.397e-09
2.535e+00, 5.000e-01, -6.500e-02, 1.106e+05, 0.000e+00, 2.482e-06, 0.000e+00, 2.009e+00, 9.983e+02, 1.090e-09
2.535e+00, 5.000e-01, -5.500e-02, 1.105e+05, 0.000e+00, 1.080e-06, 0.000e+00, 2.008e+00, 9.983e+02, 4.743e-10
2.535e+00, 5.000e-01, -4.500e-02, 1.104e+05, 0.000e+00, 4.492e-07, 0.000e+00, 2.006e+00, 9.983e+02, 1.973e-10
2.535e+00, 5.000e-01, -3.500e-02, 1.103e+05, 0.000e+00, 1.788e-07, 0.000e+00, 2.004e+00, 9.983e+02, 7.853e-11
2.535e+00, 5.000e-01, -2.500e-02, 1.102e+05, 0.000e+00, 6.835e-08, 0.000e+00, 2.002e+00, 9.983e+02, 3.002e-11
2.535e+00, 5.000e-01, -1.500e-02, 1.101e+05, 0.000e+00, 2.573e-08, 0.000e+00, 2.000e+00, 9.983e+02, 1.130e-11
2.535e+00, 5.000e-01, -5.000e-03, 1.100e+05, 0.000e+00, 1.100e-08, 0.000e+00, 1.999e+00, 9.983e+02, 4.832e-12
2.545e+00, 5.000e-01, -1.195e+00, 1.202e+05, 0.000e+00, 1.002e-13, 0.000e+00, 2.184e+00, 9.983e+02, 2.000e-17
2.545e+00, 5.000e-01, -1.185e+00, 1.201e+05, 0.000e+00, 1.002e-13, 0.000e+00, 2.182e+00, 9.983e+02, 2.000e-17
2.545e+00, 5.000e-01, -1.175e+00, 1.200e+05, 0.000e+00, 1.002e-13, 0.000e+00, 2.181e+00, 9.983e+02, 2.000e-17
2.545e+00, 5.000e-01, -1.165e+00, 1.199e+05, 0.000e+00, 1.002e-13, 0.000e+00, 2.179e+00, 9.983e+02, 2.000e-17
2.545e+00, 5.000e-01, -1.155e+00, 1.198e+05, 0.000e+00, 1.002e-13, 0.000e+00, 2.177e+00, 9.983e+02, 2.000e-17
2.545e+00, 5.000e-01, -1.145e+00, 1.197e+05, 0.000e+00, 6.895e-13, 0.000e+00, 2.175e+00, 9.983e+02, 1.377e-16
2.545e+00, 5.000e-01, -1.135e+00, 1.196e+05, 0.000e+00, 3.132e-04, 0.000e+00, 2.174e+00, 9.983e+02, 1.191e-07
2.545e+00, 5.000e-01, -1.125e+00, 1.195e+05, 0.000e+00, 3.596e-04, 0.000e+00, 2.172e+00, 9.983e+02, 1.544e-07
2.545e+00, 5.000e-01, -1.115e+00, 1.194e+05, 0.000e+00, 3.772e-04, 0.000e+00, 2.170e+00, 9.983e+02, 1.619e-07
2.545e+00, 5.000e-01, -1.105e+00, 1.193e+05, 0.000e+00, 3.902e-04, 0.000e+00, 2.168e+00, 9.983e+02, 1.675e-07
2.545e+00, 5.000e-01, -1.095e+00, 1.192e+05, 0.000e+00, 3.996e-04, 0.000e+00, 2.167e+00, 9.983e+02, 1.716e-07
2.545e+00, 5.000e-01, -1.085e+00, 1.191e+05, 0.000e+00, 4.062e-04, 0.000e+00, 2.165e+00, 9.983e+02, 1.744e-07
2.545e+00, 5.000e-01, -1.075e+00, 1.190e+05, 0.000e+00, 4.103e-04, 0.000e+00, 2.163e+00, 9.983e+02, 1.761e-07
2.545e+00, 5.000e-01, -1.065e+00, 1.189e+05, 0.000e+00, 4.118e-04, 0.000e+00, 2.161e+00, 9.983e+02, 1.768e-07
2.545e+00, 5.000e-01, -1.055e+00, 1.188e+05, 0.000e+00, 4.106e-04, 0.000e+00, 2.159e+00, 9.983e+02, 1.762e-07
2.545e+00, 5.000e-01, -1.045e+00, 1.187e+05, 0.000e+00, 4.064e-04, 0.000e+00, 2.158e+00, 9.983e+02, 1.745e-07
2.545e+00, 5.000e-01, -1.035e+00, 1.186e+05, 0.000e+00, 3.991e-04, 0.000e+00, 2.156e+00, 9.983e+02, 1.713e-07
2.545e+00, 5.000e-01, -1.025e+00, 1.185e+05, 0.000e+00, 3.889e-04, 0.000e+00, 2.154e+00, 9.983e+02, 1.669e-07
2.545e+00, 5.000e-01, -1.015e+00, 1.185e+05, 0.000e+00, 3.766e-04, 0.000e+00, 2.152e+00, 9.983e+02, 1.617e-07
2.545e+00, 5.000e-01, -1.005e+00, 1.184e+05, 0.000e+00, 3.636e-04, 0.000e+00, 2.150e+00, 9.983e+02, 1.561e-07
2.545e+00, 5.000e-01, -9.950e-01, 1.183e+05, 0.000e+00, 3.511e-04, 0.000e+00, 2.149e+00, 9.983e+02, 1.507e-07
2.545e+00, 5.000e-01, -9.850e-01, 1.182e+05, 0.000e+00, 3.403e-04, 0.000e+00, 2.147e+00, 9.983e+02, 1.461e-07
2.545e+00, 5.000e-01, -9.750e-01, 1.181e+05, 0.000e+00, 3.318e-04, 0.000e+00, 2.145e+00, 9.983e+02, 1.424e-07
2.545e+00, 5.000e-01, -9.650e-01, 1.180e+05, 0.000e+00, 3.252e-04, 0.000e+00, 2.143e+00, 9.983e+02, 1.396e-07
2.545e+00, 5.000e-01, -9.550e-01, 1.179e+05, 0.000e+00, 3.187e-04, 0.000e+00, 2.141e+00, 9.983e+02, 1.368e-07
2.545e+00, 5.000e-01, -9.450e-01, 1.178e+05, 0.000e+00, 3.084e-04, 0.000e+00, 2.140e+00, 9.983e+02, 1.324e-07
2.545e+00, 5.000e-01, -9.350e-01, 1.177e+05, 0.000e+00, 2.887e-04, 0.000e+00, 2.138e+00, 9.983e+02, 1.239e-07
2.545e+00, 5.000e-01, -9.250e-01, 1.176e+05, 0.000e+00, 2.632e-04, 0.000e+00, 2.136e+00, 9.983e+02, 1.130e-07
2.545e+00, 5.000e-01, -9.150e-01, 1.175e+05, 0.000e+00, 2.373e-04, 0.000e+00, 2.134e+00, 9.983e+02, 1.019e-07
2.545e+00, 5.000e-01, -9.050e-01, 1.174e+05, 0.000e+00, 2.127e-04, 0.000e+00, 2.132e+00, 9.983e+02, 9.132e-08
2.545e+00, 5.000e-01, -8.950e-01, 1.173e+05, 0.000e+00, 1.895e-04, 0.000e+00, 2.131e+00, 9.983e+02, 8.135e-08
2.545e+00, 5.000e-01, -8.850e-01, 1.172e+05, 0.000e+00, 1.670e-04, 0.000e+00, 2.129e+00, 9.983e+02, 7.170e-08
2.545e+00, 5.000e-01, -8.750e-01, 1.171e+05, 0.000e+00, 1.450e-04, 0.000e+00, 2.127e+00, 9.983e+02, 6.223e-08
2.545e+00, 5.000e-01, -8.650e-01, 1.170e+05, 0.000e+00, 1.233e-04, 0.000e+00, 2.125e+00, 9.983e+02, 5.292e-08
2.545e+00, 5.000e-01, -8.550e-01, 1.169e+05, 0.000e+00, 1.022e-04, 0.000e+00, 2.124e+00, 9.983e+02, 4.388e-08
2.545e+00, 5.000e-01, -8.450e-01, 1.168e+05, 0.000e+00, 8.226e-05, 0.000e+00, 2.122e+00, 9.983e+02, 3.531e-08
2.545e+00, 5.000e-01, -8.350e-01, 1.167e+05, 0.000e+00, 6.388e-05, 0.000e+00, 2.120e+00, 9.983e+02, 2.742e-08
2.545e+00, 5.000e-01, -8.250e-01, 1.166e+05, 0.000e+00, 4.763e-05, 0.000e+00, 2.118e+00, 9.983e+02, 2.044e-08
2.545e+00, 5.000e-01, -8.150e-01, 1.165e+05, 0.000e+00, 3.399e-05, 0.000e+00, 2.116e+00, 9.983e+02, 1.459e-08
2.545e+00, 5.000e-01, -8.050e-01, 1.164e+05, 0.000e+00, 2.362e-05, 0.000e+00, 2.115e+00, 9.983e+02, 1.014e-08
2.545e+00, 5.000e-01, -7.950e-01, 1.163e+05, 0.000e+00, 1.786e-05, 0.000e+00, 2.113e+00, 9.983e+02, 7.668e-09
2.545e+00, 5.000e-01, -7.850e-01, 1.162e+05, 0.000e+00, 1.995e-05, 0.000e+00, 2.111e+00, 9.983e+02, 8.562e-09
2.545e+00, 5.000e-01, -7.750e-01, 1.161e+05, 0.000e+00, 3.609e-05, 0.000e+00, 2.109e+00, 9.983e+02, 1.549e-08
2.545e+00, 5.000e-01, -7.650e-01, 1.160e+05, 0.000e+00, 8.263e-05, 0.000e+00, 2.107e+00, 9.983e+02, 3.582e-08
2.545e+00, 5.000e-01, -7.550e-01, 1.174e+05, 0.000e+00, 1.431e-04, 0.000e+00, 2.133e+00, 9.983e+02, 6.287e-08
2.545e+00, 5.000e-01, -7.450e-01, 1.173e+05, 0.000e+00, 1.508e-04, 0.000e+00, 2.131e+00, 9.983e+02, 6.624e-08
2.545e+00, 5.000e-01, -7.350e-01, 1.172e+05, 0.000e+00, 1.268e-04, 0.000e+00, 2.129e+00, 9.983e+02, 5.569e-08
2.545e+00, 5.000e-01, -7.250e-01, 1.171e+05, 0.000e+00, 9.246e-05, 0.000e+00, 2.127e+00, 9.983e+02, 4.061e-08
2.545e+00, 5.000e-01, -7.150e-01, 1.170e+05, 0.000e+00, 6.142e-05, 0.000e+00, 2.126e+00, 9.983e+02, 2.698e-08
2.545e+00, 5.000e-01, -7.050e-01, 1.169e+05, 0.000e+00, 3.994e-05, 0.000e+00, 2.124e+00, 9.983e+02, 1.754e-08
2.545e+00, 5.000e-01, -6.950e-01, 1.168e+05, 0.000e+00, 3.110e-05, 0.000e+00, 2.122e+00, 9.983e+02, 1.366e-08
2.545e+00, 5.000e-01, -6.850e-01, 1.167e+05, 0.000e+00, 3.924e-05, 0.000e+00, 2.120e+00, 9.983e+02, 1.724e-08
2.545e+00, 5.000e-01, -6.750e-01, 1.166e+05, 0.000e+00, 7.245e-05, 0.000e+00, 2.119e+00, 9.983e+02, 3.182e-08
2.545e+00, 5.000e-01, -6.650e-01, 1.165e+05, 0.000e+00, 1.402e-04, 0.000e+00, 2.117e+00, 9.983e+02, 6.158e-08
2.545e+00, 5.000e-01, -6.550e-01, 1.164e+05, 0.000e+00, 2.418e-04, 0.000e+00, 2.115e+00, 9.983e+02, 1.062e-07
2.545e+00, 5.000e-01, -6.450e-01, 1.148e+05, 0.000e+00, 3.475e-04, 0.000e+00, 2.086e+00, 9.983e+02, 1.545e-07
2.545e+00, 5.000e-01, -6.350e-01, 1.147e+05, 0.000e+00, 3.829e-04, 0.000e+00, 2.084e+00, 9.983e+02, 1.720e-07
2.545e+00, 5.000e-01, -6.250e-01, 1.146e+05, 0.000e+00, 3.882e-04, 0.000e+00, 2.083e+00, 9.983e+02, 1.744e-07
2.545e+00, 5.000e-01, -6.150e-01, 1.145e+05, 0.000e+00, 3.818e-04, 0.000e+00, 2.081e+00, 9.983e+02, 1.715e-07
2.545e+00, 5.000e-01, -6.050e-01, 1.144e+05, 0.000e+00, 3.728e-04, 0.000e+00, 2.079e+00, 9.983e+02, 1.675e-07
2.545e+00, 5.000e-01, -5.950e-01, 1.144e+05, 0.000e+00, 3.637e-04, 0.000e+00, 2.077e+00, 9.983e+02, 1.634e-07
2.545e+00, 5.000e-01, -5.850e-01, 1.143e+05, 0.000e+00, 3.544e-04, 0.000e+00, 2.075e+00, 9.983e+02, 1.592e-07
2.545e+00, 5.000e-01, -5.750e-01, 1.142e+05, 0.000e+00, 3.449e-04, 0.000e+00, 2.074e+00, 9.983e+02, 1.549e-07
2.545e+00, 5.000e-01, -5.650e-01, 1.141e+05, 0.000e+00, 3.349e-04, 0.000e+00, 2.072e+00, 9.983e+02, 1.504e-07
2.545e+00, 5.000e-01, -5.550e-01, 1.140e+05, 0.000e+00, 3.243e-04, 0.000e+00, 2.070e+00, 9.983e+02, 1.457e-07
2.545e+00, 5.000e-01, -5.450e-01, 1.139e+05, 0.000e+00, 3.135e-04, 0.000e+00, 2.068e+00, 9.983e+02, 1.408e-07
2.545e+00, 5.000e-01, -5.350e-01, 1.138e+05, 0.000e+00, 3.030e-04, 0.000e+00, 2.067e+00, 9.983e+02, 1.337e-07
2.545e+00, 5.000e-01, -5.250e-01, 1.137e+05, 0.000e+00, 2.959e-04, 0.000e+00, 2.064e+00, 9.983e+02, 1.270e-07
2.545e+00, 5.000e-01, -5.150e-01, 1.136e+05, 0.000e+00, 2.916e-04, 0.000e+00, 2.063e+00, 9.983e+02, 1.252e-07
2.545e+00, 5.000e-01, -5.050e-01, 1.135e+05, 0.000e+00, 2.857e-04, 0.000e+00, 2.061e+00, 9.983e+02, 1.227e-07
2.545e+00, 5.000e-01, -4.950e-01, 1.134e+05, 0.000e+00, 2.745e-04, 0.000e+00, 2.059e+00, 9.983e+02, 1.178e-07
2.545e+00, 5.000e-01, -4.850e-01, 1.133e+05, 0.000e+00, 2.548e-04, 0.000e+00, 2.057e+00, 9.983e+02, 1.094e-07
2.545e+00, 5.000e-01, -4.750e-01, 1.132e+05, 0.000e+00, 2.182e-04, 0.000e+00, 2.056e+00, 9.983e+02, 9.571e-08
2.545e+00, 5.000e-01, -4.650e-01, 1.131e+05, 0.000e+00, 1.880e-04, 0.000e+00, 2.054e+00, 9.983e+02, 8.444e-08
2.545e+00, 5.000e-01, -4.550e-01, 1.130e+05, 0.000e+00, 1.747e-04, 0.000e+00, 2.052e+00, 9.983e+02, 7.570e-08
2.545e+00, 5.000e-01, -4.450e-01, 1.129e+05, 0.000e+00, 1.685e-04, 0.000e+00, 2.050e+00, 9.983e+02, 7.235e-08
2.545e+00, 5.000e-01, -4.350e-01, 1.128e+05, 0.000e+00, 1.655e-04, 0.000e+00, 2.048e+00, 9.983e+02, 7.103e-08
2.545e+00, 5.000e-01, -4.250e-01, 1.127e+05, 0.000e+00, 1.628e-04, 0.000e+00, 2.047e+00, 9.983e+02, 6.988e-08
2.545e+00, 5.000e-01, -4.150e-01, 1.126e+05, 0.000e+00, 1.603e-04, 0.000e+00, 2.045e+00, 9.983e+02, 6.879e-08
2.545e+00, 5.000e-01, -4.050e-01, 1.125e+05, 0.000e+00, 1.590e-04, 0.000e+00, 2.043e+00, 9.983e+02, 6.829e-08
2.545e+00, 5.000e-01, -3.950e-01, 1.124e+05, 0.000e+00, 1.547e-04, 0.000e+00, 2.041e+00, 9.983e+02, 6.940e-08
2.545e+00, 5.000e-01, -3.850e-01, 1.123e+05, 0.000e+00, 1.527e-04, 0.000e+00, 2.040e+00, 9.983e+02, 6.859e-08
2.545e+00, 5.000e-01, -3.750e-01, 1.122e+05, 0.000e+00, 1.526e-04, 0.000e+00, 2.038e+00, 9.983e+02, 6.854e-08
2.545e+00, 5.000e-01, -3.650e-01, 1.121e+05, 0.000e+00, 1.526e-04, 0.000e+00, 2.036e+00, 9.983e+02, 6.855e-08
2.545e+00, 5.000e-01, -3.550e-01, 1.120e+05, 0.000e+00, 1.509e-04, 0.000e+00, 2.034e+00, 9.983e+02, 6.777e-08
2.545e+00, 5.000e-01, -3.450e-01, 1.119e+05, 0.000e+00, 1.465e-04, 0.000e+00, 2.033e+00, 9.983e+02, 6.582e-08
2.545e+00, 5.000e-01, -3.350e-01, 1.118e+05, 0.000e+00, 1.415e-04, 0.000e+00, 2.031e+00, 9.983e+02, 6.355e-08
2.545e+00, 5.000e-01, -3.250e-01, 1.117e+05, 0.000e+00, 1.419e-04, 0.000e+00, 2.029e+00, 9.983e+02, 6.372e-08
2.545e+00, 5.000e-01, -3.150e-01, 1.116e+05, 0.000e+00, 1.606e-04, 0.000e+00, 2.027e+00, 9.983e+02, 7.209e-08
2.545e+00, 5.000e-01, -3.050e-01, 1.116e+05, 0.000e+00, 1.838e-04, 0.000e+00, 2.027e+00, 9.983e+02, 8.074e-08
2.545e+00, 5.000e-01, -2.950e-01, 1.115e+05, 0.000e+00, 1.919e-04, 0.000e+00, 2.025e+00, 9.983e+02, 8.428e-08
2.545e+00, 5.000e-01, -2.850e-01, 1.114e+05, 0.000e+00, 1.943e-04, 0.000e+00, 2.023e+00, 9.983e+02, 8.534e-08
2.545e+00, 5.000e-01, -2.750e-01, 1.113e+05, 0.000e+00, 1.911e-04, 0.000e+00, 2.021e+00, 9.983e+02, 8.395e-08
2.545e+00, 5.000e-01, -2.650e-01, 1.112e+05, 0.000e+00, 1.834e-04, 0.000e+00, 2.020e+00, 9.983e+02, 8.054e-08
2.545e+00, 5.000e-01, -2.550e-01, 1.111e+05, 0.000e+00, 1.775e-04, 0.000e+00, 2.018e+00, 9.983e+02, 7.796e-08
2.545e+00, 5.000e-01, -2.450e-01, 1.110e+05, 0.000e+00, 1.844e-04, 0.000e+00, 2.016e+00, 9.983e+02, 8.099e-08
2.545e+00, 5.000e-01, -2.350e-01, 1.109e+05, 0.000e+00, 2.189e-04, 0.000e+00, 2.014e+00, 9.983e+02, 9.615e-08
2.545e+00, 5.000e-01, -2.250e-01, 1.108e+05, 0.000e+00, 3.091e-04, 0.000e+00, 2.012e+00, 9.983e+02, 1.346e-07
2.545e+00, 5.000e-01, -2.150e-01, 1.109e+05, 0.000e+00, 4.092e-04, 0.000e+00, 2.014e+00, 9.983e+02, 1.756e-07
2.545e+00, 5.000e-01, -2.050e-01, 1.108e+05, 0.000e+00, 4.628e-04, 0.000e+00, 2.012e+00, 9.983e+02, 1.987e-07
2.545e+00, 5.000e-01, -1.950e-01, 1.107e+05, 0.000e+00, 4.886e-04, 0.000e+00, 2.011e+00, 9.983e+02, 2.097e-07
2.545e+00, 5.000e-01, -1.850e-01, 1.106e+05, 0.000e+00, 4.890e-04, 0.000e+00, 2.009e+00, 9.983e+02, 2.099e-07
2.545e+00, 5.000e-01, -1.750e-01, 1.105e+05, 0.000e+00, 4.649e-04, 0.000e+00, 2.007e+00, 9.983e+02, 1.996e-07
2.545e+00, 5.000e-01, -1.650e-01, 1.104e+05, 0.000e+00, 4.183e-04, 0.000e+00, 2.005e+00, 9.983e+02, 1.796e-07
2.545e+00, 5.000e-01, -1.550e-01, 1.103e+05, 0.000e+00, 3.524e-04, 0.000e+00, 2.004e+00, 9.983e+02, 1.528e-07
2.545e+00, 5.000e-01, -1.450e-01, 1.114e+05, 0.000e+00, 2.740e-04, 0.000e+00, 2.024e+00, 9.983e+02, 1.204e-07
2.545e+00, 5.000e-01, -1.350e-01, 1.113e+05, 0.000e+00, 1.946e-04, 0.000e+00, 2.022e+00, 9.983e+02, 8.549e-08
2.545e+00, 5.000e-01, -1.250e-01, 1.112e+05, 0.000e+00, 1.259e-04, 0.000e+00, 2.020e+00, 9.983e+02, 5.529e-08
2.545e+00, 5.000e-01, -1.150e-01, 1.111e+05, 0.000e+00, 7.488e-05, 0.000e+00, 2.018e+00, 9.983e+02, 3.289e-08
2.545e+00, 5.000e-01, -1.050e-01, 1.110e+05, 0.000e+00, 4.151e-05, 0.000e+00, 2.017e+00, 9.983e+02, 1.823e-08
2.545e+00, 5.000e-01, -9.500e-02, 1.109e+05, 0.000e+00, 2.167e-05, 0.000e+00, 2.015e+00, 9.983e+02, 9.520e-09
2.545e+00, 5.000e-01, -8.500e-02, 1.108e+05, 0.000e+00, 1.074e-05, 0.000e+00, 2.013e+00, 9.983e+02, 4.719e-09
2.545e+00, 5.000e-01, -7.500e-02, 1.107e+05, 0.000e+00, 5.077e-06, 0.000e+00, 2.011e+00, 9.983e+02, 2.230e-09
2.545e+00, 5.000e-01, -6.500e-02, 1.106e+05, 0.000e+00, 2.292e-06, 0.000e+00, 2.009e+00, 9.983e+02, 1.007e-09
2.545e+00, 5.000e-01, -5.500e-02, 1.105e+05, 0.000e+00, 9.887e-07, 0.000e+00, 2.008e+00, 9.983e+02, 4.343e-10
2.545e+00, 5.000e-01, -4.500e-02, 1.104e+05, 0.000e+00, 4.078e-07, 0.000e+00, 2.006e+00, 9.983e+02, 1.791e-10
2.545e+00, 5.000e-01, -3.500e-02, 1.103e+05, 0.000e+00, 1.609e-07, 0.000e+00, 2.004e+00, 9.983e+02, 7.067e-11
2.545e+00, 5.000e-01, -2.500e-02, 1.102e+05, 0.000e+00, 6.096e-08, 0.000e+00, 2.002e+00, 9.983e+02, 2.678e-11
2.545e+00, 5.000e-01, -1.500e-02, 1.101e+05, 0.000e+00, 2.273e-08, 0.000e+00, 2.000e+00, 9.983e+02, 9.986e-12
2.545e+00, 5.000e-01, -5.000e-03, 1.100e+05, 0.000e+00, 9.660e-09, 0.000e+00, 1.999e+00, 9.983e+02, 4.243e-12
2.555e+00, 5.000e-01, -1.195e+00, 1.202e+05, 0.000e+00, 1.002e-13, 0.000e+00, 2.184e+00, 9.983e+02, 2.000e-17
2.555e+00, 5.000e-01, -1.185e+00, 1.201e+05, 0.000e+00, 1.002e-13, 0.000e+00, 2.182e+00, 9.983e+02, 2.000e-17
2.555e+00, 5.000e-01, -1.175e+00, 1.200e+05, 0.000e+00, 1.002e-13, 0.000e+00, 2.181e+00, 9.983e+02, 2.000e-17
2.555e+00, 5.000e-01, -1.165e+00, 1.199e+05, 0.000e+00, 1.002e-13, 0.000e+00, 2.179e+00, 9.983e+02, 2.000e-17
2.555e+00, 5.000e-01, -1.155e+00, 1.198e+05, 0.000e+00, 1.002e-13, 0.000e+00, 2.177e+00, 9.983e+02, 2.000e-17
2.555e+00, 5.000e-01, -1.145e+00, 1.197e+05, 0.000e+00, 1.992e-12, 0.000e+00, 2.175e+00, 9.983e+02, 4.627e-16
2.555e+00, 5.000e-01, -1.135e+00, 1.196e+05, 0.000e+00, 3.422e-04, 0.000e+00, 2.174e+00, 9.983e+02, 1.466e-07
2.555e+00, 5.000e-01, -1.125e+00, 1.195e+05, 0.000e+00, 3.571e-04, 0.000e+00, 2.172e+00, 9.983e+02, 1.533e-07
2.555e+00, 5.000e-01, -1.115e+00, 1.194e+05, 0.000e+00, 3.717e-04, 0.000e+00, 2.170e+00, 9.983e+02, 1.596e-07
2.555e+00, 5.000e-01, -1.105e+00, 1.193e+05, 0.000e+00, 3.826e-04, 0.000e+00, 2.168e+00, 9.983e+02, 1.643e-07
2.555e+00, 5.000e-01, -1.095e+00, 1.192e+05, 0.000e+00, 3.903e-04, 0.000e+00, 2.167e+00, 9.983e+02, 1.676e-07
2.555e+00, 5.000e-01, -1.085e+00, 1.191e+05, 0.000e+00, 3.953e-04, 0.000e+00, 2.165e+00, 9.983e+02, 1.697e-07
2.555e+00, 5.000e-01, -1.075e+00, 1.190e+05, 0.000e+00, 3.979e-04, 0.000e+00, 2.163e+00, 9.983e+02, 1.708e-07
2.555e+00, 5.000e-01, -1.065e+00, 1.189e+05, 0.000e+00, 3.980e-04, 0.000e+00, 2.161e+00, 9.983e+02, 1.709e-07
2.555e+00, 5.000e-01, -1.055e+00, 1.188e+05, 0.000e+00, 3.956e-04, 0.000e+00, 2.159e+00, 9.983e+02, 1.698e-07
2.555e+00, 5.000e-01, -1.045e+00, 1.187e+05, 0.000e+00, 3.904e-04, 0.000e+00, 2.158e+00, 9.983e+02, 1.676e-07
2.555e+00, 5.000e-01, -1.035e+00, 1.186e+05, 0.000e+00, 3.826e-04, 0.000e+00, 2.156e+00, 9.983e+02, 1.643e-07
2.555e+00, 5.000e-01, -1.025e+00, 1.185e+05, 0.000e+00, 3.729e-04, 0.000e+00, 2.154e+00, 9.983e+02, 1.601e-07
2.555e+00, 5.000e-01, -1.015e+00, 1.185e+05, 0.000e+00, 3.622e-04, 0.000e+00, 2.152e+00, 9.983e+02, 1.555e-07
2.555e+00, 5.000e-01, -1.005e+00, 1.184e+05, 0.000e+00, 3.515e-04, 0.000e+00, 2.150e+00, 9.983e+02, 1.509e-07
2.555e+00, 5.000e-01, -9.950e-01, 1.183e+05, 0.000e+00, 3.420e-04, 0.000e+00, 2.149e+00, 9.983e+02, 1.468e-07
2.555e+00, 5.000e-01, -9.850e-01, 1.182e+05, 0.000e+00, 3.341e-04, 0.000e+00, 2.147e+00, 9.983e+02, 1.434e-07
2.555e+00, 5.000e-01, -9.750e-01, 1.181e+05, 0.000e+00, 3.280e-04, 0.000e+00, 2.145e+00, 9.983e+02, 1.408e-07
2.555e+00, 5.000e-01, -9.650e-01, 1.180e+05, 0.000e+00, 3.223e-04, 0.000e+00, 2.143e+00, 9.983e+02, 1.384e-07
2.555e+00, 5.000e-01, -9.550e-01, 1.179e+05, 0.000e+00, 3.144e-04, 0.000e+00, 2.141e+00, 9.983e+02, 1.349e-07
2.555e+00, 5.000e-01, -9.450e-01, 1.178e+05, 0.000e+00, 2.996e-04, 0.000e+00, 2.140e+00, 9.983e+02, 1.286e-07
2.555e+00, 5.000e-01, -9.350e-01, 1.177e+05, 0.000e+00, 2.757e-04, 0.000e+00, 2.138e+00, 9.983e+02, 1.184e-07
2.555e+00, 5.000e-01, -9.250e-01, 1.176e+05, 0.000e+00, 2.499e-04, 0.000e+00, 2.136e+00, 9.983e+02, 1.073e-07
2.555e+00, 5.000e-01, -9.150e-01, 1.175e+05, 0.000e+00, 2.254e-04, 0.000e+00, 2.134e+00, 9.983e+02, 9.676e-08
2.555e+00, 5.000e-01, -9.050e-01, 1.174e+05, 0.000e+00, 2.026e-04, 0.000e+00, 2.132e+00, 9.983e+02, 8.697e-08
2.555e+00, 5.000e-01, -8.950e-01, 1.173e+05, 0.000e+00, 1.808e-04, 0.000e+00, 2.131e+00, 9.983e+02, 7.762e-08
2.555e+00, 5.000e-01, -8.850e-01, 1.172e+05, 0.000e+00, 1.595e-04, 0.000e+00, 2.129e+00, 9.983e+02, 6.846e-08
2.555e+00, 5.000e-01, -8.750e-01, 1.171e+05, 0.000e+00, 1.383e-04, 0.000e+00, 2.127e+00, 9.983e+02, 5.938e-08
2.555e+00, 5.000e-01, -8.650e-01, 1.170e+05, 0.000e+00, 1.174e-04, 0.000e+00, 2.125e+00, 9.983e+02, 5.039e-08
2.555e+00, 5.000e-01, -8.550e-01, 1.169e+05, 0.000e+00, 9.701e-05, 0.000e+00, 2.124e+00, 9.983e+02, 4.164e-08
2.555e+00, 5.000e-01, -8.450e-01, 1.168e+05, 0.000e+00, 7.769e-05, 0.000e+00, 2.122e+00, 9.983e+02, 3.335e-08
2.555e+00, 5.000e-01, -8.350e-01, 1.167e+05, 0.000e+00, 5.994e-05, 0.000e+00, 2.120e+00, 9.983e+02, 2.573e-08
2.555e+00, 5.000e-01, -8.250e-01, 1.166e+05, 0.000e+00, 4.431e-05, 0.000e+00, 2.118e+00, 9.983e+02, 1.902e-08
2.555e+00, 5.000e-01, -8.150e-01, 1.165e+05, 0.000e+00, 3.130e-05, 0.000e+00, 2.116e+00, 9.983e+02, 1.344e-08
2.555e+00, 5.000e-01, -8.050e-01, 1.164e+05, 0.000e+00, 2.159e-05, 0.000e+00, 2.115e+00, 9.983e+02, 9.268e-09
2.555e+00, 5.000e-01, -7.950e-01, 1.163e+05, 0.000e+00, 1.661e-05, 0.000e+00, 2.113e+00, 9.983e+02, 7.128e-09
2.555e+00, 5.000e-01, -7.850e-01, 1.162e+05, 0.000e+00, 1.983e-05, 0.000e+00, 2.111e+00, 9.983e+02, 8.511e-09
2.555e+00, 5.000e-01, -7.750e-01, 1.161e+05, 0.000e+00, 3.745e-05, 0.000e+00, 2.109e+00, 9.983e+02, 1.607e-08
2.555e+00, 5.000e-01, -7.650e-01, 1.175e+05, 0.000e+00, 1.019e-04, 0.000e+00, 2.135e+00, 9.983e+02, 4.450e-08
2.555e+00, 5.000e-01, -7.550e-01, 1.174e+05, 0.000e+00, 1.435e-04, 0.000e+00, 2.133e+00, 9.983e+02, 6.304e-08
2.555e+00, 5.000e-01, -7.450e-01, 1.173e+05, 0.000e+00, 1.437e-04, 0.000e+00, 2.131e+00, 9.983e+02, 6.313e-08
2.555e+00, 5.000e-01, -7.350e-01, 1.172e+05, 0.000e+00, 1.187e-04, 0.000e+00, 2.129e+00, 9.983e+02, 5.215e-08
2.555e+00, 5.000e-01, -7.250e-01, 1.171e+05, 0.000e+00, 8.604e-05, 0.000e+00, 2.127e+00, 9.983e+02, 3.779e-08
2.555e+00, 5.000e-01, -7.150e-01, 1.170e+05, 0.000e+00, 5.702e-05, 0.000e+00, 2.126e+00, 9.983e+02, 2.505e-08
2.555e+00, 5.000e-01, -7.050e-01, 1.169e+05, 0.000e+00, 3.699e-05, 0.000e+00, 2.124e+00, 9.983e+02, 1.625e-08
2.555e+00, 5.000e-01, -6.950e-01, 1.168e+05, 0.000e+00, 2.879e-05, 0.000e+00, 2.122e+00, 9.983e+02, 1.265e-08
2.555e+00, 5.000e-01, -6.850e-01, 1.167e+05, 0.000e+00, 3.694e-05, 0.000e+00, 2.120e+00, 9.983e+02, 1.623e-08
2.555e+00, 5.000e-01, -6.750e-01, 1.166e+05, 0.000e+00, 7.032e-05, 0.000e+00, 2.119e+00, 9.983e+02, 3.089e-08
2.555e+00, 5.000e-01, -6.650e-01, 1.165e+05, 0.000e+00, 1.401e-04, 0.000e+00, 2.117e+00, 9.983e+02, 6.155e-08
2.555e+00, 5.000e-01, -6.550e-01, 1.164e+05, 0.000e+00, 2.477e-04, 0.000e+00, 2.115e+00, 9.983e+02, 1.088e-07
2.555e+00, 5.000e-01, -6.450e-01, 1.148e+05, 0.000e+00, 3.620e-04, 0.000e+00, 2.086e+00, 9.983e+02, 1.616e-07
2.555e+00, 5.000e-01, -6.350e-01, 1.147e+05, 0.000e+00, 3.924e-04, 0.000e+00, 2.084e+00, 9.983e+02, 1.763e-07
2.555e+00, 5.000e-01, -6.250e-01, 1.146e+05, 0.000e+00, 3.971e-04, 0.000e+00, 2.083e+00, 9.983e+02, 1.784e-07
2.555e+00, 5.000e-01, -6.150e-01, 1.145e+05, 0.000e+00, 3.894e-04, 0.000e+00, 2.081e+00, 9.983e+02, 1.749e-07
2.555e+00, 5.000e-01, -6.050e-01, 1.144e+05, 0.000e+00, 3.786e-04, 0.000e+00, 2.079e+00, 9.983e+02, 1.701e-07
2.555e+00, 5.000e-01, -5.950e-01, 1.144e+05, 0.000e+00, 3.675e-04, 0.000e+00, 2.077e+00, 9.983e+02, 1.651e-07
2.555e+00, 5.000e-01, -5.850e-01, 1.143e+05, 0.000e+00, 3.564e-04, 0.000e+00, 2.075e+00, 9.983e+02, 1.601e-07
2.555e+00, 5.000e-01, -5.750e-01, 1.142e+05, 0.000e+00, 3.451e-04, 0.000e+00, 2.074e+00, 9.983e+02, 1.550e-07
2.555e+00, 5.000e-01, -5.650e-01, 1.141e+05, 0.000e+00, 3.335e-04, 0.000e+00, 2.072e+00, 9.983e+02, 1.498e-07
2.555e+00, 5.000e-01, -5.550e-01, 1.140e+05, 0.000e+00, 3.218e-04, 0.000e+00, 2.070e+00, 9.983e+02, 1.446e-07
2.555e+00, 5.000e-01, -5.450e-01, 1.139e+05, 0.000e+00, 3.104e-04, 0.000e+00, 2.068e+00, 9.983e+02, 1.394e-07
2.555e+00, 5.000e-01, -5.350e-01, 1.137e+05, 0.000e+00, 3.002e-04, 0.000e+00, 2.066e+00, 9.983e+02, 1.315e-07
2.555e+00, 5.000e-01, -5.250e-01, 1.137e+05, 0.000e+00, 2.926e-04, 0.000e+00, 2.064e+00, 9.983e+02, 1.256e-07
2.555e+00, 5.000e-01, -5.150e-01, 1.136e+05, 0.000e+00, 2.851e-04, 0.000e+00, 2.063e+00, 9.983e+02, 1.224e-07
2.555e+00, 5.000e-01, -5.050e-01, 1.135e+05, 0.000e+00, 2.749e-04, 0.000e+00, 2.061e+00, 9.983e+02, 1.180e-07
2.555e+00, 5.000e-01, -4.950e-01, 1.134e+05, 0.000e+00, 2.584e-04, 0.000e+00, 2.059e+00, 9.983e+02, 1.109e-07
2.555e+00, 5.000e-01, -4.850e-01, 1.133e+05, 0.000e+00, 2.330e-04, 0.000e+00, 2.057e+00, 9.983e+02, 1.000e-07
2.555e+00, 5.000e-01, -4.750e-01, 1.132e+05, 0.000e+00, 1.968e-04, 0.000e+00, 2.056e+00, 9.983e+02, 8.719e-08
2.555e+00, 5.000e-01, -4.650e-01, 1.131e+05, 0.000e+00, 1.782e-04, 0.000e+00, 2.054e+00, 9.983e+02, 7.996e-08
2.555e+00, 5.000e-01, -4.550e-01, 1.130e+05, 0.000e+00, 1.695e-04, 0.000e+00, 2.052e+00, 9.983e+02, 7.283e-08
2.555e+00, 5.000e-01, -4.450e-01, 1.129e+05, 0.000e+00, 1.663e-04, 0.000e+00, 2.050e+00, 9.983e+02, 7.139e-08
2.555e+00, 5.000e-01, -4.350e-01, 1.128e+05, 0.000e+00, 1.638e-04, 0.000e+00, 2.048e+00, 9.983e+02, 7.033e-08
2.555e+00, 5.000e-01, -4.250e-01, 1.127e+05, 0.000e+00, 1.595e-04, 0.000e+00, 2.047e+00, 9.983e+02, 6.848e-08
2.555e+00, 5.000e-01, -4.150e-01, 1.126e+05, 0.000e+00, 1.562e-04, 0.000e+00, 2.045e+00, 9.983e+02, 6.707e-08
2.555e+00, 5.000e-01, -4.050e-01, 1.125e+05, 0.000e+00, 1.583e-04, 0.000e+00, 2.043e+00, 9.983e+02, 6.865e-08
2.555e+00, 5.000e-01, -3.950e-01, 1.124e+05, 0.000e+00, 1.568e-04, 0.000e+00, 2.041e+00, 9.983e+02, 7.042e-08
2.555e+00, 5.000e-01, -3.850e-01, 1.123e+05, 0.000e+00, 1.547e-04, 0.000e+00, 2.040e+00, 9.983e+02, 6.952e-08
2.555e+00, 5.000e-01, -3.750e-01, 1.122e+05, 0.000e+00, 1.523e-04, 0.000e+00, 2.038e+00, 9.983e+02, 6.844e-08
2.555e+00, 5.000e-01, -3.650e-01, 1.121e+05, 0.000e+00, 1.481e-04, 0.000e+00, 2.036e+00, 9.983e+02, 6.653e-08
2.555e+00, 5.000e-01, -3.550e-01, 1.120e+05, 0.000e+00, 1.410e-04, 0.000e+00, 2.034e+00, 9.983e+02, 6.334e-08
2.555e+00, 5.000e-01, -3.450e-01, 1.119e+05, 0.000e+00, 1.315e-04, 0.000e+00, 2.033e+00, 9.983e+02, 5.907e-08
2.555e+00, 5.000e-01, -3.350e-01, 1.118e+05, 0.000e+00, 1.224e-04, 0.000e+00, 2.031e+00, 9.983e+02, 5.500e-08
2.555e+00, 5.000e-01, -3.250e-01, 1.117e+05, 0.000e+00, 1.200e-04, 0.000e+00, 2.029e+00, 9.983e+02, 5.392e-08
2.555e+00, 5.000e-01, -3.150e-01, 1.116e+05, 0.000e+00, 1.396e-04, 0.000e+00, 2.027e+00, 9.983e+02, 6.244e-08
2.555e+00, 5.000e-01, -3.050e-01, 1.116e+05, 0.000e+00, 1.672e-04, 0.000e+00, 2.027e+00, 9.983e+02, 7.344e-08
2.555e+00, 5.000e-01, -2.950e-01, 1.115e+05, 0.000e+00, 1.738e-04, 0.000e+00, 2.025e+00, 9.983e+02, 7.635e-08
2.555e+00, 5.000e-01, -2.850e-01, 1.114e+05, 0.000e+00, 1.709e-04, 0.000e+00, 2.023e+00, 9.983e+02, 7.508e-08
2.555e+00, 5.000e-01, -2.750e-01, 1.113e+05, 0.000e+00, 1.618e-04, 0.000e+00, 2.021e+00, 9.983e+02, 7.106e-08
2.555e+00, 5.000e-01, -2.650e-01, 1.112e+05, 0.000e+00, 1.503e-04, 0.000e+00, 2.020e+00, 9.983e+02, 6.603e-08
2.555e+00, 5.000e-01, -2.550e-01, 1.111e+05, 0.000e+00, 1.433e-04, 0.000e+00, 2.018e+00, 9.983e+02, 6.297e-08
2.555e+00, 5.000e-01, -2.450e-01, 1.110e+05, 0.000e+00, 1.504e-04, 0.000e+00, 2.016e+00, 9.983e+02, 6.606e-08
2.555e+00, 5.000e-01, -2.350e-01, 1.109e+05, 0.000e+00, 1.839e-04, 0.000e+00, 2.014e+00, 9.983e+02, 8.080e-08
2.555e+00, 5.000e-01, -2.250e-01, 1.108e+05, 0.000e+00, 2.683e-04, 0.000e+00, 2.012e+00, 9.983e+02, 1.165e-07
2.555e+00, 5.000e-01, -2.150e-01, 1.109e+05, 0.000e+00, 3.746e-04, 0.000e+00, 2.014e+00, 9.983e+02, 1.608e-07
2.555e+00, 5.000e-01, -2.050e-01, 1.108e+05, 0.000e+00, 4.438e-04, 0.000e+00, 2.012e+00, 9.983e+02, 1.905e-07
2.555e+00, 5.000e-01, -1.950e-01, 1.107e+05, 0.000e+00, 4.824e-04, 0.000e+00, 2.011e+00, 9.983e+02, 2.071e-07
2.555e+00, 5.000e-01, -1.850e-01, 1.106e+05, 0.000e+00, 4.901e-04, 0.000e+00, 2.009e+00, 9.983e+02, 2.104e-07
2.555e+00, 5.000e-01, -1.750e-01, 1.105e+05, 0.000e+00, 4.672e-04, 0.000e+00, 2.007e+00, 9.983e+02, 2.006e-07
2.555e+00, 5.000e-01, -1.650e-01, 1.104e+05, 0.000e+00, 4.172e-04, 0.000e+00, 2.005e+00, 9.983e+02, 1.791e-07
2.555e+00, 5.000e-01, -1.550e-01, 1.115e+05, 0.000e+00, 3.456e-04, 0.000e+00, 2.025e+00, 9.983e+02, 1.503e-07
2.555e+00, 5.000e-01, -1.450e-01, 1.114e+05, 0.000e+00, 2.653e-04, 0.000e+00, 2.024e+00, 9.983e+02, 1.165e-07
2.555e+00, 5.000e-01, -1.350e-01, 1.113e+05, 0.000e+00, 1.868e-04, 0.000e+00, 2.022e+00, 9.983e+02, 8.204e-08
2.555e+00, 5.000e-01, -1.250e-01, 1.112e+05, 0.000e+00, 1.201e-04, 0.000e+00, 2.020e+00, 9.983e+02, 5.275e-08
2.555e+00, 5.000e-01, -1.150e-01, 1.111e+05, 0.000e+00, 7.111e-05, 0.000e+00, 2.018e+00, 9.983e+02, 3.123e-08
2.555e+00, 5.000e-01, -1.050e-01, 1.110e+05, 0.000e+00, 3.923e-05, 0.000e+00, 2.017e+00, 9.983e+02, 1.723e-08
2.555e+00, 5.000e-01, -9.500e-02, 1.109e+05, 0.000e+00, 2.038e-05, 0.000e+00, 2.015e+00, 9.983e+02, 8.950e-09
2.555e+00, 5.000e-01, -8.500e-02, 1.108e+05, 0.000e+00, 1.004e-05, 0.000e+00, 2.013e+00, 9.983e+02, 4.410e-09
2.555e+00, 5.000e-01, -7.500e-02, 1.107e+05, 0.000e+00, 4.712e-06, 0.000e+00, 2.011e+00, 9.983e+02, 2.070e-09
2.555e+00, 5.000e-01, -6.500e-02, 1.106e+05, 0.000e+00, 2.111e-06, 0.000e+00, 2.009e+00, 9.983e+02, 9.273e-10
2.555e+00, 5.000e-01, -5.500e-02, 1.105e+05, 0.000e+00, 9.037e-07, 0.000e+00, 2.008e+00, 9.983e+02, 3.969e-10
2.555e+00, 5.000e-01, -4.500e-02, 1.104e+05, 0.000e+00, 3.697e-07, 0.000e+00, 2.006e+00, 9.983e+02, 1.624e-10
2.555e+00, 5.000e-01, -3.500e-02, 1.103e+05, 0.000e+00, 1.446e-07, 0.000e+00, 2.004e+00, 9.983e+02, 6.353e-11
2.555e+00, 5.000e-01, -2.500e-02, 1.102e+05, 0.000e+00, 5.433e-08, 0.000e+00, 2.002e+00, 9.983e+02, 2.386e-11
2.555e+00, 5.000e-01, -1.500e-02, 1.101e+05, 0.000e+00, 2.008e-08, 0.000e+00, 2.000e+00, 9.983e+02, 8.818e-12
2.555e+00, 5.000e-01, -5.000e-03, 1.100e+05, 0.000e+00, 8.478e-09, 0.000e+00, 1.999e+00, 9.983e+02, 3.724e-12
2.565e+00, 5.000e-01, -1.195e+00, 1.202e+05, 0.000e+00, 1.002e-13, 0.000e+00, 2.184e+00, 9.983e+02, 2.000e-17
2.565e+00, 5.000e-01, -1.185e+00, 1.201e+05, 0.000e+00, 1.002e-13, 0.000e+00, 2.182e+00, 9.983e+02, 2.000e-17
2.565e+00, 5.000e-01, -1.175e+00, 1.200e+05, 0.000e+00, 1.002e-13, 0.000e+00, 2.181e+00, 9.983e+02, 2.000e-17
2.565e+00, 5.000e-01, -1.165e+00, 1.199e+05, 0.000e+00, 1.002e-13, 0.000e+00, 2.179e+00, 9.983e+02, 2.000e-17
2.565e+00, 5.000e-01, -1.155e+00, 1.198e+05, 0.000e+00, 1.002e-13, 0.000e+00, 2.177e+00, 9.983e+02, 2.001e-17
2.565e+00, 5.000e-01, -1.145e+00, 1.197e+05, 0.000e+00, 1.422e-08, 0.000e+00, 2.175e+00, 9.983e+02, 4.525e-12
2.565e+00, 5.000e-01, -1.135e+00, 1.196e+05, 0.000e+00, 3.366e-04, 0.000e+00, 2.174e+00, 9.983e+02, 1.445e-07
2.565e+00, 5.000e-01, -1.125e+00, 1.195e+05, 0.000e+00, 3.513e-04, 0.000e+00, 2.172e+00, 9.983e+02, 1.508e-07
2.565e+00, 5.000e-01, -1.115e+00, 1.194e+05, 0.000e+00, 3.640e-04, 0.000e+00, 2.170e+00, 9.983e+02, 1.562e-07
2.565e+00, 5.000e-01, -1.105e+00, 1.193e+05, 0.000e+00, 3.732e-04, 0.000e+00, 2.168e+00, 9.983e+02, 1.602e-07
2.565e+00, 5.000e-01, -1.095e+00, 1.192e+05, 0.000e+00, 3.794e-04, 0.000e+00, 2.167e+00, 9.983e+02, 1.629e-07
2.565e+00, 5.000e-01, -1.085e+00, 1.191e+05, 0.000e+00, 3.830e-04, 0.000e+00, 2.165e+00, 9.983e+02, 1.644e-07
2.565e+00, 5.000e-01, -1.075e+00, 1.190e+05, 0.000e+00, 3.843e-04, 0.000e+00, 2.163e+00, 9.983e+02, 1.650e-07
2.565e+00, 5.000e-01, -1.065e+00, 1.189e+05, 0.000e+00, 3.832e-04, 0.000e+00, 2.161e+00, 9.983e+02, 1.645e-07
2.565e+00, 5.000e-01, -1.055e+00, 1.188e+05, 0.000e+00, 3.799e-04, 0.000e+00, 2.159e+00, 9.983e+02, 1.631e-07
2.565e+00, 5.000e-01, -1.045e+00, 1.187e+05, 0.000e+00, 3.744e-04, 0.000e+00, 2.158e+00, 9.983e+02, 1.607e-07
2.565e+00, 5.000e-01, -1.035e+00, 1.186e+05, 0.000e+00, 3.672e-04, 0.000e+00, 2.156e+00, 9.983e+02, 1.576e-07
2.565e+00, 5.000e-01, -1.025e+00, 1.185e+05, 0.000e+00, 3.589e-04, 0.000e+00, 2.154e+00, 9.983e+02, 1.541e-07
2.565e+00, 5.000e-01, -1.015e+00, 1.185e+05, 0.000e+00, 3.503e-04, 0.000e+00, 2.152e+00, 9.983e+02, 1.504e-07
2.565e+00, 5.000e-01, -1.005e+00, 1.184e+05, 0.000e+00, 3.423e-04, 0.000e+00, 2.150e+00, 9.983e+02, 1.470e-07
2.565e+00, 5.000e-01, -9.950e-01, 1.183e+05, 0.000e+00, 3.356e-04, 0.000e+00, 2.149e+00, 9.983e+02, 1.441e-07
2.565e+00, 5.000e-01, -9.850e-01, 1.182e+05, 0.000e+00, 3.301e-04, 0.000e+00, 2.147e+00, 9.983e+02, 1.417e-07
2.565e+00, 5.000e-01, -9.750e-01, 1.181e+05, 0.000e+00, 3.251e-04, 0.000e+00, 2.145e+00, 9.983e+02, 1.396e-07
2.565e+00, 5.000e-01, -9.650e-01, 1.180e+05, 0.000e+00, 3.187e-04, 0.000e+00, 2.143e+00, 9.983e+02, 1.368e-07
2.565e+00, 5.000e-01, -9.550e-01, 1.179e+05, 0.000e+00, 3.074e-04, 0.000e+00, 2.141e+00, 9.983e+02, 1.320e-07
2.565e+00, 5.000e-01, -9.450e-01, 1.178e+05, 0.000e+00, 2.871e-04, 0.000e+00, 2.140e+00, 9.983e+02, 1.232e-07
2.565e+00, 5.000e-01, -9.350e-01, 1.177e+05, 0.000e+00, 2.618e-04, 0.000e+00, 2.138e+00, 9.983e+02, 1.124e-07
2.565e+00, 5.000e-01, -9.250e-01, 1.176e+05, 0.000e+00, 2.372e-04, 0.000e+00, 2.136e+00, 9.983e+02, 1.018e-07
2.565e+00, 5.000e-01, -9.150e-01, 1.175e+05, 0.000e+00, 2.145e-04, 0.000e+00, 2.134e+00, 9.983e+02, 9.208e-08
2.565e+00, 5.000e-01, -9.050e-01, 1.174e+05, 0.000e+00, 1.933e-04, 0.000e+00, 2.132e+00, 9.983e+02, 8.300e-08
2.565e+00, 5.000e-01, -8.950e-01, 1.173e+05, 0.000e+00, 1.729e-04, 0.000e+00, 2.131e+00, 9.983e+02, 7.421e-08
2.565e+00, 5.000e-01, -8.850e-01, 1.172e+05, 0.000e+00, 1.525e-04, 0.000e+00, 2.129e+00, 9.983e+02, 6.548e-08
2.565e+00, 5.000e-01, -8.750e-01, 1.171e+05, 0.000e+00, 1.321e-04, 0.000e+00, 2.127e+00, 9.983e+02, 5.672e-08
2.565e+00, 5.000e-01, -8.650e-01, 1.170e+05, 0.000e+00, 1.119e-04, 0.000e+00, 2.125e+00, 9.983e+02, 4.802e-08
2.565e+00, 5.000e-01, -8.550e-01, 1.169e+05, 0.000e+00, 9.211e-05, 0.000e+00, 2.124e+00, 9.983e+02, 3.954e-08
2.565e+00, 5.000e-01, -8.450e-01, 1.168e+05, 0.000e+00, 7.337e-05, 0.000e+00, 2.122e+00, 9.983e+02, 3.150e-08
2.565e+00, 5.000e-01, -8.350e-01, 1.167e+05, 0.000e+00, 5.621e-05, 0.000e+00, 2.120e+00, 9.983e+02, 2.413e-08
2.565e+00, 5.000e-01, -8.250e-01, 1.166e+05, 0.000e+00, 4.115e-05, 0.000e+00, 2.118e+00, 9.983e+02, 1.767e-08
2.565e+00, 5.000e-01, -8.150e-01, 1.165e+05, 0.000e+00, 2.874e-05, 0.000e+00, 2.116e+00, 9.983e+02, 1.234e-08
2.565e+00, 5.000e-01, -8.050e-01, 1.164e+05, 0.000e+00, 1.966e-05, 0.000e+00, 2.115e+00, 9.983e+02, 8.438e-09
2.565e+00, 5.000e-01, -7.950e-01, 1.163e+05, 0.000e+00, 1.545e-05, 0.000e+00, 2.113e+00, 9.983e+02, 6.630e-09
2.565e+00, 5.000e-01, -7.850e-01, 1.162e+05, 0.000e+00, 2.000e-05, 0.000e+00, 2.111e+00, 9.983e+02, 8.584e-09
2.565e+00, 5.000e-01, -7.750e-01, 1.161e+05, 0.000e+00, 3.921e-05, 0.000e+00, 2.109e+00, 9.983e+02, 1.685e-08
2.565e+00, 5.000e-01, -7.650e-01, 1.175e+05, 0.000e+00, 1.072e-04, 0.000e+00, 2.135e+00, 9.983e+02, 4.706e-08
2.565e+00, 5.000e-01, -7.550e-01, 1.174e+05, 0.000e+00, 1.383e-04, 0.000e+00, 2.133e+00, 9.983e+02, 6.076e-08
2.565e+00, 5.000e-01, -7.450e-01, 1.173e+05, 0.000e+00, 1.339e-04, 0.000e+00, 2.131e+00, 9.983e+02, 5.884e-08
2.565e+00, 5.000e-01, -7.350e-01, 1.172e+05, 0.000e+00, 1.092e-04, 0.000e+00, 2.129e+00, 9.983e+02, 4.796e-08
2.565e+00, 5.000e-01, -7.250e-01, 1.171e+05, 0.000e+00, 7.876e-05, 0.000e+00, 2.127e+00, 9.983e+02, 3.459e-08
2.565e+00, 5.000e-01, -7.150e-01, 1.170e+05, 0.000e+00, 5.213e-05, 0.000e+00, 2.126e+00, 9.983e+02, 2.290e-08
2.565e+00, 5.000e-01, -7.050e-01, 1.169e+05, 0.000e+00, 3.377e-05, 0.000e+00, 2.124e+00, 9.983e+02, 1.483e-08
2.565e+00, 5.000e-01, -6.950e-01, 1.168e+05, 0.000e+00, 2.633e-05, 0.000e+00, 2.122e+00, 9.983e+02, 1.156e-08
2.565e+00, 5.000e-01, -6.850e-01, 1.167e+05, 0.000e+00, 3.445e-05, 0.000e+00, 2.120e+00, 9.983e+02, 1.513e-08
2.565e+00, 5.000e-01, -6.750e-01, 1.166e+05, 0.000e+00, 6.766e-05, 0.000e+00, 2.119e+00, 9.983e+02, 2.972e-08
2.565e+00, 5.000e-01, -6.650e-01, 1.165e+05, 0.000e+00, 1.386e-04, 0.000e+00, 2.117e+00, 9.983e+02, 6.089e-08
2.565e+00, 5.000e-01, -6.550e-01, 1.164e+05, 0.000e+00, 2.513e-04, 0.000e+00, 2.115e+00, 9.983e+02, 1.104e-07
2.565e+00, 5.000e-01, -6.450e-01, 1.148e+05, 0.000e+00, 3.725e-04, 0.000e+00, 2.086e+00, 9.983e+02, 1.669e-07
2.565e+00, 5.000e-01, -6.350e-01, 1.147e+05, 0.000e+00, 4.005e-04, 0.000e+00, 2.084e+00, 9.983e+02, 1.799e-07
2.565e+00, 5.000e-01, -6.250e-01, 1.146e+05, 0.000e+00, 4.037e-04, 0.000e+00, 2.083e+00, 9.983e+02, 1.813e-07
2.565e+00, 5.000e-01, -6.150e-01, 1.145e+05, 0.000e+00, 3.946e-04, 0.000e+00, 2.081e+00, 9.983e+02, 1.773e-07
2.565e+00, 5.000e-01, -6.050e-01, 1.144e+05, 0.000e+00, 3.820e-04, 0.000e+00, 2.079e+00, 9.983e+02, 1.716e-07
2.565e+00, 5.000e-01, -5.950e-01, 1.144e+05, 0.000e+00, 3.689e-04, 0.000e+00, 2.077e+00, 9.983e+02, 1.657e-07
2.565e+00, 5.000e-01, -5.850e-01, 1.143e+05, 0.000e+00, 3.557e-04, 0.000e+00, 2.075e+00, 9.983e+02, 1.598e-07
2.565e+00, 5.000e-01, -5.750e-01, 1.142e+05, 0.000e+00, 3.425e-04, 0.000e+00, 2.074e+00, 9.983e+02, 1.539e-07
2.565e+00, 5.000e-01, -5.650e-01, 1.141e+05, 0.000e+00, 3.293e-04, 0.000e+00, 2.072e+00, 9.983e+02, 1.479e-07
2.565e+00, 5.000e-01, -5.550e-01, 1.140e+05, 0.000e+00, 3.165e-04, 0.000e+00, 2.070e+00, 9.983e+02, 1.422e-07
2.565e+00, 5.000e-01, -5.450e-01, 1.139e+05, 0.000e+00, 3.049e-04, 0.000e+00, 2.068e+00, 9.983e+02, 1.370e-07
2.565e+00, 5.000e-01, -5.350e-01, 1.137e+05, 0.000e+00, 2.953e-04, 0.000e+00, 2.066e+00, 9.983e+02, 1.283e-07
2.565e+00, 5.000e-01, -5.250e-01, 1.137e+05, 0.000e+00, 2.866e-04, 0.000e+00, 2.064e+00, 9.983e+02, 1.230e-07
2.565e+00, 5.000e-01, -5.150e-01, 1.136e+05, 0.000e+00, 2.754e-04, 0.000e+00, 2.063e+00, 9.983e+02, 1.182e-07
2.565e+00, 5.000e-01, -5.050e-01, 1.135e+05, 0.000e+00, 2.604e-04, 0.000e+00, 2.061e+00, 9.983e+02, 1.118e-07
2.565e+00, 5.000e-01, -4.950e-01, 1.134e+05, 0.000e+00, 2.389e-04, 0.000e+00, 2.059e+00, 9.983e+02, 1.026e-07
2.565e+00, 5.000e-01, -4.850e-01, 1.133e+05, 0.000e+00, 2.111e-04, 0.000e+00, 2.057e+00, 9.983e+02, 9.062e-08
2.565e+00, 5.000e-01, -4.750e-01, 1.132e+05, 0.000e+00, 1.826e-04, 0.000e+00, 2.056e+00, 9.983e+02, 8.174e-08
2.565e+00, 5.000e-01, -4.650e-01, 1.131e+05, 0.000e+00, 1.704e-04, 0.000e+00, 2.054e+00, 9.983e+02, 7.581e-08
2.565e+00, 5.000e-01, -4.550e-01, 1.130e+05, 0.000e+00, 1.665e-04, 0.000e+00, 2.052e+00, 9.983e+02, 7.146e-08
2.565e+00, 5.000e-01, -4.450e-01, 1.129e+05, 0.000e+00, 1.649e-04, 0.000e+00, 2.050e+00, 9.983e+02, 7.080e-08
2.565e+00, 5.000e-01, -4.350e-01, 1.128e+05, 0.000e+00, 1.598e-04, 0.000e+00, 2.048e+00, 9.983e+02, 6.859e-08
2.565e+00, 5.000e-01, -4.250e-01, 1.127e+05, 0.000e+00, 1.511e-04, 0.000e+00, 2.047e+00, 9.983e+02, 6.487e-08
2.565e+00, 5.000e-01, -4.150e-01, 1.126e+05, 0.000e+00, 1.465e-04, 0.000e+00, 2.045e+00, 9.983e+02, 6.288e-08
2.565e+00, 5.000e-01, -4.050e-01, 1.125e+05, 0.000e+00, 1.533e-04, 0.000e+00, 2.043e+00, 9.983e+02, 6.726e-08
2.565e+00, 5.000e-01, -3.950e-01, 1.124e+05, 0.000e+00, 1.536e-04, 0.000e+00, 2.041e+00, 9.983e+02, 6.901e-08
2.565e+00, 5.000e-01, -3.850e-01, 1.123e+05, 0.000e+00, 1.499e-04, 0.000e+00, 2.040e+00, 9.983e+02, 6.735e-08
2.565e+00, 5.000e-01, -3.750e-01, 1.122e+05, 0.000e+00, 1.439e-04, 0.000e+00, 2.038e+00, 9.983e+02, 6.464e-08
2.565e+00, 5.000e-01, -3.650e-01, 1.121e+05, 0.000e+00, 1.351e-04, 0.000e+00, 2.036e+00, 9.983e+02, 6.070e-08
2.565e+00, 5.000e-01, -3.550e-01, 1.120e+05, 0.000e+00, 1.240e-04, 0.000e+00, 2.034e+00, 9.983e+02, 5.570e-08
2.565e+00, 5.000e-01, -3.450e-01, 1.119e+05, 0.000e+00, 1.118e-04, 0.000e+00, 2.033e+00, 9.983e+02, 5.024e-08
2.565e+00, 5.000e-01, -3.350e-01, 1.118e+05, 0.000e+00, 1.010e-04, 0.000e+00, 2.031e+00, 9.983e+02, 4.537e-08
2.565e+00, 5.000e-01, -3.250e-01, 1.117e+05, 0.000e+00, 9.652e-05, 0.000e+00, 2.029e+00, 9.983e+02, 4.336e-08
2.565e+00, 5.000e-01, -3.150e-01, 1.116e+05, 0.000e+00, 1.136e-04, 0.000e+00, 2.027e+00, 9.983e+02, 5.064e-08
2.565e+00, 5.000e-01, -3.050e-01, 1.116e+05, 0.000e+00, 1.392e-04, 0.000e+00, 2.027e+00, 9.983e+02, 6.116e-08
2.565e+00, 5.000e-01, -2.950e-01, 1.115e+05, 0.000e+00, 1.460e-04, 0.000e+00, 2.025e+00, 9.983e+02, 6.413e-08
2.565e+00, 5.000e-01, -2.850e-01, 1.114e+05, 0.000e+00, 1.416e-04, 0.000e+00, 2.023e+00, 9.983e+02, 6.218e-08
2.565e+00, 5.000e-01, -2.750e-01, 1.113e+05, 0.000e+00, 1.312e-04, 0.000e+00, 2.021e+00, 9.983e+02, 5.761e-08
2.565e+00, 5.000e-01, -2.650e-01, 1.112e+05, 0.000e+00, 1.198e-04, 0.000e+00, 2.020e+00, 9.983e+02, 5.262e-08
2.565e+00, 5.000e-01, -2.550e-01, 1.111e+05, 0.000e+00, 1.142e-04, 0.000e+00, 2.018e+00, 9.983e+02, 5.015e-08
2.565e+00, 5.000e-01, -2.450e-01, 1.110e+05, 0.000e+00, 1.232e-04, 0.000e+00, 2.016e+00, 9.983e+02, 5.411e-08
2.565e+00, 5.000e-01, -2.350e-01, 1.109e+05, 0.000e+00, 1.571e-04, 0.000e+00, 2.014e+00, 9.983e+02, 6.900e-08
2.565e+00, 5.000e-01, -2.250e-01, 1.110e+05, 0.000e+00, 2.343e-04, 0.000e+00, 2.016e+00, 9.983e+02, 1.015e-07
2.565e+00, 5.000e-01, -2.150e-01, 1.109e+05, 0.000e+00, 3.361e-04, 0.000e+00, 2.014e+00, 9.983e+02, 1.443e-07
2.565e+00, 5.000e-01, -2.050e-01, 1.108e+05, 0.000e+00, 4.161e-04, 0.000e+00, 2.012e+00, 9.983e+02, 1.786e-07
2.565e+00, 5.000e-01, -1.950e-01, 1.107e+05, 0.000e+00, 4.684e-04, 0.000e+00, 2.011e+00, 9.983e+02, 2.011e-07
2.565e+00, 5.000e-01, -1.850e-01, 1.106e+05, 0.000e+00, 4.861e-04, 0.000e+00, 2.009e+00, 9.983e+02, 2.087e-07
2.565e+00, 5.000e-01, -1.750e-01, 1.105e+05, 0.000e+00, 4.673e-04, 0.000e+00, 2.007e+00, 9.983e+02, 2.006e-07
2.565e+00, 5.000e-01, -1.650e-01, 1.104e+05, 0.000e+00, 4.163e-04, 0.000e+00, 2.005e+00, 9.983e+02, 1.787e-07
2.565e+00, 5.000e-01, -1.550e-01, 1.115e+05, 0.000e+00, 3.400e-04, 0.000e+00, 2.025e+00, 9.983e+02, 1.483e-07
2.565e+00, 5.000e-01, -1.450e-01, 1.114e+05, 0.000e+00, 2.575e-04, 0.000e+00, 2.024e+00, 9.983e+02, 1.131e-07
2.565e+00, 5.000e-01, -1.350e-01, 1.113e+05, 0.000e+00, 1.795e-04, 0.000e+00, 2.022e+00, 9.983e+02, 7.885e-08
2.565e+00, 5.000e-01, -1.250e-01, 1.112e+05, 0.000e+00, 1.146e-04, 0.000e+00, 2.020e+00, 9.983e+02, 5.035e-08
2.565e+00, 5.000e-01, -1.150e-01, 1.111e+05, 0.000e+00, 6.749e-05, 0.000e+00, 2.018e+00, 9.983e+02, 2.964e-08
2.565e+00, 5.000e-01, -1.050e-01, 1.110e+05, 0.000e+00, 3.703e-05, 0.000e+00, 2.017e+00, 9.983e+02, 1.626e-08
2.565e+00, 5.000e-01, -9.500e-02, 1.109e+05, 0.000e+00, 1.912e-05, 0.000e+00, 2.015e+00, 9.983e+02, 8.397e-09
2.565e+00, 5.000e-01, -8.500e-02, 1.108e+05, 0.000e+00, 9.356e-06, 0.000e+00, 2.013e+00, 9.983e+02, 4.109e-09
2.565e+00, 5.000e-01, -7.500e-02, 1.107e+05, 0.000e+00, 4.359e-06, 0.000e+00, 2.011e+00, 9.983e+02, 1.914e-09
2.565e+00, 5.000e-01, -6.500e-02, 1.106e+05, 0.000e+00, 1.937e-06, 0.000e+00, 2.009e+00, 9.983e+02, 8.510e-10
2.565e+00, 5.000e-01, -5.500e-02, 1.105e+05, 0.000e+00, 8.224e-07, 0.000e+00, 2.008e+00, 9.983e+02, 3.612e-10
2.565e+00, 5.000e-01, -4.500e-02, 1.104e+05, 0.000e+00, 3.336e-07, 0.000e+00, 2.006e+00, 9.983e+02, 1.465e-10
2.565e+00, 5.000e-01, -3.500e-02, 1.103e+05, 0.000e+00, 1.294e-07, 0.000e+00, 2.004e+00, 9.983e+02, 5.683e-11
2.565e+00, 5.000e-01, -2.500e-02, 1.102e+05, 0.000e+00, 4.818e-08, 0.000e+00, 2.002e+00, 9.983e+02, 2.116e-11
2.565e+00, 5.000e-01, -1.500e-02, 1.101e+05, 0.000e+00, 1.764e-08, 0.000e+00, 2.000e+00, 9.983e+02, 7.747e-12
2.565e+00, 5.000e-01, -5.000e-03, 1.100e+05, 0.000e+00, 7.398e-09, 0.000e+00, 1.999e+00, 9.983e+02, 3.250e-12
2.575e+00, 5.000e-01, -1.195e+00, 1.202e+05, 0.000e+00, 1.002e-13, 0.000e+00, 2.184e+00, 9.983e+02, 2.000e-17
2.575e+00, 5.000e-01, -1.185e+00, 1.201e+05, 0.000e+00, 1.002e-13, 0.000e+00, 2.182e+00, 9.983e+02, 2.000e-17
2.575e+00, 5.000e-01, -1.175e+00, 1.200e+05, 0.000e+00, 1.002e-13, 0.000e+00, 2.181e+00, 9.983e+02, 2.000e-17
2.575e+00, 5.000e-01, -1.165e+00, 1.199e+05, 0.000e+00, 1.002e-13, 0.000e+00, 2.179e+00, 9.983e+02, 2.000e-17
2.575e+00, 5.000e-01, -1.155e+00, 1.198e+05, 0.000e+00, 7.640e-13, 0.000e+00, 2.177e+00, 9.983e+02, 1.526e-16
2.575e+00, 5.000e-01, -1.145e+00, 1.197e+05, 0.000e+00, 3.208e-04, 0.000e+00, 2.175e+00, 9.983e+02, 1.256e-07
2.575e+00, 5.000e-01, -1.135e+00, 1.196e+05, 0.000e+00, 3.304e-04, 0.000e+00, 2.174e+00, 9.983e+02, 1.418e-07
2.575e+00, 5.000e-01, -1.125e+00, 1.195e+05, 0.000e+00, 3.434e-04, 0.000e+00, 2.172e+00, 9.983e+02, 1.474e-07
2.575e+00, 5.000e-01, -1.115e+00, 1.194e+05, 0.000e+00, 3.544e-04, 0.000e+00, 2.170e+00, 9.983e+02, 1.521e-07
2.575e+00, 5.000e-01, -1.105e+00, 1.193e+05, 0.000e+00, 3.623e-04, 0.000e+00, 2.168e+00, 9.983e+02, 1.555e-07
2.575e+00, 5.000e-01, -1.095e+00, 1.192e+05, 0.000e+00, 3.673e-04, 0.000e+00, 2.167e+00, 9.983e+02, 1.577e-07
2.575e+00, 5.000e-01, -1.085e+00, 1.191e+05, 0.000e+00, 3.699e-04, 0.000e+00, 2.165e+00, 9.983e+02, 1.588e-07
2.575e+00, 5.000e-01, -1.075e+00, 1.190e+05, 0.000e+00, 3.702e-04, 0.000e+00, 2.163e+00, 9.983e+02, 1.589e-07
2.575e+00, 5.000e-01, -1.065e+00, 1.189e+05, 0.000e+00, 3.685e-04, 0.000e+00, 2.161e+00, 9.983e+02, 1.582e-07
2.575e+00, 5.000e-01, -1.055e+00, 1.188e+05, 0.000e+00, 3.650e-04, 0.000e+00, 2.159e+00, 9.983e+02, 1.567e-07
2.575e+00, 5.000e-01, -1.045e+00, 1.187e+05, 0.000e+00, 3.601e-04, 0.000e+00, 2.158e+00, 9.983e+02, 1.546e-07
2.575e+00, 5.000e-01, -1.035e+00, 1.186e+05, 0.000e+00, 3.541e-04, 0.000e+00, 2.156e+00, 9.983e+02, 1.520e-07
2.575e+00, 5.000e-01, -1.025e+00, 1.185e+05, 0.000e+00, 3.476e-04, 0.000e+00, 2.154e+00, 9.983e+02, 1.492e-07
2.575e+00, 5.000e-01, -1.015e+00, 1.185e+05, 0.000e+00, 3.414e-04, 0.000e+00, 2.152e+00, 9.983e+02, 1.466e-07
2.575e+00, 5.000e-01, -1.005e+00, 1.184e+05, 0.000e+00, 3.360e-04, 0.000e+00, 2.150e+00, 9.983e+02, 1.442e-07
2.575e+00, 5.000e-01, -9.950e-01, 1.183e+05, 0.000e+00, 3.314e-04, 0.000e+00, 2.149e+00, 9.983e+02, 1.423e-07
2.575e+00, 5.000e-01, -9.850e-01, 1.182e+05, 0.000e+00, 3.272e-04, 0.000e+00, 2.147e+00, 9.983e+02, 1.405e-07
2.575e+00, 5.000e-01, -9.750e-01, 1.181e+05, 0.000e+00, 3.219e-04, 0.000e+00, 2.145e+00, 9.983e+02, 1.382e-07
2.575e+00, 5.000e-01, -9.650e-01, 1.180e+05, 0.000e+00, 3.130e-04, 0.000e+00, 2.143e+00, 9.983e+02, 1.344e-07
2.575e+00, 5.000e-01, -9.550e-01, 1.179e+05, 0.000e+00, 2.973e-04, 0.000e+00, 2.141e+00, 9.983e+02, 1.276e-07
2.575e+00, 5.000e-01, -9.450e-01, 1.178e+05, 0.000e+00, 2.730e-04, 0.000e+00, 2.140e+00, 9.983e+02, 1.172e-07
2.575e+00, 5.000e-01, -9.350e-01, 1.177e+05, 0.000e+00, 2.482e-04, 0.000e+00, 2.138e+00, 9.983e+02, 1.065e-07
2.575e+00, 5.000e-01, -9.250e-01, 1.176e+05, 0.000e+00, 2.254e-04, 0.000e+00, 2.136e+00, 9.983e+02, 9.674e-08
2.575e+00, 5.000e-01, -9.150e-01, 1.175e+05, 0.000e+00, 2.046e-04, 0.000e+00, 2.134e+00, 9.983e+02, 8.782e-08
2.575e+00, 5.000e-01, -9.050e-01, 1.174e+05, 0.000e+00, 1.849e-04, 0.000e+00, 2.132e+00, 9.983e+02, 7.938e-08
2.575e+00, 5.000e-01, -8.950e-01, 1.173e+05, 0.000e+00, 1.656e-04, 0.000e+00, 2.131e+00, 9.983e+02, 7.108e-08
2.575e+00, 5.000e-01, -8.850e-01, 1.172e+05, 0.000e+00, 1.461e-04, 0.000e+00, 2.129e+00, 9.983e+02, 6.270e-08
2.575e+00, 5.000e-01, -8.750e-01, 1.171e+05, 0.000e+00, 1.264e-04, 0.000e+00, 2.127e+00, 9.983e+02, 5.424e-08
2.575e+00, 5.000e-01, -8.650e-01, 1.170e+05, 0.000e+00, 1.067e-04, 0.000e+00, 2.125e+00, 9.983e+02, 4.580e-08
2.575e+00, 5.000e-01, -8.550e-01, 1.169e+05, 0.000e+00, 8.749e-05, 0.000e+00, 2.124e+00, 9.983e+02, 3.756e-08
2.575e+00, 5.000e-01, -8.450e-01, 1.168e+05, 0.000e+00, 6.930e-05, 0.000e+00, 2.122e+00, 9.983e+02, 2.975e-08
2.575e+00, 5.000e-01, -8.350e-01, 1.167e+05, 0.000e+00, 5.266e-05, 0.000e+00, 2.120e+00, 9.983e+02, 2.261e-08
2.575e+00, 5.000e-01, -8.250e-01, 1.166e+05, 0.000e+00, 3.815e-05, 0.000e+00, 2.118e+00, 9.983e+02, 1.638e-08
2.575e+00, 5.000e-01, -8.150e-01, 1.165e+05, 0.000e+00, 2.631e-05, 0.000e+00, 2.116e+00, 9.983e+02, 1.129e-08
2.575e+00, 5.000e-01, -8.050e-01, 1.164e+05, 0.000e+00, 1.783e-05, 0.000e+00, 2.115e+00, 9.983e+02, 7.655e-09
2.575e+00, 5.000e-01, -7.950e-01, 1.163e+05, 0.000e+00, 1.441e-05, 0.000e+00, 2.113e+00, 9.983e+02, 6.184e-09
2.575e+00, 5.000e-01, -7.850e-01, 1.162e+05, 0.000e+00, 2.056e-05, 0.000e+00, 2.111e+00, 9.983e+02, 8.825e-09
2.575e+00, 5.000e-01, -7.750e-01, 1.161e+05, 0.000e+00, 4.751e-05, 0.000e+00, 2.109e+00, 9.983e+02, 2.056e-08
2.575e+00, 5.000e-01, -7.650e-01, 1.175e+05, 0.000e+00, 1.061e-04, 0.000e+00, 2.135e+00, 9.983e+02, 4.661e-08
2.575e+00, 5.000e-01, -7.550e-01, 1.174e+05, 0.000e+00, 1.289e-04, 0.000e+00, 2.133e+00, 9.983e+02, 5.662e-08
2.575e+00, 5.000e-01, -7.450e-01, 1.173e+05, 0.000e+00, 1.218e-04, 0.000e+00, 2.131e+00, 9.983e+02, 5.350e-08
2.575e+00, 5.000e-01, -7.350e-01, 1.172e+05, 0.000e+00, 9.827e-05, 0.000e+00, 2.129e+00, 9.983e+02, 4.317e-08
2.575e+00, 5.000e-01, -7.250e-01, 1.171e+05, 0.000e+00, 7.064e-05, 0.000e+00, 2.127e+00, 9.983e+02, 3.103e-08
2.575e+00, 5.000e-01, -7.150e-01, 1.170e+05, 0.000e+00, 4.672e-05, 0.000e+00, 2.126e+00, 9.983e+02, 2.052e-08
2.575e+00, 5.000e-01, -7.050e-01, 1.169e+05, 0.000e+00, 3.030e-05, 0.000e+00, 2.124e+00, 9.983e+02, 1.331e-08
2.575e+00, 5.000e-01, -6.950e-01, 1.168e+05, 0.000e+00, 2.392e-05, 0.000e+00, 2.122e+00, 9.983e+02, 1.051e-08
2.575e+00, 5.000e-01, -6.850e-01, 1.167e+05, 0.000e+00, 3.255e-05, 0.000e+00, 2.120e+00, 9.983e+02, 1.430e-08
2.575e+00, 5.000e-01, -6.750e-01, 1.166e+05, 0.000e+00, 6.664e-05, 0.000e+00, 2.119e+00, 9.983e+02, 2.927e-08
2.575e+00, 5.000e-01, -6.650e-01, 1.165e+05, 0.000e+00, 1.403e-04, 0.000e+00, 2.117e+00, 9.983e+02, 6.164e-08
2.575e+00, 5.000e-01, -6.550e-01, 1.164e+05, 0.000e+00, 2.581e-04, 0.000e+00, 2.115e+00, 9.983e+02, 1.135e-07
2.575e+00, 5.000e-01, -6.450e-01, 1.148e+05, 0.000e+00, 3.779e-04, 0.000e+00, 2.086e+00, 9.983e+02, 1.698e-07
2.575e+00, 5.000e-01, -6.350e-01, 1.147e+05, 0.000e+00, 4.068e-04, 0.000e+00, 2.084e+00, 9.983e+02, 1.828e-07
2.575e+00, 5.000e-01, -6.250e-01, 1.146e+05, 0.000e+00, 4.082e-04, 0.000e+00, 2.083e+00, 9.983e+02, 1.834e-07
2.575e+00, 5.000e-01, -6.150e-01, 1.145e+05, 0.000e+00, 3.974e-04, 0.000e+00, 2.081e+00, 9.983e+02, 1.785e-07
2.575e+00, 5.000e-01, -6.050e-01, 1.144e+05, 0.000e+00, 3.829e-04, 0.000e+00, 2.079e+00, 9.983e+02, 1.720e-07
2.575e+00, 5.000e-01, -5.950e-01, 1.144e+05, 0.000e+00, 3.676e-04, 0.000e+00, 2.077e+00, 9.983e+02, 1.652e-07
2.575e+00, 5.000e-01, -5.850e-01, 1.143e+05, 0.000e+00, 3.523e-04, 0.000e+00, 2.075e+00, 9.983e+02, 1.582e-07
2.575e+00, 5.000e-01, -5.750e-01, 1.142e+05, 0.000e+00, 3.370e-04, 0.000e+00, 2.074e+00, 9.983e+02, 1.514e-07
2.575e+00, 5.000e-01, -5.650e-01, 1.141e+05, 0.000e+00, 3.221e-04, 0.000e+00, 2.072e+00, 9.983e+02, 1.447e-07
2.575e+00, 5.000e-01, -5.550e-01, 1.140e+05, 0.000e+00, 3.084e-04, 0.000e+00, 2.070e+00, 9.983e+02, 1.385e-07
2.575e+00, 5.000e-01, -5.450e-01, 1.139e+05, 0.000e+00, 2.966e-04, 0.000e+00, 2.068e+00, 9.983e+02, 1.333e-07
2.575e+00, 5.000e-01, -5.350e-01, 1.137e+05, 0.000e+00, 2.880e-04, 0.000e+00, 2.066e+00, 9.983e+02, 1.242e-07
2.575e+00, 5.000e-01, -5.250e-01, 1.137e+05, 0.000e+00, 2.773e-04, 0.000e+00, 2.064e+00, 9.983e+02, 1.190e-07
2.575e+00, 5.000e-01, -5.150e-01, 1.136e+05, 0.000e+00, 2.624e-04, 0.000e+00, 2.063e+00, 9.983e+02, 1.126e-07
2.575e+00, 5.000e-01, -5.050e-01, 1.135e+05, 0.000e+00, 2.430e-04, 0.000e+00, 2.061e+00, 9.983e+02, 1.043e-07
2.575e+00, 5.000e-01, -4.950e-01, 1.134e+05, 0.000e+00, 2.186e-04, 0.000e+00, 2.059e+00, 9.983e+02, 9.386e-08
2.575e+00, 5.000e-01, -4.850e-01, 1.133e+05, 0.000e+00, 1.925e-04, 0.000e+00, 2.057e+00, 9.983e+02, 8.319e-08
2.575e+00, 5.000e-01, -4.750e-01, 1.132e+05, 0.000e+00, 1.718e-04, 0.000e+00, 2.056e+00, 9.983e+02, 7.719e-08
2.575e+00, 5.000e-01, -4.650e-01, 1.131e+05, 0.000e+00, 1.651e-04, 0.000e+00, 2.054e+00, 9.983e+02, 7.279e-08
2.575e+00, 5.000e-01, -4.550e-01, 1.130e+05, 0.000e+00, 1.651e-04, 0.000e+00, 2.052e+00, 9.983e+02, 7.086e-08
2.575e+00, 5.000e-01, -4.450e-01, 1.129e+05, 0.000e+00, 1.615e-04, 0.000e+00, 2.050e+00, 9.983e+02, 6.935e-08
2.575e+00, 5.000e-01, -4.350e-01, 1.128e+05, 0.000e+00, 1.502e-04, 0.000e+00, 2.048e+00, 9.983e+02, 6.447e-08
2.575e+00, 5.000e-01, -4.250e-01, 1.127e+05, 0.000e+00, 1.359e-04, 0.000e+00, 2.047e+00, 9.983e+02, 5.835e-08
2.575e+00, 5.000e-01, -4.150e-01, 1.126e+05, 0.000e+00, 1.306e-04, 0.000e+00, 2.045e+00, 9.983e+02, 5.605e-08
2.575e+00, 5.000e-01, -4.050e-01, 1.125e+05, 0.000e+00, 1.408e-04, 0.000e+00, 2.043e+00, 9.983e+02, 6.248e-08
2.575e+00, 5.000e-01, -3.950e-01, 1.124e+05, 0.000e+00, 1.414e-04, 0.000e+00, 2.041e+00, 9.983e+02, 6.353e-08
2.575e+00, 5.000e-01, -3.850e-01, 1.123e+05, 0.000e+00, 1.358e-04, 0.000e+00, 2.040e+00, 9.983e+02, 6.100e-08
2.575e+00, 5.000e-01, -3.750e-01, 1.122e+05, 0.000e+00, 1.270e-04, 0.000e+00, 2.038e+00, 9.983e+02, 5.703e-08
2.575e+00, 5.000e-01, -3.650e-01, 1.121e+05, 0.000e+00, 1.160e-04, 0.000e+00, 2.036e+00, 9.983e+02, 5.209e-08
2.575e+00, 5.000e-01, -3.550e-01, 1.120e+05, 0.000e+00, 1.037e-04, 0.000e+00, 2.034e+00, 9.983e+02, 4.657e-08
2.575e+00, 5.000e-01, -3.450e-01, 1.119e+05, 0.000e+00, 9.124e-05, 0.000e+00, 2.033e+00, 9.983e+02, 4.099e-08
2.575e+00, 5.000e-01, -3.350e-01, 1.118e+05, 0.000e+00, 8.031e-05, 0.000e+00, 2.031e+00, 9.983e+02, 3.608e-08
2.575e+00, 5.000e-01, -3.250e-01, 1.117e+05, 0.000e+00, 7.472e-05, 0.000e+00, 2.029e+00, 9.983e+02, 3.357e-08
2.575e+00, 5.000e-01, -3.150e-01, 1.117e+05, 0.000e+00, 8.766e-05, 0.000e+00, 2.029e+00, 9.983e+02, 3.893e-08
2.575e+00, 5.000e-01, -3.050e-01, 1.116e+05, 0.000e+00, 1.070e-04, 0.000e+00, 2.027e+00, 9.983e+02, 4.701e-08
2.575e+00, 5.000e-01, -2.950e-01, 1.115e+05, 0.000e+00, 1.141e-04, 0.000e+00, 2.025e+00, 9.983e+02, 5.010e-08
2.575e+00, 5.000e-01, -2.850e-01, 1.114e+05, 0.000e+00, 1.111e-04, 0.000e+00, 2.023e+00, 9.983e+02, 4.878e-08
2.575e+00, 5.000e-01, -2.750e-01, 1.113e+05, 0.000e+00, 1.025e-04, 0.000e+00, 2.021e+00, 9.983e+02, 4.500e-08
2.575e+00, 5.000e-01, -2.650e-01, 1.112e+05, 0.000e+00, 9.337e-05, 0.000e+00, 2.020e+00, 9.983e+02, 4.101e-08
2.575e+00, 5.000e-01, -2.550e-01, 1.111e+05, 0.000e+00, 9.065e-05, 0.000e+00, 2.018e+00, 9.983e+02, 3.982e-08
2.575e+00, 5.000e-01, -2.450e-01, 1.110e+05, 0.000e+00, 1.033e-04, 0.000e+00, 2.016e+00, 9.983e+02, 4.535e-08
2.575e+00, 5.000e-01, -2.350e-01, 1.109e+05, 0.000e+00, 1.396e-04, 0.000e+00, 2.014e+00, 9.983e+02, 6.131e-08
2.575e+00, 5.000e-01, -2.250e-01, 1.110e+05, 0.000e+00, 2.102e-04, 0.000e+00, 2.016e+00, 9.983e+02, 9.070e-08
2.575e+00, 5.000e-01, -2.150e-01, 1.109e+05, 0.000e+00, 3.037e-04, 0.000e+00, 2.014e+00, 9.983e+02, 1.304e-07
2.575e+00, 5.000e-01, -2.050e-01, 1.108e+05, 0.000e+00, 3.883e-04, 0.000e+00, 2.012e+00, 9.983e+02, 1.667e-07
2.575e+00, 5.000e-01, -1.950e-01, 1.107e+05, 0.000e+00, 4.504e-04, 0.000e+00, 2.011e+00, 9.983e+02, 1.933e-07
2.575e+00, 5.000e-01, -1.850e-01, 1.106e+05, 0.000e+00, 4.771e-04, 0.000e+00, 2.009e+00, 9.983e+02, 2.048e-07
2.575e+00, 5.000e-01, -1.750e-01, 1.105e+05, 0.000e+00, 4.638e-04, 0.000e+00, 2.007e+00, 9.983e+02, 1.991e-07
2.575e+00, 5.000e-01, -1.650e-01, 1.104e+05, 0.000e+00, 4.149e-04, 0.000e+00, 2.005e+00, 9.983e+02, 1.781e-07
2.575e+00, 5.000e-01, -1.550e-01, 1.115e+05, 0.000e+00, 3.355e-04, 0.000e+00, 2.025e+00, 9.983e+02, 1.468e-07
2.575e+00, 5.000e-01, -1.450e-01, 1.114e+05, 0.000e+00, 2.511e-04, 0.000e+00, 2.024e+00, 9.983e+02, 1.103e-07
2.575e+00, 5.000e-01, -1.350e-01, 1.113e+05, 0.000e+00, 1.732e-04, 0.000e+00, 2.022e+00, 9.983e+02, 7.608e-08
2.575e+00, 5.000e-01, -1.250e-01, 1.112e+05, 0.000e+00, 1.097e-04, 0.000e+00, 2.020e+00, 9.983e+02, 4.819e-08
2.575e+00, 5.000e-01, -1.150e-01, 1.111e+05, 0.000e+00, 6.416e-05, 0.000e+00, 2.018e+00, 9.983e+02, 2.818e-08
2.575e+00, 5.000e-01, -1.050e-01, 1.110e+05, 0.000e+00, 3.497e-05, 0.000e+00, 2.017e+00, 9.983e+02, 1.536e-08
2.575e+00, 5.000e-01, -9.500e-02, 1.109e+05, 0.000e+00, 1.793e-05, 0.000e+00, 2.015e+00, 9.983e+02, 7.875e-09
2.575e+00, 5.000e-01, -8.500e-02, 1.108e+05, 0.000e+00, 8.706e-06, 0.000e+00, 2.013e+00, 9.983e+02, 3.824e-09
2.575e+00, 5.000e-01, -7.500e-02, 1.107e+05, 0.000e+00, 4.022e-06, 0.000e+00, 2.011e+00, 9.983e+02, 1.767e-09
2.575e+00, 5.000e-01, -6.500e-02, 1.106e+05, 0.000e+00, 1.772e-06, 0.000e+00, 2.009e+00, 9.983e+02, 7.785e-10
2.575e+00, 5.000e-01, -5.500e-02, 1.105e+05, 0.000e+00, 7.456e-07, 0.000e+00, 2.008e+00, 9.983e+02, 3.275e-10
2.575e+00, 5.000e-01, -4.500e-02, 1.104e+05, 0.000e+00, 2.997e-07, 0.000e+00, 2.006e+00, 9.983e+02, 1.316e-10
2.575e+00, 5.000e-01, -3.500e-02, 1.103e+05, 0.000e+00, 1.152e-07, 0.000e+00, 2.004e+00, 9.983e+02, 5.061e-11
2.575e+00, 5.000e-01, -2.500e-02, 1.102e+05, 0.000e+00, 4.251e-08, 0.000e+00, 2.002e+00, 9.983e+02, 1.867e-11
2.575e+00, 5.000e-01, -1.500e-02, 1.101e+05, 0.000e+00, 1.541e-08, 0.000e+00, 2.000e+00, 9.983e+02, 6.768e-12
2.575e+00, 5.000e-01, -5.000e-03, 1.100e+05, 0.000e+00, 6.416e-09, 0.000e+00, 1.999e+00, 9.983e+02, 2.818e-12
2.585e+00, 5.000e-01, -1.195e+00, 1.202e+05, 0.000e+00, 1.002e-13, 0.000e+00, 2.184e+00, 9.983e+02, 2.000e-17
2.585e+00, 5.000e-01, -1.185e+00, 1.201e+05, 0.000e+00, 1.002e-13, 0.000e+00, 2.182e+00, 9.983e+02, 2.000e-17
2.585e+00, 5.000e-01, -1.175e+00, 1.200e+05, 0.000e+00, 1.002e-13, 0.000e+00, 2.181e+00, 9.983e+02, 2.000e-17
2.585e+00, 5.000e-01, -1.165e+00, 1.199e+05, 0.000e+00, 1.002e-13, 0.000e+00, 2.179e+00, 9.983e+02, 2.000e-17
2.585e+00, 5.000e-01, -1.155e+00, 1.198e+05, 0.000e+00, 2.629e-09, 0.000e+00, 2.177e+00, 9.983e+02, 8.539e-13
2.585e+00, 5.000e-01, -1.145e+00, 1.197e+05, 0.000e+00, 3.191e-04, 0.000e+00, 2.175e+00, 9.983e+02, 1.370e-07
2.585e+00, 5.000e-01, -1.135e+00, 1.196e+05, 0.000e+00, 3.253e-04, 0.000e+00, 2.174e+00, 9.983e+02, 1.397e-07
2.585e+00, 5.000e-01, -1.125e+00, 1.195e+05, 0.000e+00, 3.350e-04, 0.000e+00, 2.172e+00, 9.983e+02, 1.438e-07
2.585e+00, 5.000e-01, -1.115e+00, 1.194e+05, 0.000e+00, 3.441e-04, 0.000e+00, 2.170e+00, 9.983e+02, 1.477e-07
2.585e+00, 5.000e-01, -1.105e+00, 1.193e+05, 0.000e+00, 3.509e-04, 0.000e+00, 2.168e+00, 9.983e+02, 1.506e-07
2.585e+00, 5.000e-01, -1.095e+00, 1.192e+05, 0.000e+00, 3.552e-04, 0.000e+00, 2.167e+00, 9.983e+02, 1.525e-07
2.585e+00, 5.000e-01, -1.085e+00, 1.191e+05, 0.000e+00, 3.570e-04, 0.000e+00, 2.165e+00, 9.983e+02, 1.533e-07
2.585e+00, 5.000e-01, -1.075e+00, 1.190e+05, 0.000e+00, 3.569e-04, 0.000e+00, 2.163e+00, 9.983e+02, 1.532e-07
2.585e+00, 5.000e-01, -1.065e+00, 1.189e+05, 0.000e+00, 3.552e-04, 0.000e+00, 2.161e+00, 9.983e+02, 1.525e-07
2.585e+00, 5.000e-01, -1.055e+00, 1.188e+05, 0.000e+00, 3.522e-04, 0.000e+00, 2.159e+00, 9.983e+02, 1.512e-07
2.585e+00, 5.000e-01, -1.045e+00, 1.187e+05, 0.000e+00, 3.483e-04, 0.000e+00, 2.158e+00, 9.983e+02, 1.495e-07
2.585e+00, 5.000e-01, -1.035e+00, 1.186e+05, 0.000e+00, 3.439e-04, 0.000e+00, 2.156e+00, 9.983e+02, 1.476e-07
2.585e+00, 5.000e-01, -1.025e+00, 1.185e+05, 0.000e+00, 3.395e-04, 0.000e+00, 2.154e+00, 9.983e+02, 1.458e-07
2.585e+00, 5.000e-01, -1.015e+00, 1.185e+05, 0.000e+00, 3.355e-04, 0.000e+00, 2.152e+00, 9.983e+02, 1.440e-07
2.585e+00, 5.000e-01, -1.005e+00, 1.184e+05, 0.000e+00, 3.320e-04, 0.000e+00, 2.150e+00, 9.983e+02, 1.425e-07
2.585e+00, 5.000e-01, -9.950e-01, 1.183e+05, 0.000e+00, 3.286e-04, 0.000e+00, 2.149e+00, 9.983e+02, 1.411e-07
2.585e+00, 5.000e-01, -9.850e-01, 1.182e+05, 0.000e+00, 3.243e-04, 0.000e+00, 2.147e+00, 9.983e+02, 1.392e-07
2.585e+00, 5.000e-01, -9.750e-01, 1.181e+05, 0.000e+00, 3.171e-04, 0.000e+00, 2.145e+00, 9.983e+02, 1.361e-07
2.585e+00, 5.000e-01, -9.650e-01, 1.180e+05, 0.000e+00, 3.044e-04, 0.000e+00, 2.143e+00, 9.983e+02, 1.307e-07
2.585e+00, 5.000e-01, -9.550e-01, 1.179e+05, 0.000e+00, 2.837e-04, 0.000e+00, 2.141e+00, 9.983e+02, 1.218e-07
2.585e+00, 5.000e-01, -9.450e-01, 1.178e+05, 0.000e+00, 2.586e-04, 0.000e+00, 2.140e+00, 9.983e+02, 1.110e-07
2.585e+00, 5.000e-01, -9.350e-01, 1.177e+05, 0.000e+00, 2.354e-04, 0.000e+00, 2.138e+00, 9.983e+02, 1.010e-07
2.585e+00, 5.000e-01, -9.250e-01, 1.176e+05, 0.000e+00, 2.146e-04, 0.000e+00, 2.136e+00, 9.983e+02, 9.214e-08
2.585e+00, 5.000e-01, -9.150e-01, 1.175e+05, 0.000e+00, 1.956e-04, 0.000e+00, 2.134e+00, 9.983e+02, 8.397e-08
2.585e+00, 5.000e-01, -9.050e-01, 1.174e+05, 0.000e+00, 1.772e-04, 0.000e+00, 2.132e+00, 9.983e+02, 7.609e-08
2.585e+00, 5.000e-01, -8.950e-01, 1.173e+05, 0.000e+00, 1.588e-04, 0.000e+00, 2.131e+00, 9.983e+02, 6.818e-08
2.585e+00, 5.000e-01, -8.850e-01, 1.172e+05, 0.000e+00, 1.400e-04, 0.000e+00, 2.129e+00, 9.983e+02, 6.011e-08
2.585e+00, 5.000e-01, -8.750e-01, 1.171e+05, 0.000e+00, 1.209e-04, 0.000e+00, 2.127e+00, 9.983e+02, 5.191e-08
2.585e+00, 5.000e-01, -8.650e-01, 1.170e+05, 0.000e+00, 1.018e-04, 0.000e+00, 2.125e+00, 9.983e+02, 4.370e-08
2.585e+00, 5.000e-01, -8.550e-01, 1.169e+05, 0.000e+00, 8.314e-05, 0.000e+00, 2.124e+00, 9.983e+02, 3.569e-08
2.585e+00, 5.000e-01, -8.450e-01, 1.168e+05, 0.000e+00, 6.544e-05, 0.000e+00, 2.122e+00, 9.983e+02, 2.809e-08
2.585e+00, 5.000e-01, -8.350e-01, 1.167e+05, 0.000e+00, 4.930e-05, 0.000e+00, 2.120e+00, 9.983e+02, 2.116e-08
2.585e+00, 5.000e-01, -8.250e-01, 1.166e+05, 0.000e+00, 3.530e-05, 0.000e+00, 2.118e+00, 9.983e+02, 1.515e-08
2.585e+00, 5.000e-01, -8.150e-01, 1.165e+05, 0.000e+00, 2.399e-05, 0.000e+00, 2.116e+00, 9.983e+02, 1.030e-08
2.585e+00, 5.000e-01, -8.050e-01, 1.164e+05, 0.000e+00, 1.613e-05, 0.000e+00, 2.115e+00, 9.983e+02, 6.923e-09
2.585e+00, 5.000e-01, -7.950e-01, 1.163e+05, 0.000e+00, 1.350e-05, 0.000e+00, 2.113e+00, 9.983e+02, 5.794e-09
2.585e+00, 5.000e-01, -7.850e-01, 1.162e+05, 0.000e+00, 2.094e-05, 0.000e+00, 2.111e+00, 9.983e+02, 8.990e-09
2.585e+00, 5.000e-01, -7.750e-01, 1.176e+05, 0.000e+00, 5.999e-05, 0.000e+00, 2.136e+00, 9.983e+02, 2.614e-08
2.585e+00, 5.000e-01, -7.650e-01, 1.175e+05, 0.000e+00, 1.025e-04, 0.000e+00, 2.135e+00, 9.983e+02, 4.502e-08
2.585e+00, 5.000e-01, -7.550e-01, 1.174e+05, 0.000e+00, 1.170e-04, 0.000e+00, 2.133e+00, 9.983e+02, 5.139e-08
2.585e+00, 5.000e-01, -7.450e-01, 1.173e+05, 0.000e+00, 1.080e-04, 0.000e+00, 2.131e+00, 9.983e+02, 4.745e-08
2.585e+00, 5.000e-01, -7.350e-01, 1.172e+05, 0.000e+00, 8.633e-05, 0.000e+00, 2.129e+00, 9.983e+02, 3.792e-08
2.585e+00, 5.000e-01, -7.250e-01, 1.171e+05, 0.000e+00, 6.183e-05, 0.000e+00, 2.127e+00, 9.983e+02, 2.716e-08
2.585e+00, 5.000e-01, -7.150e-01, 1.170e+05, 0.000e+00, 4.086e-05, 0.000e+00, 2.126e+00, 9.983e+02, 1.795e-08
2.585e+00, 5.000e-01, -7.050e-01, 1.169e+05, 0.000e+00, 2.660e-05, 0.000e+00, 2.124e+00, 9.983e+02, 1.169e-08
2.585e+00, 5.000e-01, -6.950e-01, 1.168e+05, 0.000e+00, 2.159e-05, 0.000e+00, 2.122e+00, 9.983e+02, 9.483e-09
2.585e+00, 5.000e-01, -6.850e-01, 1.167e+05, 0.000e+00, 3.135e-05, 0.000e+00, 2.120e+00, 9.983e+02, 1.377e-08
2.585e+00, 5.000e-01, -6.750e-01, 1.166e+05, 0.000e+00, 6.778e-05, 0.000e+00, 2.119e+00, 9.983e+02, 2.977e-08
2.585e+00, 5.000e-01, -6.650e-01, 1.165e+05, 0.000e+00, 1.471e-04, 0.000e+00, 2.117e+00, 9.983e+02, 6.461e-08
2.585e+00, 5.000e-01, -6.550e-01, 1.164e+05, 0.000e+00, 2.729e-04, 0.000e+00, 2.115e+00, 9.983e+02, 1.206e-07
2.585e+00, 5.000e-01, -6.450e-01, 1.148e+05, 0.000e+00, 3.810e-04, 0.000e+00, 2.086e+00, 9.983e+02, 1.712e-07
2.585e+00, 5.000e-01, -6.350e-01, 1.147e+05, 0.000e+00, 4.111e-04, 0.000e+00, 2.084e+00, 9.983e+02, 1.847e-07
2.585e+00, 5.000e-01, -6.250e-01, 1.146e+05, 0.000e+00, 4.107e-04, 0.000e+00, 2.083e+00, 9.983e+02, 1.845e-07
2.585e+00, 5.000e-01, -6.150e-01, 1.145e+05, 0.000e+00, 3.981e-04, 0.000e+00, 2.081e+00, 9.983e+02, 1.788e-07
2.585e+00, 5.000e-01, -6.050e-01, 1.144e+05, 0.000e+00, 3.815e-04, 0.000e+00, 2.079e+00, 9.983e+02, 1.714e-07
2.585e+00, 5.000e-01, -5.950e-01, 1.144e+05, 0.000e+00, 3.639e-04, 0.000e+00, 2.077e+00, 9.983e+02, 1.635e-07
2.585e+00, 5.000e-01, -5.850e-01, 1.143e+05, 0.000e+00, 3.461e-04, 0.000e+00, 2.075e+00, 9.983e+02, 1.555e-07
2.585e+00, 5.000e-01, -5.750e-01, 1.142e+05, 0.000e+00, 3.285e-04, 0.000e+00, 2.074e+00, 9.983e+02, 1.476e-07
2.585e+00, 5.000e-01, -5.650e-01, 1.141e+05, 0.000e+00, 3.118e-04, 0.000e+00, 2.072e+00, 9.983e+02, 1.401e-07
2.585e+00, 5.000e-01, -5.550e-01, 1.140e+05, 0.000e+00, 2.971e-04, 0.000e+00, 2.070e+00, 9.983e+02, 1.335e-07
2.585e+00, 5.000e-01, -5.450e-01, 1.139e+05, 0.000e+00, 2.856e-04, 0.000e+00, 2.068e+00, 9.983e+02, 1.279e-07
2.585e+00, 5.000e-01, -5.350e-01, 1.137e+05, 0.000e+00, 2.784e-04, 0.000e+00, 2.066e+00, 9.983e+02, 1.195e-07
2.585e+00, 5.000e-01, -5.250e-01, 1.137e+05, 0.000e+00, 2.649e-04, 0.000e+00, 2.064e+00, 9.983e+02, 1.137e-07
2.585e+00, 5.000e-01, -5.150e-01, 1.136e+05, 0.000e+00, 2.466e-04, 0.000e+00, 2.063e+00, 9.983e+02, 1.059e-07
2.585e+00, 5.000e-01, -5.050e-01, 1.135e+05, 0.000e+00, 2.246e-04, 0.000e+00, 2.061e+00, 9.983e+02, 9.643e-08
2.585e+00, 5.000e-01, -4.950e-01, 1.134e+05, 0.000e+00, 2.006e-04, 0.000e+00, 2.059e+00, 9.983e+02, 8.610e-08
2.585e+00, 5.000e-01, -4.850e-01, 1.133e+05, 0.000e+00, 1.779e-04, 0.000e+00, 2.057e+00, 9.983e+02, 7.768e-08
2.585e+00, 5.000e-01, -4.750e-01, 1.132e+05, 0.000e+00, 1.636e-04, 0.000e+00, 2.056e+00, 9.983e+02, 7.349e-08
2.585e+00, 5.000e-01, -4.650e-01, 1.131e+05, 0.000e+00, 1.625e-04, 0.000e+00, 2.054e+00, 9.983e+02, 7.094e-08
2.585e+00, 5.000e-01, -4.550e-01, 1.130e+05, 0.000e+00, 1.626e-04, 0.000e+00, 2.052e+00, 9.983e+02, 6.981e-08
2.585e+00, 5.000e-01, -4.450e-01, 1.129e+05, 0.000e+00, 1.529e-04, 0.000e+00, 2.050e+00, 9.983e+02, 6.562e-08
2.585e+00, 5.000e-01, -4.350e-01, 1.128e+05, 0.000e+00, 1.339e-04, 0.000e+00, 2.048e+00, 9.983e+02, 5.746e-08
2.585e+00, 5.000e-01, -4.250e-01, 1.127e+05, 0.000e+00, 1.168e-04, 0.000e+00, 2.047e+00, 9.983e+02, 5.012e-08
2.585e+00, 5.000e-01, -4.150e-01, 1.126e+05, 0.000e+00, 1.119e-04, 0.000e+00, 2.045e+00, 9.983e+02, 4.808e-08
2.585e+00, 5.000e-01, -4.050e-01, 1.125e+05, 0.000e+00, 1.203e-04, 0.000e+00, 2.043e+00, 9.983e+02, 5.394e-08
2.585e+00, 5.000e-01, -3.950e-01, 1.124e+05, 0.000e+00, 1.205e-04, 0.000e+00, 2.041e+00, 9.983e+02, 5.415e-08
2.585e+00, 5.000e-01, -3.850e-01, 1.123e+05, 0.000e+00, 1.146e-04, 0.000e+00, 2.040e+00, 9.983e+02, 5.147e-08
2.585e+00, 5.000e-01, -3.750e-01, 1.122e+05, 0.000e+00, 1.054e-04, 0.000e+00, 2.038e+00, 9.983e+02, 4.734e-08
2.585e+00, 5.000e-01, -3.650e-01, 1.121e+05, 0.000e+00, 9.452e-05, 0.000e+00, 2.036e+00, 9.983e+02, 4.246e-08
2.585e+00, 5.000e-01, -3.550e-01, 1.120e+05, 0.000e+00, 8.301e-05, 0.000e+00, 2.034e+00, 9.983e+02, 3.729e-08
2.585e+00, 5.000e-01, -3.450e-01, 1.119e+05, 0.000e+00, 7.175e-05, 0.000e+00, 2.033e+00, 9.983e+02, 3.223e-08
2.585e+00, 5.000e-01, -3.350e-01, 1.118e+05, 0.000e+00, 6.188e-05, 0.000e+00, 2.031e+00, 9.983e+02, 2.780e-08
2.585e+00, 5.000e-01, -3.250e-01, 1.117e+05, 0.000e+00, 5.628e-05, 0.000e+00, 2.029e+00, 9.983e+02, 2.528e-08
2.585e+00, 5.000e-01, -3.150e-01, 1.117e+05, 0.000e+00, 6.507e-05, 0.000e+00, 2.029e+00, 9.983e+02, 2.880e-08
2.585e+00, 5.000e-01, -3.050e-01, 1.116e+05, 0.000e+00, 7.777e-05, 0.000e+00, 2.027e+00, 9.983e+02, 3.416e-08
2.585e+00, 5.000e-01, -2.950e-01, 1.115e+05, 0.000e+00, 8.389e-05, 0.000e+00, 2.025e+00, 9.983e+02, 3.685e-08
2.585e+00, 5.000e-01, -2.850e-01, 1.114e+05, 0.000e+00, 8.284e-05, 0.000e+00, 2.023e+00, 9.983e+02, 3.639e-08
2.585e+00, 5.000e-01, -2.750e-01, 1.113e+05, 0.000e+00, 7.716e-05, 0.000e+00, 2.021e+00, 9.983e+02, 3.389e-08
2.585e+00, 5.000e-01, -2.650e-01, 1.112e+05, 0.000e+00, 7.133e-05, 0.000e+00, 2.020e+00, 9.983e+02, 3.133e-08
2.585e+00, 5.000e-01, -2.550e-01, 1.111e+05, 0.000e+00, 7.239e-05, 0.000e+00, 2.018e+00, 9.983e+02, 3.180e-08
2.585e+00, 5.000e-01, -2.450e-01, 1.110e+05, 0.000e+00, 9.001e-05, 0.000e+00, 2.016e+00, 9.983e+02, 3.954e-08
2.585e+00, 5.000e-01, -2.350e-01, 1.109e+05, 0.000e+00, 1.313e-04, 0.000e+00, 2.014e+00, 9.983e+02, 5.766e-08
2.585e+00, 5.000e-01, -2.250e-01, 1.110e+05, 0.000e+00, 1.992e-04, 0.000e+00, 2.016e+00, 9.983e+02, 8.566e-08
2.585e+00, 5.000e-01, -2.150e-01, 1.109e+05, 0.000e+00, 2.854e-04, 0.000e+00, 2.014e+00, 9.983e+02, 1.225e-07
2.585e+00, 5.000e-01, -2.050e-01, 1.108e+05, 0.000e+00, 3.690e-04, 0.000e+00, 2.012e+00, 9.983e+02, 1.584e-07
2.585e+00, 5.000e-01, -1.950e-01, 1.107e+05, 0.000e+00, 4.345e-04, 0.000e+00, 2.011e+00, 9.983e+02, 1.865e-07
2.585e+00, 5.000e-01, -1.850e-01, 1.106e+05, 0.000e+00, 4.654e-04, 0.000e+00, 2.009e+00, 9.983e+02, 1.998e-07
2.585e+00, 5.000e-01, -1.750e-01, 1.105e+05, 0.000e+00, 4.560e-04, 0.000e+00, 2.007e+00, 9.983e+02, 1.958e-07
2.585e+00, 5.000e-01, -1.650e-01, 1.104e+05, 0.000e+00, 4.119e-04, 0.000e+00, 2.005e+00, 9.983e+02, 1.768e-07
2.585e+00, 5.000e-01, -1.550e-01, 1.115e+05, 0.000e+00, 3.315e-04, 0.000e+00, 2.025e+00, 9.983e+02, 1.455e-07
2.585e+00, 5.000e-01, -1.450e-01, 1.114e+05, 0.000e+00, 2.458e-04, 0.000e+00, 2.024e+00, 9.983e+02, 1.080e-07
2.585e+00, 5.000e-01, -1.350e-01, 1.113e+05, 0.000e+00, 1.678e-04, 0.000e+00, 2.022e+00, 9.983e+02, 7.369e-08
2.585e+00, 5.000e-01, -1.250e-01, 1.112e+05, 0.000e+00, 1.053e-04, 0.000e+00, 2.020e+00, 9.983e+02, 4.625e-08
2.585e+00, 5.000e-01, -1.150e-01, 1.111e+05, 0.000e+00, 6.110e-05, 0.000e+00, 2.018e+00, 9.983e+02, 2.684e-08
2.585e+00, 5.000e-01, -1.050e-01, 1.110e+05, 0.000e+00, 3.306e-05, 0.000e+00, 2.017e+00, 9.983e+02, 1.452e-08
2.585e+00, 5.000e-01, -9.500e-02, 1.109e+05, 0.000e+00, 1.682e-05, 0.000e+00, 2.015e+00, 9.983e+02, 7.387e-09
2.585e+00, 5.000e-01, -8.500e-02, 1.108e+05, 0.000e+00, 8.100e-06, 0.000e+00, 2.013e+00, 9.983e+02, 3.558e-09
2.585e+00, 5.000e-01, -7.500e-02, 1.107e+05, 0.000e+00, 3.710e-06, 0.000e+00, 2.011e+00, 9.983e+02, 1.630e-09
2.585e+00, 5.000e-01, -6.500e-02, 1.106e+05, 0.000e+00, 1.620e-06, 0.000e+00, 2.009e+00, 9.983e+02, 7.115e-10
2.585e+00, 5.000e-01, -5.500e-02, 1.105e+05, 0.000e+00, 6.753e-07, 0.000e+00, 2.008e+00, 9.983e+02, 2.966e-10
2.585e+00, 5.000e-01, -4.500e-02, 1.104e+05, 0.000e+00, 2.689e-07, 0.000e+00, 2.006e+00, 9.983e+02, 1.181e-10
2.585e+00, 5.000e-01, -3.500e-02, 1.103e+05, 0.000e+00, 1.024e-07, 0.000e+00, 2.004e+00, 9.983e+02, 4.500e-11
2.585e+00, 5.000e-01, -2.500e-02, 1.102e+05, 0.000e+00, 3.744e-08, 0.000e+00, 2.002e+00, 9.983e+02, 1.645e-11
2.585e+00, 5.000e-01, -1.500e-02, 1.101e+05, 0.000e+00, 1.344e-08, 0.000e+00, 2.000e+00, 9.983e+02, 5.903e-12
2.585e+00, 5.000e-01, -5.000e-03, 1.100e+05, 0.000e+00, 5.552e-09, 0.000e+00, 1.999e+00, 9.983e+02, 2.439e-12
2.595e+00, 5.000e-01, -1.195e+00, 1.202e+05, 0.000e+00, 1.002e-13, 0.000e+00, 2.184e+00, 9.983e+02, 2.000e-17
2.595e+00, 5.000e-01, -1.185e+00, 1.201e+05, 0.000e+00, 1.002e-13, 0.000e+00, 2.182e+00, 9.983e+02, 2.000e-17
2.595e+00, 5.000e-01, -1.175e+00, 1.200e+05, 0.000e+00, 1.002e-13, 0.000e+00, 2.181e+00, 9.983e+02, 2.000e-17
2.595e+00, 5.000e-01, -1.165e+00, 1.199e+05, 0.000e+00, 1.141e-12, 0.000e+00, 2.179e+00, 9.983e+02, 2.278e-16
2.595e+00, 5.000e-01, -1.155e+00, 1.198e+05, 0.000e+00, 3.235e-04, 0.000e+00, 2.177e+00, 9.983e+02, 1.051e-07
2.595e+00, 5.000e-01, -1.145e+00, 1.197e+05, 0.000e+00, 3.185e-04, 0.000e+00, 2.175e+00, 9.983e+02, 1.367e-07
2.595e+00, 5.000e-01, -1.135e+00, 1.196e+05, 0.000e+00, 3.200e-04, 0.000e+00, 2.174e+00, 9.983e+02, 1.374e-07
2.595e+00, 5.000e-01, -1.125e+00, 1.195e+05, 0.000e+00, 3.266e-04, 0.000e+00, 2.172e+00, 9.983e+02, 1.402e-07
2.595e+00, 5.000e-01, -1.115e+00, 1.194e+05, 0.000e+00, 3.342e-04, 0.000e+00, 2.170e+00, 9.983e+02, 1.435e-07
2.595e+00, 5.000e-01, -1.105e+00, 1.193e+05, 0.000e+00, 3.403e-04, 0.000e+00, 2.168e+00, 9.983e+02, 1.461e-07
2.595e+00, 5.000e-01, -1.095e+00, 1.192e+05, 0.000e+00, 3.440e-04, 0.000e+00, 2.167e+00, 9.983e+02, 1.477e-07
2.595e+00, 5.000e-01, -1.085e+00, 1.191e+05, 0.000e+00, 3.456e-04, 0.000e+00, 2.165e+00, 9.983e+02, 1.483e-07
2.595e+00, 5.000e-01, -1.075e+00, 1.190e+05, 0.000e+00, 3.456e-04, 0.000e+00, 2.163e+00, 9.983e+02, 1.484e-07
2.595e+00, 5.000e-01, -1.065e+00, 1.189e+05, 0.000e+00, 3.444e-04, 0.000e+00, 2.161e+00, 9.983e+02, 1.478e-07
2.595e+00, 5.000e-01, -1.055e+00, 1.188e+05, 0.000e+00, 3.424e-04, 0.000e+00, 2.159e+00, 9.983e+02, 1.470e-07
2.595e+00, 5.000e-01, -1.045e+00, 1.187e+05, 0.000e+00, 3.398e-04, 0.000e+00, 2.158e+00, 9.983e+02, 1.459e-07
2.595e+00, 5.000e-01, -1.035e+00, 1.186e+05, 0.000e+00, 3.371e-04, 0.000e+00, 2.156e+00, 9.983e+02, 1.447e-07
2.595e+00, 5.000e-01, -1.025e+00, 1.185e+05, 0.000e+00, 3.345e-04, 0.000e+00, 2.154e+00, 9.983e+02, 1.436e-07
2.595e+00, 5.000e-01, -1.015e+00, 1.185e+05, 0.000e+00, 3.321e-04, 0.000e+00, 2.152e+00, 9.983e+02, 1.425e-07
2.595e+00, 5.000e-01, -1.005e+00, 1.184e+05, 0.000e+00, 3.295e-04, 0.000e+00, 2.150e+00, 9.983e+02, 1.415e-07
2.595e+00, 5.000e-01, -9.950e-01, 1.183e+05, 0.000e+00, 3.261e-04, 0.000e+00, 2.149e+00, 9.983e+02, 1.400e-07
2.595e+00, 5.000e-01, -9.850e-01, 1.182e+05, 0.000e+00, 3.202e-04, 0.000e+00, 2.147e+00, 9.983e+02, 1.374e-07
2.595e+00, 5.000e-01, -9.750e-01, 1.181e+05, 0.000e+00, 3.096e-04, 0.000e+00, 2.145e+00, 9.983e+02, 1.329e-07
2.595e+00, 5.000e-01, -9.650e-01, 1.180e+05, 0.000e+00, 2.925e-04, 0.000e+00, 2.143e+00, 9.983e+02, 1.256e-07
2.595e+00, 5.000e-01, -9.550e-01, 1.179e+05, 0.000e+00, 2.683e-04, 0.000e+00, 2.141e+00, 9.983e+02, 1.152e-07
2.595e+00, 5.000e-01, -9.450e-01, 1.178e+05, 0.000e+00, 2.447e-04, 0.000e+00, 2.140e+00, 9.983e+02, 1.050e-07
2.595e+00, 5.000e-01, -9.350e-01, 1.177e+05, 0.000e+00, 2.237e-04, 0.000e+00, 2.138e+00, 9.983e+02, 9.604e-08
2.595e+00, 5.000e-01, -9.250e-01, 1.176e+05, 0.000e+00, 2.050e-04, 0.000e+00, 2.136e+00, 9.983e+02, 8.801e-08
2.595e+00, 5.000e-01, -9.150e-01, 1.175e+05, 0.000e+00, 1.875e-04, 0.000e+00, 2.134e+00, 9.983e+02, 8.049e-08
2.595e+00, 5.000e-01, -9.050e-01, 1.174e+05, 0.000e+00, 1.702e-04, 0.000e+00, 2.132e+00, 9.983e+02, 7.306e-08
2.595e+00, 5.000e-01, -8.950e-01, 1.173e+05, 0.000e+00, 1.526e-04, 0.000e+00, 2.131e+00, 9.983e+02, 6.549e-08
2.595e+00, 5.000e-01, -8.850e-01, 1.172e+05, 0.000e+00, 1.344e-04, 0.000e+00, 2.129e+00, 9.983e+02, 5.769e-08
2.595e+00, 5.000e-01, -8.750e-01, 1.171e+05, 0.000e+00, 1.158e-04, 0.000e+00, 2.127e+00, 9.983e+02, 4.972e-08
2.595e+00, 5.000e-01, -8.650e-01, 1.170e+05, 0.000e+00, 9.723e-05, 0.000e+00, 2.125e+00, 9.983e+02, 4.174e-08
2.595e+00, 5.000e-01, -8.550e-01, 1.169e+05, 0.000e+00, 7.903e-05, 0.000e+00, 2.124e+00, 9.983e+02, 3.393e-08
2.595e+00, 5.000e-01, -8.450e-01, 1.168e+05, 0.000e+00, 6.179e-05, 0.000e+00, 2.122e+00, 9.983e+02, 2.653e-08
2.595e+00, 5.000e-01, -8.350e-01, 1.167e+05, 0.000e+00, 4.611e-05, 0.000e+00, 2.120e+00, 9.983e+02, 1.979e-08
2.595e+00, 5.000e-01, -8.250e-01, 1.166e+05, 0.000e+00, 3.258e-05, 0.000e+00, 2.118e+00, 9.983e+02, 1.398e-08
2.595e+00, 5.000e-01, -8.150e-01, 1.165e+05, 0.000e+00, 2.178e-05, 0.000e+00, 2.116e+00, 9.983e+02, 9.351e-09
2.595e+00, 5.000e-01, -8.050e-01, 1.164e+05, 0.000e+00, 1.452e-05, 0.000e+00, 2.115e+00, 9.983e+02, 6.232e-09
2.595e+00, 5.000e-01, -7.950e-01, 1.163e+05, 0.000e+00, 1.271e-05, 0.000e+00, 2.113e+00, 9.983e+02, 5.455e-09
2.595e+00, 5.000e-01, -7.850e-01, 1.162e+05, 0.000e+00, 2.095e-05, 0.000e+00, 2.111e+00, 9.983e+02, 8.996e-09
2.595e+00, 5.000e-01, -7.750e-01, 1.176e+05, 0.000e+00, 6.393e-05, 0.000e+00, 2.136e+00, 9.983e+02, 2.804e-08
2.595e+00, 5.000e-01, -7.650e-01, 1.175e+05, 0.000e+00, 9.454e-05, 0.000e+00, 2.135e+00, 9.983e+02, 4.153e-08
2.595e+00, 5.000e-01, -7.550e-01, 1.174e+05, 0.000e+00, 1.029e-04, 0.000e+00, 2.133e+00, 9.983e+02, 4.520e-08
2.595e+00, 5.000e-01, -7.450e-01, 1.173e+05, 0.000e+00, 9.314e-05, 0.000e+00, 2.131e+00, 9.983e+02, 4.091e-08
2.595e+00, 5.000e-01, -7.350e-01, 1.172e+05, 0.000e+00, 7.375e-05, 0.000e+00, 2.129e+00, 9.983e+02, 3.239e-08
2.595e+00, 5.000e-01, -7.250e-01, 1.171e+05, 0.000e+00, 5.261e-05, 0.000e+00, 2.127e+00, 9.983e+02, 2.311e-08
2.595e+00, 5.000e-01, -7.150e-01, 1.170e+05, 0.000e+00, 3.473e-05, 0.000e+00, 2.126e+00, 9.983e+02, 1.526e-08
2.595e+00, 5.000e-01, -7.050e-01, 1.169e+05, 0.000e+00, 2.274e-05, 0.000e+00, 2.124e+00, 9.983e+02, 9.988e-09
2.595e+00, 5.000e-01, -6.950e-01, 1.168e+05, 0.000e+00, 1.916e-05, 0.000e+00, 2.122e+00, 9.983e+02, 8.415e-09
2.595e+00, 5.000e-01, -6.850e-01, 1.167e+05, 0.000e+00, 3.007e-05, 0.000e+00, 2.120e+00, 9.983e+02, 1.321e-08
2.595e+00, 5.000e-01, -6.750e-01, 1.166e+05, 0.000e+00, 6.890e-05, 0.000e+00, 2.119e+00, 9.983e+02, 3.026e-08
2.595e+00, 5.000e-01, -6.650e-01, 1.165e+05, 0.000e+00, 1.545e-04, 0.000e+00, 2.117e+00, 9.983e+02, 6.787e-08
2.595e+00, 5.000e-01, -6.550e-01, 1.164e+05, 0.000e+00, 2.916e-04, 0.000e+00, 2.115e+00, 9.983e+02, 1.294e-07
2.595e+00, 5.000e-01, -6.450e-01, 1.148e+05, 0.000e+00, 3.843e-04, 0.000e+00, 2.086e+00, 9.983e+02, 1.726e-07
2.595e+00, 5.000e-01, -6.350e-01, 1.147e+05, 0.000e+00, 4.134e-04, 0.000e+00, 2.084e+00, 9.983e+02, 1.857e-07
2.595e+00, 5.000e-01, -6.250e-01, 1.146e+05, 0.000e+00, 4.112e-04, 0.000e+00, 2.083e+00, 9.983e+02, 1.848e-07
2.595e+00, 5.000e-01, -6.150e-01, 1.145e+05, 0.000e+00, 3.967e-04, 0.000e+00, 2.081e+00, 9.983e+02, 1.782e-07
2.595e+00, 5.000e-01, -6.050e-01, 1.144e+05, 0.000e+00, 3.778e-04, 0.000e+00, 2.079e+00, 9.983e+02, 1.697e-07
2.595e+00, 5.000e-01, -5.950e-01, 1.144e+05, 0.000e+00, 3.578e-04, 0.000e+00, 2.077e+00, 9.983e+02, 1.607e-07
2.595e+00, 5.000e-01, -5.850e-01, 1.143e+05, 0.000e+00, 3.373e-04, 0.000e+00, 2.075e+00, 9.983e+02, 1.515e-07
2.595e+00, 5.000e-01, -5.750e-01, 1.142e+05, 0.000e+00, 3.172e-04, 0.000e+00, 2.074e+00, 9.983e+02, 1.425e-07
2.595e+00, 5.000e-01, -5.650e-01, 1.141e+05, 0.000e+00, 2.985e-04, 0.000e+00, 2.072e+00, 9.983e+02, 1.341e-07
2.595e+00, 5.000e-01, -5.550e-01, 1.140e+05, 0.000e+00, 2.828e-04, 0.000e+00, 2.070e+00, 9.983e+02, 1.270e-07
2.595e+00, 5.000e-01, -5.450e-01, 1.139e+05, 0.000e+00, 2.722e-04, 0.000e+00, 2.068e+00, 9.983e+02, 1.209e-07
2.595e+00, 5.000e-01, -5.350e-01, 1.137e+05, 0.000e+00, 2.661e-04, 0.000e+00, 2.066e+00, 9.983e+02, 1.142e-07
2.595e+00, 5.000e-01, -5.250e-01, 1.137e+05, 0.000e+00, 2.499e-04, 0.000e+00, 2.064e+00, 9.983e+02, 1.073e-07
2.595e+00, 5.000e-01, -5.150e-01, 1.136e+05, 0.000e+00, 2.294e-04, 0.000e+00, 2.063e+00, 9.983e+02, 9.849e-08
2.595e+00, 5.000e-01, -5.050e-01, 1.135e+05, 0.000e+00, 2.074e-04, 0.000e+00, 2.061e+00, 9.983e+02, 8.902e-08
2.595e+00, 5.000e-01, -4.950e-01, 1.134e+05, 0.000e+00, 1.861e-04, 0.000e+00, 2.059e+00, 9.983e+02, 7.991e-08
2.595e+00, 5.000e-01, -4.850e-01, 1.133e+05, 0.000e+00, 1.659e-04, 0.000e+00, 2.058e+00, 9.983e+02, 7.322e-08
2.595e+00, 5.000e-01, -4.750e-01, 1.132e+05, 0.000e+00, 1.573e-04, 0.000e+00, 2.056e+00, 9.983e+02, 7.065e-08
2.595e+00, 5.000e-01, -4.650e-01, 1.131e+05, 0.000e+00, 1.595e-04, 0.000e+00, 2.054e+00, 9.983e+02, 6.897e-08
2.595e+00, 5.000e-01, -4.550e-01, 1.130e+05, 0.000e+00, 1.549e-04, 0.000e+00, 2.052e+00, 9.983e+02, 6.651e-08
2.595e+00, 5.000e-01, -4.450e-01, 1.129e+05, 0.000e+00, 1.365e-04, 0.000e+00, 2.050e+00, 9.983e+02, 5.858e-08
2.595e+00, 5.000e-01, -4.350e-01, 1.128e+05, 0.000e+00, 1.151e-04, 0.000e+00, 2.048e+00, 9.983e+02, 4.939e-08
2.595e+00, 5.000e-01, -4.250e-01, 1.127e+05, 0.000e+00, 9.803e-05, 0.000e+00, 2.047e+00, 9.983e+02, 4.208e-08
2.595e+00, 5.000e-01, -4.150e-01, 1.126e+05, 0.000e+00, 9.310e-05, 0.000e+00, 2.045e+00, 9.983e+02, 4.042e-08
2.595e+00, 5.000e-01, -4.050e-01, 1.125e+05, 0.000e+00, 9.651e-05, 0.000e+00, 2.043e+00, 9.983e+02, 4.335e-08
2.595e+00, 5.000e-01, -3.950e-01, 1.124e+05, 0.000e+00, 9.574e-05, 0.000e+00, 2.041e+00, 9.983e+02, 4.301e-08
2.595e+00, 5.000e-01, -3.850e-01, 1.123e+05, 0.000e+00, 9.059e-05, 0.000e+00, 2.040e+00, 9.983e+02, 4.070e-08
2.595e+00, 5.000e-01, -3.750e-01, 1.122e+05, 0.000e+00, 8.266e-05, 0.000e+00, 2.038e+00, 9.983e+02, 3.713e-08
2.595e+00, 5.000e-01, -3.650e-01, 1.121e+05, 0.000e+00, 7.334e-05, 0.000e+00, 2.036e+00, 9.983e+02, 3.295e-08
2.595e+00, 5.000e-01, -3.550e-01, 1.120e+05, 0.000e+00, 6.363e-05, 0.000e+00, 2.034e+00, 9.983e+02, 2.858e-08
2.595e+00, 5.000e-01, -3.450e-01, 1.119e+05, 0.000e+00, 5.424e-05, 0.000e+00, 2.033e+00, 9.983e+02, 2.437e-08
2.595e+00, 5.000e-01, -3.350e-01, 1.118e+05, 0.000e+00, 4.606e-05, 0.000e+00, 2.031e+00, 9.983e+02, 2.069e-08
2.595e+00, 5.000e-01, -3.250e-01, 1.117e+05, 0.000e+00, 4.139e-05, 0.000e+00, 2.029e+00, 9.983e+02, 1.859e-08
2.595e+00, 5.000e-01, -3.150e-01, 1.117e+05, 0.000e+00, 4.701e-05, 0.000e+00, 2.029e+00, 9.983e+02, 2.073e-08
2.595e+00, 5.000e-01, -3.050e-01, 1.116e+05, 0.000e+00, 5.452e-05, 0.000e+00, 2.027e+00, 9.983e+02, 2.395e-08
2.595e+00, 5.000e-01, -2.950e-01, 1.115e+05, 0.000e+00, 5.896e-05, 0.000e+00, 2.025e+00, 9.983e+02, 2.590e-08
2.595e+00, 5.000e-01, -2.850e-01, 1.114e+05, 0.000e+00, 5.914e-05, 0.000e+00, 2.023e+00, 9.983e+02, 2.598e-08
2.595e+00, 5.000e-01, -2.750e-01, 1.113e+05, 0.000e+00, 5.616e-05, 0.000e+00, 2.021e+00, 9.983e+02, 2.467e-08
2.595e+00, 5.000e-01, -2.650e-01, 1.112e+05, 0.000e+00, 5.363e-05, 0.000e+00, 2.020e+00, 9.983e+02, 2.356e-08
2.595e+00, 5.000e-01, -2.550e-01, 1.111e+05, 0.000e+00, 5.877e-05, 0.000e+00, 2.018e+00, 9.983e+02, 2.581e-08
2.595e+00, 5.000e-01, -2.450e-01, 1.110e+05, 0.000e+00, 8.253e-05, 0.000e+00, 2.016e+00, 9.983e+02, 3.625e-08
2.595e+00, 5.000e-01, -2.350e-01, 1.109e+05, 0.000e+00, 1.313e-04, 0.000e+00, 2.014e+00, 9.983e+02, 5.757e-08
2.595e+00, 5.000e-01, -2.250e-01, 1.110e+05, 0.000e+00, 2.025e-04, 0.000e+00, 2.016e+00, 9.983e+02, 8.692e-08
2.595e+00, 5.000e-01, -2.150e-01, 1.109e+05, 0.000e+00, 2.849e-04, 0.000e+00, 2.014e+00, 9.983e+02, 1.223e-07
2.595e+00, 5.000e-01, -2.050e-01, 1.108e+05, 0.000e+00, 3.642e-04, 0.000e+00, 2.012e+00, 9.983e+02, 1.564e-07
2.595e+00, 5.000e-01, -1.950e-01, 1.107e+05, 0.000e+00, 4.257e-04, 0.000e+00, 2.011e+00, 9.983e+02, 1.828e-07
2.595e+00, 5.000e-01, -1.850e-01, 1.106e+05, 0.000e+00, 4.538e-04, 0.000e+00, 2.009e+00, 9.983e+02, 1.948e-07
2.595e+00, 5.000e-01, -1.750e-01, 1.105e+05, 0.000e+00, 4.444e-04, 0.000e+00, 2.007e+00, 9.983e+02, 1.908e-07
2.595e+00, 5.000e-01, -1.650e-01, 1.104e+05, 0.000e+00, 4.060e-04, 0.000e+00, 2.005e+00, 9.983e+02, 1.746e-07
2.595e+00, 5.000e-01, -1.550e-01, 1.115e+05, 0.000e+00, 3.268e-04, 0.000e+00, 2.025e+00, 9.983e+02, 1.436e-07
2.595e+00, 5.000e-01, -1.450e-01, 1.114e+05, 0.000e+00, 2.407e-04, 0.000e+00, 2.024e+00, 9.983e+02, 1.057e-07
2.595e+00, 5.000e-01, -1.350e-01, 1.113e+05, 0.000e+00, 1.627e-04, 0.000e+00, 2.022e+00, 9.983e+02, 7.146e-08
2.595e+00, 5.000e-01, -1.250e-01, 1.112e+05, 0.000e+00, 1.011e-04, 0.000e+00, 2.020e+00, 9.983e+02, 4.442e-08
2.595e+00, 5.000e-01, -1.150e-01, 1.111e+05, 0.000e+00, 5.819e-05, 0.000e+00, 2.018e+00, 9.983e+02, 2.556e-08
2.595e+00, 5.000e-01, -1.050e-01, 1.110e+05, 0.000e+00, 3.124e-05, 0.000e+00, 2.017e+00, 9.983e+02, 1.372e-08
2.595e+00, 5.000e-01, -9.500e-02, 1.109e+05, 0.000e+00, 1.577e-05, 0.000e+00, 2.015e+00, 9.983e+02, 6.926e-09
2.595e+00, 5.000e-01, -8.500e-02, 1.108e+05, 0.000e+00, 7.535e-06, 0.000e+00, 2.013e+00, 9.983e+02, 3.309e-09
2.595e+00, 5.000e-01, -7.500e-02, 1.107e+05, 0.000e+00, 3.422e-06, 0.000e+00, 2.011e+00, 9.983e+02, 1.503e-09
2.595e+00, 5.000e-01, -6.500e-02, 1.106e+05, 0.000e+00, 1.481e-06, 0.000e+00, 2.009e+00, 9.983e+02, 6.507e-10
2.595e+00, 5.000e-01, -5.500e-02, 1.105e+05, 0.000e+00, 6.122e-07, 0.000e+00, 2.008e+00, 9.983e+02, 2.689e-10
2.595e+00, 5.000e-01, -4.500e-02, 1.104e+05, 0.000e+00, 2.417e-07, 0.000e+00, 2.006e+00, 9.983e+02, 1.061e-10
2.595e+00, 5.000e-01, -3.500e-02, 1.103e+05, 0.000e+00, 9.124e-08, 0.000e+00, 2.004e+00, 9.983e+02, 4.008e-11
2.595e+00, 5.000e-01, -2.500e-02, 1.102e+05, 0.000e+00, 3.306e-08, 0.000e+00, 2.002e+00, 9.983e+02, 1.452e-11
2.595e+00, 5.000e-01, -1.500e-02, 1.101e+05, 0.000e+00, 1.175e-08, 0.000e+00, 2.000e+00, 9.983e+02, 5.162e-12
2.595e+00, 5.000e-01, -5.000e-03, 1.100e+05, 0.000e+00, 4.816e-09, 0.000e+00, 1.999e+00, 9.983e+02, 2.115e-12
2.605e+00, 5.000e-01, -1.195e+00, 1.202e+05, 0.000e+00, 1.002e-13, 0.000e+00, 2.184e+00, 9.983e+02, 2.000e-17
2.605e+00, 5.000e-01, -1.185e+00, 1.201e+05, 0.000e+00, 1.002e-13, 0.000e+00, 2.182e+00, 9.983e+02, 2.000e-17
2.605e+00, 5.000e-01, -1.175e+00, 1.200e+05, 0.000e+00, 1.002e-13, 0.000e+00, 2.181e+00, 9.983e+02, 2.000e-17
2.605e+00, 5.000e-01, -1.165e+00, 1.199e+05, 0.000e+00, 9.512e-13, 0.000e+00, 2.179e+00, 9.983e+02, 1.918e-16
2.605e+00, 5.000e-01, -1.155e+00, 1.198e+05, 0.000e+00, 3.313e-04, 0.000e+00, 2.177e+00, 9.983e+02, 1.340e-07
2.605e+00, 5.000e-01, -1.145e+00, 1.197e+05, 0.000e+00, 3.209e-04, 0.000e+00, 2.175e+00, 9.983e+02, 1.377e-07
2.605e+00, 5.000e-01, -1.135e+00, 1.196e+05, 0.000e+00, 3.179e-04, 0.000e+00, 2.174e+00, 9.983e+02, 1.365e-07
2.605e+00, 5.000e-01, -1.125e+00, 1.195e+05, 0.000e+00, 3.210e-04, 0.000e+00, 2.172e+00, 9.983e+02, 1.378e-07
2.605e+00, 5.000e-01, -1.115e+00, 1.194e+05, 0.000e+00, 3.268e-04, 0.000e+00, 2.170e+00, 9.983e+02, 1.403e-07
2.605e+00, 5.000e-01, -1.105e+00, 1.193e+05, 0.000e+00, 3.319e-04, 0.000e+00, 2.168e+00, 9.983e+02, 1.425e-07
2.605e+00, 5.000e-01, -1.095e+00, 1.192e+05, 0.000e+00, 3.352e-04, 0.000e+00, 2.167e+00, 9.983e+02, 1.439e-07
2.605e+00, 5.000e-01, -1.085e+00, 1.191e+05, 0.000e+00, 3.369e-04, 0.000e+00, 2.165e+00, 9.983e+02, 1.446e-07
2.605e+00, 5.000e-01, -1.075e+00, 1.190e+05, 0.000e+00, 3.374e-04, 0.000e+00, 2.163e+00, 9.983e+02, 1.448e-07
2.605e+00, 5.000e-01, -1.065e+00, 1.189e+05, 0.000e+00, 3.369e-04, 0.000e+00, 2.161e+00, 9.983e+02, 1.446e-07
2.605e+00, 5.000e-01, -1.055e+00, 1.188e+05, 0.000e+00, 3.359e-04, 0.000e+00, 2.159e+00, 9.983e+02, 1.442e-07
2.605e+00, 5.000e-01, -1.045e+00, 1.187e+05, 0.000e+00, 3.346e-04, 0.000e+00, 2.158e+00, 9.983e+02, 1.437e-07
2.605e+00, 5.000e-01, -1.035e+00, 1.186e+05, 0.000e+00, 3.333e-04, 0.000e+00, 2.156e+00, 9.983e+02, 1.431e-07
2.605e+00, 5.000e-01, -1.025e+00, 1.185e+05, 0.000e+00, 3.318e-04, 0.000e+00, 2.154e+00, 9.983e+02, 1.424e-07
2.605e+00, 5.000e-01, -1.015e+00, 1.185e+05, 0.000e+00, 3.301e-04, 0.000e+00, 2.152e+00, 9.983e+02, 1.417e-07
2.605e+00, 5.000e-01, -1.005e+00, 1.184e+05, 0.000e+00, 3.274e-04, 0.000e+00, 2.150e+00, 9.983e+02, 1.405e-07
2.605e+00, 5.000e-01, -9.950e-01, 1.183e+05, 0.000e+00, 3.225e-04, 0.000e+00, 2.149e+00, 9.983e+02, 1.384e-07
2.605e+00, 5.000e-01, -9.850e-01, 1.182e+05, 0.000e+00, 3.135e-04, 0.000e+00, 2.147e+00, 9.983e+02, 1.346e-07
2.605e+00, 5.000e-01, -9.750e-01, 1.181e+05, 0.000e+00, 2.989e-04, 0.000e+00, 2.145e+00, 9.983e+02, 1.283e-07
2.605e+00, 5.000e-01, -9.650e-01, 1.180e+05, 0.000e+00, 2.781e-04, 0.000e+00, 2.143e+00, 9.983e+02, 1.194e-07
2.605e+00, 5.000e-01, -9.550e-01, 1.179e+05, 0.000e+00, 2.537e-04, 0.000e+00, 2.141e+00, 9.983e+02, 1.089e-07
2.605e+00, 5.000e-01, -9.450e-01, 1.178e+05, 0.000e+00, 2.321e-04, 0.000e+00, 2.140e+00, 9.983e+02, 9.962e-08
2.605e+00, 5.000e-01, -9.350e-01, 1.177e+05, 0.000e+00, 2.133e-04, 0.000e+00, 2.138e+00, 9.983e+02, 9.157e-08
2.605e+00, 5.000e-01, -9.250e-01, 1.176e+05, 0.000e+00, 1.964e-04, 0.000e+00, 2.136e+00, 9.983e+02, 8.430e-08
2.605e+00, 5.000e-01, -9.150e-01, 1.175e+05, 0.000e+00, 1.801e-04, 0.000e+00, 2.134e+00, 9.983e+02, 7.732e-08
2.605e+00, 5.000e-01, -9.050e-01, 1.174e+05, 0.000e+00, 1.637e-04, 0.000e+00, 2.132e+00, 9.983e+02, 7.027e-08
2.605e+00, 5.000e-01, -8.950e-01, 1.173e+05, 0.000e+00, 1.467e-04, 0.000e+00, 2.131e+00, 9.983e+02, 6.298e-08
2.605e+00, 5.000e-01, -8.850e-01, 1.172e+05, 0.000e+00, 1.291e-04, 0.000e+00, 2.129e+00, 9.983e+02, 5.542e-08
2.605e+00, 5.000e-01, -8.750e-01, 1.171e+05, 0.000e+00, 1.111e-04, 0.000e+00, 2.127e+00, 9.983e+02, 4.767e-08
2.605e+00, 5.000e-01, -8.650e-01, 1.170e+05, 0.000e+00, 9.292e-05, 0.000e+00, 2.125e+00, 9.983e+02, 3.989e-08
2.605e+00, 5.000e-01, -8.550e-01, 1.169e+05, 0.000e+00, 7.517e-05, 0.000e+00, 2.124e+00, 9.983e+02, 3.227e-08
2.605e+00, 5.000e-01, -8.450e-01, 1.168e+05, 0.000e+00, 5.834e-05, 0.000e+00, 2.122e+00, 9.983e+02, 2.504e-08
2.605e+00, 5.000e-01, -8.350e-01, 1.167e+05, 0.000e+00, 4.307e-05, 0.000e+00, 2.120e+00, 9.983e+02, 1.849e-08
2.605e+00, 5.000e-01, -8.250e-01, 1.166e+05, 0.000e+00, 2.998e-05, 0.000e+00, 2.118e+00, 9.983e+02, 1.287e-08
2.605e+00, 5.000e-01, -8.150e-01, 1.165e+05, 0.000e+00, 1.968e-05, 0.000e+00, 2.116e+00, 9.983e+02, 8.450e-09
2.605e+00, 5.000e-01, -8.050e-01, 1.164e+05, 0.000e+00, 1.301e-05, 0.000e+00, 2.115e+00, 9.983e+02, 5.583e-09
2.605e+00, 5.000e-01, -7.950e-01, 1.163e+05, 0.000e+00, 1.212e-05, 0.000e+00, 2.113e+00, 9.983e+02, 5.203e-09
2.605e+00, 5.000e-01, -7.850e-01, 1.162e+05, 0.000e+00, 2.269e-05, 0.000e+00, 2.111e+00, 9.983e+02, 9.800e-09
2.605e+00, 5.000e-01, -7.750e-01, 1.176e+05, 0.000e+00, 6.005e-05, 0.000e+00, 2.136e+00, 9.983e+02, 2.638e-08
2.605e+00, 5.000e-01, -7.650e-01, 1.175e+05, 0.000e+00, 8.276e-05, 0.000e+00, 2.135e+00, 9.983e+02, 3.635e-08
2.605e+00, 5.000e-01, -7.550e-01, 1.174e+05, 0.000e+00, 8.728e-05, 0.000e+00, 2.133e+00, 9.983e+02, 3.834e-08
2.605e+00, 5.000e-01, -7.450e-01, 1.173e+05, 0.000e+00, 7.774e-05, 0.000e+00, 2.131e+00, 9.983e+02, 3.415e-08
2.605e+00, 5.000e-01, -7.350e-01, 1.172e+05, 0.000e+00, 6.105e-05, 0.000e+00, 2.129e+00, 9.983e+02, 2.682e-08
2.605e+00, 5.000e-01, -7.250e-01, 1.171e+05, 0.000e+00, 4.337e-05, 0.000e+00, 2.127e+00, 9.983e+02, 1.905e-08
2.605e+00, 5.000e-01, -7.150e-01, 1.170e+05, 0.000e+00, 2.858e-05, 0.000e+00, 2.126e+00, 9.983e+02, 1.255e-08
2.605e+00, 5.000e-01, -7.050e-01, 1.169e+05, 0.000e+00, 1.883e-05, 0.000e+00, 2.124e+00, 9.983e+02, 8.271e-09
2.605e+00, 5.000e-01, -6.950e-01, 1.168e+05, 0.000e+00, 1.656e-05, 0.000e+00, 2.122e+00, 9.983e+02, 7.273e-09
2.605e+00, 5.000e-01, -6.850e-01, 1.167e+05, 0.000e+00, 2.824e-05, 0.000e+00, 2.120e+00, 9.983e+02, 1.240e-08
2.605e+00, 5.000e-01, -6.750e-01, 1.166e+05, 0.000e+00, 6.872e-05, 0.000e+00, 2.119e+00, 9.983e+02, 3.019e-08
2.605e+00, 5.000e-01, -6.650e-01, 1.165e+05, 0.000e+00, 1.603e-04, 0.000e+00, 2.117e+00, 9.983e+02, 7.039e-08
2.605e+00, 5.000e-01, -6.550e-01, 1.149e+05, 0.000e+00, 3.110e-04, 0.000e+00, 2.088e+00, 9.983e+02, 1.385e-07
2.605e+00, 5.000e-01, -6.450e-01, 1.148e+05, 0.000e+00, 3.879e-04, 0.000e+00, 2.086e+00, 9.983e+02, 1.743e-07
2.605e+00, 5.000e-01, -6.350e-01, 1.147e+05, 0.000e+00, 4.140e-04, 0.000e+00, 2.084e+00, 9.983e+02, 1.860e-07
2.605e+00, 5.000e-01, -6.250e-01, 1.146e+05, 0.000e+00, 4.099e-04, 0.000e+00, 2.083e+00, 9.983e+02, 1.841e-07
2.605e+00, 5.000e-01, -6.150e-01, 1.145e+05, 0.000e+00, 3.933e-04, 0.000e+00, 2.081e+00, 9.983e+02, 1.767e-07
2.605e+00, 5.000e-01, -6.050e-01, 1.144e+05, 0.000e+00, 3.722e-04, 0.000e+00, 2.079e+00, 9.983e+02, 1.672e-07
2.605e+00, 5.000e-01, -5.950e-01, 1.144e+05, 0.000e+00, 3.496e-04, 0.000e+00, 2.077e+00, 9.983e+02, 1.571e-07
2.605e+00, 5.000e-01, -5.850e-01, 1.143e+05, 0.000e+00, 3.264e-04, 0.000e+00, 2.075e+00, 9.983e+02, 1.466e-07
2.605e+00, 5.000e-01, -5.750e-01, 1.142e+05, 0.000e+00, 3.034e-04, 0.000e+00, 2.074e+00, 9.983e+02, 1.363e-07
2.605e+00, 5.000e-01, -5.650e-01, 1.141e+05, 0.000e+00, 2.821e-04, 0.000e+00, 2.072e+00, 9.983e+02, 1.267e-07
2.605e+00, 5.000e-01, -5.550e-01, 1.140e+05, 0.000e+00, 2.654e-04, 0.000e+00, 2.070e+00, 9.983e+02, 1.192e-07
2.605e+00, 5.000e-01, -5.450e-01, 1.139e+05, 0.000e+00, 2.566e-04, 0.000e+00, 2.068e+00, 9.983e+02, 1.131e-07
2.605e+00, 5.000e-01, -5.350e-01, 1.137e+05, 0.000e+00, 2.511e-04, 0.000e+00, 2.066e+00, 9.983e+02, 1.078e-07
2.605e+00, 5.000e-01, -5.250e-01, 1.137e+05, 0.000e+00, 2.331e-04, 0.000e+00, 2.064e+00, 9.983e+02, 1.001e-07
2.605e+00, 5.000e-01, -5.150e-01, 1.136e+05, 0.000e+00, 2.125e-04, 0.000e+00, 2.063e+00, 9.983e+02, 9.121e-08
2.605e+00, 5.000e-01, -5.050e-01, 1.135e+05, 0.000e+00, 1.929e-04, 0.000e+00, 2.061e+00, 9.983e+02, 8.282e-08
2.605e+00, 5.000e-01, -4.950e-01, 1.134e+05, 0.000e+00, 1.743e-04, 0.000e+00, 2.059e+00, 9.983e+02, 7.482e-08
2.605e+00, 5.000e-01, -4.850e-01, 1.133e+05, 0.000e+00, 1.560e-04, 0.000e+00, 2.058e+00, 9.983e+02, 6.954e-08
2.605e+00, 5.000e-01, -4.750e-01, 1.132e+05, 0.000e+00, 1.506e-04, 0.000e+00, 2.056e+00, 9.983e+02, 6.749e-08
2.605e+00, 5.000e-01, -4.650e-01, 1.131e+05, 0.000e+00, 1.519e-04, 0.000e+00, 2.054e+00, 9.983e+02, 6.524e-08
2.605e+00, 5.000e-01, -4.550e-01, 1.130e+05, 0.000e+00, 1.385e-04, 0.000e+00, 2.052e+00, 9.983e+02, 5.945e-08
2.605e+00, 5.000e-01, -4.450e-01, 1.129e+05, 0.000e+00, 1.170e-04, 0.000e+00, 2.050e+00, 9.983e+02, 5.022e-08
2.605e+00, 5.000e-01, -4.350e-01, 1.128e+05, 0.000e+00, 9.652e-05, 0.000e+00, 2.048e+00, 9.983e+02, 4.143e-08
2.605e+00, 5.000e-01, -4.250e-01, 1.127e+05, 0.000e+00, 8.095e-05, 0.000e+00, 2.047e+00, 9.983e+02, 3.475e-08
2.605e+00, 5.000e-01, -4.150e-01, 1.126e+05, 0.000e+00, 7.593e-05, 0.000e+00, 2.045e+00, 9.983e+02, 3.335e-08
2.605e+00, 5.000e-01, -4.050e-01, 1.125e+05, 0.000e+00, 7.490e-05, 0.000e+00, 2.043e+00, 9.983e+02, 3.364e-08
2.605e+00, 5.000e-01, -3.950e-01, 1.124e+05, 0.000e+00, 7.242e-05, 0.000e+00, 2.041e+00, 9.983e+02, 3.253e-08
2.605e+00, 5.000e-01, -3.850e-01, 1.123e+05, 0.000e+00, 6.779e-05, 0.000e+00, 2.040e+00, 9.983e+02, 3.045e-08
2.605e+00, 5.000e-01, -3.750e-01, 1.122e+05, 0.000e+00, 6.141e-05, 0.000e+00, 2.038e+00, 9.983e+02, 2.759e-08
2.605e+00, 5.000e-01, -3.650e-01, 1.121e+05, 0.000e+00, 5.406e-05, 0.000e+00, 2.036e+00, 9.983e+02, 2.429e-08
2.605e+00, 5.000e-01, -3.550e-01, 1.120e+05, 0.000e+00, 4.646e-05, 0.000e+00, 2.034e+00, 9.983e+02, 2.087e-08
2.605e+00, 5.000e-01, -3.450e-01, 1.119e+05, 0.000e+00, 3.916e-05, 0.000e+00, 2.033e+00, 9.983e+02, 1.759e-08
2.605e+00, 5.000e-01, -3.350e-01, 1.118e+05, 0.000e+00, 3.284e-05, 0.000e+00, 2.031e+00, 9.983e+02, 1.475e-08
2.605e+00, 5.000e-01, -3.250e-01, 1.117e+05, 0.000e+00, 2.961e-05, 0.000e+00, 2.029e+00, 9.983e+02, 1.330e-08
2.605e+00, 5.000e-01, -3.150e-01, 1.117e+05, 0.000e+00, 3.304e-05, 0.000e+00, 2.029e+00, 9.983e+02, 1.453e-08
2.605e+00, 5.000e-01, -3.050e-01, 1.116e+05, 0.000e+00, 3.723e-05, 0.000e+00, 2.027e+00, 9.983e+02, 1.635e-08
2.605e+00, 5.000e-01, -2.950e-01, 1.115e+05, 0.000e+00, 4.014e-05, 0.000e+00, 2.025e+00, 9.983e+02, 1.763e-08
2.605e+00, 5.000e-01, -2.850e-01, 1.114e+05, 0.000e+00, 4.082e-05, 0.000e+00, 2.023e+00, 9.983e+02, 1.793e-08
2.605e+00, 5.000e-01, -2.750e-01, 1.113e+05, 0.000e+00, 3.976e-05, 0.000e+00, 2.021e+00, 9.983e+02, 1.746e-08
2.605e+00, 5.000e-01, -2.650e-01, 1.112e+05, 0.000e+00, 4.000e-05, 0.000e+00, 2.020e+00, 9.983e+02, 1.757e-08
2.605e+00, 5.000e-01, -2.550e-01, 1.111e+05, 0.000e+00, 4.903e-05, 0.000e+00, 2.018e+00, 9.983e+02, 2.154e-08
2.605e+00, 5.000e-01, -2.450e-01, 1.110e+05, 0.000e+00, 7.953e-05, 0.000e+00, 2.016e+00, 9.983e+02, 3.493e-08
2.605e+00, 5.000e-01, -2.350e-01, 1.109e+05, 0.000e+00, 1.385e-04, 0.000e+00, 2.014e+00, 9.983e+02, 6.053e-08
2.605e+00, 5.000e-01, -2.250e-01, 1.110e+05, 0.000e+00, 2.188e-04, 0.000e+00, 2.016e+00, 9.983e+02, 9.391e-08
2.605e+00, 5.000e-01, -2.150e-01, 1.109e+05, 0.000e+00, 3.007e-04, 0.000e+00, 2.014e+00, 9.983e+02, 1.291e-07
2.605e+00, 5.000e-01, -2.050e-01, 1.108e+05, 0.000e+00, 3.731e-04, 0.000e+00, 2.012e+00, 9.983e+02, 1.602e-07
2.605e+00, 5.000e-01, -1.950e-01, 1.107e+05, 0.000e+00, 4.239e-04, 0.000e+00, 2.011e+00, 9.983e+02, 1.820e-07
2.605e+00, 5.000e-01, -1.850e-01, 1.106e+05, 0.000e+00, 4.423e-04, 0.000e+00, 2.009e+00, 9.983e+02, 1.899e-07
2.605e+00, 5.000e-01, -1.750e-01, 1.105e+05, 0.000e+00, 4.295e-04, 0.000e+00, 2.007e+00, 9.983e+02, 1.844e-07
2.605e+00, 5.000e-01, -1.650e-01, 1.104e+05, 0.000e+00, 3.965e-04, 0.000e+00, 2.005e+00, 9.983e+02, 1.711e-07
2.605e+00, 5.000e-01, -1.550e-01, 1.115e+05, 0.000e+00, 3.206e-04, 0.000e+00, 2.025e+00, 9.983e+02, 1.408e-07
2.605e+00, 5.000e-01, -1.450e-01, 1.114e+05, 0.000e+00, 2.349e-04, 0.000e+00, 2.024e+00, 9.983e+02, 1.032e-07
2.605e+00, 5.000e-01, -1.350e-01, 1.113e+05, 0.000e+00, 1.573e-04, 0.000e+00, 2.022e+00, 9.983e+02, 6.911e-08
2.605e+00, 5.000e-01, -1.250e-01, 1.112e+05, 0.000e+00, 9.688e-05, 0.000e+00, 2.020e+00, 9.983e+02, 4.255e-08
2.605e+00, 5.000e-01, -1.150e-01, 1.111e+05, 0.000e+00, 5.526e-05, 0.000e+00, 2.018e+00, 9.983e+02, 2.427e-08
2.605e+00, 5.000e-01, -1.050e-01, 1.110e+05, 0.000e+00, 2.943e-05, 0.000e+00, 2.017e+00, 9.983e+02, 1.293e-08
2.605e+00, 5.000e-01, -9.500e-02, 1.109e+05, 0.000e+00, 1.475e-05, 0.000e+00, 2.015e+00, 9.983e+02, 6.478e-09
2.605e+00, 5.000e-01, -8.500e-02, 1.108e+05, 0.000e+00, 6.995e-06, 0.000e+00, 2.013e+00, 9.983e+02, 3.072e-09
2.605e+00, 5.000e-01, -7.500e-02, 1.107e+05, 0.000e+00, 3.153e-06, 0.000e+00, 2.011e+00, 9.983e+02, 1.385e-09
2.605e+00, 5.000e-01, -6.500e-02, 1.106e+05, 0.000e+00, 1.354e-06, 0.000e+00, 2.009e+00, 9.983e+02, 5.948e-10
2.605e+00, 5.000e-01, -5.500e-02, 1.105e+05, 0.000e+00, 5.551e-07, 0.000e+00, 2.008e+00, 9.983e+02, 2.438e-10
2.605e+00, 5.000e-01, -4.500e-02, 1.104e+05, 0.000e+00, 2.174e-07, 0.000e+00, 2.006e+00, 9.983e+02, 9.548e-11
2.605e+00, 5.000e-01, -3.500e-02, 1.103e+05, 0.000e+00, 8.142e-08, 0.000e+00, 2.004e+00, 9.983e+02, 3.576e-11
2.605e+00, 5.000e-01, -2.500e-02, 1.102e+05, 0.000e+00, 2.926e-08, 0.000e+00, 2.002e+00, 9.983e+02, 1.285e-11
2.605e+00, 5.000e-01, -1.500e-02, 1.101e+05, 0.000e+00, 1.031e-08, 0.000e+00, 2.000e+00, 9.983e+02, 4.529e-12
2.605e+00, 5.000e-01, -5.000e-03, 1.100e+05, 0.000e+00, 4.194e-09, 0.000e+00, 1.999e+00, 9.983e+02, 1.842e-12
2.615e+00, 5.000e-01, -1.195e+00, 1.202e+05, 0.000e+00, 1.002e-13, 0.000e+00, 2.184e+00, 9.983e+02, 2.000e-17
2.615e+00, 5.000e-01, -1.185e+00, 1.201e+05, 0.000e+00, 1.002e-13, 0.000e+00, 2.182e+00, 9.983e+02, 2.000e-17
2.615e+00, 5.000e-01, -1.175e+00, 1.200e+05, 0.000e+00, 1.002e-13, 0.000e+00, 2.181e+00, 9.983e+02, 2.000e-17
2.615e+00, 5.000e-01, -1.165e+00, 1.199e+05, 0.000e+00, 2.420e-09, 0.000e+00, 2.179e+00, 9.983e+02, 8.195e-13
2.615e+00, 5.000e-01, -1.155e+00, 1.198e+05, 0.000e+00, 3.352e-04, 0.000e+00, 2.177e+00, 9.983e+02, 1.439e-07
2.615e+00, 5.000e-01, -1.145e+00, 1.197e+05, 0.000e+00, 3.253e-04, 0.000e+00, 2.175e+00, 9.983e+02, 1.396e-07
2.615e+00, 5.000e-01, -1.135e+00, 1.196e+05, 0.000e+00, 3.202e-04, 0.000e+00, 2.174e+00, 9.983e+02, 1.375e-07
2.615e+00, 5.000e-01, -1.125e+00, 1.195e+05, 0.000e+00, 3.200e-04, 0.000e+00, 2.172e+00, 9.983e+02, 1.374e-07
2.615e+00, 5.000e-01, -1.115e+00, 1.194e+05, 0.000e+00, 3.234e-04, 0.000e+00, 2.170e+00, 9.983e+02, 1.388e-07
2.615e+00, 5.000e-01, -1.105e+00, 1.193e+05, 0.000e+00, 3.273e-04, 0.000e+00, 2.168e+00, 9.983e+02, 1.405e-07
2.615e+00, 5.000e-01, -1.095e+00, 1.192e+05, 0.000e+00, 3.301e-04, 0.000e+00, 2.167e+00, 9.983e+02, 1.417e-07
2.615e+00, 5.000e-01, -1.085e+00, 1.191e+05, 0.000e+00, 3.319e-04, 0.000e+00, 2.165e+00, 9.983e+02, 1.425e-07
2.615e+00, 5.000e-01, -1.075e+00, 1.190e+05, 0.000e+00, 3.328e-04, 0.000e+00, 2.163e+00, 9.983e+02, 1.428e-07
2.615e+00, 5.000e-01, -1.065e+00, 1.189e+05, 0.000e+00, 3.330e-04, 0.000e+00, 2.161e+00, 9.983e+02, 1.429e-07
2.615e+00, 5.000e-01, -1.055e+00, 1.188e+05, 0.000e+00, 3.328e-04, 0.000e+00, 2.159e+00, 9.983e+02, 1.429e-07
2.615e+00, 5.000e-01, -1.045e+00, 1.187e+05, 0.000e+00, 3.323e-04, 0.000e+00, 2.158e+00, 9.983e+02, 1.427e-07
2.615e+00, 5.000e-01, -1.035e+00, 1.186e+05, 0.000e+00, 3.317e-04, 0.000e+00, 2.156e+00, 9.983e+02, 1.424e-07
2.615e+00, 5.000e-01, -1.025e+00, 1.185e+05, 0.000e+00, 3.305e-04, 0.000e+00, 2.154e+00, 9.983e+02, 1.419e-07
2.615e+00, 5.000e-01, -1.015e+00, 1.185e+05, 0.000e+00, 3.284e-04, 0.000e+00, 2.152e+00, 9.983e+02, 1.410e-07
2.615e+00, 5.000e-01, -1.005e+00, 1.184e+05, 0.000e+00, 3.242e-04, 0.000e+00, 2.150e+00, 9.983e+02, 1.392e-07
2.615e+00, 5.000e-01, -9.950e-01, 1.183e+05, 0.000e+00, 3.165e-04, 0.000e+00, 2.149e+00, 9.983e+02, 1.359e-07
2.615e+00, 5.000e-01, -9.850e-01, 1.182e+05, 0.000e+00, 3.037e-04, 0.000e+00, 2.147e+00, 9.983e+02, 1.304e-07
2.615e+00, 5.000e-01, -9.750e-01, 1.181e+05, 0.000e+00, 2.852e-04, 0.000e+00, 2.145e+00, 9.983e+02, 1.225e-07
2.615e+00, 5.000e-01, -9.650e-01, 1.180e+05, 0.000e+00, 2.618e-04, 0.000e+00, 2.143e+00, 9.983e+02, 1.124e-07
2.615e+00, 5.000e-01, -9.550e-01, 1.179e+05, 0.000e+00, 2.398e-04, 0.000e+00, 2.141e+00, 9.983e+02, 1.029e-07
2.615e+00, 5.000e-01, -9.450e-01, 1.178e+05, 0.000e+00, 2.208e-04, 0.000e+00, 2.140e+00, 9.983e+02, 9.477e-08
2.615e+00, 5.000e-01, -9.350e-01, 1.177e+05, 0.000e+00, 2.041e-04, 0.000e+00, 2.138e+00, 9.983e+02, 8.761e-08
2.615e+00, 5.000e-01, -9.250e-01, 1.176e+05, 0.000e+00, 1.886e-04, 0.000e+00, 2.136e+00, 9.983e+02, 8.097e-08
2.615e+00, 5.000e-01, -9.150e-01, 1.175e+05, 0.000e+00, 1.734e-04, 0.000e+00, 2.134e+00, 9.983e+02, 7.442e-08
2.615e+00, 5.000e-01, -9.050e-01, 1.174e+05, 0.000e+00, 1.577e-04, 0.000e+00, 2.132e+00, 9.983e+02, 6.768e-08
2.615e+00, 5.000e-01, -8.950e-01, 1.173e+05, 0.000e+00, 1.413e-04, 0.000e+00, 2.131e+00, 9.983e+02, 6.064e-08
2.615e+00, 5.000e-01, -8.850e-01, 1.172e+05, 0.000e+00, 1.242e-04, 0.000e+00, 2.129e+00, 9.983e+02, 5.329e-08
2.615e+00, 5.000e-01, -8.750e-01, 1.171e+05, 0.000e+00, 1.066e-04, 0.000e+00, 2.127e+00, 9.983e+02, 4.575e-08
2.615e+00, 5.000e-01, -8.650e-01, 1.170e+05, 0.000e+00, 8.888e-05, 0.000e+00, 2.125e+00, 9.983e+02, 3.815e-08
2.615e+00, 5.000e-01, -8.550e-01, 1.169e+05, 0.000e+00, 7.152e-05, 0.000e+00, 2.124e+00, 9.983e+02, 3.070e-08
2.615e+00, 5.000e-01, -8.450e-01, 1.168e+05, 0.000e+00, 5.507e-05, 0.000e+00, 2.122e+00, 9.983e+02, 2.364e-08
2.615e+00, 5.000e-01, -8.350e-01, 1.167e+05, 0.000e+00, 4.018e-05, 0.000e+00, 2.120e+00, 9.983e+02, 1.725e-08
2.615e+00, 5.000e-01, -8.250e-01, 1.166e+05, 0.000e+00, 2.751e-05, 0.000e+00, 2.118e+00, 9.983e+02, 1.181e-08
2.615e+00, 5.000e-01, -8.150e-01, 1.165e+05, 0.000e+00, 1.770e-05, 0.000e+00, 2.116e+00, 9.983e+02, 7.598e-09
2.615e+00, 5.000e-01, -8.050e-01, 1.164e+05, 0.000e+00, 1.164e-05, 0.000e+00, 2.115e+00, 9.983e+02, 4.996e-09
2.615e+00, 5.000e-01, -7.950e-01, 1.163e+05, 0.000e+00, 1.169e-05, 0.000e+00, 2.113e+00, 9.983e+02, 5.020e-09
2.615e+00, 5.000e-01, -7.850e-01, 1.177e+05, 0.000e+00, 2.695e-05, 0.000e+00, 2.138e+00, 9.983e+02, 1.172e-08
2.615e+00, 5.000e-01, -7.750e-01, 1.176e+05, 0.000e+00, 5.410e-05, 0.000e+00, 2.136e+00, 9.983e+02, 2.376e-08
2.615e+00, 5.000e-01, -7.650e-01, 1.175e+05, 0.000e+00, 6.968e-05, 0.000e+00, 2.135e+00, 9.983e+02, 3.060e-08
2.615e+00, 5.000e-01, -7.550e-01, 1.174e+05, 0.000e+00, 7.144e-05, 0.000e+00, 2.133e+00, 9.983e+02, 3.138e-08
2.615e+00, 5.000e-01, -7.450e-01, 1.173e+05, 0.000e+00, 6.271e-05, 0.000e+00, 2.131e+00, 9.983e+02, 2.754e-08
2.615e+00, 5.000e-01, -7.350e-01, 1.172e+05, 0.000e+00, 4.884e-05, 0.000e+00, 2.129e+00, 9.983e+02, 2.145e-08
2.615e+00, 5.000e-01, -7.250e-01, 1.171e+05, 0.000e+00, 3.453e-05, 0.000e+00, 2.127e+00, 9.983e+02, 1.516e-08
2.615e+00, 5.000e-01, -7.150e-01, 1.170e+05, 0.000e+00, 2.270e-05, 0.000e+00, 2.126e+00, 9.983e+02, 9.973e-09
2.615e+00, 5.000e-01, -7.050e-01, 1.169e+05, 0.000e+00, 1.506e-05, 0.000e+00, 2.124e+00, 9.983e+02, 6.614e-09
2.615e+00, 5.000e-01, -6.950e-01, 1.168e+05, 0.000e+00, 1.390e-05, 0.000e+00, 2.122e+00, 9.983e+02, 6.107e-09
2.615e+00, 5.000e-01, -6.850e-01, 1.167e+05, 0.000e+00, 2.589e-05, 0.000e+00, 2.120e+00, 9.983e+02, 1.137e-08
2.615e+00, 5.000e-01, -6.750e-01, 1.166e+05, 0.000e+00, 6.702e-05, 0.000e+00, 2.119e+00, 9.983e+02, 2.944e-08
2.615e+00, 5.000e-01, -6.650e-01, 1.165e+05, 0.000e+00, 1.633e-04, 0.000e+00, 2.117e+00, 9.983e+02, 7.174e-08
2.615e+00, 5.000e-01, -6.550e-01, 1.149e+05, 0.000e+00, 3.271e-04, 0.000e+00, 2.088e+00, 9.983e+02, 1.463e-07
2.615e+00, 5.000e-01, -6.450e-01, 1.148e+05, 0.000e+00, 3.911e-04, 0.000e+00, 2.086e+00, 9.983e+02, 1.757e-07
2.615e+00, 5.000e-01, -6.350e-01, 1.147e+05, 0.000e+00, 4.129e-04, 0.000e+00, 2.084e+00, 9.983e+02, 1.855e-07
2.615e+00, 5.000e-01, -6.250e-01, 1.146e+05, 0.000e+00, 4.066e-04, 0.000e+00, 2.083e+00, 9.983e+02, 1.827e-07
2.615e+00, 5.000e-01, -6.150e-01, 1.145e+05, 0.000e+00, 3.881e-04, 0.000e+00, 2.081e+00, 9.983e+02, 1.744e-07
2.615e+00, 5.000e-01, -6.050e-01, 1.144e+05, 0.000e+00, 3.649e-04, 0.000e+00, 2.079e+00, 9.983e+02, 1.639e-07
2.615e+00, 5.000e-01, -5.950e-01, 1.144e+05, 0.000e+00, 3.397e-04, 0.000e+00, 2.077e+00, 9.983e+02, 1.526e-07
2.615e+00, 5.000e-01, -5.850e-01, 1.143e+05, 0.000e+00, 3.135e-04, 0.000e+00, 2.075e+00, 9.983e+02, 1.408e-07
2.615e+00, 5.000e-01, -5.750e-01, 1.142e+05, 0.000e+00, 2.874e-04, 0.000e+00, 2.074e+00, 9.983e+02, 1.291e-07
2.615e+00, 5.000e-01, -5.650e-01, 1.141e+05, 0.000e+00, 2.633e-04, 0.000e+00, 2.072e+00, 9.983e+02, 1.183e-07
2.615e+00, 5.000e-01, -5.550e-01, 1.140e+05, 0.000e+00, 2.452e-04, 0.000e+00, 2.070e+00, 9.983e+02, 1.101e-07
2.615e+00, 5.000e-01, -5.450e-01, 1.138e+05, 0.000e+00, 2.389e-04, 0.000e+00, 2.068e+00, 9.983e+02, 1.045e-07
2.615e+00, 5.000e-01, -5.350e-01, 1.137e+05, 0.000e+00, 2.336e-04, 0.000e+00, 2.066e+00, 9.983e+02, 1.003e-07
2.615e+00, 5.000e-01, -5.250e-01, 1.137e+05, 0.000e+00, 2.155e-04, 0.000e+00, 2.064e+00, 9.983e+02, 9.250e-08
2.615e+00, 5.000e-01, -5.150e-01, 1.136e+05, 0.000e+00, 1.971e-04, 0.000e+00, 2.063e+00, 9.983e+02, 8.463e-08
2.615e+00, 5.000e-01, -5.050e-01, 1.135e+05, 0.000e+00, 1.810e-04, 0.000e+00, 2.061e+00, 9.983e+02, 7.771e-08
2.615e+00, 5.000e-01, -4.950e-01, 1.134e+05, 0.000e+00, 1.631e-04, 0.000e+00, 2.059e+00, 9.983e+02, 7.023e-08
2.615e+00, 5.000e-01, -4.850e-01, 1.133e+05, 0.000e+00, 1.469e-04, 0.000e+00, 2.058e+00, 9.983e+02, 6.595e-08
2.615e+00, 5.000e-01, -4.750e-01, 1.132e+05, 0.000e+00, 1.408e-04, 0.000e+00, 2.056e+00, 9.983e+02, 6.253e-08
2.615e+00, 5.000e-01, -4.650e-01, 1.131e+05, 0.000e+00, 1.349e-04, 0.000e+00, 2.054e+00, 9.983e+02, 5.791e-08
2.615e+00, 5.000e-01, -4.550e-01, 1.130e+05, 0.000e+00, 1.169e-04, 0.000e+00, 2.052e+00, 9.983e+02, 5.019e-08
2.615e+00, 5.000e-01, -4.450e-01, 1.129e+05, 0.000e+00, 9.678e-05, 0.000e+00, 2.050e+00, 9.983e+02, 4.155e-08
2.615e+00, 5.000e-01, -4.350e-01, 1.128e+05, 0.000e+00, 7.872e-05, 0.000e+00, 2.048e+00, 9.983e+02, 3.379e-08
2.615e+00, 5.000e-01, -4.250e-01, 1.127e+05, 0.000e+00, 6.572e-05, 0.000e+00, 2.047e+00, 9.983e+02, 2.821e-08
2.615e+00, 5.000e-01, -4.150e-01, 1.126e+05, 0.000e+00, 6.081e-05, 0.000e+00, 2.045e+00, 9.983e+02, 2.702e-08
2.615e+00, 5.000e-01, -4.050e-01, 1.125e+05, 0.000e+00, 5.724e-05, 0.000e+00, 2.043e+00, 9.983e+02, 2.571e-08
2.615e+00, 5.000e-01, -3.950e-01, 1.124e+05, 0.000e+00, 5.338e-05, 0.000e+00, 2.041e+00, 9.983e+02, 2.398e-08
2.615e+00, 5.000e-01, -3.850e-01, 1.123e+05, 0.000e+00, 4.883e-05, 0.000e+00, 2.040e+00, 9.983e+02, 2.193e-08
2.615e+00, 5.000e-01, -3.750e-01, 1.122e+05, 0.000e+00, 4.358e-05, 0.000e+00, 2.038e+00, 9.983e+02, 1.958e-08
2.615e+00, 5.000e-01, -3.650e-01, 1.121e+05, 0.000e+00, 3.792e-05, 0.000e+00, 2.036e+00, 9.983e+02, 1.703e-08
2.615e+00, 5.000e-01, -3.550e-01, 1.120e+05, 0.000e+00, 3.222e-05, 0.000e+00, 2.034e+00, 9.983e+02, 1.448e-08
2.615e+00, 5.000e-01, -3.450e-01, 1.119e+05, 0.000e+00, 2.685e-05, 0.000e+00, 2.033e+00, 9.983e+02, 1.206e-08
2.615e+00, 5.000e-01, -3.350e-01, 1.118e+05, 0.000e+00, 2.227e-05, 0.000e+00, 2.031e+00, 9.983e+02, 1.000e-08
2.615e+00, 5.000e-01, -3.250e-01, 1.117e+05, 0.000e+00, 2.037e-05, 0.000e+00, 2.029e+00, 9.983e+02, 9.124e-09
2.615e+00, 5.000e-01, -3.150e-01, 1.117e+05, 0.000e+00, 2.240e-05, 0.000e+00, 2.029e+00, 9.983e+02, 9.839e-09
2.615e+00, 5.000e-01, -3.050e-01, 1.116e+05, 0.000e+00, 2.477e-05, 0.000e+00, 2.027e+00, 9.983e+02, 1.088e-08
2.615e+00, 5.000e-01, -2.950e-01, 1.115e+05, 0.000e+00, 2.665e-05, 0.000e+00, 2.025e+00, 9.983e+02, 1.171e-08
2.615e+00, 5.000e-01, -2.850e-01, 1.114e+05, 0.000e+00, 2.746e-05, 0.000e+00, 2.023e+00, 9.983e+02, 1.206e-08
2.615e+00, 5.000e-01, -2.750e-01, 1.113e+05, 0.000e+00, 2.761e-05, 0.000e+00, 2.021e+00, 9.983e+02, 1.213e-08
2.615e+00, 5.000e-01, -2.650e-01, 1.112e+05, 0.000e+00, 2.990e-05, 0.000e+00, 2.020e+00, 9.983e+02, 1.313e-08
2.615e+00, 5.000e-01, -2.550e-01, 1.111e+05, 0.000e+00, 4.220e-05, 0.000e+00, 2.018e+00, 9.983e+02, 1.854e-08
2.615e+00, 5.000e-01, -2.450e-01, 1.110e+05, 0.000e+00, 7.918e-05, 0.000e+00, 2.016e+00, 9.983e+02, 3.478e-08
2.615e+00, 5.000e-01, -2.350e-01, 1.109e+05, 0.000e+00, 1.506e-04, 0.000e+00, 2.014e+00, 9.983e+02, 6.557e-08
2.615e+00, 5.000e-01, -2.250e-01, 1.110e+05, 0.000e+00, 2.437e-04, 0.000e+00, 2.016e+00, 9.983e+02, 1.046e-07
2.615e+00, 5.000e-01, -2.150e-01, 1.109e+05, 0.000e+00, 3.258e-04, 0.000e+00, 2.014e+00, 9.983e+02, 1.398e-07
2.615e+00, 5.000e-01, -2.050e-01, 1.108e+05, 0.000e+00, 3.874e-04, 0.000e+00, 2.012e+00, 9.983e+02, 1.663e-07
2.615e+00, 5.000e-01, -1.950e-01, 1.107e+05, 0.000e+00, 4.221e-04, 0.000e+00, 2.011e+00, 9.983e+02, 1.812e-07
2.615e+00, 5.000e-01, -1.850e-01, 1.106e+05, 0.000e+00, 4.277e-04, 0.000e+00, 2.009e+00, 9.983e+02, 1.836e-07
2.615e+00, 5.000e-01, -1.750e-01, 1.105e+05, 0.000e+00, 4.112e-04, 0.000e+00, 2.007e+00, 9.983e+02, 1.765e-07
2.615e+00, 5.000e-01, -1.650e-01, 1.104e+05, 0.000e+00, 3.842e-04, 0.000e+00, 2.005e+00, 9.983e+02, 1.663e-07
2.615e+00, 5.000e-01, -1.550e-01, 1.115e+05, 0.000e+00, 3.121e-04, 0.000e+00, 2.025e+00, 9.983e+02, 1.371e-07
2.615e+00, 5.000e-01, -1.450e-01, 1.114e+05, 0.000e+00, 2.278e-04, 0.000e+00, 2.024e+00, 9.983e+02, 1.000e-07
2.615e+00, 5.000e-01, -1.350e-01, 1.113e+05, 0.000e+00, 1.512e-04, 0.000e+00, 2.022e+00, 9.983e+02, 6.643e-08
2.615e+00, 5.000e-01, -1.250e-01, 1.112e+05, 0.000e+00, 9.229e-05, 0.000e+00, 2.020e+00, 9.983e+02, 4.054e-08
2.615e+00, 5.000e-01, -1.150e-01, 1.111e+05, 0.000e+00, 5.219e-05, 0.000e+00, 2.018e+00, 9.983e+02, 2.292e-08
2.615e+00, 5.000e-01, -1.050e-01, 1.110e+05, 0.000e+00, 2.758e-05, 0.000e+00, 2.017e+00, 9.983e+02, 1.212e-08
2.615e+00, 5.000e-01, -9.500e-02, 1.109e+05, 0.000e+00, 1.372e-05, 0.000e+00, 2.015e+00, 9.983e+02, 6.027e-09
2.615e+00, 5.000e-01, -8.500e-02, 1.108e+05, 0.000e+00, 6.462e-06, 0.000e+00, 2.013e+00, 9.983e+02, 2.838e-09
2.615e+00, 5.000e-01, -7.500e-02, 1.107e+05, 0.000e+00, 2.892e-06, 0.000e+00, 2.011e+00, 9.983e+02, 1.270e-09
2.615e+00, 5.000e-01, -6.500e-02, 1.106e+05, 0.000e+00, 1.233e-06, 0.000e+00, 2.009e+00, 9.983e+02, 5.415e-10
2.615e+00, 5.000e-01, -5.500e-02, 1.105e+05, 0.000e+00, 5.016e-07, 0.000e+00, 2.008e+00, 9.983e+02, 2.203e-10
2.615e+00, 5.000e-01, -4.500e-02, 1.104e+05, 0.000e+00, 1.950e-07, 0.000e+00, 2.006e+00, 9.983e+02, 8.565e-11
2.615e+00, 5.000e-01, -3.500e-02, 1.103e+05, 0.000e+00, 7.250e-08, 0.000e+00, 2.004e+00, 9.983e+02, 3.184e-11
2.615e+00, 5.000e-01, -2.500e-02, 1.102e+05, 0.000e+00, 2.586e-08, 0.000e+00, 2.002e+00, 9.983e+02, 1.136e-11
2.615e+00, 5.000e-01, -1.500e-02, 1.101e+05, 0.000e+00, 9.042e-09, 0.000e+00, 2.000e+00, 9.983e+02, 3.971e-12
2.615e+00, 5.000e-01, -5.000e-03, 1.100e+05, 0.000e+00, 3.652e-09, 0.000e+00, 1.999e+00, 9.983e+02, 1.604e-12
2.625e+00, 5.000e-01, -1.195e+00, 1.202e+05, 0.000e+00, 1.002e-13, 0.000e+00, 2.184e+00, 9.983e+02, 2.000e-17
2.625e+00, 5.000e-01, -1.185e+00, 1.201e+05, 0.000e+00, 1.002e-13, 0.000e+00, 2.182e+00, 9.983e+02, 2.000e-17
2.625e+00, 5.000e-01, -1.175e+00, 1.200e+05, 0.000e+00, 1.152e-12, 0.000e+00, 2.181e+00, 9.983e+02, 2.300e-16
2.625e+00, 5.000e-01, -1.165e+00, 1.199e+05, 0.000e+00, 3.336e-04, 0.000e+00, 2.179e+00, 9.983e+02, 1.134e-07
2.625e+00, 5.000e-01, -1.155e+00, 1.198e+05, 0.000e+00, 3.400e-04, 0.000e+00, 2.177e+00, 9.983e+02, 1.460e-07
2.625e+00, 5.000e-01, -1.145e+00, 1.197e+05, 0.000e+00, 3.328e-04, 0.000e+00, 2.175e+00, 9.983e+02, 1.429e-07
2.625e+00, 5.000e-01, -1.135e+00, 1.196e+05, 0.000e+00, 3.266e-04, 0.000e+00, 2.174e+00, 9.983e+02, 1.402e-07
2.625e+00, 5.000e-01, -1.125e+00, 1.195e+05, 0.000e+00, 3.237e-04, 0.000e+00, 2.172e+00, 9.983e+02, 1.390e-07
2.625e+00, 5.000e-01, -1.115e+00, 1.194e+05, 0.000e+00, 3.246e-04, 0.000e+00, 2.170e+00, 9.983e+02, 1.394e-07
2.625e+00, 5.000e-01, -1.105e+00, 1.193e+05, 0.000e+00, 3.270e-04, 0.000e+00, 2.168e+00, 9.983e+02, 1.404e-07
2.625e+00, 5.000e-01, -1.095e+00, 1.192e+05, 0.000e+00, 3.291e-04, 0.000e+00, 2.167e+00, 9.983e+02, 1.413e-07
2.625e+00, 5.000e-01, -1.085e+00, 1.191e+05, 0.000e+00, 3.306e-04, 0.000e+00, 2.165e+00, 9.983e+02, 1.419e-07
2.625e+00, 5.000e-01, -1.075e+00, 1.190e+05, 0.000e+00, 3.316e-04, 0.000e+00, 2.163e+00, 9.983e+02, 1.423e-07
2.625e+00, 5.000e-01, -1.065e+00, 1.189e+05, 0.000e+00, 3.320e-04, 0.000e+00, 2.161e+00, 9.983e+02, 1.425e-07
2.625e+00, 5.000e-01, -1.055e+00, 1.188e+05, 0.000e+00, 3.322e-04, 0.000e+00, 2.159e+00, 9.983e+02, 1.426e-07
2.625e+00, 5.000e-01, -1.045e+00, 1.187e+05, 0.000e+00, 3.319e-04, 0.000e+00, 2.158e+00, 9.983e+02, 1.425e-07
2.625e+00, 5.000e-01, -1.035e+00, 1.186e+05, 0.000e+00, 3.311e-04, 0.000e+00, 2.156e+00, 9.983e+02, 1.421e-07
2.625e+00, 5.000e-01, -1.025e+00, 1.185e+05, 0.000e+00, 3.293e-04, 0.000e+00, 2.154e+00, 9.983e+02, 1.414e-07
2.625e+00, 5.000e-01, -1.015e+00, 1.185e+05, 0.000e+00, 3.257e-04, 0.000e+00, 2.152e+00, 9.983e+02, 1.398e-07
2.625e+00, 5.000e-01, -1.005e+00, 1.184e+05, 0.000e+00, 3.188e-04, 0.000e+00, 2.150e+00, 9.983e+02, 1.369e-07
2.625e+00, 5.000e-01, -9.950e-01, 1.183e+05, 0.000e+00, 3.074e-04, 0.000e+00, 2.149e+00, 9.983e+02, 1.320e-07
2.625e+00, 5.000e-01, -9.850e-01, 1.182e+05, 0.000e+00, 2.909e-04, 0.000e+00, 2.147e+00, 9.983e+02, 1.249e-07
2.625e+00, 5.000e-01, -9.750e-01, 1.181e+05, 0.000e+00, 2.700e-04, 0.000e+00, 2.145e+00, 9.983e+02, 1.159e-07
2.625e+00, 5.000e-01, -9.650e-01, 1.180e+05, 0.000e+00, 2.472e-04, 0.000e+00, 2.143e+00, 9.983e+02, 1.061e-07
2.625e+00, 5.000e-01, -9.550e-01, 1.179e+05, 0.000e+00, 2.276e-04, 0.000e+00, 2.141e+00, 9.983e+02, 9.770e-08
2.625e+00, 5.000e-01, -9.450e-01, 1.178e+05, 0.000e+00, 2.108e-04, 0.000e+00, 2.140e+00, 9.983e+02, 9.050e-08
2.625e+00, 5.000e-01, -9.350e-01, 1.177e+05, 0.000e+00, 1.958e-04, 0.000e+00, 2.138e+00, 9.983e+02, 8.407e-08
2.625e+00, 5.000e-01, -9.250e-01, 1.176e+05, 0.000e+00, 1.815e-04, 0.000e+00, 2.136e+00, 9.983e+02, 7.793e-08
2.625e+00, 5.000e-01, -9.150e-01, 1.175e+05, 0.000e+00, 1.671e-04, 0.000e+00, 2.134e+00, 9.983e+02, 7.173e-08
2.625e+00, 5.000e-01, -9.050e-01, 1.174e+05, 0.000e+00, 1.520e-04, 0.000e+00, 2.132e+00, 9.983e+02, 6.526e-08
2.625e+00, 5.000e-01, -8.950e-01, 1.173e+05, 0.000e+00, 1.361e-04, 0.000e+00, 2.131e+00, 9.983e+02, 5.844e-08
2.625e+00, 5.000e-01, -8.850e-01, 1.172e+05, 0.000e+00, 1.195e-04, 0.000e+00, 2.129e+00, 9.983e+02, 5.131e-08
2.625e+00, 5.000e-01, -8.750e-01, 1.171e+05, 0.000e+00, 1.024e-04, 0.000e+00, 2.127e+00, 9.983e+02, 4.396e-08
2.625e+00, 5.000e-01, -8.650e-01, 1.170e+05, 0.000e+00, 8.511e-05, 0.000e+00, 2.125e+00, 9.983e+02, 3.653e-08
2.625e+00, 5.000e-01, -8.550e-01, 1.169e+05, 0.000e+00, 6.810e-05, 0.000e+00, 2.124e+00, 9.983e+02, 2.923e-08
2.625e+00, 5.000e-01, -8.450e-01, 1.168e+05, 0.000e+00, 5.198e-05, 0.000e+00, 2.122e+00, 9.983e+02, 2.231e-08
2.625e+00, 5.000e-01, -8.350e-01, 1.167e+05, 0.000e+00, 3.742e-05, 0.000e+00, 2.120e+00, 9.983e+02, 1.606e-08
2.625e+00, 5.000e-01, -8.250e-01, 1.166e+05, 0.000e+00, 2.514e-05, 0.000e+00, 2.118e+00, 9.983e+02, 1.079e-08
2.625e+00, 5.000e-01, -8.150e-01, 1.165e+05, 0.000e+00, 1.581e-05, 0.000e+00, 2.116e+00, 9.983e+02, 6.786e-09
2.625e+00, 5.000e-01, -8.050e-01, 1.164e+05, 0.000e+00, 1.037e-05, 0.000e+00, 2.115e+00, 9.983e+02, 4.450e-09
2.625e+00, 5.000e-01, -7.950e-01, 1.163e+05, 0.000e+00, 1.115e-05, 0.000e+00, 2.113e+00, 9.983e+02, 4.785e-09
2.625e+00, 5.000e-01, -7.850e-01, 1.177e+05, 0.000e+00, 2.826e-05, 0.000e+00, 2.138e+00, 9.983e+02, 1.238e-08
2.625e+00, 5.000e-01, -7.750e-01, 1.176e+05, 0.000e+00, 4.670e-05, 0.000e+00, 2.136e+00, 9.983e+02, 2.051e-08
2.625e+00, 5.000e-01, -7.650e-01, 1.175e+05, 0.000e+00, 5.657e-05, 0.000e+00, 2.135e+00, 9.983e+02, 2.485e-08
2.625e+00, 5.000e-01, -7.550e-01, 1.174e+05, 0.000e+00, 5.642e-05, 0.000e+00, 2.133e+00, 9.983e+02, 2.478e-08
2.625e+00, 5.000e-01, -7.450e-01, 1.173e+05, 0.000e+00, 4.880e-05, 0.000e+00, 2.131e+00, 9.983e+02, 2.143e-08
2.625e+00, 5.000e-01, -7.350e-01, 1.172e+05, 0.000e+00, 3.767e-05, 0.000e+00, 2.129e+00, 9.983e+02, 1.655e-08
2.625e+00, 5.000e-01, -7.250e-01, 1.171e+05, 0.000e+00, 2.648e-05, 0.000e+00, 2.127e+00, 9.983e+02, 1.163e-08
2.625e+00, 5.000e-01, -7.150e-01, 1.170e+05, 0.000e+00, 1.736e-05, 0.000e+00, 2.126e+00, 9.983e+02, 7.628e-09
2.625e+00, 5.000e-01, -7.050e-01, 1.169e+05, 0.000e+00, 1.163e-05, 0.000e+00, 2.124e+00, 9.983e+02, 5.106e-09
2.625e+00, 5.000e-01, -6.950e-01, 1.168e+05, 0.000e+00, 1.145e-05, 0.000e+00, 2.122e+00, 9.983e+02, 5.027e-09
2.625e+00, 5.000e-01, -6.850e-01, 1.167e+05, 0.000e+00, 2.355e-05, 0.000e+00, 2.120e+00, 9.983e+02, 1.034e-08
2.625e+00, 5.000e-01, -6.750e-01, 1.166e+05, 0.000e+00, 6.477e-05, 0.000e+00, 2.119e+00, 9.983e+02, 2.845e-08
2.625e+00, 5.000e-01, -6.650e-01, 1.165e+05, 0.000e+00, 1.646e-04, 0.000e+00, 2.117e+00, 9.983e+02, 7.234e-08
2.625e+00, 5.000e-01, -6.550e-01, 1.149e+05, 0.000e+00, 3.346e-04, 0.000e+00, 2.088e+00, 9.983e+02, 1.502e-07
2.625e+00, 5.000e-01, -6.450e-01, 1.148e+05, 0.000e+00, 3.925e-04, 0.000e+00, 2.086e+00, 9.983e+02, 1.764e-07
2.625e+00, 5.000e-01, -6.350e-01, 1.147e+05, 0.000e+00, 4.101e-04, 0.000e+00, 2.084e+00, 9.983e+02, 1.842e-07
2.625e+00, 5.000e-01, -6.250e-01, 1.146e+05, 0.000e+00, 4.016e-04, 0.000e+00, 2.083e+00, 9.983e+02, 1.804e-07
2.625e+00, 5.000e-01, -6.150e-01, 1.145e+05, 0.000e+00, 3.812e-04, 0.000e+00, 2.081e+00, 9.983e+02, 1.712e-07
2.625e+00, 5.000e-01, -6.050e-01, 1.144e+05, 0.000e+00, 3.558e-04, 0.000e+00, 2.079e+00, 9.983e+02, 1.599e-07
2.625e+00, 5.000e-01, -5.950e-01, 1.144e+05, 0.000e+00, 3.282e-04, 0.000e+00, 2.077e+00, 9.983e+02, 1.474e-07
2.625e+00, 5.000e-01, -5.850e-01, 1.143e+05, 0.000e+00, 2.993e-04, 0.000e+00, 2.075e+00, 9.983e+02, 1.345e-07
2.625e+00, 5.000e-01, -5.750e-01, 1.142e+05, 0.000e+00, 2.700e-04, 0.000e+00, 2.074e+00, 9.983e+02, 1.213e-07
2.625e+00, 5.000e-01, -5.650e-01, 1.141e+05, 0.000e+00, 2.426e-04, 0.000e+00, 2.072e+00, 9.983e+02, 1.090e-07
2.625e+00, 5.000e-01, -5.550e-01, 1.140e+05, 0.000e+00, 2.225e-04, 0.000e+00, 2.070e+00, 9.983e+02, 9.997e-08
2.625e+00, 5.000e-01, -5.450e-01, 1.138e+05, 0.000e+00, 2.197e-04, 0.000e+00, 2.068e+00, 9.983e+02, 9.533e-08
2.625e+00, 5.000e-01, -5.350e-01, 1.137e+05, 0.000e+00, 2.144e-04, 0.000e+00, 2.066e+00, 9.983e+02, 9.202e-08
2.625e+00, 5.000e-01, -5.250e-01, 1.137e+05, 0.000e+00, 1.977e-04, 0.000e+00, 2.064e+00, 9.983e+02, 8.488e-08
2.625e+00, 5.000e-01, -5.150e-01, 1.136e+05, 0.000e+00, 1.832e-04, 0.000e+00, 2.063e+00, 9.983e+02, 7.863e-08
2.625e+00, 5.000e-01, -5.050e-01, 1.135e+05, 0.000e+00, 1.688e-04, 0.000e+00, 2.061e+00, 9.983e+02, 7.245e-08
2.625e+00, 5.000e-01, -4.950e-01, 1.134e+05, 0.000e+00, 1.516e-04, 0.000e+00, 2.059e+00, 9.983e+02, 6.594e-08
2.625e+00, 5.000e-01, -4.850e-01, 1.133e+05, 0.000e+00, 1.366e-04, 0.000e+00, 2.058e+00, 9.983e+02, 6.137e-08
2.625e+00, 5.000e-01, -4.750e-01, 1.132e+05, 0.000e+00, 1.270e-04, 0.000e+00, 2.056e+00, 9.983e+02, 5.586e-08
2.625e+00, 5.000e-01, -4.650e-01, 1.131e+05, 0.000e+00, 1.119e-04, 0.000e+00, 2.054e+00, 9.983e+02, 4.803e-08
2.625e+00, 5.000e-01, -4.550e-01, 1.130e+05, 0.000e+00, 9.434e-05, 0.000e+00, 2.052e+00, 9.983e+02, 4.050e-08
2.625e+00, 5.000e-01, -4.450e-01, 1.129e+05, 0.000e+00, 7.705e-05, 0.000e+00, 2.050e+00, 9.983e+02, 3.307e-08
2.625e+00, 5.000e-01, -4.350e-01, 1.128e+05, 0.000e+00, 6.196e-05, 0.000e+00, 2.048e+00, 9.983e+02, 2.660e-08
2.625e+00, 5.000e-01, -4.250e-01, 1.127e+05, 0.000e+00, 5.220e-05, 0.000e+00, 2.047e+00, 9.983e+02, 2.245e-08
2.625e+00, 5.000e-01, -4.150e-01, 1.126e+05, 0.000e+00, 4.744e-05, 0.000e+00, 2.045e+00, 9.983e+02, 2.129e-08
2.625e+00, 5.000e-01, -4.050e-01, 1.125e+05, 0.000e+00, 4.300e-05, 0.000e+00, 2.043e+00, 9.983e+02, 1.932e-08
2.625e+00, 5.000e-01, -3.950e-01, 1.124e+05, 0.000e+00, 3.869e-05, 0.000e+00, 2.041e+00, 9.983e+02, 1.738e-08
2.625e+00, 5.000e-01, -3.850e-01, 1.123e+05, 0.000e+00, 3.432e-05, 0.000e+00, 2.040e+00, 9.983e+02, 1.542e-08
2.625e+00, 5.000e-01, -3.750e-01, 1.122e+05, 0.000e+00, 2.987e-05, 0.000e+00, 2.038e+00, 9.983e+02, 1.342e-08
2.625e+00, 5.000e-01, -3.650e-01, 1.121e+05, 0.000e+00, 2.547e-05, 0.000e+00, 2.036e+00, 9.983e+02, 1.144e-08
2.625e+00, 5.000e-01, -3.550e-01, 1.120e+05, 0.000e+00, 2.126e-05, 0.000e+00, 2.034e+00, 9.983e+02, 9.552e-09
2.625e+00, 5.000e-01, -3.450e-01, 1.119e+05, 0.000e+00, 1.744e-05, 0.000e+00, 2.033e+00, 9.983e+02, 7.834e-09
2.625e+00, 5.000e-01, -3.350e-01, 1.118e+05, 0.000e+00, 1.430e-05, 0.000e+00, 2.031e+00, 9.983e+02, 6.424e-09
2.625e+00, 5.000e-01, -3.250e-01, 1.117e+05, 0.000e+00, 1.334e-05, 0.000e+00, 2.029e+00, 9.983e+02, 5.955e-09
2.625e+00, 5.000e-01, -3.150e-01, 1.117e+05, 0.000e+00, 1.456e-05, 0.000e+00, 2.029e+00, 9.983e+02, 6.393e-09
2.625e+00, 5.000e-01, -3.050e-01, 1.116e+05, 0.000e+00, 1.599e-05, 0.000e+00, 2.027e+00, 9.983e+02, 7.024e-09
2.625e+00, 5.000e-01, -2.950e-01, 1.115e+05, 0.000e+00, 1.726e-05, 0.000e+00, 2.025e+00, 9.983e+02, 7.581e-09
2.625e+00, 5.000e-01, -2.850e-01, 1.114e+05, 0.000e+00, 1.808e-05, 0.000e+00, 2.023e+00, 9.983e+02, 7.940e-09
2.625e+00, 5.000e-01, -2.750e-01, 1.113e+05, 0.000e+00, 1.892e-05, 0.000e+00, 2.021e+00, 9.983e+02, 8.312e-09
2.625e+00, 5.000e-01, -2.650e-01, 1.112e+05, 0.000e+00, 2.254e-05, 0.000e+00, 2.020e+00, 9.983e+02, 9.899e-09
2.625e+00, 5.000e-01, -2.550e-01, 1.111e+05, 0.000e+00, 3.707e-05, 0.000e+00, 2.018e+00, 9.983e+02, 1.628e-08
2.625e+00, 5.000e-01, -2.450e-01, 1.110e+05, 0.000e+00, 7.899e-05, 0.000e+00, 2.016e+00, 9.983e+02, 3.470e-08
2.625e+00, 5.000e-01, -2.350e-01, 1.111e+05, 0.000e+00, 1.630e-04, 0.000e+00, 2.018e+00, 9.983e+02, 7.072e-08
2.625e+00, 5.000e-01, -2.250e-01, 1.110e+05, 0.000e+00, 2.679e-04, 0.000e+00, 2.016e+00, 9.983e+02, 1.150e-07
2.625e+00, 5.000e-01, -2.150e-01, 1.109e+05, 0.000e+00, 3.465e-04, 0.000e+00, 2.014e+00, 9.983e+02, 1.488e-07
2.625e+00, 5.000e-01, -2.050e-01, 1.108e+05, 0.000e+00, 3.935e-04, 0.000e+00, 2.012e+00, 9.983e+02, 1.689e-07
2.625e+00, 5.000e-01, -1.950e-01, 1.107e+05, 0.000e+00, 4.114e-04, 0.000e+00, 2.011e+00, 9.983e+02, 1.766e-07
2.625e+00, 5.000e-01, -1.850e-01, 1.106e+05, 0.000e+00, 4.069e-04, 0.000e+00, 2.009e+00, 9.983e+02, 1.747e-07
2.625e+00, 5.000e-01, -1.750e-01, 1.105e+05, 0.000e+00, 3.900e-04, 0.000e+00, 2.007e+00, 9.983e+02, 1.674e-07
2.625e+00, 5.000e-01, -1.650e-01, 1.104e+05, 0.000e+00, 3.695e-04, 0.000e+00, 2.005e+00, 9.983e+02, 1.604e-07
2.625e+00, 5.000e-01, -1.550e-01, 1.115e+05, 0.000e+00, 3.014e-04, 0.000e+00, 2.025e+00, 9.983e+02, 1.324e-07
2.625e+00, 5.000e-01, -1.450e-01, 1.114e+05, 0.000e+00, 2.191e-04, 0.000e+00, 2.024e+00, 9.983e+02, 9.622e-08
2.625e+00, 5.000e-01, -1.350e-01, 1.113e+05, 0.000e+00, 1.443e-04, 0.000e+00, 2.022e+00, 9.983e+02, 6.341e-08
2.625e+00, 5.000e-01, -1.250e-01, 1.112e+05, 0.000e+00, 8.731e-05, 0.000e+00, 2.020e+00, 9.983e+02, 3.835e-08
2.625e+00, 5.000e-01, -1.150e-01, 1.111e+05, 0.000e+00, 4.897e-05, 0.000e+00, 2.018e+00, 9.983e+02, 2.151e-08
2.625e+00, 5.000e-01, -1.050e-01, 1.110e+05, 0.000e+00, 2.568e-05, 0.000e+00, 2.017e+00, 9.983e+02, 1.128e-08
2.625e+00, 5.000e-01, -9.500e-02, 1.109e+05, 0.000e+00, 1.268e-05, 0.000e+00, 2.015e+00, 9.983e+02, 5.569e-09
2.625e+00, 5.000e-01, -8.500e-02, 1.108e+05, 0.000e+00, 5.927e-06, 0.000e+00, 2.013e+00, 9.983e+02, 2.603e-09
2.625e+00, 5.000e-01, -7.500e-02, 1.107e+05, 0.000e+00, 2.633e-06, 0.000e+00, 2.011e+00, 9.983e+02, 1.156e-09
2.625e+00, 5.000e-01, -6.500e-02, 1.106e+05, 0.000e+00, 1.114e-06, 0.000e+00, 2.009e+00, 9.983e+02, 4.893e-10
2.625e+00, 5.000e-01, -5.500e-02, 1.105e+05, 0.000e+00, 4.498e-07, 0.000e+00, 2.008e+00, 9.983e+02, 1.976e-10
2.625e+00, 5.000e-01, -4.500e-02, 1.104e+05, 0.000e+00, 1.735e-07, 0.000e+00, 2.006e+00, 9.983e+02, 7.622e-11
2.625e+00, 5.000e-01, -3.500e-02, 1.103e+05, 0.000e+00, 6.404e-08, 0.000e+00, 2.004e+00, 9.983e+02, 2.813e-11
2.625e+00, 5.000e-01, -2.500e-02, 1.102e+05, 0.000e+00, 2.267e-08, 0.000e+00, 2.002e+00, 9.983e+02, 9.959e-12
2.625e+00, 5.000e-01, -1.500e-02, 1.101e+05, 0.000e+00, 7.863e-09, 0.000e+00, 2.000e+00, 9.983e+02, 3.454e-12
2.625e+00, 5.000e-01, -5.000e-03, 1.100e+05, 0.000e+00, 3.152e-09, 0.000e+00, 1.999e+00, 9.983e+02, 1.385e-12
2.635e+00, 5.000e-01, -1.195e+00, 1.202e+05, 0.000e+00, 1.002e-13, 0.000e+00, 2.184e+00, 9.983e+02, 2.000e-17
2.635e+00, 5.000e-01, -1.185e+00, 1.201e+05, 0.000e+00, 1.002e-13, 0.000e+00, 2.182e+00, 9.983e+02, 2.000e-17
2.635e+00, 5.000e-01, -1.175e+00, 1.200e+05, 0.000e+00, 1.202e-12, 0.000e+00, 2.181e+00, 9.983e+02, 2.478e-16
2.635e+00, 5.000e-01, -1.165e+00, 1.199e+05, 0.000e+00, 3.464e-04, 0.000e+00, 2.179e+00, 9.983e+02, 1.437e-07
2.635e+00, 5.000e-01, -1.155e+00, 1.198e+05, 0.000e+00, 3.456e-04, 0.000e+00, 2.177e+00, 9.983e+02, 1.483e-07
2.635e+00, 5.000e-01, -1.145e+00, 1.197e+05, 0.000e+00, 3.411e-04, 0.000e+00, 2.175e+00, 9.983e+02, 1.464e-07
2.635e+00, 5.000e-01, -1.135e+00, 1.196e+05, 0.000e+00, 3.354e-04, 0.000e+00, 2.174e+00, 9.983e+02, 1.440e-07
2.635e+00, 5.000e-01, -1.125e+00, 1.195e+05, 0.000e+00, 3.311e-04, 0.000e+00, 2.172e+00, 9.983e+02, 1.421e-07
2.635e+00, 5.000e-01, -1.115e+00, 1.194e+05, 0.000e+00, 3.298e-04, 0.000e+00, 2.170e+00, 9.983e+02, 1.416e-07
2.635e+00, 5.000e-01, -1.105e+00, 1.193e+05, 0.000e+00, 3.304e-04, 0.000e+00, 2.168e+00, 9.983e+02, 1.418e-07
2.635e+00, 5.000e-01, -1.095e+00, 1.192e+05, 0.000e+00, 3.315e-04, 0.000e+00, 2.167e+00, 9.983e+02, 1.423e-07
2.635e+00, 5.000e-01, -1.085e+00, 1.191e+05, 0.000e+00, 3.323e-04, 0.000e+00, 2.165e+00, 9.983e+02, 1.427e-07
2.635e+00, 5.000e-01, -1.075e+00, 1.190e+05, 0.000e+00, 3.329e-04, 0.000e+00, 2.163e+00, 9.983e+02, 1.429e-07
2.635e+00, 5.000e-01, -1.065e+00, 1.189e+05, 0.000e+00, 3.331e-04, 0.000e+00, 2.161e+00, 9.983e+02, 1.430e-07
2.635e+00, 5.000e-01, -1.055e+00, 1.188e+05, 0.000e+00, 3.329e-04, 0.000e+00, 2.159e+00, 9.983e+02, 1.429e-07
2.635e+00, 5.000e-01, -1.045e+00, 1.187e+05, 0.000e+00, 3.321e-04, 0.000e+00, 2.158e+00, 9.983e+02, 1.426e-07
2.635e+00, 5.000e-01, -1.035e+00, 1.186e+05, 0.000e+00, 3.304e-04, 0.000e+00, 2.156e+00, 9.983e+02, 1.418e-07
2.635e+00, 5.000e-01, -1.025e+00, 1.185e+05, 0.000e+00, 3.269e-04, 0.000e+00, 2.154e+00, 9.983e+02, 1.403e-07
2.635e+00, 5.000e-01, -1.015e+00, 1.185e+05, 0.000e+00, 3.207e-04, 0.000e+00, 2.152e+00, 9.983e+02, 1.376e-07
2.635e+00, 5.000e-01, -1.005e+00, 1.184e+05, 0.000e+00, 3.103e-04, 0.000e+00, 2.150e+00, 9.983e+02, 1.332e-07
2.635e+00, 5.000e-01, -9.950e-01, 1.183e+05, 0.000e+00, 2.953e-04, 0.000e+00, 2.149e+00, 9.983e+02, 1.268e-07
2.635e+00, 5.000e-01, -9.850e-01, 1.182e+05, 0.000e+00, 2.761e-04, 0.000e+00, 2.147e+00, 9.983e+02, 1.185e-07
2.635e+00, 5.000e-01, -9.750e-01, 1.181e+05, 0.000e+00, 2.542e-04, 0.000e+00, 2.145e+00, 9.983e+02, 1.091e-07
2.635e+00, 5.000e-01, -9.650e-01, 1.180e+05, 0.000e+00, 2.339e-04, 0.000e+00, 2.143e+00, 9.983e+02, 1.004e-07
2.635e+00, 5.000e-01, -9.550e-01, 1.179e+05, 0.000e+00, 2.168e-04, 0.000e+00, 2.141e+00, 9.983e+02, 9.307e-08
2.635e+00, 5.000e-01, -9.450e-01, 1.178e+05, 0.000e+00, 2.020e-04, 0.000e+00, 2.140e+00, 9.983e+02, 8.671e-08
2.635e+00, 5.000e-01, -9.350e-01, 1.177e+05, 0.000e+00, 1.884e-04, 0.000e+00, 2.138e+00, 9.983e+02, 8.087e-08
2.635e+00, 5.000e-01, -9.250e-01, 1.176e+05, 0.000e+00, 1.750e-04, 0.000e+00, 2.136e+00, 9.983e+02, 7.513e-08
2.635e+00, 5.000e-01, -9.150e-01, 1.175e+05, 0.000e+00, 1.613e-04, 0.000e+00, 2.134e+00, 9.983e+02, 6.922e-08
2.635e+00, 5.000e-01, -9.050e-01, 1.174e+05, 0.000e+00, 1.467e-04, 0.000e+00, 2.132e+00, 9.983e+02, 6.298e-08
2.635e+00, 5.000e-01, -8.950e-01, 1.173e+05, 0.000e+00, 1.313e-04, 0.000e+00, 2.131e+00, 9.983e+02, 5.638e-08
2.635e+00, 5.000e-01, -8.850e-01, 1.172e+05, 0.000e+00, 1.152e-04, 0.000e+00, 2.129e+00, 9.983e+02, 4.945e-08
2.635e+00, 5.000e-01, -8.750e-01, 1.171e+05, 0.000e+00, 9.851e-05, 0.000e+00, 2.127e+00, 9.983e+02, 4.228e-08
2.635e+00, 5.000e-01, -8.650e-01, 1.170e+05, 0.000e+00, 8.158e-05, 0.000e+00, 2.125e+00, 9.983e+02, 3.502e-08
2.635e+00, 5.000e-01, -8.550e-01, 1.169e+05, 0.000e+00, 6.490e-05, 0.000e+00, 2.124e+00, 9.983e+02, 2.786e-08
2.635e+00, 5.000e-01, -8.450e-01, 1.168e+05, 0.000e+00, 4.906e-05, 0.000e+00, 2.122e+00, 9.983e+02, 2.106e-08
2.635e+00, 5.000e-01, -8.350e-01, 1.167e+05, 0.000e+00, 3.480e-05, 0.000e+00, 2.120e+00, 9.983e+02, 1.494e-08
2.635e+00, 5.000e-01, -8.250e-01, 1.166e+05, 0.000e+00, 2.287e-05, 0.000e+00, 2.118e+00, 9.983e+02, 9.819e-09
2.635e+00, 5.000e-01, -8.150e-01, 1.165e+05, 0.000e+00, 1.398e-05, 0.000e+00, 2.116e+00, 9.983e+02, 6.001e-09
2.635e+00, 5.000e-01, -8.050e-01, 1.164e+05, 0.000e+00, 9.157e-06, 0.000e+00, 2.115e+00, 9.983e+02, 3.931e-09
2.635e+00, 5.000e-01, -7.950e-01, 1.163e+05, 0.000e+00, 1.055e-05, 0.000e+00, 2.113e+00, 9.983e+02, 4.548e-09
2.635e+00, 5.000e-01, -7.850e-01, 1.177e+05, 0.000e+00, 2.507e-05, 0.000e+00, 2.138e+00, 9.983e+02, 1.101e-08
2.635e+00, 5.000e-01, -7.750e-01, 1.176e+05, 0.000e+00, 3.789e-05, 0.000e+00, 2.136e+00, 9.983e+02, 1.664e-08
2.635e+00, 5.000e-01, -7.650e-01, 1.175e+05, 0.000e+00, 4.397e-05, 0.000e+00, 2.135e+00, 9.983e+02, 1.932e-08
2.635e+00, 5.000e-01, -7.550e-01, 1.174e+05, 0.000e+00, 4.284e-05, 0.000e+00, 2.133e+00, 9.983e+02, 1.882e-08
2.635e+00, 5.000e-01, -7.450e-01, 1.173e+05, 0.000e+00, 3.653e-05, 0.000e+00, 2.131e+00, 9.983e+02, 1.605e-08
2.635e+00, 5.000e-01, -7.350e-01, 1.172e+05, 0.000e+00, 2.794e-05, 0.000e+00, 2.129e+00, 9.983e+02, 1.227e-08
2.635e+00, 5.000e-01, -7.250e-01, 1.171e+05, 0.000e+00, 1.952e-05, 0.000e+00, 2.127e+00, 9.983e+02, 8.573e-09
2.635e+00, 5.000e-01, -7.150e-01, 1.170e+05, 0.000e+00, 1.277e-05, 0.000e+00, 2.126e+00, 9.983e+02, 5.607e-09
2.635e+00, 5.000e-01, -7.050e-01, 1.169e+05, 0.000e+00, 8.703e-06, 0.000e+00, 2.124e+00, 9.983e+02, 3.823e-09
2.635e+00, 5.000e-01, -6.950e-01, 1.168e+05, 0.000e+00, 9.483e-06, 0.000e+00, 2.122e+00, 9.983e+02, 4.165e-09
2.635e+00, 5.000e-01, -6.850e-01, 1.167e+05, 0.000e+00, 2.213e-05, 0.000e+00, 2.120e+00, 9.983e+02, 9.722e-09
2.635e+00, 5.000e-01, -6.750e-01, 1.166e+05, 0.000e+00, 6.484e-05, 0.000e+00, 2.119e+00, 9.983e+02, 2.848e-08
2.635e+00, 5.000e-01, -6.650e-01, 1.165e+05, 0.000e+00, 1.706e-04, 0.000e+00, 2.117e+00, 9.983e+02, 7.522e-08
2.635e+00, 5.000e-01, -6.550e-01, 1.149e+05, 0.000e+00, 3.332e-04, 0.000e+00, 2.088e+00, 9.983e+02, 1.497e-07
2.635e+00, 5.000e-01, -6.450e-01, 1.148e+05, 0.000e+00, 3.911e-04, 0.000e+00, 2.086e+00, 9.983e+02, 1.757e-07
2.635e+00, 5.000e-01, -6.350e-01, 1.147e+05, 0.000e+00, 4.053e-04, 0.000e+00, 2.084e+00, 9.983e+02, 1.821e-07
2.635e+00, 5.000e-01, -6.250e-01, 1.146e+05, 0.000e+00, 3.946e-04, 0.000e+00, 2.083e+00, 9.983e+02, 1.773e-07
2.635e+00, 5.000e-01, -6.150e-01, 1.145e+05, 0.000e+00, 3.724e-04, 0.000e+00, 2.081e+00, 9.983e+02, 1.673e-07
2.635e+00, 5.000e-01, -6.050e-01, 1.144e+05, 0.000e+00, 3.451e-04, 0.000e+00, 2.079e+00, 9.983e+02, 1.550e-07
2.635e+00, 5.000e-01, -5.950e-01, 1.144e+05, 0.000e+00, 3.153e-04, 0.000e+00, 2.077e+00, 9.983e+02, 1.416e-07
2.635e+00, 5.000e-01, -5.850e-01, 1.143e+05, 0.000e+00, 2.840e-04, 0.000e+00, 2.075e+00, 9.983e+02, 1.276e-07
2.635e+00, 5.000e-01, -5.750e-01, 1.142e+05, 0.000e+00, 2.519e-04, 0.000e+00, 2.074e+00, 9.983e+02, 1.131e-07
2.635e+00, 5.000e-01, -5.650e-01, 1.141e+05, 0.000e+00, 2.212e-04, 0.000e+00, 2.072e+00, 9.983e+02, 9.935e-08
2.635e+00, 5.000e-01, -5.550e-01, 1.140e+05, 0.000e+00, 1.984e-04, 0.000e+00, 2.070e+00, 9.983e+02, 8.911e-08
2.635e+00, 5.000e-01, -5.450e-01, 1.138e+05, 0.000e+00, 1.993e-04, 0.000e+00, 2.068e+00, 9.983e+02, 8.582e-08
2.635e+00, 5.000e-01, -5.350e-01, 1.137e+05, 0.000e+00, 1.935e-04, 0.000e+00, 2.066e+00, 9.983e+02, 8.307e-08
2.635e+00, 5.000e-01, -5.250e-01, 1.137e+05, 0.000e+00, 1.794e-04, 0.000e+00, 2.064e+00, 9.983e+02, 7.700e-08
2.635e+00, 5.000e-01, -5.150e-01, 1.136e+05, 0.000e+00, 1.674e-04, 0.000e+00, 2.063e+00, 9.983e+02, 7.185e-08
2.635e+00, 5.000e-01, -5.050e-01, 1.135e+05, 0.000e+00, 1.534e-04, 0.000e+00, 2.061e+00, 9.983e+02, 6.585e-08
2.635e+00, 5.000e-01, -4.950e-01, 1.134e+05, 0.000e+00, 1.370e-04, 0.000e+00, 2.059e+00, 9.983e+02, 6.020e-08
2.635e+00, 5.000e-01, -4.850e-01, 1.133e+05, 0.000e+00, 1.226e-04, 0.000e+00, 2.058e+00, 9.983e+02, 5.506e-08
2.635e+00, 5.000e-01, -4.750e-01, 1.132e+05, 0.000e+00, 1.073e-04, 0.000e+00, 2.056e+00, 9.983e+02, 4.679e-08
2.635e+00, 5.000e-01, -4.650e-01, 1.131e+05, 0.000e+00, 8.974e-05, 0.000e+00, 2.054e+00, 9.983e+02, 3.852e-08
2.635e+00, 5.000e-01, -4.550e-01, 1.130e+05, 0.000e+00, 7.360e-05, 0.000e+00, 2.052e+00, 9.983e+02, 3.159e-08
2.635e+00, 5.000e-01, -4.450e-01, 1.129e+05, 0.000e+00, 5.912e-05, 0.000e+00, 2.050e+00, 9.983e+02, 2.538e-08
2.635e+00, 5.000e-01, -4.350e-01, 1.128e+05, 0.000e+00, 4.698e-05, 0.000e+00, 2.048e+00, 9.983e+02, 2.017e-08
2.635e+00, 5.000e-01, -4.250e-01, 1.127e+05, 0.000e+00, 4.006e-05, 0.000e+00, 2.047e+00, 9.983e+02, 1.741e-08
2.635e+00, 5.000e-01, -4.150e-01, 1.126e+05, 0.000e+00, 3.577e-05, 0.000e+00, 2.045e+00, 9.983e+02, 1.607e-08
2.635e+00, 5.000e-01, -4.050e-01, 1.125e+05, 0.000e+00, 3.157e-05, 0.000e+00, 2.043e+00, 9.983e+02, 1.418e-08
2.635e+00, 5.000e-01, -3.950e-01, 1.124e+05, 0.000e+00, 2.751e-05, 0.000e+00, 2.041e+00, 9.983e+02, 1.236e-08
2.635e+00, 5.000e-01, -3.850e-01, 1.123e+05, 0.000e+00, 2.360e-05, 0.000e+00, 2.040e+00, 9.983e+02, 1.060e-08
2.635e+00, 5.000e-01, -3.750e-01, 1.122e+05, 0.000e+00, 1.990e-05, 0.000e+00, 2.038e+00, 9.983e+02, 8.939e-09
2.635e+00, 5.000e-01, -3.650e-01, 1.121e+05, 0.000e+00, 1.647e-05, 0.000e+00, 2.036e+00, 9.983e+02, 7.399e-09
2.635e+00, 5.000e-01, -3.550e-01, 1.120e+05, 0.000e+00, 1.340e-05, 0.000e+00, 2.034e+00, 9.983e+02, 6.018e-09
2.635e+00, 5.000e-01, -3.450e-01, 1.119e+05, 0.000e+00, 1.075e-05, 0.000e+00, 2.033e+00, 9.983e+02, 4.827e-09
2.635e+00, 5.000e-01, -3.350e-01, 1.118e+05, 0.000e+00, 8.687e-06, 0.000e+00, 2.031e+00, 9.983e+02, 3.902e-09
2.635e+00, 5.000e-01, -3.250e-01, 1.117e+05, 0.000e+00, 8.278e-06, 0.000e+00, 2.029e+00, 9.983e+02, 3.682e-09
2.635e+00, 5.000e-01, -3.150e-01, 1.117e+05, 0.000e+00, 9.024e-06, 0.000e+00, 2.029e+00, 9.983e+02, 3.964e-09
2.635e+00, 5.000e-01, -3.050e-01, 1.116e+05, 0.000e+00, 9.952e-06, 0.000e+00, 2.027e+00, 9.983e+02, 4.371e-09
2.635e+00, 5.000e-01, -2.950e-01, 1.115e+05, 0.000e+00, 1.085e-05, 0.000e+00, 2.025e+00, 9.983e+02, 4.766e-09
2.635e+00, 5.000e-01, -2.850e-01, 1.114e+05, 0.000e+00, 1.162e-05, 0.000e+00, 2.023e+00, 9.983e+02, 5.105e-09
2.635e+00, 5.000e-01, -2.750e-01, 1.113e+05, 0.000e+00, 1.281e-05, 0.000e+00, 2.021e+00, 9.983e+02, 5.628e-09
2.635e+00, 5.000e-01, -2.650e-01, 1.112e+05, 0.000e+00, 1.707e-05, 0.000e+00, 2.020e+00, 9.983e+02, 7.499e-09
2.635e+00, 5.000e-01, -2.550e-01, 1.111e+05, 0.000e+00, 3.243e-05, 0.000e+00, 2.018e+00, 9.983e+02, 1.424e-08
2.635e+00, 5.000e-01, -2.450e-01, 1.110e+05, 0.000e+00, 7.614e-05, 0.000e+00, 2.016e+00, 9.983e+02, 3.344e-08
2.635e+00, 5.000e-01, -2.350e-01, 1.111e+05, 0.000e+00, 1.685e-04, 0.000e+00, 2.018e+00, 9.983e+02, 7.284e-08
2.635e+00, 5.000e-01, -2.250e-01, 1.110e+05, 0.000e+00, 2.771e-04, 0.000e+00, 2.016e+00, 9.983e+02, 1.190e-07
2.635e+00, 5.000e-01, -2.150e-01, 1.109e+05, 0.000e+00, 3.478e-04, 0.000e+00, 2.014e+00, 9.983e+02, 1.493e-07
2.635e+00, 5.000e-01, -2.050e-01, 1.108e+05, 0.000e+00, 3.807e-04, 0.000e+00, 2.012e+00, 9.983e+02, 1.634e-07
2.635e+00, 5.000e-01, -1.950e-01, 1.107e+05, 0.000e+00, 3.878e-04, 0.000e+00, 2.011e+00, 9.983e+02, 1.665e-07
2.635e+00, 5.000e-01, -1.850e-01, 1.106e+05, 0.000e+00, 3.800e-04, 0.000e+00, 2.009e+00, 9.983e+02, 1.631e-07
2.635e+00, 5.000e-01, -1.750e-01, 1.105e+05, 0.000e+00, 3.670e-04, 0.000e+00, 2.007e+00, 9.983e+02, 1.575e-07
2.635e+00, 5.000e-01, -1.650e-01, 1.116e+05, 0.000e+00, 3.530e-04, 0.000e+00, 2.027e+00, 9.983e+02, 1.537e-07
2.635e+00, 5.000e-01, -1.550e-01, 1.115e+05, 0.000e+00, 2.888e-04, 0.000e+00, 2.025e+00, 9.983e+02, 1.269e-07
2.635e+00, 5.000e-01, -1.450e-01, 1.114e+05, 0.000e+00, 2.092e-04, 0.000e+00, 2.024e+00, 9.983e+02, 9.187e-08
2.635e+00, 5.000e-01, -1.350e-01, 1.113e+05, 0.000e+00, 1.369e-04, 0.000e+00, 2.022e+00, 9.983e+02, 6.013e-08
2.635e+00, 5.000e-01, -1.250e-01, 1.112e+05, 0.000e+00, 8.214e-05, 0.000e+00, 2.020e+00, 9.983e+02, 3.608e-08
2.635e+00, 5.000e-01, -1.150e-01, 1.111e+05, 0.000e+00, 4.568e-05, 0.000e+00, 2.018e+00, 9.983e+02, 2.007e-08
2.635e+00, 5.000e-01, -1.050e-01, 1.110e+05, 0.000e+00, 2.376e-05, 0.000e+00, 2.017e+00, 9.983e+02, 1.044e-08
2.635e+00, 5.000e-01, -9.500e-02, 1.109e+05, 0.000e+00, 1.164e-05, 0.000e+00, 2.015e+00, 9.983e+02, 5.111e-09
2.635e+00, 5.000e-01, -8.500e-02, 1.108e+05, 0.000e+00, 5.394e-06, 0.000e+00, 2.013e+00, 9.983e+02, 2.369e-09
2.635e+00, 5.000e-01, -7.500e-02, 1.107e+05, 0.000e+00, 2.376e-06, 0.000e+00, 2.011e+00, 9.983e+02, 1.044e-09
2.635e+00, 5.000e-01, -6.500e-02, 1.106e+05, 0.000e+00, 9.970e-07, 0.000e+00, 2.009e+00, 9.983e+02, 4.379e-10
2.635e+00, 5.000e-01, -5.500e-02, 1.105e+05, 0.000e+00, 3.991e-07, 0.000e+00, 2.008e+00, 9.983e+02, 1.753e-10
2.635e+00, 5.000e-01, -4.500e-02, 1.104e+05, 0.000e+00, 1.526e-07, 0.000e+00, 2.006e+00, 9.983e+02, 6.704e-11
2.635e+00, 5.000e-01, -3.500e-02, 1.103e+05, 0.000e+00, 5.584e-08, 0.000e+00, 2.004e+00, 9.983e+02, 2.453e-11
2.635e+00, 5.000e-01, -2.500e-02, 1.102e+05, 0.000e+00, 1.961e-08, 0.000e+00, 2.002e+00, 9.983e+02, 8.611e-12
2.635e+00, 5.000e-01, -1.500e-02, 1.101e+05, 0.000e+00, 6.738e-09, 0.000e+00, 2.000e+00, 9.983e+02, 2.960e-12
2.635e+00, 5.000e-01, -5.000e-03, 1.100e+05, 0.000e+00, 2.678e-09, 0.000e+00, 1.999e+00, 9.983e+02, 1.176e-12
2.645e+00, 5.000e-01, -1.195e+00, 1.202e+05, 0.000e+00, 1.002e-13, 0.000e+00, 2.184e+00, 9.983e+02, 2.000e-17
2.645e+00, 5.000e-01, -1.185e+00, 1.201e+05, 0.000e+00, 1.002e-13, 0.000e+00, 2.182e+00, 9.983e+02, 2.001e-17
2.645e+00, 5.000e-01, -1.175e+00, 1.200e+05, 0.000e+00, 1.774e-10, 0.000e+00, 2.181e+00, 9.983e+02, 4.845e-14
2.645e+00, 5.000e-01, -1.165e+00, 1.199e+05, 0.000e+00, 3.529e-04, 0.000e+00, 2.179e+00, 9.983e+02, 1.515e-07
2.645e+00, 5.000e-01, -1.155e+00, 1.198e+05, 0.000e+00, 3.515e-04, 0.000e+00, 2.177e+00, 9.983e+02, 1.509e-07
2.645e+00, 5.000e-01, -1.145e+00, 1.197e+05, 0.000e+00, 3.494e-04, 0.000e+00, 2.175e+00, 9.983e+02, 1.500e-07
2.645e+00, 5.000e-01, -1.135e+00, 1.196e+05, 0.000e+00, 3.447e-04, 0.000e+00, 2.174e+00, 9.983e+02, 1.480e-07
2.645e+00, 5.000e-01, -1.125e+00, 1.195e+05, 0.000e+00, 3.400e-04, 0.000e+00, 2.172e+00, 9.983e+02, 1.460e-07
2.645e+00, 5.000e-01, -1.115e+00, 1.194e+05, 0.000e+00, 3.372e-04, 0.000e+00, 2.170e+00, 9.983e+02, 1.447e-07
2.645e+00, 5.000e-01, -1.105e+00, 1.193e+05, 0.000e+00, 3.361e-04, 0.000e+00, 2.168e+00, 9.983e+02, 1.443e-07
2.645e+00, 5.000e-01, -1.095e+00, 1.192e+05, 0.000e+00, 3.358e-04, 0.000e+00, 2.167e+00, 9.983e+02, 1.442e-07
2.645e+00, 5.000e-01, -1.085e+00, 1.191e+05, 0.000e+00, 3.357e-04, 0.000e+00, 2.165e+00, 9.983e+02, 1.441e-07
2.645e+00, 5.000e-01, -1.075e+00, 1.190e+05, 0.000e+00, 3.354e-04, 0.000e+00, 2.163e+00, 9.983e+02, 1.440e-07
2.645e+00, 5.000e-01, -1.065e+00, 1.189e+05, 0.000e+00, 3.348e-04, 0.000e+00, 2.161e+00, 9.983e+02, 1.437e-07
2.645e+00, 5.000e-01, -1.055e+00, 1.188e+05, 0.000e+00, 3.337e-04, 0.000e+00, 2.159e+00, 9.983e+02, 1.433e-07
2.645e+00, 5.000e-01, -1.045e+00, 1.187e+05, 0.000e+00, 3.317e-04, 0.000e+00, 2.158e+00, 9.983e+02, 1.424e-07
2.645e+00, 5.000e-01, -1.035e+00, 1.186e+05, 0.000e+00, 3.282e-04, 0.000e+00, 2.156e+00, 9.983e+02, 1.409e-07
2.645e+00, 5.000e-01, -1.025e+00, 1.185e+05, 0.000e+00, 3.222e-04, 0.000e+00, 2.154e+00, 9.983e+02, 1.383e-07
2.645e+00, 5.000e-01, -1.015e+00, 1.185e+05, 0.000e+00, 3.126e-04, 0.000e+00, 2.152e+00, 9.983e+02, 1.342e-07
2.645e+00, 5.000e-01, -1.005e+00, 1.184e+05, 0.000e+00, 2.988e-04, 0.000e+00, 2.150e+00, 9.983e+02, 1.283e-07
2.645e+00, 5.000e-01, -9.950e-01, 1.183e+05, 0.000e+00, 2.809e-04, 0.000e+00, 2.149e+00, 9.983e+02, 1.206e-07
2.645e+00, 5.000e-01, -9.850e-01, 1.182e+05, 0.000e+00, 2.607e-04, 0.000e+00, 2.147e+00, 9.983e+02, 1.119e-07
2.645e+00, 5.000e-01, -9.750e-01, 1.181e+05, 0.000e+00, 2.399e-04, 0.000e+00, 2.145e+00, 9.983e+02, 1.030e-07
2.645e+00, 5.000e-01, -9.650e-01, 1.180e+05, 0.000e+00, 2.223e-04, 0.000e+00, 2.143e+00, 9.983e+02, 9.543e-08
2.645e+00, 5.000e-01, -9.550e-01, 1.179e+05, 0.000e+00, 2.074e-04, 0.000e+00, 2.141e+00, 9.983e+02, 8.901e-08
2.645e+00, 5.000e-01, -9.450e-01, 1.178e+05, 0.000e+00, 1.941e-04, 0.000e+00, 2.140e+00, 9.983e+02, 8.332e-08
2.645e+00, 5.000e-01, -9.350e-01, 1.177e+05, 0.000e+00, 1.815e-04, 0.000e+00, 2.138e+00, 9.983e+02, 7.793e-08
2.645e+00, 5.000e-01, -9.250e-01, 1.176e+05, 0.000e+00, 1.689e-04, 0.000e+00, 2.136e+00, 9.983e+02, 7.251e-08
2.645e+00, 5.000e-01, -9.150e-01, 1.175e+05, 0.000e+00, 1.557e-04, 0.000e+00, 2.134e+00, 9.983e+02, 6.685e-08
2.645e+00, 5.000e-01, -9.050e-01, 1.174e+05, 0.000e+00, 1.417e-04, 0.000e+00, 2.132e+00, 9.983e+02, 6.084e-08
2.645e+00, 5.000e-01, -8.950e-01, 1.173e+05, 0.000e+00, 1.269e-04, 0.000e+00, 2.131e+00, 9.983e+02, 5.445e-08
2.645e+00, 5.000e-01, -8.850e-01, 1.172e+05, 0.000e+00, 1.112e-04, 0.000e+00, 2.129e+00, 9.983e+02, 4.772e-08
2.645e+00, 5.000e-01, -8.750e-01, 1.171e+05, 0.000e+00, 9.489e-05, 0.000e+00, 2.127e+00, 9.983e+02, 4.073e-08
2.645e+00, 5.000e-01, -8.650e-01, 1.170e+05, 0.000e+00, 7.831e-05, 0.000e+00, 2.125e+00, 9.983e+02, 3.362e-08
2.645e+00, 5.000e-01, -8.550e-01, 1.169e+05, 0.000e+00, 6.190e-05, 0.000e+00, 2.124e+00, 9.983e+02, 2.657e-08
2.645e+00, 5.000e-01, -8.450e-01, 1.168e+05, 0.000e+00, 4.630e-05, 0.000e+00, 2.122e+00, 9.983e+02, 1.987e-08
2.645e+00, 5.000e-01, -8.350e-01, 1.167e+05, 0.000e+00, 3.230e-05, 0.000e+00, 2.120e+00, 9.983e+02, 1.387e-08
2.645e+00, 5.000e-01, -8.250e-01, 1.166e+05, 0.000e+00, 2.071e-05, 0.000e+00, 2.118e+00, 9.983e+02, 8.891e-09
2.645e+00, 5.000e-01, -8.150e-01, 1.165e+05, 0.000e+00, 1.227e-05, 0.000e+00, 2.116e+00, 9.983e+02, 5.266e-09
2.645e+00, 5.000e-01, -8.050e-01, 1.164e+05, 0.000e+00, 8.172e-06, 0.000e+00, 2.115e+00, 9.983e+02, 3.508e-09
2.645e+00, 5.000e-01, -7.950e-01, 1.163e+05, 0.000e+00, 1.032e-05, 0.000e+00, 2.113e+00, 9.983e+02, 4.479e-09
2.645e+00, 5.000e-01, -7.850e-01, 1.177e+05, 0.000e+00, 2.051e-05, 0.000e+00, 2.138e+00, 9.983e+02, 9.007e-09
2.645e+00, 5.000e-01, -7.750e-01, 1.176e+05, 0.000e+00, 2.897e-05, 0.000e+00, 2.136e+00, 9.983e+02, 1.273e-08
2.645e+00, 5.000e-01, -7.650e-01, 1.175e+05, 0.000e+00, 3.256e-05, 0.000e+00, 2.135e+00, 9.983e+02, 1.430e-08
2.645e+00, 5.000e-01, -7.550e-01, 1.174e+05, 0.000e+00, 3.111e-05, 0.000e+00, 2.133e+00, 9.983e+02, 1.367e-08
2.645e+00, 5.000e-01, -7.450e-01, 1.173e+05, 0.000e+00, 2.619e-05, 0.000e+00, 2.131e+00, 9.983e+02, 1.150e-08
2.645e+00, 5.000e-01, -7.350e-01, 1.172e+05, 0.000e+00, 1.985e-05, 0.000e+00, 2.129e+00, 9.983e+02, 8.720e-09
2.645e+00, 5.000e-01, -7.250e-01, 1.171e+05, 0.000e+00, 1.378e-05, 0.000e+00, 2.127e+00, 9.983e+02, 6.051e-09
2.645e+00, 5.000e-01, -7.150e-01, 1.170e+05, 0.000e+00, 8.997e-06, 0.000e+00, 2.126e+00, 9.983e+02, 3.952e-09
2.645e+00, 5.000e-01, -7.050e-01, 1.169e+05, 0.000e+00, 6.336e-06, 0.000e+00, 2.124e+00, 9.983e+02, 2.783e-09
2.645e+00, 5.000e-01, -6.950e-01, 1.168e+05, 0.000e+00, 7.976e-06, 0.000e+00, 2.122e+00, 9.983e+02, 3.504e-09
2.645e+00, 5.000e-01, -6.850e-01, 1.167e+05, 0.000e+00, 2.148e-05, 0.000e+00, 2.120e+00, 9.983e+02, 9.435e-09
2.645e+00, 5.000e-01, -6.750e-01, 1.166e+05, 0.000e+00, 6.728e-05, 0.000e+00, 2.119e+00, 9.983e+02, 2.955e-08
2.645e+00, 5.000e-01, -6.650e-01, 1.165e+05, 0.000e+00, 1.844e-04, 0.000e+00, 2.117e+00, 9.983e+02, 8.161e-08
2.645e+00, 5.000e-01, -6.550e-01, 1.149e+05, 0.000e+00, 3.300e-04, 0.000e+00, 2.088e+00, 9.983e+02, 1.482e-07
2.645e+00, 5.000e-01, -6.450e-01, 1.148e+05, 0.000e+00, 3.870e-04, 0.000e+00, 2.086e+00, 9.983e+02, 1.739e-07
2.645e+00, 5.000e-01, -6.350e-01, 1.147e+05, 0.000e+00, 3.984e-04, 0.000e+00, 2.084e+00, 9.983e+02, 1.790e-07
2.645e+00, 5.000e-01, -6.250e-01, 1.146e+05, 0.000e+00, 3.858e-04, 0.000e+00, 2.083e+00, 9.983e+02, 1.733e-07
2.645e+00, 5.000e-01, -6.150e-01, 1.145e+05, 0.000e+00, 3.618e-04, 0.000e+00, 2.081e+00, 9.983e+02, 1.625e-07
2.645e+00, 5.000e-01, -6.050e-01, 1.144e+05, 0.000e+00, 3.327e-04, 0.000e+00, 2.079e+00, 9.983e+02, 1.495e-07
2.645e+00, 5.000e-01, -5.950e-01, 1.144e+05, 0.000e+00, 3.009e-04, 0.000e+00, 2.077e+00, 9.983e+02, 1.352e-07
2.645e+00, 5.000e-01, -5.850e-01, 1.143e+05, 0.000e+00, 2.675e-04, 0.000e+00, 2.075e+00, 9.983e+02, 1.201e-07
2.645e+00, 5.000e-01, -5.750e-01, 1.142e+05, 0.000e+00, 2.330e-04, 0.000e+00, 2.074e+00, 9.983e+02, 1.047e-07
2.645e+00, 5.000e-01, -5.650e-01, 1.141e+05, 0.000e+00, 1.996e-04, 0.000e+00, 2.072e+00, 9.983e+02, 8.965e-08
2.645e+00, 5.000e-01, -5.550e-01, 1.140e+05, 0.000e+00, 1.748e-04, 0.000e+00, 2.070e+00, 9.983e+02, 7.815e-08
2.645e+00, 5.000e-01, -5.450e-01, 1.138e+05, 0.000e+00, 1.782e-04, 0.000e+00, 2.068e+00, 9.983e+02, 7.651e-08
2.645e+00, 5.000e-01, -5.350e-01, 1.137e+05, 0.000e+00, 1.710e-04, 0.000e+00, 2.066e+00, 9.983e+02, 7.340e-08
2.645e+00, 5.000e-01, -5.250e-01, 1.137e+05, 0.000e+00, 1.589e-04, 0.000e+00, 2.064e+00, 9.983e+02, 6.820e-08
2.645e+00, 5.000e-01, -5.150e-01, 1.136e+05, 0.000e+00, 1.474e-04, 0.000e+00, 2.063e+00, 9.983e+02, 6.327e-08
2.645e+00, 5.000e-01, -5.050e-01, 1.135e+05, 0.000e+00, 1.326e-04, 0.000e+00, 2.061e+00, 9.983e+02, 5.690e-08
2.645e+00, 5.000e-01, -4.950e-01, 1.134e+05, 0.000e+00, 1.165e-04, 0.000e+00, 2.059e+00, 9.983e+02, 5.170e-08
2.645e+00, 5.000e-01, -4.850e-01, 1.133e+05, 0.000e+00, 1.020e-04, 0.000e+00, 2.058e+00, 9.983e+02, 4.582e-08
2.645e+00, 5.000e-01, -4.750e-01, 1.132e+05, 0.000e+00, 8.512e-05, 0.000e+00, 2.056e+00, 9.983e+02, 3.675e-08
2.645e+00, 5.000e-01, -4.650e-01, 1.131e+05, 0.000e+00, 6.916e-05, 0.000e+00, 2.054e+00, 9.983e+02, 2.969e-08
2.645e+00, 5.000e-01, -4.550e-01, 1.130e+05, 0.000e+00, 5.538e-05, 0.000e+00, 2.052e+00, 9.983e+02, 2.377e-08
2.645e+00, 5.000e-01, -4.450e-01, 1.129e+05, 0.000e+00, 4.366e-05, 0.000e+00, 2.050e+00, 9.983e+02, 1.874e-08
2.645e+00, 5.000e-01, -4.350e-01, 1.128e+05, 0.000e+00, 3.433e-05, 0.000e+00, 2.048e+00, 9.983e+02, 1.474e-08
2.645e+00, 5.000e-01, -4.250e-01, 1.127e+05, 0.000e+00, 2.955e-05, 0.000e+00, 2.047e+00, 9.983e+02, 1.299e-08
2.645e+00, 5.000e-01, -4.150e-01, 1.126e+05, 0.000e+00, 2.595e-05, 0.000e+00, 2.045e+00, 9.983e+02, 1.166e-08
2.645e+00, 5.000e-01, -4.050e-01, 1.125e+05, 0.000e+00, 2.239e-05, 0.000e+00, 2.043e+00, 9.983e+02, 1.006e-08
2.645e+00, 5.000e-01, -3.950e-01, 1.124e+05, 0.000e+00, 1.897e-05, 0.000e+00, 2.041e+00, 9.983e+02, 8.522e-09
2.645e+00, 5.000e-01, -3.850e-01, 1.123e+05, 0.000e+00, 1.576e-05, 0.000e+00, 2.040e+00, 9.983e+02, 7.080e-09
2.645e+00, 5.000e-01, -3.750e-01, 1.122e+05, 0.000e+00, 1.283e-05, 0.000e+00, 2.038e+00, 9.983e+02, 5.765e-09
2.645e+00, 5.000e-01, -3.650e-01, 1.121e+05, 0.000e+00, 1.026e-05, 0.000e+00, 2.036e+00, 9.983e+02, 4.607e-09
2.645e+00, 5.000e-01, -3.550e-01, 1.120e+05, 0.000e+00, 8.066e-06, 0.000e+00, 2.034e+00, 9.983e+02, 3.623e-09
2.645e+00, 5.000e-01, -3.450e-01, 1.119e+05, 0.000e+00, 6.286e-06, 0.000e+00, 2.033e+00, 9.983e+02, 2.824e-09
2.645e+00, 5.000e-01, -3.350e-01, 1.118e+05, 0.000e+00, 4.996e-06, 0.000e+00, 2.031e+00, 9.983e+02, 2.244e-09
2.645e+00, 5.000e-01, -3.250e-01, 1.118e+05, 0.000e+00, 4.857e-06, 0.000e+00, 2.030e+00, 9.983e+02, 2.153e-09
2.645e+00, 5.000e-01, -3.150e-01, 1.117e+05, 0.000e+00, 5.317e-06, 0.000e+00, 2.029e+00, 9.983e+02, 2.335e-09
2.645e+00, 5.000e-01, -3.050e-01, 1.116e+05, 0.000e+00, 5.932e-06, 0.000e+00, 2.027e+00, 9.983e+02, 2.605e-09
2.645e+00, 5.000e-01, -2.950e-01, 1.115e+05, 0.000e+00, 6.582e-06, 0.000e+00, 2.025e+00, 9.983e+02, 2.891e-09
2.645e+00, 5.000e-01, -2.850e-01, 1.114e+05, 0.000e+00, 7.266e-06, 0.000e+00, 2.023e+00, 9.983e+02, 3.191e-09
2.645e+00, 5.000e-01, -2.750e-01, 1.113e+05, 0.000e+00, 8.547e-06, 0.000e+00, 2.021e+00, 9.983e+02, 3.754e-09
2.645e+00, 5.000e-01, -2.650e-01, 1.112e+05, 0.000e+00, 1.283e-05, 0.000e+00, 2.020e+00, 9.983e+02, 5.637e-09
2.645e+00, 5.000e-01, -2.550e-01, 1.111e+05, 0.000e+00, 2.740e-05, 0.000e+00, 2.018e+00, 9.983e+02, 1.203e-08
2.645e+00, 5.000e-01, -2.450e-01, 1.110e+05, 0.000e+00, 6.855e-05, 0.000e+00, 2.016e+00, 9.983e+02, 3.011e-08
2.645e+00, 5.000e-01, -2.350e-01, 1.111e+05, 0.000e+00, 1.596e-04, 0.000e+00, 2.018e+00, 9.983e+02, 6.877e-08
2.645e+00, 5.000e-01, -2.250e-01, 1.110e+05, 0.000e+00, 2.599e-04, 0.000e+00, 2.016e+00, 9.983e+02, 1.116e-07
2.645e+00, 5.000e-01, -2.150e-01, 1.109e+05, 0.000e+00, 3.217e-04, 0.000e+00, 2.014e+00, 9.983e+02, 1.381e-07
2.645e+00, 5.000e-01, -2.050e-01, 1.108e+05, 0.000e+00, 3.482e-04, 0.000e+00, 2.012e+00, 9.983e+02, 1.495e-07
2.645e+00, 5.000e-01, -1.950e-01, 1.107e+05, 0.000e+00, 3.535e-04, 0.000e+00, 2.011e+00, 9.983e+02, 1.517e-07
2.645e+00, 5.000e-01, -1.850e-01, 1.106e+05, 0.000e+00, 3.489e-04, 0.000e+00, 2.009e+00, 9.983e+02, 1.498e-07
2.645e+00, 5.000e-01, -1.750e-01, 1.105e+05, 0.000e+00, 3.432e-04, 0.000e+00, 2.007e+00, 9.983e+02, 1.473e-07
2.645e+00, 5.000e-01, -1.650e-01, 1.116e+05, 0.000e+00, 3.349e-04, 0.000e+00, 2.027e+00, 9.983e+02, 1.463e-07
2.645e+00, 5.000e-01, -1.550e-01, 1.115e+05, 0.000e+00, 2.749e-04, 0.000e+00, 2.025e+00, 9.983e+02, 1.207e-07
2.645e+00, 5.000e-01, -1.450e-01, 1.114e+05, 0.000e+00, 1.986e-04, 0.000e+00, 2.024e+00, 9.983e+02, 8.721e-08
2.645e+00, 5.000e-01, -1.350e-01, 1.113e+05, 0.000e+00, 1.292e-04, 0.000e+00, 2.022e+00, 9.983e+02, 5.676e-08
2.645e+00, 5.000e-01, -1.250e-01, 1.112e+05, 0.000e+00, 7.698e-05, 0.000e+00, 2.020e+00, 9.983e+02, 3.381e-08
2.645e+00, 5.000e-01, -1.150e-01, 1.111e+05, 0.000e+00, 4.246e-05, 0.000e+00, 2.018e+00, 9.983e+02, 1.865e-08
2.645e+00, 5.000e-01, -1.050e-01, 1.110e+05, 0.000e+00, 2.189e-05, 0.000e+00, 2.017e+00, 9.983e+02, 9.616e-09
2.645e+00, 5.000e-01, -9.500e-02, 1.109e+05, 0.000e+00, 1.062e-05, 0.000e+00, 2.015e+00, 9.983e+02, 4.666e-09
2.645e+00, 5.000e-01, -8.500e-02, 1.108e+05, 0.000e+00, 4.879e-06, 0.000e+00, 2.013e+00, 9.983e+02, 2.143e-09
2.645e+00, 5.000e-01, -7.500e-02, 1.107e+05, 0.000e+00, 2.128e-06, 0.000e+00, 2.011e+00, 9.983e+02, 9.348e-10
2.645e+00, 5.000e-01, -6.500e-02, 1.106e+05, 0.000e+00, 8.840e-07, 0.000e+00, 2.009e+00, 9.983e+02, 3.883e-10
2.645e+00, 5.000e-01, -5.500e-02, 1.105e+05, 0.000e+00, 3.503e-07, 0.000e+00, 2.008e+00, 9.983e+02, 1.539e-10
2.645e+00, 5.000e-01, -4.500e-02, 1.104e+05, 0.000e+00, 1.326e-07, 0.000e+00, 2.006e+00, 9.983e+02, 5.825e-11
2.645e+00, 5.000e-01, -3.500e-02, 1.103e+05, 0.000e+00, 4.803e-08, 0.000e+00, 2.004e+00, 9.983e+02, 2.110e-11
2.645e+00, 5.000e-01, -2.500e-02, 1.102e+05, 0.000e+00, 1.669e-08, 0.000e+00, 2.002e+00, 9.983e+02, 7.333e-12
2.645e+00, 5.000e-01, -1.500e-02, 1.101e+05, 0.000e+00, 5.677e-09, 0.000e+00, 2.000e+00, 9.983e+02, 2.493e-12
2.645e+00, 5.000e-01, -5.000e-03, 1.100e+05, 0.000e+00, 2.232e-09, 0.000e+00, 1.999e+00, 9.983e+02, 9.803e-13
2.655e+00, 5.000e-01, -1.195e+00, 1.202e+05, 0.000e+00, 1.002e-13, 0.000e+00, 2.184e+00, 9.983e+02, 2.000e-17
2.655e+00, 5.000e-01, -1.185e+00, 1.201e+05, 0.000e+00, 7.891e-13, 0.000e+00, 2.182e+00, 9.983e+02, 1.576e-16
2.655e+00, 5.000e-01, -1.175e+00, 1.200e+05, 0.000e+00, 3.303e-04, 0.000e+00, 2.181e+00, 9.983e+02, 1.171e-07
2.655e+00, 5.000e-01, -1.165e+00, 1.199e+05, 0.000e+00, 3.540e-04, 0.000e+00, 2.179e+00, 9.983e+02, 1.520e-07
2.655e+00, 5.000e-01, -1.155e+00, 1.198e+05, 0.000e+00, 3.576e-04, 0.000e+00, 2.177e+00, 9.983e+02, 1.535e-07
2.655e+00, 5.000e-01, -1.145e+00, 1.197e+05, 0.000e+00, 3.570e-04, 0.000e+00, 2.175e+00, 9.983e+02, 1.533e-07
2.655e+00, 5.000e-01, -1.135e+00, 1.196e+05, 0.000e+00, 3.534e-04, 0.000e+00, 2.174e+00, 9.983e+02, 1.517e-07
2.655e+00, 5.000e-01, -1.125e+00, 1.195e+05, 0.000e+00, 3.487e-04, 0.000e+00, 2.172e+00, 9.983e+02, 1.497e-07
2.655e+00, 5.000e-01, -1.115e+00, 1.194e+05, 0.000e+00, 3.449e-04, 0.000e+00, 2.170e+00, 9.983e+02, 1.480e-07
2.655e+00, 5.000e-01, -1.105e+00, 1.193e+05, 0.000e+00, 3.424e-04, 0.000e+00, 2.168e+00, 9.983e+02, 1.470e-07
2.655e+00, 5.000e-01, -1.095e+00, 1.192e+05, 0.000e+00, 3.407e-04, 0.000e+00, 2.167e+00, 9.983e+02, 1.463e-07
2.655e+00, 5.000e-01, -1.085e+00, 1.191e+05, 0.000e+00, 3.394e-04, 0.000e+00, 2.165e+00, 9.983e+02, 1.457e-07
2.655e+00, 5.000e-01, -1.075e+00, 1.190e+05, 0.000e+00, 3.379e-04, 0.000e+00, 2.163e+00, 9.983e+02, 1.451e-07
2.655e+00, 5.000e-01, -1.065e+00, 1.189e+05, 0.000e+00, 3.361e-04, 0.000e+00, 2.161e+00, 9.983e+02, 1.443e-07
2.655e+00, 5.000e-01, -1.055e+00, 1.188e+05, 0.000e+00, 3.335e-04, 0.000e+00, 2.159e+00, 9.983e+02, 1.432e-07
2.655e+00, 5.000e-01, -1.045e+00, 1.187e+05, 0.000e+00, 3.297e-04, 0.000e+00, 2.158e+00, 9.983e+02, 1.415e-07
2.655e+00, 5.000e-01, -1.035e+00, 1.186e+05, 0.000e+00, 3.237e-04, 0.000e+00, 2.156e+00, 9.983e+02, 1.389e-07
2.655e+00, 5.000e-01, -1.025e+00, 1.185e+05, 0.000e+00, 3.145e-04, 0.000e+00, 2.154e+00, 9.983e+02, 1.350e-07
2.655e+00, 5.000e-01, -1.015e+00, 1.185e+05, 0.000e+00, 3.015e-04, 0.000e+00, 2.152e+00, 9.983e+02, 1.294e-07
2.655e+00, 5.000e-01, -1.005e+00, 1.184e+05, 0.000e+00, 2.849e-04, 0.000e+00, 2.150e+00, 9.983e+02, 1.223e-07
2.655e+00, 5.000e-01, -9.950e-01, 1.183e+05, 0.000e+00, 2.658e-04, 0.000e+00, 2.149e+00, 9.983e+02, 1.141e-07
2.655e+00, 5.000e-01, -9.850e-01, 1.182e+05, 0.000e+00, 2.459e-04, 0.000e+00, 2.147e+00, 9.983e+02, 1.056e-07
2.655e+00, 5.000e-01, -9.750e-01, 1.181e+05, 0.000e+00, 2.276e-04, 0.000e+00, 2.145e+00, 9.983e+02, 9.769e-08
2.655e+00, 5.000e-01, -9.650e-01, 1.180e+05, 0.000e+00, 2.122e-04, 0.000e+00, 2.143e+00, 9.983e+02, 9.108e-08
2.655e+00, 5.000e-01, -9.550e-01, 1.179e+05, 0.000e+00, 1.989e-04, 0.000e+00, 2.141e+00, 9.983e+02, 8.539e-08
2.655e+00, 5.000e-01, -9.450e-01, 1.178e+05, 0.000e+00, 1.869e-04, 0.000e+00, 2.140e+00, 9.983e+02, 8.021e-08
2.655e+00, 5.000e-01, -9.350e-01, 1.177e+05, 0.000e+00, 1.751e-04, 0.000e+00, 2.138e+00, 9.983e+02, 7.518e-08
2.655e+00, 5.000e-01, -9.250e-01, 1.176e+05, 0.000e+00, 1.631e-04, 0.000e+00, 2.136e+00, 9.983e+02, 7.003e-08
2.655e+00, 5.000e-01, -9.150e-01, 1.175e+05, 0.000e+00, 1.505e-04, 0.000e+00, 2.134e+00, 9.983e+02, 6.461e-08
2.655e+00, 5.000e-01, -9.050e-01, 1.174e+05, 0.000e+00, 1.370e-04, 0.000e+00, 2.132e+00, 9.983e+02, 5.883e-08
2.655e+00, 5.000e-01, -8.950e-01, 1.173e+05, 0.000e+00, 1.227e-04, 0.000e+00, 2.131e+00, 9.983e+02, 5.266e-08
2.655e+00, 5.000e-01, -8.850e-01, 1.172e+05, 0.000e+00, 1.075e-04, 0.000e+00, 2.129e+00, 9.983e+02, 4.613e-08
2.655e+00, 5.000e-01, -8.750e-01, 1.171e+05, 0.000e+00, 9.156e-05, 0.000e+00, 2.127e+00, 9.983e+02, 3.930e-08
2.655e+00, 5.000e-01, -8.650e-01, 1.170e+05, 0.000e+00, 7.528e-05, 0.000e+00, 2.125e+00, 9.983e+02, 3.232e-08
2.655e+00, 5.000e-01, -8.550e-01, 1.169e+05, 0.000e+00, 5.910e-05, 0.000e+00, 2.124e+00, 9.983e+02, 2.537e-08
2.655e+00, 5.000e-01, -8.450e-01, 1.168e+05, 0.000e+00, 4.371e-05, 0.000e+00, 2.122e+00, 9.983e+02, 1.876e-08
2.655e+00, 5.000e-01, -8.350e-01, 1.167e+05, 0.000e+00, 2.994e-05, 0.000e+00, 2.120e+00, 9.983e+02, 1.285e-08
2.655e+00, 5.000e-01, -8.250e-01, 1.166e+05, 0.000e+00, 1.865e-05, 0.000e+00, 2.118e+00, 9.983e+02, 8.007e-09
2.655e+00, 5.000e-01, -8.150e-01, 1.165e+05, 0.000e+00, 1.066e-05, 0.000e+00, 2.116e+00, 9.983e+02, 4.574e-09
2.655e+00, 5.000e-01, -8.050e-01, 1.164e+05, 0.000e+00, 7.430e-06, 0.000e+00, 2.115e+00, 9.983e+02, 3.189e-09
2.655e+00, 5.000e-01, -7.950e-01, 1.178e+05, 0.000e+00, 9.583e-06, 0.000e+00, 2.140e+00, 9.983e+02, 4.190e-09
2.655e+00, 5.000e-01, -7.850e-01, 1.177e+05, 0.000e+00, 1.592e-05, 0.000e+00, 2.138e+00, 9.983e+02, 6.991e-09
2.655e+00, 5.000e-01, -7.750e-01, 1.176e+05, 0.000e+00, 2.105e-05, 0.000e+00, 2.136e+00, 9.983e+02, 9.244e-09
2.655e+00, 5.000e-01, -7.650e-01, 1.175e+05, 0.000e+00, 2.293e-05, 0.000e+00, 2.135e+00, 9.983e+02, 1.007e-08
2.655e+00, 5.000e-01, -7.550e-01, 1.174e+05, 0.000e+00, 2.151e-05, 0.000e+00, 2.133e+00, 9.983e+02, 9.448e-09
2.655e+00, 5.000e-01, -7.450e-01, 1.173e+05, 0.000e+00, 1.789e-05, 0.000e+00, 2.131e+00, 9.983e+02, 7.858e-09
2.655e+00, 5.000e-01, -7.350e-01, 1.172e+05, 0.000e+00, 1.344e-05, 0.000e+00, 2.129e+00, 9.983e+02, 5.904e-09
2.655e+00, 5.000e-01, -7.250e-01, 1.171e+05, 0.000e+00, 9.271e-06, 0.000e+00, 2.127e+00, 9.983e+02, 4.072e-09
2.655e+00, 5.000e-01, -7.150e-01, 1.170e+05, 0.000e+00, 6.060e-06, 0.000e+00, 2.126e+00, 9.983e+02, 2.662e-09
2.655e+00, 5.000e-01, -7.050e-01, 1.169e+05, 0.000e+00, 4.487e-06, 0.000e+00, 2.124e+00, 9.983e+02, 1.971e-09
2.655e+00, 5.000e-01, -6.950e-01, 1.168e+05, 0.000e+00, 6.768e-06, 0.000e+00, 2.122e+00, 9.983e+02, 2.973e-09
2.655e+00, 5.000e-01, -6.850e-01, 1.167e+05, 0.000e+00, 2.102e-05, 0.000e+00, 2.120e+00, 9.983e+02, 9.233e-09
2.655e+00, 5.000e-01, -6.750e-01, 1.166e+05, 0.000e+00, 7.060e-05, 0.000e+00, 2.119e+00, 9.983e+02, 3.101e-08
2.655e+00, 5.000e-01, -6.650e-01, 1.150e+05, 0.000e+00, 2.034e-04, 0.000e+00, 2.090e+00, 9.983e+02, 9.038e-08
2.655e+00, 5.000e-01, -6.550e-01, 1.149e+05, 0.000e+00, 3.274e-04, 0.000e+00, 2.088e+00, 9.983e+02, 1.471e-07
2.655e+00, 5.000e-01, -6.450e-01, 1.148e+05, 0.000e+00, 3.809e-04, 0.000e+00, 2.086e+00, 9.983e+02, 1.711e-07
2.655e+00, 5.000e-01, -6.350e-01, 1.147e+05, 0.000e+00, 3.894e-04, 0.000e+00, 2.084e+00, 9.983e+02, 1.750e-07
2.655e+00, 5.000e-01, -6.250e-01, 1.146e+05, 0.000e+00, 3.748e-04, 0.000e+00, 2.083e+00, 9.983e+02, 1.684e-07
2.655e+00, 5.000e-01, -6.150e-01, 1.145e+05, 0.000e+00, 3.492e-04, 0.000e+00, 2.081e+00, 9.983e+02, 1.569e-07
2.655e+00, 5.000e-01, -6.050e-01, 1.144e+05, 0.000e+00, 3.184e-04, 0.000e+00, 2.079e+00, 9.983e+02, 1.430e-07
2.655e+00, 5.000e-01, -5.950e-01, 1.144e+05, 0.000e+00, 2.848e-04, 0.000e+00, 2.077e+00, 9.983e+02, 1.279e-07
2.655e+00, 5.000e-01, -5.850e-01, 1.143e+05, 0.000e+00, 2.493e-04, 0.000e+00, 2.075e+00, 9.983e+02, 1.120e-07
2.655e+00, 5.000e-01, -5.750e-01, 1.142e+05, 0.000e+00, 2.128e-04, 0.000e+00, 2.074e+00, 9.983e+02, 9.558e-08
2.655e+00, 5.000e-01, -5.650e-01, 1.141e+05, 0.000e+00, 1.778e-04, 0.000e+00, 2.072e+00, 9.983e+02, 7.987e-08
2.655e+00, 5.000e-01, -5.550e-01, 1.140e+05, 0.000e+00, 1.545e-04, 0.000e+00, 2.070e+00, 9.983e+02, 6.855e-08
2.655e+00, 5.000e-01, -5.450e-01, 1.138e+05, 0.000e+00, 1.562e-04, 0.000e+00, 2.068e+00, 9.983e+02, 6.704e-08
2.655e+00, 5.000e-01, -5.350e-01, 1.137e+05, 0.000e+00, 1.476e-04, 0.000e+00, 2.066e+00, 9.983e+02, 6.335e-08
2.655e+00, 5.000e-01, -5.250e-01, 1.137e+05, 0.000e+00, 1.362e-04, 0.000e+00, 2.064e+00, 9.983e+02, 5.845e-08
2.655e+00, 5.000e-01, -5.150e-01, 1.136e+05, 0.000e+00, 1.234e-04, 0.000e+00, 2.063e+00, 9.983e+02, 5.298e-08
2.655e+00, 5.000e-01, -5.050e-01, 1.135e+05, 0.000e+00, 1.077e-04, 0.000e+00, 2.061e+00, 9.983e+02, 4.626e-08
2.655e+00, 5.000e-01, -4.950e-01, 1.134e+05, 0.000e+00, 9.235e-05, 0.000e+00, 2.059e+00, 9.983e+02, 4.140e-08
2.655e+00, 5.000e-01, -4.850e-01, 1.133e+05, 0.000e+00, 7.870e-05, 0.000e+00, 2.058e+00, 9.983e+02, 3.522e-08
2.655e+00, 5.000e-01, -4.750e-01, 1.132e+05, 0.000e+00, 6.355e-05, 0.000e+00, 2.056e+00, 9.983e+02, 2.728e-08
2.655e+00, 5.000e-01, -4.650e-01, 1.131e+05, 0.000e+00, 5.064e-05, 0.000e+00, 2.054e+00, 9.983e+02, 2.174e-08
2.655e+00, 5.000e-01, -4.550e-01, 1.130e+05, 0.000e+00, 3.972e-05, 0.000e+00, 2.052e+00, 9.983e+02, 1.705e-08
2.655e+00, 5.000e-01, -4.450e-01, 1.129e+05, 0.000e+00, 3.075e-05, 0.000e+00, 2.050e+00, 9.983e+02, 1.320e-08
2.655e+00, 5.000e-01, -4.350e-01, 1.128e+05, 0.000e+00, 2.413e-05, 0.000e+00, 2.048e+00, 9.983e+02, 1.036e-08
2.655e+00, 5.000e-01, -4.250e-01, 1.127e+05, 0.000e+00, 2.082e-05, 0.000e+00, 2.047e+00, 9.983e+02, 9.262e-09
2.655e+00, 5.000e-01, -4.150e-01, 1.126e+05, 0.000e+00, 1.795e-05, 0.000e+00, 2.045e+00, 9.983e+02, 8.065e-09
2.655e+00, 5.000e-01, -4.050e-01, 1.125e+05, 0.000e+00, 1.518e-05, 0.000e+00, 2.043e+00, 9.983e+02, 6.820e-09
2.655e+00, 5.000e-01, -3.950e-01, 1.124e+05, 0.000e+00, 1.254e-05, 0.000e+00, 2.041e+00, 9.983e+02, 5.635e-09
2.655e+00, 5.000e-01, -3.850e-01, 1.123e+05, 0.000e+00, 1.011e-05, 0.000e+00, 2.040e+00, 9.983e+02, 4.542e-09
2.655e+00, 5.000e-01, -3.750e-01, 1.122e+05, 0.000e+00, 7.950e-06, 0.000e+00, 2.038e+00, 9.983e+02, 3.571e-09
2.655e+00, 5.000e-01, -3.650e-01, 1.121e+05, 0.000e+00, 6.115e-06, 0.000e+00, 2.036e+00, 9.983e+02, 2.747e-09
2.655e+00, 5.000e-01, -3.550e-01, 1.120e+05, 0.000e+00, 4.627e-06, 0.000e+00, 2.034e+00, 9.983e+02, 2.078e-09
2.655e+00, 5.000e-01, -3.450e-01, 1.119e+05, 0.000e+00, 3.485e-06, 0.000e+00, 2.033e+00, 9.983e+02, 1.565e-09
2.655e+00, 5.000e-01, -3.350e-01, 1.118e+05, 0.000e+00, 2.724e-06, 0.000e+00, 2.031e+00, 9.983e+02, 1.224e-09
2.655e+00, 5.000e-01, -3.250e-01, 1.118e+05, 0.000e+00, 2.694e-06, 0.000e+00, 2.030e+00, 9.983e+02, 1.190e-09
2.655e+00, 5.000e-01, -3.150e-01, 1.117e+05, 0.000e+00, 2.971e-06, 0.000e+00, 2.029e+00, 9.983e+02, 1.305e-09
2.655e+00, 5.000e-01, -3.050e-01, 1.116e+05, 0.000e+00, 3.372e-06, 0.000e+00, 2.027e+00, 9.983e+02, 1.481e-09
2.655e+00, 5.000e-01, -2.950e-01, 1.115e+05, 0.000e+00, 3.833e-06, 0.000e+00, 2.025e+00, 9.983e+02, 1.684e-09
2.655e+00, 5.000e-01, -2.850e-01, 1.114e+05, 0.000e+00, 4.401e-06, 0.000e+00, 2.023e+00, 9.983e+02, 1.933e-09
2.655e+00, 5.000e-01, -2.750e-01, 1.113e+05, 0.000e+00, 5.594e-06, 0.000e+00, 2.021e+00, 9.983e+02, 2.457e-09
2.655e+00, 5.000e-01, -2.650e-01, 1.112e+05, 0.000e+00, 9.431e-06, 0.000e+00, 2.020e+00, 9.983e+02, 4.142e-09
2.655e+00, 5.000e-01, -2.550e-01, 1.111e+05, 0.000e+00, 2.183e-05, 0.000e+00, 2.018e+00, 9.983e+02, 9.589e-09
2.655e+00, 5.000e-01, -2.450e-01, 1.110e+05, 0.000e+00, 5.645e-05, 0.000e+00, 2.016e+00, 9.983e+02, 2.479e-08
2.655e+00, 5.000e-01, -2.350e-01, 1.111e+05, 0.000e+00, 1.345e-04, 0.000e+00, 2.018e+00, 9.983e+02, 5.774e-08
2.655e+00, 5.000e-01, -2.250e-01, 1.110e+05, 0.000e+00, 2.179e-04, 0.000e+00, 2.016e+00, 9.983e+02, 9.354e-08
2.655e+00, 5.000e-01, -2.150e-01, 1.109e+05, 0.000e+00, 2.737e-04, 0.000e+00, 2.014e+00, 9.983e+02, 1.175e-07
2.655e+00, 5.000e-01, -2.050e-01, 1.108e+05, 0.000e+00, 3.019e-04, 0.000e+00, 2.012e+00, 9.983e+02, 1.296e-07
2.655e+00, 5.000e-01, -1.950e-01, 1.107e+05, 0.000e+00, 3.128e-04, 0.000e+00, 2.011e+00, 9.983e+02, 1.343e-07
2.655e+00, 5.000e-01, -1.850e-01, 1.106e+05, 0.000e+00, 3.156e-04, 0.000e+00, 2.009e+00, 9.983e+02, 1.355e-07
2.655e+00, 5.000e-01, -1.750e-01, 1.105e+05, 0.000e+00, 3.197e-04, 0.000e+00, 2.007e+00, 9.983e+02, 1.372e-07
2.655e+00, 5.000e-01, -1.650e-01, 1.116e+05, 0.000e+00, 3.157e-04, 0.000e+00, 2.027e+00, 9.983e+02, 1.383e-07
2.655e+00, 5.000e-01, -1.550e-01, 1.115e+05, 0.000e+00, 2.599e-04, 0.000e+00, 2.025e+00, 9.983e+02, 1.142e-07
2.655e+00, 5.000e-01, -1.450e-01, 1.114e+05, 0.000e+00, 1.875e-04, 0.000e+00, 2.024e+00, 9.983e+02, 8.237e-08
2.655e+00, 5.000e-01, -1.350e-01, 1.113e+05, 0.000e+00, 1.215e-04, 0.000e+00, 2.022e+00, 9.983e+02, 5.338e-08
2.655e+00, 5.000e-01, -1.250e-01, 1.112e+05, 0.000e+00, 7.194e-05, 0.000e+00, 2.020e+00, 9.983e+02, 3.160e-08
2.655e+00, 5.000e-01, -1.150e-01, 1.111e+05, 0.000e+00, 3.937e-05, 0.000e+00, 2.018e+00, 9.983e+02, 1.729e-08
2.655e+00, 5.000e-01, -1.050e-01, 1.110e+05, 0.000e+00, 2.011e-05, 0.000e+00, 2.017e+00, 9.983e+02, 8.834e-09
2.655e+00, 5.000e-01, -9.500e-02, 1.109e+05, 0.000e+00, 9.663e-06, 0.000e+00, 2.015e+00, 9.983e+02, 4.245e-09
2.655e+00, 5.000e-01, -8.500e-02, 1.108e+05, 0.000e+00, 4.391e-06, 0.000e+00, 2.013e+00, 9.983e+02, 1.929e-09
2.655e+00, 5.000e-01, -7.500e-02, 1.107e+05, 0.000e+00, 1.894e-06, 0.000e+00, 2.011e+00, 9.983e+02, 8.320e-10
2.655e+00, 5.000e-01, -6.500e-02, 1.106e+05, 0.000e+00, 7.779e-07, 0.000e+00, 2.009e+00, 9.983e+02, 3.417e-10
2.655e+00, 5.000e-01, -5.500e-02, 1.105e+05, 0.000e+00, 3.048e-07, 0.000e+00, 2.008e+00, 9.983e+02, 1.339e-10
2.655e+00, 5.000e-01, -4.500e-02, 1.104e+05, 0.000e+00, 1.140e-07, 0.000e+00, 2.006e+00, 9.983e+02, 5.009e-11
2.655e+00, 5.000e-01, -3.500e-02, 1.103e+05, 0.000e+00, 4.083e-08, 0.000e+00, 2.004e+00, 9.983e+02, 1.794e-11
2.655e+00, 5.000e-01, -2.500e-02, 1.102e+05, 0.000e+00, 1.403e-08, 0.000e+00, 2.002e+00, 9.983e+02, 6.162e-12
2.655e+00, 5.000e-01, -1.500e-02, 1.101e+05, 0.000e+00, 4.712e-09, 0.000e+00, 2.000e+00, 9.983e+02, 2.070e-12
2.655e+00, 5.000e-01, -5.000e-03, 1.100e+05, 0.000e+00, 1.828e-09, 0.000e+00, 1.999e+00, 9.983e+02, 8.031e-13
2.665e+00, 5.000e-01, -1.195e+00, 1.202e+05, 0.000e+00, 1.002e-13, 0.000e+00, 2.184e+00, 9.983e+02, 2.000e-17
2.665e+00, 5.000e-01, -1.185e+00, 1.201e+05, 0.000e+00, 8.478e-11, 0.000e+00, 2.182e+00, 9.983e+02, 3.555e-14
2.665e+00, 5.000e-01, -1.175e+00, 1.200e+05, 0.000e+00, 3.508e-04, 0.000e+00, 2.181e+00, 9.983e+02, 1.481e-07
2.665e+00, 5.000e-01, -1.165e+00, 1.199e+05, 0.000e+00, 3.578e-04, 0.000e+00, 2.179e+00, 9.983e+02, 1.536e-07
2.665e+00, 5.000e-01, -1.155e+00, 1.198e+05, 0.000e+00, 3.629e-04, 0.000e+00, 2.177e+00, 9.983e+02, 1.558e-07
2.665e+00, 5.000e-01, -1.145e+00, 1.197e+05, 0.000e+00, 3.635e-04, 0.000e+00, 2.175e+00, 9.983e+02, 1.560e-07
2.665e+00, 5.000e-01, -1.135e+00, 1.196e+05, 0.000e+00, 3.605e-04, 0.000e+00, 2.174e+00, 9.983e+02, 1.548e-07
2.665e+00, 5.000e-01, -1.125e+00, 1.195e+05, 0.000e+00, 3.560e-04, 0.000e+00, 2.172e+00, 9.983e+02, 1.528e-07
2.665e+00, 5.000e-01, -1.115e+00, 1.194e+05, 0.000e+00, 3.516e-04, 0.000e+00, 2.170e+00, 9.983e+02, 1.509e-07
2.665e+00, 5.000e-01, -1.105e+00, 1.193e+05, 0.000e+00, 3.479e-04, 0.000e+00, 2.168e+00, 9.983e+02, 1.494e-07
2.665e+00, 5.000e-01, -1.095e+00, 1.192e+05, 0.000e+00, 3.449e-04, 0.000e+00, 2.167e+00, 9.983e+02, 1.481e-07
2.665e+00, 5.000e-01, -1.085e+00, 1.191e+05, 0.000e+00, 3.422e-04, 0.000e+00, 2.165e+00, 9.983e+02, 1.469e-07
2.665e+00, 5.000e-01, -1.075e+00, 1.190e+05, 0.000e+00, 3.393e-04, 0.000e+00, 2.163e+00, 9.983e+02, 1.457e-07
2.665e+00, 5.000e-01, -1.065e+00, 1.189e+05, 0.000e+00, 3.360e-04, 0.000e+00, 2.161e+00, 9.983e+02, 1.442e-07
2.665e+00, 5.000e-01, -1.055e+00, 1.188e+05, 0.000e+00, 3.315e-04, 0.000e+00, 2.159e+00, 9.983e+02, 1.423e-07
2.665e+00, 5.000e-01, -1.045e+00, 1.187e+05, 0.000e+00, 3.251e-04, 0.000e+00, 2.158e+00, 9.983e+02, 1.396e-07
2.665e+00, 5.000e-01, -1.035e+00, 1.186e+05, 0.000e+00, 3.161e-04, 0.000e+00, 2.156e+00, 9.983e+02, 1.357e-07
2.665e+00, 5.000e-01, -1.025e+00, 1.185e+05, 0.000e+00, 3.038e-04, 0.000e+00, 2.154e+00, 9.983e+02, 1.304e-07
2.665e+00, 5.000e-01, -1.015e+00, 1.185e+05, 0.000e+00, 2.881e-04, 0.000e+00, 2.152e+00, 9.983e+02, 1.237e-07
2.665e+00, 5.000e-01, -1.005e+00, 1.184e+05, 0.000e+00, 2.700e-04, 0.000e+00, 2.150e+00, 9.983e+02, 1.159e-07
2.665e+00, 5.000e-01, -9.950e-01, 1.183e+05, 0.000e+00, 2.511e-04, 0.000e+00, 2.149e+00, 9.983e+02, 1.078e-07
2.665e+00, 5.000e-01, -9.850e-01, 1.182e+05, 0.000e+00, 2.325e-04, 0.000e+00, 2.147e+00, 9.983e+02, 9.981e-08
2.665e+00, 5.000e-01, -9.750e-01, 1.181e+05, 0.000e+00, 2.167e-04, 0.000e+00, 2.145e+00, 9.983e+02, 9.302e-08
2.665e+00, 5.000e-01, -9.650e-01, 1.180e+05, 0.000e+00, 2.032e-04, 0.000e+00, 2.143e+00, 9.983e+02, 8.721e-08
2.665e+00, 5.000e-01, -9.550e-01, 1.179e+05, 0.000e+00, 1.912e-04, 0.000e+00, 2.141e+00, 9.983e+02, 8.208e-08
2.665e+00, 5.000e-01, -9.450e-01, 1.178e+05, 0.000e+00, 1.801e-04, 0.000e+00, 2.140e+00, 9.983e+02, 7.729e-08
2.665e+00, 5.000e-01, -9.350e-01, 1.177e+05, 0.000e+00, 1.690e-04, 0.000e+00, 2.138e+00, 9.983e+02, 7.256e-08
2.665e+00, 5.000e-01, -9.250e-01, 1.176e+05, 0.000e+00, 1.576e-04, 0.000e+00, 2.136e+00, 9.983e+02, 6.767e-08
2.665e+00, 5.000e-01, -9.150e-01, 1.175e+05, 0.000e+00, 1.456e-04, 0.000e+00, 2.134e+00, 9.983e+02, 6.248e-08
2.665e+00, 5.000e-01, -9.050e-01, 1.174e+05, 0.000e+00, 1.326e-04, 0.000e+00, 2.132e+00, 9.983e+02, 5.693e-08
2.665e+00, 5.000e-01, -8.950e-01, 1.173e+05, 0.000e+00, 1.188e-04, 0.000e+00, 2.131e+00, 9.983e+02, 5.098e-08
2.665e+00, 5.000e-01, -8.850e-01, 1.172e+05, 0.000e+00, 1.040e-04, 0.000e+00, 2.129e+00, 9.983e+02, 4.465e-08
2.665e+00, 5.000e-01, -8.750e-01, 1.171e+05, 0.000e+00, 8.849e-05, 0.000e+00, 2.127e+00, 9.983e+02, 3.798e-08
2.665e+00, 5.000e-01, -8.650e-01, 1.170e+05, 0.000e+00, 7.249e-05, 0.000e+00, 2.125e+00, 9.983e+02, 3.112e-08
2.665e+00, 5.000e-01, -8.550e-01, 1.169e+05, 0.000e+00, 5.652e-05, 0.000e+00, 2.124e+00, 9.983e+02, 2.426e-08
2.665e+00, 5.000e-01, -8.450e-01, 1.168e+05, 0.000e+00, 4.129e-05, 0.000e+00, 2.122e+00, 9.983e+02, 1.772e-08
2.665e+00, 5.000e-01, -8.350e-01, 1.167e+05, 0.000e+00, 2.770e-05, 0.000e+00, 2.120e+00, 9.983e+02, 1.189e-08
2.665e+00, 5.000e-01, -8.250e-01, 1.166e+05, 0.000e+00, 1.668e-05, 0.000e+00, 2.118e+00, 9.983e+02, 7.158e-09
2.665e+00, 5.000e-01, -8.150e-01, 1.165e+05, 0.000e+00, 9.020e-06, 0.000e+00, 2.116e+00, 9.983e+02, 3.872e-09
2.665e+00, 5.000e-01, -8.050e-01, 1.164e+05, 0.000e+00, 6.506e-06, 0.000e+00, 2.115e+00, 9.983e+02, 2.800e-09
2.665e+00, 5.000e-01, -7.950e-01, 1.178e+05, 0.000e+00, 7.700e-06, 0.000e+00, 2.140e+00, 9.983e+02, 3.382e-09
2.665e+00, 5.000e-01, -7.850e-01, 1.177e+05, 0.000e+00, 1.149e-05, 0.000e+00, 2.138e+00, 9.983e+02, 5.045e-09
2.665e+00, 5.000e-01, -7.750e-01, 1.176e+05, 0.000e+00, 1.439e-05, 0.000e+00, 2.136e+00, 9.983e+02, 6.322e-09
2.665e+00, 5.000e-01, -7.650e-01, 1.175e+05, 0.000e+00, 1.524e-05, 0.000e+00, 2.135e+00, 9.983e+02, 6.695e-09
2.665e+00, 5.000e-01, -7.550e-01, 1.174e+05, 0.000e+00, 1.406e-05, 0.000e+00, 2.133e+00, 9.983e+02, 6.176e-09
2.665e+00, 5.000e-01, -7.450e-01, 1.173e+05, 0.000e+00, 1.156e-05, 0.000e+00, 2.131e+00, 9.983e+02, 5.079e-09
2.665e+00, 5.000e-01, -7.350e-01, 1.172e+05, 0.000e+00, 8.622e-06, 0.000e+00, 2.129e+00, 9.983e+02, 3.787e-09
2.665e+00, 5.000e-01, -7.250e-01, 1.171e+05, 0.000e+00, 5.915e-06, 0.000e+00, 2.127e+00, 9.983e+02, 2.598e-09
2.665e+00, 5.000e-01, -7.150e-01, 1.170e+05, 0.000e+00, 3.884e-06, 0.000e+00, 2.126e+00, 9.983e+02, 1.706e-09
2.665e+00, 5.000e-01, -7.050e-01, 1.169e+05, 0.000e+00, 3.091e-06, 0.000e+00, 2.124e+00, 9.983e+02, 1.358e-09
2.665e+00, 5.000e-01, -6.950e-01, 1.168e+05, 0.000e+00, 5.720e-06, 0.000e+00, 2.122e+00, 9.983e+02, 2.512e-09
2.665e+00, 5.000e-01, -6.850e-01, 1.167e+05, 0.000e+00, 2.029e-05, 0.000e+00, 2.120e+00, 9.983e+02, 8.913e-09
2.665e+00, 5.000e-01, -6.750e-01, 1.166e+05, 0.000e+00, 7.334e-05, 0.000e+00, 2.119e+00, 9.983e+02, 3.221e-08
2.665e+00, 5.000e-01, -6.650e-01, 1.150e+05, 0.000e+00, 2.233e-04, 0.000e+00, 2.090e+00, 9.983e+02, 9.966e-08
2.665e+00, 5.000e-01, -6.550e-01, 1.149e+05, 0.000e+00, 3.253e-04, 0.000e+00, 2.088e+00, 9.983e+02, 1.462e-07
2.665e+00, 5.000e-01, -6.450e-01, 1.148e+05, 0.000e+00, 3.726e-04, 0.000e+00, 2.086e+00, 9.983e+02, 1.674e-07
2.665e+00, 5.000e-01, -6.350e-01, 1.147e+05, 0.000e+00, 3.780e-04, 0.000e+00, 2.084e+00, 9.983e+02, 1.698e-07
2.665e+00, 5.000e-01, -6.250e-01, 1.146e+05, 0.000e+00, 3.614e-04, 0.000e+00, 2.083e+00, 9.983e+02, 1.624e-07
2.665e+00, 5.000e-01, -6.150e-01, 1.145e+05, 0.000e+00, 3.342e-04, 0.000e+00, 2.081e+00, 9.983e+02, 1.501e-07
2.665e+00, 5.000e-01, -6.050e-01, 1.144e+05, 0.000e+00, 3.017e-04, 0.000e+00, 2.079e+00, 9.983e+02, 1.355e-07
2.665e+00, 5.000e-01, -5.950e-01, 1.144e+05, 0.000e+00, 2.662e-04, 0.000e+00, 2.077e+00, 9.983e+02, 1.196e-07
2.665e+00, 5.000e-01, -5.850e-01, 1.143e+05, 0.000e+00, 2.285e-04, 0.000e+00, 2.075e+00, 9.983e+02, 1.027e-07
2.665e+00, 5.000e-01, -5.750e-01, 1.142e+05, 0.000e+00, 1.905e-04, 0.000e+00, 2.074e+00, 9.983e+02, 8.557e-08
2.665e+00, 5.000e-01, -5.650e-01, 1.141e+05, 0.000e+00, 1.577e-04, 0.000e+00, 2.072e+00, 9.983e+02, 7.084e-08
2.665e+00, 5.000e-01, -5.550e-01, 1.140e+05, 0.000e+00, 1.370e-04, 0.000e+00, 2.070e+00, 9.983e+02, 6.044e-08
2.665e+00, 5.000e-01, -5.450e-01, 1.138e+05, 0.000e+00, 1.341e-04, 0.000e+00, 2.068e+00, 9.983e+02, 5.755e-08
2.665e+00, 5.000e-01, -5.350e-01, 1.137e+05, 0.000e+00, 1.243e-04, 0.000e+00, 2.066e+00, 9.983e+02, 5.334e-08
2.665e+00, 5.000e-01, -5.250e-01, 1.137e+05, 0.000e+00, 1.122e-04, 0.000e+00, 2.064e+00, 9.983e+02, 4.817e-08
2.665e+00, 5.000e-01, -5.150e-01, 1.136e+05, 0.000e+00, 9.815e-05, 0.000e+00, 2.063e+00, 9.983e+02, 4.213e-08
2.665e+00, 5.000e-01, -5.050e-01, 1.135e+05, 0.000e+00, 8.264e-05, 0.000e+00, 2.061e+00, 9.983e+02, 3.579e-08
2.665e+00, 5.000e-01, -4.950e-01, 1.134e+05, 0.000e+00, 6.984e-05, 0.000e+00, 2.059e+00, 9.983e+02, 3.137e-08
2.665e+00, 5.000e-01, -4.850e-01, 1.133e+05, 0.000e+00, 5.791e-05, 0.000e+00, 2.058e+00, 9.983e+02, 2.568e-08
2.665e+00, 5.000e-01, -4.750e-01, 1.132e+05, 0.000e+00, 4.543e-05, 0.000e+00, 2.056e+00, 9.983e+02, 1.950e-08
2.665e+00, 5.000e-01, -4.650e-01, 1.131e+05, 0.000e+00, 3.525e-05, 0.000e+00, 2.054e+00, 9.983e+02, 1.513e-08
2.665e+00, 5.000e-01, -4.550e-01, 1.130e+05, 0.000e+00, 2.701e-05, 0.000e+00, 2.052e+00, 9.983e+02, 1.159e-08
2.665e+00, 5.000e-01, -4.450e-01, 1.129e+05, 0.000e+00, 2.047e-05, 0.000e+00, 2.050e+00, 9.983e+02, 8.788e-09
2.665e+00, 5.000e-01, -4.350e-01, 1.128e+05, 0.000e+00, 1.624e-05, 0.000e+00, 2.048e+00, 9.983e+02, 6.988e-09
2.665e+00, 5.000e-01, -4.250e-01, 1.127e+05, 0.000e+00, 1.389e-05, 0.000e+00, 2.047e+00, 9.983e+02, 6.233e-09
2.665e+00, 5.000e-01, -4.150e-01, 1.126e+05, 0.000e+00, 1.175e-05, 0.000e+00, 2.045e+00, 9.983e+02, 5.277e-09
2.665e+00, 5.000e-01, -4.050e-01, 1.125e+05, 0.000e+00, 9.749e-06, 0.000e+00, 2.043e+00, 9.983e+02, 4.380e-09
2.665e+00, 5.000e-01, -3.950e-01, 1.124e+05, 0.000e+00, 7.875e-06, 0.000e+00, 2.041e+00, 9.983e+02, 3.538e-09
2.665e+00, 5.000e-01, -3.850e-01, 1.123e+05, 0.000e+00, 6.169e-06, 0.000e+00, 2.040e+00, 9.983e+02, 2.771e-09
2.665e+00, 5.000e-01, -3.750e-01, 1.122e+05, 0.000e+00, 4.686e-06, 0.000e+00, 2.038e+00, 9.983e+02, 2.105e-09
2.665e+00, 5.000e-01, -3.650e-01, 1.121e+05, 0.000e+00, 3.465e-06, 0.000e+00, 2.036e+00, 9.983e+02, 1.557e-09
2.665e+00, 5.000e-01, -3.550e-01, 1.120e+05, 0.000e+00, 2.514e-06, 0.000e+00, 2.034e+00, 9.983e+02, 1.129e-09
2.665e+00, 5.000e-01, -3.450e-01, 1.119e+05, 0.000e+00, 1.822e-06, 0.000e+00, 2.033e+00, 9.983e+02, 8.183e-10
2.665e+00, 5.000e-01, -3.350e-01, 1.118e+05, 0.000e+00, 1.414e-06, 0.000e+00, 2.031e+00, 9.983e+02, 6.352e-10
2.665e+00, 5.000e-01, -3.250e-01, 1.118e+05, 0.000e+00, 1.413e-06, 0.000e+00, 2.030e+00, 9.983e+02, 6.219e-10
2.665e+00, 5.000e-01, -3.150e-01, 1.117e+05, 0.000e+00, 1.572e-06, 0.000e+00, 2.029e+00, 9.983e+02, 6.906e-10
2.665e+00, 5.000e-01, -3.050e-01, 1.116e+05, 0.000e+00, 1.825e-06, 0.000e+00, 2.027e+00, 9.983e+02, 8.015e-10
2.665e+00, 5.000e-01, -2.950e-01, 1.115e+05, 0.000e+00, 2.139e-06, 0.000e+00, 2.025e+00, 9.983e+02, 9.396e-10
2.665e+00, 5.000e-01, -2.850e-01, 1.114e+05, 0.000e+00, 2.583e-06, 0.000e+00, 2.023e+00, 9.983e+02, 1.135e-09
2.665e+00, 5.000e-01, -2.750e-01, 1.113e+05, 0.000e+00, 3.601e-06, 0.000e+00, 2.021e+00, 9.983e+02, 1.582e-09
2.665e+00, 5.000e-01, -2.650e-01, 1.112e+05, 0.000e+00, 6.760e-06, 0.000e+00, 2.020e+00, 9.983e+02, 2.969e-09
2.665e+00, 5.000e-01, -2.550e-01, 1.111e+05, 0.000e+00, 1.643e-05, 0.000e+00, 2.018e+00, 9.983e+02, 7.217e-09
2.665e+00, 5.000e-01, -2.450e-01, 1.110e+05, 0.000e+00, 4.278e-05, 0.000e+00, 2.016e+00, 9.983e+02, 1.873e-08
2.665e+00, 5.000e-01, -2.350e-01, 1.111e+05, 0.000e+00, 1.006e-04, 0.000e+00, 2.018e+00, 9.983e+02, 4.319e-08
2.665e+00, 5.000e-01, -2.250e-01, 1.110e+05, 0.000e+00, 1.655e-04, 0.000e+00, 2.016e+00, 9.983e+02, 7.104e-08
2.665e+00, 5.000e-01, -2.150e-01, 1.109e+05, 0.000e+00, 2.169e-04, 0.000e+00, 2.014e+00, 9.983e+02, 9.313e-08
2.665e+00, 5.000e-01, -2.050e-01, 1.108e+05, 0.000e+00, 2.508e-04, 0.000e+00, 2.012e+00, 9.983e+02, 1.077e-07
2.665e+00, 5.000e-01, -1.950e-01, 1.107e+05, 0.000e+00, 2.708e-04, 0.000e+00, 2.011e+00, 9.983e+02, 1.162e-07
2.665e+00, 5.000e-01, -1.850e-01, 1.106e+05, 0.000e+00, 2.824e-04, 0.000e+00, 2.009e+00, 9.983e+02, 1.212e-07
2.665e+00, 5.000e-01, -1.750e-01, 1.105e+05, 0.000e+00, 2.967e-04, 0.000e+00, 2.007e+00, 9.983e+02, 1.274e-07
2.665e+00, 5.000e-01, -1.650e-01, 1.116e+05, 0.000e+00, 2.953e-04, 0.000e+00, 2.027e+00, 9.983e+02, 1.297e-07
2.665e+00, 5.000e-01, -1.550e-01, 1.115e+05, 0.000e+00, 2.441e-04, 0.000e+00, 2.025e+00, 9.983e+02, 1.072e-07
2.665e+00, 5.000e-01, -1.450e-01, 1.114e+05, 0.000e+00, 1.761e-04, 0.000e+00, 2.024e+00, 9.983e+02, 7.736e-08
2.665e+00, 5.000e-01, -1.350e-01, 1.113e+05, 0.000e+00, 1.138e-04, 0.000e+00, 2.022e+00, 9.983e+02, 4.999e-08
2.665e+00, 5.000e-01, -1.250e-01, 1.112e+05, 0.000e+00, 6.698e-05, 0.000e+00, 2.020e+00, 9.983e+02, 2.942e-08
2.665e+00, 5.000e-01, -1.150e-01, 1.111e+05, 0.000e+00, 3.637e-05, 0.000e+00, 2.018e+00, 9.983e+02, 1.598e-08
2.665e+00, 5.000e-01, -1.050e-01, 1.110e+05, 0.000e+00, 1.841e-05, 0.000e+00, 2.017e+00, 9.983e+02, 8.085e-09
2.665e+00, 5.000e-01, -9.500e-02, 1.109e+05, 0.000e+00, 8.751e-06, 0.000e+00, 2.015e+00, 9.983e+02, 3.844e-09
2.665e+00, 5.000e-01, -8.500e-02, 1.108e+05, 0.000e+00, 3.931e-06, 0.000e+00, 2.013e+00, 9.983e+02, 1.727e-09
2.665e+00, 5.000e-01, -7.500e-02, 1.107e+05, 0.000e+00, 1.676e-06, 0.000e+00, 2.011e+00, 9.983e+02, 7.360e-10
2.665e+00, 5.000e-01, -6.500e-02, 1.106e+05, 0.000e+00, 6.798e-07, 0.000e+00, 2.009e+00, 9.983e+02, 2.986e-10
2.665e+00, 5.000e-01, -5.500e-02, 1.105e+05, 0.000e+00, 2.631e-07, 0.000e+00, 2.008e+00, 9.983e+02, 1.155e-10
2.665e+00, 5.000e-01, -4.500e-02, 1.104e+05, 0.000e+00, 9.724e-08, 0.000e+00, 2.006e+00, 9.983e+02, 4.271e-11
2.665e+00, 5.000e-01, -3.500e-02, 1.103e+05, 0.000e+00, 3.439e-08, 0.000e+00, 2.004e+00, 9.983e+02, 1.511e-11
2.665e+00, 5.000e-01, -2.500e-02, 1.102e+05, 0.000e+00, 1.167e-08, 0.000e+00, 2.002e+00, 9.983e+02, 5.126e-12
2.665e+00, 5.000e-01, -1.500e-02, 1.101e+05, 0.000e+00, 3.868e-09, 0.000e+00, 2.000e+00, 9.983e+02, 1.699e-12
2.665e+00, 5.000e-01, -5.000e-03, 1.100e+05, 0.000e+00, 1.479e-09, 0.000e+00, 1.999e+00, 9.983e+02, 6.498e-13
2.675e+00, 5.000e-01, -1.195e+00, 1.202e+05, 0.000e+00, 1.002e-13, 0.000e+00, 2.184e+00, 9.983e+02, 2.000e-17
2.675e+00, 5.000e-01, -1.185e+00, 1.201e+05, 0.000e+00, 8.952e-10, 0.000e+00, 2.182e+00, 9.983e+02, 2.689e-13
2.675e+00, 5.000e-01, -1.175e+00, 1.200e+05, 0.000e+00, 3.551e-04, 0.000e+00, 2.181e+00, 9.983e+02, 1.524e-07
2.675e+00, 5.000e-01, -1.165e+00, 1.199e+05, 0.000e+00, 3.617e-04, 0.000e+00, 2.179e+00, 9.983e+02, 1.553e-07
2.675e+00, 5.000e-01, -1.155e+00, 1.198e+05, 0.000e+00, 3.673e-04, 0.000e+00, 2.177e+00, 9.983e+02, 1.577e-07
2.675e+00, 5.000e-01, -1.145e+00, 1.197e+05, 0.000e+00, 3.684e-04, 0.000e+00, 2.175e+00, 9.983e+02, 1.582e-07
2.675e+00, 5.000e-01, -1.135e+00, 1.196e+05, 0.000e+00, 3.658e-04, 0.000e+00, 2.174e+00, 9.983e+02, 1.570e-07
2.675e+00, 5.000e-01, -1.125e+00, 1.195e+05, 0.000e+00, 3.613e-04, 0.000e+00, 2.172e+00, 9.983e+02, 1.551e-07
2.675e+00, 5.000e-01, -1.115e+00, 1.194e+05, 0.000e+00, 3.564e-04, 0.000e+00, 2.170e+00, 9.983e+02, 1.530e-07
2.675e+00, 5.000e-01, -1.105e+00, 1.193e+05, 0.000e+00, 3.518e-04, 0.000e+00, 2.168e+00, 9.983e+02, 1.510e-07
2.675e+00, 5.000e-01, -1.095e+00, 1.192e+05, 0.000e+00, 3.475e-04, 0.000e+00, 2.167e+00, 9.983e+02, 1.492e-07
2.675e+00, 5.000e-01, -1.085e+00, 1.191e+05, 0.000e+00, 3.434e-04, 0.000e+00, 2.165e+00, 9.983e+02, 1.474e-07
2.675e+00, 5.000e-01, -1.075e+00, 1.190e+05, 0.000e+00, 3.390e-04, 0.000e+00, 2.163e+00, 9.983e+02, 1.455e-07
2.675e+00, 5.000e-01, -1.065e+00, 1.189e+05, 0.000e+00, 3.338e-04, 0.000e+00, 2.161e+00, 9.983e+02, 1.433e-07
2.675e+00, 5.000e-01, -1.055e+00, 1.188e+05, 0.000e+00, 3.268e-04, 0.000e+00, 2.159e+00, 9.983e+02, 1.403e-07
2.675e+00, 5.000e-01, -1.045e+00, 1.187e+05, 0.000e+00, 3.176e-04, 0.000e+00, 2.158e+00, 9.983e+02, 1.364e-07
2.675e+00, 5.000e-01, -1.035e+00, 1.186e+05, 0.000e+00, 3.056e-04, 0.000e+00, 2.156e+00, 9.983e+02, 1.312e-07
2.675e+00, 5.000e-01, -1.025e+00, 1.185e+05, 0.000e+00, 2.908e-04, 0.000e+00, 2.154e+00, 9.983e+02, 1.248e-07
2.675e+00, 5.000e-01, -1.015e+00, 1.185e+05, 0.000e+00, 2.736e-04, 0.000e+00, 2.152e+00, 9.983e+02, 1.175e-07
2.675e+00, 5.000e-01, -1.005e+00, 1.184e+05, 0.000e+00, 2.555e-04, 0.000e+00, 2.150e+00, 9.983e+02, 1.097e-07
2.675e+00, 5.000e-01, -9.950e-01, 1.183e+05, 0.000e+00, 2.377e-04, 0.000e+00, 2.149e+00, 9.983e+02, 1.020e-07
2.675e+00, 5.000e-01, -9.850e-01, 1.182e+05, 0.000e+00, 2.212e-04, 0.000e+00, 2.147e+00, 9.983e+02, 9.493e-08
2.675e+00, 5.000e-01, -9.750e-01, 1.181e+05, 0.000e+00, 2.071e-04, 0.000e+00, 2.145e+00, 9.983e+02, 8.891e-08
2.675e+00, 5.000e-01, -9.650e-01, 1.180e+05, 0.000e+00, 1.950e-04, 0.000e+00, 2.143e+00, 9.983e+02, 8.369e-08
2.675e+00, 5.000e-01, -9.550e-01, 1.179e+05, 0.000e+00, 1.840e-04, 0.000e+00, 2.141e+00, 9.983e+02, 7.898e-08
2.675e+00, 5.000e-01, -9.450e-01, 1.178e+05, 0.000e+00, 1.736e-04, 0.000e+00, 2.140e+00, 9.983e+02, 7.450e-08
2.675e+00, 5.000e-01, -9.350e-01, 1.177e+05, 0.000e+00, 1.631e-04, 0.000e+00, 2.138e+00, 9.983e+02, 7.003e-08
2.675e+00, 5.000e-01, -9.250e-01, 1.176e+05, 0.000e+00, 1.523e-04, 0.000e+00, 2.136e+00, 9.983e+02, 6.539e-08
2.675e+00, 5.000e-01, -9.150e-01, 1.175e+05, 0.000e+00, 1.408e-04, 0.000e+00, 2.134e+00, 9.983e+02, 6.046e-08
2.675e+00, 5.000e-01, -9.050e-01, 1.174e+05, 0.000e+00, 1.285e-04, 0.000e+00, 2.132e+00, 9.983e+02, 5.515e-08
2.675e+00, 5.000e-01, -8.950e-01, 1.173e+05, 0.000e+00, 1.152e-04, 0.000e+00, 2.131e+00, 9.983e+02, 4.943e-08
2.675e+00, 5.000e-01, -8.850e-01, 1.172e+05, 0.000e+00, 1.008e-04, 0.000e+00, 2.129e+00, 9.983e+02, 4.329e-08
2.675e+00, 5.000e-01, -8.750e-01, 1.171e+05, 0.000e+00, 8.568e-05, 0.000e+00, 2.127e+00, 9.983e+02, 3.678e-08
2.675e+00, 5.000e-01, -8.650e-01, 1.170e+05, 0.000e+00, 6.994e-05, 0.000e+00, 2.125e+00, 9.983e+02, 3.002e-08
2.675e+00, 5.000e-01, -8.550e-01, 1.169e+05, 0.000e+00, 5.414e-05, 0.000e+00, 2.124e+00, 9.983e+02, 2.324e-08
2.675e+00, 5.000e-01, -8.450e-01, 1.168e+05, 0.000e+00, 3.906e-05, 0.000e+00, 2.122e+00, 9.983e+02, 1.677e-08
2.675e+00, 5.000e-01, -8.350e-01, 1.167e+05, 0.000e+00, 2.564e-05, 0.000e+00, 2.120e+00, 9.983e+02, 1.101e-08
2.675e+00, 5.000e-01, -8.250e-01, 1.166e+05, 0.000e+00, 1.486e-05, 0.000e+00, 2.118e+00, 9.983e+02, 6.379e-09
2.675e+00, 5.000e-01, -8.150e-01, 1.165e+05, 0.000e+00, 7.498e-06, 0.000e+00, 2.116e+00, 9.983e+02, 3.218e-09
2.675e+00, 5.000e-01, -8.050e-01, 1.164e+05, 0.000e+00, 4.874e-06, 0.000e+00, 2.115e+00, 9.983e+02, 2.112e-09
2.675e+00, 5.000e-01, -7.950e-01, 1.178e+05, 0.000e+00, 5.409e-06, 0.000e+00, 2.140e+00, 9.983e+02, 2.376e-09
2.675e+00, 5.000e-01, -7.850e-01, 1.177e+05, 0.000e+00, 7.540e-06, 0.000e+00, 2.138e+00, 9.983e+02, 3.312e-09
2.675e+00, 5.000e-01, -7.750e-01, 1.176e+05, 0.000e+00, 9.128e-06, 0.000e+00, 2.136e+00, 9.983e+02, 4.009e-09
2.675e+00, 5.000e-01, -7.650e-01, 1.175e+05, 0.000e+00, 9.468e-06, 0.000e+00, 2.135e+00, 9.983e+02, 4.159e-09
2.675e+00, 5.000e-01, -7.550e-01, 1.174e+05, 0.000e+00, 8.618e-06, 0.000e+00, 2.133e+00, 9.983e+02, 3.785e-09
2.675e+00, 5.000e-01, -7.450e-01, 1.173e+05, 0.000e+00, 7.024e-06, 0.000e+00, 2.131e+00, 9.983e+02, 3.085e-09
2.675e+00, 5.000e-01, -7.350e-01, 1.172e+05, 0.000e+00, 5.203e-06, 0.000e+00, 2.129e+00, 9.983e+02, 2.285e-09
2.675e+00, 5.000e-01, -7.250e-01, 1.171e+05, 0.000e+00, 3.557e-06, 0.000e+00, 2.127e+00, 9.983e+02, 1.562e-09
2.675e+00, 5.000e-01, -7.150e-01, 1.170e+05, 0.000e+00, 2.356e-06, 0.000e+00, 2.126e+00, 9.983e+02, 1.035e-09
2.675e+00, 5.000e-01, -7.050e-01, 1.169e+05, 0.000e+00, 2.064e-06, 0.000e+00, 2.124e+00, 9.983e+02, 9.066e-10
2.675e+00, 5.000e-01, -6.950e-01, 1.168e+05, 0.000e+00, 4.717e-06, 0.000e+00, 2.122e+00, 9.983e+02, 2.072e-09
2.675e+00, 5.000e-01, -6.850e-01, 1.167e+05, 0.000e+00, 1.881e-05, 0.000e+00, 2.120e+00, 9.983e+02, 8.260e-09
2.675e+00, 5.000e-01, -6.750e-01, 1.166e+05, 0.000e+00, 7.330e-05, 0.000e+00, 2.119e+00, 9.983e+02, 3.220e-08
2.675e+00, 5.000e-01, -6.650e-01, 1.150e+05, 0.000e+00, 2.355e-04, 0.000e+00, 2.090e+00, 9.983e+02, 1.055e-07
2.675e+00, 5.000e-01, -6.550e-01, 1.149e+05, 0.000e+00, 3.217e-04, 0.000e+00, 2.088e+00, 9.983e+02, 1.445e-07
2.675e+00, 5.000e-01, -6.450e-01, 1.148e+05, 0.000e+00, 3.616e-04, 0.000e+00, 2.086e+00, 9.983e+02, 1.625e-07
2.675e+00, 5.000e-01, -6.350e-01, 1.147e+05, 0.000e+00, 3.638e-04, 0.000e+00, 2.084e+00, 9.983e+02, 1.635e-07
2.675e+00, 5.000e-01, -6.250e-01, 1.146e+05, 0.000e+00, 3.454e-04, 0.000e+00, 2.083e+00, 9.983e+02, 1.551e-07
2.675e+00, 5.000e-01, -6.150e-01, 1.145e+05, 0.000e+00, 3.164e-04, 0.000e+00, 2.081e+00, 9.983e+02, 1.422e-07
2.675e+00, 5.000e-01, -6.050e-01, 1.144e+05, 0.000e+00, 2.820e-04, 0.000e+00, 2.079e+00, 9.983e+02, 1.267e-07
2.675e+00, 5.000e-01, -5.950e-01, 1.144e+05, 0.000e+00, 2.440e-04, 0.000e+00, 2.077e+00, 9.983e+02, 1.096e-07
2.675e+00, 5.000e-01, -5.850e-01, 1.143e+05, 0.000e+00, 2.044e-04, 0.000e+00, 2.075e+00, 9.983e+02, 9.184e-08
2.675e+00, 5.000e-01, -5.750e-01, 1.142e+05, 0.000e+00, 1.687e-04, 0.000e+00, 2.074e+00, 9.983e+02, 7.580e-08
2.675e+00, 5.000e-01, -5.650e-01, 1.141e+05, 0.000e+00, 1.390e-04, 0.000e+00, 2.072e+00, 9.983e+02, 6.245e-08
2.675e+00, 5.000e-01, -5.550e-01, 1.139e+05, 0.000e+00, 1.205e-04, 0.000e+00, 2.070e+00, 9.983e+02, 5.284e-08
2.675e+00, 5.000e-01, -5.450e-01, 1.138e+05, 0.000e+00, 1.129e-04, 0.000e+00, 2.068e+00, 9.983e+02, 4.846e-08
2.675e+00, 5.000e-01, -5.350e-01, 1.137e+05, 0.000e+00, 1.017e-04, 0.000e+00, 2.066e+00, 9.983e+02, 4.367e-08
2.675e+00, 5.000e-01, -5.250e-01, 1.137e+05, 0.000e+00, 8.885e-05, 0.000e+00, 2.064e+00, 9.983e+02, 3.814e-08
2.675e+00, 5.000e-01, -5.150e-01, 1.136e+05, 0.000e+00, 7.428e-05, 0.000e+00, 2.063e+00, 9.983e+02, 3.188e-08
2.675e+00, 5.000e-01, -5.050e-01, 1.135e+05, 0.000e+00, 6.084e-05, 0.000e+00, 2.061e+00, 9.983e+02, 2.662e-08
2.675e+00, 5.000e-01, -4.950e-01, 1.134e+05, 0.000e+00, 5.043e-05, 0.000e+00, 2.059e+00, 9.983e+02, 2.266e-08
2.675e+00, 5.000e-01, -4.850e-01, 1.133e+05, 0.000e+00, 4.043e-05, 0.000e+00, 2.058e+00, 9.983e+02, 1.776e-08
2.675e+00, 5.000e-01, -4.750e-01, 1.132e+05, 0.000e+00, 3.080e-05, 0.000e+00, 2.056e+00, 9.983e+02, 1.322e-08
2.675e+00, 5.000e-01, -4.650e-01, 1.131e+05, 0.000e+00, 2.323e-05, 0.000e+00, 2.054e+00, 9.983e+02, 9.970e-09
2.675e+00, 5.000e-01, -4.550e-01, 1.130e+05, 0.000e+00, 1.733e-05, 0.000e+00, 2.052e+00, 9.983e+02, 7.437e-09
2.675e+00, 5.000e-01, -4.450e-01, 1.129e+05, 0.000e+00, 1.284e-05, 0.000e+00, 2.050e+00, 9.983e+02, 5.510e-09
2.675e+00, 5.000e-01, -4.350e-01, 1.128e+05, 0.000e+00, 1.027e-05, 0.000e+00, 2.048e+00, 9.983e+02, 4.470e-09
2.675e+00, 5.000e-01, -4.250e-01, 1.127e+05, 0.000e+00, 8.679e-06, 0.000e+00, 2.047e+00, 9.983e+02, 3.899e-09
2.675e+00, 5.000e-01, -4.150e-01, 1.126e+05, 0.000e+00, 7.239e-06, 0.000e+00, 2.045e+00, 9.983e+02, 3.252e-09
2.675e+00, 5.000e-01, -4.050e-01, 1.125e+05, 0.000e+00, 5.899e-06, 0.000e+00, 2.043e+00, 9.983e+02, 2.650e-09
2.675e+00, 5.000e-01, -3.950e-01, 1.124e+05, 0.000e+00, 4.658e-06, 0.000e+00, 2.041e+00, 9.983e+02, 2.092e-09
2.675e+00, 5.000e-01, -3.850e-01, 1.123e+05, 0.000e+00, 3.547e-06, 0.000e+00, 2.040e+00, 9.983e+02, 1.593e-09
2.675e+00, 5.000e-01, -3.750e-01, 1.122e+05, 0.000e+00, 2.604e-06, 0.000e+00, 2.038e+00, 9.983e+02, 1.170e-09
2.675e+00, 5.000e-01, -3.650e-01, 1.121e+05, 0.000e+00, 1.850e-06, 0.000e+00, 2.036e+00, 9.983e+02, 8.309e-10
2.675e+00, 5.000e-01, -3.550e-01, 1.120e+05, 0.000e+00, 1.284e-06, 0.000e+00, 2.034e+00, 9.983e+02, 5.768e-10
2.675e+00, 5.000e-01, -3.450e-01, 1.119e+05, 0.000e+00, 8.922e-07, 0.000e+00, 2.033e+00, 9.983e+02, 4.008e-10
2.675e+00, 5.000e-01, -3.350e-01, 1.118e+05, 0.000e+00, 6.974e-07, 0.000e+00, 2.031e+00, 9.983e+02, 3.128e-10
2.675e+00, 5.000e-01, -3.250e-01, 1.118e+05, 0.000e+00, 6.988e-07, 0.000e+00, 2.030e+00, 9.983e+02, 3.070e-10
2.675e+00, 5.000e-01, -3.150e-01, 1.117e+05, 0.000e+00, 7.883e-07, 0.000e+00, 2.029e+00, 9.983e+02, 3.462e-10
2.675e+00, 5.000e-01, -3.050e-01, 1.116e+05, 0.000e+00, 9.406e-07, 0.000e+00, 2.027e+00, 9.983e+02, 4.131e-10
2.675e+00, 5.000e-01, -2.950e-01, 1.115e+05, 0.000e+00, 1.147e-06, 0.000e+00, 2.025e+00, 9.983e+02, 5.040e-10
2.675e+00, 5.000e-01, -2.850e-01, 1.114e+05, 0.000e+00, 1.487e-06, 0.000e+00, 2.023e+00, 9.983e+02, 6.530e-10
2.675e+00, 5.000e-01, -2.750e-01, 1.113e+05, 0.000e+00, 2.328e-06, 0.000e+00, 2.021e+00, 9.983e+02, 1.022e-09
2.675e+00, 5.000e-01, -2.650e-01, 1.112e+05, 0.000e+00, 4.846e-06, 0.000e+00, 2.020e+00, 9.983e+02, 2.129e-09
2.675e+00, 5.000e-01, -2.550e-01, 1.111e+05, 0.000e+00, 1.210e-05, 0.000e+00, 2.018e+00, 9.983e+02, 5.313e-09
2.675e+00, 5.000e-01, -2.450e-01, 1.110e+05, 0.000e+00, 3.101e-05, 0.000e+00, 2.016e+00, 9.983e+02, 1.353e-08
2.675e+00, 5.000e-01, -2.350e-01, 1.111e+05, 0.000e+00, 7.055e-05, 0.000e+00, 2.018e+00, 9.983e+02, 3.029e-08
2.675e+00, 5.000e-01, -2.250e-01, 1.110e+05, 0.000e+00, 1.193e-04, 0.000e+00, 2.016e+00, 9.983e+02, 5.119e-08
2.675e+00, 5.000e-01, -2.150e-01, 1.109e+05, 0.000e+00, 1.659e-04, 0.000e+00, 2.014e+00, 9.983e+02, 7.121e-08
2.675e+00, 5.000e-01, -2.050e-01, 1.108e+05, 0.000e+00, 2.045e-04, 0.000e+00, 2.012e+00, 9.983e+02, 8.780e-08
2.675e+00, 5.000e-01, -1.950e-01, 1.107e+05, 0.000e+00, 2.329e-04, 0.000e+00, 2.011e+00, 9.983e+02, 9.997e-08
2.675e+00, 5.000e-01, -1.850e-01, 1.106e+05, 0.000e+00, 2.525e-04, 0.000e+00, 2.009e+00, 9.983e+02, 1.084e-07
2.675e+00, 5.000e-01, -1.750e-01, 1.105e+05, 0.000e+00, 2.748e-04, 0.000e+00, 2.007e+00, 9.983e+02, 1.184e-07
2.675e+00, 5.000e-01, -1.650e-01, 1.116e+05, 0.000e+00, 2.744e-04, 0.000e+00, 2.027e+00, 9.983e+02, 1.206e-07
2.675e+00, 5.000e-01, -1.550e-01, 1.115e+05, 0.000e+00, 2.276e-04, 0.000e+00, 2.025e+00, 9.983e+02, 9.999e-08
2.675e+00, 5.000e-01, -1.450e-01, 1.114e+05, 0.000e+00, 1.643e-04, 0.000e+00, 2.024e+00, 9.983e+02, 7.217e-08
2.675e+00, 5.000e-01, -1.350e-01, 1.113e+05, 0.000e+00, 1.059e-04, 0.000e+00, 2.022e+00, 9.983e+02, 4.651e-08
2.675e+00, 5.000e-01, -1.250e-01, 1.112e+05, 0.000e+00, 6.198e-05, 0.000e+00, 2.020e+00, 9.983e+02, 2.722e-08
2.675e+00, 5.000e-01, -1.150e-01, 1.111e+05, 0.000e+00, 3.339e-05, 0.000e+00, 2.018e+00, 9.983e+02, 1.467e-08
2.675e+00, 5.000e-01, -1.050e-01, 1.110e+05, 0.000e+00, 1.673e-05, 0.000e+00, 2.017e+00, 9.983e+02, 7.350e-09
2.675e+00, 5.000e-01, -9.500e-02, 1.109e+05, 0.000e+00, 7.866e-06, 0.000e+00, 2.015e+00, 9.983e+02, 3.455e-09
2.675e+00, 5.000e-01, -8.500e-02, 1.108e+05, 0.000e+00, 3.491e-06, 0.000e+00, 2.013e+00, 9.983e+02, 1.533e-09
2.675e+00, 5.000e-01, -7.500e-02, 1.107e+05, 0.000e+00, 1.469e-06, 0.000e+00, 2.011e+00, 9.983e+02, 6.453e-10
2.675e+00, 5.000e-01, -6.500e-02, 1.106e+05, 0.000e+00, 5.886e-07, 0.000e+00, 2.009e+00, 9.983e+02, 2.585e-10
2.675e+00, 5.000e-01, -5.500e-02, 1.105e+05, 0.000e+00, 2.249e-07, 0.000e+00, 2.008e+00, 9.983e+02, 9.878e-11
2.675e+00, 5.000e-01, -4.500e-02, 1.104e+05, 0.000e+00, 8.211e-08, 0.000e+00, 2.006e+00, 9.983e+02, 3.606e-11
2.675e+00, 5.000e-01, -3.500e-02, 1.103e+05, 0.000e+00, 2.869e-08, 0.000e+00, 2.004e+00, 9.983e+02, 1.260e-11
2.675e+00, 5.000e-01, -2.500e-02, 1.102e+05, 0.000e+00, 9.617e-09, 0.000e+00, 2.002e+00, 9.983e+02, 4.224e-12
2.675e+00, 5.000e-01, -1.500e-02, 1.101e+05, 0.000e+00, 3.146e-09, 0.000e+00, 2.000e+00, 9.983e+02, 1.382e-12
2.675e+00, 5.000e-01, -5.000e-03, 1.100e+05, 0.000e+00, 1.186e-09, 0.000e+00, 1.999e+00, 9.983e+02, 5.209e-13
2.685e+00, 5.000e-01, -1.195e+00, 1.202e+05, 0.000e+00, 4.015e-13, 0.000e+00, 2.184e+00, 9.983e+02, 8.054e-17
2.685e+00, 5.000e-01, -1.185e+00, 1.201e+05, 0.000e+00, 3.150e-04, 0.000e+00, 2.183e+00, 9.983e+02, 1.163e-07
2.685e+00, 5.000e-01, -1.175e+00, 1.200e+05, 0.000e+00, 3.532e-04, 0.000e+00, 2.181e+00, 9.983e+02, 1.516e-07
2.685e+00, 5.000e-01, -1.165e+00, 1.199e+05, 0.000e+00, 3.646e-04, 0.000e+00, 2.179e+00, 9.983e+02, 1.565e-07
2.685e+00, 5.000e-01, -1.155e+00, 1.198e+05, 0.000e+00, 3.706e-04, 0.000e+00, 2.177e+00, 9.983e+02, 1.591e-07
2.685e+00, 5.000e-01, -1.145e+00, 1.197e+05, 0.000e+00, 3.718e-04, 0.000e+00, 2.175e+00, 9.983e+02, 1.596e-07
2.685e+00, 5.000e-01, -1.135e+00, 1.196e+05, 0.000e+00, 3.693e-04, 0.000e+00, 2.174e+00, 9.983e+02, 1.585e-07
2.685e+00, 5.000e-01, -1.125e+00, 1.195e+05, 0.000e+00, 3.646e-04, 0.000e+00, 2.172e+00, 9.983e+02, 1.565e-07
2.685e+00, 5.000e-01, -1.115e+00, 1.194e+05, 0.000e+00, 3.592e-04, 0.000e+00, 2.170e+00, 9.983e+02, 1.542e-07
2.685e+00, 5.000e-01, -1.105e+00, 1.193e+05, 0.000e+00, 3.537e-04, 0.000e+00, 2.168e+00, 9.983e+02, 1.518e-07
2.685e+00, 5.000e-01, -1.095e+00, 1.192e+05, 0.000e+00, 3.482e-04, 0.000e+00, 2.167e+00, 9.983e+02, 1.495e-07
2.685e+00, 5.000e-01, -1.085e+00, 1.191e+05, 0.000e+00, 3.426e-04, 0.000e+00, 2.165e+00, 9.983e+02, 1.471e-07
2.685e+00, 5.000e-01, -1.075e+00, 1.190e+05, 0.000e+00, 3.365e-04, 0.000e+00, 2.163e+00, 9.983e+02, 1.444e-07
2.685e+00, 5.000e-01, -1.065e+00, 1.189e+05, 0.000e+00, 3.289e-04, 0.000e+00, 2.161e+00, 9.983e+02, 1.412e-07
2.685e+00, 5.000e-01, -1.055e+00, 1.188e+05, 0.000e+00, 3.193e-04, 0.000e+00, 2.159e+00, 9.983e+02, 1.371e-07
2.685e+00, 5.000e-01, -1.045e+00, 1.187e+05, 0.000e+00, 3.074e-04, 0.000e+00, 2.158e+00, 9.983e+02, 1.319e-07
2.685e+00, 5.000e-01, -1.035e+00, 1.186e+05, 0.000e+00, 2.931e-04, 0.000e+00, 2.156e+00, 9.983e+02, 1.258e-07
2.685e+00, 5.000e-01, -1.025e+00, 1.185e+05, 0.000e+00, 2.768e-04, 0.000e+00, 2.154e+00, 9.983e+02, 1.188e-07
2.685e+00, 5.000e-01, -1.015e+00, 1.185e+05, 0.000e+00, 2.594e-04, 0.000e+00, 2.152e+00, 9.983e+02, 1.114e-07
2.685e+00, 5.000e-01, -1.005e+00, 1.184e+05, 0.000e+00, 2.421e-04, 0.000e+00, 2.150e+00, 9.983e+02, 1.039e-07
2.685e+00, 5.000e-01, -9.950e-01, 1.183e+05, 0.000e+00, 2.255e-04, 0.000e+00, 2.149e+00, 9.983e+02, 9.679e-08
2.685e+00, 5.000e-01, -9.850e-01, 1.182e+05, 0.000e+00, 2.110e-04, 0.000e+00, 2.147e+00, 9.983e+02, 9.057e-08
2.685e+00, 5.000e-01, -9.750e-01, 1.181e+05, 0.000e+00, 1.984e-04, 0.000e+00, 2.145e+00, 9.983e+02, 8.517e-08
2.685e+00, 5.000e-01, -9.650e-01, 1.180e+05, 0.000e+00, 1.873e-04, 0.000e+00, 2.143e+00, 9.983e+02, 8.039e-08
2.685e+00, 5.000e-01, -9.550e-01, 1.179e+05, 0.000e+00, 1.771e-04, 0.000e+00, 2.141e+00, 9.983e+02, 7.601e-08
2.685e+00, 5.000e-01, -9.450e-01, 1.178e+05, 0.000e+00, 1.673e-04, 0.000e+00, 2.140e+00, 9.983e+02, 7.181e-08
2.685e+00, 5.000e-01, -9.350e-01, 1.177e+05, 0.000e+00, 1.575e-04, 0.000e+00, 2.138e+00, 9.983e+02, 6.760e-08
2.685e+00, 5.000e-01, -9.250e-01, 1.176e+05, 0.000e+00, 1.473e-04, 0.000e+00, 2.136e+00, 9.983e+02, 6.322e-08
2.685e+00, 5.000e-01, -9.150e-01, 1.175e+05, 0.000e+00, 1.364e-04, 0.000e+00, 2.134e+00, 9.983e+02, 5.854e-08
2.685e+00, 5.000e-01, -9.050e-01, 1.174e+05, 0.000e+00, 1.246e-04, 0.000e+00, 2.132e+00, 9.983e+02, 5.348e-08
2.685e+00, 5.000e-01, -8.950e-01, 1.173e+05, 0.000e+00, 1.118e-04, 0.000e+00, 2.131e+00, 9.983e+02, 4.799e-08
2.685e+00, 5.000e-01, -8.850e-01, 1.172e+05, 0.000e+00, 9.793e-05, 0.000e+00, 2.129e+00, 9.983e+02, 4.204e-08
2.685e+00, 5.000e-01, -8.750e-01, 1.171e+05, 0.000e+00, 8.311e-05, 0.000e+00, 2.127e+00, 9.983e+02, 3.568e-08
2.685e+00, 5.000e-01, -8.650e-01, 1.170e+05, 0.000e+00, 6.761e-05, 0.000e+00, 2.125e+00, 9.983e+02, 2.902e-08
2.685e+00, 5.000e-01, -8.550e-01, 1.169e+05, 0.000e+00, 5.198e-05, 0.000e+00, 2.124e+00, 9.983e+02, 2.231e-08
2.685e+00, 5.000e-01, -8.450e-01, 1.168e+05, 0.000e+00, 3.704e-05, 0.000e+00, 2.122e+00, 9.983e+02, 1.590e-08
2.685e+00, 5.000e-01, -8.350e-01, 1.167e+05, 0.000e+00, 2.382e-05, 0.000e+00, 2.120e+00, 9.983e+02, 1.023e-08
2.685e+00, 5.000e-01, -8.250e-01, 1.166e+05, 0.000e+00, 1.336e-05, 0.000e+00, 2.118e+00, 9.983e+02, 5.736e-09
2.685e+00, 5.000e-01, -8.150e-01, 1.165e+05, 0.000e+00, 6.438e-06, 0.000e+00, 2.116e+00, 9.983e+02, 2.763e-09
2.685e+00, 5.000e-01, -8.050e-01, 1.179e+05, 0.000e+00, 3.395e-06, 0.000e+00, 2.142e+00, 9.983e+02, 1.482e-09
2.685e+00, 5.000e-01, -7.950e-01, 1.178e+05, 0.000e+00, 3.489e-06, 0.000e+00, 2.140e+00, 9.983e+02, 1.533e-09
2.685e+00, 5.000e-01, -7.850e-01, 1.177e+05, 0.000e+00, 4.563e-06, 0.000e+00, 2.138e+00, 9.983e+02, 2.004e-09
2.685e+00, 5.000e-01, -7.750e-01, 1.176e+05, 0.000e+00, 5.358e-06, 0.000e+00, 2.136e+00, 9.983e+02, 2.354e-09
2.685e+00, 5.000e-01, -7.650e-01, 1.175e+05, 0.000e+00, 5.465e-06, 0.000e+00, 2.135e+00, 9.983e+02, 2.400e-09
2.685e+00, 5.000e-01, -7.550e-01, 1.174e+05, 0.000e+00, 4.922e-06, 0.000e+00, 2.133e+00, 9.983e+02, 2.162e-09
2.685e+00, 5.000e-01, -7.450e-01, 1.173e+05, 0.000e+00, 3.983e-06, 0.000e+00, 2.131e+00, 9.983e+02, 1.749e-09
2.685e+00, 5.000e-01, -7.350e-01, 1.172e+05, 0.000e+00, 2.937e-06, 0.000e+00, 2.129e+00, 9.983e+02, 1.290e-09
2.685e+00, 5.000e-01, -7.250e-01, 1.171e+05, 0.000e+00, 2.004e-06, 0.000e+00, 2.127e+00, 9.983e+02, 8.803e-10
2.685e+00, 5.000e-01, -7.150e-01, 1.170e+05, 0.000e+00, 1.348e-06, 0.000e+00, 2.126e+00, 9.983e+02, 5.921e-10
2.685e+00, 5.000e-01, -7.050e-01, 1.169e+05, 0.000e+00, 1.338e-06, 0.000e+00, 2.124e+00, 9.983e+02, 5.878e-10
2.685e+00, 5.000e-01, -6.950e-01, 1.168e+05, 0.000e+00, 3.761e-06, 0.000e+00, 2.122e+00, 9.983e+02, 1.652e-09
2.685e+00, 5.000e-01, -6.850e-01, 1.167e+05, 0.000e+00, 1.655e-05, 0.000e+00, 2.120e+00, 9.983e+02, 7.269e-09
2.685e+00, 5.000e-01, -6.750e-01, 1.166e+05, 0.000e+00, 6.972e-05, 0.000e+00, 2.119e+00, 9.983e+02, 3.067e-08
2.685e+00, 5.000e-01, -6.650e-01, 1.150e+05, 0.000e+00, 2.326e-04, 0.000e+00, 2.090e+00, 9.983e+02, 1.045e-07
2.685e+00, 5.000e-01, -6.550e-01, 1.149e+05, 0.000e+00, 3.131e-04, 0.000e+00, 2.088e+00, 9.983e+02, 1.407e-07
2.685e+00, 5.000e-01, -6.450e-01, 1.148e+05, 0.000e+00, 3.471e-04, 0.000e+00, 2.086e+00, 9.983e+02, 1.559e-07
2.685e+00, 5.000e-01, -6.350e-01, 1.147e+05, 0.000e+00, 3.464e-04, 0.000e+00, 2.084e+00, 9.983e+02, 1.556e-07
2.685e+00, 5.000e-01, -6.250e-01, 1.146e+05, 0.000e+00, 3.260e-04, 0.000e+00, 2.083e+00, 9.983e+02, 1.465e-07
2.685e+00, 5.000e-01, -6.150e-01, 1.145e+05, 0.000e+00, 2.951e-04, 0.000e+00, 2.081e+00, 9.983e+02, 1.326e-07
2.685e+00, 5.000e-01, -6.050e-01, 1.144e+05, 0.000e+00, 2.580e-04, 0.000e+00, 2.079e+00, 9.983e+02, 1.159e-07
2.685e+00, 5.000e-01, -5.950e-01, 1.144e+05, 0.000e+00, 2.176e-04, 0.000e+00, 2.077e+00, 9.983e+02, 9.775e-08
2.685e+00, 5.000e-01, -5.850e-01, 1.143e+05, 0.000e+00, 1.802e-04, 0.000e+00, 2.075e+00, 9.983e+02, 8.093e-08
2.685e+00, 5.000e-01, -5.750e-01, 1.142e+05, 0.000e+00, 1.474e-04, 0.000e+00, 2.074e+00, 9.983e+02, 6.623e-08
2.685e+00, 5.000e-01, -5.650e-01, 1.141e+05, 0.000e+00, 1.204e-04, 0.000e+00, 2.072e+00, 9.983e+02, 5.410e-08
2.685e+00, 5.000e-01, -5.550e-01, 1.139e+05, 0.000e+00, 1.038e-04, 0.000e+00, 2.070e+00, 9.983e+02, 4.522e-08
2.685e+00, 5.000e-01, -5.450e-01, 1.138e+05, 0.000e+00, 9.280e-05, 0.000e+00, 2.068e+00, 9.983e+02, 3.983e-08
2.685e+00, 5.000e-01, -5.350e-01, 1.137e+05, 0.000e+00, 8.052e-05, 0.000e+00, 2.066e+00, 9.983e+02, 3.456e-08
2.685e+00, 5.000e-01, -5.250e-01, 1.137e+05, 0.000e+00, 6.739e-05, 0.000e+00, 2.064e+00, 9.983e+02, 2.893e-08
2.685e+00, 5.000e-01, -5.150e-01, 1.136e+05, 0.000e+00, 5.321e-05, 0.000e+00, 2.063e+00, 9.983e+02, 2.284e-08
2.685e+00, 5.000e-01, -5.050e-01, 1.135e+05, 0.000e+00, 4.274e-05, 0.000e+00, 2.061e+00, 9.983e+02, 1.890e-08
2.685e+00, 5.000e-01, -4.950e-01, 1.134e+05, 0.000e+00, 3.442e-05, 0.000e+00, 2.059e+00, 9.983e+02, 1.546e-08
2.685e+00, 5.000e-01, -4.850e-01, 1.133e+05, 0.000e+00, 2.644e-05, 0.000e+00, 2.057e+00, 9.983e+02, 1.151e-08
2.685e+00, 5.000e-01, -4.750e-01, 1.132e+05, 0.000e+00, 1.955e-05, 0.000e+00, 2.056e+00, 9.983e+02, 8.394e-09
2.685e+00, 5.000e-01, -4.650e-01, 1.131e+05, 0.000e+00, 1.431e-05, 0.000e+00, 2.054e+00, 9.983e+02, 6.141e-09
2.685e+00, 5.000e-01, -4.550e-01, 1.130e+05, 0.000e+00, 1.038e-05, 0.000e+00, 2.052e+00, 9.983e+02, 4.455e-09
2.685e+00, 5.000e-01, -4.450e-01, 1.129e+05, 0.000e+00, 7.538e-06, 0.000e+00, 2.050e+00, 9.983e+02, 3.236e-09
2.685e+00, 5.000e-01, -4.350e-01, 1.128e+05, 0.000e+00, 6.061e-06, 0.000e+00, 2.049e+00, 9.983e+02, 2.668e-09
2.685e+00, 5.000e-01, -4.250e-01, 1.127e+05, 0.000e+00, 5.048e-06, 0.000e+00, 2.047e+00, 9.983e+02, 2.268e-09
2.685e+00, 5.000e-01, -4.150e-01, 1.126e+05, 0.000e+00, 4.148e-06, 0.000e+00, 2.045e+00, 9.983e+02, 1.863e-09
2.685e+00, 5.000e-01, -4.050e-01, 1.125e+05, 0.000e+00, 3.320e-06, 0.000e+00, 2.043e+00, 9.983e+02, 1.491e-09
2.685e+00, 5.000e-01, -3.950e-01, 1.124e+05, 0.000e+00, 2.563e-06, 0.000e+00, 2.041e+00, 9.983e+02, 1.151e-09
2.685e+00, 5.000e-01, -3.850e-01, 1.123e+05, 0.000e+00, 1.898e-06, 0.000e+00, 2.040e+00, 9.983e+02, 8.526e-10
2.685e+00, 5.000e-01, -3.750e-01, 1.122e+05, 0.000e+00, 1.347e-06, 0.000e+00, 2.038e+00, 9.983e+02, 6.053e-10
2.685e+00, 5.000e-01, -3.650e-01, 1.121e+05, 0.000e+00, 9.204e-07, 0.000e+00, 2.036e+00, 9.983e+02, 4.135e-10
2.685e+00, 5.000e-01, -3.550e-01, 1.120e+05, 0.000e+00, 6.119e-07, 0.000e+00, 2.034e+00, 9.983e+02, 2.749e-10
2.685e+00, 5.000e-01, -3.450e-01, 1.119e+05, 0.000e+00, 4.084e-07, 0.000e+00, 2.033e+00, 9.983e+02, 1.835e-10
2.685e+00, 5.000e-01, -3.350e-01, 1.118e+05, 0.000e+00, 3.228e-07, 0.000e+00, 2.031e+00, 9.983e+02, 1.440e-10
2.685e+00, 5.000e-01, -3.250e-01, 1.118e+05, 0.000e+00, 3.247e-07, 0.000e+00, 2.030e+00, 9.983e+02, 1.426e-10
2.685e+00, 5.000e-01, -3.150e-01, 1.117e+05, 0.000e+00, 3.750e-07, 0.000e+00, 2.029e+00, 9.983e+02, 1.647e-10
2.685e+00, 5.000e-01, -3.050e-01, 1.116e+05, 0.000e+00, 4.642e-07, 0.000e+00, 2.027e+00, 9.983e+02, 2.039e-10
2.685e+00, 5.000e-01, -2.950e-01, 1.115e+05, 0.000e+00, 6.004e-07, 0.000e+00, 2.025e+00, 9.983e+02, 2.637e-10
2.685e+00, 5.000e-01, -2.850e-01, 1.114e+05, 0.000e+00, 8.680e-07, 0.000e+00, 2.023e+00, 9.983e+02, 3.813e-10
2.685e+00, 5.000e-01, -2.750e-01, 1.113e+05, 0.000e+00, 1.587e-06, 0.000e+00, 2.021e+00, 9.983e+02, 6.969e-10
2.685e+00, 5.000e-01, -2.650e-01, 1.112e+05, 0.000e+00, 3.672e-06, 0.000e+00, 2.020e+00, 9.983e+02, 1.613e-09
2.685e+00, 5.000e-01, -2.550e-01, 1.111e+05, 0.000e+00, 9.304e-06, 0.000e+00, 2.018e+00, 9.983e+02, 4.087e-09
2.685e+00, 5.000e-01, -2.450e-01, 1.110e+05, 0.000e+00, 2.309e-05, 0.000e+00, 2.016e+00, 9.983e+02, 1.004e-08
2.685e+00, 5.000e-01, -2.350e-01, 1.111e+05, 0.000e+00, 5.056e-05, 0.000e+00, 2.018e+00, 9.983e+02, 2.170e-08
2.685e+00, 5.000e-01, -2.250e-01, 1.110e+05, 0.000e+00, 8.790e-05, 0.000e+00, 2.016e+00, 9.983e+02, 3.773e-08
2.685e+00, 5.000e-01, -2.150e-01, 1.109e+05, 0.000e+00, 1.297e-04, 0.000e+00, 2.014e+00, 9.983e+02, 5.569e-08
2.685e+00, 5.000e-01, -2.050e-01, 1.108e+05, 0.000e+00, 1.702e-04, 0.000e+00, 2.012e+00, 9.983e+02, 7.308e-08
2.685e+00, 5.000e-01, -1.950e-01, 1.107e+05, 0.000e+00, 2.035e-04, 0.000e+00, 2.011e+00, 9.983e+02, 8.738e-08
2.685e+00, 5.000e-01, -1.850e-01, 1.106e+05, 0.000e+00, 2.280e-04, 0.000e+00, 2.009e+00, 9.983e+02, 9.788e-08
2.685e+00, 5.000e-01, -1.750e-01, 1.105e+05, 0.000e+00, 2.547e-04, 0.000e+00, 2.007e+00, 9.983e+02, 1.101e-07
2.685e+00, 5.000e-01, -1.650e-01, 1.116e+05, 0.000e+00, 2.535e-04, 0.000e+00, 2.027e+00, 9.983e+02, 1.114e-07
2.685e+00, 5.000e-01, -1.550e-01, 1.115e+05, 0.000e+00, 2.106e-04, 0.000e+00, 2.025e+00, 9.983e+02, 9.250e-08
2.685e+00, 5.000e-01, -1.450e-01, 1.114e+05, 0.000e+00, 1.520e-04, 0.000e+00, 2.024e+00, 9.983e+02, 6.676e-08
2.685e+00, 5.000e-01, -1.350e-01, 1.113e+05, 0.000e+00, 9.767e-05, 0.000e+00, 2.022e+00, 9.983e+02, 4.290e-08
2.685e+00, 5.000e-01, -1.250e-01, 1.112e+05, 0.000e+00, 5.684e-05, 0.000e+00, 2.020e+00, 9.983e+02, 2.497e-08
2.685e+00, 5.000e-01, -1.150e-01, 1.111e+05, 0.000e+00, 3.037e-05, 0.000e+00, 2.018e+00, 9.983e+02, 1.334e-08
2.685e+00, 5.000e-01, -1.050e-01, 1.110e+05, 0.000e+00, 1.506e-05, 0.000e+00, 2.017e+00, 9.983e+02, 6.614e-09
2.685e+00, 5.000e-01, -9.500e-02, 1.109e+05, 0.000e+00, 6.993e-06, 0.000e+00, 2.015e+00, 9.983e+02, 3.071e-09
2.685e+00, 5.000e-01, -8.500e-02, 1.108e+05, 0.000e+00, 3.062e-06, 0.000e+00, 2.013e+00, 9.983e+02, 1.345e-09
2.685e+00, 5.000e-01, -7.500e-02, 1.107e+05, 0.000e+00, 1.272e-06, 0.000e+00, 2.011e+00, 9.983e+02, 5.585e-10
2.685e+00, 5.000e-01, -6.500e-02, 1.106e+05, 0.000e+00, 5.025e-07, 0.000e+00, 2.009e+00, 9.983e+02, 2.207e-10
2.685e+00, 5.000e-01, -5.500e-02, 1.105e+05, 0.000e+00, 1.895e-07, 0.000e+00, 2.008e+00, 9.983e+02, 8.323e-11
2.685e+00, 5.000e-01, -4.500e-02, 1.104e+05, 0.000e+00, 6.831e-08, 0.000e+00, 2.006e+00, 9.983e+02, 3.000e-11
2.685e+00, 5.000e-01, -3.500e-02, 1.103e+05, 0.000e+00, 2.358e-08, 0.000e+00, 2.004e+00, 9.983e+02, 1.036e-11
2.685e+00, 5.000e-01, -2.500e-02, 1.102e+05, 0.000e+00, 7.813e-09, 0.000e+00, 2.002e+00, 9.983e+02, 3.432e-12
2.685e+00, 5.000e-01, -1.500e-02, 1.101e+05, 0.000e+00, 2.525e-09, 0.000e+00, 2.000e+00, 9.983e+02, 1.109e-12
2.685e+00, 5.000e-01, -5.000e-03, 1.100e+05, 0.000e+00, 9.390e-10, 0.000e+00, 1.999e+00, 9.983e+02, 4.125e-13
2.695e+00, 5.000e-01, -1.195e+00, 1.202e+05, 0.000e+00, 1.808e-09, 0.000e+00, 2.184e+00, 9.983e+02, 7.718e-13
2.695e+00, 5.000e-01, -1.185e+00, 1.201e+05, 0.000e+00, 3.445e-04, 0.000e+00, 2.183e+00, 9.983e+02, 1.471e-07
2.695e+00, 5.000e-01, -1.175e+00, 1.200e+05, 0.000e+00, 3.557e-04, 0.000e+00, 2.181e+00, 9.983e+02, 1.527e-07
2.695e+00, 5.000e-01, -1.165e+00, 1.199e+05, 0.000e+00, 3.666e-04, 0.000e+00, 2.179e+00, 9.983e+02, 1.574e-07
2.695e+00, 5.000e-01, -1.155e+00, 1.198e+05, 0.000e+00, 3.725e-04, 0.000e+00, 2.177e+00, 9.983e+02, 1.599e-07
2.695e+00, 5.000e-01, -1.145e+00, 1.197e+05, 0.000e+00, 3.735e-04, 0.000e+00, 2.175e+00, 9.983e+02, 1.604e-07
2.695e+00, 5.000e-01, -1.135e+00, 1.196e+05, 0.000e+00, 3.708e-04, 0.000e+00, 2.174e+00, 9.983e+02, 1.592e-07
2.695e+00, 5.000e-01, -1.125e+00, 1.195e+05, 0.000e+00, 3.659e-04, 0.000e+00, 2.172e+00, 9.983e+02, 1.571e-07
2.695e+00, 5.000e-01, -1.115e+00, 1.194e+05, 0.000e+00, 3.599e-04, 0.000e+00, 2.170e+00, 9.983e+02, 1.545e-07
2.695e+00, 5.000e-01, -1.105e+00, 1.193e+05, 0.000e+00, 3.535e-04, 0.000e+00, 2.168e+00, 9.983e+02, 1.517e-07
2.695e+00, 5.000e-01, -1.095e+00, 1.192e+05, 0.000e+00, 3.468e-04, 0.000e+00, 2.167e+00, 9.983e+02, 1.489e-07
2.695e+00, 5.000e-01, -1.085e+00, 1.191e+05, 0.000e+00, 3.396e-04, 0.000e+00, 2.165e+00, 9.983e+02, 1.458e-07
2.695e+00, 5.000e-01, -1.075e+00, 1.190e+05, 0.000e+00, 3.313e-04, 0.000e+00, 2.163e+00, 9.983e+02, 1.422e-07
2.695e+00, 5.000e-01, -1.065e+00, 1.189e+05, 0.000e+00, 3.211e-04, 0.000e+00, 2.161e+00, 9.983e+02, 1.379e-07
2.695e+00, 5.000e-01, -1.055e+00, 1.188e+05, 0.000e+00, 3.091e-04, 0.000e+00, 2.159e+00, 9.983e+02, 1.327e-07
2.695e+00, 5.000e-01, -1.045e+00, 1.187e+05, 0.000e+00, 2.952e-04, 0.000e+00, 2.158e+00, 9.983e+02, 1.267e-07
2.695e+00, 5.000e-01, -1.035e+00, 1.186e+05, 0.000e+00, 2.795e-04, 0.000e+00, 2.156e+00, 9.983e+02, 1.200e-07
2.695e+00, 5.000e-01, -1.025e+00, 1.185e+05, 0.000e+00, 2.629e-04, 0.000e+00, 2.154e+00, 9.983e+02, 1.129e-07
2.695e+00, 5.000e-01, -1.015e+00, 1.185e+05, 0.000e+00, 2.462e-04, 0.000e+00, 2.152e+00, 9.983e+02, 1.057e-07
2.695e+00, 5.000e-01, -1.005e+00, 1.184e+05, 0.000e+00, 2.301e-04, 0.000e+00, 2.150e+00, 9.983e+02, 9.875e-08
2.695e+00, 5.000e-01, -9.950e-01, 1.183e+05, 0.000e+00, 2.150e-04, 0.000e+00, 2.149e+00, 9.983e+02, 9.228e-08
2.695e+00, 5.000e-01, -9.850e-01, 1.182e+05, 0.000e+00, 2.018e-04, 0.000e+00, 2.147e+00, 9.983e+02, 8.664e-08
2.695e+00, 5.000e-01, -9.750e-01, 1.181e+05, 0.000e+00, 1.903e-04, 0.000e+00, 2.145e+00, 9.983e+02, 8.170e-08
2.695e+00, 5.000e-01, -9.650e-01, 1.180e+05, 0.000e+00, 1.800e-04, 0.000e+00, 2.143e+00, 9.983e+02, 7.727e-08
2.695e+00, 5.000e-01, -9.550e-01, 1.179e+05, 0.000e+00, 1.705e-04, 0.000e+00, 2.141e+00, 9.983e+02, 7.317e-08
2.695e+00, 5.000e-01, -9.450e-01, 1.178e+05, 0.000e+00, 1.613e-04, 0.000e+00, 2.140e+00, 9.983e+02, 6.922e-08
2.695e+00, 5.000e-01, -9.350e-01, 1.177e+05, 0.000e+00, 1.520e-04, 0.000e+00, 2.138e+00, 9.983e+02, 6.526e-08
2.695e+00, 5.000e-01, -9.250e-01, 1.176e+05, 0.000e+00, 1.424e-04, 0.000e+00, 2.136e+00, 9.983e+02, 6.114e-08
2.695e+00, 5.000e-01, -9.150e-01, 1.175e+05, 0.000e+00, 1.322e-04, 0.000e+00, 2.134e+00, 9.983e+02, 5.673e-08
2.695e+00, 5.000e-01, -9.050e-01, 1.174e+05, 0.000e+00, 1.210e-04, 0.000e+00, 2.132e+00, 9.983e+02, 5.192e-08
2.695e+00, 5.000e-01, -8.950e-01, 1.173e+05, 0.000e+00, 1.087e-04, 0.000e+00, 2.131e+00, 9.983e+02, 4.665e-08
2.695e+00, 5.000e-01, -8.850e-01, 1.172e+05, 0.000e+00, 9.526e-05, 0.000e+00, 2.129e+00, 9.983e+02, 4.089e-08
2.695e+00, 5.000e-01, -8.750e-01, 1.171e+05, 0.000e+00, 8.077e-05, 0.000e+00, 2.127e+00, 9.983e+02, 3.467e-08
2.695e+00, 5.000e-01, -8.650e-01, 1.170e+05, 0.000e+00, 6.550e-05, 0.000e+00, 2.125e+00, 9.983e+02, 2.812e-08
2.695e+00, 5.000e-01, -8.550e-01, 1.169e+05, 0.000e+00, 5.002e-05, 0.000e+00, 2.124e+00, 9.983e+02, 2.147e-08
2.695e+00, 5.000e-01, -8.450e-01, 1.168e+05, 0.000e+00, 3.523e-05, 0.000e+00, 2.122e+00, 9.983e+02, 1.512e-08
2.695e+00, 5.000e-01, -8.350e-01, 1.167e+05, 0.000e+00, 2.223e-05, 0.000e+00, 2.120e+00, 9.983e+02, 9.542e-09
2.695e+00, 5.000e-01, -8.250e-01, 1.166e+05, 0.000e+00, 1.215e-05, 0.000e+00, 2.118e+00, 9.983e+02, 5.215e-09
2.695e+00, 5.000e-01, -8.150e-01, 1.165e+05, 0.000e+00, 5.813e-06, 0.000e+00, 2.116e+00, 9.983e+02, 2.495e-09
2.695e+00, 5.000e-01, -8.050e-01, 1.179e+05, 0.000e+00, 2.436e-06, 0.000e+00, 2.142e+00, 9.983e+02, 1.068e-09
2.695e+00, 5.000e-01, -7.950e-01, 1.178e+05, 0.000e+00, 2.127e-06, 0.000e+00, 2.140e+00, 9.983e+02, 9.341e-10
2.695e+00, 5.000e-01, -7.850e-01, 1.177e+05, 0.000e+00, 2.563e-06, 0.000e+00, 2.138e+00, 9.983e+02, 1.126e-09
2.695e+00, 5.000e-01, -7.750e-01, 1.176e+05, 0.000e+00, 2.912e-06, 0.000e+00, 2.136e+00, 9.983e+02, 1.279e-09
2.695e+00, 5.000e-01, -7.650e-01, 1.175e+05, 0.000e+00, 2.922e-06, 0.000e+00, 2.135e+00, 9.983e+02, 1.284e-09
2.695e+00, 5.000e-01, -7.550e-01, 1.174e+05, 0.000e+00, 2.608e-06, 0.000e+00, 2.133e+00, 9.983e+02, 1.146e-09
2.695e+00, 5.000e-01, -7.450e-01, 1.173e+05, 0.000e+00, 2.099e-06, 0.000e+00, 2.131e+00, 9.983e+02, 9.220e-10
2.695e+00, 5.000e-01, -7.350e-01, 1.172e+05, 0.000e+00, 1.543e-06, 0.000e+00, 2.129e+00, 9.983e+02, 6.777e-10
2.695e+00, 5.000e-01, -7.250e-01, 1.171e+05, 0.000e+00, 1.053e-06, 0.000e+00, 2.127e+00, 9.983e+02, 4.626e-10
2.695e+00, 5.000e-01, -7.150e-01, 1.170e+05, 0.000e+00, 7.262e-07, 0.000e+00, 2.126e+00, 9.983e+02, 3.190e-10
2.695e+00, 5.000e-01, -7.050e-01, 1.169e+05, 0.000e+00, 8.468e-07, 0.000e+00, 2.124e+00, 9.983e+02, 3.720e-10
2.695e+00, 5.000e-01, -6.950e-01, 1.168e+05, 0.000e+00, 2.900e-06, 0.000e+00, 2.122e+00, 9.983e+02, 1.274e-09
2.695e+00, 5.000e-01, -6.850e-01, 1.167e+05, 0.000e+00, 1.398e-05, 0.000e+00, 2.120e+00, 9.983e+02, 6.138e-09
2.695e+00, 5.000e-01, -6.750e-01, 1.166e+05, 0.000e+00, 6.467e-05, 0.000e+00, 2.119e+00, 9.983e+02, 2.856e-08
2.695e+00, 5.000e-01, -6.650e-01, 1.150e+05, 0.000e+00, 2.195e-04, 0.000e+00, 2.090e+00, 9.983e+02, 9.861e-08
2.695e+00, 5.000e-01, -6.550e-01, 1.149e+05, 0.000e+00, 2.984e-04, 0.000e+00, 2.088e+00, 9.983e+02, 1.340e-07
2.695e+00, 5.000e-01, -6.450e-01, 1.148e+05, 0.000e+00, 3.284e-04, 0.000e+00, 2.086e+00, 9.983e+02, 1.475e-07
2.695e+00, 5.000e-01, -6.350e-01, 1.147e+05, 0.000e+00, 3.251e-04, 0.000e+00, 2.084e+00, 9.983e+02, 1.461e-07
2.695e+00, 5.000e-01, -6.250e-01, 1.146e+05, 0.000e+00, 3.026e-04, 0.000e+00, 2.083e+00, 9.983e+02, 1.359e-07
2.695e+00, 5.000e-01, -6.150e-01, 1.145e+05, 0.000e+00, 2.688e-04, 0.000e+00, 2.081e+00, 9.983e+02, 1.208e-07
2.695e+00, 5.000e-01, -6.050e-01, 1.144e+05, 0.000e+00, 2.289e-04, 0.000e+00, 2.079e+00, 9.983e+02, 1.028e-07
2.695e+00, 5.000e-01, -5.950e-01, 1.144e+05, 0.000e+00, 1.903e-04, 0.000e+00, 2.077e+00, 9.983e+02, 8.550e-08
2.695e+00, 5.000e-01, -5.850e-01, 1.143e+05, 0.000e+00, 1.556e-04, 0.000e+00, 2.075e+00, 9.983e+02, 6.992e-08
2.695e+00, 5.000e-01, -5.750e-01, 1.142e+05, 0.000e+00, 1.257e-04, 0.000e+00, 2.074e+00, 9.983e+02, 5.647e-08
2.695e+00, 5.000e-01, -5.650e-01, 1.141e+05, 0.000e+00, 1.013e-04, 0.000e+00, 2.072e+00, 9.983e+02, 4.549e-08
2.695e+00, 5.000e-01, -5.550e-01, 1.139e+05, 0.000e+00, 8.613e-05, 0.000e+00, 2.070e+00, 9.983e+02, 3.731e-08
2.695e+00, 5.000e-01, -5.450e-01, 1.138e+05, 0.000e+00, 7.345e-05, 0.000e+00, 2.068e+00, 9.983e+02, 3.153e-08
2.695e+00, 5.000e-01, -5.350e-01, 1.137e+05, 0.000e+00, 6.082e-05, 0.000e+00, 2.066e+00, 9.983e+02, 2.611e-08
2.695e+00, 5.000e-01, -5.250e-01, 1.137e+05, 0.000e+00, 4.803e-05, 0.000e+00, 2.064e+00, 9.983e+02, 2.062e-08
2.695e+00, 5.000e-01, -5.150e-01, 1.136e+05, 0.000e+00, 3.690e-05, 0.000e+00, 2.063e+00, 9.983e+02, 1.584e-08
2.695e+00, 5.000e-01, -5.050e-01, 1.135e+05, 0.000e+00, 2.873e-05, 0.000e+00, 2.061e+00, 9.983e+02, 1.283e-08
2.695e+00, 5.000e-01, -4.950e-01, 1.134e+05, 0.000e+00, 2.208e-05, 0.000e+00, 2.059e+00, 9.983e+02, 9.919e-09
2.695e+00, 5.000e-01, -4.850e-01, 1.133e+05, 0.000e+00, 1.607e-05, 0.000e+00, 2.057e+00, 9.983e+02, 6.926e-09
2.695e+00, 5.000e-01, -4.750e-01, 1.132e+05, 0.000e+00, 1.151e-05, 0.000e+00, 2.056e+00, 9.983e+02, 4.943e-09
2.695e+00, 5.000e-01, -4.650e-01, 1.131e+05, 0.000e+00, 8.154e-06, 0.000e+00, 2.054e+00, 9.983e+02, 3.500e-09
2.695e+00, 5.000e-01, -4.550e-01, 1.130e+05, 0.000e+00, 5.743e-06, 0.000e+00, 2.052e+00, 9.983e+02, 2.465e-09
2.695e+00, 5.000e-01, -4.450e-01, 1.129e+05, 0.000e+00, 4.136e-06, 0.000e+00, 2.050e+00, 9.983e+02, 1.775e-09
2.695e+00, 5.000e-01, -4.350e-01, 1.128e+05, 0.000e+00, 3.314e-06, 0.000e+00, 2.049e+00, 9.983e+02, 1.476e-09
2.695e+00, 5.000e-01, -4.250e-01, 1.127e+05, 0.000e+00, 2.710e-06, 0.000e+00, 2.047e+00, 9.983e+02, 1.218e-09
2.695e+00, 5.000e-01, -4.150e-01, 1.126e+05, 0.000e+00, 2.190e-06, 0.000e+00, 2.045e+00, 9.983e+02, 9.840e-10
2.695e+00, 5.000e-01, -4.050e-01, 1.125e+05, 0.000e+00, 1.721e-06, 0.000e+00, 2.043e+00, 9.983e+02, 7.729e-10
2.695e+00, 5.000e-01, -3.950e-01, 1.124e+05, 0.000e+00, 1.299e-06, 0.000e+00, 2.041e+00, 9.983e+02, 5.833e-10
2.695e+00, 5.000e-01, -3.850e-01, 1.123e+05, 0.000e+00, 9.358e-07, 0.000e+00, 2.040e+00, 9.983e+02, 4.204e-10
2.695e+00, 5.000e-01, -3.750e-01, 1.122e+05, 0.000e+00, 6.430e-07, 0.000e+00, 2.038e+00, 9.983e+02, 2.889e-10
2.695e+00, 5.000e-01, -3.650e-01, 1.121e+05, 0.000e+00, 4.231e-07, 0.000e+00, 2.036e+00, 9.983e+02, 1.901e-10
2.695e+00, 5.000e-01, -3.550e-01, 1.120e+05, 0.000e+00, 2.702e-07, 0.000e+00, 2.034e+00, 9.983e+02, 1.214e-10
2.695e+00, 5.000e-01, -3.450e-01, 1.119e+05, 0.000e+00, 1.746e-07, 0.000e+00, 2.033e+00, 9.983e+02, 7.845e-11
2.695e+00, 5.000e-01, -3.350e-01, 1.119e+05, 0.000e+00, 1.398e-07, 0.000e+00, 2.032e+00, 9.983e+02, 6.201e-11
2.695e+00, 5.000e-01, -3.250e-01, 1.118e+05, 0.000e+00, 1.424e-07, 0.000e+00, 2.030e+00, 9.983e+02, 6.254e-11
2.695e+00, 5.000e-01, -3.150e-01, 1.117e+05, 0.000e+00, 1.704e-07, 0.000e+00, 2.029e+00, 9.983e+02, 7.484e-11
2.695e+00, 5.000e-01, -3.050e-01, 1.116e+05, 0.000e+00, 2.227e-07, 0.000e+00, 2.027e+00, 9.983e+02, 9.781e-11
2.695e+00, 5.000e-01, -2.950e-01, 1.115e+05, 0.000e+00, 3.184e-07, 0.000e+00, 2.025e+00, 9.983e+02, 1.398e-10
2.695e+00, 5.000e-01, -2.850e-01, 1.114e+05, 0.000e+00, 5.496e-07, 0.000e+00, 2.023e+00, 9.983e+02, 2.414e-10
2.695e+00, 5.000e-01, -2.750e-01, 1.113e+05, 0.000e+00, 1.218e-06, 0.000e+00, 2.021e+00, 9.983e+02, 5.349e-10
2.695e+00, 5.000e-01, -2.650e-01, 1.112e+05, 0.000e+00, 3.119e-06, 0.000e+00, 2.020e+00, 9.983e+02, 1.370e-09
2.695e+00, 5.000e-01, -2.550e-01, 1.111e+05, 0.000e+00, 7.991e-06, 0.000e+00, 2.018e+00, 9.983e+02, 3.510e-09
2.695e+00, 5.000e-01, -2.450e-01, 1.112e+05, 0.000e+00, 1.908e-05, 0.000e+00, 2.020e+00, 9.983e+02, 8.264e-09
2.695e+00, 5.000e-01, -2.350e-01, 1.111e+05, 0.000e+00, 4.039e-05, 0.000e+00, 2.018e+00, 9.983e+02, 1.734e-08
2.695e+00, 5.000e-01, -2.250e-01, 1.110e+05, 0.000e+00, 7.151e-05, 0.000e+00, 2.016e+00, 9.983e+02, 3.070e-08
2.695e+00, 5.000e-01, -2.150e-01, 1.109e+05, 0.000e+00, 1.099e-04, 0.000e+00, 2.014e+00, 9.983e+02, 4.716e-08
2.695e+00, 5.000e-01, -2.050e-01, 1.108e+05, 0.000e+00, 1.498e-04, 0.000e+00, 2.012e+00, 9.983e+02, 6.428e-08
2.695e+00, 5.000e-01, -1.950e-01, 1.107e+05, 0.000e+00, 1.836e-04, 0.000e+00, 2.011e+00, 9.983e+02, 7.879e-08
2.695e+00, 5.000e-01, -1.850e-01, 1.106e+05, 0.000e+00, 2.087e-04, 0.000e+00, 2.009e+00, 9.983e+02, 8.957e-08
2.695e+00, 5.000e-01, -1.750e-01, 1.105e+05, 0.000e+00, 2.359e-04, 0.000e+00, 2.007e+00, 9.983e+02, 1.024e-07
2.695e+00, 5.000e-01, -1.650e-01, 1.116e+05, 0.000e+00, 2.327e-04, 0.000e+00, 2.027e+00, 9.983e+02, 1.022e-07
2.695e+00, 5.000e-01, -1.550e-01, 1.115e+05, 0.000e+00, 1.931e-04, 0.000e+00, 2.025e+00, 9.983e+02, 8.481e-08
2.695e+00, 5.000e-01, -1.450e-01, 1.114e+05, 0.000e+00, 1.392e-04, 0.000e+00, 2.024e+00, 9.983e+02, 6.115e-08
2.695e+00, 5.000e-01, -1.350e-01, 1.113e+05, 0.000e+00, 8.919e-05, 0.000e+00, 2.022e+00, 9.983e+02, 3.918e-08
2.695e+00, 5.000e-01, -1.250e-01, 1.112e+05, 0.000e+00, 5.161e-05, 0.000e+00, 2.020e+00, 9.983e+02, 2.267e-08
2.695e+00, 5.000e-01, -1.150e-01, 1.111e+05, 0.000e+00, 2.733e-05, 0.000e+00, 2.018e+00, 9.983e+02, 1.200e-08
2.695e+00, 5.000e-01, -1.050e-01, 1.110e+05, 0.000e+00, 1.340e-05, 0.000e+00, 2.017e+00, 9.983e+02, 5.885e-09
2.695e+00, 5.000e-01, -9.500e-02, 1.109e+05, 0.000e+00, 6.138e-06, 0.000e+00, 2.015e+00, 9.983e+02, 2.696e-09
2.695e+00, 5.000e-01, -8.500e-02, 1.108e+05, 0.000e+00, 2.648e-06, 0.000e+00, 2.013e+00, 9.983e+02, 1.163e-09
2.695e+00, 5.000e-01, -7.500e-02, 1.107e+05, 0.000e+00, 1.083e-06, 0.000e+00, 2.011e+00, 9.983e+02, 4.755e-10
2.695e+00, 5.000e-01, -6.500e-02, 1.106e+05, 0.000e+00, 4.212e-07, 0.000e+00, 2.009e+00, 9.983e+02, 1.850e-10
2.695e+00, 5.000e-01, -5.500e-02, 1.105e+05, 0.000e+00, 1.565e-07, 0.000e+00, 2.008e+00, 9.983e+02, 6.873e-11
2.695e+00, 5.000e-01, -4.500e-02, 1.104e+05, 0.000e+00, 5.563e-08, 0.000e+00, 2.006e+00, 9.983e+02, 2.444e-11
2.695e+00, 5.000e-01, -3.500e-02, 1.103e+05, 0.000e+00, 1.896e-08, 0.000e+00, 2.004e+00, 9.983e+02, 8.327e-12
2.695e+00, 5.000e-01, -2.500e-02, 1.102e+05, 0.000e+00, 6.207e-09, 0.000e+00, 2.002e+00, 9.983e+02, 2.726e-12
2.695e+00, 5.000e-01, -1.500e-02, 1.101e+05, 0.000e+00, 1.983e-09, 0.000e+00, 2.000e+00, 9.983e+02, 8.708e-13
2.695e+00, 5.000e-01, -5.000e-03, 1.100e+05, 0.000e+00, 7.280e-10, 0.000e+00, 1.999e+00, 9.983e+02, 3.198e-13
2.705e+00, 5.000e-01, -1.195e+00, 1.202e+05, 0.000e+00, 5.057e-09, 0.000e+00, 2.184e+00, 9.983e+02, 1.756e-12
2.705e+00, 5.000e-01, -1.185e+00, 1.201e+05, 0.000e+00, 3.457e-04, 0.000e+00, 2.183e+00, 9.983e+02, 1.484e-07
2.705e+00, 5.000e-01, -1.175e+00, 1.200e+05, 0.000e+00, 3.572e-04, 0.000e+00, 2.181e+00, 9.983e+02, 1.533e-07
2.705e+00, 5.000e-01, -1.165e+00, 1.199e+05, 0.000e+00, 3.676e-04, 0.000e+00, 2.179e+00, 9.983e+02, 1.578e-07
2.705e+00, 5.000e-01, -1.155e+00, 1.198e+05, 0.000e+00, 3.730e-04, 0.000e+00, 2.177e+00, 9.983e+02, 1.601e-07
2.705e+00, 5.000e-01, -1.145e+00, 1.197e+05, 0.000e+00, 3.736e-04, 0.000e+00, 2.175e+00, 9.983e+02, 1.604e-07
2.705e+00, 5.000e-01, -1.135e+00, 1.196e+05, 0.000e+00, 3.705e-04, 0.000e+00, 2.174e+00, 9.983e+02, 1.591e-07
2.705e+00, 5.000e-01, -1.125e+00, 1.195e+05, 0.000e+00, 3.652e-04, 0.000e+00, 2.172e+00, 9.983e+02, 1.568e-07
2.705e+00, 5.000e-01, -1.115e+00, 1.194e+05, 0.000e+00, 3.585e-04, 0.000e+00, 2.170e+00, 9.983e+02, 1.539e-07
2.705e+00, 5.000e-01, -1.105e+00, 1.193e+05, 0.000e+00, 3.512e-04, 0.000e+00, 2.168e+00, 9.983e+02, 1.508e-07
2.705e+00, 5.000e-01, -1.095e+00, 1.192e+05, 0.000e+00, 3.432e-04, 0.000e+00, 2.167e+00, 9.983e+02, 1.473e-07
2.705e+00, 5.000e-01, -1.085e+00, 1.191e+05, 0.000e+00, 3.341e-04, 0.000e+00, 2.165e+00, 9.983e+02, 1.434e-07
2.705e+00, 5.000e-01, -1.075e+00, 1.190e+05, 0.000e+00, 3.233e-04, 0.000e+00, 2.163e+00, 9.983e+02, 1.388e-07
2.705e+00, 5.000e-01, -1.065e+00, 1.189e+05, 0.000e+00, 3.110e-04, 0.000e+00, 2.161e+00, 9.983e+02, 1.335e-07
2.705e+00, 5.000e-01, -1.055e+00, 1.188e+05, 0.000e+00, 2.972e-04, 0.000e+00, 2.159e+00, 9.983e+02, 1.276e-07
2.705e+00, 5.000e-01, -1.045e+00, 1.187e+05, 0.000e+00, 2.821e-04, 0.000e+00, 2.158e+00, 9.983e+02, 1.211e-07
2.705e+00, 5.000e-01, -1.035e+00, 1.186e+05, 0.000e+00, 2.661e-04, 0.000e+00, 2.156e+00, 9.983e+02, 1.142e-07
2.705e+00, 5.000e-01, -1.025e+00, 1.185e+05, 0.000e+00, 2.499e-04, 0.000e+00, 2.154e+00, 9.983e+02, 1.073e-07
2.705e+00, 5.000e-01, -1.015e+00, 1.185e+05, 0.000e+00, 2.342e-04, 0.000e+00, 2.152e+00, 9.983e+02, 1.005e-07
2.705e+00, 5.000e-01, -1.005e+00, 1.184e+05, 0.000e+00, 2.190e-04, 0.000e+00, 2.150e+00, 9.983e+02, 9.399e-08
2.705e+00, 5.000e-01, -9.950e-01, 1.183e+05, 0.000e+00, 2.054e-04, 0.000e+00, 2.149e+00, 9.983e+02, 8.816e-08
2.705e+00, 5.000e-01, -9.850e-01, 1.182e+05, 0.000e+00, 1.934e-04, 0.000e+00, 2.147e+00, 9.983e+02, 8.301e-08
2.705e+00, 5.000e-01, -9.750e-01, 1.181e+05, 0.000e+00, 1.827e-04, 0.000e+00, 2.145e+00, 9.983e+02, 7.844e-08
2.705e+00, 5.000e-01, -9.650e-01, 1.180e+05, 0.000e+00, 1.731e-04, 0.000e+00, 2.143e+00, 9.983e+02, 7.431e-08
2.705e+00, 5.000e-01, -9.550e-01, 1.179e+05, 0.000e+00, 1.642e-04, 0.000e+00, 2.141e+00, 9.983e+02, 7.046e-08
2.705e+00, 5.000e-01, -9.450e-01, 1.178e+05, 0.000e+00, 1.555e-04, 0.000e+00, 2.140e+00, 9.983e+02, 6.676e-08
2.705e+00, 5.000e-01, -9.350e-01, 1.177e+05, 0.000e+00, 1.469e-04, 0.000e+00, 2.138e+00, 9.983e+02, 6.305e-08
2.705e+00, 5.000e-01, -9.250e-01, 1.176e+05, 0.000e+00, 1.379e-04, 0.000e+00, 2.136e+00, 9.983e+02, 5.919e-08
2.705e+00, 5.000e-01, -9.150e-01, 1.175e+05, 0.000e+00, 1.282e-04, 0.000e+00, 2.134e+00, 9.983e+02, 5.503e-08
2.705e+00, 5.000e-01, -9.050e-01, 1.174e+05, 0.000e+00, 1.176e-04, 0.000e+00, 2.132e+00, 9.983e+02, 5.047e-08
2.705e+00, 5.000e-01, -8.950e-01, 1.173e+05, 0.000e+00, 1.058e-04, 0.000e+00, 2.131e+00, 9.983e+02, 4.542e-08
2.705e+00, 5.000e-01, -8.850e-01, 1.172e+05, 0.000e+00, 9.281e-05, 0.000e+00, 2.129e+00, 9.983e+02, 3.984e-08
2.705e+00, 5.000e-01, -8.750e-01, 1.171e+05, 0.000e+00, 7.864e-05, 0.000e+00, 2.127e+00, 9.983e+02, 3.376e-08
2.705e+00, 5.000e-01, -8.650e-01, 1.170e+05, 0.000e+00, 6.359e-05, 0.000e+00, 2.125e+00, 9.983e+02, 2.730e-08
2.705e+00, 5.000e-01, -8.550e-01, 1.169e+05, 0.000e+00, 4.826e-05, 0.000e+00, 2.124e+00, 9.983e+02, 2.071e-08
2.705e+00, 5.000e-01, -8.450e-01, 1.168e+05, 0.000e+00, 3.358e-05, 0.000e+00, 2.122e+00, 9.983e+02, 1.442e-08
2.705e+00, 5.000e-01, -8.350e-01, 1.167e+05, 0.000e+00, 2.078e-05, 0.000e+00, 2.120e+00, 9.983e+02, 8.919e-09
2.705e+00, 5.000e-01, -8.250e-01, 1.166e+05, 0.000e+00, 1.104e-05, 0.000e+00, 2.118e+00, 9.983e+02, 4.737e-09
2.705e+00, 5.000e-01, -8.150e-01, 1.165e+05, 0.000e+00, 5.309e-06, 0.000e+00, 2.116e+00, 9.983e+02, 2.280e-09
2.705e+00, 5.000e-01, -8.050e-01, 1.179e+05, 0.000e+00, 1.818e-06, 0.000e+00, 2.142e+00, 9.983e+02, 7.983e-10
2.705e+00, 5.000e-01, -7.950e-01, 1.178e+05, 0.000e+00, 1.240e-06, 0.000e+00, 2.140e+00, 9.983e+02, 5.445e-10
2.705e+00, 5.000e-01, -7.850e-01, 1.177e+05, 0.000e+00, 1.335e-06, 0.000e+00, 2.138e+00, 9.983e+02, 5.863e-10
2.705e+00, 5.000e-01, -7.750e-01, 1.176e+05, 0.000e+00, 1.461e-06, 0.000e+00, 2.136e+00, 9.983e+02, 6.418e-10
2.705e+00, 5.000e-01, -7.650e-01, 1.175e+05, 0.000e+00, 1.444e-06, 0.000e+00, 2.135e+00, 9.983e+02, 6.343e-10
2.705e+00, 5.000e-01, -7.550e-01, 1.174e+05, 0.000e+00, 1.279e-06, 0.000e+00, 2.133e+00, 9.983e+02, 5.618e-10
2.705e+00, 5.000e-01, -7.450e-01, 1.173e+05, 0.000e+00, 1.025e-06, 0.000e+00, 2.131e+00, 9.983e+02, 4.503e-10
2.705e+00, 5.000e-01, -7.350e-01, 1.172e+05, 0.000e+00, 7.521e-07, 0.000e+00, 2.129e+00, 9.983e+02, 3.304e-10
2.705e+00, 5.000e-01, -7.250e-01, 1.171e+05, 0.000e+00, 5.143e-07, 0.000e+00, 2.127e+00, 9.983e+02, 2.259e-10
2.705e+00, 5.000e-01, -7.150e-01, 1.170e+05, 0.000e+00, 3.663e-07, 0.000e+00, 2.126e+00, 9.983e+02, 1.609e-10
2.705e+00, 5.000e-01, -7.050e-01, 1.169e+05, 0.000e+00, 5.108e-07, 0.000e+00, 2.124e+00, 9.983e+02, 2.243e-10
2.705e+00, 5.000e-01, -6.950e-01, 1.168e+05, 0.000e+00, 2.091e-06, 0.000e+00, 2.122e+00, 9.983e+02, 9.186e-10
2.705e+00, 5.000e-01, -6.850e-01, 1.167e+05, 0.000e+00, 1.106e-05, 0.000e+00, 2.120e+00, 9.983e+02, 4.856e-09
2.705e+00, 5.000e-01, -6.750e-01, 1.166e+05, 0.000e+00, 5.625e-05, 0.000e+00, 2.119e+00, 9.983e+02, 2.490e-08
2.705e+00, 5.000e-01, -6.650e-01, 1.150e+05, 0.000e+00, 2.020e-04, 0.000e+00, 2.090e+00, 9.983e+02, 9.074e-08
2.705e+00, 5.000e-01, -6.550e-01, 1.149e+05, 0.000e+00, 2.783e-04, 0.000e+00, 2.088e+00, 9.983e+02, 1.250e-07
2.705e+00, 5.000e-01, -6.450e-01, 1.148e+05, 0.000e+00, 3.049e-04, 0.000e+00, 2.086e+00, 9.983e+02, 1.370e-07
2.705e+00, 5.000e-01, -6.350e-01, 1.147e+05, 0.000e+00, 2.990e-04, 0.000e+00, 2.084e+00, 9.983e+02, 1.343e-07
2.705e+00, 5.000e-01, -6.250e-01, 1.146e+05, 0.000e+00, 2.734e-04, 0.000e+00, 2.083e+00, 9.983e+02, 1.228e-07
2.705e+00, 5.000e-01, -6.150e-01, 1.145e+05, 0.000e+00, 2.366e-04, 0.000e+00, 2.081e+00, 9.983e+02, 1.063e-07
2.705e+00, 5.000e-01, -6.050e-01, 1.144e+05, 0.000e+00, 1.982e-04, 0.000e+00, 2.079e+00, 9.983e+02, 8.902e-08
2.705e+00, 5.000e-01, -5.950e-01, 1.144e+05, 0.000e+00, 1.621e-04, 0.000e+00, 2.077e+00, 9.983e+02, 7.284e-08
2.705e+00, 5.000e-01, -5.850e-01, 1.143e+05, 0.000e+00, 1.303e-04, 0.000e+00, 2.075e+00, 9.983e+02, 5.855e-08
2.705e+00, 5.000e-01, -5.750e-01, 1.142e+05, 0.000e+00, 1.033e-04, 0.000e+00, 2.074e+00, 9.983e+02, 4.642e-08
2.705e+00, 5.000e-01, -5.650e-01, 1.141e+05, 0.000e+00, 8.145e-05, 0.000e+00, 2.072e+00, 9.983e+02, 3.659e-08
2.705e+00, 5.000e-01, -5.550e-01, 1.139e+05, 0.000e+00, 6.762e-05, 0.000e+00, 2.070e+00, 9.983e+02, 2.911e-08
2.705e+00, 5.000e-01, -5.450e-01, 1.138e+05, 0.000e+00, 5.481e-05, 0.000e+00, 2.068e+00, 9.983e+02, 2.353e-08
2.705e+00, 5.000e-01, -5.350e-01, 1.137e+05, 0.000e+00, 4.284e-05, 0.000e+00, 2.066e+00, 9.983e+02, 1.839e-08
2.705e+00, 5.000e-01, -5.250e-01, 1.137e+05, 0.000e+00, 3.156e-05, 0.000e+00, 2.064e+00, 9.983e+02, 1.355e-08
2.705e+00, 5.000e-01, -5.150e-01, 1.136e+05, 0.000e+00, 2.373e-05, 0.000e+00, 2.063e+00, 9.983e+02, 1.024e-08
2.705e+00, 5.000e-01, -5.050e-01, 1.135e+05, 0.000e+00, 1.788e-05, 0.000e+00, 2.061e+00, 9.983e+02, 8.032e-09
2.705e+00, 5.000e-01, -4.950e-01, 1.134e+05, 0.000e+00, 1.308e-05, 0.000e+00, 2.059e+00, 9.983e+02, 5.842e-09
2.705e+00, 5.000e-01, -4.850e-01, 1.133e+05, 0.000e+00, 9.042e-06, 0.000e+00, 2.057e+00, 9.983e+02, 3.881e-09
2.705e+00, 5.000e-01, -4.750e-01, 1.132e+05, 0.000e+00, 6.228e-06, 0.000e+00, 2.056e+00, 9.983e+02, 2.674e-09
2.705e+00, 5.000e-01, -4.650e-01, 1.131e+05, 0.000e+00, 4.256e-06, 0.000e+00, 2.054e+00, 9.983e+02, 1.827e-09
2.705e+00, 5.000e-01, -4.550e-01, 1.130e+05, 0.000e+00, 2.907e-06, 0.000e+00, 2.052e+00, 9.983e+02, 1.248e-09
2.705e+00, 5.000e-01, -4.450e-01, 1.129e+05, 0.000e+00, 2.108e-06, 0.000e+00, 2.050e+00, 9.983e+02, 9.078e-10
2.705e+00, 5.000e-01, -4.350e-01, 1.128e+05, 0.000e+00, 1.669e-06, 0.000e+00, 2.049e+00, 9.983e+02, 7.493e-10
2.705e+00, 5.000e-01, -4.250e-01, 1.127e+05, 0.000e+00, 1.338e-06, 0.000e+00, 2.047e+00, 9.983e+02, 6.009e-10
2.705e+00, 5.000e-01, -4.150e-01, 1.126e+05, 0.000e+00, 1.062e-06, 0.000e+00, 2.045e+00, 9.983e+02, 4.773e-10
2.705e+00, 5.000e-01, -4.050e-01, 1.125e+05, 0.000e+00, 8.185e-07, 0.000e+00, 2.043e+00, 9.983e+02, 3.677e-10
2.705e+00, 5.000e-01, -3.950e-01, 1.124e+05, 0.000e+00, 6.035e-07, 0.000e+00, 2.041e+00, 9.983e+02, 2.711e-10
2.705e+00, 5.000e-01, -3.850e-01, 1.123e+05, 0.000e+00, 4.230e-07, 0.000e+00, 2.040e+00, 9.983e+02, 1.900e-10
2.705e+00, 5.000e-01, -3.750e-01, 1.122e+05, 0.000e+00, 2.815e-07, 0.000e+00, 2.038e+00, 9.983e+02, 1.265e-10
2.705e+00, 5.000e-01, -3.650e-01, 1.121e+05, 0.000e+00, 1.786e-07, 0.000e+00, 2.036e+00, 9.983e+02, 8.025e-11
2.705e+00, 5.000e-01, -3.550e-01, 1.120e+05, 0.000e+00, 1.099e-07, 0.000e+00, 2.034e+00, 9.983e+02, 4.937e-11
2.705e+00, 5.000e-01, -3.450e-01, 1.119e+05, 0.000e+00, 7.008e-08, 0.000e+00, 2.033e+00, 9.983e+02, 3.148e-11
2.705e+00, 5.000e-01, -3.350e-01, 1.119e+05, 0.000e+00, 5.675e-08, 0.000e+00, 2.032e+00, 9.983e+02, 2.503e-11
2.705e+00, 5.000e-01, -3.250e-01, 1.118e+05, 0.000e+00, 5.926e-08, 0.000e+00, 2.030e+00, 9.983e+02, 2.603e-11
2.705e+00, 5.000e-01, -3.150e-01, 1.117e+05, 0.000e+00, 7.488e-08, 0.000e+00, 2.029e+00, 9.983e+02, 3.289e-11
2.705e+00, 5.000e-01, -3.050e-01, 1.116e+05, 0.000e+00, 1.076e-07, 0.000e+00, 2.027e+00, 9.983e+02, 4.728e-11
2.705e+00, 5.000e-01, -2.950e-01, 1.115e+05, 0.000e+00, 1.844e-07, 0.000e+00, 2.025e+00, 9.983e+02, 8.098e-11
2.705e+00, 5.000e-01, -2.850e-01, 1.114e+05, 0.000e+00, 4.070e-07, 0.000e+00, 2.023e+00, 9.983e+02, 1.788e-10
2.705e+00, 5.000e-01, -2.750e-01, 1.113e+05, 0.000e+00, 1.086e-06, 0.000e+00, 2.021e+00, 9.983e+02, 4.768e-10
2.705e+00, 5.000e-01, -2.650e-01, 1.112e+05, 0.000e+00, 3.003e-06, 0.000e+00, 2.020e+00, 9.983e+02, 1.319e-09
2.705e+00, 5.000e-01, -2.550e-01, 1.111e+05, 0.000e+00, 7.772e-06, 0.000e+00, 2.018e+00, 9.983e+02, 3.414e-09
2.705e+00, 5.000e-01, -2.450e-01, 1.112e+05, 0.000e+00, 1.811e-05, 0.000e+00, 2.020e+00, 9.983e+02, 7.818e-09
2.705e+00, 5.000e-01, -2.350e-01, 1.111e+05, 0.000e+00, 3.742e-05, 0.000e+00, 2.018e+00, 9.983e+02, 1.606e-08
2.705e+00, 5.000e-01, -2.250e-01, 1.110e+05, 0.000e+00, 6.627e-05, 0.000e+00, 2.016e+00, 9.983e+02, 2.844e-08
2.705e+00, 5.000e-01, -2.150e-01, 1.109e+05, 0.000e+00, 1.025e-04, 0.000e+00, 2.014e+00, 9.983e+02, 4.400e-08
2.705e+00, 5.000e-01, -2.050e-01, 1.108e+05, 0.000e+00, 1.398e-04, 0.000e+00, 2.012e+00, 9.983e+02, 6.001e-08
2.705e+00, 5.000e-01, -1.950e-01, 1.107e+05, 0.000e+00, 1.701e-04, 0.000e+00, 2.011e+00, 9.983e+02, 7.302e-08
2.705e+00, 5.000e-01, -1.850e-01, 1.106e+05, 0.000e+00, 1.922e-04, 0.000e+00, 2.009e+00, 9.983e+02, 8.252e-08
2.705e+00, 5.000e-01, -1.750e-01, 1.117e+05, 0.000e+00, 2.175e-04, 0.000e+00, 2.029e+00, 9.983e+02, 9.469e-08
2.705e+00, 5.000e-01, -1.650e-01, 1.116e+05, 0.000e+00, 2.119e-04, 0.000e+00, 2.027e+00, 9.983e+02, 9.308e-08
2.705e+00, 5.000e-01, -1.550e-01, 1.115e+05, 0.000e+00, 1.753e-04, 0.000e+00, 2.025e+00, 9.983e+02, 7.698e-08
2.705e+00, 5.000e-01, -1.450e-01, 1.114e+05, 0.000e+00, 1.262e-04, 0.000e+00, 2.024e+00, 9.983e+02, 5.544e-08
2.705e+00, 5.000e-01, -1.350e-01, 1.113e+05, 0.000e+00, 8.064e-05, 0.000e+00, 2.022e+00, 9.983e+02, 3.542e-08
2.705e+00, 5.000e-01, -1.250e-01, 1.112e+05, 0.000e+00, 4.641e-05, 0.000e+00, 2.020e+00, 9.983e+02, 2.039e-08
2.705e+00, 5.000e-01, -1.150e-01, 1.111e+05, 0.000e+00, 2.437e-05, 0.000e+00, 2.018e+00, 9.983e+02, 1.070e-08
2.705e+00, 5.000e-01, -1.050e-01, 1.110e+05, 0.000e+00, 1.180e-05, 0.000e+00, 2.017e+00, 9.983e+02, 5.185e-09
2.705e+00, 5.000e-01, -9.500e-02, 1.109e+05, 0.000e+00, 5.328e-06, 0.000e+00, 2.015e+00, 9.983e+02, 2.340e-09
2.705e+00, 5.000e-01, -8.500e-02, 1.108e+05, 0.000e+00, 2.260e-06, 0.000e+00, 2.013e+00, 9.983e+02, 9.926e-10
2.705e+00, 5.000e-01, -7.500e-02, 1.107e+05, 0.000e+00, 9.071e-07, 0.000e+00, 2.011e+00, 9.983e+02, 3.984e-10
2.705e+00, 5.000e-01, -6.500e-02, 1.106e+05, 0.000e+00, 3.464e-07, 0.000e+00, 2.009e+00, 9.983e+02, 1.522e-10
2.705e+00, 5.000e-01, -5.500e-02, 1.105e+05, 0.000e+00, 1.264e-07, 0.000e+00, 2.008e+00, 9.983e+02, 5.551e-11
2.705e+00, 5.000e-01, -4.500e-02, 1.104e+05, 0.000e+00, 4.417e-08, 0.000e+00, 2.006e+00, 9.983e+02, 1.940e-11
2.705e+00, 5.000e-01, -3.500e-02, 1.103e+05, 0.000e+00, 1.482e-08, 0.000e+00, 2.004e+00, 9.983e+02, 6.510e-12
2.705e+00, 5.000e-01, -2.500e-02, 1.102e+05, 0.000e+00, 4.786e-09, 0.000e+00, 2.002e+00, 9.983e+02, 2.102e-12
2.705e+00, 5.000e-01, -1.500e-02, 1.101e+05, 0.000e+00, 1.509e-09, 0.000e+00, 2.000e+00, 9.983e+02, 6.627e-13
2.705e+00, 5.000e-01, -5.000e-03, 1.100e+05, 0.000e+00, 5.467e-10, 0.000e+00, 1.999e+00, 9.983e+02, 2.401e-13
2.715e+00, 5.000e-01, -1.195e+00, 1.202e+05, 0.000e+00, 2.897e-04, 0.000e+00, 2.184e+00, 9.983e+02, 1.113e-07
2.715e+00, 5.000e-01, -1.185e+00, 1.201e+05, 0.000e+00, 3.410e-04, 0.000e+00, 2.183e+00, 9.983e+02, 1.464e-07
2.715e+00, 5.000e-01, -1.175e+00, 1.200e+05, 0.000e+00, 3.569e-04, 0.000e+00, 2.181e+00, 9.983e+02, 1.532e-07
2.715e+00, 5.000e-01, -1.165e+00, 1.199e+05, 0.000e+00, 3.670e-04, 0.000e+00, 2.179e+00, 9.983e+02, 1.575e-07
2.715e+00, 5.000e-01, -1.155e+00, 1.198e+05, 0.000e+00, 3.717e-04, 0.000e+00, 2.177e+00, 9.983e+02, 1.596e-07
2.715e+00, 5.000e-01, -1.145e+00, 1.197e+05, 0.000e+00, 3.719e-04, 0.000e+00, 2.175e+00, 9.983e+02, 1.596e-07
2.715e+00, 5.000e-01, -1.135e+00, 1.196e+05, 0.000e+00, 3.684e-04, 0.000e+00, 2.174e+00, 9.983e+02, 1.581e-07
2.715e+00, 5.000e-01, -1.125e+00, 1.195e+05, 0.000e+00, 3.626e-04, 0.000e+00, 2.172e+00, 9.983e+02, 1.556e-07
2.715e+00, 5.000e-01, -1.115e+00, 1.194e+05, 0.000e+00, 3.552e-04, 0.000e+00, 2.170e+00, 9.983e+02, 1.525e-07
2.715e+00, 5.000e-01, -1.105e+00, 1.193e+05, 0.000e+00, 3.468e-04, 0.000e+00, 2.168e+00, 9.983e+02, 1.489e-07
2.715e+00, 5.000e-01, -1.095e+00, 1.192e+05, 0.000e+00, 3.370e-04, 0.000e+00, 2.167e+00, 9.983e+02, 1.447e-07
2.715e+00, 5.000e-01, -1.085e+00, 1.191e+05, 0.000e+00, 3.256e-04, 0.000e+00, 2.165e+00, 9.983e+02, 1.398e-07
2.715e+00, 5.000e-01, -1.075e+00, 1.190e+05, 0.000e+00, 3.131e-04, 0.000e+00, 2.163e+00, 9.983e+02, 1.344e-07
2.715e+00, 5.000e-01, -1.065e+00, 1.189e+05, 0.000e+00, 2.993e-04, 0.000e+00, 2.161e+00, 9.983e+02, 1.285e-07
2.715e+00, 5.000e-01, -1.055e+00, 1.188e+05, 0.000e+00, 2.846e-04, 0.000e+00, 2.159e+00, 9.983e+02, 1.222e-07
2.715e+00, 5.000e-01, -1.045e+00, 1.187e+05, 0.000e+00, 2.691e-04, 0.000e+00, 2.158e+00, 9.983e+02, 1.155e-07
2.715e+00, 5.000e-01, -1.035e+00, 1.186e+05, 0.000e+00, 2.534e-04, 0.000e+00, 2.156e+00, 9.983e+02, 1.088e-07
2.715e+00, 5.000e-01, -1.025e+00, 1.185e+05, 0.000e+00, 2.380e-04, 0.000e+00, 2.154e+00, 9.983e+02, 1.022e-07
2.715e+00, 5.000e-01, -1.015e+00, 1.185e+05, 0.000e+00, 2.230e-04, 0.000e+00, 2.152e+00, 9.983e+02, 9.575e-08
2.715e+00, 5.000e-01, -1.005e+00, 1.184e+05, 0.000e+00, 2.090e-04, 0.000e+00, 2.150e+00, 9.983e+02, 8.973e-08
2.715e+00, 5.000e-01, -9.950e-01, 1.183e+05, 0.000e+00, 1.966e-04, 0.000e+00, 2.149e+00, 9.983e+02, 8.439e-08
2.715e+00, 5.000e-01, -9.850e-01, 1.182e+05, 0.000e+00, 1.855e-04, 0.000e+00, 2.147e+00, 9.983e+02, 7.965e-08
2.715e+00, 5.000e-01, -9.750e-01, 1.181e+05, 0.000e+00, 1.756e-04, 0.000e+00, 2.145e+00, 9.983e+02, 7.540e-08
2.715e+00, 5.000e-01, -9.650e-01, 1.180e+05, 0.000e+00, 1.667e-04, 0.000e+00, 2.143e+00, 9.983e+02, 7.154e-08
2.715e+00, 5.000e-01, -9.550e-01, 1.179e+05, 0.000e+00, 1.583e-04, 0.000e+00, 2.141e+00, 9.983e+02, 6.794e-08
2.715e+00, 5.000e-01, -9.450e-01, 1.178e+05, 0.000e+00, 1.502e-04, 0.000e+00, 2.140e+00, 9.983e+02, 6.447e-08
2.715e+00, 5.000e-01, -9.350e-01, 1.177e+05, 0.000e+00, 1.421e-04, 0.000e+00, 2.138e+00, 9.983e+02, 6.100e-08
2.715e+00, 5.000e-01, -9.250e-01, 1.176e+05, 0.000e+00, 1.337e-04, 0.000e+00, 2.136e+00, 9.983e+02, 5.737e-08
2.715e+00, 5.000e-01, -9.150e-01, 1.175e+05, 0.000e+00, 1.245e-04, 0.000e+00, 2.134e+00, 9.983e+02, 5.346e-08
2.715e+00, 5.000e-01, -9.050e-01, 1.174e+05, 0.000e+00, 1.144e-04, 0.000e+00, 2.132e+00, 9.983e+02, 4.913e-08
2.715e+00, 5.000e-01, -8.950e-01, 1.173e+05, 0.000e+00, 1.032e-04, 0.000e+00, 2.131e+00, 9.983e+02, 4.429e-08
2.715e+00, 5.000e-01, -8.850e-01, 1.172e+05, 0.000e+00, 9.058e-05, 0.000e+00, 2.129e+00, 9.983e+02, 3.888e-08
2.715e+00, 5.000e-01, -8.750e-01, 1.171e+05, 0.000e+00, 7.671e-05, 0.000e+00, 2.127e+00, 9.983e+02, 3.293e-08
2.715e+00, 5.000e-01, -8.650e-01, 1.170e+05, 0.000e+00, 6.187e-05, 0.000e+00, 2.125e+00, 9.983e+02, 2.656e-08
2.715e+00, 5.000e-01, -8.550e-01, 1.169e+05, 0.000e+00, 4.666e-05, 0.000e+00, 2.124e+00, 9.983e+02, 2.003e-08
2.715e+00, 5.000e-01, -8.450e-01, 1.168e+05, 0.000e+00, 3.208e-05, 0.000e+00, 2.122e+00, 9.983e+02, 1.377e-08
2.715e+00, 5.000e-01, -8.350e-01, 1.167e+05, 0.000e+00, 1.941e-05, 0.000e+00, 2.120e+00, 9.983e+02, 8.331e-09
2.715e+00, 5.000e-01, -8.250e-01, 1.166e+05, 0.000e+00, 9.890e-06, 0.000e+00, 2.118e+00, 9.983e+02, 4.245e-09
2.715e+00, 5.000e-01, -8.150e-01, 1.165e+05, 0.000e+00, 4.551e-06, 0.000e+00, 2.116e+00, 9.983e+02, 1.959e-09
2.715e+00, 5.000e-01, -8.050e-01, 1.179e+05, 0.000e+00, 1.366e-06, 0.000e+00, 2.142e+00, 9.983e+02, 6.000e-10
2.715e+00, 5.000e-01, -7.950e-01, 1.178e+05, 0.000e+00, 7.068e-07, 0.000e+00, 2.140e+00, 9.983e+02, 3.104e-10
2.715e+00, 5.000e-01, -7.850e-01, 1.177e+05, 0.000e+00, 6.486e-07, 0.000e+00, 2.138e+00, 9.983e+02, 2.849e-10
2.715e+00, 5.000e-01, -7.750e-01, 1.176e+05, 0.000e+00, 6.770e-07, 0.000e+00, 2.136e+00, 9.983e+02, 2.974e-10
2.715e+00, 5.000e-01, -7.650e-01, 1.175e+05, 0.000e+00, 6.590e-07, 0.000e+00, 2.135e+00, 9.983e+02, 2.894e-10
2.715e+00, 5.000e-01, -7.550e-01, 1.174e+05, 0.000e+00, 5.799e-07, 0.000e+00, 2.133e+00, 9.983e+02, 2.547e-10
2.715e+00, 5.000e-01, -7.450e-01, 1.173e+05, 0.000e+00, 4.634e-07, 0.000e+00, 2.131e+00, 9.983e+02, 2.035e-10
2.715e+00, 5.000e-01, -7.350e-01, 1.172e+05, 0.000e+00, 3.395e-07, 0.000e+00, 2.129e+00, 9.983e+02, 1.491e-10
2.715e+00, 5.000e-01, -7.250e-01, 1.171e+05, 0.000e+00, 2.328e-07, 0.000e+00, 2.127e+00, 9.983e+02, 1.023e-10
2.715e+00, 5.000e-01, -7.150e-01, 1.170e+05, 0.000e+00, 1.725e-07, 0.000e+00, 2.126e+00, 9.983e+02, 7.576e-11
2.715e+00, 5.000e-01, -7.050e-01, 1.169e+05, 0.000e+00, 2.907e-07, 0.000e+00, 2.124e+00, 9.983e+02, 1.277e-10
2.715e+00, 5.000e-01, -6.950e-01, 1.168e+05, 0.000e+00, 1.407e-06, 0.000e+00, 2.122e+00, 9.983e+02, 6.179e-10
2.715e+00, 5.000e-01, -6.850e-01, 1.167e+05, 0.000e+00, 8.256e-06, 0.000e+00, 2.120e+00, 9.983e+02, 3.626e-09
2.715e+00, 5.000e-01, -6.750e-01, 1.166e+05, 0.000e+00, 4.677e-05, 0.000e+00, 2.119e+00, 9.983e+02, 2.074e-08
2.715e+00, 5.000e-01, -6.650e-01, 1.150e+05, 0.000e+00, 1.811e-04, 0.000e+00, 2.090e+00, 9.983e+02, 8.137e-08
2.715e+00, 5.000e-01, -6.550e-01, 1.149e+05, 0.000e+00, 2.529e-04, 0.000e+00, 2.088e+00, 9.983e+02, 1.136e-07
2.715e+00, 5.000e-01, -6.450e-01, 1.148e+05, 0.000e+00, 2.759e-04, 0.000e+00, 2.086e+00, 9.983e+02, 1.239e-07
2.715e+00, 5.000e-01, -6.350e-01, 1.147e+05, 0.000e+00, 2.662e-04, 0.000e+00, 2.084e+00, 9.983e+02, 1.196e-07
2.715e+00, 5.000e-01, -6.250e-01, 1.146e+05, 0.000e+00, 2.375e-04, 0.000e+00, 2.083e+00, 9.983e+02, 1.067e-07
2.715e+00, 5.000e-01, -6.150e-01, 1.145e+05, 0.000e+00, 2.016e-04, 0.000e+00, 2.081e+00, 9.983e+02, 9.059e-08
2.715e+00, 5.000e-01, -6.050e-01, 1.144e+05, 0.000e+00, 1.656e-04, 0.000e+00, 2.079e+00, 9.983e+02, 7.440e-08
2.715e+00, 5.000e-01, -5.950e-01, 1.144e+05, 0.000e+00, 1.327e-04, 0.000e+00, 2.077e+00, 9.983e+02, 5.961e-08
2.715e+00, 5.000e-01, -5.850e-01, 1.143e+05, 0.000e+00, 1.043e-04, 0.000e+00, 2.075e+00, 9.983e+02, 4.684e-08
2.715e+00, 5.000e-01, -5.750e-01, 1.142e+05, 0.000e+00, 8.067e-05, 0.000e+00, 2.074e+00, 9.983e+02, 3.624e-08
2.715e+00, 5.000e-01, -5.650e-01, 1.141e+05, 0.000e+00, 6.178e-05, 0.000e+00, 2.072e+00, 9.983e+02, 2.767e-08
2.715e+00, 5.000e-01, -5.550e-01, 1.139e+05, 0.000e+00, 4.911e-05, 0.000e+00, 2.070e+00, 9.983e+02, 2.108e-08
2.715e+00, 5.000e-01, -5.450e-01, 1.138e+05, 0.000e+00, 3.752e-05, 0.000e+00, 2.068e+00, 9.983e+02, 1.611e-08
2.715e+00, 5.000e-01, -5.350e-01, 1.137e+05, 0.000e+00, 2.697e-05, 0.000e+00, 2.066e+00, 9.983e+02, 1.158e-08
2.715e+00, 5.000e-01, -5.250e-01, 1.137e+05, 0.000e+00, 1.903e-05, 0.000e+00, 2.064e+00, 9.983e+02, 8.168e-09
2.715e+00, 5.000e-01, -5.150e-01, 1.136e+05, 0.000e+00, 1.379e-05, 0.000e+00, 2.063e+00, 9.983e+02, 6.036e-09
2.715e+00, 5.000e-01, -5.050e-01, 1.135e+05, 0.000e+00, 1.001e-05, 0.000e+00, 2.061e+00, 9.983e+02, 4.496e-09
2.715e+00, 5.000e-01, -4.950e-01, 1.134e+05, 0.000e+00, 7.003e-06, 0.000e+00, 2.059e+00, 9.983e+02, 3.100e-09
2.715e+00, 5.000e-01, -4.850e-01, 1.133e+05, 0.000e+00, 4.643e-06, 0.000e+00, 2.057e+00, 9.983e+02, 1.993e-09
2.715e+00, 5.000e-01, -4.750e-01, 1.132e+05, 0.000e+00, 3.064e-06, 0.000e+00, 2.056e+00, 9.983e+02, 1.315e-09
2.715e+00, 5.000e-01, -4.650e-01, 1.131e+05, 0.000e+00, 2.021e-06, 0.000e+00, 2.054e+00, 9.983e+02, 8.674e-10
2.715e+00, 5.000e-01, -4.550e-01, 1.130e+05, 0.000e+00, 1.343e-06, 0.000e+00, 2.052e+00, 9.983e+02, 5.763e-10
2.715e+00, 5.000e-01, -4.450e-01, 1.129e+05, 0.000e+00, 9.784e-07, 0.000e+00, 2.050e+00, 9.983e+02, 4.261e-10
2.715e+00, 5.000e-01, -4.350e-01, 1.128e+05, 0.000e+00, 7.677e-07, 0.000e+00, 2.049e+00, 9.983e+02, 3.449e-10
2.715e+00, 5.000e-01, -4.250e-01, 1.127e+05, 0.000e+00, 6.080e-07, 0.000e+00, 2.047e+00, 9.983e+02, 2.731e-10
2.715e+00, 5.000e-01, -4.150e-01, 1.126e+05, 0.000e+00, 4.747e-07, 0.000e+00, 2.045e+00, 9.983e+02, 2.132e-10
2.715e+00, 5.000e-01, -4.050e-01, 1.125e+05, 0.000e+00, 3.580e-07, 0.000e+00, 2.043e+00, 9.983e+02, 1.608e-10
2.715e+00, 5.000e-01, -3.950e-01, 1.124e+05, 0.000e+00, 2.574e-07, 0.000e+00, 2.041e+00, 9.983e+02, 1.156e-10
2.715e+00, 5.000e-01, -3.850e-01, 1.123e+05, 0.000e+00, 1.753e-07, 0.000e+00, 2.040e+00, 9.983e+02, 7.873e-11
2.715e+00, 5.000e-01, -3.750e-01, 1.122e+05, 0.000e+00, 1.129e-07, 0.000e+00, 2.038e+00, 9.983e+02, 5.072e-11
2.715e+00, 5.000e-01, -3.650e-01, 1.121e+05, 0.000e+00, 6.915e-08, 0.000e+00, 2.036e+00, 9.983e+02, 3.106e-11
2.715e+00, 5.000e-01, -3.550e-01, 1.120e+05, 0.000e+00, 4.104e-08, 0.000e+00, 2.034e+00, 9.983e+02, 1.844e-11
2.715e+00, 5.000e-01, -3.450e-01, 1.119e+05, 0.000e+00, 2.635e-08, 0.000e+00, 2.033e+00, 9.983e+02, 1.181e-11
2.715e+00, 5.000e-01, -3.350e-01, 1.119e+05, 0.000e+00, 2.163e-08, 0.000e+00, 2.032e+00, 9.983e+02, 9.500e-12
2.715e+00, 5.000e-01, -3.250e-01, 1.118e+05, 0.000e+00, 2.366e-08, 0.000e+00, 2.030e+00, 9.983e+02, 1.039e-11
2.715e+00, 5.000e-01, -3.150e-01, 1.117e+05, 0.000e+00, 3.290e-08, 0.000e+00, 2.029e+00, 9.983e+02, 1.445e-11
2.715e+00, 5.000e-01, -3.050e-01, 1.116e+05, 0.000e+00, 5.659e-08, 0.000e+00, 2.027e+00, 9.983e+02, 2.486e-11
2.715e+00, 5.000e-01, -2.950e-01, 1.115e+05, 0.000e+00, 1.271e-07, 0.000e+00, 2.025e+00, 9.983e+02, 5.581e-11
2.715e+00, 5.000e-01, -2.850e-01, 1.114e+05, 0.000e+00, 3.570e-07, 0.000e+00, 2.023e+00, 9.983e+02, 1.568e-10
2.715e+00, 5.000e-01, -2.750e-01, 1.113e+05, 0.000e+00, 1.080e-06, 0.000e+00, 2.021e+00, 9.983e+02, 4.742e-10
2.715e+00, 5.000e-01, -2.650e-01, 1.112e+05, 0.000e+00, 3.125e-06, 0.000e+00, 2.020e+00, 9.983e+02, 1.373e-09
2.715e+00, 5.000e-01, -2.550e-01, 1.111e+05, 0.000e+00, 8.178e-06, 0.000e+00, 2.018e+00, 9.983e+02, 3.592e-09
2.715e+00, 5.000e-01, -2.450e-01, 1.112e+05, 0.000e+00, 1.908e-05, 0.000e+00, 2.020e+00, 9.983e+02, 8.207e-09
2.715e+00, 5.000e-01, -2.350e-01, 1.111e+05, 0.000e+00, 3.871e-05, 0.000e+00, 2.018e+00, 9.983e+02, 1.662e-08
2.715e+00, 5.000e-01, -2.250e-01, 1.110e+05, 0.000e+00, 6.732e-05, 0.000e+00, 2.016e+00, 9.983e+02, 2.890e-08
2.715e+00, 5.000e-01, -2.150e-01, 1.109e+05, 0.000e+00, 1.018e-04, 0.000e+00, 2.014e+00, 9.983e+02, 4.368e-08
2.715e+00, 5.000e-01, -2.050e-01, 1.108e+05, 0.000e+00, 1.345e-04, 0.000e+00, 2.012e+00, 9.983e+02, 5.774e-08
2.715e+00, 5.000e-01, -1.950e-01, 1.107e+05, 0.000e+00, 1.585e-04, 0.000e+00, 2.011e+00, 9.983e+02, 6.804e-08
2.715e+00, 5.000e-01, -1.850e-01, 1.106e+05, 0.000e+00, 1.761e-04, 0.000e+00, 2.009e+00, 9.983e+02, 7.560e-08
2.715e+00, 5.000e-01, -1.750e-01, 1.117e+05, 0.000e+00, 1.982e-04, 0.000e+00, 2.029e+00, 9.983e+02, 8.658e-08
2.715e+00, 5.000e-01, -1.650e-01, 1.116e+05, 0.000e+00, 1.908e-04, 0.000e+00, 2.027e+00, 9.983e+02, 8.381e-08
2.715e+00, 5.000e-01, -1.550e-01, 1.115e+05, 0.000e+00, 1.573e-04, 0.000e+00, 2.025e+00, 9.983e+02, 6.907e-08
2.715e+00, 5.000e-01, -1.450e-01, 1.114e+05, 0.000e+00, 1.132e-04, 0.000e+00, 2.024e+00, 9.983e+02, 4.971e-08
2.715e+00, 5.000e-01, -1.350e-01, 1.113e+05, 0.000e+00, 7.222e-05, 0.000e+00, 2.022e+00, 9.983e+02, 3.172e-08
2.715e+00, 5.000e-01, -1.250e-01, 1.112e+05, 0.000e+00, 4.141e-05, 0.000e+00, 2.020e+00, 9.983e+02, 1.819e-08
2.715e+00, 5.000e-01, -1.150e-01, 1.111e+05, 0.000e+00, 2.158e-05, 0.000e+00, 2.018e+00, 9.983e+02, 9.479e-09
2.715e+00, 5.000e-01, -1.050e-01, 1.110e+05, 0.000e+00, 1.034e-05, 0.000e+00, 2.017e+00, 9.983e+02, 4.540e-09
2.715e+00, 5.000e-01, -9.500e-02, 1.109e+05, 0.000e+00, 4.595e-06, 0.000e+00, 2.015e+00, 9.983e+02, 2.018e-09
2.715e+00, 5.000e-01, -8.500e-02, 1.108e+05, 0.000e+00, 1.913e-06, 0.000e+00, 2.013e+00, 9.983e+02, 8.404e-10
2.715e+00, 5.000e-01, -7.500e-02, 1.107e+05, 0.000e+00, 7.520e-07, 0.000e+00, 2.011e+00, 9.983e+02, 3.303e-10
2.715e+00, 5.000e-01, -6.500e-02, 1.106e+05, 0.000e+00, 2.808e-07, 0.000e+00, 2.009e+00, 9.983e+02, 1.233e-10
2.715e+00, 5.000e-01, -5.500e-02, 1.105e+05, 0.000e+00, 1.002e-07, 0.000e+00, 2.008e+00, 9.983e+02, 4.400e-11
2.715e+00, 5.000e-01, -4.500e-02, 1.104e+05, 0.000e+00, 3.426e-08, 0.000e+00, 2.006e+00, 9.983e+02, 1.505e-11
2.715e+00, 5.000e-01, -3.500e-02, 1.103e+05, 0.000e+00, 1.126e-08, 0.000e+00, 2.004e+00, 9.983e+02, 4.948e-12
2.715e+00, 5.000e-01, -2.500e-02, 1.102e+05, 0.000e+00, 3.572e-09, 0.000e+00, 2.002e+00, 9.983e+02, 1.569e-12
2.715e+00, 5.000e-01, -1.500e-02, 1.101e+05, 0.000e+00, 1.107e-09, 0.000e+00, 2.000e+00, 9.983e+02, 4.864e-13
2.715e+00, 5.000e-01, -5.000e-03, 1.100e+05, 0.000e+00, 3.947e-10, 0.000e+00, 1.999e+00, 9.983e+02, 1.734e-13
2.725e+00, 5.000e-01, -1.195e+00, 1.202e+05, 0.000e+00, 3.256e-04, 0.000e+00, 2.184e+00, 9.983e+02, 1.397e-07
2.725e+00, 5.000e-01, -1.185e+00, 1.201e+05, 0.000e+00, 3.412e-04, 0.000e+00, 2.183e+00, 9.983e+02, 1.465e-07
2.725e+00, 5.000e-01, -1.175e+00, 1.200e+05, 0.000e+00, 3.555e-04, 0.000e+00, 2.181e+00, 9.983e+02, 1.526e-07
2.725e+00, 5.000e-01, -1.165e+00, 1.199e+05, 0.000e+00, 3.646e-04, 0.000e+00, 2.179e+00, 9.983e+02, 1.565e-07
2.725e+00, 5.000e-01, -1.155e+00, 1.198e+05, 0.000e+00, 3.687e-04, 0.000e+00, 2.177e+00, 9.983e+02, 1.583e-07
2.725e+00, 5.000e-01, -1.145e+00, 1.197e+05, 0.000e+00, 3.682e-04, 0.000e+00, 2.175e+00, 9.983e+02, 1.581e-07
2.725e+00, 5.000e-01, -1.135e+00, 1.196e+05, 0.000e+00, 3.643e-04, 0.000e+00, 2.174e+00, 9.983e+02, 1.564e-07
2.725e+00, 5.000e-01, -1.125e+00, 1.195e+05, 0.000e+00, 3.579e-04, 0.000e+00, 2.172e+00, 9.983e+02, 1.536e-07
2.725e+00, 5.000e-01, -1.115e+00, 1.194e+05, 0.000e+00, 3.497e-04, 0.000e+00, 2.170e+00, 9.983e+02, 1.501e-07
2.725e+00, 5.000e-01, -1.105e+00, 1.193e+05, 0.000e+00, 3.395e-04, 0.000e+00, 2.168e+00, 9.983e+02, 1.457e-07
2.725e+00, 5.000e-01, -1.095e+00, 1.192e+05, 0.000e+00, 3.279e-04, 0.000e+00, 2.167e+00, 9.983e+02, 1.407e-07
2.725e+00, 5.000e-01, -1.085e+00, 1.191e+05, 0.000e+00, 3.151e-04, 0.000e+00, 2.165e+00, 9.983e+02, 1.353e-07
2.725e+00, 5.000e-01, -1.075e+00, 1.190e+05, 0.000e+00, 3.014e-04, 0.000e+00, 2.163e+00, 9.983e+02, 1.294e-07
2.725e+00, 5.000e-01, -1.065e+00, 1.189e+05, 0.000e+00, 2.868e-04, 0.000e+00, 2.161e+00, 9.983e+02, 1.231e-07
2.725e+00, 5.000e-01, -1.055e+00, 1.188e+05, 0.000e+00, 2.718e-04, 0.000e+00, 2.159e+00, 9.983e+02, 1.167e-07
2.725e+00, 5.000e-01, -1.045e+00, 1.187e+05, 0.000e+00, 2.565e-04, 0.000e+00, 2.158e+00, 9.983e+02, 1.101e-07
2.725e+00, 5.000e-01, -1.035e+00, 1.186e+05, 0.000e+00, 2.414e-04, 0.000e+00, 2.156e+00, 9.983e+02, 1.036e-07
2.725e+00, 5.000e-01, -1.025e+00, 1.185e+05, 0.000e+00, 2.267e-04, 0.000e+00, 2.154e+00, 9.983e+02, 9.732e-08
2.725e+00, 5.000e-01, -1.015e+00, 1.185e+05, 0.000e+00, 2.125e-04, 0.000e+00, 2.152e+00, 9.983e+02, 9.123e-08
2.725e+00, 5.000e-01, -1.005e+00, 1.184e+05, 0.000e+00, 1.998e-04, 0.000e+00, 2.150e+00, 9.983e+02, 8.577e-08
2.725e+00, 5.000e-01, -9.950e-01, 1.183e+05, 0.000e+00, 1.884e-04, 0.000e+00, 2.149e+00, 9.983e+02, 8.089e-08
2.725e+00, 5.000e-01, -9.850e-01, 1.182e+05, 0.000e+00, 1.783e-04, 0.000e+00, 2.147e+00, 9.983e+02, 7.653e-08
2.725e+00, 5.000e-01, -9.750e-01, 1.181e+05, 0.000e+00, 1.691e-04, 0.000e+00, 2.145e+00, 9.983e+02, 7.260e-08
2.725e+00, 5.000e-01, -9.650e-01, 1.180e+05, 0.000e+00, 1.607e-04, 0.000e+00, 2.143e+00, 9.983e+02, 6.900e-08
2.725e+00, 5.000e-01, -9.550e-01, 1.179e+05, 0.000e+00, 1.529e-04, 0.000e+00, 2.141e+00, 9.983e+02, 6.564e-08
2.725e+00, 5.000e-01, -9.450e-01, 1.178e+05, 0.000e+00, 1.453e-04, 0.000e+00, 2.140e+00, 9.983e+02, 6.239e-08
2.725e+00, 5.000e-01, -9.350e-01, 1.177e+05, 0.000e+00, 1.378e-04, 0.000e+00, 2.138e+00, 9.983e+02, 5.913e-08
2.725e+00, 5.000e-01, -9.250e-01, 1.176e+05, 0.000e+00, 1.298e-04, 0.000e+00, 2.136e+00, 9.983e+02, 5.572e-08
2.725e+00, 5.000e-01, -9.150e-01, 1.175e+05, 0.000e+00, 1.212e-04, 0.000e+00, 2.134e+00, 9.983e+02, 5.202e-08
2.725e+00, 5.000e-01, -9.050e-01, 1.174e+05, 0.000e+00, 1.116e-04, 0.000e+00, 2.132e+00, 9.983e+02, 4.790e-08
2.725e+00, 5.000e-01, -8.950e-01, 1.173e+05, 0.000e+00, 1.008e-04, 0.000e+00, 2.131e+00, 9.983e+02, 4.325e-08
2.725e+00, 5.000e-01, -8.850e-01, 1.172e+05, 0.000e+00, 8.854e-05, 0.000e+00, 2.129e+00, 9.983e+02, 3.800e-08
2.725e+00, 5.000e-01, -8.750e-01, 1.171e+05, 0.000e+00, 7.496e-05, 0.000e+00, 2.127e+00, 9.983e+02, 3.218e-08
2.725e+00, 5.000e-01, -8.650e-01, 1.170e+05, 0.000e+00, 6.031e-05, 0.000e+00, 2.125e+00, 9.983e+02, 2.589e-08
2.725e+00, 5.000e-01, -8.550e-01, 1.169e+05, 0.000e+00, 4.522e-05, 0.000e+00, 2.124e+00, 9.983e+02, 1.941e-08
2.725e+00, 5.000e-01, -8.450e-01, 1.168e+05, 0.000e+00, 3.071e-05, 0.000e+00, 2.122e+00, 9.983e+02, 1.318e-08
2.725e+00, 5.000e-01, -8.350e-01, 1.167e+05, 0.000e+00, 1.814e-05, 0.000e+00, 2.120e+00, 9.983e+02, 7.788e-09
2.725e+00, 5.000e-01, -8.250e-01, 1.166e+05, 0.000e+00, 8.794e-06, 0.000e+00, 2.118e+00, 9.983e+02, 3.775e-09
2.725e+00, 5.000e-01, -8.150e-01, 1.165e+05, 0.000e+00, 3.680e-06, 0.000e+00, 2.116e+00, 9.983e+02, 1.588e-09
2.725e+00, 5.000e-01, -8.050e-01, 1.179e+05, 0.000e+00, 1.015e-06, 0.000e+00, 2.142e+00, 9.983e+02, 4.460e-10
2.725e+00, 5.000e-01, -7.950e-01, 1.178e+05, 0.000e+00, 4.059e-07, 0.000e+00, 2.140e+00, 9.983e+02, 1.783e-10
2.725e+00, 5.000e-01, -7.850e-01, 1.177e+05, 0.000e+00, 2.996e-07, 0.000e+00, 2.138e+00, 9.983e+02, 1.316e-10
2.725e+00, 5.000e-01, -7.750e-01, 1.176e+05, 0.000e+00, 2.912e-07, 0.000e+00, 2.136e+00, 9.983e+02, 1.279e-10
2.725e+00, 5.000e-01, -7.650e-01, 1.175e+05, 0.000e+00, 2.781e-07, 0.000e+00, 2.135e+00, 9.983e+02, 1.221e-10
2.725e+00, 5.000e-01, -7.550e-01, 1.174e+05, 0.000e+00, 2.431e-07, 0.000e+00, 2.133e+00, 9.983e+02, 1.068e-10
2.725e+00, 5.000e-01, -7.450e-01, 1.173e+05, 0.000e+00, 1.938e-07, 0.000e+00, 2.131e+00, 9.983e+02, 8.512e-11
2.725e+00, 5.000e-01, -7.350e-01, 1.172e+05, 0.000e+00, 1.419e-07, 0.000e+00, 2.129e+00, 9.983e+02, 6.231e-11
2.725e+00, 5.000e-01, -7.250e-01, 1.171e+05, 0.000e+00, 9.763e-08, 0.000e+00, 2.127e+00, 9.983e+02, 4.288e-11
2.725e+00, 5.000e-01, -7.150e-01, 1.170e+05, 0.000e+00, 7.585e-08, 0.000e+00, 2.126e+00, 9.983e+02, 3.332e-11
2.725e+00, 5.000e-01, -7.050e-01, 1.169e+05, 0.000e+00, 1.567e-07, 0.000e+00, 2.124e+00, 9.983e+02, 6.884e-11
2.725e+00, 5.000e-01, -6.950e-01, 1.168e+05, 0.000e+00, 8.935e-07, 0.000e+00, 2.122e+00, 9.983e+02, 3.925e-10
2.725e+00, 5.000e-01, -6.850e-01, 1.167e+05, 0.000e+00, 5.902e-06, 0.000e+00, 2.120e+00, 9.983e+02, 2.592e-09
2.725e+00, 5.000e-01, -6.750e-01, 1.166e+05, 0.000e+00, 3.776e-05, 0.000e+00, 2.119e+00, 9.983e+02, 1.677e-08
2.725e+00, 5.000e-01, -6.650e-01, 1.150e+05, 0.000e+00, 1.576e-04, 0.000e+00, 2.090e+00, 9.983e+02, 7.080e-08
2.725e+00, 5.000e-01, -6.550e-01, 1.149e+05, 0.000e+00, 2.221e-04, 0.000e+00, 2.088e+00, 9.983e+02, 9.977e-08
2.725e+00, 5.000e-01, -6.450e-01, 1.148e+05, 0.000e+00, 2.393e-04, 0.000e+00, 2.086e+00, 9.983e+02, 1.075e-07
2.725e+00, 5.000e-01, -6.350e-01, 1.147e+05, 0.000e+00, 2.258e-04, 0.000e+00, 2.084e+00, 9.983e+02, 1.015e-07
2.725e+00, 5.000e-01, -6.250e-01, 1.146e+05, 0.000e+00, 1.972e-04, 0.000e+00, 2.083e+00, 9.983e+02, 8.858e-08
2.725e+00, 5.000e-01, -6.150e-01, 1.145e+05, 0.000e+00, 1.638e-04, 0.000e+00, 2.081e+00, 9.983e+02, 7.356e-08
2.725e+00, 5.000e-01, -6.050e-01, 1.144e+05, 0.000e+00, 1.313e-04, 0.000e+00, 2.079e+00, 9.983e+02, 5.897e-08
2.725e+00, 5.000e-01, -5.950e-01, 1.144e+05, 0.000e+00, 1.024e-04, 0.000e+00, 2.077e+00, 9.983e+02, 4.600e-08
2.725e+00, 5.000e-01, -5.850e-01, 1.143e+05, 0.000e+00, 7.812e-05, 0.000e+00, 2.075e+00, 9.983e+02, 3.509e-08
2.725e+00, 5.000e-01, -5.750e-01, 1.142e+05, 0.000e+00, 5.860e-05, 0.000e+00, 2.074e+00, 9.983e+02, 2.632e-08
2.725e+00, 5.000e-01, -5.650e-01, 1.141e+05, 0.000e+00, 4.333e-05, 0.000e+00, 2.072e+00, 9.983e+02, 1.930e-08
2.725e+00, 5.000e-01, -5.550e-01, 1.139e+05, 0.000e+00, 3.229e-05, 0.000e+00, 2.070e+00, 9.983e+02, 1.386e-08
2.725e+00, 5.000e-01, -5.450e-01, 1.138e+05, 0.000e+00, 2.272e-05, 0.000e+00, 2.068e+00, 9.983e+02, 9.752e-09
2.725e+00, 5.000e-01, -5.350e-01, 1.137e+05, 0.000e+00, 1.549e-05, 0.000e+00, 2.066e+00, 9.983e+02, 6.650e-09
2.725e+00, 5.000e-01, -5.250e-01, 1.137e+05, 0.000e+00, 1.050e-05, 0.000e+00, 2.064e+00, 9.983e+02, 4.508e-09
2.725e+00, 5.000e-01, -5.150e-01, 1.136e+05, 0.000e+00, 7.244e-06, 0.000e+00, 2.063e+00, 9.983e+02, 3.214e-09
2.725e+00, 5.000e-01, -5.050e-01, 1.135e+05, 0.000e+00, 4.984e-06, 0.000e+00, 2.061e+00, 9.983e+02, 2.239e-09
2.725e+00, 5.000e-01, -4.950e-01, 1.134e+05, 0.000e+00, 3.312e-06, 0.000e+00, 2.059e+00, 9.983e+02, 1.452e-09
2.725e+00, 5.000e-01, -4.850e-01, 1.133e+05, 0.000e+00, 2.111e-06, 0.000e+00, 2.057e+00, 9.983e+02, 9.062e-10
2.725e+00, 5.000e-01, -4.750e-01, 1.132e+05, 0.000e+00, 1.343e-06, 0.000e+00, 2.056e+00, 9.983e+02, 5.764e-10
2.725e+00, 5.000e-01, -4.650e-01, 1.131e+05, 0.000e+00, 8.598e-07, 0.000e+00, 2.054e+00, 9.983e+02, 3.691e-10
2.725e+00, 5.000e-01, -4.550e-01, 1.130e+05, 0.000e+00, 5.615e-07, 0.000e+00, 2.052e+00, 9.983e+02, 2.410e-10
2.725e+00, 5.000e-01, -4.450e-01, 1.129e+05, 0.000e+00, 4.115e-07, 0.000e+00, 2.050e+00, 9.983e+02, 1.813e-10
2.725e+00, 5.000e-01, -4.350e-01, 1.128e+05, 0.000e+00, 3.209e-07, 0.000e+00, 2.049e+00, 9.983e+02, 1.441e-10
2.725e+00, 5.000e-01, -4.250e-01, 1.127e+05, 0.000e+00, 2.516e-07, 0.000e+00, 2.047e+00, 9.983e+02, 1.130e-10
2.725e+00, 5.000e-01, -4.150e-01, 1.126e+05, 0.000e+00, 1.933e-07, 0.000e+00, 2.045e+00, 9.983e+02, 8.685e-11
2.725e+00, 5.000e-01, -4.050e-01, 1.125e+05, 0.000e+00, 1.428e-07, 0.000e+00, 2.043e+00, 9.983e+02, 6.414e-11
2.725e+00, 5.000e-01, -3.950e-01, 1.124e+05, 0.000e+00, 1.001e-07, 0.000e+00, 2.041e+00, 9.983e+02, 4.498e-11
2.725e+00, 5.000e-01, -3.850e-01, 1.123e+05, 0.000e+00, 6.628e-08, 0.000e+00, 2.040e+00, 9.983e+02, 2.977e-11
2.725e+00, 5.000e-01, -3.750e-01, 1.122e+05, 0.000e+00, 4.138e-08, 0.000e+00, 2.038e+00, 9.983e+02, 1.859e-11
2.725e+00, 5.000e-01, -3.650e-01, 1.121e+05, 0.000e+00, 2.450e-08, 0.000e+00, 2.036e+00, 9.983e+02, 1.101e-11
2.725e+00, 5.000e-01, -3.550e-01, 1.120e+05, 0.000e+00, 1.409e-08, 0.000e+00, 2.034e+00, 9.983e+02, 6.330e-12
2.725e+00, 5.000e-01, -3.450e-01, 1.119e+05, 0.000e+00, 9.151e-09, 0.000e+00, 2.033e+00, 9.983e+02, 4.079e-12
2.725e+00, 5.000e-01, -3.350e-01, 1.119e+05, 0.000e+00, 7.768e-09, 0.000e+00, 2.032e+00, 9.983e+02, 3.412e-12
2.725e+00, 5.000e-01, -3.250e-01, 1.118e+05, 0.000e+00, 9.342e-09, 0.000e+00, 2.030e+00, 9.983e+02, 4.103e-12
2.725e+00, 5.000e-01, -3.150e-01, 1.117e+05, 0.000e+00, 1.559e-08, 0.000e+00, 2.029e+00, 9.983e+02, 6.847e-12
2.725e+00, 5.000e-01, -3.050e-01, 1.116e+05, 0.000e+00, 3.558e-08, 0.000e+00, 2.027e+00, 9.983e+02, 1.563e-11
2.725e+00, 5.000e-01, -2.950e-01, 1.115e+05, 0.000e+00, 1.052e-07, 0.000e+00, 2.025e+00, 9.983e+02, 4.619e-11
2.725e+00, 5.000e-01, -2.850e-01, 1.114e+05, 0.000e+00, 3.457e-07, 0.000e+00, 2.023e+00, 9.983e+02, 1.519e-10
2.725e+00, 5.000e-01, -2.750e-01, 1.113e+05, 0.000e+00, 1.115e-06, 0.000e+00, 2.021e+00, 9.983e+02, 4.896e-10
2.725e+00, 5.000e-01, -2.650e-01, 1.112e+05, 0.000e+00, 3.306e-06, 0.000e+00, 2.020e+00, 9.983e+02, 1.452e-09
2.725e+00, 5.000e-01, -2.550e-01, 1.111e+05, 0.000e+00, 8.762e-06, 0.000e+00, 2.018e+00, 9.983e+02, 3.842e-09
2.725e+00, 5.000e-01, -2.450e-01, 1.112e+05, 0.000e+00, 2.069e-05, 0.000e+00, 2.020e+00, 9.983e+02, 8.883e-09
2.725e+00, 5.000e-01, -2.350e-01, 1.111e+05, 0.000e+00, 4.119e-05, 0.000e+00, 2.018e+00, 9.983e+02, 1.768e-08
2.725e+00, 5.000e-01, -2.250e-01, 1.110e+05, 0.000e+00, 6.965e-05, 0.000e+00, 2.016e+00, 9.983e+02, 2.990e-08
2.725e+00, 5.000e-01, -2.150e-01, 1.109e+05, 0.000e+00, 1.012e-04, 0.000e+00, 2.014e+00, 9.983e+02, 4.345e-08
2.725e+00, 5.000e-01, -2.050e-01, 1.108e+05, 0.000e+00, 1.277e-04, 0.000e+00, 2.012e+00, 9.983e+02, 5.481e-08
2.725e+00, 5.000e-01, -1.950e-01, 1.107e+05, 0.000e+00, 1.446e-04, 0.000e+00, 2.011e+00, 9.983e+02, 6.206e-08
2.725e+00, 5.000e-01, -1.850e-01, 1.106e+05, 0.000e+00, 1.587e-04, 0.000e+00, 2.009e+00, 9.983e+02, 6.811e-08
2.725e+00, 5.000e-01, -1.750e-01, 1.117e+05, 0.000e+00, 1.774e-04, 0.000e+00, 2.029e+00, 9.983e+02, 7.773e-08
2.725e+00, 5.000e-01, -1.650e-01, 1.116e+05, 0.000e+00, 1.691e-04, 0.000e+00, 2.027e+00, 9.983e+02, 7.428e-08
2.725e+00, 5.000e-01, -1.550e-01, 1.115e+05, 0.000e+00, 1.391e-04, 0.000e+00, 2.025e+00, 9.983e+02, 6.111e-08
2.725e+00, 5.000e-01, -1.450e-01, 1.114e+05, 0.000e+00, 1.003e-04, 0.000e+00, 2.024e+00, 9.983e+02, 4.404e-08
2.725e+00, 5.000e-01, -1.350e-01, 1.113e+05, 0.000e+00, 6.404e-05, 0.000e+00, 2.022e+00, 9.983e+02, 2.813e-08
2.725e+00, 5.000e-01, -1.250e-01, 1.112e+05, 0.000e+00, 3.667e-05, 0.000e+00, 2.020e+00, 9.983e+02, 1.611e-08
2.725e+00, 5.000e-01, -1.150e-01, 1.111e+05, 0.000e+00, 1.902e-05, 0.000e+00, 2.018e+00, 9.983e+02, 8.352e-09
2.725e+00, 5.000e-01, -1.050e-01, 1.110e+05, 0.000e+00, 9.024e-06, 0.000e+00, 2.017e+00, 9.983e+02, 3.963e-09
2.725e+00, 5.000e-01, -9.500e-02, 1.109e+05, 0.000e+00, 3.956e-06, 0.000e+00, 2.015e+00, 9.983e+02, 1.738e-09
2.725e+00, 5.000e-01, -8.500e-02, 1.108e+05, 0.000e+00, 1.617e-06, 0.000e+00, 2.013e+00, 9.983e+02, 7.103e-10
2.725e+00, 5.000e-01, -7.500e-02, 1.107e+05, 0.000e+00, 6.217e-07, 0.000e+00, 2.011e+00, 9.983e+02, 2.731e-10
2.725e+00, 5.000e-01, -6.500e-02, 1.106e+05, 0.000e+00, 2.264e-07, 0.000e+00, 2.009e+00, 9.983e+02, 9.945e-11
2.725e+00, 5.000e-01, -5.500e-02, 1.105e+05, 0.000e+00, 7.863e-08, 0.000e+00, 2.008e+00, 9.983e+02, 3.454e-11
2.725e+00, 5.000e-01, -4.500e-02, 1.104e+05, 0.000e+00, 2.617e-08, 0.000e+00, 2.006e+00, 9.983e+02, 1.150e-11
2.725e+00, 5.000e-01, -3.500e-02, 1.103e+05, 0.000e+00, 8.384e-09, 0.000e+00, 2.004e+00, 9.983e+02, 3.682e-12
2.725e+00, 5.000e-01, -2.500e-02, 1.102e+05, 0.000e+00, 2.594e-09, 0.000e+00, 2.002e+00, 9.983e+02, 1.139e-12
2.725e+00, 5.000e-01, -1.500e-02, 1.101e+05, 0.000e+00, 7.861e-10, 0.000e+00, 2.000e+00, 9.983e+02, 3.453e-13
2.725e+00, 5.000e-01, -5.000e-03, 1.100e+05, 0.000e+00, 2.740e-10, 0.000e+00, 1.999e+00, 9.983e+02, 1.203e-13
2.735e+00, 5.000e-01, -1.195e+00, 1.202e+05, 0.000e+00, 3.233e-04, 0.000e+00, 2.184e+00, 9.983e+02, 1.388e-07
2.735e+00, 5.000e-01, -1.185e+00, 1.201e+05, 0.000e+00, 3.386e-04, 0.000e+00, 2.183e+00, 9.983e+02, 1.454e-07
2.735e+00, 5.000e-01, -1.175e+00, 1.200e+05, 0.000e+00, 3.519e-04, 0.000e+00, 2.181e+00, 9.983e+02, 1.511e-07
2.735e+00, 5.000e-01, -1.165e+00, 1.199e+05, 0.000e+00, 3.602e-04, 0.000e+00, 2.179e+00, 9.983e+02, 1.546e-07
2.735e+00, 5.000e-01, -1.155e+00, 1.198e+05, 0.000e+00, 3.634e-04, 0.000e+00, 2.177e+00, 9.983e+02, 1.560e-07
2.735e+00, 5.000e-01, -1.145e+00, 1.197e+05, 0.000e+00, 3.623e-04, 0.000e+00, 2.175e+00, 9.983e+02, 1.555e-07
2.735e+00, 5.000e-01, -1.135e+00, 1.196e+05, 0.000e+00, 3.578e-04, 0.000e+00, 2.174e+00, 9.983e+02, 1.536e-07
2.735e+00, 5.000e-01, -1.125e+00, 1.195e+05, 0.000e+00, 3.506e-04, 0.000e+00, 2.172e+00, 9.983e+02, 1.505e-07
2.735e+00, 5.000e-01, -1.115e+00, 1.194e+05, 0.000e+00, 3.407e-04, 0.000e+00, 2.170e+00, 9.983e+02, 1.462e-07
2.735e+00, 5.000e-01, -1.105e+00, 1.193e+05, 0.000e+00, 3.292e-04, 0.000e+00, 2.168e+00, 9.983e+02, 1.413e-07
2.735e+00, 5.000e-01, -1.095e+00, 1.192e+05, 0.000e+00, 3.166e-04, 0.000e+00, 2.167e+00, 9.983e+02, 1.359e-07
2.735e+00, 5.000e-01, -1.085e+00, 1.191e+05, 0.000e+00, 3.029e-04, 0.000e+00, 2.165e+00, 9.983e+02, 1.300e-07
2.735e+00, 5.000e-01, -1.075e+00, 1.190e+05, 0.000e+00, 2.887e-04, 0.000e+00, 2.163e+00, 9.983e+02, 1.239e-07
2.735e+00, 5.000e-01, -1.065e+00, 1.189e+05, 0.000e+00, 2.739e-04, 0.000e+00, 2.161e+00, 9.983e+02, 1.176e-07
2.735e+00, 5.000e-01, -1.055e+00, 1.188e+05, 0.000e+00, 2.590e-04, 0.000e+00, 2.159e+00, 9.983e+02, 1.112e-07
2.735e+00, 5.000e-01, -1.045e+00, 1.187e+05, 0.000e+00, 2.442e-04, 0.000e+00, 2.158e+00, 9.983e+02, 1.048e-07
2.735e+00, 5.000e-01, -1.035e+00, 1.186e+05, 0.000e+00, 2.297e-04, 0.000e+00, 2.156e+00, 9.983e+02, 9.860e-08
2.735e+00, 5.000e-01, -1.025e+00, 1.185e+05, 0.000e+00, 2.156e-04, 0.000e+00, 2.154e+00, 9.983e+02, 9.253e-08
2.735e+00, 5.000e-01, -1.015e+00, 1.185e+05, 0.000e+00, 2.027e-04, 0.000e+00, 2.152e+00, 9.983e+02, 8.702e-08
2.735e+00, 5.000e-01, -1.005e+00, 1.184e+05, 0.000e+00, 1.912e-04, 0.000e+00, 2.150e+00, 9.983e+02, 8.209e-08
2.735e+00, 5.000e-01, -9.950e-01, 1.183e+05, 0.000e+00, 1.809e-04, 0.000e+00, 2.149e+00, 9.983e+02, 7.767e-08
2.735e+00, 5.000e-01, -9.850e-01, 1.182e+05, 0.000e+00, 1.716e-04, 0.000e+00, 2.147e+00, 9.983e+02, 7.368e-08
2.735e+00, 5.000e-01, -9.750e-01, 1.181e+05, 0.000e+00, 1.632e-04, 0.000e+00, 2.145e+00, 9.983e+02, 7.006e-08
2.735e+00, 5.000e-01, -9.650e-01, 1.180e+05, 0.000e+00, 1.554e-04, 0.000e+00, 2.143e+00, 9.983e+02, 6.673e-08
2.735e+00, 5.000e-01, -9.550e-01, 1.179e+05, 0.000e+00, 1.481e-04, 0.000e+00, 2.141e+00, 9.983e+02, 6.359e-08
2.735e+00, 5.000e-01, -9.450e-01, 1.178e+05, 0.000e+00, 1.410e-04, 0.000e+00, 2.140e+00, 9.983e+02, 6.054e-08
2.735e+00, 5.000e-01, -9.350e-01, 1.177e+05, 0.000e+00, 1.339e-04, 0.000e+00, 2.138e+00, 9.983e+02, 5.747e-08
2.735e+00, 5.000e-01, -9.250e-01, 1.176e+05, 0.000e+00, 1.264e-04, 0.000e+00, 2.136e+00, 9.983e+02, 5.425e-08
2.735e+00, 5.000e-01, -9.150e-01, 1.175e+05, 0.000e+00, 1.182e-04, 0.000e+00, 2.134e+00, 9.983e+02, 5.073e-08
2.735e+00, 5.000e-01, -9.050e-01, 1.174e+05, 0.000e+00, 1.090e-04, 0.000e+00, 2.132e+00, 9.983e+02, 4.679e-08
2.735e+00, 5.000e-01, -8.950e-01, 1.173e+05, 0.000e+00, 9.855e-05, 0.000e+00, 2.131e+00, 9.983e+02, 4.230e-08
2.735e+00, 5.000e-01, -8.850e-01, 1.172e+05, 0.000e+00, 8.669e-05, 0.000e+00, 2.129e+00, 9.983e+02, 3.721e-08
2.735e+00, 5.000e-01, -8.750e-01, 1.171e+05, 0.000e+00, 7.339e-05, 0.000e+00, 2.127e+00, 9.983e+02, 3.150e-08
2.735e+00, 5.000e-01, -8.650e-01, 1.170e+05, 0.000e+00, 5.893e-05, 0.000e+00, 2.125e+00, 9.983e+02, 2.530e-08
2.735e+00, 5.000e-01, -8.550e-01, 1.169e+05, 0.000e+00, 4.394e-05, 0.000e+00, 2.124e+00, 9.983e+02, 1.886e-08
2.735e+00, 5.000e-01, -8.450e-01, 1.168e+05, 0.000e+00, 2.951e-05, 0.000e+00, 2.122e+00, 9.983e+02, 1.267e-08
2.735e+00, 5.000e-01, -8.350e-01, 1.167e+05, 0.000e+00, 1.703e-05, 0.000e+00, 2.120e+00, 9.983e+02, 7.310e-09
2.735e+00, 5.000e-01, -8.250e-01, 1.166e+05, 0.000e+00, 7.856e-06, 0.000e+00, 2.118e+00, 9.983e+02, 3.372e-09
2.735e+00, 5.000e-01, -8.150e-01, 1.165e+05, 0.000e+00, 2.916e-06, 0.000e+00, 2.116e+00, 9.983e+02, 1.261e-09
2.735e+00, 5.000e-01, -8.050e-01, 1.179e+05, 0.000e+00, 7.594e-07, 0.000e+00, 2.142e+00, 9.983e+02, 3.336e-10
2.735e+00, 5.000e-01, -7.950e-01, 1.178e+05, 0.000e+00, 2.437e-07, 0.000e+00, 2.140e+00, 9.983e+02, 1.071e-10
2.735e+00, 5.000e-01, -7.850e-01, 1.177e+05, 0.000e+00, 1.361e-07, 0.000e+00, 2.138e+00, 9.983e+02, 5.980e-11
2.735e+00, 5.000e-01, -7.750e-01, 1.176e+05, 0.000e+00, 1.177e-07, 0.000e+00, 2.136e+00, 9.983e+02, 5.168e-11
2.735e+00, 5.000e-01, -7.650e-01, 1.175e+05, 0.000e+00, 1.089e-07, 0.000e+00, 2.135e+00, 9.983e+02, 4.785e-11
2.735e+00, 5.000e-01, -7.550e-01, 1.174e+05, 0.000e+00, 9.446e-08, 0.000e+00, 2.133e+00, 9.983e+02, 4.149e-11
2.735e+00, 5.000e-01, -7.450e-01, 1.173e+05, 0.000e+00, 7.506e-08, 0.000e+00, 2.131e+00, 9.983e+02, 3.297e-11
2.735e+00, 5.000e-01, -7.350e-01, 1.172e+05, 0.000e+00, 5.490e-08, 0.000e+00, 2.129e+00, 9.983e+02, 2.412e-11
2.735e+00, 5.000e-01, -7.250e-01, 1.171e+05, 0.000e+00, 3.793e-08, 0.000e+00, 2.127e+00, 9.983e+02, 1.666e-11
2.735e+00, 5.000e-01, -7.150e-01, 1.170e+05, 0.000e+00, 3.118e-08, 0.000e+00, 2.126e+00, 9.983e+02, 1.370e-11
2.735e+00, 5.000e-01, -7.050e-01, 1.169e+05, 0.000e+00, 7.997e-08, 0.000e+00, 2.124e+00, 9.983e+02, 3.512e-11
2.735e+00, 5.000e-01, -6.950e-01, 1.168e+05, 0.000e+00, 5.355e-07, 0.000e+00, 2.122e+00, 9.983e+02, 2.352e-10
2.735e+00, 5.000e-01, -6.850e-01, 1.167e+05, 0.000e+00, 4.007e-06, 0.000e+00, 2.120e+00, 9.983e+02, 1.760e-09
2.735e+00, 5.000e-01, -6.750e-01, 1.151e+05, 0.000e+00, 2.892e-05, 0.000e+00, 2.092e+00, 9.983e+02, 1.287e-08
2.735e+00, 5.000e-01, -6.650e-01, 1.150e+05, 0.000e+00, 1.326e-04, 0.000e+00, 2.090e+00, 9.983e+02, 5.959e-08
2.735e+00, 5.000e-01, -6.550e-01, 1.149e+05, 0.000e+00, 1.850e-04, 0.000e+00, 2.088e+00, 9.983e+02, 8.310e-08
2.735e+00, 5.000e-01, -6.450e-01, 1.148e+05, 0.000e+00, 1.948e-04, 0.000e+00, 2.086e+00, 9.983e+02, 8.751e-08
2.735e+00, 5.000e-01, -6.350e-01, 1.147e+05, 0.000e+00, 1.797e-04, 0.000e+00, 2.084e+00, 9.983e+02, 8.072e-08
2.735e+00, 5.000e-01, -6.250e-01, 1.146e+05, 0.000e+00, 1.532e-04, 0.000e+00, 2.083e+00, 9.983e+02, 6.880e-08
2.735e+00, 5.000e-01, -6.150e-01, 1.145e+05, 0.000e+00, 1.238e-04, 0.000e+00, 2.081e+00, 9.983e+02, 5.563e-08
2.735e+00, 5.000e-01, -6.050e-01, 1.144e+05, 0.000e+00, 9.629e-05, 0.000e+00, 2.079e+00, 9.983e+02, 4.326e-08
2.735e+00, 5.000e-01, -5.950e-01, 1.144e+05, 0.000e+00, 7.258e-05, 0.000e+00, 2.077e+00, 9.983e+02, 3.260e-08
2.735e+00, 5.000e-01, -5.850e-01, 1.143e+05, 0.000e+00, 5.335e-05, 0.000e+00, 2.075e+00, 9.983e+02, 2.397e-08
2.735e+00, 5.000e-01, -5.750e-01, 1.142e+05, 0.000e+00, 3.848e-05, 0.000e+00, 2.074e+00, 9.983e+02, 1.728e-08
2.735e+00, 5.000e-01, -5.650e-01, 1.141e+05, 0.000e+00, 2.724e-05, 0.000e+00, 2.072e+00, 9.983e+02, 1.206e-08
2.735e+00, 5.000e-01, -5.550e-01, 1.139e+05, 0.000e+00, 1.863e-05, 0.000e+00, 2.070e+00, 9.983e+02, 7.996e-09
2.735e+00, 5.000e-01, -5.450e-01, 1.138e+05, 0.000e+00, 1.227e-05, 0.000e+00, 2.068e+00, 9.983e+02, 5.268e-09
2.735e+00, 5.000e-01, -5.350e-01, 1.137e+05, 0.000e+00, 7.954e-06, 0.000e+00, 2.066e+00, 9.983e+02, 3.414e-09
2.735e+00, 5.000e-01, -5.250e-01, 1.137e+05, 0.000e+00, 5.233e-06, 0.000e+00, 2.064e+00, 9.983e+02, 2.252e-09
2.735e+00, 5.000e-01, -5.150e-01, 1.136e+05, 0.000e+00, 3.403e-06, 0.000e+00, 2.063e+00, 9.983e+02, 1.527e-09
2.735e+00, 5.000e-01, -5.050e-01, 1.135e+05, 0.000e+00, 2.185e-06, 0.000e+00, 2.061e+00, 9.983e+02, 9.816e-10
2.735e+00, 5.000e-01, -4.950e-01, 1.134e+05, 0.000e+00, 1.369e-06, 0.000e+00, 2.059e+00, 9.983e+02, 5.946e-10
2.735e+00, 5.000e-01, -4.850e-01, 1.133e+05, 0.000e+00, 8.406e-07, 0.000e+00, 2.057e+00, 9.983e+02, 3.608e-10
2.735e+00, 5.000e-01, -4.750e-01, 1.132e+05, 0.000e+00, 5.183e-07, 0.000e+00, 2.056e+00, 9.983e+02, 2.225e-10
2.735e+00, 5.000e-01, -4.650e-01, 1.131e+05, 0.000e+00, 3.245e-07, 0.000e+00, 2.054e+00, 9.983e+02, 1.393e-10
2.735e+00, 5.000e-01, -4.550e-01, 1.130e+05, 0.000e+00, 2.126e-07, 0.000e+00, 2.052e+00, 9.983e+02, 9.126e-11
2.735e+00, 5.000e-01, -4.450e-01, 1.129e+05, 0.000e+00, 1.564e-07, 0.000e+00, 2.050e+00, 9.983e+02, 6.972e-11
2.735e+00, 5.000e-01, -4.350e-01, 1.128e+05, 0.000e+00, 1.211e-07, 0.000e+00, 2.049e+00, 9.983e+02, 5.438e-11
2.735e+00, 5.000e-01, -4.250e-01, 1.127e+05, 0.000e+00, 9.403e-08, 0.000e+00, 2.047e+00, 9.983e+02, 4.224e-11
2.735e+00, 5.000e-01, -4.150e-01, 1.126e+05, 0.000e+00, 7.121e-08, 0.000e+00, 2.045e+00, 9.983e+02, 3.199e-11
2.735e+00, 5.000e-01, -4.050e-01, 1.125e+05, 0.000e+00, 5.157e-08, 0.000e+00, 2.043e+00, 9.983e+02, 2.317e-11
2.735e+00, 5.000e-01, -3.950e-01, 1.124e+05, 0.000e+00, 3.532e-08, 0.000e+00, 2.041e+00, 9.983e+02, 1.587e-11
2.735e+00, 5.000e-01, -3.850e-01, 1.123e+05, 0.000e+00, 2.277e-08, 0.000e+00, 2.040e+00, 9.983e+02, 1.023e-11
2.735e+00, 5.000e-01, -3.750e-01, 1.122e+05, 0.000e+00, 1.381e-08, 0.000e+00, 2.038e+00, 9.983e+02, 6.203e-12
2.735e+00, 5.000e-01, -3.650e-01, 1.121e+05, 0.000e+00, 7.936e-09, 0.000e+00, 2.036e+00, 9.983e+02, 3.565e-12
2.735e+00, 5.000e-01, -3.550e-01, 1.120e+05, 0.000e+00, 4.464e-09, 0.000e+00, 2.034e+00, 9.983e+02, 2.005e-12
2.735e+00, 5.000e-01, -3.450e-01, 1.120e+05, 0.000e+00, 2.954e-09, 0.000e+00, 2.034e+00, 9.983e+02, 1.309e-12
2.735e+00, 5.000e-01, -3.350e-01, 1.119e+05, 0.000e+00, 2.708e-09, 0.000e+00, 2.032e+00, 9.983e+02, 1.190e-12
2.735e+00, 5.000e-01, -3.250e-01, 1.118e+05, 0.000e+00, 3.937e-09, 0.000e+00, 2.030e+00, 9.983e+02, 1.729e-12
2.735e+00, 5.000e-01, -3.150e-01, 1.117e+05, 0.000e+00, 8.844e-09, 0.000e+00, 2.029e+00, 9.983e+02, 3.884e-12
2.735e+00, 5.000e-01, -3.050e-01, 1.116e+05, 0.000e+00, 2.717e-08, 0.000e+00, 2.027e+00, 9.983e+02, 1.194e-11
2.735e+00, 5.000e-01, -2.950e-01, 1.115e+05, 0.000e+00, 9.589e-08, 0.000e+00, 2.025e+00, 9.983e+02, 4.212e-11
2.735e+00, 5.000e-01, -2.850e-01, 1.114e+05, 0.000e+00, 3.393e-07, 0.000e+00, 2.023e+00, 9.983e+02, 1.490e-10
2.735e+00, 5.000e-01, -2.750e-01, 1.113e+05, 0.000e+00, 1.125e-06, 0.000e+00, 2.021e+00, 9.983e+02, 4.941e-10
2.735e+00, 5.000e-01, -2.650e-01, 1.112e+05, 0.000e+00, 3.387e-06, 0.000e+00, 2.020e+00, 9.983e+02, 1.488e-09
2.735e+00, 5.000e-01, -2.550e-01, 1.111e+05, 0.000e+00, 9.124e-06, 0.000e+00, 2.018e+00, 9.983e+02, 3.981e-09
2.735e+00, 5.000e-01, -2.450e-01, 1.112e+05, 0.000e+00, 2.158e-05, 0.000e+00, 2.020e+00, 9.983e+02, 9.263e-09
2.735e+00, 5.000e-01, -2.350e-01, 1.111e+05, 0.000e+00, 4.200e-05, 0.000e+00, 2.018e+00, 9.983e+02, 1.803e-08
2.735e+00, 5.000e-01, -2.250e-01, 1.110e+05, 0.000e+00, 6.880e-05, 0.000e+00, 2.016e+00, 9.983e+02, 2.953e-08
2.735e+00, 5.000e-01, -2.150e-01, 1.109e+05, 0.000e+00, 9.582e-05, 0.000e+00, 2.014e+00, 9.983e+02, 4.113e-08
2.735e+00, 5.000e-01, -2.050e-01, 1.108e+05, 0.000e+00, 1.155e-04, 0.000e+00, 2.012e+00, 9.983e+02, 4.958e-08
2.735e+00, 5.000e-01, -1.950e-01, 1.107e+05, 0.000e+00, 1.267e-04, 0.000e+00, 2.011e+00, 9.983e+02, 5.437e-08
2.735e+00, 5.000e-01, -1.850e-01, 1.106e+05, 0.000e+00, 1.396e-04, 0.000e+00, 2.009e+00, 9.983e+02, 5.998e-08
2.735e+00, 5.000e-01, -1.750e-01, 1.117e+05, 0.000e+00, 1.549e-04, 0.000e+00, 2.029e+00, 9.983e+02, 6.803e-08
2.735e+00, 5.000e-01, -1.650e-01, 1.116e+05, 0.000e+00, 1.469e-04, 0.000e+00, 2.027e+00, 9.983e+02, 6.453e-08
2.735e+00, 5.000e-01, -1.550e-01, 1.115e+05, 0.000e+00, 1.210e-04, 0.000e+00, 2.025e+00, 9.983e+02, 5.316e-08
2.735e+00, 5.000e-01, -1.450e-01, 1.114e+05, 0.000e+00, 8.752e-05, 0.000e+00, 2.024e+00, 9.983e+02, 3.844e-08
2.735e+00, 5.000e-01, -1.350e-01, 1.113e+05, 0.000e+00, 5.609e-05, 0.000e+00, 2.022e+00, 9.983e+02, 2.464e-08
2.735e+00, 5.000e-01, -1.250e-01, 1.112e+05, 0.000e+00, 3.215e-05, 0.000e+00, 2.020e+00, 9.983e+02, 1.412e-08
2.735e+00, 5.000e-01, -1.150e-01, 1.111e+05, 0.000e+00, 1.664e-05, 0.000e+00, 2.018e+00, 9.983e+02, 7.308e-09
2.735e+00, 5.000e-01, -1.050e-01, 1.110e+05, 0.000e+00, 7.846e-06, 0.000e+00, 2.017e+00, 9.983e+02, 3.446e-09
2.735e+00, 5.000e-01, -9.500e-02, 1.109e+05, 0.000e+00, 3.403e-06, 0.000e+00, 2.015e+00, 9.983e+02, 1.495e-09
2.735e+00, 5.000e-01, -8.500e-02, 1.108e+05, 0.000e+00, 1.369e-06, 0.000e+00, 2.013e+00, 9.983e+02, 6.013e-10
2.735e+00, 5.000e-01, -7.500e-02, 1.107e+05, 0.000e+00, 5.154e-07, 0.000e+00, 2.011e+00, 9.983e+02, 2.264e-10
2.735e+00, 5.000e-01, -6.500e-02, 1.106e+05, 0.000e+00, 1.831e-07, 0.000e+00, 2.009e+00, 9.983e+02, 8.042e-11
2.735e+00, 5.000e-01, -5.500e-02, 1.105e+05, 0.000e+00, 6.179e-08, 0.000e+00, 2.008e+00, 9.983e+02, 2.714e-11
2.735e+00, 5.000e-01, -4.500e-02, 1.104e+05, 0.000e+00, 1.995e-08, 0.000e+00, 2.006e+00, 9.983e+02, 8.761e-12
2.735e+00, 5.000e-01, -3.500e-02, 1.103e+05, 0.000e+00, 6.190e-09, 0.000e+00, 2.004e+00, 9.983e+02, 2.719e-12
2.735e+00, 5.000e-01, -2.500e-02, 1.102e+05, 0.000e+00, 1.856e-09, 0.000e+00, 2.002e+00, 9.983e+02, 8.154e-13
2.735e+00, 5.000e-01, -1.500e-02, 1.101e+05, 0.000e+00, 5.458e-10, 0.000e+00, 2.000e+00, 9.983e+02, 2.397e-13
2.735e+00, 5.000e-01, -5.000e-03, 1.100e+05, 0.000e+00, 1.845e-10, 0.000e+00, 1.999e+00, 9.983e+02, 8.104e-14
2.745e+00, 5.000e-01, -1.195e+00, 1.202e+05, 0.000e+00, 3.182e-04, 0.000e+00, 2.184e+00, 9.983e+02, 1.366e-07
2.745e+00, 5.000e-01, -1.185e+00, 1.201e+05, 0.000e+00, 3.330e-04, 0.000e+00, 2.183e+00, 9.983e+02, 1.430e-07
2.745e+00, 5.000e-01, -1.175e+00, 1.200e+05, 0.000e+00, 3.456e-04, 0.000e+00, 2.181e+00, 9.983e+02, 1.484e-07
2.745e+00, 5.000e-01, -1.165e+00, 1.199e+05, 0.000e+00, 3.530e-04, 0.000e+00, 2.179e+00, 9.983e+02, 1.515e-07
2.745e+00, 5.000e-01, -1.155e+00, 1.198e+05, 0.000e+00, 3.554e-04, 0.000e+00, 2.177e+00, 9.983e+02, 1.526e-07
2.745e+00, 5.000e-01, -1.145e+00, 1.197e+05, 0.000e+00, 3.536e-04, 0.000e+00, 2.175e+00, 9.983e+02, 1.518e-07
2.745e+00, 5.000e-01, -1.135e+00, 1.196e+05, 0.000e+00, 3.479e-04, 0.000e+00, 2.174e+00, 9.983e+02, 1.493e-07
2.745e+00, 5.000e-01, -1.125e+00, 1.195e+05, 0.000e+00, 3.394e-04, 0.000e+00, 2.172e+00, 9.983e+02, 1.457e-07
2.745e+00, 5.000e-01, -1.115e+00, 1.194e+05, 0.000e+00, 3.287e-04, 0.000e+00, 2.170e+00, 9.983e+02, 1.411e-07
2.745e+00, 5.000e-01, -1.105e+00, 1.193e+05, 0.000e+00, 3.165e-04, 0.000e+00, 2.168e+00, 9.983e+02, 1.359e-07
2.745e+00, 5.000e-01, -1.095e+00, 1.192e+05, 0.000e+00, 3.032e-04, 0.000e+00, 2.167e+00, 9.983e+02, 1.302e-07
2.745e+00, 5.000e-01, -1.085e+00, 1.191e+05, 0.000e+00, 2.893e-04, 0.000e+00, 2.165e+00, 9.983e+02, 1.242e-07
2.745e+00, 5.000e-01, -1.075e+00, 1.190e+05, 0.000e+00, 2.750e-04, 0.000e+00, 2.163e+00, 9.983e+02, 1.180e-07
2.745e+00, 5.000e-01, -1.065e+00, 1.189e+05, 0.000e+00, 2.604e-04, 0.000e+00, 2.161e+00, 9.983e+02, 1.118e-07
2.745e+00, 5.000e-01, -1.055e+00, 1.188e+05, 0.000e+00, 2.459e-04, 0.000e+00, 2.159e+00, 9.983e+02, 1.056e-07
2.745e+00, 5.000e-01, -1.045e+00, 1.187e+05, 0.000e+00, 2.316e-04, 0.000e+00, 2.158e+00, 9.983e+02, 9.942e-08
2.745e+00, 5.000e-01, -1.035e+00, 1.186e+05, 0.000e+00, 2.176e-04, 0.000e+00, 2.156e+00, 9.983e+02, 9.342e-08
2.745e+00, 5.000e-01, -1.025e+00, 1.185e+05, 0.000e+00, 2.049e-04, 0.000e+00, 2.154e+00, 9.983e+02, 8.795e-08
2.745e+00, 5.000e-01, -1.015e+00, 1.185e+05, 0.000e+00, 1.935e-04, 0.000e+00, 2.152e+00, 9.983e+02, 8.306e-08
2.745e+00, 5.000e-01, -1.005e+00, 1.184e+05, 0.000e+00, 1.833e-04, 0.000e+00, 2.150e+00, 9.983e+02, 7.867e-08
2.745e+00, 5.000e-01, -9.950e-01, 1.183e+05, 0.000e+00, 1.740e-04, 0.000e+00, 2.149e+00, 9.983e+02, 7.470e-08
2.745e+00, 5.000e-01, -9.850e-01, 1.182e+05, 0.000e+00, 1.656e-04, 0.000e+00, 2.147e+00, 9.983e+02, 7.110e-08
2.745e+00, 5.000e-01, -9.750e-01, 1.181e+05, 0.000e+00, 1.579e-04, 0.000e+00, 2.145e+00, 9.983e+02, 6.780e-08
2.745e+00, 5.000e-01, -9.650e-01, 1.180e+05, 0.000e+00, 1.508e-04, 0.000e+00, 2.143e+00, 9.983e+02, 6.472e-08
2.745e+00, 5.000e-01, -9.550e-01, 1.179e+05, 0.000e+00, 1.440e-04, 0.000e+00, 2.141e+00, 9.983e+02, 6.180e-08
2.745e+00, 5.000e-01, -9.450e-01, 1.178e+05, 0.000e+00, 1.373e-04, 0.000e+00, 2.140e+00, 9.983e+02, 5.894e-08
2.745e+00, 5.000e-01, -9.350e-01, 1.177e+05, 0.000e+00, 1.305e-04, 0.000e+00, 2.138e+00, 9.983e+02, 5.603e-08
2.745e+00, 5.000e-01, -9.250e-01, 1.176e+05, 0.000e+00, 1.234e-04, 0.000e+00, 2.136e+00, 9.983e+02, 5.295e-08
2.745e+00, 5.000e-01, -9.150e-01, 1.175e+05, 0.000e+00, 1.155e-04, 0.000e+00, 2.134e+00, 9.983e+02, 4.958e-08
2.745e+00, 5.000e-01, -9.050e-01, 1.174e+05, 0.000e+00, 1.067e-04, 0.000e+00, 2.132e+00, 9.983e+02, 4.579e-08
2.745e+00, 5.000e-01, -8.950e-01, 1.173e+05, 0.000e+00, 9.657e-05, 0.000e+00, 2.131e+00, 9.983e+02, 4.145e-08
2.745e+00, 5.000e-01, -8.850e-01, 1.172e+05, 0.000e+00, 8.502e-05, 0.000e+00, 2.129e+00, 9.983e+02, 3.650e-08
2.745e+00, 5.000e-01, -8.750e-01, 1.171e+05, 0.000e+00, 7.199e-05, 0.000e+00, 2.127e+00, 9.983e+02, 3.090e-08
2.745e+00, 5.000e-01, -8.650e-01, 1.170e+05, 0.000e+00, 5.771e-05, 0.000e+00, 2.125e+00, 9.983e+02, 2.477e-08
2.745e+00, 5.000e-01, -8.550e-01, 1.169e+05, 0.000e+00, 4.284e-05, 0.000e+00, 2.124e+00, 9.983e+02, 1.839e-08
2.745e+00, 5.000e-01, -8.450e-01, 1.168e+05, 0.000e+00, 2.848e-05, 0.000e+00, 2.122e+00, 9.983e+02, 1.222e-08
2.745e+00, 5.000e-01, -8.350e-01, 1.167e+05, 0.000e+00, 1.610e-05, 0.000e+00, 2.120e+00, 9.983e+02, 6.910e-09
2.745e+00, 5.000e-01, -8.250e-01, 1.166e+05, 0.000e+00, 7.113e-06, 0.000e+00, 2.118e+00, 9.983e+02, 3.053e-09
2.745e+00, 5.000e-01, -8.150e-01, 1.165e+05, 0.000e+00, 2.342e-06, 0.000e+00, 2.116e+00, 9.983e+02, 1.016e-09
2.745e+00, 5.000e-01, -8.050e-01, 1.179e+05, 0.000e+00, 5.854e-07, 0.000e+00, 2.142e+00, 9.983e+02, 2.571e-10
2.745e+00, 5.000e-01, -7.950e-01, 1.178e+05, 0.000e+00, 1.587e-07, 0.000e+00, 2.140e+00, 9.983e+02, 6.969e-11
2.745e+00, 5.000e-01, -7.850e-01, 1.177e+05, 0.000e+00, 6.440e-08, 0.000e+00, 2.138e+00, 9.983e+02, 2.829e-11
2.745e+00, 5.000e-01, -7.750e-01, 1.176e+05, 0.000e+00, 4.565e-08, 0.000e+00, 2.136e+00, 9.983e+02, 2.005e-11
2.745e+00, 5.000e-01, -7.650e-01, 1.175e+05, 0.000e+00, 3.992e-08, 0.000e+00, 2.135e+00, 9.983e+02, 1.753e-11
2.745e+00, 5.000e-01, -7.550e-01, 1.174e+05, 0.000e+00, 3.411e-08, 0.000e+00, 2.133e+00, 9.983e+02, 1.498e-11
2.745e+00, 5.000e-01, -7.450e-01, 1.173e+05, 0.000e+00, 2.699e-08, 0.000e+00, 2.131e+00, 9.983e+02, 1.185e-11
2.745e+00, 5.000e-01, -7.350e-01, 1.172e+05, 0.000e+00, 1.971e-08, 0.000e+00, 2.129e+00, 9.983e+02, 8.656e-12
2.745e+00, 5.000e-01, -7.250e-01, 1.171e+05, 0.000e+00, 1.366e-08, 0.000e+00, 2.127e+00, 9.983e+02, 6.000e-12
2.745e+00, 5.000e-01, -7.150e-01, 1.170e+05, 0.000e+00, 1.197e-08, 0.000e+00, 2.126e+00, 9.983e+02, 5.256e-12
2.745e+00, 5.000e-01, -7.050e-01, 1.169e+05, 0.000e+00, 3.817e-08, 0.000e+00, 2.124e+00, 9.983e+02, 1.676e-11
2.745e+00, 5.000e-01, -6.950e-01, 1.168e+05, 0.000e+00, 2.987e-07, 0.000e+00, 2.122e+00, 9.983e+02, 1.312e-10
2.745e+00, 5.000e-01, -6.850e-01, 1.167e+05, 0.000e+00, 2.537e-06, 0.000e+00, 2.120e+00, 9.983e+02, 1.114e-09
2.745e+00, 5.000e-01, -6.750e-01, 1.151e+05, 0.000e+00, 2.058e-05, 0.000e+00, 2.092e+00, 9.983e+02, 9.167e-09
2.745e+00, 5.000e-01, -6.650e-01, 1.150e+05, 0.000e+00, 1.061e-04, 0.000e+00, 2.090e+00, 9.983e+02, 4.765e-08
2.745e+00, 5.000e-01, -6.550e-01, 1.149e+05, 0.000e+00, 1.425e-04, 0.000e+00, 2.088e+00, 9.983e+02, 6.400e-08
2.745e+00, 5.000e-01, -6.450e-01, 1.148e+05, 0.000e+00, 1.457e-04, 0.000e+00, 2.086e+00, 9.983e+02, 6.545e-08
2.745e+00, 5.000e-01, -6.350e-01, 1.147e+05, 0.000e+00, 1.307e-04, 0.000e+00, 2.084e+00, 9.983e+02, 5.871e-08
2.745e+00, 5.000e-01, -6.250e-01, 1.146e+05, 0.000e+00, 1.081e-04, 0.000e+00, 2.083e+00, 9.983e+02, 4.858e-08
2.745e+00, 5.000e-01, -6.150e-01, 1.145e+05, 0.000e+00, 8.454e-05, 0.000e+00, 2.081e+00, 9.983e+02, 3.798e-08
2.745e+00, 5.000e-01, -6.050e-01, 1.144e+05, 0.000e+00, 6.327e-05, 0.000e+00, 2.079e+00, 9.983e+02, 2.842e-08
2.745e+00, 5.000e-01, -5.950e-01, 1.144e+05, 0.000e+00, 4.572e-05, 0.000e+00, 2.077e+00, 9.983e+02, 2.054e-08
2.745e+00, 5.000e-01, -5.850e-01, 1.143e+05, 0.000e+00, 3.214e-05, 0.000e+00, 2.075e+00, 9.983e+02, 1.444e-08
2.745e+00, 5.000e-01, -5.750e-01, 1.142e+05, 0.000e+00, 2.212e-05, 0.000e+00, 2.074e+00, 9.983e+02, 9.935e-09
2.745e+00, 5.000e-01, -5.650e-01, 1.141e+05, 0.000e+00, 1.486e-05, 0.000e+00, 2.072e+00, 9.983e+02, 6.540e-09
2.745e+00, 5.000e-01, -5.550e-01, 1.139e+05, 0.000e+00, 9.454e-06, 0.000e+00, 2.070e+00, 9.983e+02, 4.058e-09
2.745e+00, 5.000e-01, -5.450e-01, 1.138e+05, 0.000e+00, 5.914e-06, 0.000e+00, 2.068e+00, 9.983e+02, 2.539e-09
2.745e+00, 5.000e-01, -5.350e-01, 1.137e+05, 0.000e+00, 3.630e-06, 0.000e+00, 2.066e+00, 9.983e+02, 1.558e-09
2.745e+00, 5.000e-01, -5.250e-01, 1.137e+05, 0.000e+00, 2.274e-06, 0.000e+00, 2.064e+00, 9.983e+02, 9.906e-10
2.745e+00, 5.000e-01, -5.150e-01, 1.136e+05, 0.000e+00, 1.402e-06, 0.000e+00, 2.063e+00, 9.983e+02, 6.297e-10
2.745e+00, 5.000e-01, -5.050e-01, 1.135e+05, 0.000e+00, 8.471e-07, 0.000e+00, 2.061e+00, 9.983e+02, 3.804e-10
2.745e+00, 5.000e-01, -4.950e-01, 1.134e+05, 0.000e+00, 5.000e-07, 0.000e+00, 2.059e+00, 9.983e+02, 2.152e-10
2.745e+00, 5.000e-01, -4.850e-01, 1.133e+05, 0.000e+00, 2.972e-07, 0.000e+00, 2.057e+00, 9.983e+02, 1.276e-10
2.745e+00, 5.000e-01, -4.750e-01, 1.132e+05, 0.000e+00, 1.781e-07, 0.000e+00, 2.056e+00, 9.983e+02, 7.646e-11
2.745e+00, 5.000e-01, -4.650e-01, 1.131e+05, 0.000e+00, 1.094e-07, 0.000e+00, 2.054e+00, 9.983e+02, 4.695e-11
2.745e+00, 5.000e-01, -4.550e-01, 1.130e+05, 0.000e+00, 7.306e-08, 0.000e+00, 2.052e+00, 9.983e+02, 3.149e-11
2.745e+00, 5.000e-01, -4.450e-01, 1.129e+05, 0.000e+00, 5.383e-08, 0.000e+00, 2.050e+00, 9.983e+02, 2.418e-11
2.745e+00, 5.000e-01, -4.350e-01, 1.128e+05, 0.000e+00, 4.129e-08, 0.000e+00, 2.049e+00, 9.983e+02, 1.855e-11
2.745e+00, 5.000e-01, -4.250e-01, 1.127e+05, 0.000e+00, 3.174e-08, 0.000e+00, 2.047e+00, 9.983e+02, 1.426e-11
2.745e+00, 5.000e-01, -4.150e-01, 1.126e+05, 0.000e+00, 2.368e-08, 0.000e+00, 2.045e+00, 9.983e+02, 1.064e-11
2.745e+00, 5.000e-01, -4.050e-01, 1.125e+05, 0.000e+00, 1.683e-08, 0.000e+00, 2.043e+00, 9.983e+02, 7.560e-12
2.745e+00, 5.000e-01, -3.950e-01, 1.124e+05, 0.000e+00, 1.128e-08, 0.000e+00, 2.041e+00, 9.983e+02, 5.065e-12
2.745e+00, 5.000e-01, -3.850e-01, 1.123e+05, 0.000e+00, 7.091e-09, 0.000e+00, 2.040e+00, 9.983e+02, 3.185e-12
2.745e+00, 5.000e-01, -3.750e-01, 1.122e+05, 0.000e+00, 4.187e-09, 0.000e+00, 2.038e+00, 9.983e+02, 1.881e-12
2.745e+00, 5.000e-01, -3.650e-01, 1.121e+05, 0.000e+00, 2.344e-09, 0.000e+00, 2.036e+00, 9.983e+02, 1.053e-12
2.745e+00, 5.000e-01, -3.550e-01, 1.120e+05, 0.000e+00, 1.317e-09, 0.000e+00, 2.034e+00, 9.983e+02, 5.914e-13
2.745e+00, 5.000e-01, -3.450e-01, 1.120e+05, 0.000e+00, 9.041e-10, 0.000e+00, 2.034e+00, 9.983e+02, 3.984e-13
2.745e+00, 5.000e-01, -3.350e-01, 1.119e+05, 0.000e+00, 9.825e-10, 0.000e+00, 2.032e+00, 9.983e+02, 4.315e-13
2.745e+00, 5.000e-01, -3.250e-01, 1.118e+05, 0.000e+00, 1.978e-09, 0.000e+00, 2.030e+00, 9.983e+02, 8.689e-13
2.745e+00, 5.000e-01, -3.150e-01, 1.117e+05, 0.000e+00, 6.152e-09, 0.000e+00, 2.029e+00, 9.983e+02, 2.702e-12
2.745e+00, 5.000e-01, -3.050e-01, 1.116e+05, 0.000e+00, 2.295e-08, 0.000e+00, 2.027e+00, 9.983e+02, 1.008e-11
2.745e+00, 5.000e-01, -2.950e-01, 1.115e+05, 0.000e+00, 8.759e-08, 0.000e+00, 2.025e+00, 9.983e+02, 3.847e-11
2.745e+00, 5.000e-01, -2.850e-01, 1.114e+05, 0.000e+00, 3.182e-07, 0.000e+00, 2.023e+00, 9.983e+02, 1.398e-10
2.745e+00, 5.000e-01, -2.750e-01, 1.113e+05, 0.000e+00, 1.066e-06, 0.000e+00, 2.021e+00, 9.983e+02, 4.680e-10
2.745e+00, 5.000e-01, -2.650e-01, 1.112e+05, 0.000e+00, 3.235e-06, 0.000e+00, 2.020e+00, 9.983e+02, 1.421e-09
2.745e+00, 5.000e-01, -2.550e-01, 1.113e+05, 0.000e+00, 8.835e-06, 0.000e+00, 2.021e+00, 9.983e+02, 3.835e-09
2.745e+00, 5.000e-01, -2.450e-01, 1.112e+05, 0.000e+00, 2.063e-05, 0.000e+00, 2.020e+00, 9.983e+02, 8.855e-09
2.745e+00, 5.000e-01, -2.350e-01, 1.111e+05, 0.000e+00, 3.920e-05, 0.000e+00, 2.018e+00, 9.983e+02, 1.683e-08
2.745e+00, 5.000e-01, -2.250e-01, 1.110e+05, 0.000e+00, 6.226e-05, 0.000e+00, 2.016e+00, 9.983e+02, 2.672e-08
2.745e+00, 5.000e-01, -2.150e-01, 1.109e+05, 0.000e+00, 8.370e-05, 0.000e+00, 2.014e+00, 9.983e+02, 3.593e-08
2.745e+00, 5.000e-01, -2.050e-01, 1.108e+05, 0.000e+00, 9.793e-05, 0.000e+00, 2.012e+00, 9.983e+02, 4.204e-08
2.745e+00, 5.000e-01, -1.950e-01, 1.107e+05, 0.000e+00, 1.061e-04, 0.000e+00, 2.011e+00, 9.983e+02, 4.554e-08
2.745e+00, 5.000e-01, -1.850e-01, 1.106e+05, 0.000e+00, 1.193e-04, 0.000e+00, 2.009e+00, 9.983e+02, 5.144e-08
2.745e+00, 5.000e-01, -1.750e-01, 1.117e+05, 0.000e+00, 1.315e-04, 0.000e+00, 2.029e+00, 9.983e+02, 5.776e-08
2.745e+00, 5.000e-01, -1.650e-01, 1.116e+05, 0.000e+00, 1.247e-04, 0.000e+00, 2.027e+00, 9.983e+02, 5.479e-08
2.745e+00, 5.000e-01, -1.550e-01, 1.115e+05, 0.000e+00, 1.031e-04, 0.000e+00, 2.025e+00, 9.983e+02, 4.530e-08
2.745e+00, 5.000e-01, -1.450e-01, 1.114e+05, 0.000e+00, 7.497e-05, 0.000e+00, 2.024e+00, 9.983e+02, 3.293e-08
2.745e+00, 5.000e-01, -1.350e-01, 1.113e+05, 0.000e+00, 4.827e-05, 0.000e+00, 2.022e+00, 9.983e+02, 2.120e-08
2.745e+00, 5.000e-01, -1.250e-01, 1.112e+05, 0.000e+00, 2.775e-05, 0.000e+00, 2.020e+00, 9.983e+02, 1.219e-08
2.745e+00, 5.000e-01, -1.150e-01, 1.111e+05, 0.000e+00, 1.437e-05, 0.000e+00, 2.018e+00, 9.983e+02, 6.311e-09
2.745e+00, 5.000e-01, -1.050e-01, 1.110e+05, 0.000e+00, 6.754e-06, 0.000e+00, 2.017e+00, 9.983e+02, 2.967e-09
2.745e+00, 5.000e-01, -9.500e-02, 1.109e+05, 0.000e+00, 2.908e-06, 0.000e+00, 2.015e+00, 9.983e+02, 1.277e-09
2.745e+00, 5.000e-01, -8.500e-02, 1.108e+05, 0.000e+00, 1.156e-06, 0.000e+00, 2.013e+00, 9.983e+02, 5.078e-10
2.745e+00, 5.000e-01, -7.500e-02, 1.107e+05, 0.000e+00, 4.280e-07, 0.000e+00, 2.011e+00, 9.983e+02, 1.880e-10
2.745e+00, 5.000e-01, -6.500e-02, 1.106e+05, 0.000e+00, 1.487e-07, 0.000e+00, 2.009e+00, 9.983e+02, 6.533e-11
2.745e+00, 5.000e-01, -5.500e-02, 1.105e+05, 0.000e+00, 4.889e-08, 0.000e+00, 2.008e+00, 9.983e+02, 2.147e-11
2.745e+00, 5.000e-01, -4.500e-02, 1.104e+05, 0.000e+00, 1.530e-08, 0.000e+00, 2.006e+00, 9.983e+02, 6.722e-12
2.745e+00, 5.000e-01, -3.500e-02, 1.103e+05, 0.000e+00, 4.593e-09, 0.000e+00, 2.004e+00, 9.983e+02, 2.017e-12
2.745e+00, 5.000e-01, -2.500e-02, 1.102e+05, 0.000e+00, 1.330e-09, 0.000e+00, 2.002e+00, 9.983e+02, 5.841e-13
2.745e+00, 5.000e-01, -1.500e-02, 1.101e+05, 0.000e+00, 3.769e-10, 0.000e+00, 2.000e+00, 9.983e+02, 1.655e-13
2.745e+00, 5.000e-01, -5.000e-03, 1.100e+05, 0.000e+00, 1.226e-10, 0.000e+00, 1.999e+00, 9.983e+02, 5.383e-14
2.755e+00, 5.000e-01, -1.195e+00, 1.202e+05, 0.000e+00, 3.113e-04, 0.000e+00, 2.184e+00, 9.983e+02, 1.336e-07
2.755e+00, 5.000e-01, -1.185e+00, 1.201e+05, 0.000e+00, 3.247e-04, 0.000e+00, 2.183e+00, 9.983e+02, 1.394e-07
2.755e+00, 5.000e-01, -1.175e+00, 1.200e+05, 0.000e+00, 3.361e-04, 0.000e+00, 2.181e+00, 9.983e+02, 1.443e-07
2.755e+00, 5.000e-01, -1.165e+00, 1.199e+05, 0.000e+00, 3.424e-04, 0.000e+00, 2.179e+00, 9.983e+02, 1.470e-07
2.755e+00, 5.000e-01, -1.155e+00, 1.198e+05, 0.000e+00, 3.436e-04, 0.000e+00, 2.177e+00, 9.983e+02, 1.475e-07
2.755e+00, 5.000e-01, -1.145e+00, 1.197e+05, 0.000e+00, 3.404e-04, 0.000e+00, 2.175e+00, 9.983e+02, 1.461e-07
2.755e+00, 5.000e-01, -1.135e+00, 1.196e+05, 0.000e+00, 3.337e-04, 0.000e+00, 2.174e+00, 9.983e+02, 1.433e-07
2.755e+00, 5.000e-01, -1.125e+00, 1.195e+05, 0.000e+00, 3.245e-04, 0.000e+00, 2.172e+00, 9.983e+02, 1.393e-07
2.755e+00, 5.000e-01, -1.115e+00, 1.194e+05, 0.000e+00, 3.133e-04, 0.000e+00, 2.170e+00, 9.983e+02, 1.345e-07
2.755e+00, 5.000e-01, -1.105e+00, 1.193e+05, 0.000e+00, 3.009e-04, 0.000e+00, 2.168e+00, 9.983e+02, 1.292e-07
2.755e+00, 5.000e-01, -1.095e+00, 1.192e+05, 0.000e+00, 2.876e-04, 0.000e+00, 2.167e+00, 9.983e+02, 1.235e-07
2.755e+00, 5.000e-01, -1.085e+00, 1.191e+05, 0.000e+00, 2.739e-04, 0.000e+00, 2.165e+00, 9.983e+02, 1.176e-07
2.755e+00, 5.000e-01, -1.075e+00, 1.190e+05, 0.000e+00, 2.599e-04, 0.000e+00, 2.163e+00, 9.983e+02, 1.116e-07
2.755e+00, 5.000e-01, -1.065e+00, 1.189e+05, 0.000e+00, 2.458e-04, 0.000e+00, 2.161e+00, 9.983e+02, 1.055e-07
2.755e+00, 5.000e-01, -1.055e+00, 1.188e+05, 0.000e+00, 2.318e-04, 0.000e+00, 2.159e+00, 9.983e+02, 9.951e-08
2.755e+00, 5.000e-01, -1.045e+00, 1.187e+05, 0.000e+00, 2.182e-04, 0.000e+00, 2.158e+00, 9.983e+02, 9.366e-08
2.755e+00, 5.000e-01, -1.035e+00, 1.186e+05, 0.000e+00, 2.058e-04, 0.000e+00, 2.156e+00, 9.983e+02, 8.836e-08
2.755e+00, 5.000e-01, -1.025e+00, 1.185e+05, 0.000e+00, 1.948e-04, 0.000e+00, 2.154e+00, 9.983e+02, 8.362e-08
2.755e+00, 5.000e-01, -1.015e+00, 1.185e+05, 0.000e+00, 1.849e-04, 0.000e+00, 2.152e+00, 9.983e+02, 7.936e-08
2.755e+00, 5.000e-01, -1.005e+00, 1.184e+05, 0.000e+00, 1.759e-04, 0.000e+00, 2.150e+00, 9.983e+02, 7.551e-08
2.755e+00, 5.000e-01, -9.950e-01, 1.183e+05, 0.000e+00, 1.677e-04, 0.000e+00, 2.149e+00, 9.983e+02, 7.200e-08
2.755e+00, 5.000e-01, -9.850e-01, 1.182e+05, 0.000e+00, 1.603e-04, 0.000e+00, 2.147e+00, 9.983e+02, 6.879e-08
2.755e+00, 5.000e-01, -9.750e-01, 1.181e+05, 0.000e+00, 1.533e-04, 0.000e+00, 2.145e+00, 9.983e+02, 6.581e-08
2.755e+00, 5.000e-01, -9.650e-01, 1.180e+05, 0.000e+00, 1.467e-04, 0.000e+00, 2.143e+00, 9.983e+02, 6.299e-08
2.755e+00, 5.000e-01, -9.550e-01, 1.179e+05, 0.000e+00, 1.404e-04, 0.000e+00, 2.141e+00, 9.983e+02, 6.026e-08
2.755e+00, 5.000e-01, -9.450e-01, 1.178e+05, 0.000e+00, 1.341e-04, 0.000e+00, 2.140e+00, 9.983e+02, 5.756e-08
2.755e+00, 5.000e-01, -9.350e-01, 1.177e+05, 0.000e+00, 1.276e-04, 0.000e+00, 2.138e+00, 9.983e+02, 5.479e-08
2.755e+00, 5.000e-01, -9.250e-01, 1.176e+05, 0.000e+00, 1.207e-04, 0.000e+00, 2.136e+00, 9.983e+02, 5.183e-08
2.755e+00, 5.000e-01, -9.150e-01, 1.175e+05, 0.000e+00, 1.132e-04, 0.000e+00, 2.134e+00, 9.983e+02, 4.858e-08
2.755e+00, 5.000e-01, -9.050e-01, 1.174e+05, 0.000e+00, 1.046e-04, 0.000e+00, 2.132e+00, 9.983e+02, 4.490e-08
2.755e+00, 5.000e-01, -8.950e-01, 1.173e+05, 0.000e+00, 9.480e-05, 0.000e+00, 2.131e+00, 9.983e+02, 4.069e-08
2.755e+00, 5.000e-01, -8.850e-01, 1.172e+05, 0.000e+00, 8.354e-05, 0.000e+00, 2.129e+00, 9.983e+02, 3.586e-08
2.755e+00, 5.000e-01, -8.750e-01, 1.171e+05, 0.000e+00, 7.075e-05, 0.000e+00, 2.127e+00, 9.983e+02, 3.037e-08
2.755e+00, 5.000e-01, -8.650e-01, 1.170e+05, 0.000e+00, 5.666e-05, 0.000e+00, 2.125e+00, 9.983e+02, 2.432e-08
2.755e+00, 5.000e-01, -8.550e-01, 1.169e+05, 0.000e+00, 4.191e-05, 0.000e+00, 2.124e+00, 9.983e+02, 1.799e-08
2.755e+00, 5.000e-01, -8.450e-01, 1.168e+05, 0.000e+00, 2.762e-05, 0.000e+00, 2.122e+00, 9.983e+02, 1.186e-08
2.755e+00, 5.000e-01, -8.350e-01, 1.167e+05, 0.000e+00, 1.535e-05, 0.000e+00, 2.120e+00, 9.983e+02, 6.589e-09
2.755e+00, 5.000e-01, -8.250e-01, 1.166e+05, 0.000e+00, 6.549e-06, 0.000e+00, 2.118e+00, 9.983e+02, 2.811e-09
2.755e+00, 5.000e-01, -8.150e-01, 1.180e+05, 0.000e+00, 1.933e-06, 0.000e+00, 2.144e+00, 9.983e+02, 8.401e-10
2.755e+00, 5.000e-01, -8.050e-01, 1.179e+05, 0.000e+00, 4.693e-07, 0.000e+00, 2.142e+00, 9.983e+02, 2.061e-10
2.755e+00, 5.000e-01, -7.950e-01, 1.178e+05, 0.000e+00, 1.135e-07, 0.000e+00, 2.140e+00, 9.983e+02, 4.985e-11
2.755e+00, 5.000e-01, -7.850e-01, 1.177e+05, 0.000e+00, 3.410e-08, 0.000e+00, 2.138e+00, 9.983e+02, 1.498e-11
2.755e+00, 5.000e-01, -7.750e-01, 1.176e+05, 0.000e+00, 1.780e-08, 0.000e+00, 2.136e+00, 9.983e+02, 7.820e-12
2.755e+00, 5.000e-01, -7.650e-01, 1.175e+05, 0.000e+00, 1.387e-08, 0.000e+00, 2.135e+00, 9.983e+02, 6.091e-12
2.755e+00, 5.000e-01, -7.550e-01, 1.174e+05, 0.000e+00, 1.151e-08, 0.000e+00, 2.133e+00, 9.983e+02, 5.055e-12
2.755e+00, 5.000e-01, -7.450e-01, 1.173e+05, 0.000e+00, 9.029e-09, 0.000e+00, 2.131e+00, 9.983e+02, 3.966e-12
2.755e+00, 5.000e-01, -7.350e-01, 1.172e+05, 0.000e+00, 6.572e-09, 0.000e+00, 2.129e+00, 9.983e+02, 2.887e-12
2.755e+00, 5.000e-01, -7.250e-01, 1.171e+05, 0.000e+00, 4.564e-09, 0.000e+00, 2.127e+00, 9.983e+02, 2.005e-12
2.755e+00, 5.000e-01, -7.150e-01, 1.170e+05, 0.000e+00, 4.258e-09, 0.000e+00, 2.126e+00, 9.983e+02, 1.870e-12
2.755e+00, 5.000e-01, -7.050e-01, 1.169e+05, 0.000e+00, 1.667e-08, 0.000e+00, 2.124e+00, 9.983e+02, 7.322e-12
2.755e+00, 5.000e-01, -6.950e-01, 1.168e+05, 0.000e+00, 1.512e-07, 0.000e+00, 2.122e+00, 9.983e+02, 6.641e-11
2.755e+00, 5.000e-01, -6.850e-01, 1.167e+05, 0.000e+00, 1.455e-06, 0.000e+00, 2.120e+00, 9.983e+02, 6.391e-10
2.755e+00, 5.000e-01, -6.750e-01, 1.151e+05, 0.000e+00, 1.307e-05, 0.000e+00, 2.092e+00, 9.983e+02, 5.831e-09
2.755e+00, 5.000e-01, -6.650e-01, 1.150e+05, 0.000e+00, 7.716e-05, 0.000e+00, 2.090e+00, 9.983e+02, 3.466e-08
2.755e+00, 5.000e-01, -6.550e-01, 1.149e+05, 0.000e+00, 9.815e-05, 0.000e+00, 2.088e+00, 9.983e+02, 4.409e-08
2.755e+00, 5.000e-01, -6.450e-01, 1.148e+05, 0.000e+00, 9.674e-05, 0.000e+00, 2.086e+00, 9.983e+02, 4.346e-08
2.755e+00, 5.000e-01, -6.350e-01, 1.147e+05, 0.000e+00, 8.379e-05, 0.000e+00, 2.084e+00, 9.983e+02, 3.764e-08
2.755e+00, 5.000e-01, -6.250e-01, 1.146e+05, 0.000e+00, 6.675e-05, 0.000e+00, 2.083e+00, 9.983e+02, 2.999e-08
2.755e+00, 5.000e-01, -6.150e-01, 1.145e+05, 0.000e+00, 5.004e-05, 0.000e+00, 2.081e+00, 9.983e+02, 2.248e-08
2.755e+00, 5.000e-01, -6.050e-01, 1.144e+05, 0.000e+00, 3.577e-05, 0.000e+00, 2.079e+00, 9.983e+02, 1.607e-08
2.755e+00, 5.000e-01, -5.950e-01, 1.144e+05, 0.000e+00, 2.463e-05, 0.000e+00, 2.077e+00, 9.983e+02, 1.107e-08
2.755e+00, 5.000e-01, -5.850e-01, 1.143e+05, 0.000e+00, 1.647e-05, 0.000e+00, 2.075e+00, 9.983e+02, 7.400e-09
2.755e+00, 5.000e-01, -5.750e-01, 1.142e+05, 0.000e+00, 1.077e-05, 0.000e+00, 2.074e+00, 9.983e+02, 4.840e-09
2.755e+00, 5.000e-01, -5.650e-01, 1.140e+05, 0.000e+00, 6.821e-06, 0.000e+00, 2.072e+00, 9.983e+02, 2.984e-09
2.755e+00, 5.000e-01, -5.550e-01, 1.139e+05, 0.000e+00, 4.137e-06, 0.000e+00, 2.070e+00, 9.983e+02, 1.776e-09
2.755e+00, 5.000e-01, -5.450e-01, 1.138e+05, 0.000e+00, 2.461e-06, 0.000e+00, 2.068e+00, 9.983e+02, 1.056e-09
2.755e+00, 5.000e-01, -5.350e-01, 1.137e+05, 0.000e+00, 1.441e-06, 0.000e+00, 2.066e+00, 9.983e+02, 6.184e-10
2.755e+00, 5.000e-01, -5.250e-01, 1.137e+05, 0.000e+00, 8.543e-07, 0.000e+00, 2.065e+00, 9.983e+02, 3.773e-10
2.755e+00, 5.000e-01, -5.150e-01, 1.136e+05, 0.000e+00, 5.077e-07, 0.000e+00, 2.063e+00, 9.983e+02, 2.281e-10
2.755e+00, 5.000e-01, -5.050e-01, 1.135e+05, 0.000e+00, 2.940e-07, 0.000e+00, 2.061e+00, 9.983e+02, 1.311e-10
2.755e+00, 5.000e-01, -4.950e-01, 1.134e+05, 0.000e+00, 1.659e-07, 0.000e+00, 2.059e+00, 9.983e+02, 7.122e-11
2.755e+00, 5.000e-01, -4.850e-01, 1.133e+05, 0.000e+00, 9.496e-08, 0.000e+00, 2.057e+00, 9.983e+02, 4.076e-11
2.755e+00, 5.000e-01, -4.750e-01, 1.132e+05, 0.000e+00, 5.542e-08, 0.000e+00, 2.056e+00, 9.983e+02, 2.379e-11
2.755e+00, 5.000e-01, -4.650e-01, 1.131e+05, 0.000e+00, 3.350e-08, 0.000e+00, 2.054e+00, 9.983e+02, 1.438e-11
2.755e+00, 5.000e-01, -4.550e-01, 1.130e+05, 0.000e+00, 2.262e-08, 0.000e+00, 2.052e+00, 9.983e+02, 9.864e-12
2.755e+00, 5.000e-01, -4.450e-01, 1.129e+05, 0.000e+00, 1.677e-08, 0.000e+00, 2.050e+00, 9.983e+02, 7.535e-12
2.755e+00, 5.000e-01, -4.350e-01, 1.128e+05, 0.000e+00, 1.282e-08, 0.000e+00, 2.049e+00, 9.983e+02, 5.760e-12
2.755e+00, 5.000e-01, -4.250e-01, 1.127e+05, 0.000e+00, 9.739e-09, 0.000e+00, 2.047e+00, 9.983e+02, 4.375e-12
2.755e+00, 5.000e-01, -4.150e-01, 1.126e+05, 0.000e+00, 7.148e-09, 0.000e+00, 2.045e+00, 9.983e+02, 3.211e-12
2.755e+00, 5.000e-01, -4.050e-01, 1.125e+05, 0.000e+00, 4.982e-09, 0.000e+00, 2.043e+00, 9.983e+02, 2.238e-12
2.755e+00, 5.000e-01, -3.950e-01, 1.124e+05, 0.000e+00, 3.268e-09, 0.000e+00, 2.041e+00, 9.983e+02, 1.468e-12
2.755e+00, 5.000e-01, -3.850e-01, 1.123e+05, 0.000e+00, 2.008e-09, 0.000e+00, 2.040e+00, 9.983e+02, 9.021e-13
2.755e+00, 5.000e-01, -3.750e-01, 1.122e+05, 0.000e+00, 1.157e-09, 0.000e+00, 2.038e+00, 9.983e+02, 5.197e-13
2.755e+00, 5.000e-01, -3.650e-01, 1.121e+05, 0.000e+00, 6.326e-10, 0.000e+00, 2.036e+00, 9.983e+02, 2.842e-13
2.755e+00, 5.000e-01, -3.550e-01, 1.120e+05, 0.000e+00, 3.621e-10, 0.000e+00, 2.034e+00, 9.983e+02, 1.622e-13
2.755e+00, 5.000e-01, -3.450e-01, 1.120e+05, 0.000e+00, 2.753e-10, 0.000e+00, 2.034e+00, 9.983e+02, 1.209e-13
2.755e+00, 5.000e-01, -3.350e-01, 1.119e+05, 0.000e+00, 4.175e-10, 0.000e+00, 2.032e+00, 9.983e+02, 1.834e-13
2.755e+00, 5.000e-01, -3.250e-01, 1.118e+05, 0.000e+00, 1.233e-09, 0.000e+00, 2.030e+00, 9.983e+02, 5.415e-13
2.755e+00, 5.000e-01, -3.150e-01, 1.117e+05, 0.000e+00, 4.771e-09, 0.000e+00, 2.029e+00, 9.983e+02, 2.096e-12
2.755e+00, 5.000e-01, -3.050e-01, 1.116e+05, 0.000e+00, 1.936e-08, 0.000e+00, 2.027e+00, 9.983e+02, 8.503e-12
2.755e+00, 5.000e-01, -2.950e-01, 1.115e+05, 0.000e+00, 7.571e-08, 0.000e+00, 2.025e+00, 9.983e+02, 3.326e-11
2.755e+00, 5.000e-01, -2.850e-01, 1.114e+05, 0.000e+00, 2.761e-07, 0.000e+00, 2.023e+00, 9.983e+02, 1.213e-10
2.755e+00, 5.000e-01, -2.750e-01, 1.113e+05, 0.000e+00, 9.239e-07, 0.000e+00, 2.021e+00, 9.983e+02, 4.058e-10
2.755e+00, 5.000e-01, -2.650e-01, 1.112e+05, 0.000e+00, 2.807e-06, 0.000e+00, 2.020e+00, 9.983e+02, 1.233e-09
2.755e+00, 5.000e-01, -2.550e-01, 1.113e+05, 0.000e+00, 7.698e-06, 0.000e+00, 2.021e+00, 9.983e+02, 3.323e-09
2.755e+00, 5.000e-01, -2.450e-01, 1.112e+05, 0.000e+00, 1.755e-05, 0.000e+00, 2.020e+00, 9.983e+02, 7.533e-09
2.755e+00, 5.000e-01, -2.350e-01, 1.111e+05, 0.000e+00, 3.258e-05, 0.000e+00, 2.018e+00, 9.983e+02, 1.399e-08
2.755e+00, 5.000e-01, -2.250e-01, 1.110e+05, 0.000e+00, 5.058e-05, 0.000e+00, 2.016e+00, 9.983e+02, 2.171e-08
2.755e+00, 5.000e-01, -2.150e-01, 1.109e+05, 0.000e+00, 6.684e-05, 0.000e+00, 2.014e+00, 9.983e+02, 2.869e-08
2.755e+00, 5.000e-01, -2.050e-01, 1.108e+05, 0.000e+00, 7.782e-05, 0.000e+00, 2.012e+00, 9.983e+02, 3.341e-08
2.755e+00, 5.000e-01, -1.950e-01, 1.107e+05, 0.000e+00, 8.539e-05, 0.000e+00, 2.011e+00, 9.983e+02, 3.665e-08
2.755e+00, 5.000e-01, -1.850e-01, 1.106e+05, 0.000e+00, 9.891e-05, 0.000e+00, 2.009e+00, 9.983e+02, 4.279e-08
2.755e+00, 5.000e-01, -1.750e-01, 1.117e+05, 0.000e+00, 1.085e-04, 0.000e+00, 2.029e+00, 9.983e+02, 4.768e-08
2.755e+00, 5.000e-01, -1.650e-01, 1.116e+05, 0.000e+00, 1.032e-04, 0.000e+00, 2.027e+00, 9.983e+02, 4.531e-08
2.755e+00, 5.000e-01, -1.550e-01, 1.115e+05, 0.000e+00, 8.570e-05, 0.000e+00, 2.025e+00, 9.983e+02, 3.764e-08
2.755e+00, 5.000e-01, -1.450e-01, 1.114e+05, 0.000e+00, 6.264e-05, 0.000e+00, 2.024e+00, 9.983e+02, 2.751e-08
2.755e+00, 5.000e-01, -1.350e-01, 1.113e+05, 0.000e+00, 4.055e-05, 0.000e+00, 2.022e+00, 9.983e+02, 1.781e-08
2.755e+00, 5.000e-01, -1.250e-01, 1.112e+05, 0.000e+00, 2.340e-05, 0.000e+00, 2.020e+00, 9.983e+02, 1.028e-08
2.755e+00, 5.000e-01, -1.150e-01, 1.111e+05, 0.000e+00, 1.214e-05, 0.000e+00, 2.018e+00, 9.983e+02, 5.332e-09
2.755e+00, 5.000e-01, -1.050e-01, 1.110e+05, 0.000e+00, 5.702e-06, 0.000e+00, 2.017e+00, 9.983e+02, 2.504e-09
2.755e+00, 5.000e-01, -9.500e-02, 1.109e+05, 0.000e+00, 2.445e-06, 0.000e+00, 2.015e+00, 9.983e+02, 1.074e-09
2.755e+00, 5.000e-01, -8.500e-02, 1.108e+05, 0.000e+00, 9.644e-07, 0.000e+00, 2.013e+00, 9.983e+02, 4.236e-10
2.755e+00, 5.000e-01, -7.500e-02, 1.107e+05, 0.000e+00, 3.527e-07, 0.000e+00, 2.011e+00, 9.983e+02, 1.549e-10
2.755e+00, 5.000e-01, -6.500e-02, 1.106e+05, 0.000e+00, 1.205e-07, 0.000e+00, 2.009e+00, 9.983e+02, 5.294e-11
2.755e+00, 5.000e-01, -5.500e-02, 1.105e+05, 0.000e+00, 3.877e-08, 0.000e+00, 2.008e+00, 9.983e+02, 1.703e-11
2.755e+00, 5.000e-01, -4.500e-02, 1.104e+05, 0.000e+00, 1.182e-08, 0.000e+00, 2.006e+00, 9.983e+02, 5.193e-12
2.755e+00, 5.000e-01, -3.500e-02, 1.103e+05, 0.000e+00, 3.441e-09, 0.000e+00, 2.004e+00, 9.983e+02, 1.511e-12
2.755e+00, 5.000e-01, -2.500e-02, 1.102e+05, 0.000e+00, 9.623e-10, 0.000e+00, 2.002e+00, 9.983e+02, 4.227e-13
2.755e+00, 5.000e-01, -1.500e-02, 1.101e+05, 0.000e+00, 2.625e-10, 0.000e+00, 2.000e+00, 9.983e+02, 1.153e-13
2.755e+00, 5.000e-01, -5.000e-03, 1.100e+05, 0.000e+00, 8.174e-11, 0.000e+00, 1.999e+00, 9.983e+02, 3.590e-14
2.765e+00, 5.000e-01, -1.195e+00, 1.202e+05, 0.000e+00, 3.026e-04, 0.000e+00, 2.184e+00, 9.983e+02, 1.299e-07
2.765e+00, 5.000e-01, -1.185e+00, 1.201e+05, 0.000e+00, 3.136e-04, 0.000e+00, 2.183e+00, 9.983e+02, 1.346e-07
2.765e+00, 5.000e-01, -1.175e+00, 1.200e+05, 0.000e+00, 3.226e-04, 0.000e+00, 2.181e+00, 9.983e+02, 1.385e-07
2.765e+00, 5.000e-01, -1.165e+00, 1.199e+05, 0.000e+00, 3.268e-04, 0.000e+00, 2.179e+00, 9.983e+02, 1.403e-07
2.765e+00, 5.000e-01, -1.155e+00, 1.198e+05, 0.000e+00, 3.263e-04, 0.000e+00, 2.177e+00, 9.983e+02, 1.401e-07
2.765e+00, 5.000e-01, -1.145e+00, 1.197e+05, 0.000e+00, 3.219e-04, 0.000e+00, 2.175e+00, 9.983e+02, 1.382e-07
2.765e+00, 5.000e-01, -1.135e+00, 1.196e+05, 0.000e+00, 3.146e-04, 0.000e+00, 2.174e+00, 9.983e+02, 1.350e-07
2.765e+00, 5.000e-01, -1.125e+00, 1.195e+05, 0.000e+00, 3.051e-04, 0.000e+00, 2.172e+00, 9.983e+02, 1.310e-07
2.765e+00, 5.000e-01, -1.115e+00, 1.194e+05, 0.000e+00, 2.940e-04, 0.000e+00, 2.170e+00, 9.983e+02, 1.262e-07
2.765e+00, 5.000e-01, -1.105e+00, 1.193e+05, 0.000e+00, 2.819e-04, 0.000e+00, 2.168e+00, 9.983e+02, 1.210e-07
2.765e+00, 5.000e-01, -1.095e+00, 1.192e+05, 0.000e+00, 2.692e-04, 0.000e+00, 2.167e+00, 9.983e+02, 1.156e-07
2.765e+00, 5.000e-01, -1.085e+00, 1.191e+05, 0.000e+00, 2.561e-04, 0.000e+00, 2.165e+00, 9.983e+02, 1.099e-07
2.765e+00, 5.000e-01, -1.075e+00, 1.190e+05, 0.000e+00, 2.428e-04, 0.000e+00, 2.163e+00, 9.983e+02, 1.042e-07
2.765e+00, 5.000e-01, -1.065e+00, 1.189e+05, 0.000e+00, 2.294e-04, 0.000e+00, 2.161e+00, 9.983e+02, 9.848e-08
2.765e+00, 5.000e-01, -1.055e+00, 1.188e+05, 0.000e+00, 2.166e-04, 0.000e+00, 2.159e+00, 9.983e+02, 9.297e-08
2.765e+00, 5.000e-01, -1.045e+00, 1.187e+05, 0.000e+00, 2.050e-04, 0.000e+00, 2.158e+00, 9.983e+02, 8.801e-08
2.765e+00, 5.000e-01, -1.035e+00, 1.186e+05, 0.000e+00, 1.946e-04, 0.000e+00, 2.156e+00, 9.983e+02, 8.355e-08
2.765e+00, 5.000e-01, -1.025e+00, 1.185e+05, 0.000e+00, 1.853e-04, 0.000e+00, 2.154e+00, 9.983e+02, 7.954e-08
2.765e+00, 5.000e-01, -1.015e+00, 1.185e+05, 0.000e+00, 1.768e-04, 0.000e+00, 2.152e+00, 9.983e+02, 7.591e-08
2.765e+00, 5.000e-01, -1.005e+00, 1.184e+05, 0.000e+00, 1.692e-04, 0.000e+00, 2.150e+00, 9.983e+02, 7.261e-08
2.765e+00, 5.000e-01, -9.950e-01, 1.183e+05, 0.000e+00, 1.621e-04, 0.000e+00, 2.149e+00, 9.983e+02, 6.958e-08
2.765e+00, 5.000e-01, -9.850e-01, 1.182e+05, 0.000e+00, 1.555e-04, 0.000e+00, 2.147e+00, 9.983e+02, 6.675e-08
2.765e+00, 5.000e-01, -9.750e-01, 1.181e+05, 0.000e+00, 1.493e-04, 0.000e+00, 2.145e+00, 9.983e+02, 6.408e-08
2.765e+00, 5.000e-01, -9.650e-01, 1.180e+05, 0.000e+00, 1.433e-04, 0.000e+00, 2.143e+00, 9.983e+02, 6.150e-08
2.765e+00, 5.000e-01, -9.550e-01, 1.179e+05, 0.000e+00, 1.374e-04, 0.000e+00, 2.141e+00, 9.983e+02, 5.896e-08
2.765e+00, 5.000e-01, -9.450e-01, 1.178e+05, 0.000e+00, 1.314e-04, 0.000e+00, 2.140e+00, 9.983e+02, 5.639e-08
2.765e+00, 5.000e-01, -9.350e-01, 1.177e+05, 0.000e+00, 1.252e-04, 0.000e+00, 2.138e+00, 9.983e+02, 5.373e-08
2.765e+00, 5.000e-01, -9.250e-01, 1.176e+05, 0.000e+00, 1.185e-04, 0.000e+00, 2.136e+00, 9.983e+02, 5.086e-08
2.765e+00, 5.000e-01, -9.150e-01, 1.175e+05, 0.000e+00, 1.111e-04, 0.000e+00, 2.134e+00, 9.983e+02, 4.770e-08
2.765e+00, 5.000e-01, -9.050e-01, 1.174e+05, 0.000e+00, 1.028e-04, 0.000e+00, 2.132e+00, 9.983e+02, 4.413e-08
2.765e+00, 5.000e-01, -8.950e-01, 1.173e+05, 0.000e+00, 9.325e-05, 0.000e+00, 2.131e+00, 9.983e+02, 4.003e-08
2.765e+00, 5.000e-01, -8.850e-01, 1.172e+05, 0.000e+00, 8.224e-05, 0.000e+00, 2.129e+00, 9.983e+02, 3.530e-08
2.765e+00, 5.000e-01, -8.750e-01, 1.171e+05, 0.000e+00, 6.969e-05, 0.000e+00, 2.127e+00, 9.983e+02, 2.991e-08
2.765e+00, 5.000e-01, -8.650e-01, 1.170e+05, 0.000e+00, 5.578e-05, 0.000e+00, 2.125e+00, 9.983e+02, 2.394e-08
2.765e+00, 5.000e-01, -8.550e-01, 1.169e+05, 0.000e+00, 4.114e-05, 0.000e+00, 2.124e+00, 9.983e+02, 1.766e-08
2.765e+00, 5.000e-01, -8.450e-01, 1.168e+05, 0.000e+00, 2.694e-05, 0.000e+00, 2.122e+00, 9.983e+02, 1.156e-08
2.765e+00, 5.000e-01, -8.350e-01, 1.167e+05, 0.000e+00, 1.477e-05, 0.000e+00, 2.120e+00, 9.983e+02, 6.340e-09
2.765e+00, 5.000e-01, -8.250e-01, 1.166e+05, 0.000e+00, 6.138e-06, 0.000e+00, 2.118e+00, 9.983e+02, 2.635e-09
2.765e+00, 5.000e-01, -8.150e-01, 1.180e+05, 0.000e+00, 1.676e-06, 0.000e+00, 2.144e+00, 9.983e+02, 7.302e-10
2.765e+00, 5.000e-01, -8.050e-01, 1.179e+05, 0.000e+00, 3.965e-07, 0.000e+00, 2.142e+00, 9.983e+02, 1.742e-10
2.765e+00, 5.000e-01, -7.950e-01, 1.178e+05, 0.000e+00, 8.904e-08, 0.000e+00, 2.140e+00, 9.983e+02, 3.911e-11
2.765e+00, 5.000e-01, -7.850e-01, 1.177e+05, 0.000e+00, 2.135e-08, 0.000e+00, 2.138e+00, 9.983e+02, 9.378e-12
2.765e+00, 5.000e-01, -7.750e-01, 1.176e+05, 0.000e+00, 7.598e-09, 0.000e+00, 2.136e+00, 9.983e+02, 3.337e-12
2.765e+00, 5.000e-01, -7.650e-01, 1.175e+05, 0.000e+00, 4.709e-09, 0.000e+00, 2.135e+00, 9.983e+02, 2.068e-12
2.765e+00, 5.000e-01, -7.550e-01, 1.174e+05, 0.000e+00, 3.659e-09, 0.000e+00, 2.133e+00, 9.983e+02, 1.607e-12
2.765e+00, 5.000e-01, -7.450e-01, 1.173e+05, 0.000e+00, 2.822e-09, 0.000e+00, 2.131e+00, 9.983e+02, 1.240e-12
2.765e+00, 5.000e-01, -7.350e-01, 1.172e+05, 0.000e+00, 2.042e-09, 0.000e+00, 2.129e+00, 9.983e+02, 8.969e-13
2.765e+00, 5.000e-01, -7.250e-01, 1.171e+05, 0.000e+00, 1.416e-09, 0.000e+00, 2.127e+00, 9.983e+02, 6.221e-13
2.765e+00, 5.000e-01, -7.150e-01, 1.170e+05, 0.000e+00, 1.388e-09, 0.000e+00, 2.126e+00, 9.983e+02, 6.099e-13
2.765e+00, 5.000e-01, -7.050e-01, 1.169e+05, 0.000e+00, 6.453e-09, 0.000e+00, 2.124e+00, 9.983e+02, 2.834e-12
2.765e+00, 5.000e-01, -6.950e-01, 1.168e+05, 0.000e+00, 6.697e-08, 0.000e+00, 2.122e+00, 9.983e+02, 2.942e-11
2.765e+00, 5.000e-01, -6.850e-01, 1.167e+05, 0.000e+00, 7.308e-07, 0.000e+00, 2.120e+00, 9.983e+02, 3.210e-10
2.765e+00, 5.000e-01, -6.750e-01, 1.151e+05, 0.000e+00, 7.404e-06, 0.000e+00, 2.092e+00, 9.983e+02, 3.309e-09
2.765e+00, 5.000e-01, -6.650e-01, 1.150e+05, 0.000e+00, 4.735e-05, 0.000e+00, 2.090e+00, 9.983e+02, 2.127e-08
2.765e+00, 5.000e-01, -6.550e-01, 1.149e+05, 0.000e+00, 5.726e-05, 0.000e+00, 2.088e+00, 9.983e+02, 2.572e-08
2.765e+00, 5.000e-01, -6.450e-01, 1.148e+05, 0.000e+00, 5.413e-05, 0.000e+00, 2.086e+00, 9.983e+02, 2.432e-08
2.765e+00, 5.000e-01, -6.350e-01, 1.147e+05, 0.000e+00, 4.494e-05, 0.000e+00, 2.084e+00, 9.983e+02, 2.019e-08
2.765e+00, 5.000e-01, -6.250e-01, 1.146e+05, 0.000e+00, 3.422e-05, 0.000e+00, 2.083e+00, 9.983e+02, 1.537e-08
2.765e+00, 5.000e-01, -6.150e-01, 1.145e+05, 0.000e+00, 2.444e-05, 0.000e+00, 2.081e+00, 9.983e+02, 1.098e-08
2.765e+00, 5.000e-01, -6.050e-01, 1.144e+05, 0.000e+00, 1.663e-05, 0.000e+00, 2.079e+00, 9.983e+02, 7.471e-09
2.765e+00, 5.000e-01, -5.950e-01, 1.144e+05, 0.000e+00, 1.090e-05, 0.000e+00, 2.077e+00, 9.983e+02, 4.896e-09
2.765e+00, 5.000e-01, -5.850e-01, 1.143e+05, 0.000e+00, 6.939e-06, 0.000e+00, 2.075e+00, 9.983e+02, 3.117e-09
2.765e+00, 5.000e-01, -5.750e-01, 1.142e+05, 0.000e+00, 4.321e-06, 0.000e+00, 2.074e+00, 9.983e+02, 1.941e-09
2.765e+00, 5.000e-01, -5.650e-01, 1.140e+05, 0.000e+00, 2.596e-06, 0.000e+00, 2.072e+00, 9.983e+02, 1.129e-09
2.765e+00, 5.000e-01, -5.550e-01, 1.139e+05, 0.000e+00, 1.506e-06, 0.000e+00, 2.070e+00, 9.983e+02, 6.464e-10
2.765e+00, 5.000e-01, -5.450e-01, 1.138e+05, 0.000e+00, 8.550e-07, 0.000e+00, 2.068e+00, 9.983e+02, 3.670e-10
2.765e+00, 5.000e-01, -5.350e-01, 1.137e+05, 0.000e+00, 4.879e-07, 0.000e+00, 2.066e+00, 9.983e+02, 2.095e-10
2.765e+00, 5.000e-01, -5.250e-01, 1.137e+05, 0.000e+00, 2.728e-07, 0.000e+00, 2.065e+00, 9.983e+02, 1.221e-10
2.765e+00, 5.000e-01, -5.150e-01, 1.136e+05, 0.000e+00, 1.583e-07, 0.000e+00, 2.063e+00, 9.983e+02, 7.113e-11
2.765e+00, 5.000e-01, -5.050e-01, 1.135e+05, 0.000e+00, 8.867e-08, 0.000e+00, 2.061e+00, 9.983e+02, 3.918e-11
2.765e+00, 5.000e-01, -4.950e-01, 1.134e+05, 0.000e+00, 4.867e-08, 0.000e+00, 2.059e+00, 9.983e+02, 2.089e-11
2.765e+00, 5.000e-01, -4.850e-01, 1.133e+05, 0.000e+00, 2.712e-08, 0.000e+00, 2.057e+00, 9.983e+02, 1.164e-11
2.765e+00, 5.000e-01, -4.750e-01, 1.132e+05, 0.000e+00, 1.556e-08, 0.000e+00, 2.056e+00, 9.983e+02, 6.678e-12
2.765e+00, 5.000e-01, -4.650e-01, 1.131e+05, 0.000e+00, 9.364e-09, 0.000e+00, 2.054e+00, 9.983e+02, 4.020e-12
2.765e+00, 5.000e-01, -4.550e-01, 1.130e+05, 0.000e+00, 6.372e-09, 0.000e+00, 2.052e+00, 9.983e+02, 2.811e-12
2.765e+00, 5.000e-01, -4.450e-01, 1.129e+05, 0.000e+00, 4.737e-09, 0.000e+00, 2.050e+00, 9.983e+02, 2.128e-12
2.765e+00, 5.000e-01, -4.350e-01, 1.128e+05, 0.000e+00, 3.604e-09, 0.000e+00, 2.049e+00, 9.983e+02, 1.619e-12
2.765e+00, 5.000e-01, -4.250e-01, 1.127e+05, 0.000e+00, 2.706e-09, 0.000e+00, 2.047e+00, 9.983e+02, 1.216e-12
2.765e+00, 5.000e-01, -4.150e-01, 1.126e+05, 0.000e+00, 1.955e-09, 0.000e+00, 2.045e+00, 9.983e+02, 8.781e-13
2.765e+00, 5.000e-01, -4.050e-01, 1.125e+05, 0.000e+00, 1.338e-09, 0.000e+00, 2.043e+00, 9.983e+02, 6.011e-13
2.765e+00, 5.000e-01, -3.950e-01, 1.124e+05, 0.000e+00, 8.610e-10, 0.000e+00, 2.041e+00, 9.983e+02, 3.868e-13
2.765e+00, 5.000e-01, -3.850e-01, 1.123e+05, 0.000e+00, 5.184e-10, 0.000e+00, 2.040e+00, 9.983e+02, 2.329e-13
2.765e+00, 5.000e-01, -3.750e-01, 1.122e+05, 0.000e+00, 2.923e-10, 0.000e+00, 2.038e+00, 9.983e+02, 1.313e-13
2.765e+00, 5.000e-01, -3.650e-01, 1.121e+05, 0.000e+00, 1.572e-10, 0.000e+00, 2.036e+00, 9.983e+02, 7.060e-14
2.765e+00, 5.000e-01, -3.550e-01, 1.120e+05, 0.000e+00, 9.403e-11, 0.000e+00, 2.034e+00, 9.983e+02, 4.188e-14
2.765e+00, 5.000e-01, -3.450e-01, 1.120e+05, 0.000e+00, 9.261e-11, 0.000e+00, 2.034e+00, 9.983e+02, 4.068e-14
2.765e+00, 5.000e-01, -3.350e-01, 1.119e+05, 0.000e+00, 2.241e-10, 0.000e+00, 2.032e+00, 9.983e+02, 9.843e-14
2.765e+00, 5.000e-01, -3.250e-01, 1.118e+05, 0.000e+00, 8.730e-10, 0.000e+00, 2.030e+00, 9.983e+02, 3.834e-13
2.765e+00, 5.000e-01, -3.150e-01, 1.117e+05, 0.000e+00, 3.723e-09, 0.000e+00, 2.029e+00, 9.983e+02, 1.635e-12
2.765e+00, 5.000e-01, -3.050e-01, 1.116e+05, 0.000e+00, 1.549e-08, 0.000e+00, 2.027e+00, 9.983e+02, 6.802e-12
2.765e+00, 5.000e-01, -2.950e-01, 1.115e+05, 0.000e+00, 6.059e-08, 0.000e+00, 2.025e+00, 9.983e+02, 2.661e-11
2.765e+00, 5.000e-01, -2.850e-01, 1.114e+05, 0.000e+00, 2.193e-07, 0.000e+00, 2.023e+00, 9.983e+02, 9.631e-11
2.765e+00, 5.000e-01, -2.750e-01, 1.113e+05, 0.000e+00, 7.268e-07, 0.000e+00, 2.021e+00, 9.983e+02, 3.192e-10
2.765e+00, 5.000e-01, -2.650e-01, 1.112e+05, 0.000e+00, 2.193e-06, 0.000e+00, 2.020e+00, 9.983e+02, 9.628e-10
2.765e+00, 5.000e-01, -2.550e-01, 1.113e+05, 0.000e+00, 5.950e-06, 0.000e+00, 2.021e+00, 9.983e+02, 2.556e-09
2.765e+00, 5.000e-01, -2.450e-01, 1.112e+05, 0.000e+00, 1.317e-05, 0.000e+00, 2.020e+00, 9.983e+02, 5.654e-09
2.765e+00, 5.000e-01, -2.350e-01, 1.111e+05, 0.000e+00, 2.402e-05, 0.000e+00, 2.018e+00, 9.983e+02, 1.031e-08
2.765e+00, 5.000e-01, -2.250e-01, 1.110e+05, 0.000e+00, 3.702e-05, 0.000e+00, 2.016e+00, 9.983e+02, 1.589e-08
2.765e+00, 5.000e-01, -2.150e-01, 1.109e+05, 0.000e+00, 4.928e-05, 0.000e+00, 2.014e+00, 9.983e+02, 2.115e-08
2.765e+00, 5.000e-01, -2.050e-01, 1.108e+05, 0.000e+00, 5.875e-05, 0.000e+00, 2.012e+00, 9.983e+02, 2.522e-08
2.765e+00, 5.000e-01, -1.950e-01, 1.107e+05, 0.000e+00, 6.685e-05, 0.000e+00, 2.011e+00, 9.983e+02, 2.870e-08
2.765e+00, 5.000e-01, -1.850e-01, 1.106e+05, 0.000e+00, 7.986e-05, 0.000e+00, 2.009e+00, 9.983e+02, 3.467e-08
2.765e+00, 5.000e-01, -1.750e-01, 1.117e+05, 0.000e+00, 8.736e-05, 0.000e+00, 2.029e+00, 9.983e+02, 3.837e-08
2.765e+00, 5.000e-01, -1.650e-01, 1.116e+05, 0.000e+00, 8.313e-05, 0.000e+00, 2.027e+00, 9.983e+02, 3.652e-08
2.765e+00, 5.000e-01, -1.550e-01, 1.115e+05, 0.000e+00, 6.932e-05, 0.000e+00, 2.025e+00, 9.983e+02, 3.045e-08
2.765e+00, 5.000e-01, -1.450e-01, 1.114e+05, 0.000e+00, 5.090e-05, 0.000e+00, 2.024e+00, 9.983e+02, 2.236e-08
2.765e+00, 5.000e-01, -1.350e-01, 1.113e+05, 0.000e+00, 3.310e-05, 0.000e+00, 2.022e+00, 9.983e+02, 1.454e-08
2.765e+00, 5.000e-01, -1.250e-01, 1.112e+05, 0.000e+00, 1.918e-05, 0.000e+00, 2.020e+00, 9.983e+02, 8.425e-09
2.765e+00, 5.000e-01, -1.150e-01, 1.111e+05, 0.000e+00, 9.972e-06, 0.000e+00, 2.018e+00, 9.983e+02, 4.380e-09
2.765e+00, 5.000e-01, -1.050e-01, 1.110e+05, 0.000e+00, 4.686e-06, 0.000e+00, 2.017e+00, 9.983e+02, 2.058e-09
2.765e+00, 5.000e-01, -9.500e-02, 1.109e+05, 0.000e+00, 2.005e-06, 0.000e+00, 2.015e+00, 9.983e+02, 8.806e-10
2.765e+00, 5.000e-01, -8.500e-02, 1.108e+05, 0.000e+00, 7.870e-07, 0.000e+00, 2.013e+00, 9.983e+02, 3.457e-10
2.765e+00, 5.000e-01, -7.500e-02, 1.107e+05, 0.000e+00, 2.855e-07, 0.000e+00, 2.011e+00, 9.983e+02, 1.254e-10
2.765e+00, 5.000e-01, -6.500e-02, 1.106e+05, 0.000e+00, 9.643e-08, 0.000e+00, 2.009e+00, 9.983e+02, 4.235e-11
2.765e+00, 5.000e-01, -5.500e-02, 1.105e+05, 0.000e+00, 3.053e-08, 0.000e+00, 2.008e+00, 9.983e+02, 1.341e-11
2.765e+00, 5.000e-01, -4.500e-02, 1.104e+05, 0.000e+00, 9.124e-09, 0.000e+00, 2.006e+00, 9.983e+02, 4.008e-12
2.765e+00, 5.000e-01, -3.500e-02, 1.103e+05, 0.000e+00, 2.591e-09, 0.000e+00, 2.004e+00, 9.983e+02, 1.138e-12
2.765e+00, 5.000e-01, -2.500e-02, 1.102e+05, 0.000e+00, 7.036e-10, 0.000e+00, 2.002e+00, 9.983e+02, 3.090e-13
2.765e+00, 5.000e-01, -1.500e-02, 1.101e+05, 0.000e+00, 1.854e-10, 0.000e+00, 2.000e+00, 9.983e+02, 8.144e-14
2.765e+00, 5.000e-01, -5.000e-03, 1.100e+05, 0.000e+00, 5.537e-11, 0.000e+00, 1.999e+00, 9.983e+02, 2.432e-14
2.775e+00, 5.000e-01, -1.195e+00, 1.202e+05, 0.000e+00, 2.916e-04, 0.000e+00, 2.184e+00, 9.983e+02, 1.252e-07
2.775e+00, 5.000e-01, -1.185e+00, 1.201e+05, 0.000e+00, 2.986e-04, 0.000e+00, 2.183e+00, 9.983e+02, 1.282e-07
2.775e+00, 5.000e-01, -1.175e+00, 1.200e+05, 0.000e+00, 3.037e-04, 0.000e+00, 2.181e+00, 9.983e+02, 1.304e-07
2.775e+00, 5.000e-01, -1.165e+00, 1.199e+05, 0.000e+00, 3.049e-04, 0.000e+00, 2.179e+00, 9.983e+02, 1.309e-07
2.775e+00, 5.000e-01, -1.155e+00, 1.198e+05, 0.000e+00, 3.024e-04, 0.000e+00, 2.177e+00, 9.983e+02, 1.298e-07
2.775e+00, 5.000e-01, -1.145e+00, 1.197e+05, 0.000e+00, 2.971e-04, 0.000e+00, 2.175e+00, 9.983e+02, 1.276e-07
2.775e+00, 5.000e-01, -1.135e+00, 1.196e+05, 0.000e+00, 2.896e-04, 0.000e+00, 2.174e+00, 9.983e+02, 1.243e-07
2.775e+00, 5.000e-01, -1.125e+00, 1.195e+05, 0.000e+00, 2.804e-04, 0.000e+00, 2.172e+00, 9.983e+02, 1.204e-07
2.775e+00, 5.000e-01, -1.115e+00, 1.194e+05, 0.000e+00, 2.701e-04, 0.000e+00, 2.170e+00, 9.983e+02, 1.159e-07
2.775e+00, 5.000e-01, -1.105e+00, 1.193e+05, 0.000e+00, 2.589e-04, 0.000e+00, 2.168e+00, 9.983e+02, 1.112e-07
2.775e+00, 5.000e-01, -1.095e+00, 1.192e+05, 0.000e+00, 2.473e-04, 0.000e+00, 2.167e+00, 9.983e+02, 1.062e-07
2.775e+00, 5.000e-01, -1.085e+00, 1.191e+05, 0.000e+00, 2.354e-04, 0.000e+00, 2.165e+00, 9.983e+02, 1.011e-07
2.775e+00, 5.000e-01, -1.075e+00, 1.190e+05, 0.000e+00, 2.234e-04, 0.000e+00, 2.163e+00, 9.983e+02, 9.590e-08
2.775e+00, 5.000e-01, -1.065e+00, 1.189e+05, 0.000e+00, 2.121e-04, 0.000e+00, 2.161e+00, 9.983e+02, 9.104e-08
2.775e+00, 5.000e-01, -1.055e+00, 1.188e+05, 0.000e+00, 2.018e-04, 0.000e+00, 2.159e+00, 9.983e+02, 8.663e-08
2.775e+00, 5.000e-01, -1.045e+00, 1.187e+05, 0.000e+00, 1.925e-04, 0.000e+00, 2.158e+00, 9.983e+02, 8.264e-08
2.775e+00, 5.000e-01, -1.035e+00, 1.186e+05, 0.000e+00, 1.841e-04, 0.000e+00, 2.156e+00, 9.983e+02, 7.903e-08
2.775e+00, 5.000e-01, -1.025e+00, 1.185e+05, 0.000e+00, 1.765e-04, 0.000e+00, 2.154e+00, 9.983e+02, 7.576e-08
2.775e+00, 5.000e-01, -1.015e+00, 1.185e+05, 0.000e+00, 1.695e-04, 0.000e+00, 2.152e+00, 9.983e+02, 7.278e-08
2.775e+00, 5.000e-01, -1.005e+00, 1.184e+05, 0.000e+00, 1.631e-04, 0.000e+00, 2.150e+00, 9.983e+02, 7.002e-08
2.775e+00, 5.000e-01, -9.950e-01, 1.183e+05, 0.000e+00, 1.571e-04, 0.000e+00, 2.149e+00, 9.983e+02, 6.744e-08
2.775e+00, 5.000e-01, -9.850e-01, 1.182e+05, 0.000e+00, 1.514e-04, 0.000e+00, 2.147e+00, 9.983e+02, 6.498e-08
2.775e+00, 5.000e-01, -9.750e-01, 1.181e+05, 0.000e+00, 1.458e-04, 0.000e+00, 2.145e+00, 9.983e+02, 6.260e-08
2.775e+00, 5.000e-01, -9.650e-01, 1.180e+05, 0.000e+00, 1.403e-04, 0.000e+00, 2.143e+00, 9.983e+02, 6.024e-08
2.775e+00, 5.000e-01, -9.550e-01, 1.179e+05, 0.000e+00, 1.348e-04, 0.000e+00, 2.141e+00, 9.983e+02, 5.786e-08
2.775e+00, 5.000e-01, -9.450e-01, 1.178e+05, 0.000e+00, 1.291e-04, 0.000e+00, 2.140e+00, 9.983e+02, 5.541e-08
2.775e+00, 5.000e-01, -9.350e-01, 1.177e+05, 0.000e+00, 1.231e-04, 0.000e+00, 2.138e+00, 9.983e+02, 5.283e-08
2.775e+00, 5.000e-01, -9.250e-01, 1.176e+05, 0.000e+00, 1.166e-04, 0.000e+00, 2.136e+00, 9.983e+02, 5.004e-08
2.775e+00, 5.000e-01, -9.150e-01, 1.175e+05, 0.000e+00, 1.094e-04, 0.000e+00, 2.134e+00, 9.983e+02, 4.696e-08
2.775e+00, 5.000e-01, -9.050e-01, 1.174e+05, 0.000e+00, 1.013e-04, 0.000e+00, 2.132e+00, 9.983e+02, 4.347e-08
2.775e+00, 5.000e-01, -8.950e-01, 1.173e+05, 0.000e+00, 9.192e-05, 0.000e+00, 2.131e+00, 9.983e+02, 3.946e-08
2.775e+00, 5.000e-01, -8.850e-01, 1.172e+05, 0.000e+00, 8.114e-05, 0.000e+00, 2.129e+00, 9.983e+02, 3.483e-08
2.775e+00, 5.000e-01, -8.750e-01, 1.171e+05, 0.000e+00, 6.881e-05, 0.000e+00, 2.127e+00, 9.983e+02, 2.954e-08
2.775e+00, 5.000e-01, -8.650e-01, 1.170e+05, 0.000e+00, 5.507e-05, 0.000e+00, 2.125e+00, 9.983e+02, 2.364e-08
2.775e+00, 5.000e-01, -8.550e-01, 1.169e+05, 0.000e+00, 4.054e-05, 0.000e+00, 2.124e+00, 9.983e+02, 1.740e-08
2.775e+00, 5.000e-01, -8.450e-01, 1.168e+05, 0.000e+00, 2.642e-05, 0.000e+00, 2.122e+00, 9.983e+02, 1.134e-08
2.775e+00, 5.000e-01, -8.350e-01, 1.167e+05, 0.000e+00, 1.434e-05, 0.000e+00, 2.120e+00, 9.983e+02, 6.156e-09
2.775e+00, 5.000e-01, -8.250e-01, 1.166e+05, 0.000e+00, 5.839e-06, 0.000e+00, 2.118e+00, 9.983e+02, 2.506e-09
2.775e+00, 5.000e-01, -8.150e-01, 1.180e+05, 0.000e+00, 1.498e-06, 0.000e+00, 2.144e+00, 9.983e+02, 6.543e-10
2.775e+00, 5.000e-01, -8.050e-01, 1.179e+05, 0.000e+00, 3.456e-07, 0.000e+00, 2.142e+00, 9.983e+02, 1.518e-10
2.775e+00, 5.000e-01, -7.950e-01, 1.178e+05, 0.000e+00, 7.402e-08, 0.000e+00, 2.140e+00, 9.983e+02, 3.251e-11
2.775e+00, 5.000e-01, -7.850e-01, 1.177e+05, 0.000e+00, 1.554e-08, 0.000e+00, 2.138e+00, 9.983e+02, 6.825e-12
2.775e+00, 5.000e-01, -7.750e-01, 1.176e+05, 0.000e+00, 3.921e-09, 0.000e+00, 2.136e+00, 9.983e+02, 1.722e-12
2.775e+00, 5.000e-01, -7.650e-01, 1.175e+05, 0.000e+00, 1.675e-09, 0.000e+00, 2.135e+00, 9.983e+02, 7.358e-13
2.775e+00, 5.000e-01, -7.550e-01, 1.174e+05, 0.000e+00, 1.119e-09, 0.000e+00, 2.133e+00, 9.983e+02, 4.915e-13
2.775e+00, 5.000e-01, -7.450e-01, 1.173e+05, 0.000e+00, 8.297e-10, 0.000e+00, 2.131e+00, 9.983e+02, 3.644e-13
2.775e+00, 5.000e-01, -7.350e-01, 1.172e+05, 0.000e+00, 5.933e-10, 0.000e+00, 2.129e+00, 9.983e+02, 2.606e-13
2.775e+00, 5.000e-01, -7.250e-01, 1.171e+05, 0.000e+00, 4.090e-10, 0.000e+00, 2.127e+00, 9.983e+02, 1.796e-13
2.775e+00, 5.000e-01, -7.150e-01, 1.170e+05, 0.000e+00, 4.081e-10, 0.000e+00, 2.126e+00, 9.983e+02, 1.792e-13
2.775e+00, 5.000e-01, -7.050e-01, 1.169e+05, 0.000e+00, 2.119e-09, 0.000e+00, 2.124e+00, 9.983e+02, 9.309e-13
2.775e+00, 5.000e-01, -6.950e-01, 1.168e+05, 0.000e+00, 2.457e-08, 0.000e+00, 2.122e+00, 9.983e+02, 1.079e-11
2.775e+00, 5.000e-01, -6.850e-01, 1.167e+05, 0.000e+00, 2.999e-07, 0.000e+00, 2.120e+00, 9.983e+02, 1.317e-10
2.775e+00, 5.000e-01, -6.750e-01, 1.151e+05, 0.000e+00, 3.443e-06, 0.000e+00, 2.092e+00, 9.983e+02, 1.541e-09
2.775e+00, 5.000e-01, -6.650e-01, 1.150e+05, 0.000e+00, 2.226e-05, 0.000e+00, 2.090e+00, 9.983e+02, 9.997e-09
2.775e+00, 5.000e-01, -6.550e-01, 1.149e+05, 0.000e+00, 2.606e-05, 0.000e+00, 2.088e+00, 9.983e+02, 1.171e-08
2.775e+00, 5.000e-01, -6.450e-01, 1.148e+05, 0.000e+00, 2.367e-05, 0.000e+00, 2.086e+00, 9.983e+02, 1.063e-08
2.775e+00, 5.000e-01, -6.350e-01, 1.147e+05, 0.000e+00, 1.879e-05, 0.000e+00, 2.084e+00, 9.983e+02, 8.442e-09
2.775e+00, 5.000e-01, -6.250e-01, 1.146e+05, 0.000e+00, 1.365e-05, 0.000e+00, 2.083e+00, 9.983e+02, 6.134e-09
2.775e+00, 5.000e-01, -6.150e-01, 1.145e+05, 0.000e+00, 9.305e-06, 0.000e+00, 2.081e+00, 9.983e+02, 4.180e-09
2.775e+00, 5.000e-01, -6.050e-01, 1.144e+05, 0.000e+00, 6.049e-06, 0.000e+00, 2.079e+00, 9.983e+02, 2.717e-09
2.775e+00, 5.000e-01, -5.950e-01, 1.144e+05, 0.000e+00, 3.798e-06, 0.000e+00, 2.077e+00, 9.983e+02, 1.706e-09
2.775e+00, 5.000e-01, -5.850e-01, 1.143e+05, 0.000e+00, 2.322e-06, 0.000e+00, 2.075e+00, 9.983e+02, 1.043e-09
2.775e+00, 5.000e-01, -5.750e-01, 1.142e+05, 0.000e+00, 1.388e-06, 0.000e+00, 2.074e+00, 9.983e+02, 6.235e-10
2.775e+00, 5.000e-01, -5.650e-01, 1.140e+05, 0.000e+00, 8.033e-07, 0.000e+00, 2.072e+00, 9.983e+02, 3.472e-10
2.775e+00, 5.000e-01, -5.550e-01, 1.139e+05, 0.000e+00, 4.498e-07, 0.000e+00, 2.070e+00, 9.983e+02, 1.931e-10
2.775e+00, 5.000e-01, -5.450e-01, 1.138e+05, 0.000e+00, 2.454e-07, 0.000e+00, 2.068e+00, 9.983e+02, 1.053e-10
2.775e+00, 5.000e-01, -5.350e-01, 1.137e+05, 0.000e+00, 1.355e-07, 0.000e+00, 2.066e+00, 9.983e+02, 5.876e-11
2.775e+00, 5.000e-01, -5.250e-01, 1.137e+05, 0.000e+00, 7.407e-08, 0.000e+00, 2.065e+00, 9.983e+02, 3.327e-11
2.775e+00, 5.000e-01, -5.150e-01, 1.136e+05, 0.000e+00, 4.191e-08, 0.000e+00, 2.063e+00, 9.983e+02, 1.883e-11
2.775e+00, 5.000e-01, -5.050e-01, 1.135e+05, 0.000e+00, 2.295e-08, 0.000e+00, 2.061e+00, 9.983e+02, 1.005e-11
2.775e+00, 5.000e-01, -4.950e-01, 1.134e+05, 0.000e+00, 1.240e-08, 0.000e+00, 2.059e+00, 9.983e+02, 5.325e-12
2.775e+00, 5.000e-01, -4.850e-01, 1.133e+05, 0.000e+00, 6.830e-09, 0.000e+00, 2.057e+00, 9.983e+02, 2.932e-12
2.775e+00, 5.000e-01, -4.750e-01, 1.132e+05, 0.000e+00, 3.901e-09, 0.000e+00, 2.056e+00, 9.983e+02, 1.674e-12
2.775e+00, 5.000e-01, -4.650e-01, 1.131e+05, 0.000e+00, 2.388e-09, 0.000e+00, 2.054e+00, 9.983e+02, 1.025e-12
2.775e+00, 5.000e-01, -4.550e-01, 1.130e+05, 0.000e+00, 1.633e-09, 0.000e+00, 2.052e+00, 9.983e+02, 7.285e-13
2.775e+00, 5.000e-01, -4.450e-01, 1.129e+05, 0.000e+00, 1.210e-09, 0.000e+00, 2.050e+00, 9.983e+02, 5.437e-13
2.775e+00, 5.000e-01, -4.350e-01, 1.128e+05, 0.000e+00, 9.149e-10, 0.000e+00, 2.049e+00, 9.983e+02, 4.110e-13
2.775e+00, 5.000e-01, -4.250e-01, 1.127e+05, 0.000e+00, 6.793e-10, 0.000e+00, 2.047e+00, 9.983e+02, 3.052e-13
2.775e+00, 5.000e-01, -4.150e-01, 1.126e+05, 0.000e+00, 4.839e-10, 0.000e+00, 2.045e+00, 9.983e+02, 2.174e-13
2.775e+00, 5.000e-01, -4.050e-01, 1.125e+05, 0.000e+00, 3.263e-10, 0.000e+00, 2.043e+00, 9.983e+02, 1.466e-13
2.775e+00, 5.000e-01, -3.950e-01, 1.124e+05, 0.000e+00, 2.067e-10, 0.000e+00, 2.041e+00, 9.983e+02, 9.283e-14
2.775e+00, 5.000e-01, -3.850e-01, 1.123e+05, 0.000e+00, 1.224e-10, 0.000e+00, 2.040e+00, 9.983e+02, 5.499e-14
2.775e+00, 5.000e-01, -3.750e-01, 1.122e+05, 0.000e+00, 6.795e-11, 0.000e+00, 2.038e+00, 9.983e+02, 3.052e-14
2.775e+00, 5.000e-01, -3.650e-01, 1.121e+05, 0.000e+00, 3.654e-11, 0.000e+00, 2.036e+00, 9.983e+02, 1.642e-14
2.775e+00, 5.000e-01, -3.550e-01, 1.121e+05, 0.000e+00, 2.491e-11, 0.000e+00, 2.036e+00, 9.983e+02, 1.103e-14
2.775e+00, 5.000e-01, -3.450e-01, 1.120e+05, 0.000e+00, 4.004e-11, 0.000e+00, 2.034e+00, 9.983e+02, 1.758e-14
2.775e+00, 5.000e-01, -3.350e-01, 1.119e+05, 0.000e+00, 1.448e-10, 0.000e+00, 2.032e+00, 9.983e+02, 6.359e-14
2.775e+00, 5.000e-01, -3.250e-01, 1.118e+05, 0.000e+00, 6.394e-10, 0.000e+00, 2.030e+00, 9.983e+02, 2.809e-13
2.775e+00, 5.000e-01, -3.150e-01, 1.117e+05, 0.000e+00, 2.806e-09, 0.000e+00, 2.029e+00, 9.983e+02, 1.233e-12
2.775e+00, 5.000e-01, -3.050e-01, 1.116e+05, 0.000e+00, 1.168e-08, 0.000e+00, 2.027e+00, 9.983e+02, 5.129e-12
2.775e+00, 5.000e-01, -2.950e-01, 1.115e+05, 0.000e+00, 4.527e-08, 0.000e+00, 2.025e+00, 9.983e+02, 1.989e-11
2.775e+00, 5.000e-01, -2.850e-01, 1.114e+05, 0.000e+00, 1.618e-07, 0.000e+00, 2.023e+00, 9.983e+02, 7.105e-11
2.775e+00, 5.000e-01, -2.750e-01, 1.113e+05, 0.000e+00, 5.277e-07, 0.000e+00, 2.021e+00, 9.983e+02, 2.318e-10
2.775e+00, 5.000e-01, -2.650e-01, 1.112e+05, 0.000e+00, 1.567e-06, 0.000e+00, 2.020e+00, 9.983e+02, 6.846e-10
2.775e+00, 5.000e-01, -2.550e-01, 1.113e+05, 0.000e+00, 4.101e-06, 0.000e+00, 2.021e+00, 9.983e+02, 1.761e-09
2.775e+00, 5.000e-01, -2.450e-01, 1.112e+05, 0.000e+00, 8.850e-06, 0.000e+00, 2.020e+00, 9.983e+02, 3.799e-09
2.775e+00, 5.000e-01, -2.350e-01, 1.111e+05, 0.000e+00, 1.607e-05, 0.000e+00, 2.018e+00, 9.983e+02, 6.899e-09
2.775e+00, 5.000e-01, -2.250e-01, 1.110e+05, 0.000e+00, 2.511e-05, 0.000e+00, 2.016e+00, 9.983e+02, 1.078e-08
2.775e+00, 5.000e-01, -2.150e-01, 1.109e+05, 0.000e+00, 3.454e-05, 0.000e+00, 2.014e+00, 9.983e+02, 1.482e-08
2.775e+00, 5.000e-01, -2.050e-01, 1.108e+05, 0.000e+00, 4.332e-05, 0.000e+00, 2.012e+00, 9.983e+02, 1.859e-08
2.775e+00, 5.000e-01, -1.950e-01, 1.107e+05, 0.000e+00, 5.213e-05, 0.000e+00, 2.011e+00, 9.983e+02, 2.238e-08
2.775e+00, 5.000e-01, -1.850e-01, 1.118e+05, 0.000e+00, 6.368e-05, 0.000e+00, 2.031e+00, 9.983e+02, 2.776e-08
2.775e+00, 5.000e-01, -1.750e-01, 1.117e+05, 0.000e+00, 6.931e-05, 0.000e+00, 2.029e+00, 9.983e+02, 3.044e-08
2.775e+00, 5.000e-01, -1.650e-01, 1.116e+05, 0.000e+00, 6.587e-05, 0.000e+00, 2.027e+00, 9.983e+02, 2.893e-08
2.775e+00, 5.000e-01, -1.550e-01, 1.115e+05, 0.000e+00, 5.500e-05, 0.000e+00, 2.025e+00, 9.983e+02, 2.416e-08
2.775e+00, 5.000e-01, -1.450e-01, 1.114e+05, 0.000e+00, 4.051e-05, 0.000e+00, 2.024e+00, 9.983e+02, 1.779e-08
2.775e+00, 5.000e-01, -1.350e-01, 1.113e+05, 0.000e+00, 2.644e-05, 0.000e+00, 2.022e+00, 9.983e+02, 1.161e-08
2.775e+00, 5.000e-01, -1.250e-01, 1.112e+05, 0.000e+00, 1.537e-05, 0.000e+00, 2.020e+00, 9.983e+02, 6.749e-09
2.775e+00, 5.000e-01, -1.150e-01, 1.111e+05, 0.000e+00, 8.004e-06, 0.000e+00, 2.018e+00, 9.983e+02, 3.516e-09
2.775e+00, 5.000e-01, -1.050e-01, 1.110e+05, 0.000e+00, 3.763e-06, 0.000e+00, 2.017e+00, 9.983e+02, 1.653e-09
2.775e+00, 5.000e-01, -9.500e-02, 1.109e+05, 0.000e+00, 1.608e-06, 0.000e+00, 2.015e+00, 9.983e+02, 7.063e-10
2.775e+00, 5.000e-01, -8.500e-02, 1.108e+05, 0.000e+00, 6.292e-07, 0.000e+00, 2.013e+00, 9.983e+02, 2.764e-10
2.775e+00, 5.000e-01, -7.500e-02, 1.107e+05, 0.000e+00, 2.270e-07, 0.000e+00, 2.011e+00, 9.983e+02, 9.972e-11
2.775e+00, 5.000e-01, -6.500e-02, 1.106e+05, 0.000e+00, 7.605e-08, 0.000e+00, 2.009e+00, 9.983e+02, 3.340e-11
2.775e+00, 5.000e-01, -5.500e-02, 1.105e+05, 0.000e+00, 2.381e-08, 0.000e+00, 2.008e+00, 9.983e+02, 1.046e-11
2.775e+00, 5.000e-01, -4.500e-02, 1.104e+05, 0.000e+00, 7.012e-09, 0.000e+00, 2.006e+00, 9.983e+02, 3.080e-12
2.775e+00, 5.000e-01, -3.500e-02, 1.103e+05, 0.000e+00, 1.955e-09, 0.000e+00, 2.004e+00, 9.983e+02, 8.586e-13
2.775e+00, 5.000e-01, -2.500e-02, 1.102e+05, 0.000e+00, 5.191e-10, 0.000e+00, 2.002e+00, 9.983e+02, 2.280e-13
2.775e+00, 5.000e-01, -1.500e-02, 1.101e+05, 0.000e+00, 1.331e-10, 0.000e+00, 2.000e+00, 9.983e+02, 5.847e-14
2.775e+00, 5.000e-01, -5.000e-03, 1.100e+05, 0.000e+00, 3.838e-11, 0.000e+00, 1.999e+00, 9.983e+02, 1.686e-14
2.785e+00, 5.000e-01, -1.195e+00, 1.202e+05, 0.000e+00, 2.762e-04, 0.000e+00, 2.184e+00, 9.983e+02, 1.186e-07
2.785e+00, 5.000e-01, -1.185e+00, 1.201e+05, 0.000e+00, 2.780e-04, 0.000e+00, 2.183e+00, 9.983e+02, 1.193e-07
2.785e+00, 5.000e-01, -1.175e+00, 1.200e+05, 0.000e+00, 2.782e-04, 0.000e+00, 2.181e+00, 9.983e+02, 1.194e-07
2.785e+00, 5.000e-01, -1.165e+00, 1.199e+05, 0.000e+00, 2.761e-04, 0.000e+00, 2.179e+00, 9.983e+02, 1.185e-07
2.785e+00, 5.000e-01, -1.155e+00, 1.198e+05, 0.000e+00, 2.720e-04, 0.000e+00, 2.177e+00, 9.983e+02, 1.168e-07
2.785e+00, 5.000e-01, -1.145e+00, 1.197e+05, 0.000e+00, 2.661e-04, 0.000e+00, 2.175e+00, 9.983e+02, 1.142e-07
2.785e+00, 5.000e-01, -1.135e+00, 1.196e+05, 0.000e+00, 2.589e-04, 0.000e+00, 2.174e+00, 9.983e+02, 1.111e-07
2.785e+00, 5.000e-01, -1.125e+00, 1.195e+05, 0.000e+00, 2.507e-04, 0.000e+00, 2.172e+00, 9.983e+02, 1.076e-07
2.785e+00, 5.000e-01, -1.115e+00, 1.194e+05, 0.000e+00, 2.418e-04, 0.000e+00, 2.170e+00, 9.983e+02, 1.038e-07
2.785e+00, 5.000e-01, -1.105e+00, 1.193e+05, 0.000e+00, 2.325e-04, 0.000e+00, 2.168e+00, 9.983e+02, 9.980e-08
2.785e+00, 5.000e-01, -1.095e+00, 1.192e+05, 0.000e+00, 2.228e-04, 0.000e+00, 2.167e+00, 9.983e+02, 9.565e-08
2.785e+00, 5.000e-01, -1.085e+00, 1.191e+05, 0.000e+00, 2.132e-04, 0.000e+00, 2.165e+00, 9.983e+02, 9.152e-08
2.785e+00, 5.000e-01, -1.075e+00, 1.190e+05, 0.000e+00, 2.042e-04, 0.000e+00, 2.163e+00, 9.983e+02, 8.765e-08
2.785e+00, 5.000e-01, -1.065e+00, 1.189e+05, 0.000e+00, 1.959e-04, 0.000e+00, 2.161e+00, 9.983e+02, 8.408e-08
2.785e+00, 5.000e-01, -1.055e+00, 1.188e+05, 0.000e+00, 1.882e-04, 0.000e+00, 2.159e+00, 9.983e+02, 8.079e-08
2.785e+00, 5.000e-01, -1.045e+00, 1.187e+05, 0.000e+00, 1.812e-04, 0.000e+00, 2.158e+00, 9.983e+02, 7.778e-08
2.785e+00, 5.000e-01, -1.035e+00, 1.186e+05, 0.000e+00, 1.748e-04, 0.000e+00, 2.156e+00, 9.983e+02, 7.502e-08
2.785e+00, 5.000e-01, -1.025e+00, 1.185e+05, 0.000e+00, 1.688e-04, 0.000e+00, 2.154e+00, 9.983e+02, 7.247e-08
2.785e+00, 5.000e-01, -1.015e+00, 1.185e+05, 0.000e+00, 1.633e-04, 0.000e+00, 2.152e+00, 9.983e+02, 7.010e-08
2.785e+00, 5.000e-01, -1.005e+00, 1.184e+05, 0.000e+00, 1.581e-04, 0.000e+00, 2.150e+00, 9.983e+02, 6.785e-08
2.785e+00, 5.000e-01, -9.950e-01, 1.183e+05, 0.000e+00, 1.530e-04, 0.000e+00, 2.149e+00, 9.983e+02, 6.568e-08
2.785e+00, 5.000e-01, -9.850e-01, 1.182e+05, 0.000e+00, 1.480e-04, 0.000e+00, 2.147e+00, 9.983e+02, 6.354e-08
2.785e+00, 5.000e-01, -9.750e-01, 1.181e+05, 0.000e+00, 1.430e-04, 0.000e+00, 2.145e+00, 9.983e+02, 6.140e-08
2.785e+00, 5.000e-01, -9.650e-01, 1.180e+05, 0.000e+00, 1.380e-04, 0.000e+00, 2.143e+00, 9.983e+02, 5.923e-08
2.785e+00, 5.000e-01, -9.550e-01, 1.179e+05, 0.000e+00, 1.327e-04, 0.000e+00, 2.141e+00, 9.983e+02, 5.698e-08
2.785e+00, 5.000e-01, -9.450e-01, 1.178e+05, 0.000e+00, 1.273e-04, 0.000e+00, 2.140e+00, 9.983e+02, 5.463e-08
2.785e+00, 5.000e-01, -9.350e-01, 1.177e+05, 0.000e+00, 1.214e-04, 0.000e+00, 2.138e+00, 9.983e+02, 5.211e-08
2.785e+00, 5.000e-01, -9.250e-01, 1.176e+05, 0.000e+00, 1.150e-04, 0.000e+00, 2.136e+00, 9.983e+02, 4.938e-08
2.785e+00, 5.000e-01, -9.150e-01, 1.175e+05, 0.000e+00, 1.080e-04, 0.000e+00, 2.134e+00, 9.983e+02, 4.636e-08
2.785e+00, 5.000e-01, -9.050e-01, 1.174e+05, 0.000e+00, 1.000e-04, 0.000e+00, 2.132e+00, 9.983e+02, 4.293e-08
2.785e+00, 5.000e-01, -8.950e-01, 1.173e+05, 0.000e+00, 9.087e-05, 0.000e+00, 2.131e+00, 9.983e+02, 3.901e-08
2.785e+00, 5.000e-01, -8.850e-01, 1.172e+05, 0.000e+00, 8.028e-05, 0.000e+00, 2.129e+00, 9.983e+02, 3.446e-08
2.785e+00, 5.000e-01, -8.750e-01, 1.171e+05, 0.000e+00, 6.813e-05, 0.000e+00, 2.127e+00, 9.983e+02, 2.924e-08
2.785e+00, 5.000e-01, -8.650e-01, 1.170e+05, 0.000e+00, 5.453e-05, 0.000e+00, 2.125e+00, 9.983e+02, 2.341e-08
2.785e+00, 5.000e-01, -8.550e-01, 1.169e+05, 0.000e+00, 4.011e-05, 0.000e+00, 2.124e+00, 9.983e+02, 1.722e-08
2.785e+00, 5.000e-01, -8.450e-01, 1.168e+05, 0.000e+00, 2.605e-05, 0.000e+00, 2.122e+00, 9.983e+02, 1.118e-08
2.785e+00, 5.000e-01, -8.350e-01, 1.167e+05, 0.000e+00, 1.404e-05, 0.000e+00, 2.120e+00, 9.983e+02, 6.027e-09
2.785e+00, 5.000e-01, -8.250e-01, 1.166e+05, 0.000e+00, 5.627e-06, 0.000e+00, 2.118e+00, 9.983e+02, 2.415e-09
2.785e+00, 5.000e-01, -8.150e-01, 1.180e+05, 0.000e+00, 1.364e-06, 0.000e+00, 2.144e+00, 9.983e+02, 5.972e-10
2.785e+00, 5.000e-01, -8.050e-01, 1.179e+05, 0.000e+00, 3.053e-07, 0.000e+00, 2.142e+00, 9.983e+02, 1.341e-10
2.785e+00, 5.000e-01, -7.950e-01, 1.178e+05, 0.000e+00, 6.324e-08, 0.000e+00, 2.140e+00, 9.983e+02, 2.778e-11
2.785e+00, 5.000e-01, -7.850e-01, 1.177e+05, 0.000e+00, 1.242e-08, 0.000e+00, 2.138e+00, 9.983e+02, 5.454e-12
2.785e+00, 5.000e-01, -7.750e-01, 1.176e+05, 0.000e+00, 2.536e-09, 0.000e+00, 2.136e+00, 9.983e+02, 1.114e-12
2.785e+00, 5.000e-01, -7.650e-01, 1.175e+05, 0.000e+00, 7.112e-10, 0.000e+00, 2.135e+00, 9.983e+02, 3.124e-13
2.785e+00, 5.000e-01, -7.550e-01, 1.174e+05, 0.000e+00, 3.503e-10, 0.000e+00, 2.133e+00, 9.983e+02, 1.539e-13
2.785e+00, 5.000e-01, -7.450e-01, 1.173e+05, 0.000e+00, 2.354e-10, 0.000e+00, 2.131e+00, 9.983e+02, 1.034e-13
2.785e+00, 5.000e-01, -7.350e-01, 1.172e+05, 0.000e+00, 1.639e-10, 0.000e+00, 2.129e+00, 9.983e+02, 7.200e-14
2.785e+00, 5.000e-01, -7.250e-01, 1.171e+05, 0.000e+00, 1.114e-10, 0.000e+00, 2.127e+00, 9.983e+02, 4.893e-14
2.785e+00, 5.000e-01, -7.150e-01, 1.170e+05, 0.000e+00, 1.071e-10, 0.000e+00, 2.126e+00, 9.983e+02, 4.705e-14
2.785e+00, 5.000e-01, -7.050e-01, 1.169e+05, 0.000e+00, 5.603e-10, 0.000e+00, 2.124e+00, 9.983e+02, 2.461e-13
2.785e+00, 5.000e-01, -6.950e-01, 1.168e+05, 0.000e+00, 6.955e-09, 0.000e+00, 2.122e+00, 9.983e+02, 3.055e-12
2.785e+00, 5.000e-01, -6.850e-01, 1.167e+05, 0.000e+00, 9.192e-08, 0.000e+00, 2.120e+00, 9.983e+02, 4.037e-11
2.785e+00, 5.000e-01, -6.750e-01, 1.151e+05, 0.000e+00, 1.159e-06, 0.000e+00, 2.092e+00, 9.983e+02, 5.198e-10
2.785e+00, 5.000e-01, -6.650e-01, 1.150e+05, 0.000e+00, 7.047e-06, 0.000e+00, 2.090e+00, 9.983e+02, 3.166e-09
2.785e+00, 5.000e-01, -6.550e-01, 1.149e+05, 0.000e+00, 8.227e-06, 0.000e+00, 2.088e+00, 9.983e+02, 3.696e-09
2.785e+00, 5.000e-01, -6.450e-01, 1.148e+05, 0.000e+00, 7.274e-06, 0.000e+00, 2.086e+00, 9.983e+02, 3.268e-09
2.785e+00, 5.000e-01, -6.350e-01, 1.147e+05, 0.000e+00, 5.580e-06, 0.000e+00, 2.084e+00, 9.983e+02, 2.507e-09
2.785e+00, 5.000e-01, -6.250e-01, 1.146e+05, 0.000e+00, 3.911e-06, 0.000e+00, 2.083e+00, 9.983e+02, 1.757e-09
2.785e+00, 5.000e-01, -6.150e-01, 1.145e+05, 0.000e+00, 2.576e-06, 0.000e+00, 2.081e+00, 9.983e+02, 1.157e-09
2.785e+00, 5.000e-01, -6.050e-01, 1.144e+05, 0.000e+00, 1.625e-06, 0.000e+00, 2.079e+00, 9.983e+02, 7.300e-10
2.785e+00, 5.000e-01, -5.950e-01, 1.144e+05, 0.000e+00, 9.944e-07, 0.000e+00, 2.077e+00, 9.983e+02, 4.467e-10
2.785e+00, 5.000e-01, -5.850e-01, 1.143e+05, 0.000e+00, 5.953e-07, 0.000e+00, 2.075e+00, 9.983e+02, 2.674e-10
2.785e+00, 5.000e-01, -5.750e-01, 1.142e+05, 0.000e+00, 3.469e-07, 0.000e+00, 2.074e+00, 9.983e+02, 1.558e-10
2.785e+00, 5.000e-01, -5.650e-01, 1.140e+05, 0.000e+00, 1.965e-07, 0.000e+00, 2.072e+00, 9.983e+02, 8.444e-11
2.785e+00, 5.000e-01, -5.550e-01, 1.139e+05, 0.000e+00, 1.085e-07, 0.000e+00, 2.070e+00, 9.983e+02, 4.657e-11
2.785e+00, 5.000e-01, -5.450e-01, 1.138e+05, 0.000e+00, 5.782e-08, 0.000e+00, 2.068e+00, 9.983e+02, 2.482e-11
2.785e+00, 5.000e-01, -5.350e-01, 1.138e+05, 0.000e+00, 3.066e-08, 0.000e+00, 2.067e+00, 9.983e+02, 1.348e-11
2.785e+00, 5.000e-01, -5.250e-01, 1.137e+05, 0.000e+00, 1.687e-08, 0.000e+00, 2.065e+00, 9.983e+02, 7.578e-12
2.785e+00, 5.000e-01, -5.150e-01, 1.136e+05, 0.000e+00, 9.363e-09, 0.000e+00, 2.063e+00, 9.983e+02, 4.206e-12
2.785e+00, 5.000e-01, -5.050e-01, 1.135e+05, 0.000e+00, 5.067e-09, 0.000e+00, 2.061e+00, 9.983e+02, 2.197e-12
2.785e+00, 5.000e-01, -4.950e-01, 1.134e+05, 0.000e+00, 2.740e-09, 0.000e+00, 2.059e+00, 9.983e+02, 1.176e-12
2.785e+00, 5.000e-01, -4.850e-01, 1.133e+05, 0.000e+00, 1.517e-09, 0.000e+00, 2.057e+00, 9.983e+02, 6.510e-13
2.785e+00, 5.000e-01, -4.750e-01, 1.132e+05, 0.000e+00, 8.772e-10, 0.000e+00, 2.056e+00, 9.983e+02, 3.765e-13
2.785e+00, 5.000e-01, -4.650e-01, 1.131e+05, 0.000e+00, 5.540e-10, 0.000e+00, 2.054e+00, 9.983e+02, 2.389e-13
2.785e+00, 5.000e-01, -4.550e-01, 1.130e+05, 0.000e+00, 3.824e-10, 0.000e+00, 2.052e+00, 9.983e+02, 1.718e-13
2.785e+00, 5.000e-01, -4.450e-01, 1.129e+05, 0.000e+00, 2.821e-10, 0.000e+00, 2.050e+00, 9.983e+02, 1.267e-13
2.785e+00, 5.000e-01, -4.350e-01, 1.128e+05, 0.000e+00, 2.117e-10, 0.000e+00, 2.049e+00, 9.983e+02, 9.511e-14
2.785e+00, 5.000e-01, -4.250e-01, 1.127e+05, 0.000e+00, 1.556e-10, 0.000e+00, 2.047e+00, 9.983e+02, 6.988e-14
2.785e+00, 5.000e-01, -4.150e-01, 1.126e+05, 0.000e+00, 1.095e-10, 0.000e+00, 2.045e+00, 9.983e+02, 4.920e-14
2.785e+00, 5.000e-01, -4.050e-01, 1.125e+05, 0.000e+00, 7.299e-11, 0.000e+00, 2.043e+00, 9.983e+02, 3.279e-14
2.785e+00, 5.000e-01, -3.950e-01, 1.124e+05, 0.000e+00, 4.570e-11, 0.000e+00, 2.041e+00, 9.983e+02, 2.053e-14
2.785e+00, 5.000e-01, -3.850e-01, 1.123e+05, 0.000e+00, 2.679e-11, 0.000e+00, 2.040e+00, 9.983e+02, 1.203e-14
2.785e+00, 5.000e-01, -3.750e-01, 1.122e+05, 0.000e+00, 1.478e-11, 0.000e+00, 2.038e+00, 9.983e+02, 6.640e-15
2.785e+00, 5.000e-01, -3.650e-01, 1.121e+05, 0.000e+00, 8.391e-12, 0.000e+00, 2.036e+00, 9.983e+02, 3.769e-15
2.785e+00, 5.000e-01, -3.550e-01, 1.121e+05, 0.000e+00, 8.165e-12, 0.000e+00, 2.036e+00, 9.983e+02, 3.594e-15
2.785e+00, 5.000e-01, -3.450e-01, 1.120e+05, 0.000e+00, 2.344e-11, 0.000e+00, 2.034e+00, 9.983e+02, 1.029e-14
2.785e+00, 5.000e-01, -3.350e-01, 1.119e+05, 0.000e+00, 1.036e-10, 0.000e+00, 2.032e+00, 9.983e+02, 4.550e-14
2.785e+00, 5.000e-01, -3.250e-01, 1.118e+05, 0.000e+00, 4.747e-10, 0.000e+00, 2.030e+00, 9.983e+02, 2.085e-13
2.785e+00, 5.000e-01, -3.150e-01, 1.117e+05, 0.000e+00, 2.087e-09, 0.000e+00, 2.029e+00, 9.983e+02, 9.165e-13
2.785e+00, 5.000e-01, -3.050e-01, 1.116e+05, 0.000e+00, 8.617e-09, 0.000e+00, 2.027e+00, 9.983e+02, 3.785e-12
2.785e+00, 5.000e-01, -2.950e-01, 1.115e+05, 0.000e+00, 3.304e-08, 0.000e+00, 2.025e+00, 9.983e+02, 1.451e-11
2.785e+00, 5.000e-01, -2.850e-01, 1.114e+05, 0.000e+00, 1.164e-07, 0.000e+00, 2.023e+00, 9.983e+02, 5.113e-11
2.785e+00, 5.000e-01, -2.750e-01, 1.113e+05, 0.000e+00, 3.724e-07, 0.000e+00, 2.021e+00, 9.983e+02, 1.636e-10
2.785e+00, 5.000e-01, -2.650e-01, 1.112e+05, 0.000e+00, 1.076e-06, 0.000e+00, 2.020e+00, 9.983e+02, 4.674e-10
2.785e+00, 5.000e-01, -2.550e-01, 1.113e+05, 0.000e+00, 2.697e-06, 0.000e+00, 2.021e+00, 9.983e+02, 1.158e-09
2.785e+00, 5.000e-01, -2.450e-01, 1.112e+05, 0.000e+00, 5.708e-06, 0.000e+00, 2.020e+00, 9.983e+02, 2.450e-09
2.785e+00, 5.000e-01, -2.350e-01, 1.111e+05, 0.000e+00, 1.044e-05, 0.000e+00, 2.018e+00, 9.983e+02, 4.479e-09
2.785e+00, 5.000e-01, -2.250e-01, 1.110e+05, 0.000e+00, 1.681e-05, 0.000e+00, 2.016e+00, 9.983e+02, 7.214e-09
2.785e+00, 5.000e-01, -2.150e-01, 1.109e+05, 0.000e+00, 2.437e-05, 0.000e+00, 2.014e+00, 9.983e+02, 1.046e-08
2.785e+00, 5.000e-01, -2.050e-01, 1.108e+05, 0.000e+00, 3.271e-05, 0.000e+00, 2.012e+00, 9.983e+02, 1.404e-08
2.785e+00, 5.000e-01, -1.950e-01, 1.107e+05, 0.000e+00, 4.195e-05, 0.000e+00, 2.011e+00, 9.983e+02, 1.801e-08
2.785e+00, 5.000e-01, -1.850e-01, 1.118e+05, 0.000e+00, 5.172e-05, 0.000e+00, 2.031e+00, 9.983e+02, 2.266e-08
2.785e+00, 5.000e-01, -1.750e-01, 1.117e+05, 0.000e+00, 5.582e-05, 0.000e+00, 2.029e+00, 9.983e+02, 2.452e-08
2.785e+00, 5.000e-01, -1.650e-01, 1.116e+05, 0.000e+00, 5.284e-05, 0.000e+00, 2.027e+00, 9.983e+02, 2.321e-08
2.785e+00, 5.000e-01, -1.550e-01, 1.115e+05, 0.000e+00, 4.411e-05, 0.000e+00, 2.025e+00, 9.983e+02, 1.937e-08
2.785e+00, 5.000e-01, -1.450e-01, 1.114e+05, 0.000e+00, 3.254e-05, 0.000e+00, 2.024e+00, 9.983e+02, 1.429e-08
2.785e+00, 5.000e-01, -1.350e-01, 1.113e+05, 0.000e+00, 2.128e-05, 0.000e+00, 2.022e+00, 9.983e+02, 9.349e-09
2.785e+00, 5.000e-01, -1.250e-01, 1.112e+05, 0.000e+00, 1.240e-05, 0.000e+00, 2.020e+00, 9.983e+02, 5.445e-09
2.785e+00, 5.000e-01, -1.150e-01, 1.111e+05, 0.000e+00, 6.466e-06, 0.000e+00, 2.018e+00, 9.983e+02, 2.840e-09
2.785e+00, 5.000e-01, -1.050e-01, 1.110e+05, 0.000e+00, 3.040e-06, 0.000e+00, 2.017e+00, 9.983e+02, 1.335e-09
2.785e+00, 5.000e-01, -9.500e-02, 1.109e+05, 0.000e+00, 1.298e-06, 0.000e+00, 2.015e+00, 9.983e+02, 5.701e-10
2.785e+00, 5.000e-01, -8.500e-02, 1.108e+05, 0.000e+00, 5.066e-07, 0.000e+00, 2.013e+00, 9.983e+02, 2.225e-10
2.785e+00, 5.000e-01, -7.500e-02, 1.107e+05, 0.000e+00, 1.821e-07, 0.000e+00, 2.011e+00, 9.983e+02, 7.997e-11
2.785e+00, 5.000e-01, -6.500e-02, 1.106e+05, 0.000e+00, 6.064e-08, 0.000e+00, 2.009e+00, 9.983e+02, 2.663e-11
2.785e+00, 5.000e-01, -5.500e-02, 1.105e+05, 0.000e+00, 1.884e-08, 0.000e+00, 2.008e+00, 9.983e+02, 8.274e-12
2.785e+00, 5.000e-01, -4.500e-02, 1.104e+05, 0.000e+00, 5.492e-09, 0.000e+00, 2.006e+00, 9.983e+02, 2.412e-12
2.785e+00, 5.000e-01, -3.500e-02, 1.103e+05, 0.000e+00, 1.511e-09, 0.000e+00, 2.004e+00, 9.983e+02, 6.639e-13
2.785e+00, 5.000e-01, -2.500e-02, 1.102e+05, 0.000e+00, 3.950e-10, 0.000e+00, 2.002e+00, 9.983e+02, 1.735e-13
2.785e+00, 5.000e-01, -1.500e-02, 1.101e+05, 0.000e+00, 9.930e-11, 0.000e+00, 2.000e+00, 9.983e+02, 4.362e-14
2.785e+00, 5.000e-01, -5.000e-03, 1.100e+05, 0.000e+00, 2.790e-11, 0.000e+00, 1.999e+00, 9.983e+02, 1.225e-14
2.795e+00, 5.000e-01, -1.195e+00, 0.000e+00, 0.000e+00, 0.000e+00, 0.000e+00, 0.000e+00, 0.000e+00, 0.000e+00
2.795e+00, 5.000e-01, -1.185e+00, 0.000e+00, 0.000e+00, 0.000e+00, 0.000e+00, 0.000e+00, 0.000e+00, 0.000e+00
2.795e+00, 5.000e-01, -1.175e+00, 0.000e+00, 0.000e+00, 0.000e+00, 0.000e+00, 0.000e+00, 0.000e+00, 0.000e+00
2.795e+00, 5.000e-01, -1.165e+00, 0.000e+00, 0.000e+00, 0.000e+00, 0.000e+00, 0.000e+00, 0.000e+00, 0.000e+00
2.795e+00, 5.000e-01, -1.155e+00, 0.000e+00, 0.000e+00, 0.000e+00, 0.000e+00, 0.000e+00, 0.000e+00, 0.000e+00
2.795e+00, 5.000e-01, -1.145e+00, 0.000e+00, 0.000e+00, 0.000e+00, 0.000e+00, 0.000e+00, 0.000e+00, 0.000e+00
2.795e+00, 5.000e-01, -1.135e+00, 0.000e+00, 0.000e+00, 0.000e+00, 0.000e+00, 0.000e+00, 0.000e+00, 0.000e+00
2.795e+00, 5.000e-01, -1.125e+00, 0.000e+00, 0.000e+00, 0.000e+00, 0.000e+00, 0.000e+00, 0.000e+00, 0.000e+00
2.795e+00, 5.000e-01, -1.115e+00, 0.000e+00, 0.000e+00, 0.000e+00, 0.000e+00, 0.000e+00, 0.000e+00, 0.000e+00
2.795e+00, 5.000e-01, -1.105e+00, 0.000e+00, 0.000e+00, 0.000e+00, 0.000e+00, 0.000e+00, 0.000e+00, 0.000e+00
2.795e+00, 5.000e-01, -1.095e+00, 0.000e+00, 0.000e+00, 0.000e+00, 0.000e+00, 0.000e+00, 0.000e+00, 0.000e+00
2.795e+00, 5.000e-01, -1.085e+00, 0.000e+00, 0.000e+00, 0.000e+00, 0.000e+00, 0.000e+00, 0.000e+00, 0.000e+00
2.795e+00, 5.000e-01, -1.075e+00, 0.000e+00, 0.000e+00, 0.000e+00, 0.000e+00, 0.000e+00, 0.000e+00, 0.000e+00
2.795e+00, 5.000e-01, -1.065e+00, 0.000e+00, 0.000e+00, 0.000e+00, 0.000e+00, 0.000e+00, 0.000e+00, 0.000e+00
2.795e+00, 5.000e-01, -1.055e+00, 0.000e+00, 0.000e+00, 0.000e+00, 0.000e+00, 0.000e+00, 0.000e+00, 0.000e+00
2.795e+00, 5.000e-01, -1.045e+00, 0.000e+00, 0.000e+00, 0.000e+00, 0.000e+00, 0.000e+00, 0.000e+00, 0.000e+00
2.795e+00, 5.000e-01, -1.035e+00, 0.000e+00, 0.000e+00, 0.000e+00, 0.000e+00, 0.000e+00, 0.000e+00, 0.000e+00
2.795e+00, 5.000e-01, -1.025e+00, 0.000e+00, 0.000e+00, 0.000e+00, 0.000e+00, 0.000e+00, 0.000e+00, 0.000e+00
2.795e+00, 5.000e-01, -1.015e+00, 0.000e+00, 0.000e+00, 0.000e+00, 0.000e+00, 0.000e+00, 0.000e+00, 0.000e+00
2.795e+00, 5.000e-01, -1.005e+00, 0.000e+00, 0.000e+00, 0.000e+00, 0.000e+00, 0.000e+00, 0.000e+00, 0.000e+00
2.795e+00, 5.000e-01, -9.950e-01, 0.000e+00, 0.000e+00, 0.000e+00, 0.000e+00, 0.000e+00, 0.000e+00, 0.000e+00
2.795e+00, 5.000e-01, -9.850e-01, 0.000e+00, 0.000e+00, 0.000e+00, 0.000e+00, 0.000e+00, 0.000e+00, 0.000e+00
2.795e+00, 5.000e-01, -9.750e-01, 0.000e+00, 0.000e+00, 0.000e+00, 0.000e+00, 0.000e+00, 0.000e+00, 0.000e+00
2.795e+00, 5.000e-01, -9.650e-01, 0.000e+00, 0.000e+00, 0.000e+00, 0.000e+00, 0.000e+00, 0.000e+00, 0.000e+00
2.795e+00, 5.000e-01, -9.550e-01, 0.000e+00, 0.000e+00, 0.000e+00, 0.000e+00, 0.000e+00, 0.000e+00, 0.000e+00
2.795e+00, 5.000e-01, -9.450e-01, 0.000e+00, 0.000e+00, 0.000e+00, 0.000e+00, 0.000e+00, 0.000e+00, 0.000e+00
2.795e+00, 5.000e-01, -9.350e-01, 0.000e+00, 0.000e+00, 0.000e+00, 0.000e+00, 0.000e+00, 0.000e+00, 0.000e+00
2.795e+00, 5.000e-01, -9.250e-01, 0.000e+00, 0.000e+00, 0.000e+00, 0.000e+00, 0.000e+00, 0.000e+00, 0.000e+00
2.795e+00, 5.000e-01, -9.150e-01, 0.000e+00, 0.000e+00, 0.000e+00, 0.000e+00, 0.000e+00, 0.000e+00, 0.000e+00
2.795e+00, 5.000e-01, -9.050e-01, 0.000e+00, 0.000e+00, 0.000e+00, 0.000e+00, 0.000e+00, 0.000e+00, 0.000e+00
2.795e+00, 5.000e-01, -8.950e-01, 0.000e+00, 0.000e+00, 0.000e+00, 0.000e+00, 0.000e+00, 0.000e+00, 0.000e+00
2.795e+00, 5.000e-01, -8.850e-01, 0.000e+00, 0.000e+00, 0.000e+00, 0.000e+00, 0.000e+00, 0.000e+00, 0.000e+00
2.795e+00, 5.000e-01, -8.750e-01, 0.000e+00, 0.000e+00, 0.000e+00, 0.000e+00, 0.000e+00, 0.000e+00, 0.000e+00
2.795e+00, 5.000e-01, -8.650e-01, 0.000e+00, 0.000e+00, 0.000e+00, 0.000e+00, 0.000e+00, 0.000e+00, 0.000e+00
2.795e+00, 5.000e-01, -8.550e-01, 0.000e+00, 0.000e+00, 0.000e+00, 0.000e+00, 0.000e+00, 0.000e+00, 0.000e+00
2.795e+00, 5.000e-01, -8.450e-01, 0.000e+00, 0.000e+00, 0.000e+00, 0.000e+00, 0.000e+00, 0.000e+00, 0.000e+00
2.795e+00, 5.000e-01, -8.350e-01, 0.000e+00, 0.000e+00, 0.000e+00, 0.000e+00, 0.000e+00, 0.000e+00, 0.000e+00
2.795e+00, 5.000e-01, -8.250e-01, 0.000e+00, 0.000e+00, 0.000e+00, 0.000e+00, 0.000e+00, 0.000e+00, 0.000e+00
2.795e+00, 5.000e-01, -8.150e-01, 0.000e+00, 0.000e+00, 0.000e+00, 0.000e+00, 0.000e+00, 0.000e+00, 0.000e+00
2.795e+00, 5.000e-01, -8.050e-01, 0.000e+00, 0.000e+00, 0.000e+00, 0.000e+00, 0.000e+00, 0.000e+00, 0.000e+00
2.795e+00, 5.000e-01, -7.950e-01, 0.000e+00, 0.000e+00, 0.000e+00, 0.000e+00, 0.000e+00, 0.000e+00, 0.000e+00
2.795e+00, 5.000e-01, -7.850e-01, 0.000e+00, 0.000e+00, 0.000e+00, 0.000e+00, 0.000e+00, 0.000e+00, 0.000e+00
2.795e+00, 5.000e-01, -7.750e-01, 0.000e+00, 0.000e+00, 0.000e+00, 0.000e+00, 0.000e+00, 0.000e+00, 0.000e+00
2.795e+00, 5.000e-01, -7.650e-01, 0.000e+00, 0.000e+00, 0.000e+00, 0.000e+00, 0.000e+00, 0.000e+00, 0.000e+00
2.795e+00, 5.000e-01, -7.550e-01, 0.000e+00, 0.000e+00, 0.000e+00, 0.000e+00, 0.000e+00, 0.000e+00, 0.000e+00
2.795e+00, 5.000e-01, -7.450e-01, 0.000e+00, 0.000e+00, 0.000e+00, 0.000e+00, 0.000e+00, 0.000e+00, 0.000e+00
2.795e+00, 5.000e-01, -7.350e-01, 0.000e+00, 0.000e+00, 0.000e+00, 0.000e+00, 0.000e+00, 0.000e+00, 0.000e+00
2.795e+00, 5.000e-01, -7.250e-01, 0.000e+00, 0.000e+00, 0.000e+00, 0.000e+00, 0.000e+00, 0.000e+00, 0.000e+00
2.795e+00, 5.000e-01, -7.150e-01, 0.000e+00, 0.000e+00, 0.000e+00, 0.000e+00, 0.000e+00, 0.000e+00, 0.000e+00
2.795e+00, 5.000e-01, -7.050e-01, 0.000e+00, 0.000e+00, 0.000e+00, 0.000e+00, 0.000e+00, 0.000e+00, 0.000e+00
2.795e+00, 5.000e-01, -6.950e-01, 0.000e+00, 0.000e+00, 0.000e+00, 0.000e+00, 0.000e+00, 0.000e+00, 0.000e+00
2.795e+00, 5.000e-01, -6.850e-01, 0.000e+00, 0.000e+00, 0.000e+00, 0.000e+00, 0.000e+00, 0.000e+00, 0.000e+00
2.795e+00, 5.000e-01, -6.750e-01, 0.000e+00, 0.000e+00, 0.000e+00, 0.000e+00, 0.000e+00, 0.000e+00, 0.000e+00
2.795e+00, 5.000e-01, -6.650e-01, 0.000e+00, 0.000e+00, 0.000e+00, 0.000e+00, 0.000e+00, 0.000e+00, 0.000e+00
2.795e+00, 5.000e-01, -6.550e-01, 0.000e+00, 0.000e+00, 0.000e+00, 0.000e+00, 0.000e+00, 0.000e+00, 0.000e+00
2.795e+00, 5.000e-01, -6.450e-01, 0.000e+00, 0.000e+00, 0.000e+00, 0.000e+00, 0.000e+00, 0.000e+00, 0.000e+00
2.795e+00, 5.000e-01, -6.350e-01, 0.000e+00, 0.000e+00, 0.000e+00, 0.000e+00, 0.000e+00, 0.000e+00, 0.000e+00
2.795e+00, 5.000e-01, -6.250e-01, 0.000e+00, 0.000e+00, 0.000e+00, 0.000e+00, 0.000e+00, 0.000e+00, 0.000e+00
2.795e+00, 5.000e-01, -6.150e-01, 0.000e+00, 0.000e+00, 0.000e+00, 0.000e+00, 0.000e+00, 0.000e+00, 0.000e+00
2.795e+00, 5.000e-01, -6.050e-01, 0.000e+00, 0.000e+00, 0.000e+00, 0.000e+00, 0.000e+00, 0.000e+00, 0.000e+00
2.795e+00, 5.000e-01, -5.950e-01, 0.000e+00, 0.000e+00, 0.000e+00, 0.000e+00, 0.000e+00, 0.000e+00, 0.000e+00
2.795e+00, 5.000e-01, -5.850e-01, 0.000e+00, 0.000e+00, 0.000e+00, 0.000e+00, 0.000e+00, 0.000e+00, 0.000e+00
2.795e+00, 5.000e-01, -5.750e-01, 0.000e+00, 0.000e+00, 0.000e+00, 0.000e+00, 0.000e+00, 0.000e+00, 0.000e+00
2.795e+00, 5.000e-01, -5.650e-01, 0.000e+00, 0.000e+00, 0.000e+00, 0.000e+00, 0.000e+00, 0.000e+00, 0.000e+00
2.795e+00, 5.000e-01, -5.550e-01, 0.000e+00, 0.000e+00, 0.000e+00, 0.000e+00, 0.000e+00, 0.000e+00, 0.000e+00
2.795e+00, 5.000e-01, -5.450e-01, 0.000e+00, 0.000e+00, 0.000e+00, 0.000e+00, 0.000e+00, 0.000e+00, 0.000e+00
2.795e+00, 5.000e-01, -5.350e-01, 0.000e+00, 0.000e+00, 0.000e+00, 0.000e+00, 0.000e+00, 0.000e+00, 0.000e+00
2.795e+00, 5.000e-01, -5.250e-01, 0.000e+00, 0.000e+00, 0.000e+00, 0.000e+00, 0.000e+00, 0.000e+00, 0.000e+00
2.795e+00, 5.000e-01, -5.150e-01, 0.000e+00, 0.000e+00, 0.000e+00, 0.000e+00, 0.000e+00, 0.000e+00, 0.000e+00
2.795e+00, 5.000e-01, -5.050e-01, 0.000e+00, 0.000e+00, 0.000e+00, 0.000e+00, 0.000e+00, 0.000e+00, 0.000e+00
2.795e+00, 5.000e-01, -4.950e-01, 0.000e+00, 0.000e+00, 0.000e+00, 0.000e+00, 0.000e+00, 0.000e+00, 0.000e+00
2.795e+00, 5.000e-01, -4.850e-01, 0.000e+00, 0.000e+00, 0.000e+00, 0.000e+00, 0.000e+00, 0.000e+00, 0.000e+00
2.795e+00, 5.000e-01, -4.750e-01, 0.000e+00, 0.000e+00, 0.000e+00, 0.000e+00, 0.000e+00, 0.000e+00, 0.000e+00
2.795e+00, 5.000e-01, -4.650e-01, 0.000e+00, 0.000e+00, 0.000e+00, 0.000e+00, 0.000e+00, 0.000e+00, 0.000e+00
2.795e+00, 5.000e-01, -4.550e-01, 0.000e+00, 0.000e+00, 0.000e+00, 0.000e+00, 0.000e+00, 0.000e+00, 0.000e+00
2.795e+00, 5.000e-01, -4.450e-01, 0.000e+00, 0.000e+00, 0.000e+00, 0.000e+00, 0.000e+00, 0.000e+00, 0.000e+00
2.795e+00, 5.000e-01, -4.350e-01, 0.000e+00, 0.000e+00, 0.000e+00, 0.000e+00, 0.000e+00, 0.000e+00, 0.000e+00
2.795e+00, 5.000e-01, -4.250e-01, 0.000e+00, 0.000e+00, 0.000e+00, 0.000e+00, 0.000e+00, 0.000e+00, 0.000e+00
2.795e+00, 5.000e-01, -4.150e-01, 0.000e+00, 0.000e+00, 0.000e+00, 0.000e+00, 0.000e+00, 0.000e+00, 0.000e+00
2.795e+00, 5.000e-01, -4.050e-01, 0.000e+00, 0.000e+00, 0.000e+00, 0.000e+00, 0.000e+00, 0.000e+00, 0.000e+00
2.795e+00, 5.000e-01, -3.950e-01, 0.000e+00, 0.000e+00, 0.000e+00, 0.000e+00, 0.000e+00, 0.000e+00, 0.000e+00
2.795e+00, 5.000e-01, -3.850e-01, 0.000e+00, 0.000e+00, 0.000e+00, 0.000e+00, 0.000e+00, 0.000e+00, 0.000e+00
2.795e+00, 5.000e-01, -3.750e-01, 0.000e+00, 0.000e+00, 0.000e+00, 0.000e+00, 0.000e+00, 0.000e+00, 0.000e+00
2.795e+00, 5.000e-01, -3.650e-01, 0.000e+00, 0.000e+00, 0.000e+00, 0.000e+00, 0.000e+00, 0.000e+00, 0.000e+00
2.795e+00, 5.000e-01, -3.550e-01, 0.000e+00, 0.000e+00, 0.000e+00, 0.000e+00, 0.000e+00, 0.000e+00, 0.000e+00
2.795e+00, 5.000e-01, -3.450e-01, 0.000e+00, 0.000e+00, 0.000e+00, 0.000e+00, 0.000e+00, 0.000e+00, 0.000e+00
2.795e+00, 5.000e-01, -3.350e-01, 0.000e+00, 0.000e+00, 0.000e+00, 0.000e+00, 0.000e+00, 0.000e+00, 0.000e+00
2.795e+00, 5.000e-01, -3.250e-01, 0.000e+00, 0.000e+00, 0.000e+00, 0.000e+00, 0.000e+00, 0.000e+00, 0.000e+00
2.795e+00, 5.000e-01, -3.150e-01, 0.000e+00, 0.000e+00, 0.000e+00, 0.000e+00, 0.000e+00, 0.000e+00, 0.000e+00
2.795e+00, 5.000e-01, -3.050e-01, 0.000e+00, 0.000e+00, 0.000e+00, 0.000e+00, 0.000e+00, 0.000e+00, 0.000e+00
2.795e+00, 5.000e-01, -2.950e-01, 0.000e+00, 0.000e+00, 0.000e+00, 0.000e+00, 0.000e+00, 0.000e+00, 0.000e+00
2.795e+00, 5.000e-01, -2.850e-01, 0.000e+00, 0.000e+00, 0.000e+00, 0.000e+00, 0.000e+00, 0.000e+00, 0.000e+00
2.795e+00, 5.000e-01, -2.750e-01, 0.000e+00, 0.000e+00, 0.000e+00, 0.000e+00, 0.000e+00, 0.000e+00, 0.000e+00
2.795e+00, 5.000e-01, -2.650e-01, 0.000e+00, 0.000e+00, 0.000e+00, 0.000e+00, 0.000e+00, 0.000e+00, 0.000e+00
2.795e+00, 5.000e-01, -2.550e-01, 0.000e+00, 0.000e+00, 0.000e+00, 0.000e+00, 0.000e+00, 0.000e+00, 0.000e+00
2.795e+00, 5.000e-01, -2.450e-01, 0.000e+00, 0.000e+00, 0.000e+00, 0.000e+00, 0.000e+00, 0.000e+00, 0.000e+00
2.795e+00, 5.000e-01, -2.350e-01, 0.000e+00, 0.000e+00, 0.000e+00, 0.000e+00, 0.000e+00, 0.000e+00, 0.000e+00
2.795e+00, 5.000e-01, -2.250e-01, 0.000e+00, 0.000e+00, 0.000e+00, 0.000e+00, 0.000e+00, 0.000e+00, 0.000e+00
2.795e+00, 5.000e-01, -2.150e-01, 0.000e+00, 0.000e+00, 0.000e+00, 0.000e+00, 0.000e+00, 0.000e+00, 0.000e+00
2.795e+00, 5.000e-01, -2.050e-01, 0.000e+00, 0.000e+00, 0.000e+00, 0.000e+00, 0.000e+00, 0.000e+00, 0.000e+00
2.795e+00, 5.000e-01, -1.950e-01, 0.000e+00, 0.000e+00, 0.000e+00, 0.000e+00, 0.000e+00, 0.000e+00, 0.000e+00
2.795e+00, 5.000e-01, -1.850e-01, 0.000e+00, 0.000e+00, 0.000e+00, 0.000e+00, 0.000e+00, 0.000e+00, 0.000e+00
2.795e+00, 5.000e-01, -1.750e-01, 0.000e+00, 0.000e+00, 0.000e+00, 0.000e+00, 0.000e+00, 0.000e+00, 0.000e+00
2.795e+00, 5.000e-01, -1.650e-01, 0.000e+00, 0.000e+00, 0.000e+00, 0.000e+00, 0.000e+00, 0.000e+00, 0.000e+00
2.795e+00, 5.000e-01, -1.550e-01, 0.000e+00, 0.000e+00, 0.000e+00, 0.000e+00, 0.000e+00, 0.000e+00, 0.000e+00
2.795e+00, 5.000e-01, -1.450e-01, 0.000e+00, 0.000e+00, 0.000e+00, 0.000e+00, 0.000e+00, 0.000e+00, 0.000e+00
2.795e+00, 5.000e-01, -1.350e-01, 0.000e+00, 0.000e+00, 0.000e+00, 0.000e+00, 0.000e+00, 0.000e+00, 0.000e+00
2.795e+00, 5.000e-01, -1.250e-01, 0.000e+00, 0.000e+00, 0.000e+00, 0.000e+00, 0.000e+00, 0.000e+00, 0.000e+00
2.795e+00, 5.000e-01, -1.150e-01, 0.000e+00, 0.000e+00, 0.000e+00, 0.000e+00, 0.000e+00, 0.000e+00, 0.000e+00
2.795e+00, 5.000e-01, -1.050e-01, 0.000e+00, 0.000e+00, 0.000e+00, 0.000e+00, 0.000e+00, 0.000e+00, 0.000e+00
2.795e+00, 5.000e-01, -9.500e-02, 0.000e+00, 0.000e+00, 0.000e+00, 0.000e+00, 0.000e+00, 0.000e+00, 0.000e+00
2.795e+00, 5.000e-01, -8.500e-02, 0.000e+00, 0.000e+00, 0.000e+00, 0.000e+00, 0.000e+00, 0.000e+00, 0.000e+00
2.795e+00, 5.000e-01, -7.500e-02, 0.000e+00, 0.000e+00, 0.000e+00, 0.000e+00, 0.000e+00, 0.000e+00, 0.000e+00
2.795e+00, 5.000e-01, -6.500e-02, 0.000e+00, 0.000e+00, 0.000e+00, 0.000e+00, 0.000e+00, 0.000e+00, 0.000e+00
2.795e+00, 5.000e-01, -5.500e-02, 0.000e+00, 0.000e+00, 0.000e+00, 0.000e+00, 0.000e+00, 0.000e+00, 0.000e+00
2.795e+00, 5.000e-01, -4.500e-02, 0.000e+00, 0.000e+00, 0.000e+00, 0.000e+00, 0.000e+00, 0.000e+00, 0.000e+00
2.795e+00, 5.000e-01, -3.500e-02, 0.000e+00, 0.000e+00, 0.000e+00, 0.000e+00, 0.000e+00, 0.000e+00, 0.000e+00
2.795e+00, 5.000e-01, -2.500e-02, 0.000e+00, 0.000e+00, 0.000e+00, 0.000e+00, 0.000e+00, 0.000e+00, 0.000e+00
2.795e+00, 5.000e-01, -1.500e-02, 0.000e+00, 0.000e+00, 0.000e+00, 0.000e+00, 0.000e+00, 0.000e+00, 0.000e+00
2.795e+00, 5.000e-01, -5.000e-03, 0.000e+00, 0.000e+00, 0.000e+00, 0.000e+00, 0.000e+00, 0.000e+00, 0.000e+00
